0 0
1 0
2 0
3 0
4 0
5 0
6 0
7 0
8 0
9 0
10 0
11 0
12 0
13 1
14 0
15 0
16 0
17 0
18 0
19 0
20 2
21 1
22 1
23 1
24 1
25 0
26 0
27 0
28 0
29 0
30 2
31 0
32 0
33 0
34 0
35 1
36 0
37 0
38 1
39 0
40 0
41 1
42 1
43 0
44 1
45 0
46 0
47 0
48 0
49 0
50 0
51 0
52 0
53 0
54 0
55 0
56 1
57 1
58 0
59 0
60 1
61 0
62 1
63 0
64 0
65 1
66 0
67 1
68 1
69 1
70 0
71 0
72 0
73 0
74 0
75 1
76 0
77 0
78 0
79 0
80 0
81 0
82 1
83 0
84 1
85 1
86 0
87 0
88 1
89 0
90 0
91 0
92 1
93 0
94 1
95 1
96 1
97 0
98 0
99 2
100 0
101 1
102 0
103 0
104 1
105 0
106 0
107 1
108 0
109 0
110 0
111 0
112 0
113 0
114 0
115 0
116 1
117 1
118 1
119 0
120 1
121 0
122 1
123 1
124 2
125 1
126 1
127 1
128 1
129 1
130 2
131 1
132 1
133 0
134 1
135 1
136 2
137 1
138 1
139 1
140 1
141 1
142 1
143 1
144 1
145 0
146 2
147 2
148 1
149 1
150 1
151 1
152 2
153 0
154 2
155 2
156 2
157 3
158 0
159 1
160 0
161 1
162 2
163 2
164 2
165 0
166 1
167 2
168 1
169 1
170 1
171 2
172 0
173 0
174 1
175 0
176 0
177 0
178 1
179 2
180 2
181 1
182 1
183 1
184 1
185 0
186 2
187 2
188 1
189 1
190 1
191 1
192 1
193 0
194 1
195 1
196 1
197 0
198 2
199 0
200 1
201 1
202 1
203 0
204 1
205 0
206 1
207 1
208 0
209 0
210 0
211 0
212 0
213 1
214 2
215 1
216 1
217 2
218 1
219 0
220 1
221 1
222 1
223 1
224 1
225 0
226 1
227 1
228 1
229 1
230 1
231 1
232 1
233 1
234 0
235 1
236 1
237 2
238 1
239 1
240 0
241 1
242 0
243 2
244 1
245 1
246 1
247 1
248 1
249 1
250 2
251 1
252 0
253 2
254 1
255 1
256 3
257 1
258 1
259 1
260 0
261 0
262 0
263 0
264 0
265 1
266 1
267 1
268 0
269 0
270 0
271 2
272 2
273 1
274 1
275 0
276 0
277 0
278 0
279 1
280 1
281 0
282 0
283 0
284 0
285 1
286 0
287 1
288 1
289 0
290 0
291 0
292 0
293 0
294 0
295 0
296 0
297 0
298 1
299 0
300 0
301 1
302 1
303 0
304 1
305 0
306 1
307 0
308 0
309 0
310 0
311 0
312 0
313 0
314 0
315 0
316 0
317 0
318 0
319 0
320 0
321 0
322 0
323 0
324 1
325 2
326 0
327 0
328 1
329 1
330 1
331 2
332 0
333 0
334 0
335 2
336 1
337 0
338 1
339 0
340 1
341 0
342 0
343 0
344 1
345 0
346 0
347 1
348 0
349 1
350 1
351 0
352 1
353 1
354 1
355 1
356 1
357 0
358 1
359 1
360 1
361 1
362 0
363 0
364 0
365 1
366 0
367 1
368 1
369 0
370 0
371 1
372 0
373 0
374 1
375 0
376 1
377 0
378 0
379 0
380 1
381 1
382 1
383 0
384 1
385 0
386 1
387 1
388 2
389 0
390 0
391 1
392 1
393 2
394 1
395 1
396 2
397 2
398 1
399 1
400 1
401 1
402 0
403 2
404 0
405 1
406 1
407 1
408 1
409 2
410 1
411 0
412 0
413 1
414 1
415 0
416 0
417 1
418 1
419 2
420 1
421 0
422 0
423 2
424 1
425 1
426 1
427 0
428 1
429 1
430 1
431 1
432 0
433 0
434 0
435 0
436 0
437 1
438 4
439 1
440 2
441 0
442 3
443 1
444 2
445 2
446 1
447 1
448 0
449 1
450 1
451 0
452 0
453 0
454 1
455 1
456 0
457 0
458 1
459 1
460 1
461 0
462 1
463 2
464 1
465 0
466 1
467 0
468 0
469 0
470 0
471 1
472 0
473 1
474 1
475 1
476 0
477 0
478 1
479 1
480 0
481 1
482 1
483 1
484 0
485 2
486 0
487 1
488 1
489 1
490 1
491 0
492 0
493 0
494 1
495 1
496 1
497 1
498 1
499 1
500 1
501 1
502 1
503 1
504 1
505 2
506 1
507 0
508 1
509 1
510 1
511 1
512 1
513 2
514 1
515 1
516 1
517 1
518 1
519 1
520 2
521 2
522 1
523 1
524 1
525 1
526 1
527 1
528 0
529 0
530 1
531 1
532 1
533 1
534 1
535 0
536 1
537 0
538 0
539 1
540 0
541 0
542 0
543 0
544 0
545 0
546 0
547 0
548 1
549 1
550 0
551 2
552 2
553 1
554 1
555 1
556 0
557 1
558 0
559 0
560 0
561 2
562 0
563 1
564 1
565 1
566 2
567 0
568 1
569 1
570 2
571 0
572 1
573 1
574 1
575 1
576 1
577 3
578 1
579 2
580 1
581 0
582 2
583 1
584 1
585 1
586 0
587 0
588 1
589 0
590 2
591 1
592 0
593 0
594 0
595 0
596 1
597 1
598 0
599 1
600 0
601 0
602 1
603 1
604 0
605 1
606 1
607 1
608 2
609 1
610 1
611 1
612 1
613 0
614 1
615 3
616 1
617 1
618 2
619 0
620 1
621 1
622 1
623 0
624 0
625 0
626 1
627 1
628 2
629 0
630 1
631 1
632 1
633 1
634 1
635 1
636 1
637 2
638 1
639 1
640 0
641 1
642 1
643 0
644 2
645 1
646 1
647 1
648 1
649 0
650 1
651 2
652 2
653 1
654 1
655 1
656 1
657 1
658 0
659 1
660 0
661 0
662 0
663 0
664 0
665 1
666 1
667 1
668 1
669 0
670 2
671 1
672 1
673 1
674 0
675 0
676 0
677 0
678 0
679 0
680 1
681 0
682 0
683 0
684 0
685 0
686 0
687 0
688 0
689 0
690 0
691 0
692 0
693 0
694 0
695 0
696 0
697 0
698 0
699 0
700 0
701 0
702 0
703 0
704 0
705 0
706 0
707 1
708 0
709 0
710 0
711 0
712 0
713 1
714 0
715 1
716 1
717 1
718 1
719 2
720 1
721 1
722 0
723 2
724 1
725 1
726 1
727 1
728 1
729 1
730 1
731 1
732 1
733 2
734 1
735 0
736 0
737 1
738 0
739 0
740 0
741 0
742 0
743 0
744 0
745 1
746 1
747 0
748 1
749 0
750 0
751 0
752 0
753 0
754 1
755 0
756 0
757 1
758 0
759 0
760 1
761 1
762 0
763 0
764 1
765 0
766 2
767 1
768 2
769 0
770 0
771 0
772 2
773 0
774 0
775 0
776 1
777 1
778 1
779 0
780 0
781 0
782 0
783 1
784 1
785 1
786 2
787 0
788 1
789 0
790 0
791 0
792 0
793 0
794 0
795 0
796 1
797 1
798 1
799 0
800 0
801 1
802 1
803 1
804 1
805 0
806 1
807 1
808 0
809 1
810 0
811 1
812 1
813 0
814 0
815 0
816 1
817 1
818 1
819 0
820 1
821 0
822 0
823 1
824 0
825 0
826 0
827 0
828 1
829 0
830 0
831 0
832 0
833 1
834 1
835 0
836 0
837 0
838 0
839 0
840 1
841 1
842 0
843 0
844 0
845 1
846 2
847 0
848 0
849 0
850 2
851 1
852 0
853 0
854 0
855 0
856 1
857 0
858 1
859 0
860 1
861 1
862 1
863 0
864 1
865 0
866 1
867 0
868 0
869 1
870 1
871 1
872 0
873 1
874 1
875 1
876 2
877 2
878 2
879 1
880 1
881 0
882 1
883 0
884 0
885 0
886 1
887 1
888 0
889 0
890 1
891 3
892 1
893 0
894 0
895 0
896 1
897 0
898 0
899 0
900 0
901 0
902 0
903 1
904 0
905 0
906 0
907 0
908 1
909 0
910 1
911 1
912 1
913 0
914 0
915 0
916 0
917 2
918 1
919 1
920 1
921 1
922 0
923 0
924 2
925 0
926 0
927 0
928 1
929 0
930 1
931 1
932 1
933 1
934 1
935 1
936 1
937 1
938 1
939 0
940 1
941 2
942 1
943 3
944 1
945 2
946 1
947 2
948 1
949 0
950 0
951 4
952 1
953 1
954 1
955 1
956 1
957 1
958 1
959 2
960 1
961 2
962 2
963 2
964 1
965 1
966 1
967 1
968 0
969 1
970 1
971 0
972 1
973 2
974 1
975 2
976 1
977 1
978 2
979 1
980 1
981 1
982 1
983 1
984 1
985 3
986 3
987 0
988 0
989 1
990 0
991 0
992 0
993 2
994 0
995 0
996 0
997 1
998 0
999 0
1000 0
1001 0
1002 0
1003 0
1004 1
1005 1
1006 1
1007 2
1008 1
1009 1
1010 1
1011 0
1012 1
1013 0
1014 0
1015 0
1016 1
1017 0
1018 0
1019 2
1020 0
1021 1
1022 0
1023 0
1024 0
1025 1
1026 0
1027 0
1028 1
1029 0
1030 2
1031 1
1032 1
1033 0
1034 0
1035 0
1036 3
1037 0
1038 1
1039 0
1040 1
1041 0
1042 0
1043 0
1044 1
1045 0
1046 0
1047 1
1048 0
1049 0
1050 0
1051 0
1052 0
1053 0
1054 0
1055 0
1056 0
1057 0
1058 0
1059 0
1060 2
1061 2
1062 2
1063 1
1064 2
1065 1
1066 1
1067 2
1068 0
1069 0
1070 0
1071 0
1072 2
1073 1
1074 0
1075 2
1076 1
1077 0
1078 0
1079 0
1080 2
1081 0
1082 1
1083 1
1084 1
1085 0
1086 0
1087 0
1088 1
1089 1
1090 2
1091 3
1092 0
1093 0
1094 2
1095 2
1096 1
1097 1
1098 1
1099 1
1100 0
1101 0
1102 0
1103 0
1104 0
1105 1
1106 0
1107 1
1108 2
1109 1
1110 1
1111 0
1112 1
1113 1
1114 0
1115 0
1116 3
1117 0
1118 2
1119 1
1120 2
1121 2
1122 1
1123 1
1124 0
1125 1
1126 1
1127 2
1128 1
1129 1
1130 1
1131 2
1132 2
1133 1
1134 1
1135 2
1136 1
1137 0
1138 0
1139 1
1140 1
1141 2
1142 0
1143 1
1144 2
1145 1
1146 1
1147 0
1148 1
1149 1
1150 1
1151 1
1152 0
1153 2
1154 2
1155 2
1156 3
1157 1
1158 1
1159 0
1160 1
1161 1
1162 2
1163 1
1164 2
1165 0
1166 0
1167 1
1168 0
1169 0
1170 0
1171 0
1172 0
1173 0
1174 0
1175 0
1176 0
1177 1
1178 0
1179 1
1180 2
1181 0
1182 0
1183 0
1184 0
1185 0
1186 0
1187 0
1188 1
1189 1
1190 0
1191 0
1192 0
1193 0
1194 1
1195 0
1196 0
1197 0
1198 0
1199 0
1200 0
1201 0
1202 0
1203 3
1204 0
1205 0
1206 1
1207 0
1208 1
1209 1
1210 1
1211 0
1212 1
1213 0
1214 0
1215 0
1216 0
1217 0
1218 2
1219 1
1220 0
1221 0
1222 1
1223 1
1224 1
1225 1
1226 2
1227 0
1228 3
1229 2
1230 1
1231 1
1232 1
1233 2
1234 1
1235 0
1236 1
1237 1
1238 1
1239 1
1240 1
1241 0
1242 2
1243 1
1244 1
1245 0
1246 0
1247 0
1248 0
1249 2
1250 0
1251 1
1252 1
1253 2
1254 1
1255 1
1256 1
1257 2
1258 2
1259 1
1260 1
1261 1
1262 2
1263 1
1264 1
1265 1
1266 0
1267 1
1268 1
1269 0
1270 1
1271 0
1272 1
1273 1
1274 0
1275 1
1276 1
1277 1
1278 2
1279 2
1280 1
1281 2
1282 1
1283 0
1284 1
1285 0
1286 1
1287 1
1288 0
1289 1
1290 1
1291 0
1292 4
1293 2
1294 4
1295 2
1296 0
1297 0
1298 1
1299 1
1300 1
1301 1
1302 1
1303 1
1304 1
1305 1
1306 1
1307 0
1308 1
1309 1
1310 2
1311 1
1312 1
1313 1
1314 0
1315 1
1316 2
1317 1
1318 1
1319 2
1320 0
1321 1
1322 0
1323 1
1324 1
1325 0
1326 1
1327 1
1328 1
1329 1
1330 1
1331 0
1332 1
1333 1
1334 1
1335 1
1336 1
1337 0
1338 1
1339 1
1340 3
1341 1
1342 1
1343 1
1344 0
1345 1
1346 1
1347 1
1348 1
1349 0
1350 1
1351 1
1352 1
1353 0
1354 1
1355 1
1356 1
1357 1
1358 1
1359 1
1360 0
1361 0
1362 2
1363 1
1364 1
1365 0
1366 2
1367 0
1368 0
1369 0
1370 1
1371 1
1372 1
1373 1
1374 1
1375 1
1376 0
1377 2
1378 1
1379 1
1380 1
1381 0
1382 2
1383 1
1384 1
1385 2
1386 1
1387 2
1388 2
1389 1
1390 0
1391 0
1392 0
1393 0
1394 1
1395 1
1396 0
1397 0
1398 1
1399 2
1400 1
1401 0
1402 1
1403 0
1404 0
1405 1
1406 1
1407 1
1408 0
1409 2
1410 2
1411 0
1412 1
1413 1
1414 1
1415 1
1416 1
1417 1
1418 1
1419 1
1420 1
1421 2
1422 0
1423 2
1424 2
1425 1
1426 2
1427 0
1428 2
1429 0
1430 1
1431 1
1432 1
1433 2
1434 1
1435 1
1436 2
1437 1
1438 2
1439 1
1440 1
1441 2
1442 0
1443 1
1444 2
1445 1
1446 1
1447 2
1448 1
1449 2
1450 1
1451 1
1452 2
1453 1
1454 1
1455 2
1456 1
1457 1
1458 1
1459 1
1460 1
1461 2
1462 0
1463 1
1464 1
1465 2
1466 3
1467 1
1468 1
1469 0
1470 1
1471 1
1472 0
1473 1
1474 1
1475 3
1476 1
1477 0
1478 2
1479 1
1480 1
1481 1
1482 1
1483 1
1484 1
1485 2
1486 3
1487 3
1488 1
1489 2
1490 2
1491 1
1492 1
1493 1
1494 0
1495 1
1496 0
1497 2
1498 0
1499 1
1500 2
1501 1
1502 1
1503 2
1504 2
1505 2
1506 1
1507 1
1508 1
1509 2
1510 1
1511 1
1512 1
1513 0
1514 0
1515 0
1516 0
1517 0
1518 0
1519 0
1520 0
1521 1
1522 0
1523 2
1524 1
1525 0
1526 2
1527 0
1528 0
1529 2
1530 2
1531 2
1532 1
1533 1
1534 3
1535 0
1536 1
1537 1
1538 0
1539 0
1540 1
1541 1
1542 0
1543 1
1544 0
1545 2
1546 1
1547 1
1548 1
1549 1
1550 0
1551 2
1552 2
1553 3
1554 1
1555 1
1556 2
1557 0
1558 0
1559 1
1560 0
1561 1
1562 2
1563 2
1564 1
1565 2
1566 0
1567 1
1568 1
1569 0
1570 1
1571 1
1572 1
1573 0
1574 0
1575 1
1576 0
1577 0
1578 0
1579 0
1580 0
1581 0
1582 0
1583 0
1584 0
1585 1
1586 0
1587 0
1588 0
1589 0
1590 0
1591 0
1592 1
1593 0
1594 0
1595 0
1596 0
1597 0
1598 1
1599 1
1600 0
1601 1
1602 0
1603 0
1604 0
1605 0
1606 0
1607 0
1608 1
1609 1
1610 1
1611 1
1612 1
1613 0
1614 1
1615 1
1616 1
1617 0
1618 1
1619 2
1620 1
1621 1
1622 0
1623 0
1624 1
1625 1
1626 1
1627 1
1628 1
1629 2
1630 1
1631 1
1632 1
1633 1
1634 1
1635 1
1636 0
1637 1
1638 3
1639 1
1640 2
1641 1
1642 1
1643 2
1644 1
1645 1
1646 1
1647 1
1648 1
1649 1
1650 2
1651 0
1652 1
1653 1
1654 1
1655 1
1656 1
1657 0
1658 0
1659 1
1660 0
1661 2
1662 0
1663 0
1664 0
1665 1
1666 1
1667 1
1668 1
1669 2
1670 0
1671 1
1672 2
1673 0
1674 1
1675 1
1676 2
1677 2
1678 0
1679 1
1680 2
1681 0
1682 2
1683 2
1684 1
1685 1
1686 2
1687 2
1688 2
1689 2
1690 1
1691 2
1692 1
1693 2
1694 2
1695 2
1696 2
1697 1
1698 2
1699 2
1700 1
1701 2
1702 1
1703 2
1704 2
1705 1
1706 2
1707 2
1708 3
1709 2
1710 2
1711 0
1712 0
1713 0
1714 0
1715 0
1716 1
1717 2
1718 1
1719 0
1720 1
1721 1
1722 1
1723 0
1724 1
1725 2
1726 2
1727 1
1728 1
1729 0
1730 1
1731 1
1732 0
1733 1
1734 0
1735 0
1736 0
1737 0
1738 1
1739 0
1740 1
1741 1
1742 1
1743 1
1744 1
1745 1
1746 0
1747 1
1748 0
1749 0
1750 0
1751 0
1752 0
1753 1
1754 1
1755 1
1756 0
1757 2
1758 1
1759 0
1760 2
1761 0
1762 1
1763 1
1764 0
1765 0
1766 0
1767 0
1768 0
1769 0
1770 1
1771 0
1772 1
1773 1
1774 1
1775 1
1776 1
1777 1
1778 3
1779 0
1780 0
1781 1
1782 1
1783 1
1784 1
1785 0
1786 0
1787 0
1788 0
1789 0
1790 0
1791 0
1792 0
1793 0
1794 1
1795 0
1796 1
1797 0
1798 0
1799 1
1800 0
1801 0
1802 0
1803 3
1804 0
1805 0
1806 2
1807 0
1808 2
1809 0
1810 0
1811 0
1812 0
1813 0
1814 0
1815 0
1816 0
1817 0
1818 0
1819 0
1820 0
1821 0
1822 0
1823 0
1824 0
1825 0
1826 0
1827 0
1828 0
1829 0
1830 0
1831 0
1832 0
1833 0
1834 0
1835 0
1836 0
1837 0
1838 0
1839 0
1840 0
1841 0
1842 0
1843 0
1844 0
1845 0
1846 0
1847 0
1848 0
1849 0
1850 0
1851 0
1852 0
1853 0
1854 0
1855 0
1856 0
1857 0
1858 0
1859 0
1860 0
1861 0
1862 0
1863 0
1864 0
1865 0
1866 0
1867 0
1868 0
1869 0
1870 0
1871 0
1872 0
1873 0
1874 0
1875 0
1876 0
1877 0
1878 0
1879 0
1880 0
1881 0
1882 0
1883 0
1884 0
1885 0
1886 1
1887 0
1888 0
1889 0
1890 0
1891 0
1892 0
1893 0
1894 0
1895 0
1896 0
1897 0
1898 0
1899 0
1900 0
1901 0
1902 0
1903 0
1904 0
1905 0
1906 0
1907 0
1908 0
1909 0
1910 0
1911 0
1912 0
1913 0
1914 0
1915 0
1916 0
1917 0
1918 0
1919 0
1920 0
1921 0
1922 0
1923 0
1924 0
1925 0
1926 0
1927 0
1928 2
1929 2
1930 1
1931 0
1932 3
1933 2
1934 1
1935 0
1936 1
1937 0
1938 2
1939 0
1940 1
1941 1
1942 1
1943 0
1944 1
1945 1
1946 0
1947 0
1948 1
1949 1
1950 1
1951 1
1952 0
1953 1
1954 1
1955 1
1956 1
1957 0
1958 1
1959 0
1960 0
1961 1
1962 1
1963 0
1964 0
1965 0
1966 0
1967 1
1968 1
1969 1
1970 1
1971 1
1972 1
1973 1
1974 1
1975 1
1976 1
1977 1
1978 3
1979 1
1980 1
1981 0
1982 0
1983 0
1984 0
1985 0
1986 0
1987 0
1988 0
1989 1
1990 0
1991 1
1992 0
1993 1
1994 0
1995 0
1996 0
1997 1
1998 0
1999 0
