0 1
1 1
2 3
3 0
4 1
5 2
6 2
7 1
8 0
9 1
10 1
11 1
12 0
13 2
14 1
15 1
16 0
17 0
18 1
19 0
20 0
21 1
22 2
23 0
24 0
25 1
26 0
27 0
28 1
29 2
30 2
31 1
32 1
33 0
34 1
35 1
36 0
37 0
38 2
39 0
40 1
41 1
42 2
43 0
44 2
45 0
46 0
47 0
48 0
49 0
50 0
51 0
52 0
53 1
54 0
55 0
56 0
57 1
58 0
59 0
60 0
61 0
62 1
63 0
64 1
65 0
66 0
67 1
68 1
69 0
70 1
71 1
72 0
73 0
74 1
75 0
76 1
77 0
78 0
79 0
80 1
81 0
82 3
83 1
84 3
85 1
86 1
87 0
88 0
89 0
90 0
91 1
92 1
93 1
94 1
95 2
96 1
97 1
98 1
99 1
100 1
101 1
102 0
103 1
104 1
105 2
106 1
107 2
108 3
109 2
110 3
111 1
112 0
113 1
114 1
115 1
116 1
117 0
118 1
119 0
120 0
121 0
122 0
123 1
124 1
125 0
126 0
127 0
128 1
129 1
130 0
131 0
132 0
133 3
134 1
135 2
136 1
137 2
138 4
139 3
140 1
141 1
142 2
143 0
144 2
145 1
146 1
147 2
148 0
149 0
150 2
151 0
152 1
153 1
154 0
155 1
156 0
157 1
158 1
159 0
160 0
161 1
162 1
163 0
164 1
165 0
166 0
167 0
168 0
169 0
170 0
171 0
172 0
173 1
174 0
175 1
176 0
177 2
178 3
179 1
180 0
181 1
182 0
183 0
184 0
185 0
186 1
187 0
188 0
189 0
190 0
191 0
192 0
193 1
194 1
195 0
196 0
197 0
198 1
199 0
200 0
201 0
202 0
203 0
204 0
205 0
206 0
207 0
208 0
209 0
210 1
211 0
212 1
213 0
214 0
215 0
216 0
217 1
218 0
219 0
220 0
221 0
222 0
223 0
224 1
225 0
226 1
227 0
228 0
229 0
230 0
231 0
232 1
233 1
234 0
235 2
236 4
237 3
238 0
239 1
240 1
241 1
242 5
243 1
244 2
245 1
246 2
247 3
248 0
249 1
250 2
251 0
252 0
253 1
254 2
255 2
256 2
257 1
258 2
259 0
260 2
261 1
262 1
263 2
264 2
265 1
266 1
267 0
268 1
269 2
270 1
271 2
272 1
273 1
274 1
275 2
276 1
277 2
278 2
279 1
280 3
281 1
282 2
283 1
284 1
285 1
286 1
287 0
288 0
289 2
290 2
291 2
292 1
293 2
294 1
295 1
296 1
297 0
298 3
299 2
300 1
301 1
302 1
303 1
304 2
305 3
306 0
307 2
308 1
309 1
310 0
311 2
312 0
313 0
314 1
315 1
316 0
317 1
318 1
319 2
320 1
321 2
322 1
323 1
324 0
325 1
326 1
327 1
328 0
329 1
330 3
331 2
332 1
333 2
334 1
335 1
336 0
337 3
338 1
339 1
340 1
341 1
342 1
343 1
344 1
345 3
346 1
347 3
348 0
349 1
350 1
351 1
352 2
353 2
354 1
355 1
356 1
357 2
358 2
359 1
360 1
361 1
362 1
363 2
364 1
365 0
366 1
367 0
368 2
369 2
370 2
371 2
372 1
373 1
374 2
375 1
376 1
377 1
378 1
379 1
380 1
381 2
382 1
383 0
384 1
385 1
386 1
387 1
388 2
389 1
390 0
391 1
392 1
393 2
394 1
395 1
396 1
397 2
398 1
399 1
400 2
401 2
402 1
403 1
404 1
405 1
406 1
407 1
408 1
409 0
410 1
411 2
412 1
413 3
414 1
415 1
416 0
417 0
418 0
419 1
420 1
421 1
422 0
423 1
424 0
425 1
426 1
427 0
428 0
429 1
430 1
431 0
432 2
433 1
434 2
435 1
436 1
437 2
438 1
439 1
440 1
441 1
442 1
443 1
444 1
445 1
446 1
447 2
448 2
449 2
450 1
451 1
452 1
453 1
454 1
455 0
456 1
457 2
458 2
459 2
460 1
461 1
462 3
463 1
464 1
465 1
466 1
467 1
468 1
469 1
470 1
471 1
472 0
473 1
474 0
475 2
476 1
477 1
478 1
479 0
480 0
481 2
482 0
483 2
484 1
485 1
486 2
487 1
488 1
489 1
490 0
491 1
492 0
493 0
494 1
495 1
496 1
497 0
498 1
499 2
500 0
501 1
502 0
503 1
504 0
505 1
506 1
507 1
508 1
509 1
510 2
511 1
512 2
513 0
514 1
515 1
516 1
517 1
518 1
519 1
520 1
521 1
522 1
523 2
524 1
525 1
526 1
527 1
528 0
529 1
530 2
531 1
532 0
533 1
534 1
535 1
536 0
537 1
538 2
539 1
540 1
541 1
542 1
543 1
544 1
545 0
546 1
547 1
548 1
549 1
550 0
551 1
552 1
553 1
554 1
555 1
556 0
557 0
558 1
559 1
560 1
561 1
562 2
563 1
564 0
565 1
566 1
567 1
568 2
569 1
570 2
571 2
572 1
573 1
574 1
575 1
576 1
577 0
578 2
579 1
580 1
581 1
582 1
583 1
584 2
585 1
586 1
587 0
588 0
589 1
590 0
591 1
592 3
593 1
594 2
595 1
596 2
597 1
598 1
599 1
600 1
601 2
602 1
603 0
604 2
605 0
606 1
607 2
608 1
609 1
610 1
611 0
612 0
613 2
614 1
615 1
616 2
617 1
618 1
619 1
620 1
621 1
622 2
623 1
624 1
625 1
626 1
627 0
628 0
629 2
630 2
631 2
632 1
633 2
634 2
635 0
636 1
637 1
638 1
639 2
640 1
641 2
642 2
643 2
644 2
645 2
646 0
647 2
648 1
649 1
650 3
651 1
652 1
653 1
654 2
655 1
656 1
657 1
658 0
659 0
660 1
661 0
662 0
663 1
664 1
665 1
666 2
667 0
668 1
669 0
670 2
671 2
672 1
673 1
674 1
675 1
676 1
677 2
678 1
679 1
680 1
681 1
682 1
683 1
684 1
685 1
686 1
687 2
688 1
689 1
690 0
691 1
692 1
693 1
694 2
695 2
696 1
697 1
698 2
699 1
700 2
701 0
702 1
703 1
704 1
705 1
706 1
707 1
708 1
709 1
710 1
711 1
712 1
713 2
714 1
715 1
716 1
717 1
718 2
719 2
720 3
721 0
722 0
723 1
724 2
725 1
726 1
727 1
728 2
729 1
730 1
731 4
732 1
733 1
734 1
735 1
736 2
737 1
738 0
739 1
740 0
741 1
742 1
743 2
744 2
745 0
746 0
747 1
748 0
749 1
750 2
751 4
752 1
753 1
754 1
755 0
756 1
757 2
758 1
759 2
760 1
761 2
762 2
763 0
764 1
765 1
766 1
767 1
768 1
769 1
770 1
771 1
772 2
773 1
774 2
775 1
776 2
777 0
778 4
779 2
780 1
781 2
782 1
783 1
784 1
785 2
786 1
787 1
788 1
789 2
790 1
791 1
792 1
793 1
794 1
795 1
796 1
797 1
798 1
799 1
800 1
801 0
802 1
803 2
804 2
805 1
806 0
807 1
808 1
809 1
810 1
811 1
812 1
813 1
814 1
815 1
816 0
817 1
818 2
819 0
820 1
821 2
822 1
823 1
824 2
825 1
826 1
827 1
828 1
829 0
830 2
831 1
832 1
833 1
834 1
835 0
836 1
837 2
838 1
839 2
840 1
841 1
842 1
843 1
844 2
845 2
846 2
847 1
848 1
849 1
850 2
851 1
852 1
853 1
854 1
855 2
856 1
857 1
858 0
859 1
860 2
861 2
862 1
863 1
864 1
865 1
866 1
867 1
868 0
869 1
870 3
871 1
872 0
873 1
874 1
875 0
876 1
877 2
878 3
879 2
880 1
881 1
882 1
883 1
884 1
885 1
886 1
887 2
888 1
889 0
890 2
891 1
892 1
893 1
894 1
895 1
896 2
897 1
898 1
899 2
900 0
901 1
902 1
903 0
904 1
905 1
906 0
907 2
908 1
909 1
910 2
911 1
912 1
913 1
914 1
915 1
916 1
917 0
918 1
919 1
920 2
921 1
922 1
923 2
924 0
925 2
926 1
927 1
928 0
929 0
930 0
931 0
932 1
933 1
934 1
935 1
936 1
937 1
938 0
939 2
940 1
941 1
942 1
943 1
944 1
945 2
946 3
947 1
948 2
949 2
950 1
951 1
952 1
953 0
954 1
955 0
956 1
957 2
958 1
959 1
960 1
961 2
962 1
963 2
964 1
965 1
966 1
967 0
968 1
969 0
970 2
971 1
972 0
973 1
974 2
975 1
976 1
977 1
978 1
979 1
980 1
981 2
982 1
983 1
984 2
985 1
986 0
987 1
988 0
989 1
990 1
991 1
992 1
993 1
994 1
995 2
996 1
997 1
998 0
999 1
1000 2
1001 1
1002 0
1003 2
1004 1
1005 1
1006 1
1007 1
1008 1
1009 1
1010 1
1011 1
1012 1
1013 1
1014 2
1015 1
1016 2
1017 1
1018 1
1019 2
1020 1
1021 1
1022 1
1023 1
1024 1
1025 1
1026 1
1027 1
1028 2
1029 1
1030 1
1031 1
1032 1
1033 1
1034 1
1035 1
1036 1
1037 1
1038 0
1039 1
1040 0
1041 0
1042 0
1043 1
1044 1
1045 1
1046 0
1047 1
1048 1
1049 0
1050 1
1051 0
1052 2
1053 3
1054 1
1055 1
1056 0
1057 3
1058 1
1059 1
1060 2
1061 2
1062 1
1063 1
1064 1
1065 1
1066 1
1067 1
1068 2
1069 1
1070 1
1071 1
1072 1
1073 1
1074 2
1075 1
1076 1
1077 2
1078 1
1079 1
1080 1
1081 1
1082 1
1083 1
1084 2
1085 1
1086 1
1087 1
1088 0
1089 0
1090 1
1091 1
1092 1
1093 2
1094 1
1095 1
1096 1
1097 1
1098 1
1099 2
1100 2
1101 2
1102 1
1103 2
1104 1
1105 1
1106 1
1107 1
1108 2
1109 1
1110 1
1111 1
1112 1
1113 1
1114 1
1115 1
1116 1
1117 1
1118 1
1119 1
1120 1
1121 2
1122 1
1123 1
1124 2
1125 1
1126 1
1127 1
1128 3
1129 1
1130 1
1131 3
1132 1
1133 2
1134 1
1135 1
1136 1
1137 1
1138 2
1139 1
1140 1
1141 0
1142 0
1143 1
1144 1
1145 1
1146 1
1147 1
1148 1
1149 2
1150 1
1151 0
1152 1
1153 1
1154 1
1155 1
1156 1
1157 1
1158 2
1159 1
1160 1
1161 1
1162 1
1163 1
1164 1
1165 1
1166 1
1167 1
1168 1
1169 1
1170 1
1171 2
1172 1
1173 1
1174 2
1175 1
1176 2
1177 0
1178 1
1179 1
1180 1
1181 0
1182 1
1183 1
1184 0
1185 2
1186 1
1187 2
1188 1
1189 1
1190 3
1191 1
1192 2
1193 0
1194 1
1195 1
1196 1
1197 1
1198 1
1199 2
1200 1
1201 1
1202 0
1203 1
1204 0
1205 1
1206 1
1207 1
1208 1
1209 1
1210 1
1211 1
1212 1
1213 1
1214 1
1215 1
1216 1
1217 1
1218 1
1219 1
1220 2
1221 0
1222 1
1223 2
1224 1
1225 1
1226 1
1227 1
1228 2
1229 2
1230 1
1231 1
1232 1
1233 1
1234 1
1235 1
1236 1
1237 1
1238 1
1239 0
1240 2
1241 1
1242 1
1243 2
1244 1
1245 1
1246 1
1247 1
1248 1
1249 1
1250 0
1251 0
1252 1
1253 1
1254 1
1255 1
1256 1
1257 1
1258 2
1259 3
1260 1
1261 0
1262 0
1263 1
1264 1
1265 1
1266 1
1267 1
1268 1
1269 1
1270 1
1271 0
1272 1
1273 1
1274 1
1275 0
1276 1
1277 2
1278 2
1279 0
1280 1
1281 0
1282 0
1283 1
1284 1
1285 2
1286 2
1287 2
1288 2
1289 1
1290 1
1291 1
1292 1
1293 1
1294 1
1295 1
1296 0
1297 1
1298 2
1299 1
1300 0
1301 1
1302 1
1303 1
1304 0
1305 0
1306 1
1307 1
1308 2
1309 1
1310 0
1311 0
1312 1
1313 1
1314 1
1315 1
1316 1
1317 1
1318 1
1319 1
1320 1
1321 1
1322 0
1323 1
1324 1
1325 1
1326 0
1327 0
1328 1
1329 2
1330 0
1331 2
1332 1
1333 1
1334 0
1335 1
1336 1
1337 1
1338 1
1339 1
1340 2
1341 2
1342 2
1343 1
1344 1
1345 0
1346 1
1347 1
1348 1
1349 1
1350 1
1351 2
1352 1
1353 2
1354 1
1355 1
1356 2
1357 1
1358 0
1359 1
1360 1
1361 2
1362 1
1363 1
1364 0
1365 1
1366 2
1367 2
1368 2
1369 2
1370 2
1371 1
1372 2
1373 2
1374 2
1375 3
1376 2
1377 2
1378 2
1379 2
1380 1
1381 2
1382 1
1383 3
1384 1
1385 0
1386 1
1387 1
1388 3
1389 1
1390 1
1391 2
1392 2
1393 1
1394 2
1395 1
1396 2
1397 2
1398 2
1399 2
1400 3
1401 1
1402 2
1403 0
1404 1
1405 2
1406 2
1407 3
1408 0
1409 1
1410 1
1411 0
1412 1
1413 1
1414 1
1415 1
1416 2
1417 0
1418 1
1419 2
1420 1
1421 1
1422 1
1423 0
1424 1
1425 1
1426 1
1427 1
1428 1
1429 1
1430 1
1431 0
1432 1
1433 1
1434 1
1435 0
1436 2
1437 1
1438 1
1439 1
1440 1
1441 1
1442 2
1443 0
1444 0
1445 1
1446 0
1447 2
1448 1
1449 2
1450 2
1451 1
1452 1
1453 1
1454 1
1455 1
1456 1
1457 0
1458 0
1459 1
1460 0
1461 1
1462 1
1463 1
1464 1
1465 1
1466 1
1467 1
1468 1
1469 0
1470 2
1471 0
1472 1
1473 1
1474 1
1475 2
1476 1
1477 2
1478 1
1479 1
1480 1
1481 2
1482 1
1483 1
1484 1
1485 1
1486 0
1487 1
1488 1
1489 2
1490 1
1491 1
1492 1
1493 1
1494 2
1495 0
1496 1
1497 2
1498 1
1499 0
1500 1
1501 1
1502 0
1503 1
1504 1
1505 1
1506 1
1507 1
1508 1
1509 2
1510 2
1511 0
1512 1
1513 0
1514 1
1515 1
1516 1
1517 1
1518 2
1519 2
1520 2
1521 1
1522 1
1523 1
1524 1
1525 1
1526 0
1527 0
1528 1
1529 0
1530 1
1531 1
1532 1
1533 2
1534 1
1535 2
1536 0
1537 1
1538 1
1539 2
1540 1
1541 1
1542 1
1543 1
1544 1
1545 1
1546 1
1547 0
1548 1
1549 0
1550 1
1551 2
1552 0
1553 2
1554 1
1555 1
1556 1
1557 1
1558 1
1559 1
1560 1
1561 1
1562 1
1563 1
1564 1
1565 0
1566 1
1567 1
1568 1
1569 1
1570 2
1571 0
1572 1
1573 2
1574 1
1575 1
1576 1
1577 1
1578 1
1579 1
1580 1
1581 0
1582 1
1583 1
1584 1
1585 0
1586 1
1587 1
1588 2
1589 0
1590 1
1591 1
1592 1
1593 2
1594 1
1595 1
1596 2
1597 1
1598 2
1599 1
1600 1
1601 1
1602 1
1603 1
1604 1
1605 1
1606 1
1607 2
1608 1
1609 1
1610 0
1611 1
1612 1
1613 1
1614 1
1615 1
1616 0
1617 1
1618 1
1619 1
1620 1
1621 2
1622 1
1623 1
1624 1
1625 2
1626 1
1627 1
1628 1
1629 0
1630 1
1631 1
1632 1
1633 1
1634 1
1635 0
1636 1
1637 1
1638 1
1639 1
1640 1
1641 0
1642 2
1643 0
1644 2
1645 1
1646 2
1647 1
1648 1
1649 1
1650 1
1651 2
1652 0
1653 3
1654 2
1655 1
1656 3
1657 2
1658 2
1659 2
1660 2
1661 3
1662 1
1663 2
1664 2
1665 1
1666 3
1667 2
1668 2
1669 3
1670 1
1671 2
1672 1
1673 2
1674 3
1675 2
1676 1
1677 0
1678 2
1679 2
1680 3
1681 0
1682 2
1683 2
1684 2
1685 1
1686 3
1687 1
1688 2
1689 2
1690 2
1691 2
1692 1
1693 2
1694 2
1695 1
1696 2
1697 2
1698 2
1699 2
1700 3
1701 1
1702 1
1703 1
1704 1
1705 1
1706 1
1707 1
1708 1
1709 0
1710 1
1711 1
1712 1
1713 1
1714 1
1715 1
1716 0
1717 2
1718 1
1719 2
1720 1
1721 0
1722 1
1723 2
1724 1
1725 1
1726 1
1727 0
1728 1
1729 0
1730 1
1731 1
1732 1
1733 1
1734 2
1735 1
1736 0
1737 1
1738 1
1739 1
1740 1
1741 0
1742 1
1743 1
1744 1
1745 1
1746 1
1747 0
1748 1
1749 1
1750 2
1751 1
1752 1
1753 0
1754 1
1755 1
1756 2
1757 2
1758 0
1759 0
1760 1
1761 1
1762 1
1763 1
1764 0
1765 2
1766 1
1767 1
1768 1
1769 1
1770 0
1771 1
1772 0
1773 1
1774 2
1775 0
1776 1
1777 0
1778 1
1779 0
1780 1
1781 1
1782 1
1783 1
1784 1
1785 2
1786 2
1787 1
1788 1
1789 1
1790 1
1791 1
1792 1
1793 1
1794 1
1795 1
1796 1
1797 1
1798 1
1799 1
1800 1
1801 1
1802 1
1803 1
1804 1
1805 1
1806 1
1807 2
1808 1
1809 1
1810 1
1811 2
1812 0
1813 0
1814 1
1815 1
1816 2
1817 1
1818 1
1819 1
1820 1
1821 1
1822 2
1823 1
1824 1
1825 1
1826 1
1827 1
1828 2
1829 1
1830 1
1831 1
1832 2
1833 1
1834 1
1835 1
1836 1
1837 1
1838 1
1839 1
1840 2
1841 1
1842 1
1843 1
1844 1
1845 0
1846 1
1847 2
1848 0
1849 1
1850 1
1851 2
1852 1
1853 1
1854 1
1855 1
1856 1
1857 1
1858 1
1859 1
1860 2
1861 1
1862 1
1863 1
1864 0
1865 2
1866 1
1867 3
1868 0
1869 1
1870 1
1871 1
1872 1
1873 1
1874 1
1875 1
1876 1
1877 1
1878 1
1879 1
1880 1
1881 1
1882 1
1883 1
1884 2
1885 1
1886 0
1887 0
1888 1
1889 0
1890 2
1891 1
1892 0
1893 2
1894 1
1895 1
1896 2
1897 1
1898 1
1899 2
1900 0
1901 1
1902 1
1903 0
1904 0
1905 0
1906 1
1907 0
1908 1
1909 1
1910 1
1911 1
1912 1
1913 2
1914 1
1915 2
1916 1
1917 2
1918 2
1919 2
1920 2
1921 1
1922 0
1923 0
1924 1
1925 1
1926 1
1927 1
1928 2
1929 1
1930 0
1931 1
1932 1
1933 2
1934 2
1935 1
1936 2
1937 2
1938 3
1939 3
1940 1
1941 1
1942 1
1943 3
1944 2
1945 4
1946 1
1947 2
1948 1
1949 0
1950 2
1951 1
1952 1
1953 1
1954 1
1955 1
1956 1
1957 0
1958 0
1959 1
1960 1
1961 2
1962 1
1963 2
1964 1
1965 2
1966 1
1967 1
1968 2
1969 1
1970 1
1971 2
1972 1
1973 1
1974 2
1975 0
1976 2
1977 1
1978 1
1979 0
1980 1
1981 1
1982 1
1983 1
1984 2
1985 2
1986 1
1987 1
1988 1
1989 1
1990 1
1991 2
1992 1
1993 2
1994 2
1995 2
1996 2
1997 2
1998 3
1999 2
