0 2
1 1
2 1
3 3
4 2
5 3
6 2
7 1
8 2
9 1
10 1
11 4
12 1
13 2
14 2
15 3
16 3
17 2
18 2
19 2
20 3
21 3
22 3
23 3
24 4
25 2
26 3
27 3
28 3
29 2
30 2
31 2
32 1
33 3
34 2
35 3
36 4
37 3
38 4
39 3
40 3
41 3
42 1
43 1
44 1
45 2
46 2
47 2
48 2
49 3
50 3
51 2
52 3
53 3
54 3
55 2
56 0
57 4
58 3
59 2
60 4
61 3
62 2
63 3
64 2
65 1
66 2
67 2
68 2
69 4
70 2
71 2
72 3
73 1
74 3
75 3
76 3
77 4
78 2
79 2
80 2
81 2
82 2
83 2
84 3
85 1
86 2
87 2
88 2
89 3
90 3
91 2
92 1
93 1
94 1
95 1
96 2
97 1
98 1
99 1
100 2
101 2
102 4
103 3
104 0
105 3
106 3
107 2
108 3
109 3
110 3
111 2
112 3
113 1
114 3
115 4
116 2
117 2
118 1
119 3
120 3
121 1
122 3
123 1
124 1
125 2
126 2
127 4
128 2
129 3
130 2
131 2
132 2
133 3
134 1
135 2
136 3
137 4
138 2
139 2
140 2
141 1
142 2
143 3
144 2
145 1
146 2
147 1
148 1
149 3
150 2
151 2
152 3
153 1
154 3
155 3
156 3
157 2
158 1
159 2
160 3
161 2
162 3
163 2
164 2
165 2
166 2
167 2
168 3
169 3
170 3
171 2
172 2
173 2
174 2
175 3
176 3
177 2
178 3
179 2
180 3
181 3
182 1
183 3
184 2
185 3
186 3
187 2
188 0
189 1
190 2
191 2
192 2
193 1
194 1
195 2
196 1
197 3
198 3
199 3
200 4
201 2
202 3
203 3
204 2
205 3
206 1
207 2
208 3
209 1
210 2
211 1
212 3
213 0
214 2
215 3
216 2
217 2
218 2
219 3
220 3
221 3
222 3
223 3
224 2
225 3
226 2
227 3
228 2
229 2
230 3
231 2
232 2
233 2
234 0
235 3
236 2
237 2
238 3
239 2
240 3
241 3
242 3
243 3
244 3
245 3
246 1
247 3
248 3
249 2
250 2
251 3
252 1
253 3
254 3
255 2
256 3
257 2
258 3
259 3
260 3
261 2
262 1
263 3
264 3
265 2
266 3
267 1
268 3
269 4
270 3
271 3
272 3
273 4
274 3
275 3
276 3
277 3
278 3
279 2
280 3
281 4
282 3
283 4
284 3
285 2
286 4
287 3
288 2
289 1
290 3
291 2
292 3
293 2
294 4
295 5
296 2
297 1
298 3
299 2
300 2
301 3
302 3
303 2
304 1
305 1
306 2
307 3
308 2
309 3
310 3
311 2
312 2
313 0
314 1
315 1
316 1
317 1
318 1
319 1
320 2
321 2
322 1
323 1
324 3
325 4
326 5
327 3
328 4
329 4
330 3
331 5
332 1
333 3
334 5
335 3
336 2
337 2
338 2
339 3
340 2
341 2
342 3
343 3
344 3
345 3
346 1
347 1
348 3
349 1
350 0
351 2
352 0
353 0
354 2
355 1
356 3
357 3
358 3
359 3
360 4
361 4
362 3
363 3
364 3
365 2
366 2
367 2
368 3
369 3
370 3
371 3
372 3
373 3
374 3
375 3
376 2
377 3
378 1
379 2
380 2
381 3
382 3
383 3
384 2
385 2
386 3
387 2
388 1
389 3
390 2
391 1
392 2
393 3
394 2
395 2
396 1
397 3
398 3
399 3
400 3
401 2
402 3
403 2
404 3
405 3
406 2
407 4
408 4
409 4
410 4
411 2
412 3
413 2
414 2
415 2
416 3
417 2
418 3
419 2
420 2
421 2
422 2
423 3
424 2
425 3
426 2
427 2
428 1
429 0
430 1
431 1
432 2
433 1
434 1
435 1
436 2
437 3
438 1
439 2
440 0
441 0
442 1
443 0
444 2
445 2
446 0
447 1
448 2
449 1
450 1
451 2
452 1
453 1
454 2
455 2
456 1
457 2
458 2
459 1
460 2
461 2
462 2
463 1
464 3
465 1
466 1
467 2
468 1
469 3
470 1
471 1
472 3
473 3
474 2
475 2
476 4
477 3
478 2
479 2
480 2
481 3
482 2
483 2
484 2
485 2
486 2
487 1
488 1
489 4
490 4
491 3
492 1
493 3
494 2
495 2
496 3
497 3
498 1
499 2
500 2
501 2
502 3
503 3
504 2
505 2
506 4
507 2
508 1
509 2
510 2
511 1
512 3
513 1
514 2
515 5
516 3
517 2
518 1
519 2
520 3
521 1
522 3
523 2
524 1
525 4
526 1
527 3
528 2
529 2
530 1
531 3
532 1
533 2
534 3
535 2
536 2
537 2
538 3
539 3
540 3
541 3
542 3
543 3
544 2
545 1
546 3
547 3
548 2
549 3
550 2
551 2
552 2
553 2
554 0
555 2
556 3
557 3
558 1
559 1
560 3
561 1
562 2
563 2
564 3
565 4
566 4
567 2
568 4
569 1
570 3
571 3
572 2
573 0
574 3
575 2
576 4
577 3
578 1
579 1
580 2
581 3
582 2
583 3
584 2
585 1
586 3
587 2
588 1
589 3
590 2
591 4
592 3
593 4
594 1
595 3
596 3
597 4
598 2
599 3
600 4
601 3
602 2
603 5
604 3
605 4
606 3
607 3
608 4
609 4
610 4
611 2
612 4
613 2
614 3
615 2
616 2
617 2
618 3
619 2
620 3
621 2
622 4
623 1
624 2
625 4
626 2
627 2
628 3
629 4
630 3
631 0
632 1
633 3
634 2
635 3
636 2
637 3
638 2
639 1
640 0
641 2
642 3
643 3
644 3
645 3
646 3
647 4
648 3
649 4
650 3
651 2
652 4
653 3
654 4
655 3
656 3
657 3
658 3
659 4
660 3
661 2
662 3
663 4
664 4
665 3
666 4
667 4
668 3
669 3
670 1
671 4
672 3
673 4
674 4
675 4
676 3
677 4
678 3
679 2
680 3
681 4
682 3
683 3
684 3
685 3
686 2
687 3
688 2
689 3
690 2
691 3
692 5
693 1
694 2
695 3
696 4
697 3
698 4
699 4
700 3
701 2
702 3
703 4
704 2
705 4
706 3
707 2
708 5
709 0
710 1
711 0
712 1
713 1
714 0
715 2
716 1
717 1
718 1
719 0
720 0
721 0
722 0
723 1
724 0
725 0
726 1
727 1
728 0
729 0
730 1
731 0
732 0
733 0
734 0
735 0
736 1
737 1
738 1
739 0
740 2
741 0
742 1
743 0
744 1
745 1
746 1
747 1
748 1
749 1
750 0
751 0
752 0
753 1
754 1
755 1
756 0
757 1
758 0
759 0
760 2
761 0
762 0
763 1
764 0
765 0
766 0
767 1
768 1
769 0
770 1
771 0
772 0
773 1
774 0
775 0
776 1
777 1
778 1
779 0
780 1
781 1
782 0
783 0
784 0
785 0
786 1
787 0
788 1
789 1
790 0
791 1
792 0
793 0
794 0
795 0
796 1
797 0
798 0
799 1
800 0
801 3
802 2
803 2
804 2
805 3
806 2
807 1
808 1
809 0
810 2
811 1
812 0
813 3
814 1
815 2
816 1
817 1
818 3
819 2
820 2
821 0
822 2
823 1
824 1
825 2
826 2
827 1
828 2
829 3
830 3
831 2
832 1
833 2
834 1
835 2
836 1
837 2
838 1
839 3
840 1
841 3
842 3
843 1
844 3
845 2
846 1
847 3
848 3
849 3
850 1
851 2
852 2
853 2
854 2
855 3
856 2
857 2
858 3
859 2
860 1
861 1
862 1
863 1
864 2
865 2
866 3
867 2
868 2
869 3
870 2
871 1
872 1
873 1
874 1
875 3
876 1
877 1
878 2
879 2
880 3
881 2
882 1
883 2
884 3
885 3
886 1
887 3
888 2
889 2
890 1
891 1
892 2
893 2
894 2
895 1
896 1
897 1
898 1
899 1
900 3
901 1
902 2
903 3
904 2
905 0
906 2
907 2
908 1
909 2
910 1
911 1
912 3
913 2
914 1
915 1
916 2
917 2
918 3
919 1
920 1
921 2
922 2
923 1
924 0
925 1
926 1
927 1
928 2
929 3
930 1
931 1
932 0
933 1
934 1
935 1
936 2
937 2
938 2
939 1
940 1
941 1
942 2
943 2
944 2
945 1
946 2
947 1
948 1
949 1
950 2
951 3
952 1
953 1
954 1
955 1
956 1
957 2
958 1
959 1
960 3
961 2
962 2
963 1
964 3
965 2
966 2
967 1
968 0
969 2
970 1
971 4
972 2
973 3
974 1
975 2
976 0
977 2
978 1
979 2
980 2
981 2
982 2
983 1
984 4
985 2
986 2
987 3
988 2
989 3
990 3
991 0
992 2
993 0
994 3
995 3
996 2
997 4
998 3
999 3
1000 3
1001 3
1002 2
1003 3
1004 0
1005 2
1006 2
1007 3
1008 2
1009 3
1010 3
1011 3
1012 1
1013 3
1014 4
1015 2
1016 3
1017 2
1018 3
1019 3
1020 3
1021 2
1022 2
1023 3
1024 4
1025 2
1026 2
1027 2
1028 3
1029 2
1030 3
1031 1
1032 2
1033 4
1034 4
1035 2
1036 2
1037 1
1038 2
1039 4
1040 3
1041 4
1042 3
1043 3
1044 3
1045 2
1046 3
1047 2
1048 1
1049 2
1050 3
1051 2
1052 2
1053 3
1054 3
1055 1
1056 3
1057 4
1058 4
1059 2
1060 2
1061 1
1062 2
1063 1
1064 2
1065 2
1066 2
1067 1
1068 2
1069 2
1070 2
1071 1
1072 2
1073 2
1074 1
1075 2
1076 1
1077 2
1078 3
1079 0
1080 2
1081 2
1082 2
1083 2
1084 1
1085 0
1086 2
1087 3
1088 2
1089 3
1090 1
1091 2
1092 1
1093 2
1094 0
1095 1
1096 2
1097 2
1098 1
1099 1
1100 4
1101 3
1102 1
1103 2
1104 2
1105 2
1106 2
1107 2
1108 3
1109 2
1110 0
1111 0
1112 1
1113 1
1114 1
1115 3
1116 3
1117 3
1118 3
1119 4
1120 3
1121 2
1122 2
1123 3
1124 2
1125 2
1126 1
1127 2
1128 1
1129 3
1130 3
1131 3
1132 2
1133 3
1134 1
1135 0
1136 2
1137 2
1138 3
1139 3
1140 1
1141 4
1142 3
1143 5
1144 3
1145 3
1146 3
1147 3
1148 3
1149 3
1150 3
1151 2
1152 1
1153 3
1154 2
1155 3
1156 3
1157 2
1158 1
1159 3
1160 3
1161 2
1162 2
1163 2
1164 3
1165 3
1166 2
1167 3
1168 1
1169 2
1170 1
1171 2
1172 2
1173 3
1174 2
1175 2
1176 2
1177 1
1178 3
1179 3
1180 2
1181 2
1182 3
1183 2
1184 2
1185 3
1186 1
1187 2
1188 2
1189 1
1190 3
1191 3
1192 3
1193 2
1194 3
1195 3
1196 1
1197 2
1198 3
1199 3
1200 3
1201 1
1202 3
1203 5
1204 3
1205 3
1206 2
1207 2
1208 2
1209 3
1210 2
1211 2
1212 3
1213 2
1214 3
1215 3
1216 3
1217 2
1218 3
1219 2
1220 3
1221 2
1222 3
1223 2
1224 3
1225 1
1226 3
1227 3
1228 2
1229 3
1230 3
1231 2
1232 3
1233 3
1234 2
1235 3
1236 3
1237 1
1238 3
1239 1
1240 3
1241 3
1242 3
1243 2
1244 2
1245 3
1246 2
1247 2
1248 3
1249 3
1250 2
1251 2
1252 3
1253 2
1254 3
1255 3
1256 2
1257 3
1258 1
1259 2
1260 1
1261 4
1262 3
1263 3
1264 1
1265 2
1266 3
1267 1
1268 2
1269 1
1270 2
1271 3
1272 1
1273 4
1274 2
1275 3
1276 2
1277 3
1278 4
1279 2
1280 2
1281 2
1282 2
1283 3
1284 2
1285 2
1286 2
1287 2
1288 3
1289 1
1290 2
1291 0
1292 2
1293 2
1294 1
1295 1
1296 2
1297 3
1298 3
1299 2
1300 1
1301 1
1302 2
1303 2
1304 1
1305 1
1306 3
1307 2
1308 3
1309 3
1310 2
1311 2
1312 3
1313 3
1314 3
1315 3
1316 2
1317 1
1318 3
1319 1
1320 3
1321 3
1322 3
1323 3
1324 2
1325 2
1326 2
1327 2
1328 2
1329 2
1330 1
1331 2
1332 2
1333 2
1334 2
1335 2
1336 3
1337 3
1338 3
1339 3
1340 4
1341 4
1342 3
1343 1
1344 3
1345 3
1346 3
1347 2
1348 3
1349 3
1350 3
1351 3
1352 3
1353 2
1354 3
1355 3
1356 3
1357 3
1358 3
1359 3
1360 3
1361 3
1362 4
1363 2
1364 3
1365 4
1366 2
1367 2
1368 3
1369 2
1370 3
1371 2
1372 2
1373 3
1374 3
1375 2
1376 2
1377 2
1378 2
1379 2
1380 2
1381 3
1382 2
1383 1
1384 2
1385 3
1386 3
1387 2
1388 2
1389 3
1390 2
1391 3
1392 2
1393 3
1394 3
1395 4
1396 3
1397 3
1398 3
1399 3
1400 4
1401 2
1402 3
1403 2
1404 2
1405 3
1406 3
1407 2
1408 2
1409 3
1410 2
1411 4
1412 3
1413 3
1414 3
1415 3
1416 2
1417 3
1418 2
1419 3
1420 3
1421 3
1422 3
1423 3
1424 3
1425 2
1426 3
1427 3
1428 2
1429 2
1430 2
1431 2
1432 3
1433 1
1434 3
1435 3
1436 3
1437 3
1438 2
1439 1
1440 3
1441 3
1442 2
1443 3
1444 3
1445 3
1446 3
1447 3
1448 3
1449 3
1450 3
1451 1
1452 3
1453 2
1454 3
1455 3
1456 3
1457 3
1458 3
1459 3
1460 3
1461 3
1462 3
1463 3
1464 3
1465 1
1466 2
1467 2
1468 1
1469 3
1470 3
1471 2
1472 2
1473 4
1474 2
1475 2
1476 1
1477 1
1478 2
1479 2
1480 2
1481 3
1482 2
1483 2
1484 2
1485 1
1486 1
1487 2
1488 2
1489 1
1490 2
1491 2
1492 2
1493 2
1494 2
1495 1
1496 1
1497 1
1498 2
1499 2
1500 2
1501 2
1502 2
1503 2
1504 2
1505 2
1506 2
1507 1
1508 2
1509 2
1510 2
1511 2
1512 2
1513 1
1514 2
1515 1
1516 3
1517 2
1518 2
1519 3
1520 1
1521 3
1522 3
1523 2
1524 2
1525 2
1526 1
1527 2
1528 1
1529 1
1530 1
1531 1
1532 2
1533 1
1534 3
1535 2
1536 2
1537 3
1538 2
1539 2
1540 2
1541 1
1542 1
1543 2
1544 1
1545 2
1546 3
1547 3
1548 1
1549 2
1550 1
1551 2
1552 3
1553 2
1554 2
1555 2
1556 1
1557 3
1558 3
1559 2
1560 2
1561 3
1562 3
1563 3
1564 2
1565 2
1566 3
1567 3
1568 3
1569 2
1570 3
1571 3
1572 3
1573 2
1574 2
1575 2
1576 3
1577 2
1578 4
1579 3
1580 2
1581 1
1582 4
1583 3
1584 3
1585 3
1586 3
1587 2
1588 2
1589 3
1590 3
1591 3
1592 3
1593 2
1594 3
1595 3
1596 2
1597 2
1598 2
1599 3
1600 4
1601 2
1602 2
1603 1
1604 3
1605 3
1606 2
1607 2
1608 2
1609 2
1610 2
1611 4
1612 3
1613 4
1614 2
1615 1
1616 3
1617 2
1618 2
1619 2
1620 3
1621 2
1622 3
1623 1
1624 2
1625 4
1626 3
1627 2
1628 2
1629 3
1630 4
1631 3
1632 3
1633 3
1634 2
1635 3
1636 3
1637 2
1638 3
1639 2
1640 3
1641 2
1642 2
1643 3
1644 2
1645 2
1646 3
1647 3
1648 1
1649 3
1650 3
1651 2
1652 3
1653 2
1654 3
1655 3
1656 2
1657 3
1658 2
1659 1
1660 3
1661 2
1662 1
1663 3
1664 4
1665 2
1666 2
1667 3
1668 2
1669 3
1670 3
1671 2
1672 4
1673 2
1674 3
1675 2
1676 4
1677 3
1678 2
1679 2
1680 2
1681 2
1682 2
1683 1
1684 3
1685 3
1686 3
1687 2
1688 2
1689 3
1690 2
1691 3
1692 3
1693 3
1694 2
1695 0
1696 3
1697 2
1698 2
1699 3
1700 2
1701 3
1702 2
1703 3
1704 2
1705 3
1706 3
1707 3
1708 2
1709 2
1710 2
1711 3
1712 1
1713 1
1714 1
1715 1
1716 1
1717 0
1718 0
1719 1
1720 1
1721 1
1722 1
1723 2
1724 3
1725 2
1726 3
1727 4
1728 3
1729 2
1730 2
1731 3
1732 1
1733 3
1734 3
1735 3
1736 2
1737 3
1738 3
1739 2
1740 3
1741 2
1742 2
1743 4
1744 3
1745 3
1746 2
1747 3
1748 3
1749 2
1750 2
1751 3
1752 3
1753 3
1754 2
1755 2
1756 3
1757 1
1758 1
1759 2
1760 2
1761 3
1762 2
1763 2
1764 3
1765 2
1766 3
1767 1
1768 2
1769 2
1770 3
1771 2
1772 3
1773 3
1774 2
1775 3
1776 2
1777 4
1778 3
1779 2
1780 3
1781 2
1782 3
1783 1
1784 5
1785 2
1786 2
1787 3
1788 4
1789 1
1790 2
1791 2
1792 1
1793 1
1794 3
1795 2
1796 3
1797 4
1798 2
1799 3
1800 3
1801 2
1802 3
1803 3
1804 4
1805 3
1806 3
1807 2
1808 2
1809 3
1810 2
1811 3
1812 3
1813 3
1814 3
1815 3
1816 4
1817 3
1818 2
1819 2
1820 2
1821 3
1822 2
1823 3
1824 3
1825 2
1826 3
1827 3
1828 3
1829 3
1830 3
1831 3
1832 2
1833 2
1834 3
1835 2
1836 3
1837 3
1838 2
1839 3
1840 3
1841 3
1842 4
1843 1
1844 3
1845 3
1846 3
1847 3
1848 3
1849 2
1850 4
1851 2
1852 2
1853 2
1854 1
1855 2
1856 3
1857 3
1858 2
1859 2
1860 2
1861 3
1862 3
1863 3
1864 2
1865 3
1866 3
1867 2
1868 3
1869 2
1870 3
1871 2
1872 3
1873 2
1874 3
1875 4
1876 3
1877 4
1878 3
1879 2
1880 3
1881 3
1882 3
1883 3
1884 3
1885 3
1886 3
1887 3
1888 3
1889 2
1890 0
1891 2
1892 2
1893 1
1894 1
1895 1
1896 0
1897 2
1898 2
1899 2
1900 1
1901 3
1902 2
1903 2
1904 1
1905 2
1906 2
1907 1
1908 1
1909 0
1910 1
1911 2
1912 2
1913 1
1914 2
1915 1
1916 2
1917 2
1918 0
1919 2
1920 2
1921 2
1922 3
1923 2
1924 3
1925 2
1926 3
1927 1
1928 3
1929 1
1930 2
1931 2
1932 2
1933 2
1934 2
1935 3
1936 4
1937 3
1938 3
1939 3
1940 3
1941 0
1942 2
1943 4
1944 0
1945 1
1946 1
1947 1
1948 2
1949 2
1950 2
1951 2
1952 2
1953 1
1954 1
1955 4
1956 3
1957 2
1958 3
1959 3
1960 4
1961 2
1962 1
1963 2
1964 2
1965 4
1966 3
1967 3
1968 3
1969 4
1970 2
1971 1
1972 2
1973 3
1974 1
1975 1
1976 1
1977 1
1978 1
1979 2
1980 1
1981 2
1982 2
1983 2
1984 3
1985 3
1986 3
1987 1
1988 2
1989 2
1990 2
1991 3
1992 3
1993 1
1994 2
1995 3
1996 2
1997 3
1998 2
1999 4
