0 0
1 0
2 0
3 0
4 1
5 0
6 1
7 0
8 0
9 0
10 0
11 0
12 1
13 2
14 1
15 1
16 1
17 2
18 1
19 2
20 3
21 1
22 1
23 1
24 0
25 2
26 3
27 1
28 1
29 2
30 2
31 0
32 1
33 1
34 2
35 2
36 1
37 3
38 0
39 1
40 1
41 1
42 0
43 0
44 0
45 0
46 1
47 0
48 0
49 0
50 2
51 1
52 1
53 1
54 1
55 1
56 0
57 1
58 0
59 0
60 0
61 0
62 0
63 1
64 0
65 0
66 0
67 0
68 0
69 0
70 0
71 0
72 0
73 0
74 0
75 0
76 0
77 1
78 1
79 1
80 1
81 1
82 2
83 2
84 2
85 0
86 1
87 2
88 1
89 3
90 1
91 1
92 1
93 2
94 1
95 3
96 3
97 1
98 1
99 3
100 2
101 1
102 2
103 0
104 1
105 1
106 2
107 0
108 0
109 1
110 0
111 2
112 0
113 2
114 2
115 0
116 0
117 2
118 1
119 0
120 1
121 3
122 1
123 3
124 1
125 1
126 1
127 1
128 0
129 2
130 0
131 0
132 2
133 1
134 2
135 3
136 1
137 0
138 0
139 0
140 0
141 0
142 0
143 0
144 0
145 2
146 0
147 0
148 0
149 1
150 1
151 0
152 0
153 0
154 0
155 1
156 0
157 0
158 0
159 0
160 0
161 0
162 0
163 0
164 0
165 0
166 0
167 0
168 0
169 0
170 0
171 0
172 0
173 0
174 0
175 1
176 1
177 1
178 2
179 0
180 0
181 0
182 1
183 0
184 0
185 0
186 2
187 1
188 0
189 0
190 1
191 1
192 1
193 1
194 0
195 0
196 0
197 0
198 1
199 2
200 1
201 0
202 1
203 0
204 0
205 0
206 0
207 1
208 1
209 0
210 0
211 0
212 1
213 1
214 1
215 0
216 1
217 1
218 1
219 0
220 1
221 0
222 1
223 0
224 1
225 1
226 0
227 1
228 0
229 0
230 1
231 1
232 0
233 1
234 0
235 0
236 1
237 0
238 1
239 1
240 0
241 1
242 2
243 1
244 1
245 2
246 1
247 1
248 1
249 2
250 1
251 1
252 0
253 1
254 1
255 1
256 2
257 2
258 1
259 1
260 1
261 1
262 1
263 1
264 1
265 0
266 2
267 1
268 2
269 1
270 1
271 2
272 2
273 1
274 2
275 1
276 0
277 2
278 1
279 0
280 0
281 1
282 1
283 1
284 1
285 2
286 3
287 1
288 1
289 1
290 3
291 2
292 2
293 2
294 2
295 2
296 3
297 2
298 2
299 3
300 2
301 0
302 1
303 1
304 2
305 1
306 1
307 2
308 3
309 2
310 2
311 2
312 1
313 2
314 2
315 1
316 1
317 2
318 1
319 1
320 0
321 1
322 1
323 2
324 1
325 2
326 1
327 2
328 2
329 1
330 1
331 0
332 1
333 2
334 0
335 2
336 0
337 3
338 0
339 0
340 1
341 1
342 0
343 1
344 1
345 1
346 1
347 2
348 0
349 1
350 2
351 1
352 0
353 1
354 2
355 1
356 1
357 1
358 1
359 1
360 1
361 0
362 0
363 0
364 1
365 0
366 2
367 1
368 1
369 2
370 0
371 1
372 2
373 2
374 2
375 1
376 1
377 2
378 0
379 0
380 0
381 0
382 1
383 1
384 2
385 0
386 3
387 2
388 1
389 0
390 2
391 2
392 1
393 2
394 1
395 1
396 1
397 0
398 1
399 1
400 1
401 1
402 0
403 1
404 1
405 2
406 1
407 1
408 1
409 0
410 0
411 1
412 1
413 1
414 0
415 0
416 1
417 1
418 1
419 0
420 2
421 2
422 1
423 1
424 1
425 1
426 2
427 0
428 1
429 0
430 0
431 1
432 0
433 2
434 2
435 1
436 0
437 0
438 1
439 1
440 0
441 1
442 1
443 0
444 1
445 1
446 1
447 1
448 1
449 1
450 2
451 2
452 2
453 1
454 2
455 1
456 1
457 1
458 2
459 0
460 1
461 0
462 2
463 1
464 0
465 3
466 3
467 2
468 2
469 2
470 1
471 1
472 1
473 2
474 2
475 2
476 1
477 2
478 1
479 1
480 3
481 2
482 2
483 3
484 1
485 1
486 1
487 2
488 1
489 1
490 1
491 3
492 1
493 1
494 1
495 2
496 2
497 2
498 1
499 1
500 1
501 1
502 1
503 2
504 2
505 1
506 2
507 2
508 2
509 1
510 0
511 1
512 1
513 1
514 1
515 0
516 0
517 2
518 0
519 1
520 2
521 2
522 1
523 1
524 2
525 2
526 1
527 1
528 1
529 2
530 2
531 2
532 2
533 3
534 2
535 2
536 2
537 1
538 1
539 2
540 1
541 1
542 1
543 1
544 0
545 2
546 1
547 2
548 1
549 2
550 1
551 1
552 1
553 2
554 2
555 0
556 0
557 2
558 0
559 1
560 1
561 1
562 1
563 1
564 1
565 0
566 1
567 0
568 1
569 1
570 1
571 1
572 0
573 1
574 1
575 1
576 2
577 3
578 2
579 1
580 1
581 2
582 1
583 0
584 3
585 1
586 0
587 0
588 1
589 1
590 0
591 0
592 0
593 1
594 0
595 2
596 2
597 1
598 0
599 0
600 1
601 0
602 0
603 0
604 1
605 1
606 1
607 0
608 0
609 1
610 0
611 1
612 2
613 1
614 2
615 2
616 1
617 1
618 1
619 1
620 1
621 1
622 1
623 0
624 1
625 0
626 1
627 1
628 1
629 1
630 1
631 2
632 2
633 2
634 0
635 0
636 2
637 0
638 0
639 2
640 1
641 0
642 1
643 1
644 2
645 2
646 0
647 2
648 3
649 1
650 1
651 3
652 1
653 1
654 2
655 2
656 4
657 0
658 1
659 1
660 2
661 3
662 1
663 1
664 4
665 0
666 0
667 0
668 0
669 0
670 1
671 0
672 0
673 1
674 0
675 0
676 0
677 1
678 0
679 0
680 0
681 0
682 0
683 1
684 0
685 1
686 1
687 1
688 1
689 0
690 2
691 0
692 1
693 0
694 3
695 2
696 1
697 1
698 2
699 0
700 2
701 1
702 0
703 1
704 1
705 2
706 1
707 1
708 1
709 1
710 2
711 2
712 2
713 0
714 2
715 0
716 0
717 1
718 2
719 1
720 1
721 0
722 1
723 0
724 1
725 1
726 1
727 1
728 1
729 1
730 2
731 2
732 1
733 1
734 1
735 1
736 2
737 1
738 0
739 1
740 1
741 1
742 1
743 1
744 1
745 1
746 1
747 2
748 1
749 1
750 0
751 0
752 1
753 0
754 0
755 1
756 2
757 1
758 1
759 1
760 1
761 1
762 0
763 1
764 1
765 1
766 1
767 1
768 1
769 1
770 1
771 1
772 1
773 1
774 2
775 1
776 2
777 2
778 0
779 0
780 0
781 0
782 0
783 0
784 2
785 2
786 1
787 0
788 2
789 1
790 1
791 2
792 1
793 1
794 2
795 0
796 1
797 0
798 0
799 0
800 0
801 0
802 1
803 1
804 2
805 2
806 1
807 1
808 1
809 1
810 1
811 0
812 1
813 1
814 1
815 1
816 1
817 1
818 1
819 1
820 0
821 0
822 0
823 0
824 0
825 0
826 0
827 0
828 1
829 1
830 0
831 0
832 0
833 0
834 0
835 0
836 0
837 0
838 0
839 1
840 3
841 2
842 1
843 2
844 1
845 1
846 3
847 3
848 0
849 1
850 0
851 1
852 1
853 0
854 0
855 1
856 2
857 1
858 1
859 1
860 2
861 2
862 1
863 2
864 0
865 0
866 0
867 0
868 0
869 1
870 0
871 0
872 0
873 0
874 0
875 0
876 0
877 0
878 0
879 0
880 0
881 0
882 2
883 1
884 0
885 1
886 1
887 2
888 1
889 0
890 0
891 0
892 0
893 0
894 0
895 0
896 0
897 0
898 0
899 0
900 0
901 0
902 0
903 0
904 1
905 1
906 1
907 2
908 1
909 1
910 0
911 0
912 2
913 1
914 2
915 1
916 2
917 1
918 1
919 0
920 1
921 2
922 2
923 2
924 1
925 1
926 2
927 0
928 1
929 1
930 0
931 0
932 1
933 1
934 2
935 0
936 2
937 1
938 2
939 1
940 1
941 1
942 1
943 1
944 2
945 1
946 3
947 0
948 2
949 1
950 0
951 1
952 1
953 1
954 1
955 1
956 1
957 1
958 1
959 1
960 0
961 1
962 1
963 1
964 1
965 1
966 1
967 2
968 1
969 1
970 2
971 2
972 2
973 1
974 0
975 1
976 1
977 2
978 2
979 1
980 1
981 1
982 0
983 0
984 0
985 0
986 0
987 0
988 0
989 0
990 1
991 2
992 2
993 0
994 1
995 1
996 0
997 2
998 1
999 3
1000 2
1001 2
1002 1
1003 1
1004 0
1005 2
1006 1
1007 2
1008 2
1009 1
1010 1
1011 0
1012 1
1013 2
1014 0
1015 1
1016 2
1017 1
1018 2
1019 1
1020 2
1021 1
1022 2
1023 1
1024 2
1025 2
1026 3
1027 1
1028 2
1029 3
1030 2
1031 1
1032 2
1033 2
1034 0
1035 1
1036 1
1037 2
1038 3
1039 1
1040 3
1041 3
1042 2
1043 0
1044 1
1045 2
1046 2
1047 2
1048 2
1049 1
1050 1
1051 1
1052 1
1053 2
1054 3
1055 1
1056 2
1057 1
1058 2
1059 1
1060 2
1061 3
1062 3
1063 2
1064 2
1065 0
1066 1
1067 1
1068 2
1069 1
1070 2
1071 1
1072 1
1073 3
1074 1
1075 1
1076 1
1077 1
1078 2
1079 1
1080 1
1081 1
1082 1
1083 1
1084 1
1085 1
1086 1
1087 1
1088 3
1089 1
1090 2
1091 3
1092 0
1093 0
1094 1
1095 1
1096 2
1097 0
1098 1
1099 2
1100 1
1101 0
1102 1
1103 1
1104 2
1105 2
1106 1
1107 2
1108 3
1109 2
1110 2
1111 2
1112 1
1113 2
1114 4
1115 2
1116 1
1117 3
1118 2
1119 1
1120 3
1121 4
1122 2
1123 2
1124 2
1125 2
1126 3
1127 2
1128 2
1129 3
1130 2
1131 3
1132 1
1133 1
1134 3
1135 2
1136 1
1137 2
1138 2
1139 2
1140 3
1141 2
1142 1
1143 2
1144 1
1145 2
1146 2
1147 2
1148 3
1149 4
1150 1
1151 2
1152 1
1153 0
1154 0
1155 1
1156 0
1157 0
1158 1
1159 1
1160 1
1161 1
1162 1
1163 4
1164 2
1165 1
1166 2
1167 2
1168 1
1169 0
1170 2
1171 2
1172 1
1173 1
1174 2
1175 1
1176 1
1177 2
1178 1
1179 2
1180 1
1181 2
1182 1
1183 0
1184 1
1185 1
1186 1
1187 1
1188 2
1189 1
1190 1
1191 0
1192 1
1193 1
1194 0
1195 2
1196 0
1197 1
1198 0
1199 1
1200 1
1201 1
1202 2
1203 0
1204 0
1205 1
1206 0
1207 1
1208 1
1209 1
1210 0
1211 2
1212 1
1213 2
1214 1
1215 0
1216 1
1217 1
1218 0
1219 1
1220 1
1221 1
1222 1
1223 1
1224 1
1225 1
1226 0
1227 1
1228 1
1229 1
1230 1
1231 1
1232 0
1233 0
1234 0
1235 0
1236 1
1237 0
1238 1
1239 0
1240 0
1241 0
1242 1
1243 1
1244 0
1245 0
1246 1
1247 0
1248 0
1249 1
1250 0
1251 1
1252 1
1253 0
1254 2
1255 2
1256 0
1257 0
1258 0
1259 0
1260 0
1261 0
1262 1
1263 0
1264 1
1265 0
1266 0
1267 0
1268 0
1269 0
1270 0
1271 0
1272 0
1273 0
1274 0
1275 0
1276 1
1277 2
1278 0
1279 0
1280 1
1281 0
1282 0
1283 0
1284 0
1285 0
1286 1
1287 0
1288 0
1289 0
1290 0
1291 0
1292 0
1293 0
1294 0
1295 0
1296 0
1297 2
1298 1
1299 1
1300 2
1301 0
1302 1
1303 0
1304 1
1305 1
1306 1
1307 0
1308 0
1309 0
1310 0
1311 0
1312 0
1313 0
1314 0
1315 0
1316 0
1317 0
1318 0
1319 4
1320 1
1321 0
1322 1
1323 0
1324 1
1325 1
1326 2
1327 1
1328 0
1329 1
1330 0
1331 1
1332 2
1333 2
1334 2
1335 2
1336 1
1337 0
1338 0
1339 0
1340 1
1341 2
1342 1
1343 1
1344 0
1345 1
1346 1
1347 0
1348 0
1349 1
1350 0
1351 1
1352 0
1353 1
1354 1
1355 2
1356 1
1357 2
1358 2
1359 1
1360 1
1361 1
1362 1
1363 1
1364 0
1365 1
1366 2
1367 0
1368 2
1369 0
1370 0
1371 0
1372 0
1373 0
1374 0
1375 1
1376 1
1377 2
1378 2
1379 1
1380 1
1381 0
1382 2
1383 0
1384 1
1385 2
1386 1
1387 1
1388 1
1389 1
1390 0
1391 1
1392 0
1393 1
1394 1
1395 1
1396 1
1397 0
1398 0
1399 0
1400 1
1401 1
1402 0
1403 1
1404 0
1405 1
1406 1
1407 0
1408 1
1409 1
1410 1
1411 0
1412 1
1413 1
1414 2
1415 2
1416 1
1417 2
1418 2
1419 1
1420 2
1421 0
1422 2
1423 1
1424 1
1425 2
1426 0
1427 1
1428 0
1429 1
1430 1
1431 2
1432 1
1433 0
1434 2
1435 1
1436 1
1437 1
1438 1
1439 1
1440 1
1441 1
1442 0
1443 1
1444 0
1445 2
1446 2
1447 0
1448 1
1449 1
1450 0
1451 1
1452 1
1453 0
1454 1
1455 0
1456 1
1457 1
1458 0
1459 1
1460 1
1461 1
1462 1
1463 1
1464 2
1465 1
1466 0
1467 1
1468 2
1469 1
1470 2
1471 1
1472 0
1473 0
1474 1
1475 1
1476 2
1477 0
1478 0
1479 0
1480 0
1481 0
1482 0
1483 1
1484 0
1485 0
1486 1
1487 1
1488 1
1489 1
1490 2
1491 0
1492 0
1493 1
1494 2
1495 1
1496 2
1497 1
1498 1
1499 1
1500 1
1501 1
1502 1
1503 1
1504 1
1505 1
1506 1
1507 1
1508 0
1509 0
1510 0
1511 1
1512 1
1513 0
1514 0
1515 0
1516 0
1517 1
1518 0
1519 1
1520 1
1521 1
1522 1
1523 2
1524 2
1525 1
1526 2
1527 0
1528 0
1529 0
1530 1
1531 1
1532 0
1533 2
1534 0
1535 2
1536 2
1537 2
1538 0
1539 0
1540 0
1541 2
1542 2
1543 1
1544 1
1545 0
1546 1
1547 0
1548 2
1549 2
1550 2
1551 2
1552 2
1553 1
1554 1
1555 0
1556 2
1557 1
1558 1
1559 1
1560 1
1561 1
1562 1
1563 2
1564 1
1565 1
1566 2
1567 2
1568 1
1569 2
1570 3
1571 1
1572 1
1573 0
1574 0
1575 1
1576 0
1577 1
1578 1
1579 2
1580 1
1581 0
1582 1
1583 1
1584 1
1585 2
1586 1
1587 1
1588 2
1589 1
1590 1
1591 1
1592 2
1593 1
1594 1
1595 1
1596 3
1597 2
1598 1
1599 1
1600 0
1601 1
1602 1
1603 2
1604 1
1605 1
1606 1
1607 1
1608 1
1609 1
1610 2
1611 1
1612 1
1613 0
1614 1
1615 1
1616 0
1617 1
1618 2
1619 0
1620 1
1621 1
1622 0
1623 2
1624 1
1625 2
1626 0
1627 2
1628 1
1629 1
1630 1
1631 1
1632 0
1633 0
1634 0
1635 2
1636 2
1637 1
1638 3
1639 0
1640 1
1641 1
1642 0
1643 1
1644 1
1645 0
1646 2
1647 0
1648 1
1649 1
1650 0
1651 1
1652 0
1653 1
1654 1
1655 1
1656 0
1657 1
1658 1
1659 0
1660 2
1661 3
1662 3
1663 0
1664 0
1665 0
1666 0
1667 0
1668 0
1669 0
1670 0
1671 0
1672 0
1673 0
1674 0
1675 0
1676 0
1677 0
1678 0
1679 0
1680 1
1681 0
1682 0
1683 0
1684 0
1685 0
1686 0
1687 0
1688 2
1689 0
1690 0
1691 1
1692 0
1693 0
1694 0
1695 1
1696 0
1697 1
1698 0
1699 0
1700 0
1701 0
1702 0
1703 0
1704 0
1705 1
1706 1
1707 0
1708 0
1709 1
1710 2
1711 2
1712 3
1713 2
1714 1
1715 2
1716 2
1717 0
1718 2
1719 2
1720 0
1721 1
1722 0
1723 0
1724 2
1725 3
1726 2
1727 3
1728 2
1729 1
1730 1
1731 0
1732 0
1733 1
1734 1
1735 1
1736 1
1737 1
1738 2
1739 3
1740 1
1741 0
1742 1
1743 1
1744 2
1745 2
1746 0
1747 2
1748 1
1749 2
1750 1
1751 0
1752 1
1753 2
1754 1
1755 1
1756 1
1757 1
1758 1
1759 2
1760 0
1761 0
1762 1
1763 2
1764 0
1765 1
1766 3
1767 1
1768 1
1769 1
1770 1
1771 0
1772 1
1773 1
1774 1
1775 0
1776 1
1777 0
1778 1
1779 0
1780 0
1781 0
1782 1
1783 2
1784 1
1785 1
1786 2
1787 0
1788 1
1789 1
1790 1
1791 0
1792 2
1793 1
1794 0
1795 1
1796 0
1797 0
1798 1
1799 1
1800 0
1801 1
1802 1
1803 3
1804 1
1805 2
1806 0
1807 0
1808 0
1809 1
1810 0
1811 2
1812 2
1813 0
1814 0
1815 0
1816 0
1817 0
1818 0
1819 3
1820 0
1821 0
1822 0
1823 1
1824 1
1825 0
1826 1
1827 0
1828 0
1829 1
1830 1
1831 0
1832 1
1833 1
1834 0
1835 0
1836 0
1837 1
1838 0
1839 1
1840 0
1841 0
1842 0
1843 0
1844 1
1845 2
1846 1
1847 1
1848 2
1849 0
1850 0
1851 0
1852 0
1853 0
1854 1
1855 0
1856 0
1857 0
1858 1
1859 2
1860 1
1861 2
1862 2
1863 1
1864 2
1865 0
1866 1
1867 1
1868 2
1869 1
1870 0
1871 0
1872 0
1873 1
1874 1
1875 1
1876 0
1877 1
1878 1
1879 0
1880 0
1881 0
1882 0
1883 2
1884 0
1885 2
1886 1
1887 0
1888 1
1889 0
1890 2
1891 0
1892 1
1893 1
1894 1
1895 0
1896 0
1897 1
1898 0
1899 3
1900 1
1901 0
1902 1
1903 0
1904 0
1905 2
1906 1
1907 1
1908 1
1909 0
1910 0
1911 1
1912 0
1913 0
1914 0
1915 2
1916 2
1917 1
1918 1
1919 1
1920 1
1921 1
1922 3
1923 1
1924 1
1925 1
1926 0
1927 0
1928 0
1929 0
1930 0
1931 2
1932 2
1933 0
1934 0
1935 0
1936 1
1937 0
1938 1
1939 0
1940 1
1941 1
1942 1
1943 1
1944 1
1945 0
1946 2
1947 1
1948 1
1949 1
1950 0
1951 1
1952 1
1953 0
1954 1
1955 1
1956 0
1957 1
1958 0
1959 1
1960 0
1961 1
1962 3
1963 1
1964 1
1965 3
1966 0
1967 2
1968 0
1969 0
1970 0
1971 0
1972 0
1973 0
1974 0
1975 0
1976 0
1977 0
1978 0
1979 1
1980 0
1981 0
1982 1
1983 0
1984 0
1985 2
1986 1
1987 2
1988 1
1989 2
1990 0
1991 1
1992 0
1993 2
1994 0
1995 1
1996 3
1997 0
1998 2
1999 0
