0 0
1 0
2 0
3 0
4 0
5 0
6 0
7 0
8 0
9 0
10 0
11 0
12 1
13 0
14 0
15 0
16 0
17 0
18 0
19 0
20 0
21 0
22 0
23 0
24 0
25 0
26 1
27 1
28 0
29 0
30 0
31 0
32 0
33 0
34 0
35 0
36 0
37 0
38 0
39 0
40 0
41 0
42 0
43 0
44 0
45 0
46 0
47 0
48 1
49 1
50 1
51 1
52 1
53 1
54 1
55 1
56 1
57 1
58 1
59 2
60 1
61 1
62 0
63 0
64 0
65 0
66 0
67 0
68 0
69 0
70 0
71 0
72 0
73 0
74 0
75 0
76 0
77 0
78 0
79 0
80 0
81 0
82 0
83 0
84 0
85 1
86 0
87 0
88 0
89 0
90 0
91 0
92 0
93 0
94 0
95 0
96 1
97 2
98 2
99 2
100 2
101 1
102 0
103 2
104 2
105 2
106 2
107 2
108 0
109 0
110 0
111 0
112 0
113 0
114 0
115 1
116 0
117 0
118 0
119 0
120 1
121 1
122 0
123 0
124 1
125 0
126 1
127 0
128 0
129 1
130 1
131 0
132 0
133 0
134 0
135 0
136 0
137 0
138 1
139 0
140 1
141 0
142 0
143 0
144 0
145 0
146 0
147 0
148 0
149 0
150 0
151 0
152 0
153 0
154 0
155 0
156 0
157 0
158 0
159 0
160 0
161 0
162 0
163 0
164 0
165 0
166 0
167 0
168 1
169 2
170 0
171 0
172 0
173 0
174 0
175 1
176 0
177 0
178 0
179 0
180 0
181 0
182 0
183 0
184 0
185 0
186 0
187 0
188 0
189 0
190 0
191 0
192 0
193 0
194 0
195 0
196 0
197 0
198 0
199 0
200 0
201 0
202 1
203 1
204 0
205 1
206 1
207 0
208 0
209 0
210 0
211 1
212 1
213 0
214 1
215 1
216 0
217 1
218 1
219 1
220 1
221 0
222 0
223 0
224 0
225 0
226 0
227 0
228 0
229 0
230 0
231 0
232 0
233 1
234 0
235 0
236 0
237 0
238 0
239 0
240 0
241 0
242 0
243 2
244 2
245 0
246 1
247 3
248 1
249 2
250 0
251 2
252 1
253 2
254 1
255 2
256 2
257 2
258 1
259 2
260 1
261 0
262 1
263 1
264 1
265 1
266 1
267 2
268 1
269 2
270 1
271 1
272 2
273 2
274 1
275 1
276 1
277 2
278 3
279 2
280 0
281 1
282 1
283 1
284 1
285 2
286 1
287 1
288 0
289 1
290 1
291 1
292 1
293 0
294 1
295 1
296 1
297 1
298 1
299 0
300 1
301 1
302 0
303 0
304 0
305 2
306 0
307 0
308 2
309 1
310 2
311 0
312 1
313 1
314 2
315 1
316 0
317 1
318 1
319 1
320 1
321 1
322 1
323 1
324 2
325 1
326 2
327 2
328 1
329 3
330 2
331 2
332 2
333 2
334 2
335 1
336 1
337 0
338 2
339 0
340 1
341 1
342 1
343 0
344 0
345 0
346 1
347 2
348 2
349 2
350 2
351 1
352 1
353 2
354 1
355 1
356 1
357 0
358 0
359 2
360 1
361 0
362 0
363 0
364 1
365 2
366 2
367 0
368 1
369 2
370 2
371 2
372 2
373 1
374 1
375 1
376 1
377 3
378 2
379 0
380 0
381 1
382 1
383 1
384 0
385 1
386 1
387 1
388 1
389 0
390 2
391 2
392 2
393 3
394 1
395 1
396 2
397 2
398 2
399 2
400 2
401 1
402 0
403 2
404 2
405 2
406 1
407 2
408 1
409 2
410 2
411 2
412 1
413 1
414 0
415 1
416 2
417 1
418 0
419 1
420 1
421 3
422 0
423 2
424 2
425 0
426 1
427 1
428 1
429 1
430 2
431 2
432 2
433 2
434 1
435 2
436 2
437 1
438 2
439 1
440 2
441 1
442 1
443 2
444 2
445 1
446 0
447 1
448 0
449 1
450 1
451 1
452 0
453 1
454 1
455 1
456 1
457 1
458 1
459 0
460 1
461 1
462 2
463 2
464 1
465 1
466 1
467 1
468 1
469 0
470 2
471 1
472 0
473 0
474 0
475 0
476 0
477 0
478 0
479 0
480 0
481 0
482 0
483 0
484 0
485 0
486 0
487 0
488 0
489 0
490 0
491 0
492 0
493 0
494 0
495 0
496 0
497 0
498 0
499 0
500 0
501 0
502 0
503 0
504 0
505 0
506 0
507 0
508 0
509 0
510 0
511 0
512 0
513 0
514 0
515 0
516 1
517 1
518 2
519 0
520 0
521 0
522 1
523 0
524 0
525 0
526 0
527 0
528 0
529 0
530 0
531 0
532 0
533 0
534 0
535 0
536 1
537 0
538 0
539 0
540 1
541 0
542 0
543 0
544 0
545 0
546 0
547 0
548 0
549 0
550 0
551 0
552 0
553 0
554 0
555 0
556 0
557 0
558 0
559 0
560 0
561 0
562 0
563 0
564 0
565 0
566 0
567 0
568 0
569 0
570 0
571 0
572 0
573 0
574 0
575 0
576 0
577 0
578 0
579 0
580 0
581 0
582 0
583 0
584 0
585 0
586 0
587 0
588 0
589 0
590 0
591 0
592 0
593 0
594 0
595 0
596 0
597 0
598 0
599 0
600 1
601 0
602 0
603 0
604 0
605 0
606 0
607 0
608 0
609 0
610 0
611 0
612 0
613 0
614 0
615 0
616 0
617 0
618 0
619 0
620 0
621 0
622 0
623 1
624 0
625 0
626 0
627 0
628 0
629 0
630 0
631 0
632 0
633 0
634 0
635 0
636 0
637 0
638 0
639 0
640 0
641 0
642 0
643 0
644 0
645 0
646 0
647 0
648 0
649 0
650 0
651 0
652 0
653 0
654 0
655 0
656 1
657 0
658 0
659 0
660 0
661 0
662 0
663 0
664 0
665 0
666 0
667 0
668 0
669 0
670 0
671 0
672 0
673 0
674 0
675 0
676 0
677 0
678 0
679 0
680 1
681 0
682 0
683 0
684 0
685 0
686 1
687 0
688 1
689 0
690 0
691 0
692 0
693 0
694 0
695 0
696 0
697 0
698 0
699 0
700 0
701 0
702 0
703 0
704 2
705 0
706 1
707 0
708 0
709 1
710 0
711 0
712 0
713 0
714 0
715 0
716 0
717 1
718 0
719 0
720 0
721 0
722 1
723 0
724 0
725 0
726 0
727 0
728 0
729 0
730 0
731 0
732 0
733 0
734 0
735 0
736 0
737 0
738 0
739 0
740 0
741 0
742 0
743 0
744 0
745 0
746 0
747 0
748 0
749 0
750 0
751 0
752 0
753 0
754 0
755 0
756 0
757 0
758 0
759 0
760 0
761 0
762 0
763 0
764 0
765 0
766 0
767 0
768 0
769 1
770 0
771 0
772 0
773 1
774 0
775 0
776 0
777 0
778 0
779 0
780 0
781 0
782 0
783 0
784 0
785 0
786 0
787 0
788 0
789 0
790 0
791 0
792 0
793 0
794 0
795 0
796 0
797 0
798 0
799 0
800 0
801 0
802 0
803 0
804 0
805 0
806 0
807 0
808 1
809 1
810 1
811 1
812 2
813 2
814 1
815 1
816 0
817 1
818 2
819 2
820 2
821 1
822 2
823 2
824 2
825 2
826 1
827 1
828 2
829 2
830 2
831 2
832 2
833 2
834 1
835 1
836 0
837 2
838 1
839 2
840 2
841 1
842 2
843 1
844 2
845 2
846 2
847 2
848 2
849 3
850 1
851 3
852 3
853 2
854 2
855 2
856 2
857 3
858 2
859 2
860 0
861 2
862 1
863 2
864 0
865 1
866 2
867 2
868 2
869 1
870 2
871 2
872 1
873 2
874 2
875 2
876 2
877 1
878 3
879 2
880 2
881 0
882 0
883 0
884 0
885 0
886 0
887 0
888 0
889 0
890 0
891 0
892 0
893 0
894 0
895 0
896 0
897 0
898 0
899 0
900 0
901 0
902 0
903 0
904 0
905 0
906 0
907 0
908 0
909 0
910 0
911 0
912 0
913 0
914 0
915 0
916 0
917 0
918 0
919 0
920 0
921 0
922 0
923 0
924 0
925 0
926 0
927 0
928 0
929 2
930 0
931 1
932 2
933 0
934 0
935 0
936 0
937 0
938 0
939 0
940 0
941 0
942 0
943 0
944 0
945 0
946 0
947 0
948 0
949 0
950 0
951 0
952 0
953 0
954 0
955 0
956 0
957 0
958 0
959 0
960 0
961 0
962 0
963 0
964 0
965 0
966 0
967 0
968 0
969 0
970 0
971 0
972 0
973 0
974 0
975 0
976 0
977 0
978 0
979 0
980 0
981 0
982 0
983 0
984 0
985 0
986 0
987 0
988 0
989 0
990 0
991 0
992 0
993 0
994 0
995 0
996 0
997 0
998 1
999 0
1000 0
1001 0
1002 0
1003 0
1004 0
1005 0
1006 0
1007 0
1008 0
1009 0
1010 0
1011 0
1012 0
1013 0
1014 0
1015 0
1016 0
1017 0
1018 0
1019 0
1020 0
1021 0
1022 0
1023 0
1024 0
1025 0
1026 0
1027 0
1028 0
1029 0
1030 0
1031 0
1032 0
1033 0
1034 0
1035 0
1036 0
1037 0
1038 0
1039 0
1040 0
1041 0
1042 0
1043 0
1044 0
1045 0
1046 0
1047 0
1048 0
1049 0
1050 0
1051 0
1052 0
1053 0
1054 0
1055 0
1056 0
1057 0
1058 0
1059 0
1060 0
1061 0
1062 0
1063 0
1064 0
1065 0
1066 0
1067 1
1068 1
1069 1
1070 1
1071 2
1072 1
1073 1
1074 1
1075 0
1076 1
1077 2
1078 2
1079 2
1080 1
1081 1
1082 2
1083 1
1084 1
1085 2
1086 1
1087 3
1088 1
1089 2
1090 0
1091 2
1092 0
1093 1
1094 3
1095 1
1096 2
1097 2
1098 0
1099 0
1100 0
1101 2
1102 2
1103 2
1104 2
1105 3
1106 1
1107 2
1108 2
1109 1
1110 2
1111 2
1112 1
1113 2
1114 1
1115 2
1116 2
1117 1
1118 2
1119 1
1120 0
1121 2
1122 2
1123 3
1124 2
1125 2
1126 2
1127 2
1128 1
1129 2
1130 2
1131 2
1132 2
1133 1
1134 1
1135 1
1136 1
1137 2
1138 2
1139 2
1140 2
1141 2
1142 2
1143 2
1144 2
1145 2
1146 2
1147 2
1148 2
1149 2
1150 2
1151 1
1152 1
1153 1
1154 2
1155 2
1156 1
1157 1
1158 1
1159 1
1160 1
1161 0
1162 0
1163 0
1164 0
1165 0
1166 0
1167 0
1168 0
1169 0
1170 0
1171 0
1172 0
1173 0
1174 0
1175 0
1176 0
1177 0
1178 1
1179 2
1180 2
1181 0
1182 0
1183 2
1184 2
1185 2
1186 2
1187 1
1188 2
1189 2
1190 1
1191 1
1192 1
1193 1
1194 1
1195 1
1196 1
1197 1
1198 2
1199 1
1200 1
1201 2
1202 2
1203 1
1204 1
1205 1
1206 1
1207 1
1208 1
1209 2
1210 1
1211 2
1212 1
1213 2
1214 2
1215 1
1216 1
1217 0
1218 1
1219 2
1220 1
1221 1
1222 2
1223 1
1224 1
1225 2
1226 1
1227 1
1228 1
1229 1
1230 1
1231 3
1232 1
1233 1
1234 1
1235 1
1236 1
1237 2
1238 1
1239 1
1240 2
1241 2
1242 2
1243 2
1244 0
1245 0
1246 0
1247 0
1248 0
1249 0
1250 1
1251 0
1252 1
1253 1
1254 0
1255 2
1256 2
1257 3
1258 2
1259 2
1260 2
1261 3
1262 1
1263 2
1264 2
1265 0
1266 2
1267 1
1268 2
1269 2
1270 3
1271 1
1272 2
1273 2
1274 2
1275 2
1276 2
1277 2
1278 1
1279 2
1280 2
1281 2
1282 1
1283 1
1284 1
1285 1
1286 1
1287 1
1288 3
1289 1
1290 2
1291 2
1292 1
1293 1
1294 2
1295 1
1296 1
1297 2
1298 2
1299 1
1300 1
1301 2
1302 2
1303 1
1304 2
1305 3
1306 2
1307 2
1308 2
1309 3
1310 0
1311 0
1312 0
1313 0
1314 0
1315 0
1316 0
1317 1
1318 2
1319 2
1320 1
1321 1
1322 1
1323 1
1324 0
1325 0
1326 2
1327 2
1328 2
1329 2
1330 2
1331 1
1332 2
1333 2
1334 1
1335 2
1336 1
1337 1
1338 1
1339 0
1340 0
1341 1
1342 0
1343 1
1344 0
1345 1
1346 1
1347 0
1348 1
1349 1
1350 0
1351 1
1352 0
1353 1
1354 1
1355 1
1356 0
1357 0
1358 1
1359 1
1360 1
1361 0
1362 0
1363 0
1364 0
1365 0
1366 0
1367 0
1368 0
1369 0
1370 0
1371 0
1372 0
1373 0
1374 0
1375 0
1376 1
1377 1
1378 1
1379 0
1380 2
1381 0
1382 2
1383 1
1384 1
1385 1
1386 1
1387 1
1388 1
1389 1
1390 0
1391 2
1392 1
1393 1
1394 1
1395 1
1396 1
1397 1
1398 1
1399 1
1400 1
1401 1
1402 0
1403 0
1404 0
1405 0
1406 0
1407 1
1408 0
1409 2
1410 2
1411 3
1412 2
1413 1
1414 1
1415 2
1416 1
1417 1
1418 1
1419 1
1420 2
1421 2
1422 1
1423 2
1424 1
1425 1
1426 1
1427 2
1428 1
1429 2
1430 1
1431 2
1432 2
1433 1
1434 3
1435 0
1436 1
1437 2
1438 2
1439 2
1440 2
1441 0
1442 2
1443 2
1444 2
1445 1
1446 0
1447 1
1448 1
1449 2
1450 2
1451 2
1452 0
1453 1
1454 1
1455 2
1456 2
1457 1
1458 2
1459 2
1460 2
1461 2
1462 2
1463 2
1464 2
1465 1
1466 3
1467 2
1468 1
1469 2
1470 2
1471 4
1472 2
1473 1
1474 3
1475 2
1476 2
1477 2
1478 1
1479 3
1480 1
1481 1
1482 2
1483 2
1484 2
1485 2
1486 2
1487 1
1488 1
1489 0
1490 1
1491 2
1492 1
1493 3
1494 2
1495 2
1496 2
1497 2
1498 3
1499 1
1500 2
1501 2
1502 3
1503 2
1504 2
1505 1
1506 2
1507 2
1508 2
1509 2
1510 2
1511 2
1512 1
1513 2
1514 2
1515 2
1516 2
1517 1
1518 1
1519 0
1520 1
1521 0
1522 0
1523 0
1524 0
1525 2
1526 0
1527 2
1528 0
1529 1
1530 2
1531 2
1532 2
1533 2
1534 1
1535 2
1536 2
1537 2
1538 1
1539 2
1540 3
1541 2
1542 2
1543 1
1544 1
1545 1
1546 1
1547 2
1548 2
1549 2
1550 2
1551 2
1552 3
1553 3
1554 2
1555 2
1556 2
1557 2
1558 2
1559 3
1560 2
1561 1
1562 2
1563 2
1564 2
1565 2
1566 2
1567 1
1568 2
1569 2
1570 0
1571 2
1572 2
1573 2
1574 2
1575 2
1576 2
1577 0
1578 2
1579 2
1580 2
1581 2
1582 2
1583 2
1584 2
1585 2
1586 2
1587 1
1588 2
1589 1
1590 2
1591 2
1592 2
1593 2
1594 2
1595 2
1596 2
1597 1
1598 0
1599 1
1600 0
1601 0
1602 0
1603 2
1604 3
1605 1
1606 2
1607 1
1608 2
1609 1
1610 1
1611 1
1612 1
1613 3
1614 2
1615 2
1616 2
1617 2
1618 0
1619 3
1620 2
1621 2
1622 1
1623 2
1624 2
1625 2
1626 1
1627 2
1628 2
1629 1
1630 2
1631 1
1632 2
1633 1
1634 1
1635 1
1636 1
1637 3
1638 1
1639 1
1640 0
1641 0
1642 0
1643 0
1644 1
1645 0
1646 0
1647 1
1648 1
1649 1
1650 0
1651 0
1652 0
1653 1
1654 1
1655 2
1656 1
1657 1
1658 0
1659 1
1660 0
1661 0
1662 2
1663 1
1664 0
1665 0
1666 0
1667 0
1668 0
1669 1
1670 1
1671 1
1672 0
1673 1
1674 1
1675 0
1676 0
1677 0
1678 0
1679 0
1680 1
1681 0
1682 0
1683 0
1684 0
1685 0
1686 0
1687 0
1688 1
1689 0
1690 0
1691 1
1692 1
1693 1
1694 1
1695 1
1696 1
1697 0
1698 0
1699 0
1700 0
1701 2
1702 1
1703 1
1704 1
1705 1
1706 1
1707 1
1708 1
1709 1
1710 1
1711 1
1712 1
1713 0
1714 0
1715 1
1716 1
1717 1
1718 1
1719 1
1720 1
1721 1
1722 1
1723 1
1724 1
1725 0
1726 1
1727 1
1728 1
1729 1
1730 1
1731 1
1732 0
1733 1
1734 1
1735 1
1736 1
1737 1
1738 1
1739 1
1740 1
1741 1
1742 1
1743 2
1744 1
1745 1
1746 1
1747 1
1748 1
1749 1
1750 1
1751 1
1752 1
1753 1
1754 2
1755 1
1756 1
1757 1
1758 0
1759 0
1760 2
1761 1
1762 1
1763 1
1764 1
1765 1
1766 0
1767 1
1768 0
1769 1
1770 0
1771 0
1772 0
1773 1
1774 0
1775 0
1776 0
1777 1
1778 0
1779 1
1780 0
1781 0
1782 1
1783 0
1784 1
1785 1
1786 0
1787 1
1788 1
1789 1
1790 1
1791 0
1792 1
1793 1
1794 0
1795 1
1796 0
1797 2
1798 1
1799 2
1800 1
1801 1
1802 2
1803 1
1804 1
1805 1
1806 0
1807 1
1808 1
1809 1
1810 1
1811 1
1812 1
1813 1
1814 1
1815 0
1816 1
1817 1
1818 1
1819 1
1820 1
1821 2
1822 0
1823 1
1824 1
1825 1
1826 1
1827 0
1828 3
1829 1
1830 1
1831 1
1832 1
1833 1
1834 1
1835 1
1836 0
1837 3
1838 1
1839 2
1840 2
1841 1
1842 3
1843 2
1844 1
1845 2
1846 2
1847 1
1848 1
1849 1
1850 1
1851 0
1852 2
1853 1
1854 1
1855 2
1856 3
1857 1
1858 1
1859 0
1860 1
1861 1
1862 1
1863 1
1864 1
1865 1
1866 1
1867 2
1868 1
1869 2
1870 2
1871 1
1872 2
1873 2
1874 1
1875 2
1876 1
1877 2
1878 1
1879 0
1880 2
1881 1
1882 1
1883 2
1884 2
1885 2
1886 1
1887 2
1888 2
1889 2
1890 2
1891 1
1892 3
1893 1
1894 0
1895 0
1896 0
1897 2
1898 0
1899 2
1900 2
1901 1
1902 2
1903 2
1904 2
1905 1
1906 2
1907 1
1908 2
1909 2
1910 1
1911 2
1912 2
1913 2
1914 3
1915 1
1916 2
1917 3
1918 2
1919 2
1920 2
1921 0
1922 1
1923 2
1924 1
1925 2
1926 2
1927 1
1928 1
1929 1
1930 2
1931 3
1932 2
1933 2
1934 0
1935 2
1936 2
1937 2
1938 1
1939 1
1940 1
1941 2
1942 2
1943 2
1944 1
1945 2
1946 2
1947 1
1948 2
1949 2
1950 2
1951 1
1952 0
1953 3
1954 2
1955 1
1956 2
1957 1
1958 3
1959 1
1960 0
1961 2
1962 2
1963 2
1964 0
1965 1
1966 2
1967 1
1968 1
1969 2
1970 1
1971 3
1972 1
1973 2
1974 1
1975 3
1976 2
1977 2
1978 1
1979 2
1980 2
1981 2
1982 3
1983 1
1984 2
1985 3
1986 2
1987 2
1988 2
1989 2
1990 0
1991 1
1992 2
1993 1
1994 0
1995 0
1996 0
1997 0
1998 0
1999 0
