#Resid  MeanContacts  SEM
790 2.614250 1.603318
791 1.725500 0.797012
792 8.925000 3.434481
793 7.620500 2.979238
794 9.713500 4.498965
795 2.974000 2.174122
796 7.732000 3.139213
797 2.581625 0.367248
798 0.885000 0.706144
799 0.134000 0.081749
800 0.104125 0.048347
801 1.022625 0.719419
802 6.210875 0.563073
803 9.181250 4.323141
804 6.702125 1.747799
805 1.254000 0.465172
806 1.092250 0.836919
807 1.201750 0.735205
808 0.184125 0.061746
809 0.217500 0.150439
810 0.284750 0.163111
811 0.142125 0.057860
812 0.437375 0.358823
813 0.783750 0.525873
814 1.441875 0.824032
815 5.310750 1.582829
816 14.076625 5.398848
817 9.876750 3.564866
818 0.254875 0.190329
819 0.739250 0.288368
820 1.360125 0.607398
821 0.531750 0.186467
822 1.625125 0.583559
823 2.050125 0.459770
824 4.315000 0.847070
825 2.832000 0.372108
826 4.731625 1.619141
827 3.940375 0.947767
828 3.536125 1.038528
829 3.831375 0.519409
830 23.341750 1.972207
831 9.784625 1.038290
832 8.351625 1.297081
833 2.952500 1.526632
834 0.281750 0.241353
835 2.618125 1.016448
836 0.000000 0.000000
837 2.952625 0.267917
838 0.231625 0.020750
839 0.000000 0.000000
840 0.204000 0.147553
841 0.387750 0.147654
842 0.000000 0.000000
