#Resid  MeanContacts  SEM
785 2.012375 1.131390
786 1.441875 0.914034
787 12.488125 2.552526
788 10.966625 2.509682
789 7.747375 0.781868
790 2.455375 2.087922
791 9.577750 1.219026
792 0.871375 0.618453
793 0.074250 0.038657
794 0.578375 0.497794
795 0.698125 0.662724
796 1.431875 0.714243
797 10.034875 2.578923
798 7.245250 2.914584
799 17.072625 7.523920
800 3.634625 1.919741
801 2.227875 0.948683
802 0.769750 0.322807
803 3.733250 2.161424
804 4.099875 1.837323
805 0.469750 0.143329
806 0.281500 0.185983
807 1.022000 1.019335
808 0.117875 0.106358
809 0.469250 0.259352
810 1.119000 0.500254
811 3.718375 1.276049
812 6.456500 2.548369
813 0.260500 0.255839
814 0.452000 0.214814
815 0.392375 0.251569
816 0.188875 0.128724
817 0.178750 0.104600
818 0.472750 0.249792
819 1.815250 0.360054
820 1.092875 0.447723
821 0.541375 0.419741
822 0.719375 0.143697
823 0.979250 0.527290
824 2.315125 1.089909
825 12.777875 1.358571
826 7.730750 2.708448
827 16.965000 3.191373
828 2.038875 1.128782
829 2.973375 1.186995
830 1.645750 1.296598
831 0.000250 0.000250
832 9.797500 0.626457
833 0.143125 0.055136
834 0.000000 0.000000
835 1.909000 0.719913
836 2.393500 0.572316
837 0.000000 0.000000
