#Resid  MeanContacts  SEM
791 2.408250 1.122945
792 9.206500 1.106666
793 1.417125 0.666923
794 2.344000 1.066915
795 2.837750 1.097925
796 3.399500 1.729952
797 1.856500 0.736162
798 11.325250 1.716627
799 8.678875 3.570446
800 3.744875 0.971094
801 5.160000 2.382031
802 2.843000 0.440637
803 2.868875 0.844710
804 6.012875 2.957329
805 0.720375 0.598129
806 0.559500 0.360764
807 8.641000 3.447080
808 4.379625 1.586068
809 8.529500 3.153474
810 1.437625 0.491531
811 0.768625 0.314718
812 0.802125 0.158441
813 1.102250 0.172412
814 0.221750 0.088822
815 0.258000 0.164212
816 4.569750 1.955051
817 1.246625 0.730376
818 1.629500 0.603128
819 1.065750 0.935858
820 0.875000 0.562902
821 0.512250 0.190998
822 1.628750 0.873501
823 0.620375 0.295597
824 0.863875 0.320668
825 1.509250 0.515398
826 3.285000 1.486257
827 1.854000 0.472487
828 0.239500 0.105660
829 4.902625 2.067309
830 9.240500 0.882147
831 2.512125 1.007395
832 10.500750 1.870313
833 0.500625 0.125836
834 0.262000 0.119606
835 3.354500 1.215804
836 0.032625 0.021484
837 0.551125 0.325471
838 0.028625 0.028625
839 1.214000 0.335531
840 0.279375 0.023774
841 0.000000 0.000000
842 0.136500 0.088456
843 0.138375 0.075903
844 0.000000 0.000000
