#Resid  MeanContacts  SEM
786 4.759125 1.430886
787 15.353875 5.374922
788 3.052625 1.218320
789 3.786000 2.527516
790 1.607750 0.518561
791 0.737000 0.121894
792 0.608625 0.401039
793 10.490750 2.666189
794 3.212125 1.453044
795 3.651875 1.026620
796 6.385875 2.161221
797 1.633875 0.787971
798 0.310125 0.122168
799 0.686875 0.184470
800 0.055625 0.024214
801 0.378875 0.274751
802 4.420250 1.041430
803 2.615250 1.542833
804 1.364250 0.543958
805 0.317000 0.243910
806 1.073250 0.628418
807 1.409875 0.558613
808 3.079750 1.495663
809 1.407000 0.600317
810 0.495625 0.254887
811 8.474750 2.418988
812 1.539125 0.882949
813 0.501375 0.249432
814 0.225250 0.098177
815 0.756500 0.530231
816 1.491250 1.258932
817 2.327500 2.097484
818 1.857625 1.759405
819 1.155375 0.988649
820 0.992125 0.580178
821 3.970750 1.527328
822 2.962750 0.983932
823 1.300750 0.689447
824 5.735375 1.461001
825 14.826875 3.937757
826 12.749250 2.512309
827 8.994375 2.197122
828 8.380250 1.580457
829 5.220250 0.770128
830 2.707125 0.722091
831 8.092500 0.498009
832 4.603750 0.234193
833 0.039750 0.039750
834 6.018250 2.118003
835 0.165500 0.023258
836 0.000000 0.000000
837 2.932625 1.003402
838 2.686250 0.909761
839 0.000250 0.000250
