#Resid  MeanContacts  SEM
785 4.609750 2.586272
786 3.226500 1.034154
787 13.081375 3.180437
788 8.362125 1.661997
789 6.471875 2.239134
790 0.634500 0.278198
791 6.235250 1.931351
792 1.863750 0.200901
793 0.111125 0.054486
794 0.973125 0.464548
795 0.636750 0.351861
796 1.615750 0.907093
797 13.087750 4.647135
798 10.912375 2.505934
799 10.133250 3.597625
800 2.784750 1.232782
801 0.694750 0.407987
802 1.724375 0.971819
803 1.251500 0.920312
804 0.488500 0.406070
805 1.480125 1.454170
806 0.348125 0.193943
807 0.820375 0.467811
808 0.517125 0.465648
809 1.556500 1.000231
810 3.246000 1.876120
811 14.600250 4.836215
812 3.582000 1.714097
813 3.312750 3.121134
814 1.672750 1.167633
815 0.781750 0.606086
816 1.076250 0.418821
817 0.316625 0.120814
818 0.370000 0.233878
819 0.658750 0.293901
820 0.649750 0.519189
821 1.983125 1.604675
822 1.521125 0.700035
823 3.408375 2.032119
824 1.218125 0.536384
825 11.083375 1.241287
826 11.196000 3.555529
827 14.796375 0.778173
828 6.551375 1.595250
829 3.316375 0.952871
830 0.849375 0.408952
831 0.006625 0.006459
832 11.483875 0.644051
833 0.100625 0.018173
834 0.000000 0.000000
835 1.780625 0.179505
836 2.520750 0.309063
837 0.000000 0.000000
