#Resid  MeanContacts  SEM
295 1.528500 0.543604
296 0.755875 0.297300
297 11.395000 2.461846
298 12.530000 4.536838
299 6.150500 2.010247
300 3.384875 2.156283
301 9.779750 2.714528
302 1.519875 0.782090
303 0.072625 0.045841
304 0.254250 0.135134
305 0.220875 0.125701
306 0.211500 0.076687
307 5.847000 1.552995
308 12.351000 3.859990
309 18.138500 2.196072
310 1.561625 0.339063
311 1.730375 0.968811
312 3.776750 2.013657
313 0.236875 0.095488
314 0.688750 0.613765
315 0.348000 0.333102
316 0.241375 0.238377
317 0.042125 0.038346
318 0.060500 0.031373
319 1.516750 0.802069
320 2.619250 1.678305
321 11.969125 5.109327
322 6.861375 2.546550
323 1.227250 1.032266
324 3.727375 2.210850
325 4.575250 3.623523
326 3.915500 2.484649
327 1.537500 0.836066
328 1.878875 0.972622
329 1.484625 0.685439
330 3.217750 1.604307
331 1.773375 1.088917
332 1.173250 0.661237
333 1.524125 0.401676
334 1.681125 0.845874
335 15.081875 1.712135
336 15.013750 1.804934
337 14.251125 1.460623
338 4.260875 1.027447
339 2.114125 0.435917
340 0.635125 0.605927
341 0.000000 0.000000
342 11.730875 0.688556
343 0.027500 0.026835
344 0.000000 0.000000
345 1.547500 0.194468
346 3.542875 0.624242
347 0.000125 0.000125
