0 1
1 1
2 0
3 0
4 0
5 0
6 0
7 0
8 0
9 0
10 0
11 0
12 0
13 0
14 0
15 0
16 1
17 1
18 1
19 0
20 0
21 0
22 0
23 0
24 0
25 1
26 0
27 0
28 0
29 0
30 0
31 0
32 0
33 0
34 0
35 1
36 0
37 0
38 2
39 0
40 0
41 0
42 0
43 0
44 0
45 0
46 1
47 1
48 2
49 0
50 1
51 2
52 1
53 1
54 1
55 0
56 1
57 0
58 1
59 1
60 0
61 0
62 0
63 0
64 2
65 0
66 0
67 0
68 0
69 0
70 0
71 0
72 1
73 1
74 2
75 1
76 1
77 1
78 2
79 1
80 0
81 0
82 1
83 1
84 1
85 1
86 1
87 1
88 1
89 1
90 2
91 2
92 1
93 1
94 0
95 1
96 0
97 0
98 0
99 0
100 0
101 0
102 0
103 0
104 0
105 2
106 2
107 1
108 0
109 0
110 0
111 0
112 0
113 0
114 1
115 1
116 1
117 0
118 1
119 0
120 0
121 1
122 1
123 0
124 1
125 1
126 1
127 1
128 1
129 2
130 1
131 2
132 3
133 2
134 2
135 1
136 2
137 2
138 2
139 2
140 1
141 2
142 2
143 2
144 2
145 2
146 1
147 1
148 1
149 1
150 2
151 2
152 0
153 3
154 2
155 0
156 2
157 1
158 1
159 1
160 2
161 1
162 2
163 2
164 2
165 1
166 2
167 1
168 2
169 1
170 2
171 1
172 3
173 1
174 2
175 2
176 2
177 3
178 2
179 2
180 2
181 2
182 2
183 2
184 1
185 2
186 2
187 3
188 1
189 1
190 2
191 1
192 1
193 1
194 1
195 0
196 1
197 1
198 1
199 2
200 1
201 1
202 1
203 2
204 3
205 2
206 3
207 1
208 1
209 1
210 2
211 2
212 2
213 2
214 1
215 1
216 1
217 0
218 1
219 1
220 1
221 2
222 2
223 2
224 1
225 1
226 1
227 2
228 2
229 2
230 0
231 1
232 0
233 2
234 2
235 2
236 2
237 2
238 2
239 1
240 2
241 1
242 2
243 1
244 2
245 2
246 1
247 1
248 3
249 2
250 0
251 0
252 1
253 0
254 0
255 0
256 0
257 2
258 2
259 1
260 0
261 3
262 1
263 0
264 1
265 0
266 2
267 0
268 1
269 2
270 0
271 0
272 0
273 1
274 3
275 0
276 0
277 0
278 1
279 2
280 0
281 0
282 1
283 1
284 1
285 1
286 1
287 0
288 0
289 0
290 0
291 1
292 1
293 2
294 2
295 0
296 2
297 2
298 2
299 3
300 2
301 1
302 1
303 1
304 0
305 0
306 0
307 1
308 0
309 0
310 1
311 1
312 0
313 1
314 1
315 0
316 1
317 0
318 0
319 0
320 1
321 1
322 0
323 0
324 0
325 0
326 1
327 1
328 1
329 1
330 0
331 0
332 0
333 0
334 1
335 0
336 0
337 0
338 0
339 0
340 0
341 0
342 0
343 0
344 1
345 0
346 1
347 0
348 0
349 0
350 0
351 0
352 0
353 0
354 0
355 0
356 1
357 0
358 0
359 0
360 0
361 1
362 1
363 1
364 1
365 0
366 0
367 1
368 1
369 0
370 1
371 0
372 0
373 0
374 0
375 0
376 1
377 0
378 0
379 2
380 0
381 0
382 0
383 0
384 1
385 1
386 1
387 0
388 1
389 1
390 2
391 1
392 1
393 1
394 1
395 0
396 0
397 1
398 0
399 1
400 0
401 0
402 0
403 0
404 0
405 0
406 0
407 0
408 0
409 0
410 0
411 0
412 1
413 0
414 1
415 0
416 0
417 0
418 1
419 1
420 0
421 0
422 0
423 0
424 0
425 0
426 0
427 0
428 2
429 0
430 0
431 1
432 2
433 2
434 0
435 0
436 0
437 2
438 2
439 1
440 0
441 1
442 0
443 1
444 0
445 1
446 1
447 1
448 0
449 0
450 0
451 0
452 0
453 0
454 0
455 0
456 0
457 0
458 0
459 2
460 2
461 1
462 2
463 0
464 0
465 1
466 1
467 0
468 0
469 1
470 0
471 0
472 0
473 0
474 0
475 0
476 0
477 1
478 1
479 0
480 0
481 1
482 0
483 0
484 1
485 1
486 1
487 2
488 2
489 1
490 1
491 2
492 2
493 1
494 0
495 1
496 1
497 1
498 0
499 1
500 1
501 0
502 1
503 1
504 1
505 1
506 1
507 0
508 0
509 0
510 0
511 0
512 0
513 0
514 1
515 1
516 1
517 1
518 0
519 1
520 2
521 0
522 1
523 0
524 0
525 0
526 1
527 0
528 1
529 0
530 0
531 2
532 1
533 2
534 2
535 1
536 2
537 0
538 0
539 0
540 0
541 2
542 2
543 2
544 2
545 0
546 0
547 0
548 0
549 0
550 0
551 0
552 0
553 0
554 1
555 0
556 0
557 0
558 2
559 0
560 0
561 0
562 2
563 1
564 2
565 1
566 2
567 0
568 2
569 2
570 2
571 2
572 1
573 0
574 1
575 0
576 1
577 1
578 0
579 1
580 0
581 1
582 1
583 1
584 1
585 0
586 0
587 0
588 0
589 0
590 0
591 1
592 2
593 1
594 2
595 2
596 2
597 0
598 0
599 0
600 0
601 1
602 1
603 0
604 1
605 1
606 1
607 1
608 1
609 1
610 2
611 0
612 0
613 0
614 0
615 1
616 0
617 0
618 0
619 0
620 1
621 1
622 1
623 0
624 0
625 0
626 0
627 0
628 1
629 0
630 0
631 1
632 0
633 0
634 1
635 0
636 0
637 0
638 0
639 0
640 0
641 0
642 2
643 1
644 0
645 1
646 1
647 1
648 1
649 0
650 0
651 1
652 2
653 1
654 1
655 0
656 1
657 2
658 1
659 1
660 0
661 0
662 0
663 1
664 0
665 1
666 1
667 0
668 0
669 0
670 1
671 0
672 1
673 1
674 0
675 0
676 0
677 0
678 0
679 1
680 0
681 1
682 0
683 0
684 1
685 0
686 0
687 0
688 0
689 0
690 0
691 0
692 0
693 1
694 0
695 0
696 0
697 2
698 1
699 1
700 0
701 0
702 0
703 0
704 0
705 0
706 0
707 0
708 0
709 1
710 0
711 0
712 1
713 0
714 0
715 1
716 0
717 0
718 0
719 0
720 2
721 0
722 1
723 0
724 0
725 0
726 1
727 0
728 0
729 0
730 0
731 0
732 0
733 0
734 0
735 0
736 0
737 1
738 0
739 0
740 0
741 1
742 1
743 2
744 1
745 1
746 2
747 0
748 1
749 0
750 0
751 2
752 0
753 1
754 0
755 0
756 1
757 0
758 2
759 0
760 1
761 1
762 0
763 0
764 1
765 1
766 1
767 2
768 1
769 0
770 1
771 1
772 2
773 1
774 0
775 2
776 0
777 1
778 1
779 1
780 0
781 1
782 0
783 0
784 0
785 0
786 2
787 1
788 1
789 1
790 1
791 2
792 1
793 1
794 2
795 1
796 1
797 1
798 1
799 1
800 1
801 0
802 0
803 0
804 1
805 1
806 0
807 0
808 1
809 1
810 0
811 0
812 1
813 0
814 1
815 1
816 1
817 0
818 0
819 1
820 0
821 0
822 0
823 0
824 0
825 0
826 0
827 0
828 0
829 0
830 0
831 0
832 0
833 1
834 0
835 0
836 0
837 1
838 1
839 1
840 2
841 1
842 0
843 0
844 0
845 1
846 1
847 0
848 0
849 0
850 0
851 1
852 2
853 1
854 3
855 0
856 0
857 0
858 0
859 1
860 1
861 1
862 2
863 0
864 0
865 0
866 0
867 0
868 1
869 1
870 1
871 1
872 1
873 1
874 1
875 1
876 0
877 1
878 0
879 2
880 1
881 1
882 1
883 0
884 0
885 0
886 0
887 1
888 1
889 2
890 2
891 1
892 3
893 2
894 3
895 2
896 1
897 2
898 0
899 4
900 1
901 1
902 2
903 2
904 1
905 2
906 0
907 0
908 1
909 0
910 2
911 1
912 2
913 1
914 2
915 1
916 2
917 2
918 0
919 0
920 0
921 1
922 1
923 0
924 1
925 0
926 0
927 2
928 2
929 2
930 1
931 2
932 2
933 1
934 1
935 1
936 0
937 0
938 1
939 0
940 3
941 2
942 1
943 1
944 1
945 0
946 0
947 1
948 0
949 0
950 0
951 0
952 0
953 0
954 0
955 0
956 0
957 1
958 0
959 0
960 2
961 0
962 0
963 0
964 0
965 0
966 0
967 0
968 1
969 0
970 0
971 0
972 0
973 2
974 1
975 2
976 3
977 1
978 2
979 1
980 2
981 2
982 1
983 1
984 1
985 2
986 1
987 1
988 2
989 3
990 2
991 2
992 2
993 1
994 1
995 0
996 1
997 2
998 0
999 2
1000 0
1001 2
1002 2
1003 2
1004 1
1005 2
1006 0
1007 0
1008 2
1009 1
1010 1
1011 1
1012 1
1013 1
1014 1
1015 2
1016 0
1017 1
1018 1
1019 0
1020 0
1021 0
1022 0
1023 2
1024 2
1025 1
1026 0
1027 0
1028 0
1029 1
1030 2
1031 1
1032 2
1033 1
1034 1
1035 1
1036 1
1037 2
1038 1
1039 2
1040 2
1041 1
1042 0
1043 1
1044 2
1045 1
1046 0
1047 0
1048 1
1049 1
1050 1
1051 1
1052 2
1053 1
1054 0
1055 0
1056 1
1057 1
1058 1
1059 1
1060 1
1061 0
1062 2
1063 1
1064 0
1065 1
1066 1
1067 1
1068 1
1069 2
1070 0
1071 0
1072 2
1073 1
1074 2
1075 2
1076 0
1077 2
1078 2
1079 2
1080 1
1081 2
1082 1
1083 1
1084 1
1085 1
1086 2
1087 0
1088 1
1089 1
1090 1
1091 1
1092 0
1093 2
1094 1
1095 1
1096 0
1097 0
1098 2
1099 1
1100 0
1101 1
1102 1
1103 1
1104 2
1105 2
1106 0
1107 2
1108 0
1109 1
1110 1
1111 1
1112 1
1113 1
1114 1
1115 0
1116 0
1117 1
1118 0
1119 1
1120 1
1121 1
1122 0
1123 0
1124 2
1125 1
1126 1
1127 2
1128 2
1129 1
1130 0
1131 1
1132 1
1133 1
1134 1
1135 1
1136 1
1137 1
1138 2
1139 1
1140 0
1141 3
1142 2
1143 1
1144 2
1145 2
1146 2
1147 2
1148 2
1149 2
1150 2
1151 2
1152 2
1153 3
1154 2
1155 2
1156 1
1157 3
1158 2
1159 3
1160 2
1161 1
1162 1
1163 2
1164 1
1165 2
1166 1
1167 3
1168 2
1169 2
1170 2
1171 2
1172 1
1173 0
1174 1
1175 0
1176 0
1177 0
1178 0
1179 0
1180 0
1181 0
1182 0
1183 0
1184 1
1185 0
1186 1
1187 0
1188 0
1189 0
1190 0
1191 0
1192 0
1193 0
1194 1
1195 1
1196 1
1197 2
1198 1
1199 2
1200 3
1201 1
1202 1
1203 0
1204 0
1205 1
1206 0
1207 0
1208 1
1209 0
1210 1
1211 0
1212 1
1213 0
1214 1
1215 1
1216 0
1217 0
1218 0
1219 0
1220 1
1221 0
1222 0
1223 0
1224 0
1225 1
1226 1
1227 0
1228 0
1229 0
1230 0
1231 1
1232 1
1233 2
1234 0
1235 0
1236 1
1237 1
1238 2
1239 3
1240 3
1241 2
1242 1
1243 1
1244 3
1245 1
1246 2
1247 1
1248 1
1249 0
1250 0
1251 0
1252 0
1253 0
1254 0
1255 0
1256 0
1257 2
1258 0
1259 1
1260 2
1261 2
1262 0
1263 1
1264 1
1265 2
1266 2
1267 1
1268 2
1269 1
1270 1
1271 1
1272 1
1273 1
1274 1
1275 2
1276 1
1277 2
1278 1
1279 2
1280 2
1281 1
1282 1
1283 2
1284 2
1285 2
1286 3
1287 3
1288 2
1289 2
1290 2
1291 2
1292 0
1293 0
1294 0
1295 1
1296 1
1297 2
1298 2
1299 2
1300 1
1301 2
1302 1
1303 1
1304 0
1305 1
1306 0
1307 0
1308 0
1309 1
1310 1
1311 1
1312 0
1313 2
1314 1
1315 1
1316 0
1317 1
1318 1
1319 2
1320 3
1321 2
1322 5
1323 0
1324 0
1325 0
1326 1
1327 1
1328 1
1329 1
1330 1
1331 0
1332 0
1333 0
1334 0
1335 0
1336 2
1337 3
1338 2
1339 0
1340 1
1341 1
1342 1
1343 1
1344 0
1345 0
1346 1
1347 1
1348 1
1349 1
1350 0
1351 0
1352 1
1353 1
1354 0
1355 0
1356 0
1357 0
1358 0
1359 0
1360 0
1361 1
1362 0
1363 1
1364 2
1365 1
1366 1
1367 0
1368 1
1369 1
1370 2
1371 2
1372 0
1373 1
1374 0
1375 1
1376 1
1377 1
1378 0
1379 1
1380 1
1381 1
1382 1
1383 0
1384 2
1385 1
1386 1
1387 1
1388 1
1389 1
1390 0
1391 0
1392 2
1393 0
1394 0
1395 0
1396 0
1397 0
1398 0
1399 0
1400 1
1401 0
1402 1
1403 0
1404 0
1405 0
1406 2
1407 1
1408 1
1409 1
1410 1
1411 0
1412 0
1413 1
1414 0
1415 0
1416 0
1417 0
1418 0
1419 0
1420 0
1421 0
1422 0
1423 0
1424 0
1425 0
1426 0
1427 0
1428 0
1429 0
1430 0
1431 1
1432 1
1433 1
1434 1
1435 1
1436 3
1437 1
1438 0
1439 1
1440 1
1441 1
1442 1
1443 2
1444 1
1445 1
1446 1
1447 2
1448 1
1449 0
1450 1
1451 1
1452 1
1453 2
1454 2
1455 3
1456 0
1457 2
1458 1
1459 2
1460 3
1461 1
1462 3
1463 0
1464 1
1465 1
1466 0
1467 1
1468 2
1469 3
1470 3
1471 2
1472 1
1473 0
1474 1
1475 1
1476 1
1477 2
1478 2
1479 2
1480 2
1481 3
1482 1
1483 2
1484 1
1485 2
1486 2
1487 1
1488 2
1489 2
1490 2
1491 1
1492 1
1493 1
1494 1
1495 1
1496 1
1497 1
1498 1
1499 1
1500 1
1501 1
1502 1
1503 1
1504 1
1505 1
1506 1
1507 1
1508 2
1509 2
1510 1
1511 1
1512 1
1513 0
1514 1
1515 2
1516 1
1517 1
1518 1
1519 0
1520 2
1521 1
1522 0
1523 0
1524 0
1525 1
1526 0
1527 0
1528 0
1529 0
1530 0
1531 0
1532 0
1533 0
1534 0
1535 0
1536 0
1537 0
1538 0
1539 0
1540 0
1541 0
1542 0
1543 0
1544 0
1545 0
1546 0
1547 0
1548 0
1549 0
1550 0
1551 1
1552 0
1553 0
1554 0
1555 0
1556 0
1557 0
1558 0
1559 0
1560 0
1561 0
1562 0
1563 0
1564 0
1565 0
1566 0
1567 0
1568 0
1569 0
1570 0
1571 0
1572 0
1573 0
1574 0
1575 0
1576 0
1577 2
1578 2
1579 0
1580 0
1581 0
1582 0
1583 0
1584 0
1585 0
1586 0
1587 0
1588 2
1589 0
1590 0
1591 0
1592 1
1593 2
1594 1
1595 0
1596 1
1597 1
1598 0
1599 0
1600 1
1601 0
1602 0
1603 1
1604 0
1605 1
1606 1
1607 0
1608 2
1609 0
1610 0
1611 2
1612 0
1613 0
1614 0
1615 1
1616 0
1617 1
1618 0
1619 3
1620 2
1621 0
1622 2
1623 0
1624 0
1625 0
1626 1
1627 2
1628 0
1629 1
1630 2
1631 0
1632 1
1633 0
1634 1
1635 0
1636 0
1637 0
1638 0
1639 2
1640 2
1641 0
1642 1
1643 0
1644 0
1645 0
1646 0
1647 0
1648 0
1649 0
1650 0
1651 0
1652 0
1653 0
1654 0
1655 0
1656 0
1657 0
1658 0
1659 0
1660 0
1661 0
1662 0
1663 0
1664 0
1665 0
1666 0
1667 1
1668 2
1669 0
1670 0
1671 1
1672 0
1673 1
1674 1
1675 1
1676 0
1677 0
1678 1
1679 1
1680 1
1681 0
1682 1
1683 1
1684 1
1685 1
1686 0
1687 0
1688 0
1689 0
1690 1
1691 0
1692 1
1693 0
1694 0
1695 2
1696 2
1697 1
1698 1
1699 1
1700 1
1701 2
1702 3
1703 0
1704 0
1705 0
1706 0
1707 1
1708 0
1709 2
1710 2
1711 0
1712 0
1713 2
1714 1
1715 0
1716 1
1717 0
1718 0
1719 1
1720 0
1721 0
1722 0
1723 0
1724 0
1725 0
1726 0
1727 0
1728 0
1729 0
1730 0
1731 0
1732 0
1733 1
1734 1
1735 1
1736 1
1737 0
1738 2
1739 2
1740 2
1741 1
1742 3
1743 3
1744 3
1745 2
1746 2
1747 2
1748 2
1749 2
1750 3
1751 3
1752 2
1753 2
1754 2
1755 1
1756 0
1757 1
1758 2
1759 3
1760 2
1761 2
1762 1
1763 2
1764 2
1765 3
1766 0
1767 2
1768 3
1769 3
1770 1
1771 1
1772 2
1773 2
1774 1
1775 2
1776 2
1777 1
1778 1
1779 2
1780 3
1781 2
1782 2
1783 3
1784 1
1785 0
1786 0
1787 0
1788 0
1789 0
1790 0
1791 0
1792 0
1793 2
1794 1
1795 1
1796 1
1797 2
1798 2
1799 0
1800 2
1801 1
1802 0
1803 2
1804 2
1805 1
1806 0
1807 0
1808 2
1809 0
1810 0
1811 0
1812 0
1813 0
1814 0
1815 0
1816 0
1817 0
1818 0
1819 0
1820 0
1821 0
1822 0
1823 0
1824 0
1825 0
1826 0
1827 2
1828 0
1829 0
1830 0
1831 0
1832 1
1833 1
1834 1
1835 0
1836 2
1837 0
1838 1
1839 1
1840 0
1841 1
1842 2
1843 1
1844 1
1845 2
1846 2
1847 1
1848 0
1849 0
1850 2
1851 1
1852 1
1853 1
1854 1
1855 3
1856 2
1857 1
1858 0
1859 0
1860 0
1861 0
1862 0
1863 0
1864 1
1865 0
1866 0
1867 0
1868 1
1869 1
1870 0
1871 0
1872 1
1873 1
1874 1
1875 2
1876 2
1877 0
1878 0
1879 0
1880 0
1881 1
1882 0
1883 0
1884 1
1885 1
1886 0
1887 0
1888 1
1889 1
1890 1
1891 0
1892 0
1893 1
1894 0
1895 1
1896 0
1897 1
1898 0
1899 0
1900 0
1901 0
1902 1
1903 1
1904 0
1905 0
1906 1
1907 1
1908 1
1909 1
1910 0
1911 1
1912 0
1913 0
1914 2
1915 1
1916 1
1917 1
1918 0
1919 1
1920 2
1921 1
1922 1
1923 1
1924 2
1925 0
1926 0
1927 0
1928 0
1929 0
1930 0
1931 0
1932 0
1933 0
1934 0
1935 0
1936 0
1937 0
1938 0
1939 0
1940 0
1941 0
1942 0
1943 2
1944 0
1945 2
1946 1
1947 1
1948 2
1949 2
1950 0
1951 1
1952 1
1953 2
1954 1
1955 0
1956 0
1957 0
1958 0
1959 0
1960 0
1961 0
1962 0
1963 0
1964 1
1965 1
1966 1
1967 1
1968 1
1969 0
1970 0
1971 1
1972 0
1973 0
1974 1
1975 0
1976 0
1977 1
1978 0
1979 0
1980 1
1981 1
1982 1
1983 0
1984 1
1985 1
1986 2
1987 0
1988 0
1989 0
1990 0
1991 1
1992 2
1993 1
1994 1
1995 1
1996 2
1997 1
1998 1
1999 1
