0 2
1 2
2 1
3 2
4 2
5 2
6 2
7 2
8 2
9 1
10 1
11 2
12 1
13 1
14 3
15 2
16 2
17 2
18 2
19 2
20 1
21 2
22 1
23 1
24 3
25 1
26 0
27 1
28 0
29 1
30 1
31 1
32 0
33 0
34 0
35 0
36 0
37 0
38 1
39 0
40 0
41 0
42 0
43 2
44 2
45 3
46 2
47 2
48 2
49 2
50 3
51 4
52 3
53 3
54 3
55 3
56 3
57 3
58 3
59 2
60 2
61 0
62 2
63 2
64 1
65 0
66 1
67 1
68 1
69 1
70 1
71 1
72 2
73 1
74 1
75 1
76 2
77 1
78 2
79 0
80 2
81 2
82 2
83 1
84 1
85 1
86 1
87 3
88 2
89 2
90 3
91 1
92 2
93 1
94 2
95 2
96 1
97 1
98 0
99 0
100 1
101 0
102 2
103 1
104 1
105 0
106 1
107 0
108 1
109 1
110 0
111 0
112 1
113 1
114 1
115 0
116 1
117 2
118 0
119 2
120 1
121 0
122 1
123 1
124 0
125 0
126 1
127 1
128 0
129 0
130 0
131 1
132 0
133 1
134 2
135 2
136 1
137 3
138 3
139 3
140 2
141 3
142 2
143 2
144 0
145 1
146 3
147 2
148 1
149 2
150 1
151 3
152 2
153 2
154 1
155 1
156 1
157 1
158 1
159 3
160 2
161 2
162 2
163 2
164 1
165 2
166 2
167 1
168 2
169 2
170 2
171 1
172 1
173 2
174 2
175 2
176 3
177 2
178 2
179 1
180 2
181 2
182 2
183 2
184 0
185 1
186 0
187 1
188 0
189 0
190 1
191 1
192 1
193 1
194 1
195 0
196 0
197 0
198 1
199 1
200 0
201 0
202 0
203 0
204 0
205 1
206 0
207 0
208 0
209 0
210 0
211 0
212 0
213 0
214 0
215 1
216 1
217 0
218 0
219 0
220 1
221 1
222 1
223 1
224 3
225 1
226 1
227 2
228 1
229 1
230 0
231 1
232 0
233 0
234 0
235 0
236 0
237 0
238 0
239 0
240 0
241 0
242 0
243 0
244 0
245 0
246 0
247 0
248 0
249 0
250 0
251 0
252 0
253 0
254 0
255 0
256 0
257 0
258 0
259 0
260 0
261 0
262 0
263 0
264 0
265 0
266 0
267 0
268 0
269 0
270 1
271 0
272 0
273 0
274 0
275 0
276 0
277 0
278 0
279 0
280 0
281 0
282 0
283 0
284 0
285 0
286 0
287 0
288 0
289 0
290 0
291 0
292 0
293 0
294 0
295 0
296 0
297 0
298 0
299 0
300 0
301 0
302 0
303 0
304 0
305 0
306 0
307 0
308 0
309 0
310 0
311 0
312 0
313 0
314 0
315 0
316 0
317 0
318 0
319 0
320 0
321 0
322 0
323 0
324 0
325 0
326 0
327 0
328 0
329 0
330 0
331 0
332 0
333 0
334 0
335 0
336 0
337 0
338 0
339 0
340 0
341 0
342 0
343 0
344 1
345 1
346 0
347 0
348 0
349 0
350 0
351 0
352 0
353 0
354 0
355 0
356 0
357 0
358 0
359 0
360 0
361 0
362 0
363 0
364 0
365 0
366 0
367 0
368 0
369 0
370 0
371 0
372 0
373 0
374 0
375 1
376 1
377 0
378 0
379 0
380 1
381 0
382 1
383 0
384 0
385 0
386 1
387 0
388 0
389 0
390 2
391 1
392 0
393 0
394 0
395 1
396 1
397 0
398 0
399 0
400 1
401 0
402 0
403 0
404 0
405 0
406 1
407 0
408 1
409 0
410 1
411 0
412 0
413 0
414 0
415 1
416 0
417 0
418 1
419 0
420 0
421 0
422 0
423 0
424 0
425 1
426 0
427 0
428 0
429 1
430 0
431 0
432 0
433 0
434 0
435 0
436 1
437 1
438 0
439 0
440 0
441 1
442 0
443 1
444 0
445 0
446 1
447 1
448 1
449 0
450 1
451 1
452 1
453 0
454 0
455 0
456 0
457 0
458 0
459 0
460 0
461 0
462 0
463 0
464 0
465 0
466 0
467 0
468 0
469 0
470 0
471 0
472 0
473 0
474 0
475 0
476 0
477 0
478 0
479 1
480 0
481 0
482 0
483 0
484 0
485 0
486 0
487 0
488 0
489 0
490 0
491 0
492 0
493 0
494 0
495 0
496 0
497 0
498 0
499 0
500 0
501 0
502 0
503 0
504 0
505 1
506 1
507 0
508 0
509 0
510 0
511 0
512 0
513 0
514 1
515 0
516 0
517 0
518 0
519 0
520 0
521 0
522 0
523 0
524 0
525 0
526 0
527 0
528 0
529 0
530 0
531 0
532 0
533 0
534 0
535 0
536 0
537 0
538 0
539 0
540 0
541 0
542 0
543 0
544 0
545 0
546 0
547 0
548 0
549 0
550 0
551 0
552 0
553 0
554 0
555 0
556 0
557 0
558 0
559 0
560 0
561 1
562 1
563 0
564 0
565 0
566 0
567 0
568 0
569 0
570 0
571 0
572 0
573 0
574 0
575 0
576 0
577 0
578 0
579 0
580 0
581 0
582 0
583 0
584 0
585 0
586 0
587 0
588 0
589 0
590 0
591 0
592 0
593 0
594 0
595 1
596 0
597 0
598 0
599 0
600 0
601 0
602 0
603 1
604 0
605 0
606 0
607 0
608 0
609 0
610 0
611 0
612 0
613 0
614 0
615 1
616 0
617 0
618 0
619 1
620 0
621 0
622 0
623 0
624 0
625 0
626 0
627 0
628 1
629 1
630 0
631 2
632 2
633 0
634 1
635 1
636 1
637 1
638 1
639 0
640 0
641 1
642 1
643 1
644 0
645 0
646 1
647 0
648 0
649 1
650 1
651 1
652 1
653 0
654 0
655 1
656 1
657 0
658 0
659 0
660 1
661 0
662 0
663 0
664 0
665 1
666 2
667 0
668 0
669 0
670 0
671 0
672 0
673 0
674 0
675 0
676 0
677 0
678 0
679 0
680 0
681 0
682 0
683 0
684 0
685 0
686 0
687 0
688 0
689 0
690 0
691 0
692 0
693 0
694 0
695 0
696 0
697 0
698 0
699 0
700 0
701 0
702 0
703 0
704 0
705 0
706 0
707 0
708 0
709 0
710 0
711 0
712 0
713 0
714 0
715 0
716 0
717 2
718 2
719 0
720 1
721 0
722 1
723 0
724 0
725 0
726 1
727 0
728 0
729 1
730 1
731 1
732 3
733 0
734 0
735 0
736 0
737 0
738 0
739 0
740 0
741 0
742 0
743 0
744 0
745 0
746 0
747 0
748 0
749 0
750 0
751 0
752 0
753 0
754 0
755 0
756 0
757 0
758 0
759 0
760 0
761 0
762 0
763 0
764 0
765 0
766 0
767 0
768 0
769 0
770 0
771 0
772 0
773 1
774 0
775 0
776 0
777 0
778 0
779 1
780 1
781 0
782 1
783 0
784 0
785 0
786 1
787 2
788 1
789 1
790 1
791 1
792 0
793 1
794 0
795 0
796 1
797 2
798 1
799 1
800 0
801 1
802 0
803 1
804 0
805 1
806 1
807 1
808 2
809 1
810 1
811 1
812 1
813 1
814 1
815 0
816 0
817 1
818 1
819 0
820 1
821 0
822 0
823 0
824 0
825 0
826 0
827 0
828 1
829 2
830 1
831 0
832 0
833 0
834 1
835 1
836 0
837 1
838 1
839 1
840 1
841 1
842 2
843 1
844 0
845 1
846 0
847 0
848 1
849 1
850 1
851 1
852 2
853 0
854 1
855 1
856 1
857 0
858 0
859 1
860 2
861 0
862 1
863 2
864 1
865 0
866 2
867 1
868 0
869 0
870 0
871 1
872 0
873 1
874 2
875 1
876 0
877 1
878 0
879 1
880 1
881 1
882 1
883 1
884 0
885 0
886 1
887 0
888 0
889 0
890 0
891 1
892 1
893 2
894 1
895 1
896 1
897 1
898 1
899 1
900 1
901 1
902 1
903 0
904 0
905 2
906 0
907 0
908 1
909 1
910 1
911 1
912 2
913 1
914 0
915 1
916 0
917 2
918 0
919 0
920 0
921 1
922 0
923 0
924 0
925 0
926 0
927 0
928 1
929 0
930 1
931 0
932 0
933 2
934 1
935 1
936 1
937 0
938 0
939 2
940 1
941 1
942 0
943 0
944 1
945 2
946 3
947 0
948 0
949 0
950 1
951 1
952 1
953 1
954 0
955 2
956 1
957 1
958 1
959 2
960 1
961 2
962 3
963 3
964 3
965 2
966 0
967 2
968 2
969 1
970 1
971 1
972 0
973 0
974 1
975 1
976 1
977 3
978 1
979 0
980 1
981 0
982 0
983 0
984 2
985 1
986 1
987 1
988 0
989 0
990 1
991 1
992 1
993 1
994 0
995 1
996 1
997 1
998 1
999 1
1000 1
1001 2
1002 2
1003 2
1004 3
1005 2
1006 0
1007 2
1008 1
1009 1
1010 1
1011 1
1012 0
1013 1
1014 1
1015 0
1016 1
1017 1
1018 1
1019 0
1020 1
1021 0
1022 1
1023 1
1024 2
1025 1
1026 0
1027 1
1028 1
1029 0
1030 2
1031 1
1032 0
1033 0
1034 2
1035 2
1036 1
1037 0
1038 1
1039 0
1040 1
1041 0
1042 1
1043 2
1044 1
1045 0
1046 2
1047 0
1048 0
1049 2
1050 0
1051 1
1052 0
1053 0
1054 1
1055 1
1056 1
1057 1
1058 1
1059 1
1060 1
1061 0
1062 0
1063 1
1064 0
1065 1
1066 1
1067 0
1068 1
1069 1
1070 0
1071 1
1072 1
1073 2
1074 1
1075 0
1076 1
1077 1
1078 1
1079 1
1080 2
1081 1
1082 1
1083 1
1084 2
1085 1
1086 1
1087 1
1088 1
1089 1
1090 1
1091 1
1092 1
1093 1
1094 1
1095 2
1096 1
1097 1
1098 0
1099 1
1100 1
1101 1
1102 0
1103 1
1104 1
1105 2
1106 1
1107 1
1108 1
1109 1
1110 1
1111 1
1112 0
1113 1
1114 2
1115 0
1116 2
1117 0
1118 1
1119 1
1120 0
1121 1
1122 1
1123 0
1124 1
1125 0
1126 1
1127 0
1128 0
1129 0
1130 0
1131 0
1132 0
1133 0
1134 0
1135 0
1136 0
1137 1
1138 1
1139 0
1140 0
1141 1
1142 1
1143 1
1144 0
1145 1
1146 0
1147 0
1148 2
1149 2
1150 2
1151 1
1152 0
1153 0
1154 2
1155 1
1156 0
1157 0
1158 1
1159 1
1160 1
1161 0
1162 0
1163 0
1164 0
1165 1
1166 1
1167 0
1168 0
1169 0
1170 2
1171 2
1172 0
1173 0
1174 2
1175 0
1176 2
1177 1
1178 2
1179 1
1180 1
1181 0
1182 2
1183 2
1184 2
1185 2
1186 2
1187 3
1188 1
1189 0
1190 1
1191 0
1192 1
1193 1
1194 2
1195 0
1196 1
1197 2
1198 2
1199 1
1200 1
1201 3
1202 1
1203 1
1204 2
1205 0
1206 1
1207 3
1208 2
1209 1
1210 1
1211 0
1212 2
1213 0
1214 2
1215 0
1216 0
1217 0
1218 1
1219 1
1220 4
1221 3
1222 2
1223 1
1224 0
1225 1
1226 1
1227 1
1228 0
1229 1
1230 1
1231 2
1232 0
1233 0
1234 2
1235 2
1236 2
1237 0
1238 2
1239 2
1240 0
1241 2
1242 0
1243 0
1244 2
1245 1
1246 2
1247 1
1248 2
1249 1
1250 1
1251 0
1252 0
1253 0
1254 2
1255 0
1256 0
1257 0
1258 2
1259 0
1260 0
1261 0
1262 2
1263 1
1264 0
1265 2
1266 1
1267 0
1268 0
1269 1
1270 0
1271 2
1272 2
1273 1
1274 2
1275 2
1276 1
1277 2
1278 2
1279 2
1280 0
1281 0
1282 0
1283 0
1284 0
1285 0
1286 1
1287 0
1288 1
1289 0
1290 0
1291 0
1292 0
1293 0
1294 0
1295 0
1296 0
1297 1
1298 0
1299 0
1300 0
1301 0
1302 0
1303 0
1304 0
1305 0
1306 0
1307 0
1308 0
1309 0
1310 0
1311 0
1312 0
1313 0
1314 0
1315 1
1316 2
1317 2
1318 2
1319 1
1320 1
1321 0
1322 3
1323 3
1324 0
1325 2
1326 2
1327 1
1328 1
1329 2
1330 3
1331 1
1332 3
1333 1
1334 0
1335 0
1336 1
1337 1
1338 0
1339 0
1340 0
1341 0
1342 1
1343 1
1344 1
1345 1
1346 1
1347 0
1348 0
1349 0
1350 0
1351 0
1352 0
1353 1
1354 0
1355 1
1356 0
1357 1
1358 1
1359 1
1360 0
1361 0
1362 0
1363 0
1364 0
1365 0
1366 0
1367 0
1368 0
1369 0
1370 0
1371 0
1372 0
1373 0
1374 0
1375 0
1376 0
1377 0
1378 0
1379 0
1380 0
1381 0
1382 0
1383 0
1384 0
1385 0
1386 0
1387 0
1388 0
1389 0
1390 0
1391 0
1392 0
1393 0
1394 0
1395 0
1396 0
1397 0
1398 0
1399 0
1400 0
1401 0
1402 0
1403 0
1404 0
1405 0
1406 0
1407 0
1408 0
1409 0
1410 0
1411 0
1412 0
1413 0
1414 0
1415 0
1416 0
1417 0
1418 0
1419 0
1420 0
1421 0
1422 0
1423 0
1424 0
1425 0
1426 0
1427 0
1428 0
1429 0
1430 0
1431 0
1432 0
1433 0
1434 0
1435 0
1436 0
1437 0
1438 0
1439 0
1440 0
1441 0
1442 0
1443 0
1444 0
1445 0
1446 0
1447 0
1448 0
1449 0
1450 0
1451 0
1452 0
1453 0
1454 0
1455 0
1456 0
1457 0
1458 0
1459 0
1460 0
1461 0
1462 0
1463 0
1464 0
1465 0
1466 0
1467 0
1468 0
1469 0
1470 0
1471 0
1472 0
1473 0
1474 0
1475 0
1476 0
1477 0
1478 0
1479 0
1480 0
1481 0
1482 0
1483 0
1484 0
1485 0
1486 0
1487 0
1488 0
1489 0
1490 0
1491 0
1492 0
1493 0
1494 0
1495 0
1496 0
1497 0
1498 0
1499 0
1500 0
1501 0
1502 0
1503 0
1504 0
1505 0
1506 0
1507 0
1508 0
1509 0
1510 0
1511 0
1512 0
1513 0
1514 0
1515 0
1516 0
1517 0
1518 0
1519 0
1520 0
1521 0
1522 0
1523 0
1524 0
1525 0
1526 0
1527 0
1528 0
1529 0
1530 0
1531 0
1532 0
1533 0
1534 0
1535 0
1536 0
1537 0
1538 0
1539 0
1540 0
1541 0
1542 0
1543 0
1544 0
1545 0
1546 0
1547 0
1548 0
1549 0
1550 0
1551 0
1552 0
1553 0
1554 0
1555 0
1556 0
1557 0
1558 0
1559 0
1560 0
1561 0
1562 0
1563 0
1564 0
1565 0
1566 0
1567 0
1568 0
1569 0
1570 0
1571 0
1572 1
1573 0
1574 0
1575 0
1576 0
1577 0
1578 0
1579 0
1580 0
1581 0
1582 0
1583 0
1584 0
1585 0
1586 0
1587 0
1588 0
1589 0
1590 0
1591 0
1592 0
1593 0
1594 0
1595 0
1596 0
1597 0
1598 0
1599 0
1600 0
1601 0
1602 0
1603 0
1604 0
1605 0
1606 0
1607 0
1608 0
1609 0
1610 0
1611 0
1612 0
1613 0
1614 0
1615 0
1616 0
1617 0
1618 0
1619 0
1620 0
1621 0
1622 0
1623 0
1624 0
1625 0
1626 0
1627 0
1628 0
1629 0
1630 0
1631 0
1632 0
1633 0
1634 0
1635 0
1636 0
1637 0
1638 0
1639 0
1640 0
1641 0
1642 0
1643 0
1644 0
1645 0
1646 0
1647 0
1648 0
1649 0
1650 0
1651 0
1652 0
1653 0
1654 0
1655 0
1656 0
1657 0
1658 0
1659 0
1660 0
1661 0
1662 0
1663 0
1664 0
1665 0
1666 0
1667 0
1668 0
1669 0
1670 0
1671 0
1672 0
1673 0
1674 0
1675 0
1676 0
1677 0
1678 0
1679 0
1680 0
1681 0
1682 0
1683 0
1684 0
1685 0
1686 0
1687 0
1688 0
1689 0
1690 0
1691 0
1692 0
1693 0
1694 0
1695 0
1696 0
1697 0
1698 0
1699 0
1700 0
1701 0
1702 0
1703 0
1704 0
1705 0
1706 0
1707 0
1708 0
1709 0
1710 0
1711 0
1712 0
1713 0
1714 0
1715 0
1716 0
1717 0
1718 0
1719 0
1720 0
1721 0
1722 0
1723 0
1724 0
1725 0
1726 0
1727 0
1728 0
1729 0
1730 0
1731 0
1732 0
1733 0
1734 0
1735 0
1736 0
1737 0
1738 0
1739 0
1740 0
1741 0
1742 0
1743 0
1744 0
1745 0
1746 0
1747 0
1748 0
1749 0
1750 0
1751 0
1752 0
1753 0
1754 0
1755 0
1756 0
1757 0
1758 0
1759 0
1760 0
1761 0
1762 0
1763 0
1764 0
1765 0
1766 0
1767 0
1768 0
1769 0
1770 0
1771 0
1772 0
1773 0
1774 0
1775 0
1776 0
1777 0
1778 0
1779 0
1780 0
1781 0
1782 0
1783 0
1784 0
1785 0
1786 0
1787 0
1788 0
1789 0
1790 0
1791 0
1792 0
1793 0
1794 0
1795 0
1796 0
1797 0
1798 0
1799 0
1800 0
1801 0
1802 0
1803 0
1804 0
1805 0
1806 0
1807 0
1808 0
1809 0
1810 0
1811 0
1812 0
1813 0
1814 0
1815 0
1816 0
1817 0
1818 0
1819 0
1820 0
1821 0
1822 0
1823 0
1824 0
1825 0
1826 0
1827 0
1828 0
1829 0
1830 0
1831 0
1832 0
1833 0
1834 0
1835 0
1836 0
1837 0
1838 0
1839 0
1840 0
1841 0
1842 0
1843 0
1844 0
1845 1
1846 1
1847 1
1848 1
1849 1
1850 1
1851 0
1852 0
1853 1
1854 1
1855 1
1856 1
1857 1
1858 0
1859 1
1860 1
1861 1
1862 1
1863 1
1864 1
1865 0
1866 0
1867 1
1868 1
1869 0
1870 0
1871 1
1872 1
1873 1
1874 1
1875 0
1876 0
1877 0
1878 0
1879 2
1880 0
1881 2
1882 0
1883 1
1884 3
1885 2
1886 1
1887 1
1888 0
1889 0
1890 0
1891 0
1892 0
1893 1
1894 0
1895 0
1896 0
1897 0
1898 1
1899 1
1900 0
1901 0
1902 0
1903 0
1904 0
1905 0
1906 1
1907 1
1908 0
1909 0
1910 0
1911 0
1912 0
1913 0
1914 0
1915 1
1916 1
1917 0
1918 1
1919 1
1920 0
1921 0
1922 0
1923 0
1924 0
1925 0
1926 0
1927 0
1928 0
1929 0
1930 0
1931 0
1932 1
1933 0
1934 0
1935 0
1936 0
1937 0
1938 0
1939 0
1940 0
1941 0
1942 0
1943 0
1944 0
1945 0
1946 0
1947 0
1948 0
1949 0
1950 0
1951 0
1952 0
1953 0
1954 0
1955 0
1956 0
1957 0
1958 0
1959 0
1960 0
1961 0
1962 0
1963 0
1964 0
1965 0
1966 1
1967 1
1968 1
1969 1
1970 0
1971 1
1972 1
1973 1
1974 1
1975 1
1976 1
1977 1
1978 0
1979 1
1980 1
1981 1
1982 1
1983 1
1984 0
1985 0
1986 0
1987 0
1988 1
1989 1
1990 0
1991 0
1992 0
1993 1
1994 1
1995 1
1996 1
1997 0
1998 1
1999 0
