0 2
1 2
2 1
3 1
4 1
5 0
6 0
7 1
8 1
9 1
10 1
11 1
12 0
13 1
14 1
15 1
16 1
17 0
18 1
19 1
20 1
21 0
22 1
23 2
24 1
25 1
26 1
27 0
28 1
29 1
30 0
31 0
32 0
33 1
34 0
35 0
36 1
37 1
38 0
39 0
40 0
41 0
42 1
43 1
44 1
45 1
46 0
47 1
48 0
49 1
50 0
51 1
52 1
53 1
54 0
55 0
56 0
57 0
58 0
59 0
60 0
61 1
62 0
63 0
64 0
65 1
66 0
67 0
68 0
69 0
70 2
71 0
72 1
73 1
74 0
75 0
76 1
77 1
78 1
79 0
80 1
81 0
82 0
83 1
84 0
85 0
86 0
87 0
88 0
89 0
90 0
91 1
92 1
93 0
94 0
95 1
96 0
97 1
98 0
99 0
100 0
101 0
102 0
103 0
104 0
105 0
106 1
107 0
108 0
109 1
110 0
111 1
112 0
113 1
114 1
115 0
116 1
117 0
118 1
119 0
120 1
121 1
122 1
123 1
124 1
125 0
126 2
127 0
128 1
129 1
130 1
131 0
132 1
133 0
134 1
135 1
136 0
137 1
138 1
139 0
140 0
141 0
142 0
143 1
144 0
145 0
146 0
147 0
148 0
149 1
150 1
151 0
152 0
153 1
154 0
155 0
156 0
157 1
158 1
159 1
160 0
161 1
162 0
163 0
164 0
165 0
166 1
167 1
168 0
169 0
170 0
171 0
172 2
173 1
174 0
175 1
176 1
177 0
178 0
179 0
180 0
181 0
182 2
183 3
184 1
185 1
186 2
187 1
188 2
189 2
190 1
191 2
192 1
193 2
194 1
195 1
196 1
197 0
198 3
199 1
200 0
201 2
202 2
203 2
204 1
205 2
206 1
207 2
208 0
209 0
210 1
211 1
212 1
213 2
214 1
215 0
216 1
217 1
218 1
219 1
220 2
221 1
222 0
223 0
224 1
225 1
226 2
227 1
228 2
229 2
230 2
231 2
232 1
233 1
234 2
235 1
236 1
237 2
238 1
239 1
240 2
241 0
242 3
243 2
244 0
245 1
246 1
247 1
248 1
249 2
250 1
251 0
252 1
253 1
254 2
255 0
256 0
257 0
258 0
259 2
260 0
261 0
262 0
263 0
264 1
265 0
266 1
267 1
268 0
269 1
270 2
271 0
272 1
273 1
274 0
275 0
276 0
277 0
278 1
279 0
280 0
281 1
282 1
283 0
284 0
285 2
286 1
287 2
288 1
289 1
290 0
291 1
292 0
293 2
294 1
295 1
296 1
297 1
298 1
299 2
300 2
301 1
302 1
303 1
304 0
305 0
306 1
307 1
308 1
309 1
310 2
311 0
312 1
313 1
314 2
315 1
316 2
317 0
318 1
319 2
320 1
321 0
322 1
323 0
324 2
325 1
326 1
327 1
328 1
329 0
330 0
331 2
332 1
333 1
334 0
335 0
336 0
337 0
338 1
339 1
340 0
341 1
342 1
343 0
344 0
345 0
346 1
347 1
348 1
349 2
350 2
351 1
352 0
353 0
354 2
355 1
356 0
357 0
358 1
359 1
360 0
361 1
362 0
363 1
364 0
365 1
366 1
367 1
368 0
369 1
370 0
371 0
372 1
373 1
374 0
375 0
376 0
377 0
378 0
379 1
380 2
381 1
382 0
383 1
384 1
385 1
386 2
387 0
388 0
389 1
390 1
391 1
392 1
393 0
394 0
395 0
396 1
397 1
398 1
399 0
400 1
401 1
402 0
403 1
404 0
405 1
406 0
407 1
408 0
409 0
410 0
411 1
412 0
413 0
414 2
415 1
416 0
417 2
418 1
419 0
420 0
421 1
422 1
423 0
424 1
425 1
426 1
427 1
428 0
429 1
430 1
431 1
432 0
433 0
434 1
435 1
436 0
437 0
438 0
439 0
440 0
441 0
442 1
443 0
444 0
445 0
446 0
447 0
448 0
449 0
450 0
451 1
452 0
453 1
454 1
455 1
456 0
457 2
458 1
459 1
460 1
461 0
462 1
463 1
464 1
465 0
466 1
467 0
468 1
469 2
470 1
471 1
472 0
473 0
474 1
475 1
476 2
477 1
478 2
479 3
480 1
481 1
482 1
483 1
484 1
485 1
486 1
487 0
488 0
489 0
490 1
491 2
492 1
493 1
494 2
495 0
496 1
497 2
498 0
499 1
500 1
501 1
502 2
503 1
504 0
505 1
506 0
507 1
508 1
509 1
510 0
511 1
512 1
513 2
514 0
515 1
516 1
517 1
518 1
519 0
520 2
521 2
522 1
523 1
524 1
525 2
526 1
527 1
528 1
529 0
530 1
531 0
532 0
533 1
534 0
535 1
536 2
537 1
538 1
539 0
540 0
541 1
542 1
543 0
544 1
545 1
546 1
547 1
548 1
549 2
550 1
551 1
552 1
553 1
554 1
555 0
556 1
557 0
558 1
559 1
560 1
561 1
562 1
563 1
564 0
565 2
566 0
567 1
568 0
569 1
570 0
571 0
572 1
573 0
574 0
575 1
576 0
577 0
578 0
579 1
580 1
581 1
582 0
583 2
584 0
585 1
586 1
587 1
588 0
589 2
590 1
591 2
592 1
593 0
594 1
595 1
596 0
597 2
598 1
599 1
600 0
601 1
602 2
603 1
604 1
605 1
606 0
607 3
608 0
609 1
610 1
611 1
612 1
613 0
614 1
615 1
616 1
617 0
618 1
619 0
620 0
621 1
622 0
623 1
624 0
625 1
626 1
627 2
628 0
629 1
630 0
631 0
632 0
633 0
634 1
635 1
636 1
637 1
638 0
639 0
640 0
641 1
642 1
643 1
644 0
645 0
646 1
647 1
648 1
649 0
650 2
651 1
652 1
653 0
654 1
655 0
656 1
657 1
658 1
659 0
660 1
661 1
662 0
663 0
664 1
665 1
666 0
667 1
668 1
669 1
670 1
671 1
672 1
673 1
674 0
675 1
676 1
677 1
678 0
679 0
680 1
681 1
682 0
683 0
684 0
685 0
686 0
687 1
688 1
689 1
690 0
691 0
692 0
693 0
694 1
695 0
696 1
697 1
698 1
699 0
700 2
701 1
702 0
703 0
704 1
705 1
706 1
707 0
708 0
709 0
710 1
711 1
712 2
713 2
714 2
715 0
716 2
717 2
718 0
719 1
720 1
721 1
722 1
723 1
724 0
725 0
726 0
727 2
728 0
729 1
730 1
731 0
732 0
733 0
734 1
735 1
736 1
737 1
738 0
739 0
740 1
741 0
742 2
743 2
744 1
745 1
746 0
747 1
748 0
749 1
750 0
751 2
752 1
753 0
754 0
755 2
756 1
757 2
758 1
759 0
760 1
761 2
762 1
763 1
764 1
765 0
766 1
767 1
768 0
769 0
770 0
771 1
772 1
773 1
774 1
775 1
776 0
777 1
778 2
779 1
780 1
781 2
782 0
783 1
784 0
785 1
786 1
787 1
788 1
789 1
790 2
791 1
792 1
793 0
794 1
795 1
796 2
797 0
798 0
799 0
800 1
801 2
802 1
803 0
804 1
805 2
806 1
807 1
808 0
809 0
810 0
811 0
812 0
813 1
814 1
815 0
816 0
817 0
818 1
819 2
820 0
821 0
822 0
823 0
824 1
825 1
826 0
827 1
828 1
829 1
830 1
831 0
832 0
833 0
834 0
835 1
836 1
837 1
838 0
839 1
840 1
841 1
842 0
843 1
844 1
845 1
846 0
847 1
848 1
849 1
850 1
851 0
852 1
853 1
854 1
855 1
856 0
857 1
858 0
859 0
860 0
861 0
862 1
863 1
864 0
865 0
866 1
867 1
868 0
869 2
870 0
871 1
872 1
873 1
874 0
875 2
876 1
877 2
878 0
879 1
880 1
881 1
882 0
883 1
884 1
885 0
886 0
887 0
888 1
889 0
890 0
891 1
892 1
893 1
894 0
895 0
896 0
897 1
898 2
899 0
900 1
901 0
902 1
903 0
904 1
905 1
906 0
907 0
908 0
909 1
910 1
911 0
912 1
913 2
914 1
915 1
916 1
917 2
918 0
919 2
920 1
921 0
922 0
923 2
924 1
925 1
926 0
927 0
928 1
929 1
930 1
931 0
932 1
933 0
934 0
935 0
936 0
937 0
938 0
939 1
940 0
941 0
942 1
943 0
944 1
945 1
946 1
947 0
948 0
949 1
950 1
951 1
952 0
953 1
954 1
955 1
956 0
957 1
958 1
959 1
960 1
961 1
962 0
963 1
964 1
965 1
966 0
967 0
968 1
969 1
970 0
971 1
972 1
973 0
974 0
975 1
976 0
977 0
978 0
979 0
980 1
981 0
982 0
983 0
984 0
985 1
986 0
987 0
988 1
989 1
990 2
991 2
992 0
993 0
994 1
995 0
996 1
997 1
998 2
999 2
1000 2
1001 2
1002 2
1003 2
1004 1
1005 0
1006 1
1007 0
1008 1
1009 1
1010 2
1011 0
1012 1
1013 1
1014 1
1015 1
1016 1
1017 1
1018 2
1019 2
1020 0
1021 1
1022 1
1023 1
1024 0
1025 0
1026 0
1027 2
1028 1
1029 1
1030 0
1031 1
1032 0
1033 1
1034 1
1035 2
1036 1
1037 0
1038 2
1039 1
1040 0
1041 1
1042 0
1043 0
1044 0
1045 1
1046 0
1047 1
1048 1
1049 0
1050 2
1051 2
1052 2
1053 1
1054 1
1055 2
1056 0
1057 1
1058 1
1059 0
1060 0
1061 2
1062 0
1063 0
1064 0
1065 0
1066 0
1067 1
1068 2
1069 1
1070 1
1071 0
1072 2
1073 1
1074 1
1075 1
1076 0
1077 1
1078 1
1079 2
1080 1
1081 1
1082 1
1083 1
1084 0
1085 1
1086 2
1087 1
1088 1
1089 2
1090 3
1091 1
1092 0
1093 0
1094 0
1095 1
1096 1
1097 0
1098 0
1099 1
1100 1
1101 0
1102 1
1103 0
1104 1
1105 0
1106 0
1107 1
1108 0
1109 0
1110 0
1111 0
1112 0
1113 0
1114 2
1115 1
1116 1
1117 0
1118 0
1119 0
1120 0
1121 0
1122 1
1123 0
1124 0
1125 0
1126 0
1127 0
1128 0
1129 1
1130 0
1131 0
1132 1
1133 0
1134 0
1135 0
1136 1
1137 2
1138 2
1139 1
1140 1
1141 1
1142 0
1143 1
1144 0
1145 1
1146 1
1147 1
1148 1
1149 1
1150 1
1151 1
1152 2
1153 1
1154 0
1155 1
1156 0
1157 2
1158 1
1159 1
1160 1
1161 1
1162 0
1163 1
1164 0
1165 1
1166 1
1167 0
1168 1
1169 2
1170 2
1171 1
1172 1
1173 0
1174 0
1175 1
1176 1
1177 1
1178 0
1179 3
1180 1
1181 2
1182 1
1183 0
1184 1
1185 1
1186 1
1187 1
1188 1
1189 0
1190 1
1191 2
1192 2
1193 1
1194 1
1195 1
1196 0
1197 1
1198 0
1199 1
1200 1
1201 1
1202 1
1203 1
1204 1
1205 1
1206 0
1207 0
1208 1
1209 1
1210 1
1211 1
1212 0
1213 2
1214 1
1215 1
1216 0
1217 1
1218 1
1219 2
1220 1
1221 0
1222 1
1223 1
1224 1
1225 1
1226 1
1227 0
1228 2
1229 0
1230 1
1231 2
1232 1
1233 1
1234 1
1235 1
1236 0
1237 1
1238 1
1239 1
1240 1
1241 2
1242 1
1243 2
1244 1
1245 1
1246 1
1247 1
1248 2
1249 0
1250 1
1251 1
1252 0
1253 0
1254 0
1255 0
1256 1
1257 1
1258 1
1259 1
1260 0
1261 0
1262 0
1263 0
1264 1
1265 2
1266 1
1267 1
1268 1
1269 0
1270 0
1271 1
1272 1
1273 1
1274 2
1275 0
1276 1
1277 2
1278 1
1279 1
1280 0
1281 1
1282 1
1283 0
1284 1
1285 0
1286 1
1287 1
1288 1
1289 1
1290 1
1291 0
1292 0
1293 0
1294 0
1295 0
1296 1
1297 1
1298 1
1299 2
1300 1
1301 2
1302 0
1303 1
1304 0
1305 1
1306 0
1307 0
1308 2
1309 1
1310 2
1311 1
1312 2
1313 0
1314 1
1315 2
1316 1
1317 0
1318 0
1319 0
1320 1
1321 1
1322 1
1323 0
1324 0
1325 0
1326 0
1327 0
1328 2
1329 2
1330 0
1331 1
1332 1
1333 1
1334 1
1335 0
1336 0
1337 1
1338 1
1339 0
1340 0
1341 0
1342 1
1343 0
1344 1
1345 0
1346 0
1347 1
1348 1
1349 1
1350 1
1351 1
1352 2
1353 1
1354 1
1355 1
1356 2
1357 0
1358 0
1359 1
1360 1
1361 0
1362 1
1363 0
1364 1
1365 0
1366 0
1367 0
1368 1
1369 1
1370 1
1371 0
1372 0
1373 1
1374 2
1375 1
1376 0
1377 1
1378 1
1379 0
1380 0
1381 0
1382 1
1383 0
1384 0
1385 0
1386 1
1387 0
1388 1
1389 1
1390 0
1391 1
1392 0
1393 2
1394 1
1395 0
1396 0
1397 1
1398 1
1399 2
1400 1
1401 1
1402 1
1403 2
1404 1
1405 1
1406 0
1407 1
1408 2
1409 0
1410 0
1411 0
1412 1
1413 1
1414 2
1415 0
1416 0
1417 1
1418 1
1419 1
1420 2
1421 2
1422 1
1423 1
1424 2
1425 0
1426 1
1427 0
1428 0
1429 1
1430 1
1431 1
1432 2
1433 1
1434 1
1435 1
1436 1
1437 1
1438 1
1439 1
1440 1
1441 1
1442 0
1443 0
1444 1
1445 0
1446 0
1447 0
1448 0
1449 0
1450 0
1451 1
1452 2
1453 0
1454 0
1455 0
1456 0
1457 1
1458 0
1459 0
1460 0
1461 2
1462 0
1463 1
1464 1
1465 1
1466 0
1467 0
1468 0
1469 0
1470 0
1471 1
1472 1
1473 2
1474 1
1475 0
1476 1
1477 0
1478 0
1479 1
1480 1
1481 1
1482 0
1483 1
1484 1
1485 1
1486 1
1487 0
1488 1
1489 2
1490 1
1491 2
1492 0
1493 1
1494 0
1495 1
1496 0
1497 0
1498 1
1499 1
1500 1
1501 0
1502 1
1503 1
1504 0
1505 2
1506 0
1507 1
1508 1
1509 1
1510 0
1511 0
1512 2
1513 2
1514 1
1515 0
1516 1
1517 0
1518 0
1519 0
1520 1
1521 1
1522 0
1523 1
1524 0
1525 1
1526 0
1527 0
1528 0
1529 0
1530 0
1531 1
1532 1
1533 0
1534 1
1535 0
1536 0
1537 0
1538 0
1539 0
1540 0
1541 1
1542 1
1543 2
1544 0
1545 1
1546 1
1547 1
1548 1
1549 0
1550 0
1551 1
1552 2
1553 1
1554 1
1555 1
1556 1
1557 2
1558 1
1559 1
1560 2
1561 0
1562 0
1563 0
1564 0
1565 0
1566 1
1567 0
1568 0
1569 1
1570 0
1571 0
1572 0
1573 0
1574 2
1575 1
1576 1
1577 1
1578 2
1579 1
1580 2
1581 2
1582 1
1583 0
1584 2
1585 2
1586 1
1587 1
1588 1
1589 1
1590 1
1591 1
1592 0
1593 1
1594 2
1595 2
1596 1
1597 0
1598 1
1599 1
1600 2
1601 1
1602 1
1603 1
1604 0
1605 1
1606 2
1607 2
1608 1
1609 2
1610 1
1611 2
1612 2
1613 2
1614 1
1615 0
1616 1
1617 1
1618 1
1619 1
1620 1
1621 1
1622 1
1623 1
1624 1
1625 2
1626 1
1627 0
1628 2
1629 1
1630 1
1631 2
1632 1
1633 1
1634 2
1635 0
1636 2
1637 1
1638 1
1639 2
1640 3
1641 1
1642 1
1643 1
1644 1
1645 1
1646 2
1647 1
1648 2
1649 2
1650 2
1651 2
1652 2
1653 2
1654 1
1655 1
1656 2
1657 0
1658 2
1659 1
1660 1
1661 2
1662 1
1663 1
1664 1
1665 1
1666 2
1667 1
1668 2
1669 1
1670 1
1671 2
1672 1
1673 1
1674 1
1675 2
1676 1
1677 1
1678 1
1679 1
1680 1
1681 1
1682 1
1683 3
1684 2
1685 1
1686 0
1687 2
1688 1
1689 2
1690 1
1691 2
1692 1
1693 2
1694 1
1695 2
1696 2
1697 2
1698 1
1699 2
1700 2
1701 1
1702 2
1703 2
1704 2
1705 2
1706 1
1707 0
1708 1
1709 0
1710 2
1711 2
1712 2
1713 1
1714 1
1715 1
1716 2
1717 3
1718 2
1719 1
1720 0
1721 0
1722 0
1723 0
1724 1
1725 0
1726 1
1727 1
1728 0
1729 0
1730 0
1731 2
1732 0
1733 1
1734 1
1735 1
1736 0
1737 1
1738 1
1739 1
1740 0
1741 1
1742 2
1743 0
1744 1
1745 2
1746 0
1747 1
1748 1
1749 1
1750 1
1751 2
1752 1
1753 1
1754 1
1755 1
1756 1
1757 1
1758 0
1759 1
1760 1
1761 1
1762 1
1763 1
1764 1
1765 1
1766 0
1767 0
1768 0
1769 0
1770 0
1771 0
1772 0
1773 0
1774 1
1775 0
1776 0
1777 0
1778 1
1779 0
1780 0
1781 0
1782 0
1783 1
1784 1
1785 2
1786 0
1787 1
1788 0
1789 1
1790 1
1791 1
1792 0
1793 0
1794 0
1795 1
1796 1
1797 0
1798 1
1799 2
1800 2
1801 0
1802 1
1803 1
1804 0
1805 0
1806 1
1807 1
1808 0
1809 0
1810 0
1811 1
1812 1
1813 0
1814 1
1815 1
1816 0
1817 0
1818 0
1819 0
1820 1
1821 1
1822 1
1823 0
1824 0
1825 0
1826 0
1827 2
1828 1
1829 1
1830 1
1831 1
1832 1
1833 1
1834 1
1835 0
1836 1
1837 0
1838 0
1839 1
1840 2
1841 1
1842 2
1843 0
1844 0
1845 2
1846 1
1847 1
1848 0
1849 0
1850 1
1851 0
1852 0
1853 1
1854 1
1855 0
1856 1
1857 1
1858 0
1859 1
1860 1
1861 1
1862 0
1863 0
1864 2
1865 2
1866 1
1867 2
1868 0
1869 2
1870 1
1871 1
1872 1
1873 2
1874 0
1875 0
1876 0
1877 2
1878 1
1879 0
1880 1
1881 2
1882 1
1883 1
1884 1
1885 1
1886 0
1887 0
1888 1
1889 1
1890 1
1891 1
1892 1
1893 2
1894 1
1895 1
1896 1
1897 0
1898 1
1899 2
1900 1
1901 1
1902 1
1903 1
1904 1
1905 0
1906 1
1907 0
1908 1
1909 2
1910 0
1911 1
1912 1
1913 0
1914 1
1915 0
1916 0
1917 0
1918 1
1919 2
1920 0
1921 0
1922 1
1923 1
1924 1
1925 0
1926 0
1927 2
1928 0
1929 2
1930 2
1931 1
1932 1
1933 1
1934 2
1935 1
1936 1
1937 0
1938 0
1939 2
1940 2
1941 1
1942 1
1943 1
1944 1
1945 0
1946 1
1947 0
1948 2
1949 0
1950 2
1951 1
1952 0
1953 0
1954 0
1955 0
1956 1
1957 3
1958 0
1959 1
1960 0
1961 0
1962 2
1963 1
1964 0
1965 1
1966 0
1967 0
1968 2
1969 1
1970 0
1971 1
1972 2
1973 1
1974 1
1975 0
1976 1
1977 1
1978 0
1979 0
1980 2
1981 1
1982 1
1983 2
1984 1
1985 0
1986 1
1987 1
1988 1
1989 0
1990 3
1991 1
1992 0
1993 1
1994 1
1995 1
1996 1
1997 0
1998 1
1999 0
