0 2
1 1
2 1
3 1
4 2
5 0
6 0
7 0
8 1
9 2
10 1
11 0
12 1
13 1
14 0
15 0
16 0
17 1
18 0
19 0
20 0
21 0
22 0
23 0
24 0
25 0
26 0
27 0
28 0
29 0
30 0
31 0
32 0
33 0
34 0
35 0
36 0
37 0
38 0
39 0
40 0
41 0
42 0
43 2
44 0
45 0
46 0
47 0
48 0
49 0
50 0
51 0
52 0
53 0
54 0
55 0
56 1
57 0
58 0
59 1
60 0
61 0
62 0
63 1
64 0
65 0
66 0
67 0
68 0
69 0
70 0
71 0
72 0
73 1
74 2
75 0
76 0
77 0
78 0
79 0
80 1
81 1
82 1
83 1
84 0
85 0
86 0
87 1
88 1
89 1
90 0
91 0
92 0
93 0
94 0
95 1
96 1
97 1
98 1
99 0
100 0
101 0
102 0
103 0
104 0
105 0
106 1
107 1
108 1
109 1
110 3
111 0
112 1
113 0
114 0
115 0
116 0
117 3
118 1
119 1
120 1
121 0
122 0
123 0
124 0
125 0
126 0
127 0
128 0
129 0
130 0
131 0
132 0
133 0
134 1
135 0
136 0
137 0
138 0
139 0
140 0
141 0
142 0
143 0
144 0
145 0
146 0
147 0
148 0
149 0
150 0
151 0
152 0
153 0
154 1
155 1
156 1
157 2
158 0
159 1
160 1
161 1
162 1
163 1
164 0
165 0
166 2
167 0
168 0
169 0
170 1
171 0
172 0
173 0
174 0
175 0
176 0
177 0
178 0
179 0
180 0
181 0
182 0
183 0
184 0
185 0
186 1
187 0
188 2
189 0
190 0
191 0
192 0
193 0
194 0
195 0
196 0
197 0
198 0
199 0
200 0
201 0
202 0
203 0
204 0
205 0
206 0
207 0
208 0
209 0
210 0
211 0
212 0
213 0
214 0
215 1
216 0
217 0
218 0
219 0
220 0
221 0
222 0
223 0
224 0
225 0
226 0
227 0
228 0
229 0
230 0
231 0
232 0
233 0
234 0
235 0
236 0
237 0
238 0
239 0
240 0
241 0
242 0
243 0
244 0
245 0
246 1
247 0
248 0
249 0
250 0
251 0
252 0
253 1
254 0
255 0
256 1
257 0
258 1
259 2
260 2
261 2
262 1
263 0
264 0
265 0
266 0
267 0
268 0
269 0
270 0
271 0
272 0
273 0
274 0
275 0
276 0
277 0
278 1
279 0
280 0
281 2
282 1
283 0
284 1
285 0
286 1
287 1
288 0
289 0
290 1
291 0
292 0
293 1
294 1
295 1
296 0
297 1
298 0
299 2
300 0
301 0
302 0
303 0
304 0
305 0
306 0
307 0
308 0
309 0
310 0
311 1
312 0
313 0
314 1
315 0
316 0
317 2
318 0
319 1
320 2
321 1
322 2
323 3
324 2
325 1
326 0
327 0
328 0
329 0
330 0
331 0
332 0
333 0
334 0
335 0
336 0
337 0
338 0
339 1
340 1
341 1
342 0
343 0
344 1
345 1
346 2
347 0
348 1
349 0
350 1
351 0
352 0
353 2
354 1
355 2
356 0
357 0
358 0
359 0
360 0
361 0
362 0
363 0
364 0
365 0
366 0
367 0
368 0
369 0
370 0
371 0
372 0
373 0
374 0
375 0
376 2
377 1
378 1
379 1
380 2
381 0
382 1
383 0
384 0
385 0
386 0
387 0
388 0
389 0
390 0
391 0
392 0
393 0
394 0
395 0
396 2
397 0
398 0
399 1
400 0
401 1
402 2
403 0
404 0
405 1
406 1
407 2
408 1
409 1
410 1
411 0
412 0
413 0
414 0
415 0
416 0
417 0
418 0
419 0
420 0
421 0
422 0
423 1
424 0
425 0
426 0
427 0
428 0
429 0
430 0
431 0
432 0
433 0
434 0
435 0
436 0
437 0
438 2
439 1
440 0
441 0
442 0
443 0
444 0
445 0
446 0
447 0
448 0
449 0
450 0
451 0
452 0
453 0
454 0
455 0
456 0
457 0
458 0
459 0
460 0
461 0
462 0
463 0
464 0
465 0
466 0
467 0
468 0
469 0
470 0
471 0
472 0
473 0
474 0
475 0
476 0
477 0
478 2
479 0
480 0
481 0
482 0
483 0
484 0
485 0
486 0
487 0
488 0
489 0
490 0
491 0
492 0
493 0
494 0
495 0
496 0
497 0
498 0
499 0
500 0
501 0
502 0
503 1
504 3
505 2
506 0
507 0
508 0
509 0
510 0
511 4
512 0
513 0
514 3
515 2
516 2
517 1
518 1
519 1
520 2
521 2
522 3
523 2
524 1
525 0
526 2
527 0
528 0
529 0
530 1
531 1
532 2
533 1
534 1
535 2
536 0
537 0
538 0
539 0
540 0
541 1
542 0
543 0
544 2
545 0
546 0
547 0
548 0
549 0
550 1
551 0
552 0
553 0
554 0
555 0
556 2
557 2
558 1
559 3
560 1
561 2
562 1
563 2
564 1
565 2
566 0
567 0
568 0
569 1
570 0
571 0
572 1
573 0
574 0
575 0
576 0
577 0
578 1
579 0
580 0
581 1
582 1
583 1
584 1
585 0
586 3
587 0
588 1
589 0
590 0
591 0
592 0
593 0
594 0
595 0
596 0
597 0
598 1
599 1
600 1
601 2
602 0
603 0
604 0
605 0
606 0
607 0
608 0
609 1
610 0
611 0
612 1
613 1
614 2
615 0
616 1
617 2
618 2
619 0
620 1
621 0
622 0
623 0
624 0
625 0
626 0
627 0
628 0
629 0
630 0
631 0
632 0
633 0
634 0
635 0
636 0
637 0
638 0
639 0
640 0
641 0
642 0
643 0
644 0
645 0
646 0
647 0
648 0
649 0
650 0
651 0
652 0
653 0
654 0
655 0
656 0
657 0
658 0
659 0
660 0
661 0
662 0
663 0
664 0
665 0
666 0
667 0
668 0
669 0
670 0
671 0
672 0
673 0
674 0
675 0
676 0
677 0
678 0
679 0
680 0
681 0
682 0
683 0
684 0
685 0
686 0
687 0
688 0
689 0
690 0
691 0
692 0
693 0
694 0
695 0
696 0
697 0
698 0
699 0
700 0
701 0
702 0
703 0
704 0
705 0
706 0
707 1
708 0
709 0
710 0
711 0
712 0
713 0
714 0
715 0
716 0
717 0
718 0
719 0
720 0
721 0
722 0
723 0
724 0
725 0
726 0
727 0
728 0
729 0
730 0
731 0
732 0
733 0
734 0
735 0
736 0
737 0
738 0
739 0
740 0
741 0
742 0
743 0
744 0
745 0
746 0
747 0
748 0
749 0
750 0
751 2
752 1
753 1
754 1
755 0
756 2
757 1
758 2
759 1
760 1
761 0
762 1
763 1
764 2
765 3
766 2
767 1
768 1
769 1
770 0
771 0
772 0
773 0
774 0
775 0
776 0
777 0
778 2
779 2
780 1
781 0
782 0
783 0
784 2
785 0
786 2
787 1
788 1
789 0
790 0
791 1
792 2
793 0
794 2
795 0
796 1
797 2
798 1
799 1
800 1
801 1
802 1
803 0
804 0
805 1
806 2
807 0
808 1
809 1
810 2
811 0
812 0
813 2
814 0
815 0
816 0
817 0
818 0
819 0
820 0
821 0
822 0
823 0
824 0
825 0
826 0
827 0
828 0
829 0
830 0
831 0
832 0
833 0
834 0
835 0
836 0
837 0
838 0
839 0
840 0
841 0
842 0
843 0
844 0
845 0
846 0
847 0
848 0
849 0
850 0
851 1
852 0
853 1
854 1
855 1
856 0
857 0
858 0
859 0
860 1
861 0
862 0
863 0
864 0
865 0
866 0
867 0
868 1
869 0
870 0
871 0
872 0
873 0
874 0
875 0
876 0
877 0
878 2
879 0
880 0
881 0
882 0
883 0
884 0
885 0
886 0
887 0
888 0
889 0
890 0
891 0
892 0
893 0
894 0
895 0
896 0
897 0
898 0
899 0
900 0
901 0
902 0
903 1
904 1
905 2
906 2
907 1
908 0
909 0
910 0
911 0
912 0
913 0
914 0
915 0
916 0
917 1
918 0
919 0
920 0
921 0
922 0
923 0
924 0
925 0
926 0
927 0
928 0
929 0
930 1
931 2
932 3
933 1
934 3
935 1
936 0
937 0
938 0
939 0
940 0
941 0
942 0
943 0
944 0
945 0
946 0
947 0
948 0
949 0
950 0
951 0
952 0
953 0
954 0
955 0
956 0
957 0
958 0
959 0
960 0
961 0
962 0
963 0
964 0
965 0
966 0
967 1
968 1
969 1
970 1
971 0
972 0
973 0
974 0
975 0
976 0
977 0
978 0
979 0
980 0
981 0
982 0
983 0
984 0
985 0
986 0
987 0
988 0
989 1
990 1
991 1
992 0
993 0
994 1
995 1
996 0
997 1
998 1
999 1
1000 1
1001 2
1002 0
1003 0
1004 1
1005 0
1006 0
1007 0
1008 0
1009 0
1010 0
1011 0
1012 0
1013 0
1014 0
1015 0
1016 0
1017 0
1018 0
1019 0
1020 1
1021 1
1022 3
1023 1
1024 1
1025 1
1026 0
1027 1
1028 0
1029 0
1030 0
1031 2
1032 0
1033 0
1034 0
1035 0
1036 0
1037 0
1038 0
1039 0
1040 0
1041 1
1042 0
1043 0
1044 0
1045 0
1046 0
1047 0
1048 0
1049 0
1050 0
1051 0
1052 0
1053 0
1054 0
1055 0
1056 0
1057 0
1058 0
1059 1
1060 1
1061 1
1062 1
1063 1
1064 1
1065 0
1066 1
1067 1
1068 0
1069 0
1070 0
1071 0
1072 2
1073 0
1074 1
1075 0
1076 0
1077 0
1078 1
1079 0
1080 0
1081 0
1082 0
1083 1
1084 2
1085 1
1086 2
1087 2
1088 2
1089 2
1090 2
1091 2
1092 2
1093 2
1094 2
1095 0
1096 2
1097 2
1098 0
1099 0
1100 0
1101 1
1102 1
1103 0
1104 0
1105 0
1106 0
1107 0
1108 0
1109 0
1110 0
1111 0
1112 0
1113 0
1114 0
1115 0
1116 0
1117 2
1118 2
1119 3
1120 2
1121 1
1122 0
1123 0
1124 0
1125 0
1126 0
1127 0
1128 0
1129 0
1130 0
1131 0
1132 0
1133 0
1134 1
1135 3
1136 0
1137 0
1138 0
1139 0
1140 2
1141 0
1142 1
1143 0
1144 0
1145 1
1146 0
1147 0
1148 0
1149 0
1150 0
1151 0
1152 0
1153 0
1154 0
1155 0
1156 0
1157 0
1158 0
1159 0
1160 0
1161 0
1162 0
1163 0
1164 0
1165 0
1166 0
1167 0
1168 0
1169 0
1170 0
1171 0
1172 0
1173 0
1174 1
1175 1
1176 1
1177 2
1178 0
1179 0
1180 0
1181 1
1182 0
1183 1
1184 2
1185 0
1186 2
1187 1
1188 2
1189 3
1190 2
1191 2
1192 1
1193 1
1194 2
1195 1
1196 0
1197 0
1198 0
1199 1
1200 0
1201 1
1202 0
1203 0
1204 0
1205 0
1206 1
1207 1
1208 2
1209 2
1210 1
1211 0
1212 0
1213 1
1214 2
1215 1
1216 0
1217 0
1218 1
1219 2
1220 0
1221 0
1222 0
1223 0
1224 0
1225 0
1226 0
1227 0
1228 1
1229 0
1230 0
1231 0
1232 0
1233 2
1234 0
1235 1
1236 1
1237 1
1238 0
1239 0
1240 0
1241 1
1242 0
1243 0
1244 0
1245 0
1246 0
1247 2
1248 1
1249 0
1250 0
1251 0
1252 2
1253 1
1254 0
1255 2
1256 1
1257 1
1258 0
1259 0
1260 0
1261 0
1262 0
1263 1
1264 1
1265 0
1266 0
1267 0
1268 0
1269 0
1270 0
1271 0
1272 0
1273 0
1274 1
1275 0
1276 1
1277 1
1278 1
1279 1
1280 0
1281 1
1282 2
1283 0
1284 0
1285 2
1286 1
1287 1
1288 1
1289 0
1290 0
1291 0
1292 1
1293 1
1294 3
1295 2
1296 1
1297 2
1298 1
1299 1
1300 1
1301 0
1302 1
1303 3
1304 1
1305 1
1306 0
1307 1
1308 1
1309 1
1310 0
1311 1
1312 2
1313 1
1314 1
1315 1
1316 0
1317 2
1318 2
1319 1
1320 1
1321 2
1322 0
1323 1
1324 1
1325 4
1326 2
1327 2
1328 3
1329 2
1330 2
1331 0
1332 1
1333 3
1334 0
1335 1
1336 0
1337 0
1338 1
1339 0
1340 0
1341 0
1342 0
1343 3
1344 1
1345 1
1346 1
1347 1
1348 1
1349 2
1350 1
1351 2
1352 0
1353 3
1354 1
1355 1
1356 0
1357 1
1358 1
1359 1
1360 2
1361 0
1362 1
1363 2
1364 1
1365 3
1366 2
1367 1
1368 0
1369 0
1370 0
1371 0
1372 0
1373 0
1374 0
1375 0
1376 0
1377 1
1378 0
1379 2
1380 1
1381 0
1382 0
1383 1
1384 1
1385 0
1386 0
1387 0
1388 0
1389 0
1390 0
1391 0
1392 0
1393 0
1394 0
1395 0
1396 0
1397 0
1398 0
1399 0
1400 0
1401 0
1402 0
1403 0
1404 0
1405 0
1406 0
1407 0
1408 0
1409 0
1410 1
1411 1
1412 2
1413 0
1414 1
1415 3
1416 1
1417 0
1418 1
1419 1
1420 1
1421 1
1422 1
1423 2
1424 1
1425 2
1426 2
1427 2
1428 1
1429 2
1430 0
1431 1
1432 1
1433 1
1434 1
1435 1
1436 3
1437 0
1438 0
1439 1
1440 0
1441 1
1442 0
1443 0
1444 0
1445 0
1446 0
1447 0
1448 1
1449 0
1450 1
1451 1
1452 1
1453 1
1454 0
1455 1
1456 0
1457 0
1458 0
1459 0
1460 0
1461 1
1462 1
1463 2
1464 0
1465 0
1466 0
1467 0
1468 0
1469 0
1470 0
1471 0
1472 0
1473 0
1474 0
1475 0
1476 0
1477 0
1478 0
1479 0
1480 0
1481 0
1482 0
1483 0
1484 0
1485 0
1486 0
1487 0
1488 0
1489 0
1490 0
1491 0
1492 0
1493 0
1494 0
1495 0
1496 0
1497 0
1498 0
1499 0
1500 0
1501 0
1502 0
1503 0
1504 1
1505 1
1506 1
1507 2
1508 1
1509 0
1510 1
1511 1
1512 1
1513 2
1514 1
1515 2
1516 0
1517 0
1518 0
1519 0
1520 0
1521 0
1522 3
1523 2
1524 0
1525 0
1526 0
1527 0
1528 0
1529 0
1530 1
1531 0
1532 0
1533 0
1534 0
1535 0
1536 0
1537 0
1538 0
1539 0
1540 0
1541 1
1542 0
1543 0
1544 0
1545 0
1546 1
1547 0
1548 0
1549 0
1550 0
1551 0
1552 0
1553 0
1554 0
1555 0
1556 0
1557 0
1558 0
1559 1
1560 0
1561 0
1562 0
1563 0
1564 0
1565 0
1566 0
1567 0
1568 1
1569 1
1570 0
1571 1
1572 0
1573 0
1574 0
1575 0
1576 0
1577 0
1578 0
1579 0
1580 0
1581 0
1582 2
1583 1
1584 2
1585 0
1586 1
1587 0
1588 1
1589 0
1590 2
1591 1
1592 0
1593 3
1594 2
1595 0
1596 0
1597 0
1598 0
1599 0
1600 0
1601 0
1602 0
1603 0
1604 0
1605 0
1606 0
1607 0
1608 0
1609 0
1610 0
1611 0
1612 0
1613 0
1614 0
1615 0
1616 0
1617 0
1618 0
1619 0
1620 0
1621 0
1622 0
1623 0
1624 0
1625 0
1626 0
1627 0
1628 0
1629 0
1630 1
1631 0
1632 2
1633 1
1634 0
1635 1
1636 1
1637 1
1638 0
1639 1
1640 1
1641 2
1642 2
1643 3
1644 3
1645 1
1646 2
1647 2
1648 1
1649 0
1650 0
1651 0
1652 0
1653 0
1654 0
1655 0
1656 0
1657 0
1658 0
1659 0
1660 0
1661 0
1662 0
1663 0
1664 0
1665 0
1666 0
1667 0
1668 0
1669 0
1670 0
1671 0
1672 0
1673 2
1674 2
1675 0
1676 0
1677 0
1678 0
1679 0
1680 0
1681 0
1682 0
1683 0
1684 0
1685 0
1686 0
1687 0
1688 0
1689 0
1690 0
1691 0
1692 0
1693 0
1694 0
1695 0
1696 0
1697 0
1698 0
1699 0
1700 0
1701 1
1702 0
1703 0
1704 1
1705 0
1706 0
1707 0
1708 0
1709 0
1710 0
1711 0
1712 0
1713 1
1714 0
1715 1
1716 0
1717 0
1718 0
1719 0
1720 0
1721 0
1722 0
1723 0
1724 0
1725 0
1726 0
1727 0
1728 0
1729 0
1730 0
1731 1
1732 3
1733 0
1734 2
1735 2
1736 0
1737 1
1738 0
1739 0
1740 0
1741 0
1742 0
1743 0
1744 0
1745 0
1746 0
1747 0
1748 0
1749 0
1750 0
1751 0
1752 0
1753 0
1754 0
1755 0
1756 0
1757 0
1758 0
1759 0
1760 0
1761 0
1762 0
1763 0
1764 0
1765 0
1766 1
1767 2
1768 1
1769 0
1770 1
1771 1
1772 1
1773 0
1774 0
1775 0
1776 0
1777 0
1778 2
1779 2
1780 1
1781 0
1782 0
1783 0
1784 2
1785 0
1786 0
1787 3
1788 0
1789 1
1790 3
1791 2
1792 0
1793 0
1794 0
1795 0
1796 0
1797 0
1798 0
1799 0
1800 0
1801 0
1802 0
1803 0
1804 0
1805 0
1806 0
1807 0
1808 0
1809 0
1810 0
1811 0
1812 0
1813 0
1814 0
1815 0
1816 0
1817 0
1818 0
1819 0
1820 0
1821 0
1822 0
1823 0
1824 0
1825 0
1826 0
1827 0
1828 0
1829 0
1830 0
1831 0
1832 0
1833 2
1834 1
1835 0
1836 0
1837 0
1838 0
1839 0
1840 0
1841 0
1842 0
1843 0
1844 0
1845 0
1846 0
1847 0
1848 0
1849 0
1850 0
1851 0
1852 0
1853 0
1854 0
1855 0
1856 0
1857 0
1858 0
1859 1
1860 1
1861 2
1862 2
1863 0
1864 0
1865 2
1866 2
1867 1
1868 2
1869 1
1870 1
1871 0
1872 1
1873 0
1874 3
1875 0
1876 2
1877 1
1878 1
1879 0
1880 0
1881 0
1882 0
1883 1
1884 0
1885 1
1886 1
1887 1
1888 1
1889 0
1890 1
1891 0
1892 1
1893 0
1894 1
1895 0
1896 0
1897 0
1898 0
1899 1
1900 1
1901 0
1902 1
1903 2
1904 1
1905 0
1906 0
1907 2
1908 1
1909 1
1910 0
1911 0
1912 0
1913 0
1914 0
1915 0
1916 0
1917 0
1918 2
1919 0
1920 0
1921 3
1922 2
1923 1
1924 2
1925 3
1926 1
1927 0
1928 0
1929 0
1930 0
1931 0
1932 0
1933 0
1934 0
1935 0
1936 0
1937 1
1938 0
1939 0
1940 1
1941 1
1942 1
1943 0
1944 0
1945 2
1946 2
1947 1
1948 1
1949 2
1950 2
1951 2
1952 3
1953 1
1954 2
1955 1
1956 1
1957 1
1958 1
1959 0
1960 1
1961 1
1962 1
1963 3
1964 0
1965 0
1966 2
1967 1
1968 1
1969 0
1970 1
1971 2
1972 1
1973 1
1974 0
1975 1
1976 1
1977 3
1978 1
1979 2
1980 1
1981 1
1982 0
1983 2
1984 2
1985 1
1986 1
1987 1
1988 1
1989 1
1990 1
1991 2
1992 0
1993 1
1994 0
1995 1
1996 0
1997 0
1998 0
1999 0
