0 0
1 0
2 0
3 0
4 0
5 0
6 0
7 0
8 0
9 0
10 0
11 0
12 0
13 1
14 0
15 0
16 0
17 0
18 0
19 0
20 0
21 0
22 0
23 0
24 0
25 0
26 0
27 0
28 0
29 0
30 0
31 0
32 0
33 0
34 0
35 0
36 0
37 0
38 0
39 0
40 0
41 0
42 0
43 1
44 0
45 0
46 0
47 0
48 0
49 0
50 0
51 0
52 0
53 0
54 0
55 0
56 1
57 0
58 0
59 0
60 0
61 0
62 0
63 0
64 0
65 0
66 0
67 0
68 0
69 0
70 1
71 0
72 0
73 0
74 0
75 0
76 0
77 0
78 0
79 0
80 0
81 0
82 0
83 0
84 0
85 0
86 1
87 0
88 0
89 0
90 0
91 0
92 0
93 0
94 0
95 0
96 0
97 0
98 0
99 0
100 0
101 0
102 0
103 0
104 0
105 0
106 0
107 0
108 0
109 0
110 0
111 0
112 0
113 0
114 0
115 0
116 0
117 0
118 0
119 0
120 0
121 0
122 0
123 0
124 0
125 0
126 0
127 0
128 0
129 0
130 0
131 0
132 0
133 0
134 0
135 0
136 0
137 0
138 0
139 0
140 0
141 0
142 0
143 0
144 0
145 0
146 0
147 0
148 0
149 0
150 0
151 0
152 0
153 0
154 0
155 0
156 0
157 0
158 0
159 0
160 0
161 0
162 0
163 0
164 0
165 0
166 0
167 0
168 0
169 0
170 0
171 0
172 0
173 0
174 0
175 0
176 0
177 0
178 0
179 0
180 0
181 0
182 0
183 0
184 0
185 0
186 0
187 0
188 0
189 0
190 0
191 0
192 0
193 0
194 0
195 0
196 0
197 0
198 0
199 0
200 0
201 0
202 0
203 0
204 0
205 0
206 0
207 0
208 0
209 0
210 0
211 0
212 0
213 0
214 0
215 0
216 0
217 0
218 0
219 0
220 0
221 0
222 0
223 0
224 0
225 0
226 0
227 0
228 0
229 0
230 0
231 0
232 0
233 0
234 0
235 0
236 0
237 0
238 0
239 0
240 0
241 0
242 0
243 0
244 0
245 0
246 0
247 0
248 0
249 0
250 0
251 0
252 0
253 0
254 0
255 0
256 0
257 0
258 0
259 0
260 0
261 0
262 0
263 0
264 0
265 0
266 0
267 0
268 0
269 0
270 0
271 0
272 0
273 0
274 0
275 0
276 0
277 0
278 0
279 0
280 0
281 0
282 0
283 0
284 0
285 0
286 0
287 0
288 0
289 0
290 0
291 0
292 0
293 0
294 0
295 0
296 0
297 0
298 0
299 0
300 0
301 0
302 0
303 0
304 0
305 0
306 0
307 0
308 0
309 0
310 0
311 0
312 0
313 0
314 0
315 0
316 0
317 0
318 0
319 0
320 0
321 0
322 0
323 0
324 0
325 0
326 0
327 0
328 0
329 0
330 0
331 0
332 0
333 0
334 0
335 0
336 0
337 0
338 0
339 0
340 0
341 0
342 0
343 0
344 0
345 0
346 0
347 0
348 0
349 0
350 0
351 0
352 0
353 0
354 0
355 0
356 0
357 0
358 0
359 0
360 0
361 0
362 0
363 0
364 0
365 0
366 0
367 0
368 0
369 0
370 0
371 0
372 0
373 0
374 0
375 0
376 0
377 0
378 0
379 0
380 0
381 0
382 0
383 0
384 0
385 0
386 0
387 0
388 0
389 0
390 0
391 0
392 0
393 0
394 0
395 0
396 0
397 0
398 0
399 0
400 0
401 0
402 0
403 0
404 0
405 0
406 0
407 0
408 0
409 0
410 0
411 0
412 0
413 0
414 0
415 0
416 0
417 0
418 0
419 0
420 0
421 1
422 0
423 0
424 0
425 0
426 0
427 0
428 0
429 0
430 0
431 0
432 0
433 0
434 0
435 0
436 0
437 0
438 0
439 0
440 1
441 0
442 0
443 0
444 0
445 0
446 0
447 0
448 0
449 0
450 0
451 0
452 0
453 0
454 0
455 0
456 0
457 0
458 0
459 0
460 0
461 0
462 0
463 0
464 1
465 1
466 0
467 0
468 1
469 0
470 0
471 0
472 0
473 0
474 0
475 0
476 0
477 0
478 0
479 0
480 0
481 0
482 0
483 0
484 0
485 0
486 0
487 0
488 0
489 0
490 0
491 0
492 0
493 0
494 3
495 0
496 0
497 2
498 2
499 0
500 0
501 0
502 0
503 0
504 0
505 0
506 0
507 1
508 1
509 0
510 0
511 0
512 0
513 0
514 0
515 0
516 0
517 0
518 0
519 0
520 0
521 0
522 0
523 0
524 0
525 0
526 0
527 0
528 0
529 0
530 0
531 0
532 0
533 0
534 0
535 0
536 0
537 0
538 1
539 0
540 0
541 1
542 0
543 0
544 1
545 1
546 0
547 1
548 0
549 1
550 0
551 0
552 1
553 2
554 0
555 0
556 0
557 0
558 1
559 0
560 0
561 0
562 0
563 1
564 0
565 0
566 0
567 2
568 1
569 1
570 2
571 2
572 0
573 1
574 0
575 0
576 0
577 0
578 1
579 1
580 1
581 0
582 1
583 1
584 1
585 2
586 1
587 2
588 1
589 1
590 0
591 2
592 2
593 1
594 0
595 0
596 1
597 1
598 0
599 3
600 0
601 0
602 0
603 0
604 0
605 0
606 0
607 0
608 0
609 0
610 0
611 0
612 0
613 0
614 0
615 0
616 0
617 0
618 0
619 0
620 0
621 0
622 0
623 0
624 0
625 0
626 0
627 0
628 0
629 0
630 0
631 0
632 0
633 0
634 0
635 0
636 0
637 0
638 0
639 0
640 0
641 0
642 0
643 0
644 0
645 0
646 0
647 0
648 0
649 0
650 0
651 0
652 0
653 0
654 0
655 0
656 0
657 0
658 0
659 0
660 0
661 0
662 0
663 0
664 0
665 0
666 0
667 0
668 0
669 0
670 0
671 0
672 0
673 0
674 0
675 0
676 0
677 0
678 0
679 1
680 0
681 0
682 1
683 0
684 1
685 0
686 0
687 0
688 0
689 0
690 0
691 0
692 1
693 0
694 0
695 0
696 0
697 0
698 0
699 0
700 0
701 0
702 0
703 0
704 0
705 0
706 0
707 0
708 0
709 0
710 0
711 0
712 0
713 0
714 0
715 0
716 0
717 0
718 0
719 0
720 0
721 0
722 0
723 0
724 0
725 0
726 0
727 0
728 0
729 0
730 0
731 0
732 0
733 0
734 0
735 0
736 0
737 0
738 0
739 0
740 0
741 0
742 0
743 0
744 0
745 0
746 0
747 0
748 0
749 0
750 1
751 1
752 1
753 1
754 1
755 1
756 0
757 1
758 1
759 1
760 1
761 1
762 0
763 1
764 1
765 1
766 1
767 1
768 1
769 2
770 1
771 1
772 2
773 1
774 1
775 0
776 1
777 1
778 1
779 2
780 0
781 2
782 1
783 1
784 0
785 1
786 1
787 1
788 1
789 1
790 2
791 1
792 0
793 1
794 1
795 1
796 1
797 1
798 1
799 2
800 1
801 1
802 1
803 0
804 1
805 1
806 1
807 0
808 1
809 1
810 0
811 1
812 1
813 1
814 1
815 1
816 1
817 1
818 1
819 1
820 2
821 1
822 1
823 1
824 1
825 1
826 1
827 2
828 1
829 0
830 0
831 0
832 0
833 0
834 0
835 0
836 0
837 0
838 0
839 0
840 0
841 0
842 0
843 0
844 0
845 0
846 0
847 0
848 0
849 0
850 2
851 1
852 0
853 1
854 1
855 1
856 0
857 0
858 1
859 1
860 2
861 1
862 0
863 2
864 1
865 1
866 1
867 1
868 2
869 1
870 0
871 0
872 0
873 0
874 0
875 0
876 0
877 0
878 0
879 0
880 0
881 1
882 0
883 0
884 0
885 0
886 1
887 1
888 1
889 1
890 1
891 1
892 2
893 2
894 2
895 0
896 2
897 2
898 1
899 1
900 1
901 1
902 2
903 0
904 1
905 0
906 1
907 1
908 1
909 1
910 1
911 1
912 1
913 1
914 2
915 1
916 1
917 1
918 3
919 1
920 2
921 0
922 0
923 0
924 0
925 1
926 0
927 0
928 0
929 0
930 0
931 0
932 0
933 0
934 0
935 0
936 0
937 0
938 1
939 0
940 1
941 1
942 0
943 0
944 0
945 0
946 0
947 0
948 0
949 0
950 0
951 0
952 0
953 0
954 1
955 0
956 0
957 0
958 0
959 0
960 0
961 0
962 0
963 0
964 0
965 0
966 0
967 0
968 0
969 0
970 0
971 0
972 0
973 0
974 0
975 0
976 0
977 0
978 1
979 0
980 0
981 0
982 0
983 0
984 0
985 0
986 0
987 0
988 0
989 1
990 0
991 1
992 1
993 1
994 1
995 0
996 0
997 0
998 0
999 0
1000 0
1001 0
1002 0
1003 0
1004 0
1005 0
1006 0
1007 0
1008 0
1009 0
1010 0
1011 0
1012 0
1013 0
1014 2
1015 0
1016 1
1017 1
1018 0
1019 0
1020 1
1021 0
1022 0
1023 0
1024 0
1025 0
1026 0
1027 1
1028 0
1029 0
1030 0
1031 0
1032 1
1033 1
1034 0
1035 0
1036 0
1037 1
1038 1
1039 1
1040 2
1041 0
1042 2
1043 2
1044 2
1045 2
1046 1
1047 1
1048 0
1049 0
1050 0
1051 1
1052 1
1053 1
1054 1
1055 1
1056 1
1057 0
1058 1
1059 1
1060 1
1061 1
1062 1
1063 1
1064 0
1065 0
1066 0
1067 1
1068 0
1069 0
1070 2
1071 3
1072 2
1073 2
1074 2
1075 2
1076 0
1077 0
1078 0
1079 0
1080 1
1081 0
1082 0
1083 0
1084 0
1085 0
1086 1
1087 0
1088 1
1089 1
1090 2
1091 3
1092 3
1093 2
1094 0
1095 2
1096 0
1097 0
1098 1
1099 1
1100 2
1101 2
1102 2
1103 2
1104 0
1105 0
1106 1
1107 1
1108 2
1109 0
1110 2
1111 2
1112 1
1113 1
1114 1
1115 1
1116 1
1117 2
1118 2
1119 1
1120 2
1121 0
1122 0
1123 0
1124 1
1125 0
1126 0
1127 0
1128 0
1129 0
1130 0
1131 0
1132 1
1133 1
1134 1
1135 2
1136 0
1137 1
1138 1
1139 2
1140 0
1141 2
1142 3
1143 1
1144 2
1145 2
1146 2
1147 3
1148 1
1149 1
1150 1
1151 1
1152 1
1153 1
1154 2
1155 2
1156 2
1157 1
1158 1
1159 3
1160 1
1161 1
1162 2
1163 0
1164 1
1165 1
1166 0
1167 3
1168 2
1169 0
1170 1
1171 1
1172 1
1173 1
1174 0
1175 1
1176 1
1177 0
1178 0
1179 1
1180 0
1181 0
1182 0
1183 1
1184 0
1185 0
1186 1
1187 0
1188 1
1189 1
1190 1
1191 0
1192 1
1193 0
1194 0
1195 0
1196 0
1197 0
1198 0
1199 0
1200 1
1201 1
1202 0
1203 0
1204 1
1205 0
1206 0
1207 0
1208 1
1209 0
1210 0
1211 2
1212 1
1213 0
1214 0
1215 0
1216 0
1217 1
1218 1
1219 1
1220 1
1221 2
1222 2
1223 2
1224 1
1225 1
1226 2
1227 0
1228 2
1229 2
1230 4
1231 2
1232 2
1233 4
1234 2
1235 2
1236 0
1237 1
1238 1
1239 1
1240 3
1241 1
1242 3
1243 1
1244 2
1245 2
1246 1
1247 0
1248 2
1249 2
1250 2
1251 0
1252 2
1253 1
1254 1
1255 1
1256 0
1257 3
1258 1
1259 1
1260 1
1261 1
1262 1
1263 1
1264 1
1265 2
1266 0
1267 1
1268 1
1269 1
1270 2
1271 1
1272 1
1273 2
1274 2
1275 1
1276 1
1277 0
1278 2
1279 1
1280 1
1281 1
1282 1
1283 0
1284 1
1285 0
1286 1
1287 0
1288 0
1289 1
1290 1
1291 0
1292 1
1293 3
1294 1
1295 2
1296 1
1297 0
1298 0
1299 0
1300 0
1301 1
1302 0
1303 1
1304 0
1305 1
1306 0
1307 1
1308 1
1309 1
1310 1
1311 1
1312 1
1313 1
1314 2
1315 2
1316 1
1317 0
1318 1
1319 2
1320 1
1321 1
1322 1
1323 1
1324 1
1325 1
1326 2
1327 2
1328 1
1329 0
1330 1
1331 1
1332 1
1333 0
1334 1
1335 2
1336 1
1337 0
1338 0
1339 1
1340 1
1341 1
1342 0
1343 1
1344 1
1345 1
1346 1
1347 3
1348 1
1349 2
1350 1
1351 1
1352 1
1353 1
1354 1
1355 1
1356 1
1357 1
1358 2
1359 1
1360 3
1361 0
1362 1
1363 2
1364 2
1365 1
1366 2
1367 1
1368 0
1369 2
1370 1
1371 1
1372 3
1373 0
1374 1
1375 2
1376 1
1377 1
1378 0
1379 0
1380 0
1381 0
1382 0
1383 2
1384 1
1385 1
1386 2
1387 1
1388 2
1389 0
1390 0
1391 1
1392 2
1393 0
1394 1
1395 1
1396 1
1397 0
1398 1
1399 1
1400 3
1401 1
1402 1
1403 0
1404 1
1405 1
1406 1
1407 2
1408 1
1409 1
1410 0
1411 1
1412 1
1413 0
1414 1
1415 0
1416 0
1417 1
1418 0
1419 1
1420 2
1421 1
1422 2
1423 1
1424 2
1425 0
1426 2
1427 2
1428 2
1429 1
1430 1
1431 1
1432 1
1433 1
1434 2
1435 1
1436 1
1437 1
1438 0
1439 2
1440 1
1441 1
1442 0
1443 0
1444 1
1445 1
1446 1
1447 1
1448 1
1449 1
1450 1
1451 1
1452 1
1453 1
1454 1
1455 0
1456 1
1457 2
1458 2
1459 1
1460 0
1461 0
1462 1
1463 0
1464 0
1465 2
1466 1
1467 1
1468 2
1469 1
1470 0
1471 1
1472 2
1473 0
1474 1
1475 0
1476 1
1477 1
1478 1
1479 1
1480 0
1481 1
1482 1
1483 1
1484 1
1485 0
1486 0
1487 1
1488 1
1489 0
1490 1
1491 1
1492 1
1493 1
1494 1
1495 0
1496 1
1497 1
1498 0
1499 1
1500 1
1501 2
1502 1
1503 1
1504 2
1505 2
1506 1
1507 2
1508 1
1509 0
1510 2
1511 0
1512 0
1513 2
1514 2
1515 2
1516 2
1517 1
1518 2
1519 2
1520 1
1521 1
1522 1
1523 1
1524 1
1525 0
1526 1
1527 2
1528 2
1529 1
1530 2
1531 1
1532 0
1533 0
1534 1
1535 1
1536 0
1537 1
1538 0
1539 1
1540 0
1541 1
1542 1
1543 2
1544 2
1545 2
1546 2
1547 2
1548 3
1549 0
1550 0
1551 1
1552 1
1553 0
1554 1
1555 2
1556 1
1557 1
1558 1
1559 1
1560 0
1561 0
1562 0
1563 1
1564 1
1565 1
1566 0
1567 1
1568 0
1569 2
1570 1
1571 0
1572 0
1573 1
1574 1
1575 0
1576 0
1577 3
1578 0
1579 0
1580 1
1581 1
1582 2
1583 2
1584 1
1585 2
1586 0
1587 1
1588 1
1589 2
1590 1
1591 1
1592 1
1593 1
1594 0
1595 1
1596 0
1597 1
1598 0
1599 2
1600 0
1601 2
1602 0
1603 0
1604 2
1605 1
1606 1
1607 2
1608 2
1609 2
1610 1
1611 1
1612 3
1613 2
1614 2
1615 2
1616 0
1617 2
1618 1
1619 1
1620 0
1621 1
1622 1
1623 2
1624 1
1625 2
1626 2
1627 2
1628 2
1629 1
1630 1
1631 1
1632 1
1633 2
1634 1
1635 1
1636 1
1637 2
1638 1
1639 1
1640 1
1641 2
1642 1
1643 2
1644 2
1645 2
1646 2
1647 2
1648 2
1649 1
1650 3
1651 3
1652 3
1653 0
1654 1
1655 2
1656 1
1657 2
1658 3
1659 0
1660 0
1661 3
1662 1
1663 2
1664 1
1665 3
1666 2
1667 0
1668 2
1669 0
1670 1
1671 1
1672 2
1673 0
1674 0
1675 1
1676 0
1677 0
1678 0
1679 0
1680 0
1681 0
1682 0
1683 0
1684 0
1685 1
1686 0
1687 0
1688 1
1689 0
1690 0
1691 0
1692 0
1693 0
1694 0
1695 1
1696 1
1697 1
1698 1
1699 1
1700 1
1701 2
1702 0
1703 1
1704 1
1705 2
1706 2
1707 3
1708 3
1709 2
1710 2
1711 0
1712 1
1713 2
1714 1
1715 1
1716 2
1717 3
1718 2
1719 1
1720 3
1721 1
1722 1
1723 1
1724 1
1725 1
1726 1
1727 1
1728 2
1729 2
1730 0
1731 1
1732 0
1733 2
1734 0
1735 1
1736 1
1737 3
1738 2
1739 1
1740 1
1741 1
1742 1
1743 1
1744 2
1745 2
1746 2
1747 3
1748 2
1749 1
1750 1
1751 1
1752 1
1753 2
1754 2
1755 2
1756 3
1757 0
1758 3
1759 2
1760 0
1761 1
1762 2
1763 1
1764 2
1765 3
1766 3
1767 1
1768 1
1769 1
1770 1
1771 1
1772 0
1773 0
1774 0
1775 1
1776 1
1777 1
1778 0
1779 0
1780 1
1781 2
1782 1
1783 1
1784 2
1785 2
1786 1
1787 2
1788 2
1789 0
1790 1
1791 1
1792 1
1793 1
1794 1
1795 0
1796 1
1797 0
1798 3
1799 0
1800 0
1801 1
1802 1
1803 1
1804 1
1805 0
1806 1
1807 1
1808 0
1809 0
1810 0
1811 1
1812 0
1813 0
1814 0
1815 1
1816 0
1817 2
1818 2
1819 2
1820 2
1821 1
1822 1
1823 1
1824 2
1825 0
1826 0
1827 1
1828 1
1829 0
1830 1
1831 1
1832 0
1833 0
1834 0
1835 0
1836 0
1837 1
1838 0
1839 1
1840 0
1841 1
1842 1
1843 1
1844 2
1845 1
1846 0
1847 0
1848 1
1849 1
1850 1
1851 0
1852 2
1853 0
1854 1
1855 0
1856 1
1857 1
1858 2
1859 0
1860 2
1861 0
1862 1
1863 1
1864 1
1865 1
1866 1
1867 3
1868 3
1869 2
1870 2
1871 2
1872 2
1873 2
1874 1
1875 1
1876 0
1877 0
1878 1
1879 1
1880 1
1881 1
1882 1
1883 1
1884 2
1885 1
1886 2
1887 2
1888 1
1889 0
1890 1
1891 1
1892 1
1893 1
1894 0
1895 2
1896 1
1897 1
1898 1
1899 1
1900 0
1901 0
1902 1
1903 2
1904 0
1905 1
1906 2
1907 0
1908 1
1909 1
1910 1
1911 1
1912 1
1913 0
1914 1
1915 1
1916 1
1917 1
1918 1
1919 1
1920 1
1921 2
1922 1
1923 1
1924 1
1925 2
1926 1
1927 1
1928 0
1929 2
1930 0
1931 1
1932 2
1933 1
1934 0
1935 2
1936 1
1937 1
1938 0
1939 2
1940 1
1941 1
1942 1
1943 1
1944 0
1945 1
1946 1
1947 1
1948 1
1949 1
1950 2
1951 2
1952 1
1953 1
1954 1
1955 2
1956 1
1957 1
1958 1
1959 1
1960 2
1961 1
1962 2
1963 1
1964 1
1965 1
1966 1
1967 0
1968 1
1969 1
1970 1
1971 2
1972 1
1973 1
1974 1
1975 1
1976 1
1977 2
1978 1
1979 1
1980 2
1981 1
1982 0
1983 1
1984 2
1985 1
1986 1
1987 2
1988 1
1989 2
1990 1
1991 1
1992 0
1993 1
1994 2
1995 1
1996 1
1997 1
1998 1
1999 2
