0 0
1 0
2 0
3 0
4 0
5 0
6 0
7 0
8 0
9 0
10 0
11 0
12 0
13 0
14 0
15 0
16 0
17 0
18 0
19 0
20 0
21 0
22 0
23 0
24 0
25 0
26 0
27 0
28 0
29 0
30 0
31 0
32 0
33 0
34 0
35 0
36 0
37 0
38 0
39 0
40 0
41 0
42 0
43 0
44 0
45 0
46 0
47 0
48 0
49 0
50 0
51 0
52 0
53 0
54 0
55 0
56 0
57 0
58 0
59 0
60 0
61 0
62 0
63 0
64 0
65 0
66 0
67 0
68 0
69 0
70 0
71 0
72 0
73 0
74 0
75 0
76 0
77 0
78 0
79 0
80 0
81 0
82 0
83 0
84 0
85 0
86 0
87 0
88 0
89 0
90 0
91 0
92 0
93 0
94 0
95 0
96 0
97 0
98 0
99 0
100 0
101 0
102 0
103 0
104 0
105 0
106 0
107 0
108 0
109 0
110 0
111 0
112 0
113 0
114 0
115 0
116 0
117 0
118 0
119 0
120 0
121 0
122 0
123 0
124 0
125 0
126 0
127 0
128 0
129 0
130 0
131 0
132 0
133 0
134 0
135 0
136 0
137 0
138 0
139 0
140 0
141 0
142 0
143 0
144 0
145 0
146 0
147 0
148 0
149 0
150 0
151 0
152 0
153 0
154 0
155 0
156 0
157 0
158 0
159 0
160 0
161 0
162 0
163 0
164 0
165 0
166 0
167 0
168 0
169 1
170 1
171 0
172 1
173 1
174 0
175 1
176 1
177 1
178 0
179 1
180 1
181 1
182 1
183 0
184 0
185 0
186 1
187 1
188 1
189 1
190 0
191 1
192 1
193 1
194 0
195 1
196 0
197 0
198 0
199 1
200 0
201 1
202 0
203 0
204 0
205 1
206 0
207 1
208 1
209 1
210 1
211 1
212 1
213 1
214 1
215 1
216 1
217 1
218 0
219 1
220 1
221 1
222 1
223 1
224 1
225 1
226 2
227 1
228 0
229 1
230 1
231 1
232 1
233 1
234 1
235 1
236 1
237 1
238 1
239 1
240 1
241 1
242 1
243 0
244 1
245 1
246 0
247 1
248 1
249 2
250 2
251 2
252 2
253 1
254 1
255 0
256 1
257 2
258 1
259 1
260 1
261 0
262 1
263 1
264 1
265 1
266 1
267 1
268 1
269 1
270 0
271 1
272 1
273 0
274 0
275 0
276 0
277 0
278 0
279 0
280 0
281 0
282 0
283 0
284 0
285 0
286 0
287 0
288 0
289 0
290 0
291 0
292 0
293 0
294 0
295 0
296 0
297 0
298 0
299 0
300 0
301 0
302 0
303 0
304 0
305 0
306 0
307 0
308 0
309 0
310 0
311 0
312 0
313 0
314 0
315 0
316 0
317 0
318 0
319 0
320 0
321 0
322 0
323 0
324 0
325 1
326 0
327 0
328 0
329 0
330 0
331 0
332 0
333 0
334 0
335 0
336 0
337 0
338 0
339 0
340 0
341 0
342 0
343 0
344 0
345 0
346 0
347 0
348 0
349 0
350 0
351 0
352 0
353 0
354 0
355 0
356 0
357 0
358 0
359 1
360 0
361 0
362 0
363 0
364 0
365 0
366 0
367 0
368 0
369 0
370 0
371 0
372 0
373 0
374 0
375 0
376 0
377 0
378 0
379 0
380 0
381 0
382 0
383 0
384 0
385 0
386 0
387 0
388 0
389 0
390 0
391 0
392 0
393 0
394 0
395 0
396 0
397 0
398 0
399 0
400 0
401 0
402 0
403 0
404 0
405 0
406 0
407 0
408 0
409 0
410 0
411 0
412 0
413 0
414 0
415 0
416 0
417 0
418 0
419 0
420 0
421 0
422 0
423 0
424 0
425 0
426 0
427 0
428 0
429 0
430 0
431 0
432 0
433 0
434 0
435 0
436 0
437 0
438 0
439 0
440 0
441 0
442 0
443 0
444 0
445 0
446 0
447 0
448 0
449 0
450 0
451 0
452 0
453 0
454 0
455 0
456 0
457 0
458 0
459 0
460 0
461 0
462 0
463 0
464 0
465 0
466 0
467 0
468 0
469 0
470 0
471 0
472 0
473 0
474 0
475 0
476 0
477 0
478 0
479 0
480 0
481 0
482 0
483 0
484 0
485 0
486 0
487 0
488 0
489 0
490 0
491 0
492 0
493 0
494 0
495 0
496 0
497 0
498 0
499 0
500 0
501 0
502 0
503 0
504 0
505 0
506 0
507 0
508 0
509 0
510 0
511 0
512 0
513 0
514 0
515 0
516 0
517 0
518 0
519 0
520 0
521 0
522 0
523 0
524 0
525 0
526 0
527 0
528 0
529 0
530 0
531 0
532 0
533 0
534 0
535 0
536 0
537 0
538 0
539 0
540 0
541 0
542 0
543 0
544 0
545 0
546 0
547 0
548 0
549 0
550 0
551 0
552 0
553 0
554 0
555 0
556 0
557 0
558 0
559 0
560 0
561 0
562 0
563 1
564 0
565 0
566 2
567 0
568 0
569 0
570 0
571 0
572 0
573 0
574 0
575 0
576 0
577 1
578 1
579 1
580 1
581 1
582 1
583 1
584 1
585 1
586 1
587 0
588 1
589 0
590 3
591 0
592 0
593 0
594 0
595 0
596 0
597 0
598 0
599 0
600 0
601 0
602 0
603 0
604 0
605 0
606 0
607 0
608 1
609 2
610 1
611 1
612 0
613 1
614 1
615 0
616 1
617 1
618 0
619 2
620 1
621 1
622 1
623 0
624 2
625 1
626 0
627 1
628 0
629 1
630 3
631 1
632 1
633 2
634 0
635 0
636 0
637 1
638 1
639 1
640 0
641 1
642 1
643 1
644 1
645 0
646 2
647 1
648 1
649 1
650 2
651 1
652 1
653 1
654 0
655 1
656 0
657 0
658 0
659 1
660 1
661 1
662 1
663 0
664 1
665 1
666 1
667 0
668 1
669 1
670 1
671 0
672 5
673 1
674 2
675 3
676 2
677 4
678 0
679 1
680 0
681 1
682 0
683 0
684 1
685 0
686 1
687 0
688 2
689 2
690 2
691 2
692 1
693 0
694 2
695 0
696 1
697 1
698 0
699 2
700 0
701 1
702 1
703 2
704 2
705 3
706 1
707 0
708 1
709 0
710 0
711 1
712 3
713 3
714 1
715 0
716 0
717 0
718 2
719 0
720 1
721 2
722 2
723 1
724 1
725 1
726 0
727 1
728 1
729 0
730 1
731 0
732 0
733 1
734 0
735 0
736 0
737 0
738 0
739 0
740 1
741 1
742 0
743 0
744 0
745 0
746 0
747 1
748 5
749 1
750 1
751 1
752 2
753 1
754 1
755 0
756 0
757 0
758 0
759 0
760 0
761 0
762 0
763 0
764 0
765 0
766 0
767 0
768 0
769 0
770 0
771 0
772 0
773 0
774 0
775 0
776 0
777 0
778 0
779 0
780 0
781 0
782 0
783 0
784 0
785 0
786 0
787 1
788 0
789 0
790 1
791 0
792 0
793 0
794 0
795 0
796 0
797 2
798 0
799 1
800 1
801 1
802 0
803 0
804 2
805 1
806 0
807 1
808 1
809 0
810 1
811 0
812 1
813 0
814 0
815 0
816 0
817 0
818 1
819 0
820 0
821 0
822 0
823 1
824 0
825 0
826 0
827 1
828 0
829 0
830 0
831 0
832 0
833 0
834 0
835 0
836 0
837 1
838 0
839 0
840 0
841 0
842 0
843 0
844 0
845 0
846 0
847 0
848 0
849 0
850 0
851 0
852 1
853 0
854 0
855 0
856 0
857 0
858 0
859 0
860 0
861 0
862 0
863 1
864 1
865 1
866 1
867 2
868 1
869 2
870 0
871 0
872 1
873 0
874 0
875 0
876 0
877 0
878 0
879 0
880 0
881 0
882 1
883 1
884 0
885 0
886 1
887 0
888 0
889 0
890 0
891 0
892 0
893 2
894 1
895 2
896 0
897 0
898 0
899 0
900 0
901 0
902 0
903 0
904 1
905 0
906 0
907 0
908 0
909 2
910 0
911 1
912 0
913 0
914 0
915 0
916 0
917 1
918 0
919 0
920 0
921 0
922 0
923 0
924 0
925 0
926 0
927 0
928 0
929 1
930 0
931 0
932 0
933 0
934 0
935 0
936 0
937 0
938 1
939 1
940 2
941 1
942 1
943 0
944 3
945 0
946 1
947 1
948 0
949 0
950 2
951 2
952 0
953 1
954 1
955 2
956 1
957 0
958 2
959 0
960 1
961 1
962 3
963 1
964 1
965 0
966 0
967 1
968 1
969 1
970 0
971 0
972 0
973 0
974 0
975 0
976 0
977 1
978 2
979 1
980 1
981 2
982 1
983 0
984 1
985 1
986 1
987 1
988 0
989 0
990 0
991 0
992 0
993 0
994 1
995 0
996 0
997 0
998 0
999 2
1000 1
1001 0
1002 0
1003 0
1004 2
1005 0
1006 0
1007 0
1008 1
1009 0
1010 0
1011 2
1012 3
1013 2
1014 2
1015 0
1016 3
1017 4
1018 2
1019 1
1020 0
1021 3
1022 1
1023 1
1024 1
1025 3
1026 1
1027 3
1028 2
1029 1
1030 1
1031 3
1032 1
1033 0
1034 3
1035 1
1036 1
1037 1
1038 0
1039 3
1040 2
1041 3
1042 3
1043 2
1044 1
1045 2
1046 1
1047 0
1048 0
1049 0
1050 0
1051 2
1052 0
1053 0
1054 1
1055 1
1056 0
1057 0
1058 0
1059 0
1060 1
1061 0
1062 2
1063 1
1064 2
1065 0
1066 1
1067 0
1068 1
1069 0
1070 1
1071 4
1072 1
1073 1
1074 1
1075 1
1076 2
1077 1
1078 2
1079 1
1080 1
1081 1
1082 0
1083 1
1084 4
1085 2
1086 1
1087 3
1088 1
1089 2
1090 1
1091 0
1092 0
1093 0
1094 0
1095 0
1096 0
1097 0
1098 0
1099 0
1100 0
1101 0
1102 0
1103 0
1104 0
1105 0
1106 1
1107 3
1108 2
1109 2
1110 0
1111 0
1112 0
1113 1
1114 0
1115 0
1116 1
1117 0
1118 0
1119 0
1120 0
1121 1
1122 0
1123 0
1124 0
1125 0
1126 0
1127 0
1128 0
1129 0
1130 0
1131 0
1132 1
1133 0
1134 0
1135 0
1136 0
1137 0
1138 0
1139 0
1140 0
1141 0
1142 0
1143 0
1144 0
1145 0
1146 0
1147 0
1148 0
1149 0
1150 0
1151 0
1152 0
1153 0
1154 0
1155 1
1156 1
1157 0
1158 0
1159 1
1160 0
1161 1
1162 0
1163 0
1164 0
1165 0
1166 2
1167 0
1168 0
1169 1
1170 1
1171 0
1172 0
1173 0
1174 0
1175 0
1176 1
1177 0
1178 0
1179 0
1180 0
1181 0
1182 0
1183 1
1184 1
1185 0
1186 1
1187 1
1188 0
1189 0
1190 0
1191 0
1192 0
1193 0
1194 0
1195 1
1196 1
1197 1
1198 1
1199 0
1200 0
1201 1
1202 0
1203 0
1204 0
1205 0
1206 1
1207 1
1208 1
1209 0
1210 0
1211 0
1212 0
1213 0
1214 0
1215 0
1216 0
1217 0
1218 0
1219 0
1220 0
1221 0
1222 0
1223 0
1224 0
1225 0
1226 0
1227 0
1228 0
1229 0
1230 0
1231 0
1232 0
1233 0
1234 0
1235 0
1236 0
1237 0
1238 0
1239 0
1240 0
1241 0
1242 0
1243 0
1244 0
1245 0
1246 0
1247 0
1248 0
1249 0
1250 0
1251 0
1252 0
1253 1
1254 1
1255 2
1256 1
1257 1
1258 1
1259 0
1260 1
1261 1
1262 1
1263 1
1264 1
1265 1
1266 1
1267 1
1268 1
1269 0
1270 1
1271 1
1272 0
1273 0
1274 0
1275 1
1276 0
1277 0
1278 0
1279 1
1280 1
1281 0
1282 1
1283 0
1284 0
1285 0
1286 0
1287 0
1288 0
1289 3
1290 3
1291 0
1292 1
1293 0
1294 1
1295 0
1296 0
1297 0
1298 0
1299 0
1300 1
1301 0
1302 1
1303 0
1304 2
1305 0
1306 0
1307 2
1308 1
1309 0
1310 0
1311 1
1312 0
1313 2
1314 1
1315 1
1316 1
1317 0
1318 2
1319 1
1320 0
1321 0
1322 0
1323 0
1324 0
1325 0
1326 0
1327 2
1328 0
1329 1
1330 1
1331 0
1332 0
1333 1
1334 1
1335 0
1336 1
1337 0
1338 0
1339 0
1340 0
1341 1
1342 0
1343 0
1344 0
1345 0
1346 0
1347 0
1348 0
1349 0
1350 0
1351 0
1352 1
1353 1
1354 2
1355 3
1356 3
1357 1
1358 1
1359 0
1360 0
1361 0
1362 0
1363 0
1364 0
1365 0
1366 0
1367 1
1368 0
1369 0
1370 1
1371 0
1372 1
1373 0
1374 0
1375 0
1376 1
1377 0
1378 0
1379 0
1380 0
1381 0
1382 0
1383 0
1384 0
1385 1
1386 1
1387 0
1388 0
1389 0
1390 1
1391 0
1392 0
1393 0
1394 0
1395 1
1396 0
1397 0
1398 0
1399 0
1400 0
1401 0
1402 1
1403 1
1404 1
1405 0
1406 0
1407 1
1408 1
1409 1
1410 1
1411 0
1412 0
1413 1
1414 1
1415 1
1416 1
1417 1
1418 0
1419 1
1420 0
1421 0
1422 0
1423 0
1424 1
1425 1
1426 0
1427 1
1428 0
1429 1
1430 2
1431 1
1432 2
1433 2
1434 1
1435 3
1436 1
1437 0
1438 0
1439 0
1440 0
1441 0
1442 0
1443 0
1444 1
1445 1
1446 1
1447 1
1448 1
1449 1
1450 1
1451 0
1452 1
1453 1
1454 0
1455 0
1456 1
1457 1
1458 1
1459 1
1460 0
1461 0
1462 0
1463 2
1464 0
1465 2
1466 1
1467 1
1468 1
1469 1
1470 2
1471 0
1472 2
1473 1
1474 2
1475 1
1476 1
1477 0
1478 0
1479 0
1480 1
1481 2
1482 2
1483 1
1484 2
1485 0
1486 0
1487 0
1488 0
1489 0
1490 1
1491 0
1492 1
1493 1
1494 1
1495 1
1496 0
1497 0
1498 0
1499 1
1500 0
1501 0
1502 0
1503 1
1504 1
1505 0
1506 0
1507 0
1508 0
1509 1
1510 0
1511 1
1512 0
1513 1
1514 1
1515 1
1516 2
1517 0
1518 0
1519 0
1520 0
1521 0
1522 0
1523 1
1524 0
1525 0
1526 0
1527 0
1528 0
1529 0
1530 0
1531 0
1532 0
1533 0
1534 0
1535 0
1536 0
1537 0
1538 0
1539 0
1540 0
1541 0
1542 0
1543 0
1544 0
1545 0
1546 0
1547 1
1548 1
1549 2
1550 1
1551 2
1552 0
1553 1
1554 0
1555 0
1556 0
1557 0
1558 0
1559 0
1560 0
1561 0
1562 0
1563 0
1564 0
1565 0
1566 0
1567 0
1568 0
1569 0
1570 0
1571 0
1572 0
1573 0
1574 0
1575 0
1576 0
1577 0
1578 0
1579 0
1580 0
1581 0
1582 0
1583 0
1584 0
1585 0
1586 0
1587 0
1588 0
1589 0
1590 0
1591 0
1592 0
1593 0
1594 0
1595 0
1596 0
1597 0
1598 0
1599 0
1600 0
1601 0
1602 0
1603 0
1604 0
1605 0
1606 0
1607 0
1608 0
1609 0
1610 0
1611 0
1612 0
1613 0
1614 0
1615 0
1616 0
1617 0
1618 0
1619 0
1620 0
1621 0
1622 0
1623 0
1624 0
1625 0
1626 0
1627 0
1628 0
1629 0
1630 0
1631 0
1632 0
1633 0
1634 0
1635 0
1636 0
1637 0
1638 0
1639 0
1640 0
1641 0
1642 0
1643 0
1644 0
1645 0
1646 0
1647 0
1648 0
1649 0
1650 0
1651 0
1652 0
1653 0
1654 0
1655 0
1656 0
1657 0
1658 0
1659 0
1660 0
1661 0
1662 0
1663 0
1664 0
1665 0
1666 0
1667 0
1668 0
1669 0
1670 1
1671 0
1672 1
1673 1
1674 1
1675 0
1676 1
1677 1
1678 0
1679 0
1680 0
1681 2
1682 0
1683 2
1684 1
1685 1
1686 0
1687 0
1688 0
1689 0
1690 0
1691 1
1692 0
1693 1
1694 2
1695 0
1696 0
1697 0
1698 0
1699 0
1700 0
1701 0
1702 0
1703 0
1704 0
1705 0
1706 0
1707 0
1708 0
1709 0
1710 0
1711 2
1712 2
1713 2
1714 2
1715 0
1716 1
1717 2
1718 1
1719 0
1720 1
1721 1
1722 2
1723 2
1724 1
1725 1
1726 2
1727 0
1728 1
1729 1
1730 1
1731 1
1732 3
1733 1
1734 0
1735 0
1736 0
1737 2
1738 3
1739 2
1740 2
1741 1
1742 1
1743 3
1744 0
1745 0
1746 0
1747 0
1748 0
1749 0
1750 0
1751 0
1752 0
1753 0
1754 0
1755 0
1756 0
1757 0
1758 0
1759 0
1760 0
1761 0
1762 0
1763 0
1764 0
1765 0
1766 0
1767 0
1768 0
1769 0
1770 0
1771 0
1772 0
1773 2
1774 0
1775 0
1776 0
1777 0
1778 0
1779 0
1780 0
1781 0
1782 0
1783 0
1784 0
1785 0
1786 0
1787 0
1788 0
1789 0
1790 0
1791 0
1792 0
1793 0
1794 1
1795 2
1796 2
1797 1
1798 3
1799 2
1800 1
1801 2
1802 0
1803 0
1804 2
1805 2
1806 1
1807 1
1808 3
1809 1
1810 0
1811 2
1812 1
1813 0
1814 1
1815 3
1816 1
1817 2
1818 2
1819 3
1820 0
1821 1
1822 0
1823 2
1824 2
1825 1
1826 1
1827 1
1828 1
1829 1
1830 1
1831 1
1832 0
1833 0
1834 0
1835 0
1836 1
1837 1
1838 1
1839 1
1840 2
1841 2
1842 2
1843 2
1844 2
1845 2
1846 1
1847 0
1848 3
1849 0
1850 3
1851 0
1852 1
1853 1
1854 0
1855 1
1856 0
1857 4
1858 1
1859 1
1860 2
1861 0
1862 2
1863 1
1864 1
1865 3
1866 1
1867 2
1868 1
1869 1
1870 1
1871 1
1872 1
1873 0
1874 1
1875 1
1876 1
1877 1
1878 0
1879 0
1880 1
1881 1
1882 1
1883 0
1884 1
1885 1
1886 1
1887 1
1888 0
1889 0
1890 1
1891 1
1892 0
1893 0
1894 1
1895 0
1896 2
1897 1
1898 0
1899 2
1900 0
1901 2
1902 1
1903 1
1904 1
1905 1
1906 0
1907 0
1908 1
1909 1
1910 0
1911 0
1912 0
1913 1
1914 1
1915 1
1916 1
1917 1
1918 1
1919 3
1920 0
1921 1
1922 1
1923 1
1924 0
1925 0
1926 1
1927 0
1928 1
1929 1
1930 1
1931 0
1932 1
1933 0
1934 1
1935 0
1936 1
1937 0
1938 1
1939 0
1940 1
1941 3
1942 1
1943 0
1944 1
1945 1
1946 1
1947 1
1948 1
1949 1
1950 0
1951 1
1952 2
1953 1
1954 1
1955 1
1956 2
1957 0
1958 3
1959 0
1960 3
1961 1
1962 2
1963 0
1964 3
1965 2
1966 1
1967 1
1968 2
1969 1
1970 1
1971 2
1972 0
1973 2
1974 2
1975 1
1976 1
1977 1
1978 0
1979 1
1980 2
1981 0
1982 0
1983 1
1984 0
1985 1
1986 1
1987 0
1988 1
1989 1
1990 1
1991 1
1992 0
1993 1
1994 2
1995 1
1996 0
1997 0
1998 2
1999 3
