0 1
1 1
2 0
3 1
4 2
5 2
6 2
7 3
8 1
9 1
10 1
11 1
12 2
13 2
14 0
15 2
16 1
17 1
18 1
19 0
20 2
21 2
22 2
23 1
24 3
25 1
26 1
27 0
28 1
29 0
30 1
31 0
32 1
33 1
34 2
35 1
36 1
37 0
38 1
39 1
40 0
41 1
42 2
43 1
44 1
45 2
46 1
47 1
48 1
49 1
50 1
51 0
52 1
53 0
54 1
55 1
56 0
57 0
58 1
59 2
60 1
61 2
62 1
63 2
64 1
65 0
66 1
67 2
68 1
69 1
70 1
71 1
72 0
73 3
74 1
75 1
76 1
77 2
78 0
79 2
80 1
81 1
82 1
83 2
84 1
85 2
86 1
87 1
88 1
89 1
90 1
91 1
92 2
93 2
94 1
95 1
96 2
97 1
98 0
99 1
100 0
101 1
102 1
103 2
104 1
105 0
106 1
107 2
108 1
109 0
110 1
111 1
112 2
113 0
114 1
115 1
116 1
117 0
118 0
119 0
120 1
121 2
122 2
123 1
124 1
125 0
126 2
127 3
128 1
129 1
130 1
131 2
132 2
133 2
134 2
135 2
136 0
137 3
138 2
139 3
140 1
141 3
142 2
143 0
144 2
145 2
146 2
147 2
148 1
149 0
150 2
151 2
152 1
153 3
154 3
155 0
156 2
157 2
158 0
159 1
160 0
161 3
162 2
163 1
164 3
165 2
166 4
167 2
168 2
169 1
170 1
171 3
172 1
173 1
174 2
175 1
176 1
177 0
178 1
179 1
180 1
181 1
182 0
183 1
184 1
185 1
186 0
187 2
188 0
189 1
190 1
191 1
192 1
193 1
194 1
195 1
196 1
197 0
198 0
199 1
200 0
201 1
202 2
203 1
204 1
205 1
206 2
207 1
208 1
209 1
210 1
211 0
212 1
213 1
214 1
215 2
216 0
217 0
218 1
219 0
220 0
221 1
222 1
223 0
224 1
225 0
226 1
227 1
228 1
229 0
230 1
231 3
232 1
233 2
234 3
235 2
236 1
237 3
238 3
239 3
240 2
241 2
242 2
243 1
244 2
245 3
246 1
247 2
248 3
249 2
250 2
251 2
252 2
253 2
254 1
255 2
256 0
257 2
258 2
259 2
260 2
261 2
262 1
263 1
264 3
265 2
266 2
267 0
268 3
269 1
270 2
271 2
272 1
273 2
274 2
275 0
276 2
277 1
278 1
279 1
280 2
281 0
282 3
283 1
284 2
285 2
286 1
287 2
288 2
289 2
290 1
291 3
292 3
293 1
294 1
295 2
296 1
297 1
298 1
299 2
300 2
301 1
302 1
303 2
304 2
305 1
306 1
307 1
308 2
309 0
310 1
311 3
312 1
313 0
314 1
315 1
316 1
317 1
318 0
319 2
320 2
321 1
322 2
323 2
324 1
325 1
326 3
327 3
328 2
329 4
330 3
331 2
332 1
333 0
334 0
335 1
336 0
337 2
338 3
339 3
340 1
341 0
342 2
343 3
344 2
345 1
346 3
347 1
348 1
349 1
350 1
351 1
352 2
353 1
354 3
355 2
356 2
357 3
358 1
359 1
360 3
361 2
362 2
363 2
364 1
365 2
366 2
367 3
368 1
369 2
370 1
371 3
372 1
373 2
374 2
375 2
376 1
377 2
378 3
379 3
380 2
381 2
382 1
383 2
384 3
385 2
386 2
387 3
388 1
389 3
390 2
391 3
392 2
393 1
394 2
395 2
396 1
397 2
398 1
399 1
400 1
401 1
402 0
403 3
404 2
405 1
406 2
407 0
408 1
409 0
410 1
411 1
412 0
413 1
414 2
415 0
416 2
417 1
418 0
419 1
420 0
421 1
422 1
423 0
424 1
425 0
426 0
427 0
428 0
429 0
430 0
431 0
432 0
433 0
434 0
435 0
436 1
437 1
438 0
439 0
440 0
441 0
442 1
443 1
444 0
445 1
446 1
447 0
448 2
449 1
450 1
451 2
452 1
453 1
454 1
455 2
456 0
457 0
458 1
459 0
460 2
461 1
462 1
463 0
464 0
465 0
466 1
467 2
468 1
469 1
470 4
471 1
472 1
473 1
474 2
475 2
476 1
477 1
478 1
479 2
480 1
481 1
482 1
483 0
484 2
485 4
486 0
487 0
488 2
489 1
490 2
491 3
492 0
493 0
494 1
495 2
496 1
497 1
498 2
499 1
500 2
501 0
502 0
503 0
504 1
505 1
506 1
507 1
508 2
509 1
510 2
511 2
512 0
513 1
514 1
515 1
516 2
517 1
518 1
519 0
520 0
521 2
522 1
523 1
524 2
525 3
526 0
527 0
528 1
529 1
530 2
531 1
532 2
533 1
534 0
535 0
536 1
537 1
538 1
539 1
540 1
541 0
542 0
543 1
544 0
545 4
546 3
547 0
548 2
549 2
550 3
551 1
552 3
553 1
554 2
555 2
556 1
557 1
558 0
559 1
560 0
561 0
562 0
563 0
564 1
565 1
566 2
567 1
568 1
569 1
570 0
571 1
572 1
573 0
574 3
575 1
576 3
577 2
578 1
579 1
580 2
581 0
582 2
583 1
584 1
585 2
586 3
587 2
588 2
589 0
590 1
591 1
592 1
593 2
594 1
595 1
596 1
597 1
598 1
599 3
600 1
601 1
602 2
603 1
604 1
605 2
606 2
607 1
608 1
609 1
610 2
611 1
612 0
613 1
614 1
615 4
616 1
617 2
618 0
619 1
620 0
621 0
622 1
623 3
624 1
625 1
626 1
627 2
628 0
629 1
630 1
631 2
632 2
633 2
634 3
635 2
636 1
637 1
638 1
639 3
640 1
641 1
642 2
643 2
644 0
645 3
646 1
647 2
648 2
649 1
650 1
651 2
652 2
653 3
654 4
655 2
656 1
657 1
658 1
659 0
660 1
661 1
662 2
663 1
664 1
665 2
666 1
667 1
668 2
669 1
670 2
671 2
672 2
673 1
674 3
675 1
676 1
677 2
678 1
679 1
680 1
681 1
682 0
683 1
684 0
685 1
686 2
687 0
688 1
689 2
690 1
691 0
692 0
693 0
694 1
695 1
696 1
697 0
698 2
699 1
700 0
701 1
702 3
703 3
704 1
705 3
706 3
707 2
708 1
709 2
710 3
711 4
712 3
713 5
714 2
715 0
716 3
717 0
718 2
719 1
720 2
721 2
722 3
723 1
724 3
725 3
726 3
727 2
728 2
729 1
730 3
731 1
732 0
733 2
734 2
735 2
736 2
737 2
738 5
739 1
740 1
741 3
742 2
743 2
744 0
745 4
746 2
747 3
748 0
749 1
750 3
751 0
752 1
753 1
754 2
755 1
756 1
757 1
758 3
759 2
760 1
761 1
762 2
763 3
764 1
765 3
766 1
767 0
768 2
769 1
770 0
771 1
772 1
773 0
774 1
775 0
776 0
777 0
778 0
779 0
780 0
781 0
782 1
783 0
784 0
785 1
786 1
787 1
788 1
789 1
790 2
791 0
792 1
793 1
794 1
795 1
796 0
797 2
798 1
799 1
800 1
801 0
802 1
803 2
804 1
805 2
806 0
807 1
808 0
809 0
810 0
811 0
812 2
813 2
814 3
815 2
816 2
817 3
818 3
819 1
820 2
821 1
822 4
823 3
824 1
825 1
826 0
827 0
828 0
829 0
830 0
831 0
832 2
833 1
834 2
835 3
836 2
837 1
838 1
839 1
840 0
841 3
842 1
843 1
844 1
845 0
846 0
847 1
848 1
849 3
850 1
851 0
852 0
853 2
854 1
855 2
856 1
857 1
858 1
859 2
860 1
861 1
862 2
863 0
864 1
865 0
866 1
867 1
868 1
869 1
870 1
871 1
872 0
873 2
874 1
875 1
876 1
877 1
878 1
879 1
880 1
881 1
882 1
883 1
884 1
885 2
886 1
887 2
888 2
889 0
890 3
891 2
892 0
893 0
894 1
895 2
896 2
897 1
898 0
899 0
900 2
901 1
902 1
903 1
904 1
905 1
906 0
907 2
908 2
909 1
910 0
911 1
912 2
913 1
914 1
915 1
916 0
917 0
918 0
919 1
920 1
921 1
922 1
923 0
924 0
925 0
926 1
927 1
928 2
929 0
930 2
931 1
932 1
933 1
934 3
935 0
936 1
937 1
938 1
939 0
940 1
941 0
942 1
943 0
944 1
945 1
946 2
947 2
948 1
949 2
950 2
951 1
952 0
953 1
954 1
955 1
956 3
957 0
958 0
959 1
960 1
961 1
962 1
963 2
964 1
965 1
966 1
967 1
968 1
969 0
970 1
971 1
972 2
973 1
974 1
975 1
976 2
977 3
978 2
979 2
980 0
981 1
982 1
983 1
984 1
985 2
986 0
987 2
988 1
989 2
990 3
991 4
992 2
993 5
994 2
995 1
996 1
997 3
998 3
999 1
1000 2
1001 4
1002 2
1003 4
1004 2
1005 1
1006 0
1007 2
1008 3
1009 2
1010 4
1011 1
1012 1
1013 1
1014 1
1015 1
1016 1
1017 2
1018 0
1019 3
1020 6
1021 2
1022 2
1023 2
1024 1
1025 2
1026 3
1027 1
1028 3
1029 2
1030 3
1031 1
1032 2
1033 2
1034 0
1035 1
1036 2
1037 2
1038 0
1039 1
1040 1
1041 2
1042 3
1043 2
1044 2
1045 2
1046 2
1047 1
1048 3
1049 2
1050 4
1051 2
1052 4
1053 3
1054 2
1055 2
1056 3
1057 2
1058 3
1059 3
1060 2
1061 3
1062 5
1063 1
1064 5
1065 3
1066 1
1067 2
1068 4
1069 3
1070 2
1071 5
1072 3
1073 2
1074 3
1075 2
1076 6
1077 2
1078 3
1079 3
1080 4
1081 3
1082 4
1083 2
1084 1
1085 4
1086 2
1087 2
1088 2
1089 2
1090 4
1091 3
1092 3
1093 5
1094 5
1095 6
1096 1
1097 2
1098 4
1099 3
1100 2
1101 1
1102 3
1103 4
1104 4
1105 1
1106 2
1107 0
1108 0
1109 1
1110 0
1111 2
1112 2
1113 3
1114 4
1115 4
1116 3
1117 0
1118 0
1119 0
1120 1
1121 3
1122 2
1123 0
1124 2
1125 1
1126 2
1127 2
1128 2
1129 1
1130 3
1131 1
1132 2
1133 3
1134 3
1135 1
1136 1
1137 1
1138 2
1139 1
1140 2
1141 1
1142 1
1143 1
1144 1
1145 1
1146 2
1147 0
1148 1
1149 2
1150 0
1151 0
1152 0
1153 0
1154 0
1155 0
1156 1
1157 1
1158 0
1159 0
1160 0
1161 0
1162 1
1163 0
1164 1
1165 1
1166 1
1167 1
1168 0
1169 1
1170 0
1171 2
1172 2
1173 3
1174 2
1175 2
1176 1
1177 1
1178 2
1179 2
1180 2
1181 1
1182 2
1183 2
1184 1
1185 1
1186 2
1187 0
1188 1
1189 1
1190 2
1191 2
1192 0
1193 1
1194 2
1195 0
1196 0
1197 0
1198 2
1199 0
1200 2
1201 1
1202 2
1203 2
1204 2
1205 0
1206 2
1207 1
1208 2
1209 1
1210 0
1211 1
1212 2
1213 0
1214 0
1215 1
1216 0
1217 0
1218 0
1219 2
1220 0
1221 0
1222 0
1223 0
1224 0
1225 1
1226 2
1227 1
1228 1
1229 2
1230 0
1231 0
1232 0
1233 0
1234 3
1235 1
1236 1
1237 3
1238 2
1239 3
1240 3
1241 0
1242 2
1243 3
1244 1
1245 2
1246 2
1247 0
1248 0
1249 3
1250 2
1251 3
1252 3
1253 0
1254 1
1255 1
1256 1
1257 0
1258 1
1259 1
1260 0
1261 2
1262 1
1263 3
1264 1
1265 3
1266 1
1267 1
1268 1
1269 1
1270 2
1271 2
1272 1
1273 1
1274 0
1275 1
1276 2
1277 1
1278 0
1279 0
1280 1
1281 0
1282 0
1283 0
1284 2
1285 0
1286 3
1287 1
1288 3
1289 0
1290 2
1291 5
1292 3
1293 0
1294 0
1295 0
1296 1
1297 0
1298 0
1299 0
1300 0
1301 0
1302 0
1303 0
1304 0
1305 0
1306 1
1307 1
1308 0
1309 0
1310 1
1311 0
1312 0
1313 1
1314 1
1315 0
1316 0
1317 1
1318 0
1319 0
1320 0
1321 0
1322 0
1323 1
1324 1
1325 1
1326 0
1327 1
1328 0
1329 1
1330 2
1331 1
1332 1
1333 0
1334 0
1335 0
1336 2
1337 0
1338 0
1339 1
1340 2
1341 1
1342 0
1343 0
1344 1
1345 2
1346 1
1347 2
1348 3
1349 2
1350 2
1351 0
1352 0
1353 0
1354 1
1355 1
1356 1
1357 2
1358 0
1359 1
1360 1
1361 1
1362 1
1363 1
1364 0
1365 1
1366 0
1367 1
1368 1
1369 1
1370 1
1371 0
1372 1
1373 0
1374 3
1375 1
1376 1
1377 0
1378 2
1379 2
1380 1
1381 0
1382 2
1383 1
1384 2
1385 0
1386 0
1387 1
1388 2
1389 1
1390 0
1391 1
1392 1
1393 2
1394 1
1395 0
1396 0
1397 2
1398 1
1399 1
1400 0
1401 0
1402 0
1403 2
1404 0
1405 2
1406 1
1407 2
1408 0
1409 0
1410 1
1411 2
1412 0
1413 1
1414 0
1415 1
1416 1
1417 2
1418 2
1419 0
1420 1
1421 2
1422 1
1423 2
1424 1
1425 1
1426 3
1427 2
1428 2
1429 1
1430 1
1431 1
1432 3
1433 3
1434 1
1435 0
1436 1
1437 2
1438 1
1439 3
1440 0
1441 1
1442 2
1443 1
1444 3
1445 3
1446 1
1447 0
1448 3
1449 2
1450 1
1451 2
1452 3
1453 3
1454 1
1455 3
1456 2
1457 2
1458 1
1459 2
1460 3
1461 0
1462 1
1463 0
1464 1
1465 1
1466 2
1467 2
1468 3
1469 1
1470 3
1471 2
1472 4
1473 2
1474 3
1475 0
1476 1
1477 1
1478 0
1479 2
1480 2
1481 0
1482 2
1483 1
1484 4
1485 0
1486 2
1487 2
1488 1
1489 3
1490 1
1491 1
1492 1
1493 3
1494 2
1495 3
1496 2
1497 1
1498 3
1499 3
1500 0
1501 2
1502 1
1503 2
1504 1
1505 1
1506 2
1507 2
1508 3
1509 1
1510 1
1511 1
1512 2
1513 1
1514 2
1515 4
1516 1
1517 2
1518 2
1519 2
1520 1
1521 1
1522 2
1523 1
1524 2
1525 2
1526 1
1527 5
1528 2
1529 2
1530 3
1531 2
1532 3
1533 2
1534 3
1535 1
1536 3
1537 3
1538 2
1539 3
1540 1
1541 2
1542 3
1543 2
1544 2
1545 1
1546 4
1547 3
1548 2
1549 2
1550 2
1551 2
1552 2
1553 2
1554 0
1555 2
1556 1
1557 2
1558 1
1559 3
1560 2
1561 1
1562 2
1563 2
1564 3
1565 2
1566 0
1567 0
1568 3
1569 1
1570 2
1571 1
1572 0
1573 1
1574 2
1575 3
1576 2
1577 3
1578 2
1579 1
1580 0
1581 1
1582 1
1583 1
1584 2
1585 0
1586 0
1587 2
1588 0
1589 1
1590 1
1591 1
1592 0
1593 0
1594 0
1595 0
1596 0
1597 1
1598 0
1599 0
1600 0
1601 0
1602 0
1603 0
1604 0
1605 0
1606 1
1607 2
1608 0
1609 0
1610 0
1611 2
1612 0
1613 0
1614 0
1615 0
1616 1
1617 0
1618 0
1619 1
1620 0
1621 0
1622 0
1623 1
1624 0
1625 0
1626 0
1627 1
1628 0
1629 0
1630 1
1631 1
1632 0
1633 0
1634 1
1635 1
1636 0
1637 0
1638 0
1639 0
1640 0
1641 0
1642 2
1643 0
1644 1
1645 0
1646 1
1647 1
1648 1
1649 1
1650 0
1651 0
1652 0
1653 2
1654 1
1655 0
1656 1
1657 1
1658 1
1659 2
1660 0
1661 1
1662 0
1663 1
1664 0
1665 1
1666 2
1667 1
1668 1
1669 0
1670 1
1671 0
1672 1
1673 2
1674 0
1675 0
1676 0
1677 0
1678 0
1679 1
1680 0
1681 0
1682 1
1683 1
1684 1
1685 0
1686 0
1687 0
1688 0
1689 0
1690 0
1691 0
1692 0
1693 0
1694 0
1695 0
1696 0
1697 0
1698 2
1699 0
1700 0
1701 1
1702 0
1703 0
1704 0
1705 0
1706 1
1707 2
1708 0
1709 0
1710 0
1711 0
1712 1
1713 0
1714 0
1715 0
1716 0
1717 0
1718 0
1719 0
1720 0
1721 1
1722 0
1723 0
1724 1
1725 0
1726 0
1727 0
1728 1
1729 0
1730 0
1731 0
1732 0
1733 0
1734 1
1735 0
1736 1
1737 2
1738 1
1739 1
1740 1
1741 1
1742 2
1743 1
1744 1
1745 1
1746 0
1747 0
1748 1
1749 1
1750 1
1751 1
1752 1
1753 3
1754 3
1755 2
1756 1
1757 0
1758 2
1759 1
1760 1
1761 1
1762 2
1763 1
1764 1
1765 1
1766 1
1767 1
1768 1
1769 1
1770 2
1771 1
1772 1
1773 0
1774 1
1775 0
1776 1
1777 1
1778 1
1779 0
1780 0
1781 0
1782 0
1783 1
1784 0
1785 1
1786 1
1787 2
1788 1
1789 1
1790 1
1791 2
1792 3
1793 1
1794 1
1795 0
1796 2
1797 1
1798 1
1799 1
1800 1
1801 0
1802 1
1803 2
1804 1
1805 1
1806 0
1807 1
1808 0
1809 1
1810 3
1811 2
1812 1
1813 2
1814 0
1815 1
1816 1
1817 4
1818 3
1819 2
1820 1
1821 0
1822 0
1823 0
1824 1
1825 1
1826 1
1827 0
1828 0
1829 0
1830 1
1831 0
1832 2
1833 1
1834 0
1835 1
1836 2
1837 1
1838 1
1839 1
1840 2
1841 0
1842 1
1843 0
1844 1
1845 0
1846 0
1847 0
1848 0
1849 0
1850 1
1851 1
1852 0
1853 0
1854 0
1855 1
1856 1
1857 0
1858 0
1859 1
1860 0
1861 0
1862 1
1863 1
1864 1
1865 0
1866 1
1867 0
1868 1
1869 1
1870 2
1871 0
1872 1
1873 1
1874 3
1875 2
1876 2
1877 2
1878 3
1879 3
1880 3
1881 3
1882 2
1883 1
1884 1
1885 0
1886 0
1887 0
1888 0
1889 0
1890 0
1891 3
1892 1
1893 2
1894 0
1895 1
1896 0
1897 0
1898 0
1899 0
1900 1
1901 0
1902 0
1903 0
1904 0
1905 1
1906 0
1907 2
1908 0
1909 0
1910 1
1911 0
1912 1
1913 0
1914 1
1915 1
1916 0
1917 1
1918 0
1919 1
1920 1
1921 1
1922 3
1923 1
1924 2
1925 1
1926 1
1927 1
1928 2
1929 2
1930 0
1931 2
1932 2
1933 1
1934 3
1935 1
1936 1
1937 2
1938 1
1939 2
1940 2
1941 1
1942 3
1943 2
1944 2
1945 3
1946 1
1947 2
1948 1
1949 3
1950 1
1951 0
1952 1
1953 1
1954 3
1955 3
1956 2
1957 0
1958 2
1959 3
1960 2
1961 2
1962 0
1963 3
1964 2
1965 2
1966 1
1967 1
1968 1
1969 3
1970 2
1971 1
1972 3
1973 2
1974 0
1975 2
1976 0
1977 2
1978 2
1979 1
1980 4
1981 2
1982 2
1983 0
1984 1
1985 0
1986 2
1987 1
1988 1
1989 2
1990 1
1991 2
1992 0
1993 3
1994 2
1995 1
1996 4
1997 0
1998 1
1999 0
