0 0
1 1
2 0
3 0
4 1
5 0
6 0
7 1
8 0
9 1
10 0
11 0
12 0
13 0
14 0
15 0
16 1
17 1
18 1
19 0
20 0
21 0
22 0
23 0
24 0
25 0
26 1
27 0
28 0
29 0
30 1
31 0
32 0
33 0
34 0
35 1
36 0
37 1
38 0
39 1
40 1
41 1
42 2
43 2
44 2
45 1
46 2
47 2
48 2
49 1
50 2
51 2
52 2
53 1
54 0
55 2
56 2
57 1
58 1
59 1
60 3
61 3
62 1
63 3
64 2
65 1
66 1
67 2
68 2
69 1
70 1
71 1
72 1
73 1
74 1
75 1
76 2
77 2
78 0
79 0
80 0
81 0
82 0
83 0
84 1
85 0
86 0
87 0
88 0
89 0
90 0
91 0
92 0
93 0
94 0
95 0
96 0
97 0
98 0
99 0
100 0
101 0
102 0
103 0
104 0
105 0
106 0
107 0
108 0
109 0
110 0
111 0
112 0
113 0
114 0
115 0
116 0
117 0
118 0
119 0
120 0
121 0
122 0
123 0
124 0
125 0
126 0
127 0
128 0
129 0
130 0
131 0
132 2
133 2
134 2
135 2
136 1
137 2
138 2
139 3
140 2
141 2
142 2
143 2
144 1
145 0
146 1
147 0
148 1
149 1
150 0
151 1
152 0
153 0
154 0
155 0
156 0
157 0
158 0
159 0
160 0
161 0
162 0
163 0
164 0
165 0
166 0
167 0
168 0
169 0
170 0
171 0
172 0
173 0
174 0
175 0
176 0
177 0
178 0
179 0
180 0
181 0
182 0
183 0
184 0
185 0
186 2
187 2
188 1
189 1
190 1
191 1
192 1
193 1
194 1
195 1
196 0
197 1
198 1
199 1
200 1
201 1
202 1
203 1
204 1
205 0
206 0
207 0
208 0
209 0
210 0
211 0
212 0
213 0
214 0
215 1
216 1
217 0
218 0
219 1
220 0
221 0
222 0
223 0
224 0
225 0
226 0
227 0
228 0
229 0
230 0
231 0
232 0
233 0
234 0
235 0
236 0
237 0
238 0
239 0
240 0
241 0
242 0
243 0
244 0
245 0
246 0
247 0
248 0
249 0
250 0
251 0
252 0
253 0
254 0
255 0
256 0
257 0
258 0
259 0
260 0
261 0
262 0
263 0
264 0
265 0
266 0
267 0
268 0
269 0
270 0
271 0
272 0
273 0
274 0
275 0
276 0
277 0
278 0
279 0
280 0
281 0
282 0
283 0
284 0
285 0
286 0
287 0
288 0
289 0
290 1
291 1
292 1
293 0
294 0
295 0
296 0
297 0
298 0
299 0
300 0
301 0
302 0
303 0
304 0
305 0
306 0
307 0
308 0
309 0
310 0
311 0
312 0
313 0
314 0
315 0
316 0
317 0
318 0
319 0
320 0
321 0
322 0
323 0
324 0
325 0
326 0
327 0
328 0
329 0
330 0
331 0
332 0
333 0
334 0
335 0
336 0
337 0
338 0
339 0
340 0
341 0
342 0
343 0
344 0
345 0
346 0
347 0
348 0
349 0
350 0
351 0
352 0
353 0
354 0
355 0
356 0
357 0
358 0
359 0
360 0
361 0
362 0
363 0
364 0
365 0
366 0
367 0
368 0
369 0
370 0
371 0
372 0
373 0
374 0
375 0
376 0
377 0
378 0
379 0
380 0
381 0
382 0
383 0
384 0
385 0
386 0
387 0
388 0
389 0
390 0
391 0
392 0
393 0
394 0
395 0
396 0
397 0
398 0
399 0
400 0
401 0
402 0
403 0
404 0
405 0
406 0
407 0
408 0
409 0
410 0
411 0
412 0
413 0
414 0
415 0
416 0
417 0
418 0
419 0
420 0
421 0
422 0
423 0
424 0
425 0
426 0
427 0
428 0
429 0
430 0
431 0
432 0
433 0
434 0
435 0
436 0
437 0
438 0
439 0
440 0
441 0
442 0
443 0
444 0
445 0
446 0
447 0
448 0
449 0
450 0
451 0
452 0
453 0
454 0
455 0
456 0
457 0
458 0
459 0
460 0
461 0
462 0
463 0
464 0
465 0
466 0
467 0
468 0
469 0
470 0
471 0
472 0
473 0
474 0
475 0
476 0
477 0
478 0
479 0
480 0
481 0
482 0
483 0
484 0
485 0
486 0
487 0
488 0
489 0
490 0
491 0
492 0
493 0
494 0
495 0
496 0
497 0
498 0
499 0
500 0
501 0
502 0
503 0
504 0
505 0
506 0
507 0
508 0
509 0
510 0
511 0
512 0
513 0
514 0
515 0
516 0
517 0
518 0
519 0
520 0
521 0
522 0
523 0
524 0
525 0
526 0
527 0
528 0
529 0
530 0
531 0
532 0
533 0
534 0
535 0
536 0
537 0
538 0
539 0
540 0
541 0
542 0
543 0
544 0
545 0
546 0
547 0
548 0
549 0
550 0
551 0
552 0
553 0
554 0
555 0
556 0
557 0
558 0
559 0
560 0
561 0
562 0
563 0
564 0
565 0
566 0
567 0
568 0
569 0
570 0
571 0
572 0
573 0
574 0
575 0
576 0
577 0
578 0
579 0
580 0
581 0
582 0
583 0
584 0
585 0
586 0
587 0
588 0
589 0
590 0
591 0
592 0
593 0
594 0
595 0
596 0
597 0
598 0
599 0
600 0
601 0
602 0
603 0
604 0
605 0
606 0
607 0
608 0
609 0
610 0
611 0
612 0
613 0
614 0
615 0
616 0
617 0
618 0
619 0
620 0
621 0
622 0
623 0
624 0
625 0
626 0
627 0
628 0
629 0
630 0
631 0
632 0
633 0
634 0
635 0
636 0
637 0
638 0
639 0
640 0
641 0
642 0
643 0
644 0
645 1
646 0
647 0
648 0
649 0
650 0
651 1
652 1
653 1
654 1
655 0
656 1
657 1
658 1
659 1
660 0
661 1
662 0
663 0
664 1
665 0
666 0
667 0
668 0
669 0
670 0
671 0
672 0
673 0
674 0
675 0
676 0
677 0
678 0
679 0
680 0
681 0
682 0
683 0
684 0
685 0
686 0
687 0
688 0
689 0
690 0
691 0
692 0
693 0
694 0
695 0
696 1
697 0
698 0
699 0
700 0
701 0
702 0
703 0
704 0
705 0
706 0
707 0
708 0
709 0
710 0
711 0
712 2
713 2
714 1
715 2
716 1
717 3
718 1
719 2
720 2
721 1
722 2
723 3
724 2
725 2
726 2
727 2
728 3
729 3
730 2
731 2
732 2
733 2
734 3
735 2
736 3
737 2
738 2
739 1
740 2
741 2
742 1
743 1
744 2
745 1
746 1
747 1
748 1
749 0
750 1
751 0
752 0
753 0
754 0
755 0
756 1
757 0
758 0
759 0
760 0
761 0
762 0
763 0
764 1
765 0
766 0
767 0
768 0
769 0
770 0
771 0
772 0
773 0
774 0
775 1
776 0
777 0
778 0
779 0
780 0
781 0
782 0
783 0
784 0
785 0
786 0
787 1
788 0
789 0
790 0
791 0
792 0
793 0
794 0
795 1
796 0
797 0
798 0
799 0
800 0
801 0
802 0
803 0
804 0
805 0
806 0
807 0
808 0
809 1
810 0
811 0
812 0
813 0
814 0
815 0
816 0
817 0
818 0
819 0
820 0
821 0
822 0
823 0
824 0
825 0
826 0
827 0
828 0
829 0
830 0
831 0
832 0
833 0
834 0
835 0
836 0
837 0
838 0
839 0
840 0
841 0
842 0
843 0
844 0
845 0
846 0
847 0
848 0
849 0
850 0
851 0
852 0
853 0
854 0
855 0
856 0
857 0
858 0
859 0
860 0
861 0
862 1
863 0
864 0
865 0
866 0
867 0
868 0
869 0
870 0
871 0
872 0
873 0
874 0
875 0
876 0
877 0
878 0
879 0
880 0
881 0
882 0
883 0
884 0
885 1
886 0
887 0
888 0
889 0
890 0
891 0
892 0
893 0
894 0
895 0
896 0
897 0
898 0
899 0
900 0
901 0
902 0
903 1
904 0
905 0
906 0
907 0
908 0
909 0
910 0
911 0
912 0
913 1
914 0
915 0
916 1
917 1
918 0
919 0
920 1
921 1
922 1
923 2
924 0
925 0
926 0
927 0
928 0
929 0
930 0
931 0
932 0
933 0
934 0
935 0
936 0
937 0
938 0
939 2
940 0
941 1
942 0
943 0
944 0
945 0
946 0
947 0
948 0
949 0
950 1
951 1
952 1
953 1
954 3
955 1
956 1
957 0
958 0
959 0
960 0
961 0
962 1
963 0
964 0
965 0
966 0
967 0
968 0
969 1
970 0
971 0
972 0
973 0
974 1
975 0
976 0
977 0
978 0
979 0
980 0
981 0
982 0
983 0
984 0
985 0
986 0
987 0
988 1
989 0
990 1
991 1
992 0
993 0
994 0
995 0
996 0
997 0
998 0
999 0
1000 0
1001 0
1002 0
1003 0
1004 0
1005 0
1006 0
1007 0
1008 0
1009 0
1010 0
1011 0
1012 0
1013 2
1014 0
1015 0
1016 0
1017 0
1018 0
1019 0
1020 0
1021 0
1022 0
1023 0
1024 0
1025 0
1026 0
1027 0
1028 0
1029 0
1030 0
1031 0
1032 0
1033 0
1034 0
1035 0
1036 0
1037 0
1038 0
1039 0
1040 0
1041 0
1042 0
1043 0
1044 0
1045 0
1046 0
1047 0
1048 0
1049 0
1050 0
1051 0
1052 0
1053 0
1054 0
1055 0
1056 0
1057 0
1058 0
1059 0
1060 0
1061 0
1062 0
1063 0
1064 0
1065 0
1066 1
1067 1
1068 0
1069 0
1070 0
1071 0
1072 0
1073 0
1074 0
1075 0
1076 0
1077 0
1078 0
1079 0
1080 0
1081 0
1082 0
1083 0
1084 0
1085 0
1086 0
1087 0
1088 1
1089 1
1090 0
1091 0
1092 0
1093 0
1094 1
1095 0
1096 0
1097 0
1098 2
1099 0
1100 1
1101 1
1102 0
1103 1
1104 0
1105 0
1106 0
1107 1
1108 1
1109 0
1110 0
1111 0
1112 1
1113 1
1114 2
1115 0
1116 0
1117 0
1118 0
1119 0
1120 0
1121 1
1122 0
1123 1
1124 0
1125 1
1126 1
1127 0
1128 0
1129 1
1130 1
1131 0
1132 0
1133 0
1134 0
1135 0
1136 0
1137 0
1138 0
1139 0
1140 0
1141 0
1142 0
1143 0
1144 0
1145 0
1146 0
1147 0
1148 0
1149 0
1150 0
1151 0
1152 0
1153 0
1154 2
1155 2
1156 2
1157 1
1158 2
1159 2
1160 1
1161 1
1162 2
1163 1
1164 3
1165 1
1166 1
1167 2
1168 3
1169 1
1170 2
1171 2
1172 2
1173 0
1174 0
1175 2
1176 1
1177 1
1178 2
1179 2
1180 2
1181 1
1182 0
1183 0
1184 2
1185 2
1186 1
1187 1
1188 2
1189 1
1190 2
1191 1
1192 2
1193 2
1194 0
1195 1
1196 0
1197 0
1198 0
1199 0
1200 0
1201 0
1202 0
1203 0
1204 0
1205 0
1206 0
1207 0
1208 0
1209 0
1210 0
1211 0
1212 0
1213 0
1214 0
1215 0
1216 0
1217 0
1218 0
1219 0
1220 0
1221 0
1222 0
1223 0
1224 0
1225 0
1226 1
1227 0
1228 0
1229 0
1230 0
1231 0
1232 0
1233 0
1234 0
1235 0
1236 0
1237 0
1238 0
1239 0
1240 0
1241 0
1242 0
1243 0
1244 0
1245 0
1246 0
1247 0
1248 0
1249 0
1250 0
1251 0
1252 0
1253 0
1254 0
1255 0
1256 0
1257 0
1258 0
1259 0
1260 0
1261 0
1262 0
1263 0
1264 0
1265 0
1266 0
1267 0
1268 0
1269 0
1270 0
1271 0
1272 1
1273 0
1274 0
1275 0
1276 0
1277 0
1278 0
1279 0
1280 0
1281 0
1282 0
1283 0
1284 0
1285 0
1286 0
1287 0
1288 0
1289 0
1290 0
1291 0
1292 0
1293 0
1294 0
1295 0
1296 0
1297 0
1298 0
1299 0
1300 0
1301 0
1302 0
1303 0
1304 0
1305 0
1306 0
1307 3
1308 1
1309 1
1310 2
1311 1
1312 0
1313 0
1314 1
1315 2
1316 2
1317 2
1318 2
1319 2
1320 1
1321 2
1322 2
1323 1
1324 2
1325 1
1326 1
1327 1
1328 1
1329 2
1330 1
1331 1
1332 1
1333 1
1334 1
1335 1
1336 0
1337 1
1338 0
1339 1
1340 2
1341 2
1342 0
1343 1
1344 0
1345 0
1346 0
1347 0
1348 0
1349 0
1350 0
1351 0
1352 2
1353 0
1354 0
1355 1
1356 1
1357 2
1358 1
1359 0
1360 1
1361 1
1362 1
1363 1
1364 1
1365 0
1366 2
1367 2
1368 1
1369 2
1370 1
1371 1
1372 2
1373 2
1374 2
1375 2
1376 2
1377 2
1378 2
1379 2
1380 1
1381 2
1382 2
1383 1
1384 1
1385 0
1386 2
1387 2
1388 1
1389 1
1390 0
1391 1
1392 1
1393 1
1394 1
1395 1
1396 2
1397 3
1398 1
1399 3
1400 0
1401 2
1402 2
1403 1
1404 1
1405 1
1406 1
1407 1
1408 1
1409 1
1410 1
1411 1
1412 1
1413 1
1414 1
1415 1
1416 1
1417 1
1418 1
1419 1
1420 1
1421 1
1422 1
1423 1
1424 1
1425 1
1426 0
1427 1
1428 1
1429 2
1430 3
1431 1
1432 2
1433 2
1434 2
1435 2
1436 1
1437 1
1438 1
1439 1
1440 2
1441 2
1442 2
1443 1
1444 2
1445 2
1446 2
1447 1
1448 1
1449 1
1450 1
1451 3
1452 1
1453 2
1454 2
1455 3
1456 1
1457 2
1458 2
1459 2
1460 0
1461 1
1462 3
1463 3
1464 3
1465 1
1466 2
1467 3
1468 1
1469 2
1470 1
1471 2
1472 2
1473 3
1474 2
1475 2
1476 2
1477 2
1478 2
1479 1
1480 2
1481 3
1482 2
1483 3
1484 2
1485 2
1486 2
1487 3
1488 3
1489 1
1490 4
1491 0
1492 2
1493 2
1494 2
1495 3
1496 4
1497 2
1498 2
1499 2
1500 1
1501 2
1502 1
1503 3
1504 2
1505 2
1506 1
1507 3
1508 2
1509 3
1510 2
1511 3
1512 2
1513 2
1514 3
1515 1
1516 3
1517 3
1518 0
1519 2
1520 3
1521 2
1522 3
1523 1
1524 1
1525 2
1526 2
1527 2
1528 3
1529 2
1530 3
1531 3
1532 2
1533 3
1534 3
1535 2
1536 2
1537 2
1538 2
1539 3
1540 2
1541 2
1542 2
1543 2
1544 2
1545 3
1546 1
1547 2
1548 2
1549 1
1550 3
1551 3
1552 2
1553 3
1554 1
1555 3
1556 2
1557 2
1558 2
1559 3
1560 3
1561 3
1562 3
1563 2
1564 2
1565 1
1566 2
1567 1
1568 1
1569 2
1570 2
1571 2
1572 2
1573 2
1574 2
1575 2
1576 1
1577 3
1578 2
1579 3
1580 2
1581 2
1582 1
1583 2
1584 2
1585 1
1586 2
1587 1
1588 1
1589 1
1590 1
1591 2
1592 1
1593 2
1594 2
1595 2
1596 2
1597 2
1598 2
1599 3
1600 1
1601 2
1602 3
1603 2
1604 2
1605 2
1606 2
1607 2
1608 2
1609 1
1610 1
1611 2
1612 1
1613 2
1614 3
1615 2
1616 3
1617 2
1618 0
1619 1
1620 1
1621 2
1622 2
1623 3
1624 1
1625 3
1626 3
1627 2
1628 2
1629 1
1630 2
1631 2
1632 2
1633 2
1634 3
1635 2
1636 1
1637 2
1638 2
1639 2
1640 2
1641 1
1642 2
1643 2
1644 2
1645 2
1646 2
1647 2
1648 2
1649 2
1650 3
1651 3
1652 2
1653 3
1654 2
1655 3
1656 2
1657 2
1658 2
1659 2
1660 2
1661 2
1662 2
1663 2
1664 4
1665 3
1666 1
1667 2
1668 2
1669 2
1670 3
1671 1
1672 2
1673 2
1674 2
1675 2
1676 2
1677 2
1678 3
1679 2
1680 2
1681 2
1682 3
1683 2
1684 2
1685 3
1686 1
1687 2
1688 1
1689 3
1690 3
1691 2
1692 3
1693 3
1694 2
1695 2
1696 2
1697 2
1698 2
1699 3
1700 1
1701 3
1702 3
1703 3
1704 3
1705 1
1706 4
1707 3
1708 3
1709 4
1710 2
1711 2
1712 2
1713 1
1714 3
1715 3
1716 3
1717 2
1718 3
1719 3
1720 3
1721 3
1722 2
1723 3
1724 3
1725 2
1726 1
1727 2
1728 2
1729 3
1730 2
1731 3
1732 3
1733 2
1734 3
1735 2
1736 2
1737 3
1738 2
1739 2
1740 2
1741 2
1742 2
1743 3
1744 2
1745 2
1746 2
1747 2
1748 2
1749 2
1750 2
1751 1
1752 2
1753 2
1754 3
1755 2
1756 2
1757 2
1758 2
1759 3
1760 3
1761 2
1762 2
1763 2
1764 2
1765 2
1766 2
1767 4
1768 3
1769 3
1770 3
1771 1
1772 1
1773 3
1774 2
1775 2
1776 1
1777 2
1778 2
1779 2
1780 1
1781 2
1782 1
1783 1
1784 2
1785 2
1786 2
1787 2
1788 2
1789 1
1790 2
1791 2
1792 2
1793 1
1794 2
1795 2
1796 4
1797 4
1798 2
1799 1
1800 2
1801 3
1802 2
1803 2
1804 2
1805 2
1806 3
1807 2
1808 2
1809 2
1810 2
1811 2
1812 2
1813 2
1814 2
1815 2
1816 2
1817 2
1818 2
1819 2
1820 2
1821 1
1822 2
1823 3
1824 2
1825 2
1826 3
1827 1
1828 2
1829 2
1830 3
1831 2
1832 2
1833 3
1834 4
1835 2
1836 4
1837 2
1838 2
1839 2
1840 2
1841 2
1842 0
1843 3
1844 2
1845 2
1846 2
1847 2
1848 4
1849 2
1850 2
1851 3
1852 2
1853 2
1854 2
1855 2
1856 2
1857 2
1858 2
1859 2
1860 2
1861 1
1862 2
1863 2
1864 1
1865 3
1866 1
1867 4
1868 2
1869 2
1870 3
1871 1
1872 3
1873 2
1874 2
1875 2
1876 2
1877 2
1878 1
1879 2
1880 2
1881 2
1882 3
1883 2
1884 2
1885 2
1886 3
1887 3
1888 4
1889 2
1890 2
1891 2
1892 2
1893 2
1894 2
1895 1
1896 1
1897 2
1898 2
1899 2
1900 2
1901 1
1902 2
1903 2
1904 2
1905 3
1906 2
1907 3
1908 2
1909 1
1910 2
1911 2
1912 2
1913 2
1914 2
1915 1
1916 2
1917 2
1918 2
1919 2
1920 2
1921 2
1922 2
1923 3
1924 2
1925 2
1926 2
1927 1
1928 2
1929 2
1930 2
1931 3
1932 3
1933 3
1934 2
1935 2
1936 1
1937 2
1938 2
1939 1
1940 2
1941 2
1942 2
1943 2
1944 3
1945 2
1946 2
1947 2
1948 2
1949 2
1950 2
1951 3
1952 2
1953 2
1954 0
1955 2
1956 2
1957 2
1958 2
1959 2
1960 2
1961 1
1962 2
1963 2
1964 2
1965 2
1966 2
1967 1
1968 1
1969 2
1970 2
1971 2
1972 2
1973 1
1974 2
1975 2
1976 1
1977 2
1978 2
1979 2
1980 2
1981 3
1982 2
1983 2
1984 2
1985 2
1986 2
1987 1
1988 2
1989 3
1990 2
1991 4
1992 2
1993 3
1994 2
1995 2
1996 2
1997 2
1998 2
1999 3
