0 0
1 0
2 0
3 0
4 0
5 0
6 0
7 0
8 0
9 0
10 0
11 0
12 0
13 0
14 0
15 0
16 0
17 0
18 0
19 0
20 0
21 0
22 0
23 0
24 0
25 0
26 0
27 0
28 0
29 0
30 0
31 0
32 0
33 0
34 0
35 0
36 0
37 0
38 0
39 0
40 0
41 0
42 0
43 0
44 0
45 0
46 0
47 0
48 0
49 0
50 0
51 0
52 0
53 0
54 0
55 0
56 0
57 0
58 0
59 0
60 0
61 0
62 0
63 0
64 0
65 0
66 0
67 0
68 0
69 0
70 0
71 0
72 0
73 0
74 0
75 0
76 0
77 0
78 0
79 0
80 0
81 0
82 0
83 0
84 0
85 0
86 0
87 0
88 0
89 0
90 0
91 0
92 0
93 0
94 0
95 0
96 0
97 0
98 0
99 0
100 0
101 0
102 0
103 0
104 0
105 0
106 0
107 0
108 0
109 0
110 0
111 0
112 0
113 0
114 0
115 0
116 0
117 0
118 0
119 0
120 0
121 0
122 0
123 0
124 0
125 0
126 0
127 0
128 0
129 0
130 0
131 0
132 0
133 0
134 0
135 0
136 0
137 0
138 0
139 0
140 0
141 0
142 0
143 0
144 0
145 0
146 0
147 0
148 0
149 0
150 0
151 0
152 0
153 0
154 0
155 0
156 0
157 0
158 0
159 0
160 0
161 0
162 0
163 0
164 0
165 0
166 0
167 0
168 0
169 0
170 0
171 0
172 0
173 0
174 0
175 0
176 0
177 0
178 0
179 0
180 0
181 0
182 0
183 0
184 0
185 0
186 0
187 0
188 0
189 0
190 0
191 0
192 0
193 0
194 0
195 0
196 0
197 0
198 0
199 0
200 0
201 0
202 0
203 0
204 0
205 0
206 0
207 0
208 0
209 0
210 0
211 0
212 0
213 0
214 0
215 0
216 0
217 0
218 2
219 1
220 0
221 2
222 0
223 0
224 0
225 0
226 0
227 0
228 0
229 0
230 0
231 2
232 2
233 0
234 0
235 1
236 2
237 0
238 0
239 0
240 1
241 1
242 0
243 0
244 0
245 1
246 1
247 2
248 0
249 1
250 2
251 0
252 0
253 0
254 1
255 1
256 1
257 1
258 1
259 0
260 1
261 1
262 0
263 2
264 1
265 1
266 1
267 0
268 2
269 2
270 1
271 0
272 1
273 1
274 2
275 1
276 2
277 0
278 0
279 2
280 0
281 0
282 0
283 0
284 0
285 0
286 0
287 0
288 0
289 0
290 0
291 0
292 0
293 0
294 0
295 2
296 2
297 0
298 0
299 0
300 0
301 0
302 0
303 1
304 1
305 0
306 0
307 0
308 2
309 0
310 0
311 0
312 1
313 1
314 0
315 0
316 1
317 0
318 0
319 2
320 3
321 2
322 3
323 0
324 0
325 0
326 0
327 0
328 2
329 2
330 2
331 2
332 2
333 2
334 2
335 2
336 2
337 2
338 1
339 2
340 2
341 0
342 0
343 0
344 0
345 0
346 0
347 0
348 0
349 0
350 0
351 0
352 0
353 0
354 0
355 1
356 0
357 1
358 0
359 0
360 0
361 1
362 0
363 0
364 1
365 1
366 1
367 1
368 0
369 0
370 0
371 0
372 2
373 0
374 0
375 0
376 2
377 0
378 0
379 1
380 0
381 1
382 0
383 0
384 0
385 0
386 0
387 1
388 1
389 0
390 0
391 0
392 0
393 0
394 1
395 1
396 1
397 1
398 0
399 1
400 1
401 0
402 1
403 0
404 2
405 1
406 2
407 3
408 2
409 2
410 2
411 2
412 1
413 2
414 2
415 1
416 4
417 2
418 2
419 1
420 2
421 1
422 1
423 2
424 1
425 0
426 2
427 1
428 0
429 1
430 1
431 2
432 1
433 1
434 2
435 2
436 2
437 2
438 1
439 2
440 2
441 1
442 1
443 1
444 2
445 2
446 2
447 2
448 1
449 1
450 2
451 2
452 2
453 3
454 2
455 2
456 2
457 2
458 1
459 2
460 2
461 3
462 0
463 2
464 1
465 2
466 2
467 2
468 1
469 0
470 1
471 2
472 2
473 3
474 1
475 2
476 2
477 1
478 1
479 1
480 2
481 2
482 1
483 1
484 1
485 1
486 1
487 1
488 1
489 2
490 1
491 2
492 2
493 1
494 0
495 2
496 2
497 3
498 2
499 2
500 2
501 2
502 1
503 2
504 2
505 1
506 2
507 2
508 1
509 2
510 2
511 1
512 2
513 2
514 2
515 1
516 1
517 2
518 2
519 2
520 1
521 2
522 2
523 1
524 2
525 2
526 0
527 1
528 0
529 2
530 1
531 2
532 1
533 2
534 1
535 2
536 2
537 2
538 1
539 2
540 2
541 1
542 2
543 2
544 1
545 1
546 2
547 1
548 2
549 0
550 2
551 1
552 2
553 0
554 2
555 2
556 1
557 2
558 1
559 1
560 0
561 1
562 2
563 2
564 2
565 2
566 1
567 1
568 1
569 2
570 0
571 2
572 1
573 1
574 0
575 2
576 0
577 0
578 0
579 1
580 2
581 0
582 0
583 0
584 0
585 0
586 3
587 0
588 0
589 0
590 0
591 3
592 2
593 1
594 0
595 0
596 1
597 0
598 1
599 1
600 0
601 0
602 0
603 0
604 0
605 0
606 0
607 0
608 0
609 0
610 0
611 0
612 0
613 0
614 1
615 1
616 0
617 1
618 0
619 1
620 0
621 1
622 0
623 0
624 0
625 0
626 0
627 0
628 0
629 0
630 0
631 0
632 0
633 0
634 0
635 0
636 1
637 0
638 0
639 1
640 0
641 1
642 0
643 0
644 0
645 0
646 0
647 0
648 0
649 0
650 0
651 0
652 0
653 1
654 0
655 0
656 0
657 0
658 0
659 0
660 2
661 1
662 3
663 1
664 1
665 0
666 0
667 2
668 2
669 1
670 2
671 1
672 2
673 0
674 1
675 2
676 1
677 0
678 0
679 0
680 2
681 1
682 2
683 1
684 0
685 1
686 1
687 2
688 1
689 1
690 1
691 1
692 1
693 1
694 0
695 0
696 1
697 0
698 1
699 0
700 0
701 0
702 0
703 0
704 0
705 1
706 1
707 1
708 1
709 2
710 1
711 1
712 1
713 1
714 0
715 0
716 2
717 0
718 0
719 1
720 2
721 0
722 1
723 0
724 0
725 1
726 0
727 0
728 0
729 1
730 0
731 2
732 2
733 2
734 1
735 1
736 0
737 1
738 0
739 0
740 0
741 0
742 1
743 0
744 1
745 0
746 0
747 0
748 0
749 0
750 1
751 1
752 1
753 1
754 1
755 1
756 1
757 1
758 1
759 1
760 0
761 1
762 1
763 0
764 1
765 0
766 1
767 1
768 1
769 1
770 1
771 1
772 1
773 1
774 1
775 1
776 0
777 1
778 0
779 1
780 2
781 1
782 2
783 1
784 1
785 0
786 1
787 1
788 1
789 0
790 1
791 1
792 1
793 1
794 1
795 1
796 1
797 1
798 1
799 1
800 1
801 1
802 1
803 1
804 1
805 2
806 2
807 0
808 0
809 0
810 0
811 0
812 1
813 1
814 2
815 2
816 2
817 2
818 2
819 2
820 2
821 1
822 3
823 3
824 2
825 2
826 2
827 2
828 2
829 2
830 2
831 1
832 2
833 1
834 1
835 1
836 1
837 2
838 2
839 2
840 2
841 1
842 1
843 2
844 2
845 1
846 1
847 0
848 1
849 1
850 0
851 0
852 1
853 1
854 1
855 0
856 2
857 2
858 1
859 1
860 1
861 1
862 1
863 2
864 1
865 0
866 1
867 0
868 1
869 0
870 1
871 0
872 1
873 1
874 1
875 1
876 1
877 1
878 1
879 2
880 2
881 1
882 2
883 0
884 1
885 1
886 0
887 1
888 2
889 2
890 2
891 1
892 2
893 2
894 2
895 1
896 2
897 2
898 2
899 1
900 2
901 1
902 1
903 0
904 2
905 0
906 0
907 0
908 2
909 2
910 1
911 1
912 1
913 1
914 1
915 1
916 2
917 1
918 1
919 0
920 1
921 1
922 1
923 1
924 2
925 2
926 2
927 2
928 1
929 2
930 1
931 2
932 2
933 0
934 0
935 2
936 1
937 1
938 1
939 1
940 0
941 1
942 1
943 1
944 1
945 1
946 1
947 0
948 0
949 1
950 1
951 1
952 1
953 2
954 1
955 2
956 0
957 1
958 1
959 1
960 2
961 2
962 0
963 2
964 2
965 1
966 1
967 1
968 2
969 1
970 1
971 0
972 1
973 1
974 0
975 1
976 2
977 1
978 2
979 0
980 1
981 2
982 0
983 1
984 1
985 1
986 2
987 0
988 1
989 0
990 1
991 1
992 0
993 1
994 1
995 1
996 1
997 1
998 0
999 2
1000 2
1001 1
1002 2
1003 1
1004 1
1005 1
1006 1
1007 2
1008 2
1009 2
1010 1
1011 0
1012 2
1013 1
1014 1
1015 0
1016 0
1017 1
1018 2
1019 1
1020 1
1021 1
1022 0
1023 1
1024 1
1025 1
1026 2
1027 2
1028 1
1029 1
1030 1
1031 1
1032 1
1033 1
1034 1
1035 1
1036 1
1037 2
1038 2
1039 1
1040 2
1041 2
1042 0
1043 1
1044 1
1045 0
1046 0
1047 1
1048 0
1049 0
1050 1
1051 1
1052 2
1053 1
1054 0
1055 0
1056 0
1057 0
1058 0
1059 0
1060 0
1061 2
1062 2
1063 3
1064 1
1065 2
1066 1
1067 2
1068 1
1069 0
1070 0
1071 0
1072 0
1073 1
1074 3
1075 1
1076 1
1077 1
1078 2
1079 2
1080 2
1081 1
1082 0
1083 0
1084 1
1085 1
1086 1
1087 2
1088 1
1089 0
1090 1
1091 1
1092 0
1093 1
1094 1
1095 1
1096 1
1097 1
1098 1
1099 1
1100 1
1101 2
1102 0
1103 1
1104 1
1105 1
1106 2
1107 0
1108 0
1109 3
1110 0
1111 0
1112 1
1113 0
1114 1
1115 0
1116 1
1117 2
1118 1
1119 0
1120 0
1121 0
1122 0
1123 0
1124 0
1125 0
1126 0
1127 0
1128 0
1129 0
1130 0
1131 0
1132 0
1133 1
1134 1
1135 0
1136 0
1137 2
1138 1
1139 3
1140 2
1141 1
1142 2
1143 1
1144 1
1145 2
1146 2
1147 2
1148 2
1149 2
1150 3
1151 2
1152 0
1153 2
1154 1
1155 2
1156 2
1157 1
1158 1
1159 1
1160 2
1161 1
1162 2
1163 1
1164 1
1165 1
1166 2
1167 2
1168 2
1169 0
1170 1
1171 1
1172 1
1173 0
1174 1
1175 1
1176 1
1177 0
1178 2
1179 1
1180 1
1181 0
1182 1
1183 0
1184 0
1185 0
1186 1
1187 0
1188 1
1189 1
1190 1
1191 1
1192 2
1193 2
1194 1
1195 1
1196 1
1197 2
1198 2
1199 0
1200 2
1201 0
1202 0
1203 0
1204 0
1205 0
1206 0
1207 1
1208 1
1209 2
1210 2
1211 0
1212 2
1213 0
1214 0
1215 0
1216 0
1217 1
1218 3
1219 1
1220 1
1221 1
1222 2
1223 2
1224 0
1225 0
1226 1
1227 2
1228 2
1229 2
1230 2
1231 2
1232 0
1233 0
1234 2
1235 0
1236 0
1237 0
1238 0
1239 0
1240 0
1241 1
1242 2
1243 0
1244 0
1245 0
1246 1
1247 2
1248 1
1249 2
1250 0
1251 1
1252 2
1253 1
1254 0
1255 0
1256 1
1257 1
1258 1
1259 1
1260 0
1261 0
1262 0
1263 0
1264 0
1265 0
1266 0
1267 2
1268 1
1269 0
1270 0
1271 1
1272 0
1273 1
1274 2
1275 0
1276 0
1277 0
1278 0
1279 0
1280 0
1281 0
1282 0
1283 0
1284 0
1285 0
1286 0
1287 0
1288 1
1289 1
1290 1
1291 3
1292 0
1293 2
1294 2
1295 2
1296 3
1297 2
1298 2
1299 2
1300 2
1301 1
1302 2
1303 2
1304 0
1305 1
1306 0
1307 1
1308 3
1309 2
1310 1
1311 1
1312 2
1313 2
1314 3
1315 0
1316 2
1317 2
1318 2
1319 1
1320 1
1321 2
1322 1
1323 1
1324 2
1325 2
1326 1
1327 0
1328 1
1329 1
1330 1
1331 0
1332 0
1333 0
1334 1
1335 2
1336 1
1337 0
1338 2
1339 2
1340 0
1341 0
1342 1
1343 2
1344 0
1345 2
1346 2
1347 2
1348 3
1349 2
1350 1
1351 2
1352 0
1353 2
1354 2
1355 2
1356 1
1357 2
1358 2
1359 2
1360 2
1361 1
1362 1
1363 1
1364 1
1365 1
1366 1
1367 1
1368 1
1369 2
1370 1
1371 1
1372 1
1373 1
1374 2
1375 2
1376 2
1377 2
1378 2
1379 1
1380 0
1381 2
1382 1
1383 2
1384 2
1385 3
1386 2
1387 2
1388 1
1389 1
1390 0
1391 2
1392 2
1393 1
1394 1
1395 1
1396 2
1397 2
1398 1
1399 1
1400 1
1401 1
1402 2
1403 0
1404 0
1405 0
1406 0
1407 1
1408 1
1409 1
1410 1
1411 2
1412 1
1413 0
1414 0
1415 1
1416 1
1417 1
1418 2
1419 1
1420 0
1421 2
1422 1
1423 1
1424 1
1425 0
1426 1
1427 2
1428 1
1429 2
1430 1
1431 0
1432 1
1433 0
1434 1
1435 0
1436 1
1437 1
1438 0
1439 0
1440 1
1441 1
1442 2
1443 1
1444 0
1445 1
1446 1
1447 0
1448 1
1449 1
1450 0
1451 1
1452 0
1453 1
1454 0
1455 1
1456 1
1457 1
1458 1
1459 0
1460 1
1461 0
1462 1
1463 2
1464 0
1465 0
1466 0
1467 0
1468 0
1469 0
1470 0
1471 0
1472 0
1473 0
1474 0
1475 1
1476 0
1477 0
1478 1
1479 0
1480 1
1481 0
1482 3
1483 1
1484 2
1485 0
1486 1
1487 1
1488 0
1489 0
1490 1
1491 1
1492 1
1493 0
1494 1
1495 1
1496 1
1497 1
1498 1
1499 1
1500 1
1501 3
1502 1
1503 1
1504 0
1505 1
1506 1
1507 1
1508 2
1509 1
1510 2
1511 3
1512 2
1513 1
1514 0
1515 1
1516 1
1517 1
1518 0
1519 0
1520 0
1521 0
1522 0
1523 2
1524 1
1525 0
1526 0
1527 0
1528 0
1529 0
1530 0
1531 0
1532 0
1533 0
1534 0
1535 1
1536 2
1537 1
1538 2
1539 1
1540 2
1541 1
1542 0
1543 0
1544 0
1545 0
1546 0
1547 0
1548 1
1549 1
1550 1
1551 1
1552 2
1553 2
1554 1
1555 0
1556 1
1557 3
1558 0
1559 1
1560 2
1561 2
1562 1
1563 1
1564 0
1565 1
1566 1
1567 1
1568 1
1569 1
1570 1
1571 2
1572 3
1573 2
1574 2
1575 1
1576 3
1577 1
1578 0
1579 0
1580 2
1581 2
1582 2
1583 2
1584 1
1585 2
1586 2
1587 1
1588 2
1589 2
1590 2
1591 0
1592 1
1593 1
1594 0
1595 0
1596 0
1597 1
1598 1
1599 2
1600 1
1601 2
1602 2
1603 1
1604 2
1605 2
1606 1
1607 1
1608 1
1609 2
1610 1
1611 2
1612 1
1613 2
1614 2
1615 1
1616 1
1617 1
1618 0
1619 0
1620 0
1621 0
1622 0
1623 1
1624 0
1625 0
1626 2
1627 0
1628 2
1629 2
1630 0
1631 0
1632 0
1633 0
1634 2
1635 1
1636 2
1637 1
1638 2
1639 2
1640 2
1641 2
1642 1
1643 0
1644 1
1645 2
1646 2
1647 2
1648 0
1649 2
1650 2
1651 2
1652 1
1653 0
1654 0
1655 0
1656 0
1657 1
1658 0
1659 1
1660 1
1661 1
1662 0
1663 0
1664 0
1665 0
1666 0
1667 0
1668 1
1669 0
1670 0
1671 0
1672 0
1673 0
1674 0
1675 0
1676 0
1677 0
1678 0
1679 0
1680 2
1681 0
1682 0
1683 0
1684 0
1685 0
1686 0
1687 0
1688 0
1689 0
1690 1
1691 0
1692 1
1693 0
1694 1
1695 0
1696 0
1697 1
1698 1
1699 0
1700 0
1701 0
1702 1
1703 1
1704 0
1705 2
1706 1
1707 2
1708 1
1709 1
1710 1
1711 0
1712 0
1713 0
1714 1
1715 1
1716 0
1717 1
1718 1
1719 1
1720 0
1721 1
1722 1
1723 1
1724 0
1725 1
1726 2
1727 2
1728 2
1729 1
1730 0
1731 2
1732 2
1733 1
1734 2
1735 1
1736 2
1737 2
1738 1
1739 0
1740 0
1741 0
1742 0
1743 0
1744 0
1745 0
1746 0
1747 0
1748 0
1749 0
1750 0
1751 2
1752 2
1753 2
1754 1
1755 1
1756 0
1757 2
1758 1
1759 1
1760 0
1761 0
1762 1
1763 1
1764 1
1765 1
1766 1
1767 1
1768 2
1769 1
1770 1
1771 0
1772 1
1773 0
1774 1
1775 0
1776 2
1777 1
1778 1
1779 2
1780 0
1781 0
1782 0
1783 1
1784 0
1785 1
1786 1
1787 1
1788 3
1789 1
1790 2
1791 2
1792 3
1793 1
1794 1
1795 0
1796 1
1797 1
1798 2
1799 0
1800 1
1801 0
1802 0
1803 1
1804 1
1805 1
1806 1
1807 1
1808 1
1809 1
1810 1
1811 1
1812 1
1813 0
1814 1
1815 2
1816 3
1817 2
1818 2
1819 2
1820 2
1821 1
1822 1
1823 2
1824 1
1825 0
1826 0
1827 1
1828 2
1829 1
1830 1
1831 1
1832 1
1833 1
1834 0
1835 0
1836 0
1837 1
1838 2
1839 1
1840 1
1841 0
1842 0
1843 1
1844 1
1845 0
1846 0
1847 1
1848 1
1849 1
1850 1
1851 0
1852 0
1853 0
1854 1
1855 0
1856 1
1857 2
1858 0
1859 0
1860 1
1861 1
1862 1
1863 1
1864 1
1865 0
1866 1
1867 0
1868 2
1869 1
1870 1
1871 1
1872 2
1873 1
1874 2
1875 2
1876 2
1877 1
1878 1
1879 1
1880 0
1881 2
1882 0
1883 0
1884 0
1885 0
1886 0
1887 2
1888 0
1889 1
1890 1
1891 1
1892 0
1893 2
1894 1
1895 0
1896 0
1897 1
1898 0
1899 0
1900 0
1901 1
1902 0
1903 0
1904 0
1905 0
1906 0
1907 2
1908 0
1909 1
1910 1
1911 1
1912 2
1913 0
1914 0
1915 0
1916 1
1917 0
1918 0
1919 0
1920 0
1921 2
1922 2
1923 1
1924 2
1925 0
1926 1
1927 1
1928 1
1929 0
1930 1
1931 0
1932 1
1933 1
1934 1
1935 2
1936 1
1937 1
1938 1
1939 1
1940 1
1941 2
1942 0
1943 1
1944 1
1945 2
1946 3
1947 0
1948 1
1949 2
1950 1
1951 1
1952 1
1953 0
1954 1
1955 2
1956 2
1957 0
1958 1
1959 2
1960 1
1961 1
1962 2
1963 2
1964 1
1965 1
1966 2
1967 1
1968 1
1969 0
1970 1
1971 0
1972 0
1973 2
1974 2
1975 1
1976 0
1977 0
1978 0
1979 0
1980 1
1981 1
1982 1
1983 0
1984 1
1985 1
1986 0
1987 1
1988 2
1989 1
1990 2
1991 2
1992 2
1993 0
1994 3
1995 1
1996 2
1997 1
1998 1
1999 1
