0 3
1 2
2 0
3 0
4 1
5 2
6 3
7 1
8 1
9 1
10 2
11 3
12 1
13 3
14 1
15 1
16 1
17 3
18 1
19 1
20 1
21 0
22 0
23 0
24 2
25 4
26 0
27 1
28 1
29 0
30 0
31 1
32 1
33 1
34 1
35 1
36 1
37 1
38 1
39 1
40 0
41 2
42 1
43 1
44 0
45 1
46 0
47 0
48 1
49 1
50 1
51 0
52 1
53 0
54 0
55 0
56 0
57 1
58 0
59 0
60 0
61 3
62 2
63 1
64 2
65 3
66 2
67 2
68 1
69 2
70 2
71 0
72 2
73 2
74 2
75 2
76 2
77 2
78 1
79 1
80 2
81 2
82 2
83 0
84 0
85 0
86 0
87 0
88 0
89 0
90 0
91 0
92 0
93 0
94 0
95 0
96 0
97 1
98 1
99 0
100 2
101 1
102 0
103 1
104 1
105 0
106 0
107 0
108 0
109 0
110 0
111 1
112 0
113 1
114 1
115 0
116 1
117 1
118 1
119 0
120 1
121 1
122 1
123 0
124 1
125 1
126 1
127 1
128 0
129 1
130 2
131 0
132 2
133 1
134 1
135 2
136 1
137 1
138 1
139 2
140 2
141 1
142 1
143 1
144 1
145 1
146 1
147 1
148 1
149 0
150 1
151 1
152 1
153 1
154 1
155 1
156 1
157 2
158 1
159 1
160 1
161 0
162 1
163 1
164 0
165 1
166 1
167 1
168 0
169 1
170 0
171 0
172 0
173 0
174 0
175 0
176 0
177 0
178 0
179 0
180 0
181 0
182 1
183 1
184 2
185 0
186 1
187 1
188 0
189 0
190 1
191 2
192 1
193 0
194 1
195 2
196 2
197 2
198 2
199 1
200 1
201 1
202 0
203 0
204 3
205 1
206 1
207 1
208 2
209 1
210 1
211 1
212 1
213 0
214 0
215 1
216 1
217 2
218 0
219 2
220 1
221 0
222 1
223 0
224 0
225 1
226 1
227 1
228 1
229 0
230 0
231 2
232 2
233 1
234 1
235 0
236 2
237 1
238 3
239 1
240 1
241 1
242 2
243 1
244 2
245 2
246 2
247 1
248 0
249 1
250 1
251 1
252 1
253 1
254 1
255 1
256 1
257 1
258 1
259 0
260 1
261 1
262 1
263 2
264 0
265 1
266 1
267 1
268 1
269 2
270 2
271 0
272 0
273 0
274 0
275 0
276 1
277 0
278 0
279 0
280 0
281 1
282 1
283 0
284 1
285 0
286 0
287 0
288 1
289 0
290 0
291 0
292 0
293 0
294 1
295 0
296 0
297 0
298 1
299 1
300 0
301 0
302 2
303 0
304 0
305 0
306 0
307 0
308 1
309 0
310 0
311 2
312 0
313 0
314 0
315 1
316 0
317 0
318 0
319 0
320 0
321 0
322 0
323 0
324 1
325 0
326 0
327 0
328 0
329 1
330 0
331 0
332 0
333 0
334 0
335 1
336 1
337 0
338 0
339 0
340 0
341 0
342 0
343 1
344 1
345 0
346 0
347 0
348 0
349 0
350 0
351 1
352 2
353 2
354 1
355 0
356 1
357 2
358 1
359 1
360 1
361 1
362 1
363 0
364 0
365 0
366 3
367 1
368 0
369 1
370 1
371 0
372 2
373 1
374 0
375 0
376 1
377 1
378 1
379 0
380 2
381 2
382 0
383 1
384 0
385 0
386 0
387 1
388 1
389 0
390 1
391 2
392 2
393 0
394 1
395 0
396 2
397 1
398 0
399 3
400 1
401 3
402 1
403 2
404 1
405 1
406 0
407 0
408 0
409 0
410 0
411 0
412 0
413 0
414 0
415 0
416 0
417 1
418 1
419 0
420 0
421 0
422 0
423 1
424 0
425 0
426 3
427 0
428 2
429 3
430 0
431 1
432 1
433 1
434 0
435 0
436 0
437 0
438 1
439 0
440 1
441 2
442 0
443 0
444 0
445 0
446 0
447 1
448 1
449 0
450 1
451 1
452 0
453 0
454 0
455 0
456 0
457 1
458 1
459 1
460 2
461 1
462 1
463 1
464 0
465 0
466 1
467 1
468 1
469 1
470 2
471 2
472 1
473 2
474 0
475 1
476 1
477 1
478 0
479 0
480 1
481 2
482 1
483 1
484 0
485 2
486 1
487 0
488 1
489 2
490 1
491 1
492 0
493 1
494 1
495 0
496 1
497 1
498 0
499 0
500 1
501 1
502 0
503 0
504 1
505 2
506 1
507 1
508 0
509 1
510 1
511 2
512 2
513 1
514 1
515 0
516 3
517 0
518 0
519 1
520 1
521 1
522 1
523 0
524 0
525 1
526 0
527 1
528 0
529 0
530 0
531 0
532 0
533 0
534 0
535 0
536 0
537 0
538 0
539 0
540 0
541 1
542 1
543 0
544 0
545 0
546 0
547 1
548 0
549 0
550 0
551 0
552 0
553 0
554 1
555 0
556 0
557 0
558 1
559 2
560 1
561 0
562 2
563 2
564 0
565 1
566 1
567 0
568 1
569 2
570 0
571 2
572 0
573 1
574 2
575 1
576 1
577 0
578 1
579 2
580 2
581 2
582 1
583 1
584 2
585 2
586 2
587 0
588 0
589 1
590 2
591 1
592 1
593 1
594 1
595 1
596 1
597 0
598 1
599 1
600 1
601 2
602 2
603 2
604 1
605 2
606 1
607 2
608 1
609 1
610 1
611 0
612 1
613 0
614 1
615 1
616 0
617 1
618 0
619 2
620 0
621 1
622 1
623 1
624 1
625 1
626 2
627 1
628 1
629 1
630 1
631 2
632 1
633 1
634 1
635 2
636 2
637 0
638 1
639 1
640 0
641 1
642 0
643 3
644 2
645 0
646 0
647 1
648 1
649 1
650 0
651 1
652 1
653 2
654 2
655 1
656 1
657 1
658 1
659 1
660 0
661 1
662 0
663 0
664 2
665 2
666 1
667 2
668 1
669 1
670 1
671 1
672 0
673 1
674 2
675 1
676 1
677 1
678 1
679 1
680 0
681 2
682 1
683 1
684 2
685 1
686 2
687 1
688 1
689 1
690 0
691 0
692 0
693 0
694 2
695 1
696 0
697 0
698 0
699 0
700 0
701 0
702 0
703 2
704 1
705 2
706 0
707 1
708 0
709 2
710 2
711 1
712 1
713 1
714 2
715 3
716 0
717 1
718 0
719 2
720 1
721 1
722 1
723 2
724 1
725 2
726 1
727 1
728 1
729 1
730 2
731 0
732 0
733 1
734 0
735 0
736 1
737 0
738 0
739 1
740 0
741 1
742 1
743 1
744 1
745 1
746 1
747 1
748 2
749 2
750 2
751 2
752 1
753 1
754 1
755 2
756 0
757 0
758 0
759 2
760 2
761 1
762 1
763 1
764 2
765 0
766 1
767 2
768 1
769 1
770 1
771 1
772 1
773 1
774 1
775 2
776 2
777 1
778 1
779 1
780 0
781 1
782 2
783 1
784 1
785 2
786 1
787 1
788 1
789 2
790 1
791 1
792 1
793 1
794 1
795 1
796 2
797 0
798 1
799 1
800 1
801 2
802 1
803 1
804 0
805 0
806 2
807 2
808 1
809 1
810 1
811 1
812 1
813 1
814 1
815 2
816 1
817 1
818 2
819 1
820 0
821 2
822 2
823 2
824 1
825 1
826 1
827 1
828 1
829 0
830 1
831 1
832 1
833 2
834 2
835 0
836 1
837 0
838 0
839 1
840 2
841 1
842 0
843 0
844 1
845 2
846 0
847 1
848 1
849 2
850 1
851 0
852 0
853 0
854 2
855 1
856 1
857 2
858 0
859 2
860 0
861 2
862 1
863 1
864 2
865 1
866 1
867 0
868 2
869 1
870 2
871 0
872 0
873 1
874 2
875 1
876 2
877 0
878 0
879 1
880 1
881 1
882 1
883 1
884 1
885 1
886 1
887 2
888 1
889 0
890 0
891 0
892 0
893 0
894 0
895 0
896 0
897 0
898 0
899 0
900 0
901 0
902 0
903 0
904 0
905 0
906 0
907 0
908 0
909 0
910 0
911 0
912 0
913 0
914 0
915 0
916 0
917 0
918 0
919 0
920 0
921 0
922 1
923 1
924 2
925 0
926 0
927 0
928 0
929 0
930 0
931 0
932 1
933 1
934 1
935 1
936 0
937 1
938 1
939 1
940 3
941 0
942 0
943 0
944 0
945 0
946 0
947 1
948 0
949 1
950 2
951 2
952 1
953 0
954 1
955 0
956 0
957 1
958 1
959 1
960 1
961 1
962 0
963 1
964 1
965 1
966 0
967 0
968 1
969 0
970 1
971 1
972 0
973 0
974 0
975 2
976 1
977 1
978 1
979 0
980 1
981 1
982 0
983 1
984 0
985 0
986 1
987 0
988 1
989 0
990 1
991 1
992 0
993 0
994 0
995 2
996 0
997 1
998 2
999 0
1000 2
1001 1
1002 1
1003 2
1004 0
1005 0
1006 0
1007 0
1008 0
1009 0
1010 0
1011 0
1012 0
1013 0
1014 1
1015 0
1016 0
1017 1
1018 1
1019 0
1020 0
1021 1
1022 0
1023 1
1024 1
1025 0
1026 0
1027 1
1028 1
1029 0
1030 0
1031 0
1032 1
1033 0
1034 0
1035 2
1036 0
1037 0
1038 0
1039 1
1040 0
1041 1
1042 0
1043 1
1044 0
1045 0
1046 0
1047 1
1048 0
1049 1
1050 1
1051 1
1052 1
1053 1
1054 1
1055 1
1056 0
1057 0
1058 0
1059 1
1060 2
1061 2
1062 1
1063 0
1064 2
1065 0
1066 0
1067 1
1068 1
1069 1
1070 0
1071 0
1072 2
1073 2
1074 1
1075 1
1076 0
1077 1
1078 1
1079 1
1080 0
1081 0
1082 0
1083 0
1084 0
1085 1
1086 0
1087 0
1088 1
1089 0
1090 1
1091 1
1092 1
1093 0
1094 2
1095 0
1096 2
1097 1
1098 1
1099 1
1100 1
1101 1
1102 0
1103 0
1104 0
1105 0
1106 1
1107 1
1108 1
1109 1
1110 1
1111 0
1112 1
1113 0
1114 0
1115 0
1116 1
1117 0
1118 1
1119 1
1120 1
1121 1
1122 1
1123 0
1124 1
1125 1
1126 1
1127 1
1128 0
1129 1
1130 0
1131 0
1132 1
1133 1
1134 0
1135 0
1136 1
1137 1
1138 1
1139 0
1140 1
1141 1
1142 1
1143 0
1144 0
1145 1
1146 1
1147 0
1148 0
1149 0
1150 0
1151 0
1152 1
1153 1
1154 0
1155 1
1156 1
1157 0
1158 1
1159 1
1160 1
1161 1
1162 1
1163 1
1164 1
1165 1
1166 1
1167 0
1168 0
1169 1
1170 1
1171 1
1172 1
1173 1
1174 1
1175 2
1176 1
1177 1
1178 1
1179 1
1180 0
1181 0
1182 1
1183 0
1184 1
1185 1
1186 0
1187 1
1188 0
1189 1
1190 1
1191 0
1192 1
1193 1
1194 1
1195 1
1196 1
1197 1
1198 0
1199 1
1200 0
1201 1
1202 1
1203 2
1204 1
1205 1
1206 0
1207 1
1208 1
1209 0
1210 1
1211 0
1212 1
1213 0
1214 1
1215 1
1216 1
1217 1
1218 0
1219 1
1220 1
1221 1
1222 0
1223 1
1224 1
1225 1
1226 1
1227 0
1228 1
1229 1
1230 1
1231 0
1232 0
1233 1
1234 1
1235 0
1236 0
1237 1
1238 1
1239 1
1240 1
1241 1
1242 1
1243 1
1244 1
1245 1
1246 1
1247 1
1248 1
1249 0
1250 1
1251 1
1252 1
1253 1
1254 1
1255 1
1256 1
1257 0
1258 1
1259 0
1260 1
1261 1
1262 0
1263 0
1264 0
1265 2
1266 1
1267 1
1268 2
1269 1
1270 2
1271 1
1272 1
1273 0
1274 0
1275 2
1276 1
1277 1
1278 1
1279 1
1280 1
1281 1
1282 0
1283 0
1284 0
1285 1
1286 0
1287 1
1288 0
1289 0
1290 0
1291 0
1292 0
1293 0
1294 1
1295 1
1296 0
1297 1
1298 1
1299 1
1300 0
1301 1
1302 1
1303 1
1304 0
1305 2
1306 1
1307 0
1308 1
1309 0
1310 1
1311 0
1312 1
1313 0
1314 1
1315 0
1316 0
1317 0
1318 0
1319 1
1320 2
1321 0
1322 1
1323 1
1324 0
1325 2
1326 0
1327 0
1328 0
1329 1
1330 1
1331 0
1332 0
1333 0
1334 1
1335 0
1336 1
1337 1
1338 1
1339 1
1340 1
1341 1
1342 0
1343 2
1344 1
1345 0
1346 0
1347 1
1348 0
1349 0
1350 1
1351 0
1352 1
1353 0
1354 1
1355 1
1356 0
1357 2
1358 0
1359 1
1360 1
1361 0
1362 1
1363 0
1364 0
1365 0
1366 1
1367 0
1368 0
1369 1
1370 1
1371 2
1372 0
1373 0
1374 0
1375 0
1376 1
1377 1
1378 1
1379 1
1380 0
1381 0
1382 0
1383 0
1384 0
1385 0
1386 0
1387 1
1388 0
1389 1
1390 0
1391 0
1392 1
1393 3
1394 1
1395 1
1396 2
1397 1
1398 0
1399 0
1400 1
1401 1
1402 0
1403 0
1404 0
1405 0
1406 0
1407 0
1408 1
1409 0
1410 1
1411 1
1412 0
1413 0
1414 1
1415 1
1416 0
1417 0
1418 0
1419 2
1420 2
1421 1
1422 1
1423 1
1424 0
1425 2
1426 0
1427 0
1428 1
1429 1
1430 2
1431 0
1432 1
1433 1
1434 3
1435 2
1436 3
1437 1
1438 2
1439 2
1440 1
1441 1
1442 0
1443 1
1444 0
1445 1
1446 1
1447 1
1448 0
1449 2
1450 1
1451 0
1452 2
1453 2
1454 2
1455 1
1456 1
1457 1
1458 0
1459 0
1460 0
1461 0
1462 1
1463 1
1464 0
1465 1
1466 0
1467 0
1468 0
1469 1
1470 1
1471 1
1472 0
1473 1
1474 0
1475 1
1476 1
1477 1
1478 1
1479 0
1480 0
1481 1
1482 1
1483 0
1484 1
1485 1
1486 0
1487 2
1488 1
1489 0
1490 1
1491 1
1492 0
1493 1
1494 0
1495 1
1496 1
1497 1
1498 1
1499 1
1500 1
1501 1
1502 0
1503 0
1504 1
1505 0
1506 0
1507 0
1508 0
1509 0
1510 1
1511 1
1512 1
1513 1
1514 0
1515 0
1516 0
1517 2
1518 0
1519 0
1520 1
1521 1
1522 0
1523 1
1524 0
1525 0
1526 0
1527 0
1528 0
1529 1
1530 1
1531 0
1532 1
1533 1
1534 1
1535 1
1536 1
1537 1
1538 1
1539 0
1540 1
1541 1
1542 0
1543 0
1544 1
1545 0
1546 0
1547 0
1548 0
1549 0
1550 0
1551 1
1552 1
1553 0
1554 0
1555 0
1556 1
1557 0
1558 0
1559 0
1560 1
1561 1
1562 1
1563 0
1564 0
1565 1
1566 0
1567 0
1568 0
1569 1
1570 0
1571 1
1572 0
1573 0
1574 0
1575 0
1576 0
1577 0
1578 0
1579 0
1580 0
1581 0
1582 1
1583 0
1584 0
1585 1
1586 1
1587 1
1588 1
1589 0
1590 0
1591 1
1592 0
1593 1
1594 1
1595 1
1596 0
1597 1
1598 0
1599 1
1600 0
1601 0
1602 0
1603 0
1604 0
1605 0
1606 0
1607 1
1608 3
1609 1
1610 1
1611 0
1612 0
1613 3
1614 2
1615 0
1616 2
1617 3
1618 2
1619 0
1620 2
1621 2
1622 2
1623 2
1624 2
1625 1
1626 2
1627 1
1628 1
1629 1
1630 2
1631 1
1632 0
1633 2
1634 0
1635 1
1636 2
1637 1
1638 1
1639 1
1640 2
1641 2
1642 1
1643 1
1644 0
1645 2
1646 1
1647 0
1648 1
1649 0
1650 1
1651 0
1652 1
1653 0
1654 0
1655 0
1656 0
1657 0
1658 0
1659 0
1660 0
1661 0
1662 0
1663 2
1664 1
1665 3
1666 0
1667 1
1668 1
1669 0
1670 1
1671 0
1672 1
1673 0
1674 2
1675 1
1676 0
1677 1
1678 2
1679 2
1680 2
1681 2
1682 2
1683 3
1684 2
1685 4
1686 2
1687 2
1688 2
1689 1
1690 1
1691 2
1692 2
1693 3
1694 2
1695 1
1696 2
1697 2
1698 2
1699 0
1700 2
1701 3
1702 2
1703 1
1704 1
1705 2
1706 1
1707 2
1708 2
1709 1
1710 2
1711 1
1712 1
1713 1
1714 2
1715 1
1716 0
1717 1
1718 1
1719 0
1720 1
1721 0
1722 1
1723 1
1724 1
1725 1
1726 1
1727 1
1728 0
1729 0
1730 1
1731 1
1732 0
1733 0
1734 0
1735 0
1736 0
1737 1
1738 0
1739 0
1740 0
1741 1
1742 1
1743 0
1744 1
1745 0
1746 0
1747 0
1748 0
1749 0
1750 1
1751 0
1752 0
1753 0
1754 0
1755 0
1756 0
1757 0
1758 0
1759 0
1760 0
1761 0
1762 0
1763 0
1764 0
1765 0
1766 0
1767 0
1768 0
1769 0
1770 0
1771 0
1772 0
1773 0
1774 0
1775 0
1776 0
1777 0
1778 0
1779 0
1780 1
1781 0
1782 0
1783 0
1784 0
1785 0
1786 0
1787 0
1788 0
1789 0
1790 0
1791 0
1792 0
1793 0
1794 0
1795 0
1796 0
1797 0
1798 0
1799 0
1800 0
1801 0
1802 0
1803 0
1804 0
1805 0
1806 0
1807 0
1808 0
1809 0
1810 0
1811 0
1812 0
1813 0
1814 1
1815 1
1816 1
1817 0
1818 0
1819 1
1820 0
1821 1
1822 0
1823 0
1824 0
1825 0
1826 0
1827 0
1828 0
1829 0
1830 1
1831 0
1832 0
1833 1
1834 0
1835 0
1836 1
1837 2
1838 0
1839 0
1840 1
1841 1
1842 0
1843 1
1844 0
1845 0
1846 0
1847 0
1848 0
1849 0
1850 0
1851 1
1852 0
1853 1
1854 1
1855 0
1856 1
1857 1
1858 0
1859 2
1860 1
1861 0
1862 0
1863 1
1864 0
1865 1
1866 1
1867 1
1868 1
1869 1
1870 1
1871 1
1872 1
1873 0
1874 0
1875 0
1876 0
1877 0
1878 0
1879 0
1880 0
1881 0
1882 0
1883 2
1884 0
1885 0
1886 1
1887 1
1888 1
1889 2
1890 1
1891 1
1892 0
1893 0
1894 1
1895 0
1896 1
1897 0
1898 2
1899 0
1900 1
1901 1
1902 2
1903 2
1904 3
1905 0
1906 2
1907 3
1908 2
1909 0
1910 1
1911 1
1912 1
1913 2
1914 2
1915 1
1916 1
1917 0
1918 0
1919 0
1920 1
1921 1
1922 0
1923 0
1924 0
1925 0
1926 0
1927 0
1928 0
1929 0
1930 0
1931 1
1932 0
1933 0
1934 1
1935 0
1936 0
1937 0
1938 0
1939 0
1940 1
1941 1
1942 0
1943 0
1944 0
1945 0
1946 0
1947 0
1948 0
1949 1
1950 0
1951 1
1952 1
1953 2
1954 1
1955 1
1956 2
1957 1
1958 1
1959 1
1960 1
1961 1
1962 1
1963 3
1964 1
1965 2
1966 1
1967 1
1968 0
1969 2
1970 1
1971 0
1972 1
1973 0
1974 2
1975 0
1976 1
1977 0
1978 0
1979 0
1980 0
1981 0
1982 0
1983 0
1984 0
1985 0
1986 0
1987 1
1988 1
1989 0
1990 2
1991 0
1992 0
1993 1
1994 1
1995 0
1996 2
1997 1
1998 0
1999 1
