0 1
1 1
2 1
3 1
4 2
5 0
6 0
7 0
8 0
9 2
10 1
11 2
12 0
13 0
14 2
15 1
16 1
17 1
18 1
19 1
20 2
21 0
22 0
23 0
24 1
25 2
26 1
27 1
28 0
29 1
30 2
31 0
32 0
33 0
34 1
35 0
36 1
37 0
38 0
39 0
40 2
41 1
42 2
43 1
44 0
45 0
46 1
47 1
48 0
49 2
50 1
51 1
52 1
53 1
54 1
55 0
56 0
57 0
58 1
59 1
60 0
61 0
62 1
63 1
64 1
65 1
66 1
67 1
68 1
69 1
70 1
71 1
72 1
73 1
74 1
75 1
76 1
77 0
78 0
79 0
80 0
81 1
82 0
83 2
84 0
85 1
86 1
87 1
88 1
89 0
90 2
91 0
92 1
93 1
94 1
95 0
96 0
97 1
98 1
99 0
100 0
101 1
102 1
103 1
104 1
105 1
106 0
107 1
108 0
109 1
110 0
111 1
112 2
113 1
114 1
115 1
116 0
117 1
118 1
119 2
120 1
121 1
122 0
123 1
124 1
125 0
126 0
127 2
128 1
129 0
130 3
131 3
132 1
133 0
134 2
135 1
136 1
137 0
138 0
139 0
140 0
141 0
142 1
143 0
144 1
145 2
146 0
147 1
148 1
149 1
150 1
151 2
152 2
153 2
154 1
155 2
156 2
157 1
158 3
159 2
160 2
161 1
162 2
163 1
164 2
165 1
166 0
167 2
168 1
169 1
170 2
171 2
172 3
173 1
174 1
175 3
176 1
177 0
178 1
179 0
180 3
181 3
182 0
183 2
184 1
185 2
186 2
187 3
188 3
189 1
190 0
191 2
192 1
193 0
194 2
195 2
196 1
197 1
198 0
199 1
200 0
201 0
202 3
203 2
204 0
205 2
206 2
207 1
208 2
209 1
210 1
211 1
212 2
213 3
214 3
215 2
216 2
217 1
218 1
219 2
220 3
221 3
222 2
223 1
224 2
225 0
226 1
227 0
228 0
229 1
230 0
231 2
232 0
233 0
234 1
235 2
236 2
237 1
238 0
239 3
240 0
241 0
242 0
243 2
244 2
245 0
246 1
247 1
248 3
249 2
250 2
251 1
252 2
253 0
254 3
255 2
256 1
257 2
258 0
259 2
260 2
261 3
262 2
263 1
264 1
265 2
266 3
267 2
268 2
269 1
270 2
271 3
272 4
273 2
274 2
275 3
276 3
277 2
278 4
279 2
280 2
281 2
282 5
283 1
284 3
285 1
286 2
287 1
288 2
289 1
290 3
291 4
292 1
293 1
294 2
295 1
296 1
297 2
298 2
299 2
300 2
301 1
302 1
303 1
304 1
305 1
306 0
307 1
308 0
309 1
310 0
311 0
312 2
313 0
314 0
315 0
316 0
317 0
318 0
319 0
320 0
321 1
322 0
323 0
324 0
325 0
326 0
327 0
328 0
329 0
330 0
331 0
332 0
333 0
334 1
335 2
336 2
337 2
338 2
339 1
340 2
341 1
342 2
343 1
344 2
345 2
346 2
347 1
348 2
349 2
350 1
351 1
352 0
353 1
354 1
355 1
356 1
357 1
358 1
359 3
360 2
361 1
362 1
363 2
364 2
365 1
366 1
367 1
368 1
369 2
370 4
371 3
372 1
373 0
374 3
375 1
376 2
377 1
378 1
379 1
380 0
381 3
382 1
383 2
384 1
385 1
386 1
387 1
388 2
389 2
390 1
391 1
392 1
393 1
394 3
395 1
396 1
397 1
398 2
399 3
400 2
401 3
402 1
403 3
404 2
405 1
406 0
407 3
408 2
409 1
410 1
411 2
412 1
413 1
414 0
415 0
416 0
417 0
418 2
419 0
420 1
421 1
422 2
423 1
424 0
425 2
426 4
427 1
428 2
429 3
430 1
431 2
432 1
433 4
434 2
435 3
436 2
437 3
438 2
439 2
440 3
441 1
442 1
443 1
444 0
445 0
446 0
447 0
448 0
449 1
450 2
451 1
452 2
453 1
454 1
455 2
456 2
457 1
458 2
459 2
460 4
461 1
462 2
463 3
464 0
465 1
466 3
467 3
468 1
469 1
470 2
471 2
472 1
473 2
474 1
475 0
476 0
477 0
478 0
479 0
480 0
481 2
482 1
483 2
484 0
485 0
486 0
487 0
488 0
489 0
490 0
491 0
492 0
493 0
494 1
495 0
496 0
497 0
498 0
499 0
500 1
501 1
502 0
503 0
504 0
505 1
506 0
507 0
508 0
509 0
510 1
511 1
512 2
513 0
514 1
515 0
516 0
517 1
518 0
519 1
520 1
521 2
522 1
523 2
524 1
525 2
526 0
527 1
528 1
529 1
530 2
531 1
532 1
533 0
534 2
535 1
536 1
537 1
538 0
539 1
540 1
541 1
542 2
543 0
544 1
545 1
546 2
547 2
548 1
549 1
550 2
551 1
552 2
553 2
554 0
555 1
556 2
557 1
558 1
559 2
560 1
561 1
562 0
563 1
564 0
565 0
566 0
567 0
568 0
569 0
570 0
571 0
572 0
573 0
574 0
575 0
576 0
577 2
578 1
579 1
580 2
581 0
582 0
583 1
584 0
585 1
586 1
587 0
588 0
589 0
590 1
591 2
592 0
593 0
594 2
595 0
596 2
597 2
598 3
599 1
600 1
601 0
602 0
603 1
604 1
605 2
606 1
607 0
608 1
609 2
610 1
611 1
612 0
613 2
614 2
615 1
616 0
617 1
618 1
619 0
620 0
621 1
622 1
623 0
624 2
625 0
626 1
627 1
628 0
629 0
630 0
631 0
632 0
633 0
634 0
635 1
636 1
637 1
638 0
639 0
640 1
641 1
642 0
643 1
644 1
645 1
646 0
647 1
648 1
649 0
650 0
651 0
652 0
653 0
654 0
655 0
656 1
657 1
658 1
659 0
660 0
661 0
662 0
663 0
664 0
665 1
666 3
667 2
668 1
669 0
670 0
671 0
672 0
673 0
674 0
675 0
676 0
677 1
678 0
679 0
680 1
681 0
682 0
683 0
684 0
685 0
686 1
687 1
688 2
689 1
690 0
691 1
692 1
693 2
694 2
695 1
696 3
697 2
698 0
699 1
700 1
701 2
702 2
703 2
704 1
705 1
706 1
707 2
708 1
709 1
710 0
711 1
712 2
713 2
714 2
715 0
716 2
717 1
718 1
719 0
720 3
721 1
722 4
723 0
724 2
725 1
726 1
727 1
728 1
729 1
730 1
731 2
732 2
733 0
734 2
735 1
736 1
737 1
738 2
739 2
740 1
741 1
742 1
743 2
744 0
745 0
746 0
747 0
748 1
749 0
750 1
751 1
752 2
753 0
754 1
755 1
756 0
757 0
758 0
759 0
760 0
761 1
762 2
763 1
764 2
765 0
766 1
767 1
768 2
769 1
770 1
771 1
772 2
773 1
774 1
775 2
776 1
777 2
778 0
779 1
780 2
781 2
782 2
783 1
784 2
785 1
786 3
787 1
788 0
789 2
790 0
791 0
792 0
793 0
794 0
795 0
796 2
797 1
798 1
799 0
800 3
801 1
802 2
803 1
804 1
805 1
806 1
807 1
808 1
809 0
810 2
811 2
812 0
813 0
814 0
815 1
816 1
817 2
818 1
819 1
820 2
821 1
822 1
823 0
824 1
825 1
826 2
827 1
828 3
829 1
830 1
831 0
832 1
833 0
834 1
835 0
836 1
837 1
838 1
839 0
840 1
841 1
842 0
843 1
844 2
845 1
846 1
847 1
848 1
849 1
850 1
851 0
852 2
853 3
854 0
855 1
856 2
857 2
858 2
859 2
860 2
861 1
862 1
863 0
864 1
865 1
866 1
867 1
868 1
869 1
870 1
871 1
872 0
873 1
874 0
875 1
876 1
877 1
878 1
879 1
880 0
881 2
882 1
883 0
884 0
885 0
886 1
887 1
888 1
889 1
890 1
891 2
892 1
893 2
894 2
895 2
896 2
897 1
898 3
899 1
900 1
901 2
902 1
903 2
904 2
905 2
906 2
907 2
908 2
909 2
910 2
911 2
912 1
913 1
914 1
915 1
916 1
917 1
918 3
919 2
920 3
921 2
922 3
923 4
924 2
925 2
926 0
927 2
928 0
929 0
930 1
931 0
932 1
933 2
934 2
935 2
936 1
937 2
938 2
939 2
940 1
941 3
942 2
943 2
944 2
945 0
946 2
947 1
948 1
949 0
950 1
951 1
952 1
953 3
954 2
955 2
956 1
957 0
958 1
959 1
960 1
961 2
962 3
963 1
964 0
965 1
966 3
967 2
968 2
969 1
970 1
971 1
972 3
973 2
974 2
975 1
976 1
977 2
978 2
979 1
980 1
981 1
982 2
983 1
984 2
985 1
986 0
987 0
988 3
989 2
990 1
991 1
992 1
993 0
994 1
995 2
996 1
997 2
998 1
999 1
1000 1
1001 1
1002 1
1003 1
1004 2
1005 1
1006 2
1007 3
1008 2
1009 3
1010 2
1011 1
1012 2
1013 1
1014 2
1015 0
1016 3
1017 0
1018 2
1019 2
1020 3
1021 3
1022 3
1023 6
1024 2
1025 3
1026 1
1027 2
1028 3
1029 2
1030 1
1031 2
1032 1
1033 2
1034 3
1035 3
1036 3
1037 3
1038 1
1039 2
1040 1
1041 1
1042 0
1043 1
1044 2
1045 1
1046 2
1047 1
1048 2
1049 1
1050 1
1051 2
1052 1
1053 1
1054 2
1055 1
1056 2
1057 2
1058 2
1059 1
1060 2
1061 1
1062 1
1063 1
1064 0
1065 1
1066 1
1067 2
1068 1
1069 2
1070 1
1071 1
1072 1
1073 2
1074 1
1075 0
1076 0
1077 2
1078 0
1079 2
1080 1
1081 2
1082 1
1083 1
1084 1
1085 1
1086 1
1087 1
1088 1
1089 4
1090 0
1091 2
1092 1
1093 0
1094 1
1095 1
1096 2
1097 1
1098 1
1099 2
1100 1
1101 1
1102 1
1103 1
1104 0
1105 2
1106 1
1107 1
1108 1
1109 1
1110 1
1111 0
1112 0
1113 1
1114 0
1115 2
1116 1
1117 0
1118 1
1119 1
1120 2
1121 2
1122 3
1123 2
1124 0
1125 1
1126 0
1127 1
1128 2
1129 1
1130 3
1131 0
1132 3
1133 0
1134 0
1135 0
1136 0
1137 0
1138 0
1139 1
1140 1
1141 1
1142 1
1143 0
1144 1
1145 0
1146 0
1147 0
1148 0
1149 3
1150 2
1151 0
1152 1
1153 1
1154 1
1155 1
1156 1
1157 2
1158 1
1159 2
1160 1
1161 2
1162 1
1163 1
1164 0
1165 1
1166 0
1167 2
1168 1
1169 0
1170 2
1171 1
1172 0
1173 0
1174 0
1175 0
1176 0
1177 0
1178 3
1179 3
1180 1
1181 1
1182 1
1183 4
1184 1
1185 3
1186 3
1187 3
1188 2
1189 2
1190 1
1191 1
1192 1
1193 1
1194 1
1195 2
1196 3
1197 1
1198 2
1199 3
1200 2
1201 1
1202 1
1203 3
1204 1
1205 2
1206 2
1207 2
1208 2
1209 2
1210 3
1211 2
1212 2
1213 2
1214 1
1215 2
1216 0
1217 2
1218 2
1219 2
1220 2
1221 2
1222 2
1223 3
1224 2
1225 2
1226 1
1227 3
1228 1
1229 1
1230 2
1231 3
1232 2
1233 1
1234 1
1235 1
1236 2
1237 3
1238 2
1239 2
1240 2
1241 2
1242 2
1243 2
1244 1
1245 2
1246 2
1247 1
1248 3
1249 1
1250 2
1251 3
1252 2
1253 1
1254 1
1255 2
1256 3
1257 1
1258 0
1259 0
1260 1
1261 1
1262 1
1263 2
1264 0
1265 0
1266 0
1267 1
1268 1
1269 0
1270 1
1271 1
1272 0
1273 1
1274 1
1275 0
1276 0
1277 0
1278 0
1279 1
1280 1
1281 1
1282 0
1283 0
1284 0
1285 0
1286 0
1287 0
1288 0
1289 0
1290 0
1291 1
1292 0
1293 0
1294 0
1295 0
1296 0
1297 0
1298 0
1299 0
1300 0
1301 0
1302 1
1303 0
1304 0
1305 0
1306 1
1307 1
1308 1
1309 0
1310 2
1311 0
1312 1
1313 2
1314 1
1315 1
1316 1
1317 0
1318 1
1319 1
1320 4
1321 0
1322 2
1323 0
1324 1
1325 3
1326 1
1327 2
1328 2
1329 1
1330 1
1331 3
1332 2
1333 2
1334 0
1335 2
1336 1
1337 1
1338 2
1339 2
1340 2
1341 2
1342 1
1343 1
1344 1
1345 2
1346 2
1347 1
1348 2
1349 1
1350 2
1351 1
1352 2
1353 3
1354 2
1355 2
1356 1
1357 3
1358 1
1359 1
1360 1
1361 2
1362 3
1363 1
1364 2
1365 2
1366 2
1367 1
1368 0
1369 2
1370 1
1371 1
1372 2
1373 1
1374 1
1375 2
1376 2
1377 1
1378 3
1379 3
1380 1
1381 2
1382 2
1383 1
1384 2
1385 1
1386 2
1387 1
1388 3
1389 1
1390 2
1391 2
1392 0
1393 0
1394 2
1395 1
1396 2
1397 0
1398 1
1399 2
1400 2
1401 1
1402 1
1403 0
1404 3
1405 2
1406 1
1407 1
1408 1
1409 0
1410 0
1411 0
1412 1
1413 0
1414 2
1415 0
1416 1
1417 1
1418 0
1419 0
1420 1
1421 0
1422 0
1423 0
1424 0
1425 1
1426 0
1427 1
1428 0
1429 1
1430 0
1431 0
1432 0
1433 0
1434 1
1435 2
1436 1
1437 3
1438 2
1439 0
1440 1
1441 2
1442 0
1443 1
1444 0
1445 0
1446 0
1447 1
1448 2
1449 1
1450 1
1451 2
1452 1
1453 0
1454 0
1455 0
1456 0
1457 0
1458 0
1459 2
1460 0
1461 0
1462 0
1463 0
1464 0
1465 0
1466 1
1467 1
1468 0
1469 4
1470 1
1471 2
1472 0
1473 2
1474 0
1475 0
1476 1
1477 1
1478 1
1479 1
1480 0
1481 0
1482 1
1483 1
1484 1
1485 2
1486 2
1487 4
1488 2
1489 2
1490 1
1491 3
1492 2
1493 1
1494 1
1495 3
1496 1
1497 1
1498 1
1499 0
1500 3
1501 1
1502 2
1503 1
1504 1
1505 2
1506 2
1507 2
1508 1
1509 1
1510 3
1511 2
1512 3
1513 3
1514 2
1515 2
1516 2
1517 2
1518 2
1519 2
1520 2
1521 2
1522 1
1523 2
1524 3
1525 3
1526 2
1527 0
1528 2
1529 2
1530 2
1531 1
1532 2
1533 2
1534 1
1535 1
1536 2
1537 3
1538 2
1539 2
1540 1
1541 2
1542 2
1543 2
1544 3
1545 3
1546 2
1547 2
1548 3
1549 1
1550 3
1551 3
1552 2
1553 2
1554 3
1555 1
1556 3
1557 0
1558 3
1559 2
1560 2
1561 2
1562 1
1563 1
1564 1
1565 3
1566 3
1567 1
1568 0
1569 3
1570 2
1571 1
1572 0
1573 1
1574 4
1575 1
1576 1
1577 3
1578 1
1579 3
1580 2
1581 1
1582 2
1583 3
1584 0
1585 1
1586 4
1587 2
1588 1
1589 1
1590 3
1591 1
1592 1
1593 2
1594 2
1595 3
1596 2
1597 2
1598 1
1599 3
1600 3
1601 2
1602 3
1603 2
1604 2
1605 2
1606 1
1607 2
1608 3
1609 2
1610 1
1611 1
1612 2
1613 3
1614 3
1615 0
1616 2
1617 4
1618 1
1619 0
1620 2
1621 3
1622 2
1623 1
1624 1
1625 2
1626 3
1627 2
1628 3
1629 1
1630 2
1631 3
1632 2
1633 2
1634 0
1635 2
1636 1
1637 2
1638 0
1639 2
1640 2
1641 1
1642 2
1643 1
1644 4
1645 2
1646 3
1647 2
1648 1
1649 1
1650 1
1651 2
1652 0
1653 1
1654 1
1655 2
1656 2
1657 2
1658 3
1659 2
1660 3
1661 1
1662 2
1663 1
1664 3
1665 3
1666 2
1667 3
1668 1
1669 1
1670 2
1671 2
1672 1
1673 2
1674 3
1675 0
1676 3
1677 2
1678 1
1679 3
1680 2
1681 2
1682 1
1683 2
1684 2
1685 3
1686 1
1687 2
1688 1
1689 3
1690 3
1691 1
1692 1
1693 1
1694 1
1695 2
1696 2
1697 2
1698 2
1699 2
1700 1
1701 1
1702 1
1703 2
1704 1
1705 2
1706 5
1707 2
1708 1
1709 3
1710 2
1711 2
1712 1
1713 3
1714 2
1715 2
1716 3
1717 1
1718 3
1719 2
1720 0
1721 3
1722 0
1723 3
1724 2
1725 1
1726 1
1727 1
1728 1
1729 2
1730 2
1731 0
1732 2
1733 2
1734 3
1735 2
1736 1
1737 0
1738 1
1739 1
1740 2
1741 0
1742 3
1743 2
1744 1
1745 1
1746 2
1747 1
1748 2
1749 2
1750 2
1751 0
1752 2
1753 2
1754 3
1755 1
1756 1
1757 2
1758 2
1759 2
1760 2
1761 1
1762 3
1763 2
1764 2
1765 2
1766 1
1767 1
1768 1
1769 2
1770 1
1771 3
1772 2
1773 1
1774 3
1775 0
1776 1
1777 0
1778 1
1779 0
1780 1
1781 1
1782 0
1783 1
1784 1
1785 1
1786 1
1787 1
1788 2
1789 2
1790 0
1791 0
1792 1
1793 3
1794 1
1795 3
1796 2
1797 2
1798 2
1799 1
1800 1
1801 1
1802 1
1803 1
1804 3
1805 2
1806 1
1807 1
1808 2
1809 1
1810 1
1811 1
1812 0
1813 1
1814 2
1815 2
1816 1
1817 1
1818 1
1819 3
1820 1
1821 1
1822 2
1823 1
1824 2
1825 2
1826 4
1827 1
1828 2
1829 1
1830 0
1831 2
1832 1
1833 1
1834 2
1835 2
1836 2
1837 2
1838 3
1839 2
1840 1
1841 3
1842 0
1843 1
1844 2
1845 1
1846 1
1847 0
1848 3
1849 0
1850 0
1851 1
1852 2
1853 1
1854 1
1855 2
1856 1
1857 2
1858 2
1859 2
1860 1
1861 3
1862 1
1863 1
1864 0
1865 0
1866 3
1867 2
1868 3
1869 3
1870 2
1871 2
1872 1
1873 0
1874 2
1875 3
1876 1
1877 1
1878 0
1879 1
1880 1
1881 0
1882 1
1883 0
1884 0
1885 0
1886 1
1887 1
1888 0
1889 0
1890 0
1891 0
1892 0
1893 0
1894 1
1895 1
1896 2
1897 1
1898 0
1899 0
1900 0
1901 1
1902 1
1903 2
1904 1
1905 1
1906 2
1907 1
1908 0
1909 0
1910 0
1911 0
1912 0
1913 0
1914 0
1915 0
1916 0
1917 1
1918 0
1919 0
1920 1
1921 1
1922 1
1923 1
1924 0
1925 0
1926 0
1927 0
1928 0
1929 0
1930 0
1931 0
1932 0
1933 0
1934 1
1935 2
1936 0
1937 0
1938 0
1939 2
1940 2
1941 2
1942 0
1943 2
1944 0
1945 2
1946 1
1947 1
1948 0
1949 0
1950 0
1951 0
1952 0
1953 0
1954 0
1955 0
1956 1
1957 0
1958 0
1959 0
1960 0
1961 0
1962 0
1963 0
1964 0
1965 0
1966 0
1967 2
1968 1
1969 1
1970 0
1971 0
1972 0
1973 1
1974 0
1975 1
1976 1
1977 2
1978 0
1979 1
1980 1
1981 2
1982 3
1983 0
1984 1
1985 2
1986 1
1987 0
1988 0
1989 0
1990 1
1991 0
1992 1
1993 1
1994 0
1995 1
1996 0
1997 1
1998 1
1999 1
