0 1
1 1
2 1
3 0
4 0
5 1
6 1
7 2
8 0
9 1
10 1
11 1
12 2
13 2
14 2
15 0
16 2
17 1
18 1
19 1
20 2
21 2
22 1
23 3
24 2
25 1
26 1
27 1
28 0
29 1
30 1
31 1
32 1
33 2
34 2
35 2
36 2
37 1
38 1
39 1
40 0
41 1
42 1
43 1
44 2
45 1
46 1
47 1
48 1
49 2
50 1
51 1
52 1
53 1
54 0
55 2
56 1
57 1
58 1
59 1
60 1
61 2
62 1
63 2
64 1
65 1
66 1
67 1
68 0
69 2
70 1
71 2
72 1
73 2
74 1
75 2
76 1
77 2
78 2
79 2
80 0
81 1
82 1
83 1
84 1
85 1
86 1
87 1
88 2
89 1
90 0
91 1
92 2
93 1
94 2
95 1
96 1
97 1
98 1
99 2
100 1
101 1
102 2
103 1
104 1
105 2
106 2
107 1
108 1
109 0
110 1
111 1
112 2
113 1
114 1
115 1
116 1
117 2
118 1
119 1
120 2
121 1
122 0
123 1
124 2
125 2
126 2
127 1
128 1
129 2
130 2
131 2
132 2
133 2
134 1
135 2
136 0
137 0
138 2
139 2
140 1
141 1
142 2
143 1
144 1
145 2
146 2
147 1
148 2
149 1
150 1
151 1
152 1
153 2
154 0
155 1
156 1
157 1
158 2
159 1
160 1
161 2
162 1
163 2
164 1
165 2
166 2
167 1
168 2
169 1
170 1
171 1
172 1
173 1
174 0
175 1
176 2
177 2
178 1
179 1
180 0
181 3
182 2
183 0
184 1
185 1
186 0
187 2
188 1
189 0
190 1
191 0
192 2
193 1
194 1
195 1
196 2
197 1
198 1
199 0
200 1
201 2
202 2
203 0
204 1
205 2
206 2
207 1
208 2
209 1
210 1
211 1
212 1
213 2
214 1
215 1
216 0
217 0
218 1
219 0
220 1
221 2
222 1
223 2
224 0
225 3
226 1
227 1
228 1
229 0
230 0
231 1
232 2
233 2
234 1
235 2
236 1
237 1
238 0
239 2
240 0
241 1
242 0
243 1
244 1
245 1
246 0
247 0
248 1
249 2
250 1
251 1
252 0
253 0
254 1
255 2
256 1
257 0
258 2
259 1
260 1
261 1
262 0
263 2
264 1
265 1
266 1
267 1
268 1
269 1
270 1
271 2
272 2
273 1
274 0
275 1
276 1
277 1
278 1
279 1
280 2
281 2
282 0
283 0
284 2
285 0
286 2
287 1
288 3
289 2
290 1
291 1
292 1
293 1
294 2
295 0
296 0
297 2
298 2
299 2
300 1
301 2
302 1
303 0
304 0
305 1
306 1
307 1
308 0
309 0
310 1
311 0
312 0
313 1
314 0
315 1
316 0
317 1
318 1
319 1
320 2
321 1
322 1
323 1
324 1
325 1
326 2
327 2
328 1
329 2
330 1
331 2
332 2
333 1
334 2
335 0
336 1
337 1
338 2
339 1
340 1
341 2
342 1
343 2
344 3
345 2
346 0
347 1
348 0
349 1
350 1
351 0
352 1
353 1
354 0
355 2
356 2
357 2
358 1
359 3
360 1
361 2
362 2
363 1
364 0
365 0
366 1
367 2
368 0
369 2
370 0
371 2
372 1
373 0
374 1
375 1
376 0
377 0
378 0
379 1
380 2
381 1
382 2
383 1
384 1
385 1
386 1
387 1
388 1
389 1
390 1
391 1
392 1
393 0
394 0
395 1
396 1
397 1
398 1
399 1
400 1
401 1
402 2
403 2
404 0
405 1
406 0
407 1
408 2
409 1
410 0
411 1
412 1
413 2
414 3
415 1
416 1
417 1
418 1
419 0
420 2
421 0
422 1
423 1
424 1
425 2
426 1
427 0
428 1
429 1
430 2
431 1
432 2
433 2
434 2
435 1
436 1
437 1
438 1
439 0
440 1
441 0
442 0
443 0
444 1
445 1
446 1
447 1
448 1
449 1
450 0
451 2
452 0
453 2
454 1
455 1
456 1
457 1
458 0
459 0
460 1
461 2
462 1
463 1
464 1
465 1
466 1
467 1
468 2
469 0
470 1
471 1
472 1
473 2
474 0
475 1
476 0
477 1
478 1
479 1
480 2
481 2
482 1
483 1
484 2
485 1
486 2
487 2
488 2
489 0
490 1
491 2
492 2
493 1
494 1
495 1
496 1
497 2
498 1
499 1
500 1
501 2
502 2
503 0
504 1
505 1
506 2
507 2
508 0
509 2
510 1
511 2
512 1
513 2
514 1
515 1
516 2
517 1
518 1
519 1
520 1
521 0
522 2
523 1
524 2
525 2
526 1
527 2
528 2
529 2
530 1
531 2
532 1
533 2
534 1
535 2
536 2
537 1
538 0
539 2
540 1
541 1
542 0
543 3
544 1
545 1
546 2
547 1
548 1
549 2
550 2
551 1
552 2
553 1
554 2
555 1
556 2
557 2
558 1
559 2
560 1
561 0
562 2
563 0
564 1
565 0
566 1
567 2
568 2
569 2
570 2
571 0
572 2
573 2
574 2
575 1
576 2
577 1
578 1
579 1
580 1
581 1
582 1
583 1
584 0
585 0
586 2
587 1
588 1
589 0
590 2
591 1
592 2
593 2
594 1
595 2
596 1
597 1
598 1
599 1
600 1
601 0
602 1
603 0
604 1
605 1
606 1
607 1
608 0
609 1
610 1
611 0
612 1
613 0
614 1
615 1
616 0
617 1
618 1
619 0
620 1
621 1
622 1
623 1
624 1
625 1
626 1
627 1
628 0
629 0
630 1
631 1
632 1
633 0
634 1
635 1
636 1
637 0
638 1
639 1
640 2
641 1
642 0
643 0
644 1
645 2
646 0
647 1
648 2
649 1
650 2
651 1
652 1
653 0
654 1
655 1
656 0
657 0
658 1
659 1
660 0
661 1
662 0
663 1
664 0
665 1
666 1
667 1
668 0
669 1
670 1
671 1
672 0
673 2
674 1
675 1
676 1
677 1
678 1
679 2
680 1
681 2
682 1
683 1
684 2
685 1
686 1
687 1
688 0
689 2
690 1
691 1
692 1
693 0
694 1
695 3
696 1
697 1
698 0
699 3
700 1
701 1
702 0
703 1
704 0
705 0
706 1
707 1
708 1
709 1
710 1
711 1
712 2
713 2
714 1
715 0
716 1
717 0
718 0
719 0
720 1
721 1
722 1
723 2
724 0
725 0
726 0
727 0
728 2
729 0
730 1
731 0
732 1
733 1
734 1
735 1
736 1
737 0
738 0
739 0
740 1
741 1
742 1
743 2
744 1
745 1
746 2
747 1
748 2
749 1
750 1
751 2
752 1
753 1
754 1
755 1
756 1
757 1
758 1
759 0
760 0
761 1
762 1
763 1
764 1
765 1
766 0
767 0
768 1
769 1
770 0
771 0
772 1
773 2
774 1
775 2
776 1
777 2
778 0
779 0
780 0
781 0
782 1
783 2
784 2
785 2
786 2
787 0
788 1
789 0
790 1
791 0
792 1
793 1
794 1
795 2
796 1
797 2
798 1
799 2
800 1
801 2
802 2
803 1
804 0
805 0
806 0
807 0
808 0
809 0
810 1
811 1
812 1
813 0
814 1
815 1
816 1
817 2
818 1
819 1
820 1
821 1
822 1
823 1
824 2
825 1
826 1
827 1
828 1
829 1
830 1
831 1
832 1
833 1
834 1
835 1
836 2
837 1
838 2
839 2
840 1
841 2
842 0
843 1
844 1
845 1
846 1
847 2
848 1
849 2
850 2
851 1
852 1
853 1
854 1
855 1
856 1
857 2
858 1
859 1
860 2
861 1
862 2
863 1
864 1
865 1
866 1
867 2
868 0
869 2
870 1
871 2
872 1
873 1
874 1
875 1
876 1
877 1
878 1
879 1
880 0
881 1
882 1
883 1
884 0
885 1
886 0
887 0
888 1
889 1
890 0
891 1
892 1
893 3
894 2
895 1
896 0
897 1
898 1
899 1
900 0
901 1
902 1
903 0
904 1
905 0
906 1
907 0
908 1
909 1
910 0
911 0
912 1
913 1
914 1
915 1
916 2
917 0
918 1
919 2
920 1
921 0
922 0
923 0
924 0
925 0
926 0
927 0
928 0
929 0
930 0
931 1
932 1
933 0
934 0
935 1
936 0
937 1
938 3
939 1
940 1
941 1
942 2
943 1
944 0
945 1
946 0
947 2
948 0
949 1
950 0
951 1
952 1
953 1
954 1
955 1
956 1
957 1
958 1
959 2
960 2
961 1
962 1
963 1
964 1
965 1
966 2
967 1
968 2
969 2
970 1
971 1
972 2
973 1
974 2
975 2
976 2
977 2
978 1
979 1
980 2
981 2
982 2
983 2
984 0
985 1
986 0
987 0
988 1
989 1
990 2
991 1
992 2
993 1
994 1
995 1
996 2
997 0
998 1
999 2
1000 2
1001 2
1002 2
1003 1
1004 1
1005 0
1006 1
1007 1
1008 2
1009 2
1010 1
1011 0
1012 0
1013 0
1014 0
1015 1
1016 1
1017 1
1018 1
1019 1
1020 1
1021 1
1022 1
1023 0
1024 1
1025 0
1026 1
1027 0
1028 1
1029 1
1030 1
1031 1
1032 2
1033 1
1034 1
1035 3
1036 0
1037 0
1038 1
1039 1
1040 1
1041 1
1042 2
1043 2
1044 1
1045 0
1046 0
1047 0
1048 1
1049 2
1050 1
1051 2
1052 1
1053 0
1054 2
1055 2
1056 0
1057 0
1058 0
1059 0
1060 0
1061 0
1062 0
1063 0
1064 0
1065 0
1066 0
1067 1
1068 4
1069 0
1070 1
1071 0
1072 1
1073 2
1074 2
1075 1
1076 2
1077 1
1078 1
1079 1
1080 2
1081 1
1082 1
1083 1
1084 2
1085 1
1086 1
1087 1
1088 3
1089 1
1090 2
1091 2
1092 1
1093 1
1094 0
1095 1
1096 0
1097 0
1098 1
1099 1
1100 0
1101 1
1102 1
1103 0
1104 0
1105 2
1106 1
1107 1
1108 1
1109 2
1110 1
1111 0
1112 1
1113 1
1114 1
1115 1
1116 1
1117 1
1118 0
1119 0
1120 1
1121 0
1122 0
1123 0
1124 0
1125 0
1126 0
1127 1
1128 0
1129 0
1130 3
1131 2
1132 1
1133 0
1134 2
1135 2
1136 2
1137 1
1138 0
1139 1
1140 1
1141 2
1142 2
1143 1
1144 1
1145 2
1146 1
1147 0
1148 0
1149 1
1150 1
1151 2
1152 0
1153 1
1154 1
1155 1
1156 1
1157 1
1158 1
1159 1
1160 1
1161 0
1162 1
1163 1
1164 1
1165 0
1166 1
1167 3
1168 1
1169 1
1170 0
1171 1
1172 1
1173 2
1174 0
1175 1
1176 0
1177 1
1178 0
1179 0
1180 1
1181 1
1182 1
1183 1
1184 2
1185 1
1186 1
1187 1
1188 1
1189 1
1190 2
1191 1
1192 2
1193 2
1194 1
1195 1
1196 0
1197 0
1198 1
1199 1
1200 0
1201 1
1202 1
1203 0
1204 1
1205 1
1206 1
1207 1
1208 0
1209 0
1210 1
1211 1
1212 1
1213 0
1214 0
1215 2
1216 1
1217 0
1218 0
1219 1
1220 0
1221 3
1222 2
1223 2
1224 0
1225 0
1226 1
1227 0
1228 0
1229 2
1230 3
1231 3
1232 4
1233 3
1234 1
1235 0
1236 1
1237 3
1238 0
1239 0
1240 1
1241 2
1242 3
1243 0
1244 2
1245 5
1246 2
1247 0
1248 1
1249 3
1250 1
1251 2
1252 3
1253 1
1254 2
1255 3
1256 1
1257 2
1258 2
1259 0
1260 1
1261 1
1262 2
1263 3
1264 2
1265 1
1266 2
1267 2
1268 1
1269 1
1270 0
1271 1
1272 1
1273 1
1274 1
1275 1
1276 2
1277 1
1278 1
1279 3
1280 0
1281 0
1282 1
1283 1
1284 0
1285 1
1286 0
1287 1
1288 2
1289 1
1290 0
1291 1
1292 2
1293 1
1294 2
1295 1
1296 0
1297 2
1298 0
1299 2
1300 2
1301 1
1302 2
1303 2
1304 1
1305 2
1306 1
1307 2
1308 2
1309 2
1310 2
1311 0
1312 1
1313 2
1314 2
1315 0
1316 1
1317 2
1318 1
1319 2
1320 2
1321 2
1322 1
1323 1
1324 1
1325 1
1326 0
1327 0
1328 1
1329 2
1330 0
1331 2
1332 0
1333 0
1334 1
1335 0
1336 1
1337 1
1338 1
1339 1
1340 1
1341 0
1342 1
1343 2
1344 2
1345 0
1346 1
1347 1
1348 1
1349 1
1350 1
1351 1
1352 1
1353 1
1354 1
1355 0
1356 2
1357 1
1358 1
1359 2
1360 0
1361 0
1362 1
1363 1
1364 0
1365 1
1366 1
1367 1
1368 1
1369 0
1370 0
1371 0
1372 2
1373 1
1374 1
1375 1
1376 2
1377 0
1378 0
1379 0
1380 2
1381 1
1382 1
1383 2
1384 2
1385 1
1386 1
1387 1
1388 0
1389 1
1390 3
1391 1
1392 1
1393 1
1394 2
1395 2
1396 1
1397 2
1398 1
1399 2
1400 1
1401 1
1402 1
1403 1
1404 1
1405 2
1406 0
1407 0
1408 1
1409 1
1410 1
1411 0
1412 2
1413 2
1414 2
1415 2
1416 1
1417 0
1418 1
1419 2
1420 1
1421 1
1422 1
1423 2
1424 1
1425 2
1426 1
1427 1
1428 2
1429 1
1430 1
1431 0
1432 2
1433 1
1434 1
1435 2
1436 0
1437 1
1438 2
1439 1
1440 0
1441 2
1442 2
1443 1
1444 1
1445 2
1446 0
1447 1
1448 2
1449 2
1450 0
1451 1
1452 0
1453 2
1454 0
1455 1
1456 2
1457 1
1458 1
1459 1
1460 1
1461 2
1462 0
1463 3
1464 2
1465 1
1466 0
1467 1
1468 2
1469 1
1470 1
1471 1
1472 1
1473 1
1474 1
1475 1
1476 1
1477 2
1478 0
1479 1
1480 0
1481 1
1482 1
1483 1
1484 2
1485 1
1486 1
1487 1
1488 1
1489 1
1490 1
1491 0
1492 1
1493 1
1494 1
1495 1
1496 1
1497 0
1498 2
1499 0
1500 1
1501 2
1502 2
1503 2
1504 1
1505 1
1506 2
1507 1
1508 1
1509 0
1510 2
1511 0
1512 1
1513 1
1514 2
1515 2
1516 2
1517 2
1518 2
1519 1
1520 1
1521 1
1522 1
1523 1
1524 0
1525 1
1526 0
1527 1
1528 0
1529 2
1530 0
1531 1
1532 3
1533 1
1534 1
1535 1
1536 1
1537 0
1538 1
1539 1
1540 1
1541 2
1542 2
1543 1
1544 0
1545 2
1546 1
1547 1
1548 2
1549 1
1550 2
1551 1
1552 2
1553 1
1554 1
1555 1
1556 1
1557 0
1558 0
1559 1
1560 1
1561 2
1562 1
1563 0
1564 1
1565 2
1566 1
1567 1
1568 2
1569 2
1570 0
1571 1
1572 2
1573 1
1574 1
1575 1
1576 1
1577 2
1578 1
1579 1
1580 0
1581 1
1582 1
1583 1
1584 2
1585 1
1586 1
1587 1
1588 1
1589 2
1590 2
1591 2
1592 1
1593 2
1594 0
1595 1
1596 1
1597 0
1598 1
1599 1
1600 0
1601 1
1602 2
1603 1
1604 1
1605 2
1606 1
1607 0
1608 1
1609 0
1610 2
1611 2
1612 1
1613 1
1614 1
1615 0
1616 0
1617 1
1618 1
1619 2
1620 1
1621 1
1622 2
1623 1
1624 1
1625 1
1626 1
1627 1
1628 1
1629 2
1630 1
1631 1
1632 1
1633 1
1634 1
1635 2
1636 1
1637 2
1638 1
1639 2
1640 1
1641 2
1642 1
1643 2
1644 1
1645 1
1646 1
1647 1
1648 1
1649 1
1650 1
1651 2
1652 1
1653 2
1654 1
1655 0
1656 2
1657 1
1658 2
1659 1
1660 1
1661 1
1662 1
1663 2
1664 1
1665 2
1666 1
1667 2
1668 1
1669 2
1670 2
1671 2
1672 1
1673 0
1674 1
1675 2
1676 2
1677 1
1678 1
1679 2
1680 1
1681 1
1682 1
1683 0
1684 2
1685 1
1686 0
1687 1
1688 1
1689 1
1690 2
1691 2
1692 1
1693 2
1694 0
1695 1
1696 0
1697 0
1698 0
1699 0
1700 0
1701 0
1702 0
1703 0
1704 0
1705 1
1706 1
1707 1
1708 2
1709 2
1710 1
1711 1
1712 2
1713 1
1714 1
1715 1
1716 2
1717 2
1718 1
1719 0
1720 2
1721 2
1722 1
1723 2
1724 1
1725 0
1726 1
1727 2
1728 1
1729 1
1730 0
1731 1
1732 2
1733 2
1734 1
1735 1
1736 1
1737 2
1738 1
1739 0
1740 1
1741 2
1742 2
1743 1
1744 1
1745 2
1746 2
1747 1
1748 1
1749 2
1750 0
1751 1
1752 1
1753 0
1754 0
1755 1
1756 2
1757 1
1758 1
1759 1
1760 1
1761 1
1762 1
1763 1
1764 1
1765 0
1766 1
1767 1
1768 1
1769 1
1770 2
1771 2
1772 1
1773 1
1774 1
1775 1
1776 1
1777 2
1778 1
1779 0
1780 2
1781 1
1782 1
1783 2
1784 0
1785 1
1786 2
1787 1
1788 1
1789 1
1790 2
1791 1
1792 1
1793 1
1794 2
1795 0
1796 2
1797 1
1798 2
1799 2
1800 2
1801 1
1802 1
1803 1
1804 1
1805 2
1806 0
1807 1
1808 1
1809 1
1810 1
1811 2
1812 2
1813 1
1814 2
1815 1
1816 1
1817 1
1818 1
1819 1
1820 1
1821 2
1822 2
1823 2
1824 2
1825 1
1826 2
1827 2
1828 1
1829 0
1830 2
1831 1
1832 1
1833 0
1834 1
1835 2
1836 2
1837 2
1838 1
1839 1
1840 2
1841 2
1842 1
1843 0
1844 1
1845 1
1846 1
1847 1
1848 2
1849 2
1850 2
1851 1
1852 2
1853 1
1854 1
1855 2
1856 1
1857 2
1858 1
1859 2
1860 1
1861 2
1862 2
1863 0
1864 2
1865 2
1866 2
1867 1
1868 1
1869 2
1870 2
1871 2
1872 2
1873 2
1874 2
1875 1
1876 2
1877 1
1878 2
1879 1
1880 2
1881 1
1882 0
1883 1
1884 1
1885 1
1886 1
1887 2
1888 1
1889 2
1890 2
1891 1
1892 1
1893 1
1894 2
1895 1
1896 2
1897 2
1898 2
1899 2
1900 1
1901 2
1902 0
1903 1
1904 2
1905 1
1906 1
1907 2
1908 1
1909 1
1910 1
1911 0
1912 2
1913 1
1914 1
1915 1
1916 1
1917 2
1918 1
1919 2
1920 0
1921 1
1922 2
1923 2
1924 2
1925 2
1926 2
1927 0
1928 2
1929 2
1930 2
1931 1
1932 1
1933 2
1934 2
1935 2
1936 2
1937 2
1938 1
1939 1
1940 1
1941 1
1942 2
1943 2
1944 1
1945 2
1946 1
1947 2
1948 2
1949 1
1950 0
1951 1
1952 2
1953 1
1954 1
1955 1
1956 2
1957 1
1958 1
1959 0
1960 2
1961 0
1962 0
1963 1
1964 1
1965 1
1966 1
1967 1
1968 1
1969 0
1970 0
1971 1
1972 1
1973 1
1974 1
1975 0
1976 1
1977 1
1978 1
1979 2
1980 1
1981 3
1982 1
1983 2
1984 0
1985 1
1986 1
1987 1
1988 1
1989 1
1990 1
1991 1
1992 1
1993 0
1994 2
1995 1
1996 1
1997 1
1998 1
1999 1
