0 0
1 1
2 1
3 1
4 0
5 0
6 0
7 1
8 1
9 1
10 1
11 0
12 2
13 0
14 1
15 2
16 2
17 0
18 1
19 1
20 3
21 1
22 1
23 1
24 0
25 1
26 0
27 0
28 2
29 0
30 2
31 0
32 1
33 1
34 1
35 0
36 1
37 1
38 3
39 0
40 1
41 0
42 1
43 1
44 2
45 1
46 0
47 0
48 1
49 0
50 1
51 1
52 1
53 2
54 1
55 1
56 0
57 1
58 2
59 1
60 1
61 2
62 1
63 3
64 1
65 1
66 1
67 1
68 1
69 3
70 2
71 1
72 2
73 3
74 2
75 2
76 2
77 1
78 1
79 1
80 0
81 1
82 1
83 1
84 0
85 1
86 1
87 1
88 2
89 0
90 0
91 0
92 1
93 2
94 1
95 1
96 2
97 1
98 1
99 1
100 2
101 2
102 2
103 1
104 1
105 1
106 2
107 2
108 1
109 1
110 1
111 2
112 1
113 0
114 1
115 1
116 0
117 0
118 0
119 0
120 0
121 0
122 0
123 0
124 0
125 0
126 0
127 0
128 0
129 0
130 1
131 0
132 2
133 1
134 0
135 1
136 0
137 0
138 1
139 0
140 0
141 0
142 0
143 0
144 0
145 0
146 0
147 3
148 0
149 0
150 0
151 1
152 0
153 1
154 1
155 1
156 0
157 1
158 0
159 0
160 1
161 0
162 1
163 1
164 1
165 1
166 1
167 1
168 0
169 1
170 1
171 1
172 1
173 1
174 0
175 2
176 1
177 0
178 2
179 0
180 0
181 1
182 1
183 1
184 0
185 0
186 1
187 2
188 0
189 0
190 0
191 2
192 0
193 0
194 0
195 0
196 0
197 0
198 0
199 0
200 0
201 0
202 0
203 1
204 0
205 0
206 0
207 0
208 0
209 0
210 1
211 0
212 0
213 0
214 0
215 0
216 0
217 0
218 0
219 1
220 0
221 0
222 0
223 0
224 2
225 0
226 2
227 1
228 2
229 1
230 2
231 1
232 1
233 0
234 2
235 1
236 1
237 1
238 1
239 0
240 1
241 0
242 0
243 2
244 1
245 0
246 1
247 0
248 0
249 0
250 1
251 1
252 2
253 1
254 0
255 1
256 2
257 2
258 1
259 1
260 1
261 1
262 0
263 1
264 1
265 0
266 1
267 1
268 3
269 2
270 3
271 0
272 1
273 2
274 0
275 0
276 0
277 0
278 1
279 1
280 2
281 0
282 0
283 0
284 0
285 0
286 1
287 0
288 0
289 0
290 0
291 0
292 0
293 1
294 0
295 0
296 0
297 0
298 1
299 0
300 0
301 0
302 0
303 1
304 0
305 0
306 0
307 0
308 0
309 0
310 0
311 2
312 1
313 0
314 0
315 1
316 2
317 2
318 0
319 1
320 1
321 3
322 0
323 1
324 0
325 0
326 0
327 0
328 0
329 1
330 0
331 0
332 0
333 0
334 0
335 0
336 0
337 0
338 0
339 0
340 1
341 0
342 1
343 0
344 0
345 1
346 0
347 0
348 1
349 1
350 1
351 0
352 0
353 0
354 2
355 1
356 1
357 1
358 1
359 1
360 1
361 0
362 1
363 1
364 1
365 1
366 1
367 1
368 1
369 1
370 0
371 2
372 1
373 1
374 0
375 0
376 0
377 0
378 1
379 1
380 1
381 1
382 0
383 1
384 0
385 1
386 0
387 1
388 1
389 1
390 1
391 1
392 1
393 1
394 1
395 1
396 1
397 1
398 1
399 1
400 0
401 1
402 1
403 0
404 0
405 1
406 1
407 1
408 1
409 0
410 0
411 1
412 0
413 1
414 1
415 1
416 1
417 1
418 0
419 0
420 0
421 0
422 1
423 0
424 0
425 0
426 0
427 0
428 2
429 0
430 0
431 0
432 0
433 0
434 0
435 0
436 0
437 0
438 0
439 0
440 0
441 0
442 0
443 0
444 0
445 0
446 0
447 0
448 1
449 1
450 2
451 0
452 1
453 1
454 1
455 1
456 0
457 1
458 0
459 1
460 1
461 1
462 1
463 1
464 1
465 1
466 1
467 1
468 2
469 1
470 1
471 1
472 1
473 1
474 1
475 1
476 1
477 0
478 1
479 1
480 1
481 1
482 1
483 1
484 1
485 2
486 1
487 0
488 2
489 2
490 1
491 1
492 1
493 1
494 1
495 1
496 1
497 1
498 0
499 0
500 1
501 1
502 1
503 1
504 1
505 1
506 1
507 1
508 1
509 0
510 0
511 0
512 1
513 2
514 1
515 0
516 1
517 0
518 0
519 1
520 2
521 1
522 1
523 0
524 0
525 1
526 1
527 1
528 2
529 1
530 1
531 1
532 3
533 1
534 1
535 1
536 1
537 1
538 1
539 0
540 1
541 1
542 1
543 1
544 1
545 2
546 1
547 1
548 1
549 0
550 2
551 1
552 2
553 1
554 2
555 1
556 1
557 2
558 0
559 1
560 1
561 1
562 1
563 1
564 1
565 1
566 1
567 0
568 1
569 0
570 0
571 1
572 0
573 1
574 0
575 1
576 0
577 3
578 1
579 1
580 1
581 0
582 1
583 0
584 1
585 0
586 1
587 0
588 1
589 0
590 0
591 1
592 1
593 1
594 0
595 2
596 1
597 2
598 2
599 1
600 1
601 1
602 0
603 0
604 1
605 2
606 2
607 2
608 0
609 0
610 0
611 1
612 0
613 1
614 1
615 2
616 1
617 0
618 0
619 1
620 1
621 1
622 1
623 0
624 1
625 1
626 1
627 1
628 0
629 0
630 2
631 1
632 2
633 1
634 1
635 1
636 0
637 2
638 1
639 1
640 1
641 1
642 1
643 1
644 2
645 2
646 1
647 0
648 0
649 0
650 1
651 1
652 1
653 1
654 1
655 1
656 1
657 1
658 1
659 0
660 0
661 1
662 1
663 1
664 2
665 1
666 2
667 2
668 2
669 2
670 2
671 3
672 2
673 1
674 2
675 2
676 3
677 3
678 2
679 1
680 2
681 0
682 3
683 2
684 3
685 1
686 2
687 1
688 2
689 2
690 2
691 2
692 1
693 0
694 1
695 2
696 3
697 1
698 1
699 2
700 1
701 1
702 3
703 3
704 3
705 1
706 2
707 1
708 2
709 2
710 1
711 1
712 1
713 2
714 2
715 1
716 2
717 2
718 4
719 3
720 2
721 3
722 2
723 2
724 2
725 2
726 1
727 3
728 3
729 1
730 3
731 0
732 3
733 2
734 3
735 2
736 2
737 3
738 1
739 2
740 2
741 4
742 2
743 1
744 3
745 2
746 2
747 2
748 3
749 2
750 1
751 1
752 2
753 2
754 3
755 2
756 1
757 1
758 3
759 2
760 1
761 1
762 2
763 3
764 3
765 4
766 2
767 3
768 2
769 3
770 3
771 5
772 2
773 2
774 3
775 2
776 2
777 2
778 3
779 2
780 3
781 2
782 2
783 2
784 2
785 4
786 3
787 2
788 2
789 2
790 3
791 2
792 1
793 2
794 3
795 4
796 2
797 1
798 2
799 4
800 3
801 3
802 3
803 3
804 3
805 3
806 2
807 4
808 3
809 2
810 2
811 2
812 2
813 1
814 3
815 1
816 3
817 1
818 2
819 3
820 2
821 2
822 2
823 2
824 4
825 2
826 2
827 3
828 2
829 2
830 0
831 1
832 1
833 2
834 2
835 1
836 2
837 3
838 2
839 2
840 2
841 1
842 0
843 3
844 3
845 3
846 3
847 2
848 3
849 2
850 2
851 1
852 2
853 1
854 2
855 2
856 2
857 3
858 2
859 2
860 3
861 3
862 3
863 2
864 1
865 3
866 2
867 3
868 3
869 2
870 2
871 3
872 2
873 2
874 1
875 2
876 1
877 3
878 2
879 2
880 1
881 0
882 0
883 1
884 2
885 2
886 2
887 1
888 1
889 1
890 0
891 0
892 0
893 2
894 1
895 3
896 1
897 0
898 1
899 1
900 1
901 1
902 1
903 1
904 2
905 1
906 1
907 1
908 0
909 1
910 0
911 1
912 3
913 2
914 3
915 3
916 2
917 2
918 2
919 1
920 1
921 1
922 1
923 0
924 1
925 1
926 1
927 1
928 0
929 1
930 1
931 1
932 0
933 0
934 0
935 1
936 1
937 1
938 1
939 1
940 1
941 1
942 1
943 1
944 1
945 1
946 1
947 1
948 1
949 0
950 1
951 0
952 1
953 1
954 2
955 1
956 1
957 0
958 0
959 2
960 0
961 0
962 1
963 1
964 1
965 0
966 1
967 1
968 2
969 1
970 1
971 1
972 2
973 2
974 1
975 1
976 1
977 2
978 1
979 1
980 1
981 1
982 1
983 2
984 1
985 1
986 1
987 1
988 2
989 0
990 0
991 0
992 0
993 2
994 0
995 1
996 1
997 1
998 1
999 0
1000 2
1001 0
1002 0
1003 0
1004 0
1005 1
1006 1
1007 1
1008 2
1009 2
1010 1
1011 0
1012 0
1013 1
1014 1
1015 1
1016 2
1017 1
1018 1
1019 1
1020 1
1021 0
1022 1
1023 0
1024 0
1025 1
1026 3
1027 0
1028 1
1029 1
1030 1
1031 2
1032 1
1033 2
1034 1
1035 2
1036 1
1037 1
1038 0
1039 2
1040 1
1041 1
1042 0
1043 1
1044 1
1045 1
1046 1
1047 0
1048 0
1049 1
1050 1
1051 0
1052 0
1053 1
1054 1
1055 1
1056 1
1057 1
1058 0
1059 1
1060 0
1061 1
1062 0
1063 2
1064 2
1065 0
1066 1
1067 2
1068 1
1069 1
1070 1
1071 0
1072 2
1073 2
1074 1
1075 1
1076 1
1077 1
1078 0
1079 1
1080 0
1081 1
1082 0
1083 0
1084 2
1085 0
1086 1
1087 0
1088 0
1089 0
1090 1
1091 1
1092 0
1093 0
1094 0
1095 1
1096 1
1097 1
1098 0
1099 1
1100 1
1101 0
1102 1
1103 1
1104 1
1105 1
1106 1
1107 1
1108 1
1109 1
1110 1
1111 1
1112 1
1113 2
1114 1
1115 1
1116 1
1117 1
1118 1
1119 1
1120 1
1121 1
1122 1
1123 1
1124 1
1125 1
1126 0
1127 1
1128 2
1129 1
1130 1
1131 1
1132 3
1133 0
1134 1
1135 1
1136 1
1137 1
1138 0
1139 1
1140 2
1141 1
1142 1
1143 0
1144 1
1145 1
1146 1
1147 1
1148 1
1149 0
1150 1
1151 1
1152 1
1153 1
1154 1
1155 1
1156 1
1157 2
1158 1
1159 1
1160 1
1161 1
1162 1
1163 1
1164 1
1165 1
1166 1
1167 1
1168 1
1169 1
1170 1
1171 1
1172 1
1173 2
1174 0
1175 2
1176 2
1177 2
1178 2
1179 2
1180 2
1181 2
1182 0
1183 2
1184 1
1185 1
1186 3
1187 1
1188 1
1189 1
1190 1
1191 3
1192 0
1193 0
1194 1
1195 1
1196 0
1197 1
1198 1
1199 1
1200 1
1201 1
1202 1
1203 1
1204 0
1205 0
1206 1
1207 2
1208 1
1209 0
1210 0
1211 1
1212 0
1213 3
1214 2
1215 1
1216 1
1217 1
1218 1
1219 1
1220 1
1221 1
1222 1
1223 0
1224 1
1225 1
1226 0
1227 0
1228 0
1229 0
1230 0
1231 0
1232 0
1233 0
1234 0
1235 0
1236 1
1237 1
1238 2
1239 1
1240 1
1241 1
1242 1
1243 2
1244 0
1245 1
1246 1
1247 1
1248 1
1249 1
1250 0
1251 0
1252 1
1253 1
1254 0
1255 0
1256 2
1257 1
1258 1
1259 1
1260 2
1261 2
1262 0
1263 1
1264 1
1265 2
1266 1
1267 0
1268 0
1269 0
1270 0
1271 0
1272 0
1273 1
1274 0
1275 2
1276 0
1277 0
1278 0
1279 1
1280 1
1281 1
1282 1
1283 1
1284 0
1285 1
1286 1
1287 1
1288 1
1289 1
1290 1
1291 1
1292 0
1293 1
1294 1
1295 1
1296 2
1297 2
1298 0
1299 1
1300 1
1301 1
1302 1
1303 1
1304 0
1305 1
1306 1
1307 2
1308 0
1309 1
1310 1
1311 2
1312 1
1313 1
1314 1
1315 2
1316 1
1317 1
1318 1
1319 0
1320 1
1321 0
1322 2
1323 1
1324 1
1325 1
1326 1
1327 1
1328 1
1329 1
1330 1
1331 1
1332 1
1333 1
1334 2
1335 2
1336 1
1337 0
1338 1
1339 1
1340 1
1341 1
1342 2
1343 1
1344 3
1345 2
1346 2
1347 2
1348 1
1349 2
1350 1
1351 0
1352 1
1353 1
1354 0
1355 0
1356 1
1357 0
1358 0
1359 0
1360 0
1361 0
1362 1
1363 0
1364 0
1365 0
1366 0
1367 0
1368 0
1369 0
1370 0
1371 0
1372 0
1373 0
1374 0
1375 0
1376 0
1377 1
1378 0
1379 2
1380 2
1381 1
1382 2
1383 0
1384 1
1385 1
1386 1
1387 2
1388 1
1389 0
1390 0
1391 1
1392 0
1393 0
1394 1
1395 1
1396 1
1397 1
1398 1
1399 0
1400 1
1401 1
1402 1
1403 1
1404 1
1405 1
1406 1
1407 1
1408 1
1409 2
1410 0
1411 1
1412 0
1413 1
1414 1
1415 1
1416 1
1417 0
1418 0
1419 0
1420 0
1421 0
1422 1
1423 1
1424 0
1425 0
1426 0
1427 0
1428 1
1429 0
1430 0
1431 0
1432 0
1433 0
1434 0
1435 0
1436 0
1437 0
1438 0
1439 0
1440 2
1441 1
1442 0
1443 2
1444 3
1445 1
1446 3
1447 1
1448 0
1449 1
1450 0
1451 2
1452 3
1453 1
1454 0
1455 1
1456 0
1457 0
1458 1
1459 2
1460 1
1461 2
1462 1
1463 1
1464 3
1465 1
1466 2
1467 1
1468 2
1469 2
1470 1
1471 1
1472 1
1473 0
1474 1
1475 1
1476 1
1477 1
1478 1
1479 0
1480 2
1481 1
1482 1
1483 1
1484 2
1485 0
1486 1
1487 1
1488 1
1489 1
1490 1
1491 1
1492 0
1493 1
1494 1
1495 2
1496 1
1497 0
1498 0
1499 2
1500 1
1501 1
1502 1
1503 1
1504 0
1505 0
1506 1
1507 1
1508 2
1509 1
1510 1
1511 0
1512 0
1513 0
1514 0
1515 0
1516 0
1517 0
1518 0
1519 1
1520 0
1521 1
1522 2
1523 1
1524 0
1525 1
1526 1
1527 0
1528 0
1529 0
1530 2
1531 2
1532 3
1533 2
1534 1
1535 2
1536 1
1537 1
1538 1
1539 2
1540 2
1541 1
1542 2
1543 2
1544 1
1545 1
1546 1
1547 1
1548 1
1549 1
1550 1
1551 0
1552 1
1553 0
1554 1
1555 1
1556 1
1557 2
1558 1
1559 1
1560 2
1561 0
1562 1
1563 0
1564 1
1565 2
1566 1
1567 0
1568 1
1569 2
1570 3
1571 2
1572 3
1573 2
1574 1
1575 3
1576 1
1577 2
1578 2
1579 2
1580 1
1581 2
1582 1
1583 2
1584 1
1585 0
1586 1
1587 2
1588 1
1589 1
1590 0
1591 1
1592 1
1593 1
1594 2
1595 1
1596 0
1597 1
1598 1
1599 0
1600 1
1601 1
1602 1
1603 0
1604 1
1605 2
1606 2
1607 0
1608 2
1609 1
1610 1
1611 1
1612 2
1613 1
1614 1
1615 1
1616 1
1617 0
1618 1
1619 1
1620 1
1621 2
1622 4
1623 3
1624 0
1625 1
1626 2
1627 1
1628 2
1629 2
1630 1
1631 2
1632 3
1633 2
1634 1
1635 0
1636 4
1637 0
1638 1
1639 3
1640 1
1641 2
1642 1
1643 1
1644 1
1645 1
1646 1
1647 0
1648 1
1649 1
1650 1
1651 1
1652 0
1653 1
1654 1
1655 1
1656 1
1657 2
1658 2
1659 1
1660 0
1661 0
1662 2
1663 2
1664 2
1665 3
1666 3
1667 1
1668 1
1669 2
1670 1
1671 1
1672 1
1673 0
1674 1
1675 1
1676 0
1677 1
1678 1
1679 0
1680 1
1681 2
1682 1
1683 1
1684 1
1685 2
1686 3
1687 1
1688 2
1689 1
1690 1
1691 1
1692 1
1693 3
1694 1
1695 2
1696 2
1697 1
1698 2
1699 1
1700 1
1701 0
1702 0
1703 2
1704 0
1705 1
1706 0
1707 1
1708 1
1709 1
1710 0
1711 1
1712 3
1713 0
1714 1
1715 1
1716 1
1717 2
1718 0
1719 4
1720 0
1721 1
1722 1
1723 0
1724 3
1725 0
1726 1
1727 1
1728 2
1729 1
1730 0
1731 1
1732 1
1733 1
1734 1
1735 0
1736 1
1737 2
1738 1
1739 1
1740 2
1741 2
1742 3
1743 1
1744 1
1745 0
1746 1
1747 2
1748 1
1749 0
1750 1
1751 1
1752 1
1753 1
1754 3
1755 1
1756 1
1757 0
1758 1
1759 0
1760 1
1761 1
1762 2
1763 1
1764 1
1765 1
1766 2
1767 1
1768 0
1769 2
1770 0
1771 1
1772 1
1773 1
1774 2
1775 1
1776 1
1777 1
1778 1
1779 0
1780 0
1781 1
1782 0
1783 0
1784 0
1785 1
1786 1
1787 1
1788 2
1789 4
1790 1
1791 1
1792 2
1793 3
1794 1
1795 2
1796 1
1797 1
1798 1
1799 1
1800 2
1801 1
1802 2
1803 2
1804 1
1805 1
1806 3
1807 2
1808 4
1809 2
1810 3
1811 2
1812 2
1813 0
1814 3
1815 2
1816 0
1817 1
1818 2
1819 0
1820 1
1821 1
1822 2
1823 2
1824 2
1825 3
1826 2
1827 1
1828 3
1829 2
1830 3
1831 1
1832 1
1833 1
1834 1
1835 1
1836 1
1837 1
1838 2
1839 1
1840 2
1841 2
1842 1
1843 0
1844 2
1845 1
1846 2
1847 1
1848 1
1849 1
1850 1
1851 1
1852 1
1853 1
1854 1
1855 1
1856 1
1857 1
1858 1
1859 1
1860 1
1861 0
1862 0
1863 0
1864 2
1865 2
1866 2
1867 0
1868 0
1869 0
1870 0
1871 0
1872 2
1873 0
1874 2
1875 1
1876 1
1877 0
1878 1
1879 1
1880 1
1881 1
1882 1
1883 2
1884 0
1885 0
1886 1
1887 0
1888 0
1889 1
1890 0
1891 2
1892 1
1893 1
1894 0
1895 2
1896 2
1897 1
1898 3
1899 1
1900 1
1901 1
1902 1
1903 2
1904 1
1905 2
1906 1
1907 1
1908 1
1909 1
1910 1
1911 0
1912 1
1913 2
1914 0
1915 1
1916 1
1917 2
1918 2
1919 2
1920 1
1921 1
1922 1
1923 1
1924 1
1925 2
1926 0
1927 1
1928 3
1929 2
1930 1
1931 2
1932 2
1933 2
1934 3
1935 2
1936 1
1937 2
1938 2
1939 0
1940 2
1941 1
1942 1
1943 1
1944 1
1945 1
1946 1
1947 1
1948 2
1949 1
1950 1
1951 1
1952 0
1953 0
1954 2
1955 2
1956 2
1957 2
1958 1
1959 0
1960 0
1961 0
1962 1
1963 1
1964 1
1965 0
1966 3
1967 0
1968 1
1969 0
1970 1
1971 0
1972 1
1973 1
1974 0
1975 0
1976 0
1977 0
1978 1
1979 0
1980 0
1981 0
1982 0
1983 0
1984 0
1985 0
1986 0
1987 0
1988 0
1989 0
1990 0
1991 0
1992 0
1993 0
1994 0
1995 0
1996 0
1997 0
1998 0
1999 2
