0 0
1 0
2 0
3 0
4 0
5 0
6 0
7 0
8 0
9 0
10 0
11 0
12 0
13 0
14 0
15 0
16 0
17 0
18 0
19 0
20 0
21 0
22 0
23 0
24 0
25 0
26 0
27 0
28 0
29 0
30 0
31 0
32 0
33 0
34 0
35 0
36 0
37 0
38 0
39 0
40 0
41 0
42 0
43 0
44 0
45 0
46 0
47 0
48 0
49 0
50 0
51 0
52 0
53 0
54 0
55 0
56 0
57 0
58 0
59 0
60 0
61 0
62 0
63 0
64 0
65 0
66 0
67 0
68 0
69 0
70 0
71 0
72 0
73 0
74 0
75 0
76 0
77 0
78 0
79 0
80 0
81 0
82 0
83 0
84 0
85 0
86 0
87 0
88 0
89 0
90 0
91 0
92 0
93 0
94 0
95 0
96 0
97 0
98 0
99 0
100 0
101 0
102 0
103 0
104 0
105 0
106 0
107 0
108 0
109 0
110 0
111 0
112 0
113 0
114 0
115 0
116 0
117 0
118 0
119 0
120 0
121 0
122 0
123 0
124 0
125 0
126 0
127 0
128 0
129 0
130 0
131 0
132 0
133 0
134 0
135 0
136 0
137 0
138 0
139 0
140 0
141 0
142 0
143 0
144 0
145 0
146 0
147 0
148 0
149 0
150 0
151 0
152 0
153 0
154 0
155 0
156 0
157 0
158 0
159 0
160 0
161 0
162 0
163 0
164 0
165 0
166 0
167 0
168 0
169 0
170 0
171 0
172 0
173 0
174 0
175 0
176 0
177 0
178 0
179 0
180 0
181 0
182 0
183 0
184 0
185 0
186 0
187 0
188 0
189 0
190 0
191 0
192 0
193 0
194 0
195 0
196 0
197 0
198 0
199 0
200 0
201 0
202 0
203 0
204 0
205 0
206 0
207 0
208 0
209 0
210 0
211 0
212 0
213 0
214 0
215 0
216 0
217 1
218 2
219 1
220 1
221 1
222 1
223 0
224 0
225 0
226 0
227 0
228 0
229 0
230 0
231 0
232 0
233 0
234 0
235 0
236 0
237 0
238 0
239 0
240 0
241 0
242 0
243 0
244 0
245 0
246 2
247 0
248 0
249 0
250 0
251 0
252 0
253 0
254 0
255 1
256 1
257 0
258 0
259 1
260 0
261 0
262 0
263 0
264 1
265 1
266 1
267 3
268 1
269 1
270 0
271 1
272 1
273 0
274 1
275 1
276 1
277 0
278 1
279 0
280 0
281 0
282 1
283 0
284 1
285 1
286 0
287 0
288 0
289 1
290 0
291 1
292 1
293 1
294 1
295 1
296 1
297 2
298 1
299 0
300 1
301 2
302 1
303 2
304 1
305 1
306 1
307 1
308 2
309 1
310 2
311 0
312 0
313 1
314 1
315 0
316 1
317 2
318 1
319 3
320 2
321 3
322 1
323 3
324 2
325 1
326 1
327 1
328 0
329 1
330 1
331 1
332 1
333 1
334 1
335 1
336 2
337 2
338 1
339 2
340 2
341 2
342 2
343 1
344 0
345 2
346 1
347 1
348 1
349 0
350 0
351 1
352 0
353 0
354 2
355 0
356 3
357 1
358 1
359 0
360 2
361 1
362 1
363 1
364 2
365 0
366 1
367 1
368 4
369 0
370 1
371 2
372 0
373 2
374 1
375 2
376 2
377 0
378 4
379 1
380 0
381 1
382 1
383 0
384 0
385 1
386 1
387 1
388 0
389 0
390 0
391 0
392 0
393 0
394 0
395 0
396 0
397 0
398 0
399 0
400 1
401 2
402 0
403 1
404 2
405 1
406 1
407 3
408 1
409 1
410 3
411 2
412 1
413 1
414 2
415 2
416 2
417 1
418 2
419 1
420 1
421 1
422 1
423 0
424 0
425 1
426 1
427 1
428 1
429 0
430 2
431 3
432 1
433 1
434 3
435 2
436 2
437 2
438 3
439 2
440 2
441 2
442 3
443 3
444 2
445 3
446 4
447 4
448 1
449 3
450 1
451 2
452 4
453 2
454 0
455 3
456 2
457 2
458 2
459 3
460 3
461 2
462 0
463 1
464 2
465 3
466 2
467 2
468 2
469 2
470 2
471 3
472 2
473 2
474 3
475 3
476 1
477 2
478 2
479 2
480 2
481 2
482 3
483 1
484 1
485 3
486 2
487 2
488 2
489 3
490 2
491 3
492 3
493 2
494 2
495 2
496 2
497 3
498 3
499 2
500 1
501 3
502 2
503 2
504 0
505 1
506 0
507 4
508 1
509 4
510 2
511 1
512 4
513 2
514 3
515 3
516 2
517 1
518 1
519 2
520 3
521 1
522 2
523 1
524 1
525 2
526 0
527 0
528 0
529 2
530 1
531 0
532 1
533 2
534 2
535 2
536 1
537 2
538 0
539 2
540 0
541 0
542 1
543 1
544 1
545 0
546 1
547 1
548 1
549 1
550 2
551 0
552 1
553 1
554 1
555 1
556 0
557 1
558 2
559 2
560 0
561 0
562 0
563 0
564 0
565 2
566 1
567 2
568 0
569 2
570 2
571 1
572 0
573 0
574 0
575 0
576 0
577 0
578 0
579 0
580 0
581 0
582 0
583 0
584 0
585 0
586 0
587 0
588 0
589 0
590 0
591 0
592 0
593 0
594 0
595 0
596 0
597 0
598 0
599 0
600 0
601 0
602 0
603 0
604 1
605 1
606 1
607 1
608 1
609 1
610 0
611 1
612 1
613 1
614 0
615 1
616 2
617 0
618 1
619 1
620 1
621 1
622 1
623 1
624 1
625 2
626 1
627 1
628 2
629 2
630 3
631 2
632 1
633 0
634 1
635 4
636 1
637 0
638 0
639 0
640 0
641 0
642 0
643 0
644 0
645 0
646 0
647 0
648 1
649 1
650 0
651 1
652 1
653 1
654 1
655 0
656 1
657 3
658 2
659 1
660 1
661 1
662 1
663 0
664 0
665 0
666 2
667 3
668 3
669 1
670 1
671 3
672 2
673 0
674 1
675 0
676 0
677 2
678 0
679 1
680 0
681 0
682 2
683 1
684 0
685 0
686 0
687 0
688 0
689 1
690 2
691 0
692 1
693 1
694 1
695 0
696 1
697 1
698 1
699 1
700 1
701 1
702 1
703 0
704 1
705 2
706 1
707 1
708 2
709 1
710 2
711 0
712 2
713 3
714 2
715 1
716 2
717 0
718 2
719 2
720 1
721 1
722 1
723 2
724 2
725 2
726 1
727 1
728 0
729 0
730 2
731 3
732 1
733 1
734 1
735 2
736 1
737 1
738 1
739 1
740 1
741 1
742 0
743 1
744 0
745 1
746 1
747 0
748 2
749 1
750 2
751 2
752 1
753 3
754 2
755 0
756 1
757 1
758 1
759 1
760 2
761 2
762 0
763 2
764 1
765 1
766 0
767 1
768 1
769 0
770 0
771 1
772 1
773 1
774 1
775 1
776 1
777 1
778 1
779 0
780 0
781 0
782 1
783 1
784 1
785 1
786 1
787 0
788 1
789 0
790 1
791 1
792 1
793 2
794 1
795 1
796 1
797 1
798 1
799 0
800 2
801 1
802 1
803 1
804 1
805 0
806 2
807 3
808 1
809 1
810 2
811 1
812 2
813 3
814 1
815 2
816 1
817 2
818 4
819 0
820 0
821 0
822 1
823 2
824 1
825 1
826 0
827 2
828 1
829 1
830 1
831 2
832 2
833 3
834 2
835 3
836 2
837 2
838 2
839 2
840 2
841 1
842 1
843 1
844 2
845 1
846 4
847 2
848 1
849 1
850 1
851 1
852 1
853 0
854 2
855 1
856 1
857 3
858 1
859 1
860 1
861 1
862 1
863 0
864 1
865 2
866 2
867 1
868 2
869 1
870 0
871 2
872 2
873 2
874 1
875 2
876 2
877 2
878 2
879 1
880 0
881 0
882 0
883 1
884 0
885 2
886 2
887 2
888 1
889 1
890 1
891 1
892 2
893 3
894 3
895 0
896 1
897 1
898 2
899 1
900 2
901 0
902 1
903 2
904 1
905 2
906 1
907 1
908 1
909 1
910 0
911 1
912 0
913 1
914 0
915 0
916 1
917 1
918 0
919 0
920 1
921 1
922 0
923 0
924 0
925 3
926 1
927 1
928 1
929 2
930 1
931 2
932 1
933 0
934 1
935 1
936 0
937 1
938 0
939 0
940 0
941 2
942 1
943 1
944 0
945 0
946 2
947 1
948 1
949 1
950 1
951 1
952 2
953 0
954 1
955 1
956 1
957 1
958 0
959 0
960 1
961 1
962 2
963 0
964 1
965 0
966 1
967 1
968 0
969 1
970 1
971 1
972 1
973 1
974 1
975 1
976 0
977 1
978 1
979 2
980 2
981 1
982 1
983 1
984 1
985 1
986 0
987 0
988 1
989 0
990 0
991 1
992 1
993 1
994 1
995 2
996 1
997 1
998 2
999 1
1000 1
1001 1
1002 1
1003 0
1004 1
1005 1
1006 2
1007 0
1008 1
1009 1
1010 1
1011 0
1012 1
1013 1
1014 0
1015 0
1016 0
1017 0
1018 0
1019 0
1020 2
1021 0
1022 0
1023 1
1024 1
1025 1
1026 1
1027 0
1028 0
1029 1
1030 1
1031 1
1032 1
1033 0
1034 1
1035 2
1036 0
1037 1
1038 1
1039 0
1040 0
1041 0
1042 1
1043 0
1044 0
1045 2
1046 2
1047 1
1048 1
1049 1
1050 1
1051 2
1052 2
1053 2
1054 1
1055 0
1056 0
1057 2
1058 1
1059 0
1060 2
1061 0
1062 1
1063 0
1064 0
1065 2
1066 0
1067 1
1068 1
1069 1
1070 1
1071 1
1072 1
1073 0
1074 1
1075 0
1076 1
1077 0
1078 1
1079 0
1080 1
1081 1
1082 2
1083 1
1084 1
1085 2
1086 1
1087 0
1088 1
1089 0
1090 2
1091 1
1092 1
1093 0
1094 1
1095 0
1096 0
1097 1
1098 1
1099 1
1100 0
1101 1
1102 1
1103 1
1104 1
1105 1
1106 1
1107 1
1108 1
1109 1
1110 1
1111 0
1112 1
1113 1
1114 1
1115 1
1116 1
1117 0
1118 1
1119 0
1120 1
1121 0
1122 1
1123 1
1124 0
1125 1
1126 1
1127 3
1128 0
1129 1
1130 1
1131 0
1132 0
1133 3
1134 1
1135 2
1136 0
1137 0
1138 1
1139 1
1140 0
1141 1
1142 1
1143 3
1144 1
1145 1
1146 0
1147 1
1148 0
1149 1
1150 1
1151 1
1152 3
1153 0
1154 0
1155 1
1156 1
1157 1
1158 0
1159 1
1160 2
1161 1
1162 1
1163 1
1164 2
1165 1
1166 1
1167 0
1168 1
1169 0
1170 1
1171 1
1172 0
1173 2
1174 1
1175 1
1176 1
1177 1
1178 0
1179 1
1180 0
1181 1
1182 1
1183 0
1184 0
1185 0
1186 0
1187 0
1188 1
1189 0
1190 1
1191 1
1192 0
1193 0
1194 0
1195 1
1196 0
1197 0
1198 1
1199 0
1200 0
1201 1
1202 1
1203 0
1204 1
1205 1
1206 1
1207 1
1208 0
1209 1
1210 0
1211 0
1212 0
1213 2
1214 2
1215 1
1216 2
1217 0
1218 0
1219 0
1220 1
1221 1
1222 2
1223 0
1224 0
1225 1
1226 1
1227 1
1228 1
1229 1
1230 1
1231 1
1232 1
1233 1
1234 2
1235 0
1236 1
1237 1
1238 2
1239 1
1240 0
1241 2
1242 1
1243 1
1244 2
1245 1
1246 1
1247 1
1248 2
1249 0
1250 1
1251 2
1252 0
1253 1
1254 1
1255 1
1256 0
1257 0
1258 1
1259 2
1260 4
1261 2
1262 1
1263 3
1264 2
1265 1
1266 0
1267 1
1268 1
1269 1
1270 2
1271 1
1272 2
1273 2
1274 2
1275 2
1276 3
1277 2
1278 4
1279 1
1280 0
1281 2
1282 0
1283 1
1284 0
1285 1
1286 0
1287 2
1288 2
1289 1
1290 1
1291 0
1292 1
1293 1
1294 2
1295 2
1296 2
1297 2
1298 1
1299 0
1300 1
1301 3
1302 3
1303 0
1304 2
1305 1
1306 0
1307 1
1308 1
1309 0
1310 1
1311 0
1312 0
1313 3
1314 1
1315 1
1316 3
1317 0
1318 0
1319 0
1320 1
1321 3
1322 1
1323 2
1324 1
1325 1
1326 1
1327 1
1328 0
1329 1
1330 1
1331 1
1332 1
1333 2
1334 1
1335 1
1336 0
1337 0
1338 0
1339 1
1340 0
1341 0
1342 1
1343 3
1344 1
1345 1
1346 1
1347 2
1348 0
1349 0
1350 0
1351 0
1352 1
1353 0
1354 2
1355 1
1356 1
1357 0
1358 1
1359 1
1360 1
1361 1
1362 0
1363 1
1364 1
1365 1
1366 0
1367 1
1368 1
1369 1
1370 0
1371 1
1372 1
1373 2
1374 1
1375 0
1376 2
1377 2
1378 0
1379 1
1380 1
1381 1
1382 1
1383 0
1384 1
1385 1
1386 2
1387 0
1388 0
1389 0
1390 1
1391 0
1392 1
1393 0
1394 2
1395 1
1396 1
1397 0
1398 1
1399 0
1400 1
1401 2
1402 2
1403 1
1404 0
1405 2
1406 1
1407 0
1408 0
1409 0
1410 1
1411 0
1412 1
1413 1
1414 1
1415 1
1416 0
1417 0
1418 0
1419 1
1420 0
1421 0
1422 1
1423 1
1424 1
1425 1
1426 1
1427 2
1428 1
1429 0
1430 0
1431 2
1432 1
1433 0
1434 1
1435 1
1436 0
1437 1
1438 0
1439 0
1440 0
1441 0
1442 0
1443 0
1444 0
1445 0
1446 0
1447 1
1448 1
1449 0
1450 0
1451 0
1452 0
1453 0
1454 0
1455 2
1456 1
1457 0
1458 0
1459 0
1460 0
1461 0
1462 0
1463 1
1464 0
1465 0
1466 0
1467 0
1468 0
1469 1
1470 0
1471 1
1472 1
1473 0
1474 2
1475 1
1476 0
1477 1
1478 1
1479 1
1480 1
1481 2
1482 1
1483 0
1484 0
1485 1
1486 1
1487 1
1488 1
1489 3
1490 0
1491 0
1492 0
1493 1
1494 1
1495 1
1496 4
1497 0
1498 2
1499 1
1500 1
1501 0
1502 2
1503 3
1504 0
1505 2
1506 3
1507 2
1508 1
1509 2
1510 2
1511 3
1512 2
1513 3
1514 2
1515 1
1516 2
1517 0
1518 1
1519 1
1520 3
1521 1
1522 1
1523 1
1524 0
1525 1
1526 0
1527 0
1528 0
1529 2
1530 0
1531 0
1532 1
1533 1
1534 0
1535 2
1536 1
1537 0
1538 0
1539 2
1540 1
1541 0
1542 4
1543 4
1544 2
1545 2
1546 1
1547 2
1548 4
1549 4
1550 3
1551 1
1552 1
1553 1
1554 1
1555 1
1556 0
1557 3
1558 2
1559 2
1560 0
1561 4
1562 0
1563 1
1564 0
1565 1
1566 1
1567 1
1568 0
1569 1
1570 1
1571 1
1572 1
1573 2
1574 1
1575 1
1576 1
1577 1
1578 1
1579 0
1580 1
1581 1
1582 2
1583 1
1584 2
1585 1
1586 0
1587 1
1588 0
1589 0
1590 1
1591 1
1592 0
1593 1
1594 2
1595 0
1596 1
1597 0
1598 0
1599 0
1600 1
1601 0
1602 0
1603 1
1604 1
1605 1
1606 1
1607 1
1608 0
1609 0
1610 0
1611 1
1612 1
1613 1
1614 1
1615 0
1616 0
1617 0
1618 1
1619 4
1620 2
1621 0
1622 1
1623 4
1624 2
1625 3
1626 0
1627 0
1628 0
1629 2
1630 0
1631 1
1632 0
1633 0
1634 0
1635 4
1636 0
1637 2
1638 1
1639 3
1640 1
1641 1
1642 0
1643 0
1644 2
1645 1
1646 0
1647 1
1648 1
1649 0
1650 2
1651 1
1652 1
1653 0
1654 1
1655 0
1656 1
1657 2
1658 2
1659 1
1660 0
1661 0
1662 1
1663 1
1664 2
1665 0
1666 1
1667 0
1668 2
1669 1
1670 1
1671 1
1672 2
1673 1
1674 0
1675 1
1676 1
1677 1
1678 1
1679 1
1680 2
1681 1
1682 1
1683 2
1684 1
1685 1
1686 1
1687 1
1688 0
1689 0
1690 1
1691 1
1692 0
1693 1
1694 1
1695 0
1696 1
1697 1
1698 1
1699 1
1700 0
1701 1
1702 0
1703 0
1704 0
1705 0
1706 0
1707 0
1708 1
1709 1
1710 1
1711 1
1712 0
1713 1
1714 1
1715 0
1716 0
1717 1
1718 2
1719 2
1720 1
1721 0
1722 0
1723 0
1724 0
1725 1
1726 0
1727 0
1728 0
1729 1
1730 1
1731 1
1732 1
1733 0
1734 1
1735 0
1736 0
1737 0
1738 1
1739 1
1740 1
1741 1
1742 1
1743 1
1744 0
1745 1
1746 1
1747 2
1748 0
1749 1
1750 1
1751 0
1752 0
1753 1
1754 0
1755 1
1756 1
1757 0
1758 1
1759 1
1760 1
1761 1
1762 1
1763 0
1764 0
1765 1
1766 0
1767 2
1768 0
1769 0
1770 1
1771 0
1772 0
1773 0
1774 0
1775 0
1776 0
1777 1
1778 0
1779 1
1780 0
1781 1
1782 1
1783 2
1784 1
1785 1
1786 1
1787 1
1788 2
1789 1
1790 1
1791 1
1792 1
1793 1
1794 1
1795 2
1796 1
1797 0
1798 0
1799 1
1800 1
1801 1
1802 0
1803 0
1804 0
1805 1
1806 1
1807 1
1808 0
1809 2
1810 0
1811 1
1812 0
1813 0
1814 0
1815 2
1816 0
1817 0
1818 1
1819 1
1820 1
1821 2
1822 1
1823 0
1824 1
1825 1
1826 0
1827 0
1828 0
1829 1
1830 1
1831 1
1832 1
1833 1
1834 0
1835 1
1836 2
1837 1
1838 0
1839 2
1840 0
1841 0
1842 1
1843 1
1844 1
1845 0
1846 0
1847 0
1848 0
1849 0
1850 0
1851 0
1852 0
1853 0
1854 0
1855 0
1856 0
1857 0
1858 0
1859 0
1860 0
1861 0
1862 0
1863 0
1864 0
1865 0
1866 0
1867 0
1868 0
1869 0
1870 0
1871 0
1872 2
1873 1
1874 0
1875 1
1876 2
1877 0
1878 2
1879 0
1880 0
1881 0
1882 0
1883 0
1884 0
1885 0
1886 0
1887 0
1888 0
1889 0
1890 0
1891 0
1892 0
1893 0
1894 0
1895 0
1896 0
1897 0
1898 0
1899 0
1900 0
1901 1
1902 0
1903 0
1904 0
1905 0
1906 0
1907 0
1908 0
1909 0
1910 1
1911 1
1912 1
1913 1
1914 3
1915 0
1916 0
1917 1
1918 1
1919 1
1920 1
1921 2
1922 2
1923 2
1924 2
1925 2
1926 2
1927 3
1928 1
1929 2
1930 1
1931 2
1932 1
1933 0
1934 1
1935 0
1936 0
1937 0
1938 1
1939 1
1940 0
1941 0
1942 1
1943 1
1944 1
1945 1
1946 0
1947 1
1948 0
1949 1
1950 0
1951 0
1952 0
1953 0
1954 1
1955 0
1956 0
1957 1
1958 1
1959 0
1960 1
1961 1
1962 0
1963 0
1964 0
1965 0
1966 2
1967 0
1968 0
1969 3
1970 1
1971 0
1972 1
1973 0
1974 1
1975 0
1976 0
1977 1
1978 1
1979 0
1980 0
1981 1
1982 0
1983 0
1984 1
1985 1
1986 0
1987 0
1988 0
1989 0
1990 0
1991 0
1992 0
1993 1
1994 0
1995 0
1996 0
1997 0
1998 0
1999 1
