0 0
1 0
2 0
3 0
4 0
5 0
6 0
7 0
8 0
9 0
10 0
11 0
12 0
13 0
14 0
15 0
16 0
17 0
18 0
19 0
20 0
21 0
22 0
23 0
24 0
25 0
26 0
27 0
28 0
29 0
30 0
31 0
32 0
33 0
34 0
35 0
36 0
37 0
38 0
39 0
40 0
41 0
42 0
43 0
44 0
45 0
46 0
47 0
48 0
49 0
50 0
51 0
52 0
53 0
54 0
55 0
56 0
57 0
58 0
59 0
60 0
61 0
62 0
63 0
64 0
65 0
66 0
67 0
68 0
69 0
70 0
71 0
72 0
73 0
74 0
75 0
76 0
77 0
78 0
79 0
80 0
81 0
82 0
83 0
84 0
85 0
86 0
87 0
88 0
89 0
90 0
91 0
92 0
93 0
94 0
95 0
96 0
97 0
98 0
99 0
100 0
101 0
102 0
103 0
104 0
105 0
106 0
107 0
108 0
109 0
110 0
111 0
112 0
113 0
114 0
115 0
116 0
117 0
118 0
119 0
120 0
121 0
122 0
123 0
124 0
125 0
126 0
127 0
128 0
129 0
130 0
131 0
132 0
133 0
134 0
135 0
136 0
137 0
138 0
139 0
140 0
141 0
142 0
143 0
144 0
145 0
146 0
147 0
148 0
149 0
150 0
151 0
152 0
153 0
154 0
155 0
156 0
157 0
158 0
159 1
160 0
161 0
162 0
163 0
164 0
165 0
166 0
167 0
168 0
169 0
170 0
171 0
172 0
173 0
174 0
175 0
176 0
177 0
178 0
179 0
180 0
181 0
182 0
183 0
184 0
185 0
186 0
187 0
188 0
189 0
190 0
191 0
192 0
193 0
194 0
195 0
196 0
197 0
198 0
199 0
200 0
201 0
202 0
203 0
204 0
205 0
206 0
207 0
208 0
209 0
210 0
211 0
212 0
213 0
214 0
215 0
216 0
217 0
218 0
219 0
220 0
221 0
222 0
223 0
224 0
225 0
226 0
227 0
228 0
229 0
230 0
231 0
232 0
233 0
234 0
235 0
236 0
237 0
238 0
239 0
240 0
241 0
242 0
243 0
244 0
245 0
246 0
247 0
248 0
249 0
250 0
251 0
252 0
253 0
254 0
255 0
256 0
257 0
258 0
259 0
260 0
261 0
262 0
263 0
264 0
265 0
266 0
267 0
268 0
269 0
270 0
271 0
272 0
273 0
274 0
275 0
276 0
277 0
278 0
279 0
280 0
281 0
282 0
283 0
284 0
285 0
286 0
287 0
288 0
289 0
290 0
291 0
292 0
293 0
294 0
295 0
296 0
297 0
298 0
299 0
300 0
301 0
302 0
303 0
304 0
305 0
306 0
307 0
308 0
309 0
310 0
311 0
312 0
313 0
314 0
315 0
316 0
317 0
318 0
319 0
320 0
321 0
322 0
323 0
324 0
325 0
326 0
327 0
328 0
329 0
330 0
331 0
332 0
333 0
334 0
335 0
336 0
337 0
338 0
339 0
340 0
341 0
342 0
343 0
344 0
345 0
346 0
347 0
348 0
349 0
350 0
351 0
352 0
353 0
354 0
355 0
356 0
357 0
358 0
359 0
360 0
361 0
362 0
363 0
364 0
365 0
366 0
367 0
368 0
369 0
370 0
371 0
372 0
373 0
374 0
375 0
376 0
377 0
378 0
379 0
380 0
381 0
382 0
383 0
384 0
385 0
386 0
387 0
388 0
389 0
390 0
391 0
392 0
393 0
394 0
395 0
396 0
397 0
398 0
399 0
400 0
401 0
402 0
403 0
404 0
405 0
406 0
407 0
408 0
409 0
410 0
411 0
412 0
413 0
414 0
415 0
416 0
417 0
418 0
419 0
420 0
421 0
422 0
423 0
424 0
425 0
426 0
427 0
428 0
429 0
430 0
431 0
432 0
433 0
434 0
435 0
436 0
437 0
438 0
439 0
440 0
441 0
442 0
443 0
444 0
445 0
446 0
447 0
448 0
449 0
450 0
451 0
452 0
453 0
454 0
455 0
456 0
457 0
458 0
459 0
460 0
461 0
462 0
463 0
464 0
465 0
466 0
467 0
468 0
469 0
470 0
471 0
472 0
473 0
474 0
475 0
476 0
477 0
478 0
479 0
480 0
481 0
482 0
483 0
484 0
485 0
486 0
487 0
488 0
489 0
490 0
491 0
492 0
493 0
494 0
495 0
496 0
497 0
498 0
499 0
500 0
501 0
502 0
503 0
504 0
505 0
506 0
507 0
508 0
509 0
510 0
511 0
512 0
513 0
514 0
515 0
516 0
517 0
518 0
519 0
520 0
521 0
522 0
523 0
524 0
525 0
526 0
527 0
528 0
529 0
530 0
531 0
532 0
533 0
534 0
535 0
536 0
537 0
538 0
539 0
540 0
541 0
542 0
543 0
544 0
545 0
546 0
547 0
548 0
549 0
550 0
551 0
552 0
553 0
554 0
555 0
556 0
557 0
558 0
559 0
560 0
561 0
562 0
563 0
564 0
565 0
566 0
567 0
568 0
569 0
570 0
571 0
572 0
573 0
574 0
575 0
576 0
577 0
578 0
579 0
580 0
581 0
582 0
583 0
584 0
585 0
586 0
587 0
588 0
589 0
590 0
591 0
592 0
593 0
594 0
595 0
596 0
597 0
598 0
599 0
600 0
601 0
602 0
603 0
604 0
605 0
606 0
607 0
608 0
609 0
610 0
611 0
612 0
613 0
614 0
615 0
616 0
617 0
618 0
619 0
620 0
621 0
622 0
623 0
624 0
625 0
626 0
627 0
628 0
629 0
630 0
631 0
632 0
633 0
634 0
635 0
636 0
637 0
638 0
639 0
640 0
641 0
642 0
643 0
644 0
645 0
646 0
647 0
648 0
649 0
650 0
651 0
652 0
653 0
654 0
655 0
656 0
657 0
658 0
659 0
660 0
661 0
662 0
663 0
664 0
665 0
666 0
667 0
668 0
669 0
670 0
671 0
672 0
673 0
674 0
675 0
676 0
677 0
678 0
679 0
680 0
681 0
682 0
683 0
684 0
685 0
686 0
687 0
688 0
689 0
690 0
691 0
692 0
693 0
694 0
695 0
696 0
697 0
698 0
699 0
700 0
701 0
702 0
703 0
704 0
705 0
706 0
707 0
708 0
709 0
710 0
711 0
712 0
713 0
714 0
715 0
716 0
717 0
718 0
719 0
720 0
721 0
722 0
723 0
724 0
725 0
726 0
727 0
728 0
729 0
730 0
731 0
732 0
733 0
734 0
735 0
736 0
737 0
738 0
739 0
740 0
741 0
742 0
743 0
744 0
745 0
746 0
747 0
748 0
749 0
750 0
751 0
752 0
753 0
754 0
755 0
756 0
757 0
758 0
759 0
760 0
761 0
762 0
763 0
764 0
765 0
766 0
767 0
768 0
769 0
770 0
771 0
772 0
773 0
774 0
775 0
776 0
777 0
778 0
779 0
780 0
781 0
782 0
783 0
784 0
785 0
786 0
787 0
788 0
789 0
790 0
791 0
792 0
793 0
794 0
795 0
796 0
797 0
798 0
799 0
800 0
801 0
802 0
803 0
804 0
805 0
806 0
807 0
808 0
809 0
810 0
811 0
812 0
813 0
814 0
815 0
816 0
817 0
818 0
819 0
820 0
821 0
822 0
823 0
824 0
825 0
826 0
827 0
828 0
829 1
830 0
831 0
832 1
833 1
834 1
835 1
836 1
837 1
838 1
839 0
840 0
841 1
842 0
843 1
844 2
845 1
846 2
847 1
848 2
849 3
850 1
851 2
852 1
853 1
854 1
855 2
856 2
857 1
858 2
859 2
860 2
861 0
862 2
863 1
864 2
865 1
866 2
867 1
868 2
869 0
870 1
871 2
872 1
873 1
874 2
875 3
876 2
877 2
878 2
879 1
880 2
881 1
882 1
883 2
884 2
885 2
886 0
887 2
888 2
889 2
890 2
891 2
892 1
893 1
894 2
895 0
896 3
897 1
898 2
899 3
900 2
901 2
902 2
903 1
904 1
905 2
906 2
907 2
908 2
909 2
910 2
911 2
912 2
913 1
914 2
915 2
916 0
917 2
918 2
919 1
920 2
921 1
922 2
923 2
924 1
925 2
926 2
927 2
928 2
929 1
930 2
931 2
932 1
933 2
934 1
935 1
936 2
937 2
938 2
939 2
940 2
941 2
942 2
943 2
944 1
945 1
946 1
947 2
948 2
949 2
950 2
951 2
952 1
953 2
954 2
955 2
956 1
957 2
958 1
959 3
960 2
961 2
962 2
963 2
964 2
965 2
966 1
967 2
968 2
969 1
970 2
971 3
972 1
973 2
974 2
975 3
976 2
977 2
978 2
979 1
980 3
981 2
982 1
983 2
984 2
985 2
986 2
987 1
988 1
989 3
990 2
991 2
992 4
993 2
994 2
995 3
996 2
997 1
998 1
999 2
1000 2
1001 2
1002 1
1003 1
1004 2
1005 2
1006 2
1007 1
1008 2
1009 2
1010 1
1011 2
1012 2
1013 2
1014 3
1015 2
1016 2
1017 2
1018 3
1019 2
1020 2
1021 2
1022 0
1023 1
1024 2
1025 2
1026 2
1027 1
1028 2
1029 2
1030 2
1031 2
1032 1
1033 2
1034 2
1035 2
1036 2
1037 2
1038 2
1039 2
1040 2
1041 4
1042 2
1043 2
1044 2
1045 2
1046 2
1047 2
1048 2
1049 2
1050 2
1051 2
1052 2
1053 2
1054 1
1055 2
1056 2
1057 1
1058 3
1059 2
1060 2
1061 1
1062 2
1063 2
1064 1
1065 2
1066 1
1067 2
1068 2
1069 2
1070 2
1071 1
1072 2
1073 1
1074 2
1075 2
1076 2
1077 2
1078 3
1079 2
1080 2
1081 1
1082 2
1083 2
1084 2
1085 2
1086 2
1087 2
1088 2
1089 2
1090 2
1091 3
1092 2
1093 1
1094 2
1095 2
1096 2
1097 2
1098 2
1099 1
1100 2
1101 2
1102 2
1103 1
1104 2
1105 3
1106 3
1107 0
1108 2
1109 2
1110 1
1111 2
1112 1
1113 2
1114 2
1115 2
1116 3
1117 2
1118 2
1119 3
1120 2
1121 2
1122 3
1123 2
1124 2
1125 2
1126 1
1127 2
1128 2
1129 2
1130 2
1131 2
1132 2
1133 2
1134 2
1135 3
1136 1
1137 3
1138 2
1139 2
1140 2
1141 2
1142 2
1143 2
1144 2
1145 3
1146 0
1147 2
1148 1
1149 0
1150 2
1151 1
1152 0
1153 2
1154 2
1155 2
1156 2
1157 2
1158 2
1159 2
1160 1
1161 2
1162 1
1163 3
1164 2
1165 1
1166 0
1167 2
1168 1
1169 1
1170 2
1171 2
1172 2
1173 1
1174 0
1175 1
1176 1
1177 1
1178 2
1179 3
1180 1
1181 2
1182 2
1183 2
1184 0
1185 2
1186 2
1187 1
1188 1
1189 2
1190 2
1191 2
1192 1
1193 2
1194 2
1195 2
1196 2
1197 1
1198 1
1199 1
1200 1
1201 3
1202 2
1203 1
1204 1
1205 1
1206 1
1207 2
1208 2
1209 1
1210 2
1211 1
1212 2
1213 2
1214 2
1215 2
1216 2
1217 2
1218 1
1219 1
1220 1
1221 0
1222 0
1223 0
1224 0
1225 1
1226 1
1227 0
1228 1
1229 0
1230 1
1231 1
1232 1
1233 1
1234 1
1235 0
1236 1
1237 1
1238 1
1239 0
1240 0
1241 1
1242 1
1243 1
1244 1
1245 1
1246 2
1247 1
1248 3
1249 2
1250 2
1251 1
1252 2
1253 2
1254 2
1255 2
1256 2
1257 1
1258 2
1259 1
1260 2
1261 1
1262 2
1263 1
1264 1
1265 2
1266 1
1267 2
1268 2
1269 2
1270 2
1271 2
1272 2
1273 2
1274 2
1275 2
1276 2
1277 2
1278 2
1279 2
1280 1
1281 2
1282 2
1283 2
1284 2
1285 1
1286 0
1287 1
1288 2
1289 0
1290 1
1291 0
1292 1
1293 1
1294 1
1295 1
1296 1
1297 1
1298 0
1299 0
1300 2
1301 2
1302 2
1303 3
1304 2
1305 2
1306 1
1307 2
1308 2
1309 2
1310 3
1311 2
1312 2
1313 1
1314 2
1315 1
1316 1
1317 2
1318 2
1319 2
1320 2
1321 2
1322 2
1323 2
1324 2
1325 3
1326 0
1327 2
1328 2
1329 1
1330 3
1331 2
1332 2
1333 2
1334 1
1335 0
1336 1
1337 1
1338 1
1339 1
1340 0
1341 1
1342 1
1343 1
1344 1
1345 1
1346 1
1347 0
1348 1
1349 0
1350 0
1351 0
1352 1
1353 1
1354 1
1355 0
1356 1
1357 1
1358 0
1359 0
1360 1
1361 1
1362 0
1363 2
1364 1
1365 3
1366 1
1367 2
1368 2
1369 1
1370 2
1371 2
1372 0
1373 1
1374 2
1375 2
1376 3
1377 3
1378 2
1379 2
1380 2
1381 3
1382 2
1383 2
1384 2
1385 1
1386 1
1387 2
1388 2
1389 1
1390 1
1391 2
1392 2
1393 2
1394 1
1395 2
1396 2
1397 1
1398 2
1399 1
1400 2
1401 2
1402 1
1403 2
1404 2
1405 2
1406 2
1407 3
1408 1
1409 2
1410 2
1411 2
1412 1
1413 2
1414 2
1415 2
1416 2
1417 2
1418 2
1419 2
1420 2
1421 2
1422 1
1423 1
1424 2
1425 1
1426 1
1427 2
1428 2
1429 1
1430 1
1431 2
1432 1
1433 2
1434 2
1435 2
1436 2
1437 2
1438 3
1439 2
1440 2
1441 2
1442 2
1443 1
1444 2
1445 3
1446 0
1447 2
1448 0
1449 2
1450 2
1451 2
1452 0
1453 0
1454 0
1455 0
1456 2
1457 3
1458 1
1459 2
1460 1
1461 0
1462 1
1463 2
1464 1
1465 0
1466 0
1467 0
1468 0
1469 2
1470 2
1471 2
1472 2
1473 2
1474 1
1475 2
1476 2
1477 2
1478 2
1479 3
1480 1
1481 2
1482 2
1483 1
1484 2
1485 1
1486 2
1487 0
1488 2
1489 2
1490 1
1491 2
1492 2
1493 0
1494 3
1495 1
1496 3
1497 3
1498 3
1499 2
1500 2
1501 2
1502 1
1503 2
1504 1
1505 2
1506 2
1507 2
1508 2
1509 1
1510 2
1511 2
1512 1
1513 2
1514 2
1515 2
1516 2
1517 2
1518 3
1519 2
1520 1
1521 3
1522 2
1523 2
1524 2
1525 2
1526 2
1527 2
1528 3
1529 2
1530 2
1531 1
1532 2
1533 3
1534 2
1535 2
1536 3
1537 1
1538 2
1539 1
1540 2
1541 1
1542 1
1543 2
1544 2
1545 3
1546 1
1547 2
1548 1
1549 0
1550 0
1551 1
1552 2
1553 2
1554 1
1555 1
1556 1
1557 3
1558 2
1559 2
1560 2
1561 1
1562 2
1563 2
1564 2
1565 2
1566 2
1567 2
1568 2
1569 2
1570 2
1571 2
1572 2
1573 2
1574 2
1575 2
1576 1
1577 2
1578 2
1579 3
1580 3
1581 2
1582 0
1583 2
1584 2
1585 2
1586 2
1587 1
1588 2
1589 2
1590 2
1591 3
1592 0
1593 3
1594 1
1595 0
1596 1
1597 2
1598 2
1599 2
1600 2
1601 2
1602 1
1603 2
1604 1
1605 2
1606 2
1607 3
1608 1
1609 2
1610 2
1611 3
1612 2
1613 2
1614 2
1615 2
1616 2
1617 2
1618 2
1619 2
1620 2
1621 2
1622 2
1623 3
1624 2
1625 3
1626 2
1627 3
1628 3
1629 2
1630 2
1631 2
1632 2
1633 1
1634 2
1635 2
1636 2
1637 3
1638 3
1639 2
1640 1
1641 2
1642 2
1643 2
1644 2
1645 1
1646 1
1647 1
1648 2
1649 1
1650 3
1651 2
1652 3
1653 3
1654 2
1655 2
1656 3
1657 1
1658 2
1659 1
1660 2
1661 2
1662 1
1663 1
1664 2
1665 1
1666 2
1667 2
1668 2
1669 2
1670 2
1671 3
1672 2
1673 2
1674 2
1675 1
1676 1
1677 1
1678 2
1679 1
1680 3
1681 2
1682 3
1683 3
1684 1
1685 2
1686 2
1687 2
1688 2
1689 1
1690 3
1691 2
1692 2
1693 2
1694 1
1695 2
1696 3
1697 3
1698 2
1699 2
1700 2
1701 2
1702 1
1703 2
1704 2
1705 1
1706 2
1707 1
1708 2
1709 3
1710 2
1711 2
1712 1
1713 1
1714 3
1715 3
1716 2
1717 2
1718 2
1719 1
1720 1
1721 1
1722 3
1723 3
1724 4
1725 2
1726 3
1727 1
1728 1
1729 2
1730 4
1731 2
1732 3
1733 2
1734 2
1735 2
1736 2
1737 1
1738 1
1739 1
1740 2
1741 2
1742 1
1743 2
1744 3
1745 2
1746 2
1747 2
1748 3
1749 3
1750 2
1751 0
1752 2
1753 2
1754 2
1755 2
1756 0
1757 2
1758 2
1759 2
1760 2
1761 2
1762 1
1763 3
1764 2
1765 3
1766 1
1767 1
1768 1
1769 0
1770 0
1771 0
1772 2
1773 2
1774 2
1775 2
1776 2
1777 2
1778 2
1779 2
1780 1
1781 2
1782 2
1783 2
1784 2
1785 2
1786 2
1787 3
1788 3
1789 2
1790 2
1791 2
1792 3
1793 2
1794 2
1795 1
1796 2
1797 2
1798 1
1799 1
1800 1
1801 3
1802 0
1803 1
1804 2
1805 2
1806 2
1807 2
1808 2
1809 2
1810 3
1811 2
1812 2
1813 2
1814 2
1815 3
1816 2
1817 2
1818 4
1819 3
1820 0
1821 1
1822 1
1823 2
1824 2
1825 0
1826 1
1827 2
1828 3
1829 2
1830 2
1831 3
1832 3
1833 2
1834 1
1835 2
1836 3
1837 2
1838 1
1839 2
1840 3
1841 2
1842 2
1843 2
1844 3
1845 1
1846 1
1847 2
1848 1
1849 2
1850 3
1851 0
1852 0
1853 1
1854 0
1855 1
1856 1
1857 1
1858 2
1859 1
1860 2
1861 3
1862 2
1863 1
1864 0
1865 2
1866 1
1867 2
1868 2
1869 2
1870 1
1871 1
1872 0
1873 1
1874 3
1875 3
1876 3
1877 2
1878 2
1879 2
1880 1
1881 2
1882 2
1883 2
1884 3
1885 2
1886 1
1887 2
1888 1
1889 2
1890 2
1891 2
1892 2
1893 3
1894 1
1895 2
1896 2
1897 2
1898 1
1899 2
1900 0
1901 2
1902 2
1903 2
1904 3
1905 2
1906 2
1907 1
1908 2
1909 2
1910 2
1911 1
1912 2
1913 1
1914 3
1915 1
1916 4
1917 2
1918 1
1919 2
1920 3
1921 2
1922 2
1923 2
1924 3
1925 1
1926 3
1927 3
1928 2
1929 2
1930 2
1931 1
1932 2
1933 2
1934 3
1935 2
1936 2
1937 2
1938 2
1939 2
1940 2
1941 2
1942 1
1943 2
1944 2
1945 1
1946 3
1947 2
1948 3
1949 2
1950 2
1951 2
1952 3
1953 1
1954 0
1955 0
1956 2
1957 3
1958 1
1959 1
1960 1
1961 3
1962 1
1963 1
1964 3
1965 1
1966 1
1967 1
1968 2
1969 2
1970 2
1971 0
1972 3
1973 3
1974 2
1975 1
1976 3
1977 2
1978 1
1979 3
1980 0
1981 2
1982 2
1983 1
1984 3
1985 3
1986 3
1987 2
1988 1
1989 3
1990 2
1991 3
1992 2
1993 2
1994 3
1995 2
1996 1
1997 2
1998 2
1999 2
