0 1
1 2
2 1
3 1
4 4
5 1
6 2
7 1
8 1
9 2
10 4
11 2
12 1
13 2
14 3
15 2
16 2
17 2
18 0
19 0
20 1
21 0
22 1
23 2
24 1
25 0
26 2
27 1
28 1
29 1
30 0
31 1
32 1
33 1
34 1
35 1
36 1
37 1
38 1
39 1
40 0
41 1
42 1
43 2
44 1
45 0
46 1
47 2
48 4
49 2
50 0
51 3
52 2
53 2
54 3
55 2
56 2
57 3
58 1
59 2
60 3
61 3
62 2
63 1
64 2
65 3
66 1
67 1
68 2
69 1
70 2
71 2
72 1
73 3
74 1
75 2
76 2
77 1
78 0
79 2
80 2
81 3
82 1
83 1
84 0
85 0
86 1
87 1
88 2
89 2
90 1
91 2
92 2
93 3
94 2
95 1
96 3
97 2
98 2
99 1
100 3
101 2
102 2
103 2
104 2
105 2
106 2
107 2
108 2
109 1
110 3
111 1
112 1
113 2
114 0
115 1
116 1
117 2
118 1
119 1
120 2
121 2
122 1
123 2
124 4
125 2
126 2
127 1
128 2
129 2
130 2
131 1
132 1
133 2
134 2
135 0
136 2
137 2
138 2
139 1
140 2
141 2
142 2
143 2
144 2
145 1
146 1
147 3
148 2
149 2
150 1
151 1
152 3
153 3
154 1
155 2
156 2
157 2
158 3
159 2
160 2
161 2
162 2
163 2
164 2
165 2
166 2
167 1
168 1
169 2
170 1
171 2
172 1
173 1
174 2
175 2
176 2
177 2
178 2
179 2
180 2
181 2
182 1
183 2
184 1
185 2
186 1
187 2
188 2
189 1
190 3
191 1
192 2
193 2
194 0
195 2
196 3
197 2
198 1
199 2
200 2
201 2
202 2
203 2
204 3
205 2
206 2
207 2
208 2
209 0
210 0
211 0
212 0
213 1
214 0
215 0
216 2
217 1
218 2
219 1
220 2
221 2
222 2
223 4
224 2
225 2
226 2
227 3
228 2
229 1
230 2
231 2
232 2
233 1
234 3
235 1
236 2
237 2
238 1
239 1
240 1
241 3
242 2
243 2
244 1
245 2
246 1
247 1
248 2
249 1
250 2
251 1
252 2
253 2
254 2
255 2
256 3
257 2
258 1
259 2
260 1
261 2
262 2
263 2
264 2
265 3
266 3
267 2
268 2
269 1
270 3
271 2
272 2
273 2
274 1
275 3
276 2
277 2
278 1
279 2
280 2
281 3
282 1
283 3
284 1
285 2
286 2
287 0
288 2
289 0
290 1
291 1
292 1
293 2
294 0
295 0
296 0
297 0
298 0
299 0
300 1
301 0
302 0
303 0
304 1
305 2
306 0
307 1
308 1
309 3
310 1
311 2
312 2
313 1
314 1
315 1
316 2
317 1
318 1
319 1
320 1
321 1
322 1
323 2
324 0
325 1
326 2
327 1
328 1
329 0
330 0
331 1
332 1
333 1
334 0
335 0
336 0
337 1
338 0
339 2
340 1
341 2
342 0
343 0
344 0
345 1
346 1
347 0
348 0
349 2
350 0
351 1
352 2
353 1
354 1
355 3
356 1
357 0
358 3
359 1
360 1
361 1
362 1
363 1
364 1
365 1
366 0
367 0
368 0
369 1
370 1
371 0
372 1
373 1
374 1
375 1
376 2
377 0
378 2
379 2
380 1
381 1
382 1
383 1
384 1
385 1
386 1
387 1
388 1
389 1
390 1
391 0
392 1
393 1
394 1
395 1
396 0
397 2
398 0
399 2
400 1
401 2
402 1
403 1
404 0
405 1
406 1
407 0
408 1
409 2
410 1
411 1
412 1
413 1
414 1
415 1
416 1
417 1
418 2
419 1
420 2
421 2
422 1
423 1
424 2
425 1
426 2
427 1
428 0
429 1
430 1
431 0
432 1
433 1
434 1
435 1
436 1
437 0
438 2
439 1
440 1
441 1
442 0
443 1
444 1
445 1
446 1
447 2
448 1
449 1
450 1
451 0
452 1
453 1
454 1
455 1
456 1
457 2
458 0
459 0
460 0
461 2
462 2
463 1
464 2
465 2
466 2
467 3
468 3
469 2
470 3
471 2
472 2
473 2
474 1
475 1
476 2
477 2
478 2
479 2
480 3
481 2
482 1
483 2
484 1
485 2
486 1
487 2
488 1
489 2
490 2
491 2
492 2
493 2
494 2
495 2
496 2
497 2
498 2
499 2
500 1
501 2
502 2
503 1
504 1
505 1
506 0
507 1
508 0
509 0
510 2
511 1
512 0
513 1
514 1
515 1
516 1
517 1
518 1
519 1
520 0
521 1
522 0
523 2
524 1
525 1
526 1
527 0
528 2
529 1
530 2
531 3
532 2
533 1
534 2
535 1
536 0
537 1
538 1
539 1
540 1
541 1
542 1
543 2
544 2
545 1
546 0
547 1
548 0
549 1
550 1
551 1
552 1
553 1
554 1
555 1
556 1
557 1
558 0
559 2
560 1
561 1
562 0
563 1
564 2
565 1
566 1
567 1
568 1
569 1
570 0
571 0
572 1
573 1
574 2
575 1
576 2
577 1
578 1
579 1
580 1
581 1
582 1
583 0
584 1
585 1
586 2
587 1
588 1
589 2
590 1
591 1
592 1
593 1
594 1
595 1
596 1
597 1
598 1
599 1
600 0
601 1
602 2
603 1
604 1
605 1
606 2
607 1
608 1
609 1
610 0
611 1
612 2
613 1
614 2
615 1
616 2
617 2
618 3
619 1
620 0
621 2
622 1
623 1
624 1
625 0
626 1
627 1
628 0
629 1
630 2
631 2
632 1
633 1
634 2
635 2
636 1
637 1
638 1
639 0
640 1
641 2
642 1
643 2
644 3
645 3
646 1
647 0
648 1
649 1
650 1
651 0
652 0
653 1
654 1
655 0
656 0
657 0
658 0
659 0
660 0
661 0
662 0
663 0
664 0
665 0
666 1
667 0
668 1
669 2
670 1
671 0
672 0
673 0
674 0
675 1
676 0
677 0
678 1
679 1
680 1
681 2
682 1
683 1
684 1
685 1
686 1
687 1
688 1
689 2
690 2
691 1
692 0
693 1
694 1
695 0
696 0
697 0
698 0
699 0
700 0
701 1
702 2
703 0
704 0
705 0
706 0
707 0
708 2
709 1
710 0
711 0
712 1
713 1
714 1
715 1
716 1
717 1
718 1
719 1
720 2
721 1
722 1
723 0
724 2
725 1
726 0
727 1
728 1
729 2
730 2
731 1
732 1
733 1
734 1
735 1
736 1
737 2
738 1
739 2
740 1
741 1
742 1
743 0
744 2
745 2
746 1
747 1
748 0
749 1
750 1
751 2
752 1
753 0
754 1
755 0
756 1
757 1
758 0
759 0
760 0
761 0
762 0
763 0
764 1
765 1
766 0
767 0
768 0
769 0
770 0
771 0
772 1
773 1
774 0
775 1
776 1
777 1
778 1
779 2
780 1
781 0
782 1
783 1
784 0
785 0
786 0
787 0
788 1
789 1
790 0
791 1
792 0
793 1
794 0
795 1
796 0
797 0
798 1
799 1
800 1
801 1
802 0
803 3
804 2
805 0
806 2
807 2
808 1
809 1
810 1
811 1
812 1
813 2
814 2
815 0
816 1
817 0
818 0
819 2
820 1
821 1
822 2
823 1
824 1
825 1
826 1
827 1
828 1
829 0
830 0
831 1
832 1
833 1
834 1
835 1
836 1
837 1
838 1
839 0
840 0
841 1
842 2
843 1
844 0
845 1
846 1
847 1
848 1
849 1
850 1
851 0
852 0
853 1
854 1
855 1
856 0
857 1
858 1
859 1
860 1
861 2
862 2
863 0
864 2
865 2
866 0
867 1
868 3
869 1
870 1
871 0
872 1
873 1
874 1
875 0
876 1
877 0
878 1
879 0
880 1
881 1
882 0
883 1
884 1
885 2
886 2
887 1
888 0
889 1
890 1
891 0
892 1
893 2
894 0
895 0
896 1
897 1
898 1
899 1
900 1
901 1
902 1
903 0
904 1
905 0
906 0
907 1
908 1
909 0
910 1
911 1
912 2
913 2
914 0
915 1
916 1
917 2
918 2
919 1
920 1
921 1
922 0
923 0
924 1
925 0
926 2
927 1
928 2
929 1
930 1
931 0
932 0
933 1
934 0
935 1
936 1
937 2
938 1
939 1
940 1
941 0
942 2
943 1
944 1
945 0
946 0
947 2
948 2
949 1
950 0
951 0
952 1
953 1
954 1
955 1
956 1
957 1
958 1
959 2
960 2
961 1
962 2
963 1
964 1
965 1
966 2
967 2
968 1
969 0
970 1
971 1
972 1
973 1
974 1
975 1
976 2
977 2
978 1
979 2
980 1
981 0
982 2
983 2
984 2
985 2
986 2
987 2
988 1
989 1
990 1
991 1
992 2
993 1
994 1
995 2
996 2
997 0
998 2
999 1
1000 0
1001 1
1002 1
1003 0
1004 2
1005 2
1006 1
1007 1
1008 1
1009 1
1010 1
1011 1
1012 0
1013 3
1014 1
1015 1
1016 1
1017 0
1018 1
1019 0
1020 3
1021 2
1022 1
1023 2
1024 0
1025 1
1026 1
1027 1
1028 0
1029 1
1030 1
1031 2
1032 1
1033 2
1034 1
1035 1
1036 1
1037 1
1038 1
1039 0
1040 1
1041 0
1042 1
1043 1
1044 1
1045 1
1046 1
1047 1
1048 2
1049 1
1050 0
1051 0
1052 1
1053 1
1054 1
1055 0
1056 1
1057 1
1058 2
1059 1
1060 1
1061 1
1062 2
1063 1
1064 1
1065 1
1066 1
1067 1
1068 1
1069 0
1070 0
1071 0
1072 1
1073 0
1074 1
1075 0
1076 1
1077 1
1078 1
1079 0
1080 0
1081 1
1082 1
1083 1
1084 2
1085 0
1086 1
1087 1
1088 2
1089 1
1090 1
1091 0
1092 2
1093 1
1094 1
1095 1
1096 1
1097 1
1098 1
1099 1
1100 1
1101 2
1102 3
1103 1
1104 1
1105 1
1106 0
1107 1
1108 1
1109 1
1110 0
1111 1
1112 2
1113 1
1114 1
1115 1
1116 1
1117 0
1118 1
1119 1
1120 1
1121 1
1122 1
1123 1
1124 2
1125 0
1126 1
1127 0
1128 0
1129 2
1130 1
1131 1
1132 1
1133 1
1134 1
1135 1
1136 1
1137 1
1138 2
1139 1
1140 2
1141 1
1142 0
1143 1
1144 1
1145 1
1146 2
1147 1
1148 1
1149 1
1150 1
1151 1
1152 0
1153 1
1154 0
1155 2
1156 1
1157 0
1158 0
1159 1
1160 0
1161 1
1162 0
1163 1
1164 0
1165 0
1166 1
1167 0
1168 1
1169 2
1170 2
1171 1
1172 1
1173 1
1174 0
1175 1
1176 2
1177 2
1178 2
1179 1
1180 1
1181 1
1182 2
1183 1
1184 2
1185 1
1186 0
1187 1
1188 1
1189 1
1190 0
1191 3
1192 1
1193 2
1194 1
1195 2
1196 2
1197 1
1198 1
1199 1
1200 1
1201 1
1202 1
1203 1
1204 1
1205 1
1206 0
1207 2
1208 1
1209 0
1210 1
1211 2
1212 1
1213 2
1214 2
1215 1
1216 1
1217 0
1218 1
1219 1
1220 1
1221 1
1222 2
1223 2
1224 1
1225 0
1226 1
1227 2
1228 1
1229 1
1230 1
1231 0
1232 2
1233 1
1234 1
1235 1
1236 1
1237 2
1238 1
1239 1
1240 0
1241 1
1242 0
1243 1
1244 1
1245 1
1246 1
1247 2
1248 0
1249 1
1250 3
1251 1
1252 2
1253 0
1254 2
1255 0
1256 2
1257 1
1258 1
1259 1
1260 0
1261 1
1262 0
1263 2
1264 1
1265 2
1266 2
1267 1
1268 1
1269 1
1270 3
1271 1
1272 1
1273 1
1274 2
1275 1
1276 1
1277 0
1278 0
1279 2
1280 1
1281 1
1282 1
1283 1
1284 1
1285 3
1286 2
1287 1
1288 1
1289 1
1290 2
1291 0
1292 1
1293 3
1294 2
1295 1
1296 1
1297 1
1298 2
1299 1
1300 2
1301 1
1302 1
1303 1
1304 0
1305 1
1306 2
1307 1
1308 0
1309 1
1310 0
1311 1
1312 1
1313 1
1314 1
1315 0
1316 1
1317 1
1318 1
1319 1
1320 1
1321 1
1322 1
1323 1
1324 1
1325 1
1326 2
1327 1
1328 1
1329 1
1330 2
1331 1
1332 0
1333 1
1334 1
1335 1
1336 1
1337 1
1338 2
1339 1
1340 0
1341 2
1342 0
1343 1
1344 2
1345 1
1346 1
1347 1
1348 1
1349 0
1350 3
1351 3
1352 0
1353 2
1354 1
1355 1
1356 3
1357 1
1358 2
1359 1
1360 1
1361 2
1362 0
1363 1
1364 1
1365 1
1366 1
1367 1
1368 2
1369 2
1370 1
1371 1
1372 2
1373 1
1374 1
1375 1
1376 0
1377 1
1378 2
1379 0
1380 1
1381 1
1382 1
1383 3
1384 1
1385 1
1386 1
1387 2
1388 1
1389 2
1390 2
1391 1
1392 0
1393 1
1394 1
1395 2
1396 1
1397 0
1398 1
1399 1
1400 2
1401 0
1402 0
1403 1
1404 3
1405 2
1406 0
1407 1
1408 2
1409 1
1410 1
1411 1
1412 1
1413 1
1414 1
1415 1
1416 1
1417 0
1418 3
1419 1
1420 1
1421 3
1422 1
1423 2
1424 0
1425 1
1426 2
1427 0
1428 1
1429 3
1430 0
1431 1
1432 2
1433 1
1434 1
1435 1
1436 1
1437 1
1438 1
1439 1
1440 0
1441 3
1442 1
1443 1
1444 0
1445 1
1446 1
1447 1
1448 2
1449 1
1450 0
1451 1
1452 1
1453 1
1454 1
1455 1
1456 2
1457 2
1458 1
1459 0
1460 1
1461 1
1462 2
1463 1
1464 1
1465 1
1466 3
1467 1
1468 1
1469 1
1470 0
1471 2
1472 1
1473 0
1474 1
1475 1
1476 1
1477 1
1478 1
1479 0
1480 1
1481 1
1482 0
1483 1
1484 1
1485 1
1486 1
1487 1
1488 2
1489 1
1490 2
1491 1
1492 1
1493 2
1494 1
1495 1
1496 1
1497 2
1498 2
1499 1
1500 2
1501 1
1502 1
1503 1
1504 1
1505 1
1506 2
1507 2
1508 2
1509 1
1510 3
1511 2
1512 1
1513 2
1514 1
1515 2
1516 1
1517 1
1518 1
1519 1
1520 0
1521 1
1522 2
1523 1
1524 2
1525 1
1526 1
1527 3
1528 2
1529 1
1530 1
1531 1
1532 1
1533 1
1534 1
1535 1
1536 1
1537 1
1538 1
1539 0
1540 1
1541 1
1542 1
1543 1
1544 0
1545 1
1546 3
1547 1
1548 1
1549 1
1550 2
1551 1
1552 0
1553 2
1554 0
1555 1
1556 1
1557 2
1558 0
1559 1
1560 0
1561 1
1562 1
1563 0
1564 1
1565 1
1566 0
1567 1
1568 3
1569 2
1570 1
1571 1
1572 1
1573 1
1574 1
1575 2
1576 1
1577 0
1578 1
1579 1
1580 0
1581 2
1582 1
1583 1
1584 1
1585 1
1586 2
1587 1
1588 1
1589 1
1590 0
1591 1
1592 0
1593 1
1594 1
1595 1
1596 1
1597 0
1598 0
1599 1
1600 1
1601 2
1602 1
1603 1
1604 1
1605 1
1606 1
1607 2
1608 2
1609 1
1610 1
1611 1
1612 1
1613 2
1614 1
1615 1
1616 1
1617 1
1618 0
1619 3
1620 2
1621 1
1622 1
1623 0
1624 1
1625 1
1626 2
1627 1
1628 2
1629 1
1630 1
1631 0
1632 2
1633 1
1634 2
1635 1
1636 1
1637 2
1638 0
1639 1
1640 0
1641 0
1642 2
1643 1
1644 1
1645 0
1646 2
1647 3
1648 2
1649 1
1650 2
1651 1
1652 1
1653 0
1654 2
1655 1
1656 1
1657 1
1658 2
1659 1
1660 2
1661 1
1662 1
1663 3
1664 0
1665 1
1666 1
1667 0
1668 1
1669 1
1670 2
1671 1
1672 2
1673 1
1674 1
1675 1
1676 1
1677 1
1678 2
1679 0
1680 1
1681 0
1682 2
1683 1
1684 1
1685 1
1686 0
1687 2
1688 1
1689 1
1690 1
1691 1
1692 1
1693 1
1694 1
1695 1
1696 1
1697 1
1698 2
1699 1
1700 1
1701 1
1702 0
1703 1
1704 2
1705 1
1706 0
1707 2
1708 3
1709 1
1710 0
1711 2
1712 1
1713 1
1714 1
1715 1
1716 1
1717 2
1718 1
1719 2
1720 2
1721 0
1722 1
1723 1
1724 1
1725 2
1726 0
1727 1
1728 1
1729 1
1730 1
1731 2
1732 0
1733 1
1734 1
1735 0
1736 1
1737 1
1738 1
1739 1
1740 2
1741 1
1742 1
1743 2
1744 1
1745 1
1746 3
1747 1
1748 1
1749 2
1750 1
1751 1
1752 1
1753 1
1754 0
1755 1
1756 3
1757 1
1758 0
1759 1
1760 1
1761 0
1762 1
1763 2
1764 2
1765 1
1766 1
1767 0
1768 1
1769 2
1770 1
1771 1
1772 2
1773 2
1774 2
1775 1
1776 1
1777 1
1778 1
1779 1
1780 1
1781 1
1782 2
1783 2
1784 1
1785 0
1786 1
1787 0
1788 0
1789 3
1790 1
1791 1
1792 0
1793 2
1794 1
1795 1
1796 1
1797 1
1798 1
1799 1
1800 2
1801 1
1802 1
1803 1
1804 1
1805 1
1806 0
1807 2
1808 1
1809 1
1810 1
1811 2
1812 1
1813 1
1814 0
1815 1
1816 3
1817 1
1818 1
1819 1
1820 2
1821 1
1822 0
1823 1
1824 1
1825 1
1826 1
1827 0
1828 0
1829 0
1830 1
1831 1
1832 1
1833 1
1834 0
1835 1
1836 1
1837 1
1838 1
1839 1
1840 2
1841 1
1842 1
1843 2
1844 1
1845 1
1846 0
1847 1
1848 0
1849 1
1850 2
1851 0
1852 3
1853 1
1854 1
1855 1
1856 1
1857 1
1858 1
1859 1
1860 1
1861 1
1862 1
1863 1
1864 1
1865 1
1866 1
1867 2
1868 1
1869 2
1870 1
1871 1
1872 0
1873 0
1874 0
1875 1
1876 2
1877 1
1878 1
1879 1
1880 0
1881 1
1882 1
1883 1
1884 0
1885 1
1886 1
1887 1
1888 2
1889 1
1890 1
1891 1
1892 1
1893 0
1894 1
1895 2
1896 0
1897 0
1898 1
1899 1
1900 0
1901 1
1902 0
1903 1
1904 1
1905 1
1906 0
1907 1
1908 1
1909 1
1910 2
1911 1
1912 1
1913 1
1914 1
1915 1
1916 2
1917 2
1918 1
1919 1
1920 1
1921 1
1922 1
1923 0
1924 1
1925 2
1926 1
1927 1
1928 1
1929 1
1930 1
1931 1
1932 2
1933 1
1934 1
1935 1
1936 1
1937 1
1938 3
1939 0
1940 1
1941 1
1942 1
1943 1
1944 0
1945 2
1946 1
1947 0
1948 1
1949 1
1950 2
1951 2
1952 1
1953 1
1954 1
1955 1
1956 0
1957 1
1958 1
1959 3
1960 1
1961 1
1962 1
1963 1
1964 2
1965 1
1966 1
1967 1
1968 2
1969 1
1970 1
1971 2
1972 1
1973 2
1974 1
1975 2
1976 1
1977 2
1978 1
1979 4
1980 1
1981 1
1982 1
1983 0
1984 2
1985 1
1986 2
1987 1
1988 2
1989 1
1990 1
1991 1
1992 1
1993 1
1994 1
1995 2
1996 2
1997 1
1998 1
1999 1
