0 1
1 0
2 0
3 0
4 1
5 2
6 0
7 1
8 0
9 0
10 1
11 1
12 2
13 1
14 1
15 0
16 2
17 3
18 3
19 0
20 2
21 0
22 0
23 0
24 0
25 0
26 1
27 0
28 0
29 0
30 0
31 0
32 0
33 1
34 0
35 1
36 0
37 0
38 1
39 0
40 0
41 0
42 0
43 0
44 1
45 2
46 0
47 1
48 0
49 2
50 2
51 2
52 0
53 1
54 3
55 2
56 0
57 0
58 0
59 0
60 3
61 1
62 1
63 1
64 0
65 0
66 0
67 0
68 0
69 0
70 0
71 3
72 1
73 1
74 0
75 0
76 0
77 0
78 0
79 0
80 0
81 0
82 0
83 0
84 0
85 0
86 0
87 0
88 0
89 0
90 0
91 0
92 0
93 0
94 0
95 0
96 0
97 0
98 0
99 0
100 0
101 0
102 0
103 0
104 0
105 0
106 0
107 0
108 0
109 0
110 2
111 1
112 1
113 1
114 1
115 1
116 1
117 1
118 2
119 1
120 3
121 1
122 2
123 0
124 1
125 2
126 1
127 1
128 0
129 2
130 1
131 1
132 1
133 1
134 0
135 0
136 0
137 2
138 2
139 2
140 2
141 1
142 1
143 3
144 1
145 1
146 1
147 1
148 1
149 0
150 2
151 0
152 0
153 0
154 0
155 1
156 1
157 0
158 0
159 0
160 0
161 0
162 0
163 0
164 0
165 0
166 0
167 0
168 0
169 0
170 0
171 1
172 1
173 0
174 0
175 0
176 1
177 1
178 1
179 1
180 1
181 2
182 3
183 1
184 1
185 1
186 0
187 0
188 0
189 0
190 0
191 1
192 0
193 1
194 1
195 0
196 0
197 1
198 0
199 0
200 0
201 1
202 2
203 0
204 0
205 0
206 0
207 0
208 0
209 0
210 0
211 0
212 0
213 0
214 0
215 0
216 0
217 0
218 0
219 0
220 0
221 0
222 0
223 0
224 0
225 0
226 0
227 0
228 0
229 0
230 0
231 0
232 0
233 0
234 0
235 0
236 0
237 0
238 0
239 0
240 0
241 0
242 0
243 0
244 0
245 0
246 0
247 0
248 0
249 0
250 0
251 0
252 0
253 0
254 0
255 0
256 0
257 0
258 0
259 0
260 0
261 0
262 0
263 0
264 0
265 0
266 0
267 0
268 0
269 0
270 0
271 0
272 0
273 0
274 0
275 0
276 0
277 0
278 0
279 0
280 0
281 0
282 0
283 0
284 0
285 0
286 0
287 0
288 0
289 0
290 0
291 0
292 0
293 0
294 0
295 0
296 0
297 0
298 0
299 0
300 0
301 0
302 0
303 0
304 0
305 0
306 0
307 0
308 0
309 0
310 0
311 0
312 0
313 0
314 0
315 0
316 0
317 0
318 0
319 0
320 0
321 0
322 0
323 0
324 0
325 0
326 0
327 0
328 0
329 0
330 0
331 0
332 0
333 0
334 0
335 0
336 0
337 0
338 0
339 0
340 0
341 0
342 0
343 0
344 0
345 0
346 0
347 0
348 0
349 0
350 0
351 0
352 0
353 0
354 0
355 0
356 0
357 0
358 0
359 0
360 0
361 0
362 0
363 0
364 0
365 0
366 0
367 0
368 0
369 0
370 0
371 0
372 0
373 0
374 0
375 0
376 1
377 0
378 1
379 0
380 1
381 1
382 0
383 0
384 0
385 1
386 0
387 0
388 0
389 0
390 2
391 1
392 0
393 0
394 0
395 1
396 1
397 0
398 0
399 1
400 1
401 1
402 1
403 1
404 0
405 1
406 0
407 0
408 1
409 1
410 1
411 2
412 1
413 1
414 1
415 1
416 1
417 2
418 1
419 1
420 1
421 1
422 1
423 2
424 1
425 0
426 1
427 1
428 1
429 2
430 1
431 1
432 1
433 1
434 1
435 1
436 1
437 1
438 1
439 1
440 1
441 1
442 1
443 1
444 1
445 1
446 1
447 1
448 1
449 1
450 1
451 1
452 2
453 1
454 0
455 3
456 1
457 0
458 1
459 1
460 1
461 1
462 1
463 1
464 1
465 1
466 0
467 1
468 1
469 1
470 2
471 0
472 2
473 1
474 1
475 0
476 0
477 1
478 1
479 0
480 0
481 0
482 1
483 1
484 1
485 1
486 0
487 0
488 1
489 1
490 0
491 1
492 1
493 2
494 0
495 1
496 1
497 1
498 1
499 0
500 2
501 0
502 0
503 1
504 1
505 0
506 3
507 1
508 1
509 1
510 1
511 0
512 1
513 1
514 0
515 1
516 1
517 0
518 0
519 0
520 0
521 1
522 0
523 0
524 1
525 2
526 1
527 2
528 0
529 1
530 2
531 1
532 1
533 1
534 1
535 2
536 1
537 1
538 0
539 1
540 1
541 1
542 2
543 1
544 0
545 1
546 1
547 2
548 1
549 1
550 2
551 2
552 2
553 2
554 2
555 2
556 1
557 1
558 2
559 1
560 2
561 2
562 0
563 2
564 0
565 0
566 1
567 0
568 0
569 1
570 0
571 1
572 0
573 0
574 1
575 1
576 0
577 0
578 0
579 0
580 0
581 0
582 0
583 0
584 0
585 0
586 0
587 0
588 0
589 0
590 0
591 0
592 0
593 0
594 0
595 0
596 1
597 1
598 1
599 1
600 1
601 0
602 0
603 0
604 0
605 0
606 1
607 0
608 1
609 0
610 0
611 0
612 0
613 0
614 0
615 0
616 0
617 0
618 0
619 3
620 2
621 0
622 1
623 1
624 0
625 0
626 0
627 0
628 0
629 0
630 0
631 0
632 0
633 0
634 0
635 0
636 0
637 0
638 0
639 0
640 0
641 0
642 0
643 0
644 0
645 0
646 0
647 0
648 0
649 0
650 1
651 0
652 1
653 1
654 1
655 1
656 1
657 1
658 2
659 1
660 0
661 0
662 0
663 1
664 1
665 1
666 0
667 0
668 0
669 0
670 0
671 0
672 0
673 0
674 0
675 0
676 0
677 0
678 0
679 0
680 0
681 0
682 0
683 0
684 0
685 0
686 0
687 0
688 0
689 0
690 0
691 0
692 0
693 0
694 0
695 0
696 0
697 0
698 0
699 0
700 0
701 0
702 0
703 0
704 0
705 0
706 0
707 0
708 0
709 0
710 0
711 0
712 0
713 0
714 0
715 0
716 0
717 0
718 0
719 3
720 2
721 0
722 0
723 0
724 0
725 0
726 2
727 2
728 2
729 1
730 0
731 0
732 2
733 0
734 2
735 0
736 0
737 0
738 0
739 0
740 0
741 0
742 0
743 0
744 0
745 0
746 0
747 0
748 0
749 0
750 0
751 0
752 0
753 0
754 1
755 1
756 1
757 1
758 1
759 1
760 1
761 1
762 1
763 2
764 0
765 1
766 1
767 0
768 1
769 1
770 1
771 1
772 1
773 0
774 1
775 2
776 1
777 0
778 1
779 1
780 0
781 0
782 1
783 1
784 1
785 2
786 1
787 1
788 1
789 0
790 0
791 0
792 0
793 1
794 0
795 0
796 2
797 1
798 2
799 1
800 2
801 1
802 2
803 2
804 1
805 1
806 2
807 2
808 1
809 1
810 1
811 1
812 1
813 0
814 2
815 1
816 2
817 1
818 1
819 2
820 1
821 2
822 2
823 1
824 2
825 2
826 2
827 1
828 2
829 1
830 1
831 1
832 1
833 1
834 1
835 1
836 1
837 1
838 1
839 2
840 1
841 1
842 3
843 2
844 1
845 1
846 2
847 2
848 1
849 1
850 2
851 3
852 2
853 3
854 2
855 1
856 1
857 1
858 1
859 1
860 0
861 2
862 2
863 1
864 0
865 1
866 0
867 1
868 1
869 2
870 2
871 2
872 4
873 3
874 1
875 1
876 2
877 1
878 4
879 2
880 1
881 2
882 2
883 2
884 2
885 2
886 1
887 1
888 0
889 4
890 1
891 2
892 1
893 1
894 2
895 2
896 2
897 2
898 2
899 2
900 2
901 1
902 2
903 1
904 2
905 1
906 2
907 2
908 4
909 2
910 3
911 3
912 2
913 2
914 2
915 3
916 2
917 1
918 1
919 1
920 3
921 2
922 1
923 2
924 0
925 4
926 2
927 3
928 2
929 1
930 2
931 4
932 1
933 2
934 2
935 1
936 0
937 3
938 1
939 2
940 2
941 2
942 4
943 2
944 2
945 3
946 1
947 1
948 0
949 1
950 2
951 1
952 1
953 0
954 1
955 1
956 1
957 1
958 3
959 1
960 0
961 0
962 0
963 0
964 1
965 3
966 1
967 0
968 2
969 1
970 1
971 0
972 2
973 1
974 1
975 2
976 2
977 0
978 1
979 0
980 1
981 2
982 1
983 1
984 0
985 0
986 2
987 1
988 1
989 2
990 2
991 2
992 2
993 3
994 0
995 0
996 0
997 1
998 0
999 0
1000 0
1001 0
1002 1
1003 0
1004 2
1005 1
1006 1
1007 2
1008 2
1009 2
1010 3
1011 0
1012 0
1013 0
1014 0
1015 1
1016 0
1017 0
1018 1
1019 1
1020 1
1021 1
1022 0
1023 3
1024 0
1025 1
1026 1
1027 1
1028 1
1029 1
1030 1
1031 0
1032 0
1033 0
1034 0
1035 2
1036 0
1037 1
1038 0
1039 0
1040 0
1041 0
1042 0
1043 0
1044 0
1045 0
1046 0
1047 0
1048 0
1049 0
1050 1
1051 0
1052 0
1053 0
1054 0
1055 0
1056 0
1057 0
1058 1
1059 0
1060 0
1061 0
1062 1
1063 1
1064 2
1065 2
1066 1
1067 0
1068 0
1069 2
1070 2
1071 1
1072 0
1073 1
1074 0
1075 0
1076 0
1077 1
1078 1
1079 2
1080 0
1081 1
1082 0
1083 1
1084 1
1085 1
1086 1
1087 1
1088 0
1089 1
1090 0
1091 1
1092 0
1093 1
1094 2
1095 1
1096 0
1097 1
1098 1
1099 1
1100 1
1101 1
1102 4
1103 1
1104 1
1105 1
1106 1
1107 1
1108 1
1109 0
1110 0
1111 0
1112 0
1113 0
1114 0
1115 0
1116 0
1117 2
1118 2
1119 2
1120 1
1121 3
1122 2
1123 2
1124 2
1125 3
1126 2
1127 2
1128 2
1129 3
1130 2
1131 2
1132 3
1133 2
1134 3
1135 2
1136 3
1137 1
1138 2
1139 1
1140 2
1141 2
1142 2
1143 2
1144 1
1145 1
1146 3
1147 2
1148 3
1149 1
1150 2
1151 2
1152 1
1153 2
1154 3
1155 3
1156 2
1157 2
1158 2
1159 3
1160 3
1161 2
1162 2
1163 1
1164 1
1165 2
1166 2
1167 2
1168 3
1169 1
1170 3
1171 1
1172 3
1173 2
1174 1
1175 2
1176 1
1177 2
1178 3
1179 2
1180 3
1181 1
1182 3
1183 3
1184 2
1185 3
1186 1
1187 2
1188 2
1189 0
1190 1
1191 2
1192 3
1193 3
1194 1
1195 2
1196 1
1197 1
1198 2
1199 2
1200 1
1201 0
1202 2
1203 2
1204 1
1205 2
1206 1
1207 3
1208 1
1209 2
1210 2
1211 1
1212 1
1213 0
1214 2
1215 0
1216 2
1217 1
1218 0
1219 0
1220 0
1221 0
1222 1
1223 1
1224 0
1225 0
1226 0
1227 0
1228 1
1229 1
1230 1
1231 3
1232 0
1233 0
1234 2
1235 2
1236 1
1237 2
1238 2
1239 1
1240 2
1241 1
1242 1
1243 1
1244 1
1245 2
1246 2
1247 1
1248 2
1249 1
1250 2
1251 1
1252 2
1253 2
1254 2
1255 2
1256 0
1257 4
1258 3
1259 0
1260 2
1261 2
1262 2
1263 2
1264 2
1265 2
1266 3
1267 2
1268 2
1269 2
1270 2
1271 2
1272 2
1273 1
1274 2
1275 2
1276 1
1277 2
1278 2
1279 3
1280 2
1281 1
1282 2
1283 0
1284 0
1285 0
1286 0
1287 0
1288 0
1289 0
1290 0
1291 0
1292 0
1293 0
1294 0
1295 0
1296 0
1297 0
1298 0
1299 0
1300 0
1301 0
1302 0
1303 1
1304 0
1305 1
1306 2
1307 0
1308 0
1309 0
1310 1
1311 0
1312 0
1313 0
1314 1
1315 0
1316 0
1317 2
1318 0
1319 0
1320 0
1321 0
1322 1
1323 2
1324 3
1325 0
1326 0
1327 0
1328 0
1329 1
1330 0
1331 0
1332 0
1333 0
1334 0
1335 0
1336 1
1337 0
1338 2
1339 2
1340 2
1341 2
1342 0
1343 0
1344 2
1345 2
1346 3
1347 2
1348 1
1349 0
1350 0
1351 0
1352 0
1353 0
1354 0
1355 1
1356 1
1357 1
1358 2
1359 0
1360 1
1361 0
1362 2
1363 1
1364 2
1365 3
1366 2
1367 2
1368 0
1369 1
1370 2
1371 0
1372 2
1373 0
1374 0
1375 0
1376 3
1377 2
1378 0
1379 0
1380 0
1381 0
1382 0
1383 0
1384 1
1385 2
1386 2
1387 1
1388 0
1389 0
1390 0
1391 0
1392 0
1393 0
1394 0
1395 0
1396 0
1397 0
1398 0
1399 0
1400 0
1401 0
1402 0
1403 0
1404 0
1405 0
1406 0
1407 0
1408 0
1409 1
1410 0
1411 0
1412 0
1413 2
1414 0
1415 0
1416 1
1417 1
1418 0
1419 0
1420 0
1421 0
1422 0
1423 0
1424 0
1425 0
1426 0
1427 0
1428 0
1429 0
1430 0
1431 0
1432 0
1433 0
1434 0
1435 1
1436 1
1437 0
1438 1
1439 0
1440 0
1441 0
1442 1
1443 0
1444 0
1445 0
1446 2
1447 1
1448 0
1449 0
1450 0
1451 1
1452 1
1453 0
1454 0
1455 0
1456 0
1457 0
1458 0
1459 1
1460 3
1461 1
1462 1
1463 0
1464 0
1465 0
1466 0
1467 0
1468 2
1469 2
1470 0
1471 1
1472 2
1473 0
1474 0
1475 0
1476 0
1477 0
1478 0
1479 0
1480 0
1481 0
1482 0
1483 0
1484 0
1485 0
1486 0
1487 0
1488 0
1489 0
1490 1
1491 1
1492 2
1493 0
1494 0
1495 0
1496 2
1497 2
1498 2
1499 2
1500 2
1501 1
1502 1
1503 2
1504 2
1505 2
1506 2
1507 0
1508 1
1509 2
1510 3
1511 2
1512 2
1513 2
1514 2
1515 2
1516 2
1517 0
1518 0
1519 0
1520 0
1521 2
1522 1
1523 2
1524 1
1525 2
1526 1
1527 0
1528 2
1529 1
1530 3
1531 0
1532 1
1533 0
1534 0
1535 0
1536 0
1537 0
1538 1
1539 0
1540 1
1541 1
1542 1
1543 1
1544 0
1545 0
1546 0
1547 0
1548 0
1549 1
1550 0
1551 0
1552 0
1553 0
1554 0
1555 1
1556 0
1557 0
1558 0
1559 0
1560 0
1561 0
1562 0
1563 0
1564 0
1565 0
1566 0
1567 0
1568 0
1569 0
1570 0
1571 1
1572 0
1573 1
1574 1
1575 0
1576 0
1577 0
1578 0
1579 2
1580 2
1581 1
1582 0
1583 1
1584 0
1585 1
1586 1
1587 0
1588 0
1589 1
1590 1
1591 1
1592 0
1593 1
1594 1
1595 0
1596 0
1597 0
1598 0
1599 0
1600 0
1601 0
1602 0
1603 0
1604 0
1605 2
1606 0
1607 2
1608 1
1609 0
1610 1
1611 2
1612 2
1613 1
1614 3
1615 1
1616 1
1617 2
1618 1
1619 1
1620 1
1621 1
1622 1
1623 1
1624 1
1625 0
1626 0
1627 0
1628 1
1629 0
1630 0
1631 0
1632 0
1633 0
1634 0
1635 0
1636 0
1637 0
1638 0
1639 0
1640 1
1641 0
1642 0
1643 1
1644 0
1645 0
1646 0
1647 1
1648 0
1649 1
1650 0
1651 0
1652 0
1653 0
1654 0
1655 0
1656 0
1657 1
1658 1
1659 1
1660 1
1661 1
1662 1
1663 2
1664 1
1665 1
1666 1
1667 1
1668 0
1669 1
1670 2
1671 1
1672 1
1673 3
1674 1
1675 2
1676 2
1677 0
1678 1
1679 0
1680 3
1681 0
1682 1
1683 3
1684 0
1685 1
1686 2
1687 1
1688 0
1689 0
1690 0
1691 1
1692 1
1693 2
1694 0
1695 3
1696 2
1697 0
1698 0
1699 0
1700 0
1701 0
1702 0
1703 1
1704 1
1705 1
1706 1
1707 0
1708 1
1709 0
1710 1
1711 0
1712 1
1713 1
1714 0
1715 1
1716 1
1717 1
1718 1
1719 2
1720 0
1721 1
1722 2
1723 1
1724 1
1725 1
1726 2
1727 1
1728 0
1729 2
1730 1
1731 1
1732 0
1733 1
1734 0
1735 1
1736 0
1737 0
1738 0
1739 0
1740 0
1741 1
1742 1
1743 0
1744 0
1745 0
1746 0
1747 0
1748 0
1749 0
1750 0
1751 0
1752 0
1753 0
1754 1
1755 0
1756 1
1757 0
1758 2
1759 0
1760 0
1761 0
1762 1
1763 0
1764 0
1765 0
1766 1
1767 0
1768 2
1769 0
1770 2
1771 2
1772 1
1773 1
1774 0
1775 0
1776 2
1777 1
1778 0
1779 0
1780 0
1781 0
1782 1
1783 0
1784 0
1785 2
1786 1
1787 2
1788 0
1789 0
1790 0
1791 1
1792 0
1793 0
1794 0
1795 0
1796 2
1797 1
1798 0
1799 0
1800 0
1801 0
1802 0
1803 1
1804 1
1805 0
1806 0
1807 1
1808 0
1809 0
1810 0
1811 0
1812 1
1813 0
1814 1
1815 1
1816 0
1817 1
1818 0
1819 1
1820 0
1821 3
1822 0
1823 1
1824 1
1825 0
1826 1
1827 0
1828 2
1829 1
1830 2
1831 0
1832 0
1833 0
1834 0
1835 0
1836 1
1837 0
1838 2
1839 2
1840 2
1841 1
1842 1
1843 0
1844 0
1845 0
1846 0
1847 0
1848 0
1849 0
1850 2
1851 1
1852 0
1853 2
1854 2
1855 1
1856 1
1857 1
1858 0
1859 1
1860 0
1861 0
1862 1
1863 0
1864 1
1865 1
1866 1
1867 0
1868 0
1869 0
1870 1
1871 2
1872 0
1873 0
1874 0
1875 1
1876 0
1877 0
1878 0
1879 0
1880 1
1881 0
1882 1
1883 0
1884 0
1885 0
1886 0
1887 0
1888 0
1889 0
1890 1
1891 2
1892 2
1893 0
1894 0
1895 0
1896 0
1897 0
1898 0
1899 0
1900 0
1901 0
1902 2
1903 1
1904 1
1905 0
1906 0
1907 1
1908 0
1909 0
1910 0
1911 0
1912 0
1913 0
1914 0
1915 1
1916 0
1917 1
1918 0
1919 0
1920 0
1921 0
1922 0
1923 0
1924 0
1925 1
1926 0
1927 0
1928 0
1929 0
1930 0
1931 1
1932 0
1933 0
1934 0
1935 0
1936 1
1937 0
1938 0
1939 0
1940 0
1941 0
1942 1
1943 0
1944 0
1945 0
1946 0
1947 1
1948 1
1949 0
1950 1
1951 0
1952 1
1953 2
1954 1
1955 1
1956 1
1957 2
1958 0
1959 1
1960 3
1961 0
1962 0
1963 0
1964 0
1965 1
1966 0
1967 0
1968 1
1969 1
1970 1
1971 0
1972 1
1973 1
1974 0
1975 1
1976 1
1977 2
1978 0
1979 0
1980 1
1981 1
1982 1
1983 1
1984 0
1985 1
1986 0
1987 2
1988 1
1989 0
1990 0
1991 0
1992 1
1993 1
1994 1
1995 0
1996 0
1997 0
1998 0
1999 1
