0 1
1 2
2 1
3 3
4 3
5 3
6 2
7 2
8 3
9 3
10 2
11 2
12 1
13 1
14 2
15 3
16 4
17 2
18 1
19 1
20 0
21 0
22 0
23 2
24 3
25 3
26 2
27 0
28 1
29 1
30 1
31 1
32 1
33 1
34 2
35 2
36 2
37 3
38 1
39 1
40 3
41 1
42 2
43 3
44 2
45 0
46 2
47 2
48 2
49 3
50 2
51 0
52 2
53 4
54 1
55 4
56 2
57 1
58 2
59 0
60 3
61 2
62 2
63 2
64 1
65 2
66 2
67 1
68 2
69 1
70 1
71 1
72 0
73 1
74 2
75 1
76 2
77 2
78 1
79 1
80 0
81 0
82 2
83 3
84 1
85 3
86 1
87 0
88 0
89 1
90 1
91 1
92 5
93 4
94 1
95 2
96 3
97 1
98 1
99 2
100 3
101 2
102 1
103 2
104 3
105 2
106 2
107 1
108 1
109 1
110 1
111 1
112 2
113 1
114 1
115 3
116 2
117 2
118 2
119 3
120 2
121 1
122 1
123 1
124 0
125 0
126 0
127 2
128 2
129 0
130 0
131 0
132 1
133 0
134 1
135 0
136 0
137 0
138 0
139 0
140 0
141 0
142 1
143 0
144 0
145 0
146 0
147 1
148 0
149 0
150 0
151 0
152 0
153 0
154 0
155 0
156 1
157 0
158 0
159 0
160 0
161 0
162 1
163 0
164 0
165 0
166 0
167 1
168 1
169 0
170 0
171 0
172 1
173 1
174 1
175 0
176 0
177 0
178 0
179 0
180 0
181 1
182 0
183 1
184 0
185 0
186 1
187 0
188 0
189 1
190 0
191 1
192 2
193 0
194 0
195 1
196 2
197 2
198 1
199 0
200 0
201 0
202 1
203 0
204 1
205 0
206 0
207 0
208 1
209 1
210 1
211 0
212 0
213 1
214 0
215 0
216 0
217 1
218 1
219 1
220 1
221 2
222 0
223 1
224 2
225 1
226 2
227 0
228 2
229 1
230 4
231 0
232 2
233 1
234 1
235 3
236 1
237 2
238 1
239 0
240 0
241 1
242 1
243 0
244 1
245 1
246 0
247 1
248 0
249 0
250 0
251 1
252 1
253 0
254 1
255 0
256 0
257 0
258 0
259 1
260 0
261 1
262 0
263 0
264 0
265 0
266 0
267 0
268 0
269 1
270 1
271 0
272 0
273 1
274 2
275 2
276 3
277 2
278 1
279 1
280 1
281 0
282 1
283 1
284 2
285 2
286 2
287 2
288 1
289 1
290 1
291 1
292 0
293 2
294 1
295 3
296 1
297 1
298 2
299 1
300 1
301 1
302 1
303 2
304 2
305 1
306 1
307 2
308 2
309 1
310 2
311 0
312 2
313 1
314 1
315 1
316 1
317 1
318 1
319 1
320 0
321 0
322 1
323 0
324 0
325 1
326 1
327 1
328 1
329 0
330 1
331 1
332 0
333 1
334 1
335 2
336 1
337 0
338 1
339 2
340 1
341 1
342 1
343 0
344 2
345 2
346 1
347 1
348 1
349 0
350 0
351 2
352 3
353 2
354 5
355 1
356 3
357 2
358 1
359 2
360 2
361 3
362 0
363 3
364 2
365 3
366 0
367 1
368 0
369 1
370 1
371 2
372 0
373 1
374 1
375 1
376 1
377 0
378 1
379 0
380 1
381 1
382 1
383 1
384 2
385 2
386 2
387 2
388 0
389 2
390 1
391 2
392 2
393 1
394 1
395 1
396 1
397 1
398 1
399 1
400 2
401 3
402 1
403 2
404 2
405 3
406 1
407 3
408 3
409 2
410 1
411 1
412 1
413 1
414 0
415 1
416 1
417 0
418 1
419 1
420 1
421 1
422 1
423 1
424 0
425 0
426 0
427 0
428 1
429 0
430 0
431 1
432 1
433 0
434 0
435 0
436 1
437 1
438 0
439 1
440 2
441 1
442 1
443 0
444 1
445 0
446 1
447 2
448 1
449 1
450 0
451 1
452 1
453 1
454 0
455 1
456 0
457 1
458 1
459 0
460 1
461 1
462 0
463 1
464 1
465 1
466 2
467 1
468 1
469 0
470 1
471 0
472 1
473 1
474 1
475 0
476 0
477 1
478 1
479 1
480 1
481 1
482 0
483 1
484 1
485 1
486 1
487 0
488 0
489 1
490 1
491 1
492 0
493 0
494 1
495 1
496 2
497 2
498 1
499 1
500 0
501 3
502 1
503 1
504 2
505 1
506 1
507 1
508 1
509 1
510 1
511 0
512 1
513 1
514 1
515 1
516 2
517 1
518 1
519 1
520 2
521 3
522 3
523 1
524 3
525 1
526 0
527 1
528 1
529 1
530 1
531 4
532 3
533 3
534 3
535 1
536 3
537 3
538 2
539 3
540 2
541 3
542 2
543 2
544 2
545 4
546 3
547 2
548 3
549 2
550 3
551 2
552 3
553 1
554 1
555 3
556 2
557 4
558 2
559 3
560 3
561 4
562 1
563 1
564 1
565 1
566 1
567 1
568 1
569 1
570 2
571 2
572 3
573 1
574 1
575 0
576 2
577 4
578 2
579 1
580 1
581 2
582 2
583 0
584 1
585 1
586 1
587 1
588 1
589 1
590 1
591 1
592 2
593 3
594 2
595 3
596 2
597 1
598 3
599 1
600 1
601 1
602 1
603 1
604 3
605 1
606 1
607 1
608 1
609 1
610 1
611 1
612 1
613 1
614 1
615 1
616 1
617 1
618 2
619 2
620 0
621 1
622 2
623 3
624 3
625 2
626 2
627 2
628 2
629 1
630 2
631 3
632 3
633 1
634 1
635 1
636 1
637 0
638 0
639 1
640 1
641 1
642 1
643 1
644 0
645 2
646 1
647 1
648 1
649 1
650 1
651 1
652 1
653 0
654 1
655 0
656 1
657 1
658 1
659 1
660 1
661 0
662 1
663 0
664 2
665 1
666 1
667 1
668 0
669 0
670 0
671 1
672 0
673 1
674 1
675 0
676 2
677 1
678 0
679 0
680 1
681 1
682 0
683 1
684 1
685 0
686 0
687 1
688 1
689 1
690 1
691 1
692 1
693 1
694 1
695 1
696 0
697 0
698 1
699 0
700 1
701 0
702 0
703 2
704 1
705 1
706 1
707 2
708 1
709 1
710 0
711 1
712 1
713 1
714 1
715 1
716 1
717 1
718 1
719 1
720 0
721 1
722 1
723 1
724 1
725 1
726 1
727 1
728 1
729 1
730 0
731 0
732 0
733 1
734 0
735 0
736 1
737 1
738 2
739 1
740 1
741 1
742 0
743 1
744 0
745 1
746 1
747 1
748 1
749 0
750 1
751 1
752 1
753 1
754 1
755 1
756 1
757 1
758 0
759 1
760 0
761 0
762 1
763 1
764 0
765 1
766 0
767 1
768 0
769 1
770 1
771 1
772 1
773 1
774 2
775 1
776 1
777 0
778 0
779 1
780 1
781 0
782 0
783 0
784 2
785 2
786 0
787 2
788 1
789 0
790 1
791 0
792 1
793 1
794 2
795 0
796 3
797 1
798 2
799 2
800 1
801 0
802 0
803 1
804 1
805 0
806 1
807 2
808 2
809 1
810 0
811 1
812 1
813 3
814 0
815 1
816 1
817 0
818 0
819 1
820 0
821 1
822 1
823 1
824 0
825 1
826 3
827 1
828 4
829 2
830 1
831 0
832 2
833 2
834 2
835 1
836 1
837 1
838 1
839 1
840 1
841 0
842 1
843 2
844 0
845 0
846 0
847 0
848 0
849 0
850 1
851 1
852 0
853 1
854 2
855 1
856 1
857 0
858 1
859 1
860 0
861 1
862 0
863 2
864 1
865 0
866 1
867 1
868 1
869 1
870 1
871 2
872 1
873 0
874 0
875 1
876 1
877 1
878 1
879 1
880 0
881 0
882 0
883 0
884 1
885 1
886 1
887 0
888 1
889 1
890 0
891 1
892 1
893 1
894 3
895 0
896 2
897 1
898 2
899 1
900 2
901 2
902 1
903 2
904 2
905 1
906 3
907 3
908 0
909 0
910 2
911 0
912 0
913 2
914 2
915 0
916 1
917 1
918 2
919 0
920 0
921 0
922 3
923 2
924 3
925 3
926 1
927 2
928 3
929 1
930 4
931 1
932 0
933 0
934 1
935 1
936 0
937 0
938 1
939 1
940 3
941 1
942 2
943 2
944 2
945 2
946 0
947 1
948 1
949 1
950 0
951 1
952 1
953 1
954 1
955 1
956 1
957 1
958 1
959 1
960 1
961 1
962 1
963 1
964 0
965 0
966 1
967 1
968 0
969 0
970 1
971 1
972 0
973 1
974 1
975 0
976 1
977 2
978 0
979 0
980 0
981 0
982 1
983 0
984 1
985 0
986 0
987 0
988 0
989 1
990 0
991 0
992 1
993 1
994 1
995 0
996 1
997 1
998 1
999 2
1000 1
1001 2
1002 2
1003 4
1004 2
1005 2
1006 1
1007 4
1008 2
1009 2
1010 1
1011 0
1012 2
1013 2
1014 1
1015 3
1016 1
1017 2
1018 2
1019 2
1020 2
1021 1
1022 2
1023 1
1024 1
1025 1
1026 2
1027 1
1028 2
1029 2
1030 2
1031 2
1032 4
1033 4
1034 1
1035 1
1036 1
1037 0
1038 1
1039 1
1040 1
1041 1
1042 0
1043 1
1044 2
1045 1
1046 0
1047 1
1048 1
1049 1
1050 0
1051 1
1052 1
1053 2
1054 1
1055 2
1056 1
1057 1
1058 1
1059 1
1060 1
1061 0
1062 1
1063 1
1064 1
1065 1
1066 2
1067 0
1068 0
1069 1
1070 0
1071 1
1072 0
1073 2
1074 3
1075 3
1076 2
1077 0
1078 1
1079 1
1080 1
1081 1
1082 1
1083 2
1084 1
1085 1
1086 1
1087 1
1088 2
1089 2
1090 0
1091 1
1092 1
1093 0
1094 1
1095 1
1096 0
1097 1
1098 1
1099 0
1100 0
1101 0
1102 2
1103 2
1104 2
1105 0
1106 1
1107 1
1108 1
1109 2
1110 0
1111 0
1112 0
1113 0
1114 2
1115 2
1116 0
1117 0
1118 0
1119 1
1120 1
1121 1
1122 1
1123 1
1124 1
1125 2
1126 1
1127 1
1128 0
1129 0
1130 0
1131 0
1132 1
1133 0
1134 0
1135 2
1136 0
1137 0
1138 2
1139 1
1140 1
1141 1
1142 1
1143 0
1144 1
1145 0
1146 2
1147 0
1148 1
1149 2
1150 0
1151 0
1152 1
1153 0
1154 0
1155 1
1156 1
1157 1
1158 1
1159 1
1160 1
1161 0
1162 1
1163 1
1164 1
1165 2
1166 2
1167 1
1168 1
1169 1
1170 1
1171 2
1172 1
1173 1
1174 0
1175 1
1176 0
1177 1
1178 0
1179 0
1180 1
1181 1
1182 0
1183 1
1184 1
1185 0
1186 1
1187 0
1188 2
1189 0
1190 1
1191 1
1192 0
1193 0
1194 1
1195 0
1196 1
1197 0
1198 1
1199 1
1200 1
1201 1
1202 1
1203 1
1204 1
1205 1
1206 1
1207 0
1208 1
1209 1
1210 2
1211 1
1212 1
1213 1
1214 1
1215 1
1216 1
1217 1
1218 1
1219 1
1220 1
1221 0
1222 1
1223 2
1224 0
1225 0
1226 0
1227 0
1228 0
1229 1
1230 0
1231 0
1232 1
1233 1
1234 1
1235 1
1236 1
1237 0
1238 1
1239 1
1240 0
1241 1
1242 2
1243 0
1244 1
1245 1
1246 1
1247 1
1248 0
1249 1
1250 1
1251 1
1252 1
1253 2
1254 1
1255 1
1256 1
1257 1
1258 1
1259 1
1260 0
1261 1
1262 1
1263 1
1264 1
1265 1
1266 1
1267 1
1268 1
1269 0
1270 2
1271 1
1272 2
1273 1
1274 2
1275 0
1276 1
1277 1
1278 2
1279 2
1280 1
1281 1
1282 1
1283 0
1284 1
1285 1
1286 0
1287 0
1288 0
1289 1
1290 0
1291 2
1292 1
1293 2
1294 1
1295 1
1296 1
1297 1
1298 1
1299 1
1300 2
1301 1
1302 0
1303 0
1304 2
1305 2
1306 1
1307 0
1308 0
1309 1
1310 2
1311 2
1312 0
1313 1
1314 1
1315 1
1316 1
1317 1
1318 2
1319 1
1320 1
1321 0
1322 1
1323 1
1324 1
1325 1
1326 1
1327 1
1328 1
1329 1
1330 1
1331 1
1332 1
1333 1
1334 1
1335 2
1336 1
1337 1
1338 1
1339 1
1340 2
1341 1
1342 1
1343 1
1344 1
1345 0
1346 1
1347 1
1348 1
1349 0
1350 0
1351 1
1352 1
1353 1
1354 1
1355 1
1356 1
1357 1
1358 0
1359 1
1360 1
1361 1
1362 0
1363 0
1364 1
1365 1
1366 3
1367 1
1368 1
1369 1
1370 2
1371 2
1372 1
1373 1
1374 2
1375 1
1376 1
1377 1
1378 1
1379 1
1380 1
1381 1
1382 2
1383 2
1384 0
1385 1
1386 1
1387 2
1388 3
1389 2
1390 1
1391 0
1392 1
1393 0
1394 1
1395 1
1396 2
1397 1
1398 1
1399 1
1400 0
1401 0
1402 2
1403 1
1404 1
1405 1
1406 2
1407 1
1408 1
1409 0
1410 2
1411 2
1412 1
1413 1
1414 1
1415 1
1416 0
1417 1
1418 2
1419 0
1420 1
1421 0
1422 0
1423 1
1424 0
1425 1
1426 1
1427 2
1428 0
1429 1
1430 1
1431 3
1432 2
1433 3
1434 0
1435 1
1436 1
1437 1
1438 0
1439 1
1440 2
1441 1
1442 2
1443 1
1444 1
1445 1
1446 2
1447 1
1448 1
1449 0
1450 3
1451 1
1452 1
1453 1
1454 0
1455 2
1456 1
1457 1
1458 0
1459 0
1460 1
1461 1
1462 1
1463 0
1464 1
1465 0
1466 2
1467 4
1468 1
1469 2
1470 1
1471 1
1472 1
1473 0
1474 2
1475 1
1476 2
1477 0
1478 2
1479 1
1480 0
1481 1
1482 1
1483 2
1484 1
1485 1
1486 1
1487 1
1488 2
1489 1
1490 1
1491 1
1492 1
1493 2
1494 1
1495 1
1496 0
1497 2
1498 1
1499 2
1500 1
1501 1
1502 1
1503 2
1504 1
1505 1
1506 1
1507 0
1508 2
1509 1
1510 2
1511 0
1512 1
1513 2
1514 1
1515 0
1516 0
1517 0
1518 0
1519 1
1520 0
1521 0
1522 1
1523 2
1524 0
1525 1
1526 1
1527 1
1528 1
1529 0
1530 2
1531 1
1532 1
1533 3
1534 2
1535 1
1536 1
1537 1
1538 1
1539 1
1540 1
1541 1
1542 1
1543 2
1544 1
1545 1
1546 0
1547 1
1548 1
1549 1
1550 1
1551 2
1552 1
1553 1
1554 1
1555 1
1556 1
1557 2
1558 0
1559 2
1560 2
1561 0
1562 0
1563 1
1564 0
1565 1
1566 1
1567 1
1568 1
1569 1
1570 1
1571 1
1572 3
1573 1
1574 1
1575 0
1576 1
1577 0
1578 1
1579 0
1580 1
1581 0
1582 1
1583 1
1584 0
1585 2
1586 0
1587 1
1588 1
1589 1
1590 1
1591 1
1592 1
1593 2
1594 1
1595 1
1596 2
1597 1
1598 1
1599 1
1600 1
1601 0
1602 1
1603 0
1604 0
1605 0
1606 1
1607 2
1608 1
1609 0
1610 1
1611 1
1612 1
1613 1
1614 2
1615 1
1616 1
1617 0
1618 2
1619 1
1620 1
1621 1
1622 1
1623 1
1624 1
1625 1
1626 1
1627 0
1628 2
1629 1
1630 1
1631 1
1632 1
1633 1
1634 1
1635 1
1636 1
1637 1
1638 1
1639 1
1640 1
1641 1
1642 1
1643 1
1644 1
1645 0
1646 2
1647 1
1648 1
1649 1
1650 1
1651 1
1652 0
1653 1
1654 1
1655 3
1656 0
1657 1
1658 0
1659 1
1660 2
1661 1
1662 0
1663 2
1664 2
1665 1
1666 1
1667 1
1668 0
1669 1
1670 2
1671 1
1672 0
1673 1
1674 1
1675 1
1676 1
1677 1
1678 1
1679 1
1680 0
1681 1
1682 1
1683 1
1684 1
1685 1
1686 1
1687 1
1688 1
1689 1
1690 0
1691 1
1692 1
1693 1
1694 1
1695 2
1696 0
1697 1
1698 1
1699 1
1700 1
1701 0
1702 1
1703 1
1704 1
1705 1
1706 1
1707 1
1708 2
1709 2
1710 2
1711 1
1712 1
1713 2
1714 2
1715 0
1716 1
1717 1
1718 1
1719 1
1720 1
1721 1
1722 2
1723 0
1724 1
1725 0
1726 2
1727 2
1728 0
1729 1
1730 2
1731 2
1732 1
1733 0
1734 1
1735 1
1736 1
1737 1
1738 1
1739 0
1740 1
1741 2
1742 0
1743 1
1744 1
1745 2
1746 1
1747 1
1748 1
1749 1
1750 2
1751 0
1752 1
1753 0
1754 1
1755 1
1756 1
1757 1
1758 1
1759 1
1760 1
1761 1
1762 0
1763 1
1764 0
1765 2
1766 0
1767 1
1768 1
1769 0
1770 2
1771 0
1772 1
1773 1
1774 1
1775 1
1776 2
1777 2
1778 1
1779 1
1780 1
1781 1
1782 2
1783 0
1784 0
1785 1
1786 0
1787 1
1788 0
1789 1
1790 1
1791 1
1792 1
1793 0
1794 1
1795 1
1796 1
1797 1
1798 0
1799 2
1800 2
1801 1
1802 1
1803 2
1804 1
1805 1
1806 2
1807 2
1808 1
1809 1
1810 1
1811 1
1812 1
1813 1
1814 1
1815 0
1816 0
1817 1
1818 0
1819 1
1820 1
1821 1
1822 1
1823 1
1824 0
1825 1
1826 1
1827 1
1828 1
1829 1
1830 0
1831 0
1832 1
1833 0
1834 1
1835 1
1836 1
1837 1
1838 2
1839 1
1840 1
1841 2
1842 1
1843 1
1844 1
1845 0
1846 1
1847 1
1848 1
1849 2
1850 0
1851 1
1852 2
1853 1
1854 3
1855 0
1856 0
1857 1
1858 1
1859 1
1860 1
1861 1
1862 1
1863 1
1864 1
1865 1
1866 1
1867 1
1868 1
1869 1
1870 1
1871 1
1872 2
1873 1
1874 2
1875 1
1876 0
1877 1
1878 0
1879 1
1880 1
1881 0
1882 1
1883 0
1884 1
1885 1
1886 1
1887 1
1888 1
1889 2
1890 1
1891 1
1892 0
1893 1
1894 1
1895 1
1896 1
1897 2
1898 1
1899 1
1900 1
1901 1
1902 1
1903 0
1904 1
1905 0
1906 1
1907 1
1908 1
1909 0
1910 2
1911 1
1912 2
1913 1
1914 2
1915 1
1916 1
1917 0
1918 1
1919 1
1920 0
1921 1
1922 1
1923 1
1924 1
1925 0
1926 1
1927 0
1928 2
1929 0
1930 2
1931 1
1932 0
1933 1
1934 0
1935 1
1936 1
1937 0
1938 1
1939 1
1940 1
1941 1
1942 1
1943 0
1944 1
1945 3
1946 1
1947 2
1948 1
1949 1
1950 1
1951 0
1952 0
1953 1
1954 1
1955 2
1956 0
1957 1
1958 1
1959 1
1960 1
1961 1
1962 0
1963 0
1964 1
1965 1
1966 1
1967 1
1968 1
1969 0
1970 2
1971 1
1972 0
1973 1
1974 1
1975 1
1976 1
1977 1
1978 0
1979 0
1980 1
1981 0
1982 0
1983 1
1984 0
1985 0
1986 0
1987 1
1988 1
1989 1
1990 1
1991 1
1992 0
1993 0
1994 2
1995 1
1996 1
1997 1
1998 1
1999 1
