0 0
1 0
2 0
3 0
4 0
5 0
6 0
7 0
8 0
9 0
10 0
11 0
12 0
13 0
14 0
15 0
16 0
17 0
18 0
19 0
20 1
21 1
22 1
23 0
24 0
25 1
26 0
27 1
28 0
29 0
30 1
31 2
32 0
33 0
34 1
35 0
36 0
37 0
38 0
39 0
40 0
41 1
42 1
43 1
44 0
45 0
46 1
47 1
48 1
49 0
50 1
51 1
52 1
53 1
54 1
55 1
56 1
57 2
58 1
59 1
60 0
61 1
62 2
63 1
64 0
65 1
66 1
67 1
68 1
69 2
70 1
71 1
72 2
73 1
74 2
75 1
76 1
77 1
78 1
79 0
80 0
81 1
82 0
83 1
84 2
85 1
86 2
87 2
88 1
89 0
90 0
91 1
92 1
93 1
94 1
95 1
96 1
97 1
98 1
99 0
100 1
101 0
102 2
103 1
104 1
105 1
106 1
107 1
108 1
109 0
110 1
111 1
112 1
113 1
114 1
115 1
116 0
117 1
118 0
119 1
120 1
121 0
122 0
123 2
124 1
125 2
126 2
127 2
128 1
129 2
130 1
131 0
132 1
133 1
134 0
135 1
136 2
137 1
138 1
139 0
140 0
141 1
142 2
143 0
144 2
145 1
146 2
147 2
148 1
149 1
150 0
151 0
152 1
153 2
154 0
155 0
156 0
157 0
158 1
159 1
160 1
161 2
162 0
163 1
164 0
165 0
166 0
167 0
168 0
169 1
170 0
171 0
172 0
173 0
174 0
175 0
176 0
177 1
178 1
179 1
180 2
181 0
182 0
183 1
184 1
185 0
186 0
187 1
188 0
189 1
190 1
191 1
192 0
193 1
194 2
195 2
196 0
197 0
198 2
199 2
200 1
201 1
202 2
203 1
204 1
205 1
206 0
207 0
208 1
209 1
210 0
211 0
212 1
213 1
214 0
215 2
216 1
217 1
218 0
219 2
220 1
221 0
222 1
223 0
224 0
225 2
226 1
227 0
228 0
229 0
230 0
231 1
232 1
233 0
234 0
235 1
236 0
237 1
238 0
239 0
240 0
241 0
242 0
243 0
244 0
245 0
246 0
247 0
248 1
249 0
250 0
251 1
252 1
253 0
254 1
255 0
256 1
257 1
258 1
259 0
260 1
261 0
262 1
263 0
264 0
265 2
266 0
267 1
268 0
269 0
270 0
271 1
272 0
273 0
274 0
275 0
276 0
277 0
278 0
279 1
280 1
281 0
282 1
283 1
284 1
285 1
286 1
287 0
288 1
289 1
290 1
291 1
292 0
293 0
294 0
295 1
296 1
297 0
298 0
299 0
300 0
301 0
302 1
303 1
304 0
305 0
306 0
307 1
308 0
309 1
310 1
311 0
312 1
313 0
314 0
315 0
316 1
317 1
318 0
319 1
320 1
321 0
322 0
323 1
324 2
325 1
326 2
327 1
328 1
329 0
330 0
331 0
332 0
333 0
334 0
335 0
336 0
337 0
338 1
339 0
340 1
341 0
342 2
343 1
344 0
345 0
346 0
347 1
348 1
349 0
350 1
351 1
352 0
353 0
354 1
355 0
356 0
357 0
358 1
359 0
360 1
361 1
362 1
363 1
364 1
365 0
366 1
367 1
368 1
369 1
370 0
371 0
372 0
373 0
374 1
375 0
376 0
377 1
378 0
379 0
380 1
381 0
382 1
383 1
384 0
385 1
386 1
387 0
388 0
389 0
390 1
391 0
392 1
393 0
394 0
395 0
396 0
397 1
398 1
399 1
400 1
401 1
402 0
403 1
404 1
405 0
406 0
407 0
408 0
409 0
410 0
411 0
412 0
413 0
414 0
415 0
416 0
417 0
418 0
419 0
420 0
421 0
422 0
423 0
424 0
425 0
426 0
427 0
428 0
429 0
430 1
431 0
432 1
433 0
434 1
435 1
436 1
437 2
438 1
439 0
440 0
441 0
442 0
443 0
444 0
445 0
446 1
447 0
448 1
449 0
450 0
451 0
452 0
453 0
454 0
455 1
456 0
457 0
458 0
459 0
460 0
461 0
462 0
463 0
464 0
465 0
466 0
467 0
468 0
469 0
470 0
471 0
472 2
473 0
474 0
475 0
476 0
477 0
478 0
479 0
480 0
481 0
482 0
483 0
484 0
485 0
486 0
487 0
488 1
489 0
490 0
491 0
492 0
493 1
494 0
495 0
496 0
497 1
498 1
499 1
500 1
501 0
502 0
503 0
504 0
505 0
506 0
507 1
508 2
509 1
510 0
511 0
512 0
513 0
514 0
515 0
516 1
517 1
518 1
519 0
520 0
521 0
522 1
523 0
524 0
525 0
526 1
527 0
528 0
529 0
530 0
531 2
532 0
533 0
534 0
535 0
536 1
537 0
538 0
539 0
540 0
541 0
542 1
543 0
544 1
545 0
546 1
547 1
548 0
549 0
550 0
551 0
552 1
553 0
554 1
555 0
556 1
557 1
558 0
559 1
560 0
561 1
562 1
563 0
564 0
565 0
566 0
567 0
568 1
569 1
570 0
571 0
572 1
573 0
574 0
575 0
576 0
577 0
578 1
579 1
580 0
581 0
582 0
583 0
584 0
585 1
586 1
587 0
588 0
589 0
590 1
591 1
592 2
593 1
594 0
595 0
596 2
597 0
598 0
599 0
600 0
601 0
602 1
603 1
604 1
605 0
606 1
607 1
608 0
609 0
610 0
611 0
612 1
613 0
614 0
615 0
616 0
617 1
618 0
619 0
620 0
621 1
622 0
623 0
624 0
625 1
626 0
627 1
628 0
629 0
630 0
631 0
632 0
633 0
634 0
635 0
636 0
637 0
638 1
639 0
640 1
641 0
642 2
643 0
644 0
645 0
646 1
647 0
648 0
649 0
650 1
651 0
652 1
653 1
654 0
655 1
656 1
657 0
658 0
659 1
660 0
661 0
662 1
663 1
664 0
665 0
666 0
667 0
668 0
669 1
670 1
671 1
672 1
673 1
674 1
675 1
676 1
677 1
678 1
679 0
680 1
681 0
682 0
683 1
684 1
685 1
686 0
687 0
688 1
689 1
690 0
691 1
692 1
693 0
694 0
695 0
696 0
697 0
698 1
699 0
700 1
701 1
702 0
703 1
704 1
705 1
706 1
707 0
708 1
709 0
710 0
711 0
712 0
713 1
714 0
715 0
716 0
717 0
718 0
719 0
720 0
721 0
722 0
723 0
724 0
725 1
726 1
727 0
728 1
729 1
730 0
731 1
732 1
733 0
734 1
735 0
736 1
737 1
738 1
739 1
740 2
741 1
742 0
743 1
744 1
745 1
746 0
747 1
748 0
749 1
750 1
751 1
752 2
753 1
754 2
755 1
756 1
757 1
758 0
759 0
760 0
761 0
762 0
763 0
764 1
765 0
766 0
767 0
768 0
769 0
770 0
771 0
772 0
773 0
774 0
775 0
776 0
777 0
778 0
779 0
780 1
781 1
782 1
783 1
784 2
785 1
786 1
787 0
788 0
789 0
790 0
791 1
792 0
793 0
794 0
795 0
796 1
797 0
798 0
799 0
800 0
801 0
802 0
803 0
804 0
805 1
806 0
807 0
808 0
809 0
810 2
811 1
812 0
813 0
814 1
815 0
816 1
817 0
818 0
819 1
820 0
821 0
822 0
823 0
824 0
825 1
826 0
827 1
828 1
829 2
830 0
831 1
832 1
833 2
834 0
835 0
836 1
837 0
838 1
839 0
840 0
841 0
842 1
843 1
844 0
845 0
846 0
847 1
848 0
849 0
850 1
851 1
852 0
853 0
854 0
855 0
856 0
857 0
858 1
859 1
860 1
861 1
862 1
863 1
864 1
865 1
866 0
867 1
868 0
869 1
870 1
871 0
872 1
873 1
874 1
875 0
876 0
877 0
878 0
879 1
880 1
881 0
882 0
883 0
884 0
885 1
886 0
887 0
888 1
889 1
890 1
891 1
892 1
893 0
894 0
895 1
896 0
897 0
898 0
899 0
900 0
901 1
902 0
903 1
904 0
905 0
906 0
907 0
908 0
909 0
910 0
911 0
912 0
913 0
914 0
915 0
916 0
917 0
918 0
919 0
920 0
921 0
922 0
923 0
924 0
925 1
926 0
927 0
928 0
929 0
930 0
931 0
932 0
933 0
934 0
935 0
936 0
937 0
938 0
939 0
940 1
941 1
942 1
943 1
944 2
945 2
946 0
947 2
948 1
949 2
950 3
951 0
952 1
953 1
954 1
955 0
956 0
957 0
958 1
959 0
960 0
961 0
962 1
963 3
964 1
965 1
966 1
967 2
968 0
969 3
970 2
971 2
972 1
973 2
974 1
975 2
976 0
977 0
978 1
979 0
980 1
981 1
982 1
983 1
984 0
985 1
986 1
987 1
988 1
989 1
990 1
991 1
992 0
993 2
994 1
995 0
996 2
997 0
998 2
999 0
1000 1
1001 3
1002 1
1003 0
1004 1
1005 2
1006 2
1007 2
1008 2
1009 3
1010 1
1011 1
1012 1
1013 0
1014 1
1015 1
1016 0
1017 1
1018 1
1019 2
1020 0
1021 1
1022 0
1023 0
1024 1
1025 1
1026 1
1027 1
1028 1
1029 0
1030 1
1031 1
1032 1
1033 2
1034 1
1035 1
1036 3
1037 0
1038 1
1039 0
1040 0
1041 0
1042 1
1043 1
1044 0
1045 1
1046 0
1047 0
1048 0
1049 1
1050 0
1051 0
1052 1
1053 1
1054 1
1055 2
1056 0
1057 1
1058 0
1059 2
1060 0
1061 0
1062 0
1063 0
1064 0
1065 2
1066 2
1067 0
1068 0
1069 1
1070 0
1071 1
1072 0
1073 1
1074 0
1075 1
1076 0
1077 0
1078 0
1079 0
1080 0
1081 0
1082 1
1083 1
1084 0
1085 0
1086 0
1087 0
1088 1
1089 0
1090 0
1091 1
1092 0
1093 0
1094 0
1095 0
1096 0
1097 0
1098 0
1099 0
1100 1
1101 0
1102 0
1103 0
1104 0
1105 1
1106 0
1107 0
1108 0
1109 1
1110 0
1111 0
1112 0
1113 0
1114 0
1115 1
1116 1
1117 1
1118 1
1119 0
1120 0
1121 0
1122 0
1123 0
1124 1
1125 0
1126 0
1127 1
1128 1
1129 1
1130 1
1131 0
1132 1
1133 1
1134 1
1135 2
1136 1
1137 1
1138 0
1139 2
1140 0
1141 1
1142 0
1143 0
1144 0
1145 0
1146 1
1147 1
1148 1
1149 0
1150 0
1151 0
1152 0
1153 1
1154 0
1155 0
1156 0
1157 1
1158 1
1159 1
1160 1
1161 0
1162 1
1163 1
1164 1
1165 0
1166 1
1167 1
1168 0
1169 1
1170 1
1171 1
1172 0
1173 1
1174 1
1175 1
1176 1
1177 0
1178 1
1179 1
1180 0
1181 0
1182 1
1183 1
1184 1
1185 0
1186 1
1187 1
1188 1
1189 1
1190 1
1191 1
1192 0
1193 1
1194 1
1195 0
1196 0
1197 0
1198 1
1199 0
1200 1
1201 1
1202 1
1203 1
1204 1
1205 1
1206 1
1207 1
1208 0
1209 0
1210 0
1211 1
1212 1
1213 0
1214 1
1215 1
1216 1
1217 1
1218 1
1219 1
1220 1
1221 1
1222 1
1223 1
1224 1
1225 1
1226 1
1227 1
1228 0
1229 1
1230 1
1231 1
1232 1
1233 0
1234 1
1235 1
1236 0
1237 1
1238 0
1239 0
1240 0
1241 0
1242 0
1243 0
1244 1
1245 0
1246 1
1247 0
1248 1
1249 1
1250 1
1251 1
1252 1
1253 1
1254 0
1255 0
1256 1
1257 0
1258 1
1259 1
1260 0
1261 0
1262 0
1263 1
1264 1
1265 0
1266 1
1267 1
1268 1
1269 0
1270 0
1271 0
1272 1
1273 1
1274 0
1275 1
1276 1
1277 1
1278 0
1279 0
1280 1
1281 1
1282 1
1283 0
1284 0
1285 1
1286 0
1287 1
1288 2
1289 2
1290 1
1291 0
1292 0
1293 0
1294 0
1295 0
1296 1
1297 0
1298 0
1299 0
1300 0
1301 1
1302 0
1303 0
1304 0
1305 0
1306 0
1307 0
1308 1
1309 0
1310 1
1311 1
1312 0
1313 0
1314 0
1315 0
1316 1
1317 1
1318 2
1319 1
1320 0
1321 1
1322 0
1323 1
1324 1
1325 0
1326 0
1327 0
1328 0
1329 1
1330 0
1331 0
1332 1
1333 2
1334 0
1335 1
1336 1
1337 1
1338 0
1339 1
1340 0
1341 0
1342 0
1343 1
1344 1
1345 0
1346 0
1347 0
1348 0
1349 1
1350 1
1351 1
1352 0
1353 0
1354 1
1355 0
1356 0
1357 0
1358 1
1359 1
1360 1
1361 0
1362 1
1363 2
1364 0
1365 1
1366 1
1367 1
1368 0
1369 0
1370 1
1371 1
1372 1
1373 1
1374 0
1375 1
1376 1
1377 1
1378 1
1379 1
1380 1
1381 0
1382 0
1383 1
1384 0
1385 1
1386 1
1387 0
1388 1
1389 0
1390 0
1391 1
1392 1
1393 1
1394 0
1395 1
1396 1
1397 1
1398 0
1399 1
1400 1
1401 1
1402 1
1403 0
1404 1
1405 1
1406 1
1407 1
1408 1
1409 1
1410 1
1411 2
1412 0
1413 1
1414 1
1415 0
1416 1
1417 0
1418 0
1419 0
1420 0
1421 0
1422 1
1423 0
1424 0
1425 1
1426 1
1427 1
1428 0
1429 0
1430 0
1431 1
1432 0
1433 1
1434 0
1435 1
1436 0
1437 1
1438 1
1439 1
1440 0
1441 1
1442 1
1443 1
1444 0
1445 1
1446 1
1447 1
1448 1
1449 1
1450 1
1451 1
1452 0
1453 0
1454 1
1455 0
1456 0
1457 1
1458 1
1459 1
1460 0
1461 0
1462 0
1463 0
1464 0
1465 1
1466 1
1467 2
1468 2
1469 2
1470 1
1471 1
1472 1
1473 1
1474 0
1475 0
1476 1
1477 2
1478 1
1479 1
1480 0
1481 0
1482 0
1483 0
1484 0
1485 1
1486 1
1487 1
1488 1
1489 0
1490 1
1491 1
1492 2
1493 0
1494 0
1495 1
1496 1
1497 0
1498 1
1499 0
1500 0
1501 0
1502 1
1503 0
1504 0
1505 0
1506 1
1507 1
1508 1
1509 1
1510 0
1511 0
1512 0
1513 0
1514 1
1515 1
1516 1
1517 0
1518 1
1519 1
1520 0
1521 0
1522 0
1523 0
1524 0
1525 1
1526 1
1527 0
1528 0
1529 0
1530 1
1531 0
1532 1
1533 1
1534 1
1535 1
1536 0
1537 1
1538 1
1539 1
1540 0
1541 0
1542 1
1543 1
1544 1
1545 1
1546 0
1547 1
1548 1
1549 1
1550 1
1551 1
1552 1
1553 0
1554 1
1555 0
1556 1
1557 1
1558 1
1559 0
1560 1
1561 0
1562 0
1563 0
1564 0
1565 0
1566 0
1567 1
1568 1
1569 1
1570 1
1571 1
1572 0
1573 0
1574 0
1575 1
1576 1
1577 0
1578 1
1579 1
1580 0
1581 1
1582 0
1583 0
1584 1
1585 0
1586 0
1587 1
1588 1
1589 0
1590 1
1591 0
1592 1
1593 1
1594 0
1595 0
1596 0
1597 1
1598 1
1599 1
1600 1
1601 1
1602 0
1603 0
1604 2
1605 1
1606 1
1607 0
1608 1
1609 1
1610 1
1611 1
1612 1
1613 2
1614 0
1615 1
1616 0
1617 1
1618 1
1619 0
1620 0
1621 1
1622 1
1623 1
1624 1
1625 0
1626 1
1627 1
1628 0
1629 0
1630 0
1631 0
1632 1
1633 1
1634 1
1635 1
1636 0
1637 0
1638 1
1639 0
1640 1
1641 1
1642 1
1643 0
1644 0
1645 0
1646 0
1647 0
1648 1
1649 0
1650 1
1651 1
1652 1
1653 1
1654 1
1655 0
1656 1
1657 2
1658 0
1659 1
1660 0
1661 0
1662 0
1663 0
1664 0
1665 1
1666 1
1667 1
1668 1
1669 1
1670 1
1671 0
1672 0
1673 0
1674 0
1675 0
1676 0
1677 0
1678 0
1679 0
1680 0
1681 0
1682 0
1683 0
1684 0
1685 1
1686 0
1687 1
1688 1
1689 1
1690 0
1691 0
1692 0
1693 1
1694 1
1695 0
1696 0
1697 1
1698 1
1699 1
1700 1
1701 1
1702 1
1703 1
1704 1
1705 1
1706 1
1707 1
1708 1
1709 1
1710 1
1711 1
1712 1
1713 1
1714 1
1715 1
1716 0
1717 0
1718 1
1719 1
1720 1
1721 1
1722 1
1723 1
1724 1
1725 1
1726 1
1727 0
1728 1
1729 1
1730 0
1731 1
1732 0
1733 0
1734 2
1735 1
1736 1
1737 1
1738 1
1739 1
1740 1
1741 1
1742 1
1743 1
1744 1
1745 1
1746 0
1747 2
1748 0
1749 1
1750 1
1751 2
1752 2
1753 0
1754 0
1755 0
1756 0
1757 1
1758 1
1759 1
1760 0
1761 0
1762 0
1763 0
1764 1
1765 1
1766 1
1767 1
1768 0
1769 1
1770 0
1771 0
1772 1
1773 1
1774 0
1775 0
1776 1
1777 1
1778 0
1779 1
1780 1
1781 0
1782 0
1783 1
1784 1
1785 1
1786 0
1787 0
1788 0
1789 0
1790 1
1791 0
1792 0
1793 0
1794 1
1795 1
1796 1
1797 0
1798 0
1799 1
1800 1
1801 0
1802 1
1803 0
1804 1
1805 1
1806 1
1807 1
1808 0
1809 1
1810 0
1811 1
1812 0
1813 1
1814 0
1815 0
1816 0
1817 0
1818 1
1819 0
1820 0
1821 0
1822 1
1823 0
1824 0
1825 0
1826 0
1827 0
1828 0
1829 1
1830 0
1831 0
1832 0
1833 0
1834 0
1835 0
1836 0
1837 0
1838 0
1839 0
1840 0
1841 0
1842 0
1843 0
1844 0
1845 0
1846 0
1847 0
1848 0
1849 0
1850 0
1851 0
1852 0
1853 0
1854 0
1855 0
1856 0
1857 0
1858 0
1859 1
1860 0
1861 0
1862 0
1863 0
1864 0
1865 0
1866 0
1867 2
1868 1
1869 1
1870 1
1871 1
1872 0
1873 1
1874 0
1875 2
1876 0
1877 0
1878 1
1879 0
1880 0
1881 1
1882 1
1883 1
1884 1
1885 0
1886 0
1887 0
1888 1
1889 1
1890 0
1891 0
1892 2
1893 0
1894 0
1895 0
1896 0
1897 2
1898 2
1899 1
1900 0
1901 0
1902 0
1903 1
1904 0
1905 1
1906 1
1907 0
1908 0
1909 0
1910 1
1911 1
1912 1
1913 1
1914 1
1915 1
1916 1
1917 0
1918 3
1919 0
1920 1
1921 1
1922 0
1923 2
1924 1
1925 0
1926 0
1927 0
1928 0
1929 1
1930 1
1931 0
1932 1
1933 1
1934 0
1935 1
1936 0
1937 2
1938 0
1939 1
1940 1
1941 1
1942 1
1943 0
1944 0
1945 1
1946 1
1947 1
1948 1
1949 2
1950 0
1951 0
1952 0
1953 0
1954 1
1955 1
1956 2
1957 0
1958 2
1959 1
1960 0
1961 0
1962 0
1963 0
1964 2
1965 0
1966 0
1967 1
1968 1
1969 0
1970 0
1971 1
1972 1
1973 1
1974 0
1975 2
1976 1
1977 1
1978 1
1979 2
1980 1
1981 2
1982 1
1983 1
1984 0
1985 0
1986 2
1987 1
1988 0
1989 0
1990 1
1991 0
1992 2
1993 1
1994 1
1995 0
1996 0
1997 1
1998 2
1999 0
