0 0
1 1
2 0
3 1
4 2
5 2
6 0
7 0
8 0
9 0
10 0
11 1
12 0
13 0
14 0
15 0
16 0
17 0
18 0
19 0
20 1
21 1
22 1
23 0
24 1
25 1
26 0
27 0
28 0
29 0
30 1
31 0
32 1
33 0
34 1
35 0
36 1
37 0
38 1
39 1
40 0
41 1
42 1
43 1
44 0
45 1
46 1
47 2
48 1
49 0
50 1
51 0
52 1
53 1
54 0
55 0
56 0
57 0
58 1
59 0
60 0
61 0
62 0
63 0
64 0
65 0
66 0
67 0
68 0
69 0
70 0
71 0
72 0
73 0
74 0
75 0
76 0
77 0
78 0
79 0
80 1
81 0
82 0
83 0
84 0
85 0
86 0
87 0
88 0
89 0
90 0
91 0
92 1
93 0
94 0
95 0
96 0
97 0
98 0
99 1
100 0
101 0
102 1
103 1
104 0
105 0
106 0
107 1
108 0
109 0
110 0
111 0
112 1
113 0
114 1
115 1
116 0
117 1
118 0
119 0
120 0
121 0
122 0
123 0
124 0
125 1
126 0
127 0
128 0
129 0
130 0
131 0
132 0
133 0
134 0
135 0
136 0
137 0
138 0
139 0
140 0
141 0
142 0
143 0
144 0
145 0
146 0
147 0
148 0
149 0
150 0
151 0
152 0
153 0
154 0
155 0
156 0
157 0
158 0
159 0
160 1
161 0
162 0
163 0
164 0
165 1
166 1
167 0
168 0
169 1
170 0
171 0
172 0
173 1
174 0
175 0
176 1
177 1
178 1
179 1
180 0
181 2
182 0
183 1
184 1
185 0
186 1
187 0
188 0
189 1
190 1
191 1
192 1
193 1
194 0
195 1
196 0
197 0
198 1
199 1
200 1
201 1
202 1
203 0
204 1
205 1
206 0
207 0
208 0
209 0
210 0
211 1
212 0
213 1
214 1
215 1
216 1
217 1
218 1
219 1
220 0
221 1
222 1
223 1
224 1
225 2
226 0
227 2
228 1
229 0
230 2
231 1
232 2
233 1
234 1
235 1
236 2
237 2
238 1
239 1
240 1
241 0
242 0
243 0
244 2
245 0
246 0
247 1
248 2
249 1
250 0
251 0
252 1
253 1
254 2
255 1
256 1
257 2
258 2
259 2
260 1
261 0
262 0
263 1
264 1
265 0
266 1
267 1
268 2
269 1
270 1
271 1
272 1
273 1
274 1
275 1
276 1
277 1
278 1
279 0
280 1
281 1
282 1
283 2
284 0
285 1
286 2
287 1
288 1
289 2
290 1
291 1
292 1
293 1
294 1
295 2
296 1
297 1
298 1
299 0
300 1
301 2
302 1
303 2
304 1
305 3
306 2
307 0
308 2
309 1
310 1
311 1
312 1
313 2
314 1
315 0
316 1
317 3
318 0
319 1
320 1
321 0
322 2
323 0
324 1
325 0
326 0
327 1
328 1
329 2
330 1
331 0
332 0
333 2
334 0
335 2
336 0
337 0
338 1
339 1
340 1
341 1
342 1
343 0
344 1
345 1
346 1
347 0
348 0
349 0
350 1
351 1
352 1
353 1
354 1
355 1
356 2
357 1
358 1
359 1
360 1
361 1
362 1
363 1
364 0
365 1
366 1
367 0
368 0
369 0
370 0
371 0
372 2
373 2
374 0
375 0
376 0
377 1
378 1
379 2
380 1
381 1
382 1
383 2
384 0
385 0
386 1
387 1
388 1
389 1
390 1
391 1
392 2
393 1
394 1
395 1
396 1
397 1
398 0
399 1
400 1
401 1
402 2
403 1
404 3
405 1
406 2
407 1
408 1
409 1
410 1
411 1
412 1
413 2
414 1
415 1
416 1
417 3
418 2
419 1
420 1
421 2
422 3
423 1
424 2
425 1
426 1
427 1
428 1
429 0
430 1
431 1
432 2
433 1
434 2
435 0
436 1
437 1
438 1
439 2
440 1
441 0
442 1
443 1
444 1
445 0
446 0
447 2
448 1
449 0
450 1
451 1
452 0
453 1
454 1
455 1
456 1
457 0
458 2
459 1
460 0
461 0
462 1
463 1
464 0
465 0
466 0
467 0
468 1
469 2
470 2
471 1
472 2
473 0
474 1
475 1
476 0
477 1
478 1
479 1
480 1
481 1
482 1
483 2
484 1
485 1
486 1
487 2
488 0
489 3
490 1
491 0
492 1
493 0
494 1
495 2
496 0
497 1
498 0
499 0
500 0
501 0
502 0
503 1
504 1
505 2
506 2
507 0
508 0
509 0
510 0
511 0
512 0
513 0
514 1
515 1
516 1
517 1
518 0
519 0
520 1
521 0
522 1
523 0
524 1
525 1
526 2
527 1
528 1
529 0
530 0
531 1
532 0
533 1
534 0
535 0
536 0
537 0
538 0
539 1
540 1
541 0
542 0
543 0
544 0
545 0
546 1
547 0
548 0
549 1
550 1
551 0
552 1
553 1
554 1
555 0
556 0
557 1
558 0
559 1
560 0
561 0
562 0
563 1
564 2
565 0
566 2
567 1
568 1
569 1
570 1
571 1
572 2
573 1
574 1
575 1
576 2
577 2
578 1
579 1
580 2
581 1
582 0
583 2
584 1
585 1
586 2
587 1
588 1
589 0
590 1
591 1
592 1
593 1
594 1
595 0
596 1
597 0
598 1
599 1
600 1
601 0
602 1
603 0
604 1
605 1
606 2
607 0
608 1
609 1
610 1
611 1
612 1
613 2
614 1
615 1
616 1
617 1
618 1
619 1
620 0
621 0
622 1
623 2
624 1
625 2
626 2
627 2
628 2
629 2
630 2
631 2
632 2
633 3
634 2
635 1
636 1
637 2
638 2
639 1
640 2
641 2
642 1
643 1
644 2
645 1
646 2
647 2
648 2
649 2
650 0
651 1
652 2
653 3
654 3
655 2
656 1
657 2
658 1
659 1
660 1
661 1
662 1
663 1
664 2
665 1
666 2
667 3
668 2
669 2
670 1
671 2
672 3
673 2
674 2
675 1
676 1
677 1
678 0
679 1
680 2
681 1
682 2
683 1
684 1
685 1
686 1
687 2
688 1
689 2
690 1
691 1
692 1
693 1
694 1
695 1
696 1
697 1
698 1
699 1
700 1
701 1
702 1
703 1
704 2
705 0
706 2
707 2
708 1
709 0
710 1
711 0
712 2
713 2
714 2
715 1
716 1
717 1
718 1
719 1
720 0
721 1
722 1
723 1
724 1
725 1
726 2
727 1
728 2
729 2
730 1
731 2
732 2
733 2
734 2
735 1
736 1
737 1
738 1
739 1
740 1
741 1
742 1
743 2
744 2
745 2
746 1
747 1
748 1
749 1
750 1
751 2
752 1
753 0
754 2
755 2
756 2
757 1
758 1
759 1
760 1
761 1
762 2
763 0
764 1
765 1
766 1
767 1
768 1
769 2
770 3
771 0
772 1
773 1
774 1
775 1
776 0
777 1
778 1
779 1
780 0
781 1
782 2
783 1
784 1
785 1
786 2
787 1
788 1
789 2
790 1
791 1
792 1
793 1
794 2
795 2
796 1
797 1
798 2
799 2
800 1
801 1
802 1
803 1
804 1
805 1
806 1
807 1
808 3
809 1
810 2
811 2
812 1
813 3
814 1
815 1
816 1
817 0
818 1
819 1
820 1
821 3
822 2
823 1
824 1
825 1
826 1
827 1
828 0
829 1
830 1
831 1
832 2
833 1
834 2
835 0
836 1
837 1
838 1
839 1
840 1
841 1
842 1
843 1
844 0
845 2
846 1
847 1
848 1
849 1
850 3
851 1
852 2
853 2
854 1
855 1
856 1
857 1
858 2
859 1
860 1
861 1
862 1
863 1
864 2
865 0
866 1
867 0
868 1
869 3
870 0
871 2
872 1
873 1
874 1
875 2
876 2
877 1
878 2
879 0
880 1
881 1
882 1
883 0
884 0
885 2
886 1
887 1
888 2
889 0
890 1
891 1
892 1
893 1
894 1
895 2
896 0
897 1
898 0
899 1
900 1
901 1
902 3
903 1
904 1
905 1
906 2
907 1
908 1
909 2
910 1
911 2
912 2
913 1
914 2
915 0
916 1
917 3
918 1
919 1
920 1
921 2
922 1
923 1
924 1
925 1
926 2
927 1
928 2
929 1
930 1
931 2
932 1
933 1
934 1
935 1
936 2
937 2
938 1
939 2
940 0
941 2
942 1
943 1
944 1
945 2
946 1
947 1
948 1
949 2
950 1
951 2
952 2
953 1
954 2
955 1
956 1
957 1
958 1
959 1
960 2
961 1
962 2
963 2
964 2
965 1
966 1
967 1
968 1
969 1
970 0
971 1
972 1
973 1
974 1
975 1
976 1
977 1
978 0
979 1
980 1
981 1
982 1
983 1
984 0
985 0
986 1
987 2
988 0
989 0
990 3
991 0
992 1
993 2
994 2
995 1
996 1
997 1
998 1
999 2
1000 1
1001 1
1002 2
1003 2
1004 1
1005 1
1006 1
1007 2
1008 1
1009 2
1010 0
1011 1
1012 0
1013 1
1014 2
1015 2
1016 2
1017 0
1018 1
1019 0
1020 1
1021 1
1022 2
1023 2
1024 3
1025 1
1026 1
1027 0
1028 2
1029 0
1030 1
1031 0
1032 2
1033 2
1034 1
1035 2
1036 1
1037 0
1038 1
1039 1
1040 0
1041 1
1042 2
1043 1
1044 2
1045 1
1046 1
1047 1
1048 2
1049 1
1050 1
1051 1
1052 1
1053 1
1054 0
1055 1
1056 1
1057 2
1058 2
1059 2
1060 1
1061 2
1062 2
1063 2
1064 1
1065 1
1066 2
1067 2
1068 1
1069 2
1070 1
1071 2
1072 1
1073 1
1074 1
1075 2
1076 1
1077 2
1078 2
1079 1
1080 1
1081 2
1082 1
1083 1
1084 1
1085 1
1086 2
1087 1
1088 1
1089 4
1090 1
1091 1
1092 2
1093 2
1094 2
1095 1
1096 1
1097 2
1098 2
1099 1
1100 1
1101 2
1102 2
1103 1
1104 1
1105 0
1106 2
1107 1
1108 2
1109 2
1110 1
1111 0
1112 2
1113 1
1114 1
1115 2
1116 3
1117 1
1118 1
1119 1
1120 2
1121 1
1122 0
1123 1
1124 2
1125 1
1126 1
1127 2
1128 1
1129 1
1130 0
1131 0
1132 0
1133 1
1134 0
1135 0
1136 0
1137 1
1138 0
1139 1
1140 0
1141 1
1142 1
1143 1
1144 1
1145 1
1146 1
1147 0
1148 0
1149 1
1150 0
1151 0
1152 0
1153 2
1154 0
1155 0
1156 0
1157 0
1158 0
1159 0
1160 0
1161 1
1162 0
1163 0
1164 1
1165 1
1166 0
1167 0
1168 1
1169 2
1170 0
1171 0
1172 0
1173 0
1174 0
1175 0
1176 1
1177 1
1178 1
1179 0
1180 0
1181 1
1182 1
1183 0
1184 0
1185 0
1186 1
1187 0
1188 1
1189 0
1190 1
1191 0
1192 0
1193 1
1194 0
1195 0
1196 1
1197 1
1198 2
1199 1
1200 0
1201 2
1202 0
1203 0
1204 0
1205 0
1206 0
1207 0
1208 0
1209 0
1210 0
1211 0
1212 0
1213 0
1214 1
1215 1
1216 0
1217 0
1218 0
1219 2
1220 0
1221 0
1222 0
1223 0
1224 0
1225 0
1226 0
1227 0
1228 0
1229 0
1230 0
1231 0
1232 0
1233 1
1234 0
1235 0
1236 0
1237 0
1238 0
1239 0
1240 0
1241 0
1242 0
1243 0
1244 0
1245 0
1246 0
1247 0
1248 0
1249 0
1250 0
1251 0
1252 0
1253 0
1254 0
1255 0
1256 0
1257 0
1258 0
1259 0
1260 0
1261 0
1262 0
1263 0
1264 0
1265 0
1266 0
1267 0
1268 0
1269 0
1270 0
1271 0
1272 0
1273 0
1274 0
1275 0
1276 0
1277 0
1278 0
1279 0
1280 0
1281 0
1282 0
1283 0
1284 0
1285 0
1286 0
1287 0
1288 0
1289 0
1290 0
1291 0
1292 0
1293 0
1294 0
1295 0
1296 0
1297 0
1298 0
1299 0
1300 0
1301 0
1302 0
1303 0
1304 0
1305 0
1306 0
1307 0
1308 0
1309 0
1310 0
1311 0
1312 0
1313 0
1314 0
1315 0
1316 0
1317 0
1318 0
1319 0
1320 0
1321 0
1322 0
1323 0
1324 0
1325 0
1326 0
1327 0
1328 0
1329 0
1330 0
1331 0
1332 0
1333 0
1334 0
1335 0
1336 0
1337 0
1338 0
1339 0
1340 0
1341 1
1342 0
1343 0
1344 1
1345 0
1346 0
1347 0
1348 0
1349 1
1350 0
1351 0
1352 0
1353 0
1354 1
1355 0
1356 0
1357 0
1358 0
1359 0
1360 0
1361 0
1362 0
1363 0
1364 0
1365 0
1366 0
1367 0
1368 0
1369 0
1370 0
1371 0
1372 0
1373 0
1374 0
1375 0
1376 0
1377 0
1378 0
1379 0
1380 0
1381 0
1382 0
1383 0
1384 0
1385 0
1386 0
1387 0
1388 0
1389 0
1390 0
1391 0
1392 0
1393 0
1394 0
1395 0
1396 0
1397 0
1398 0
1399 0
1400 0
1401 0
1402 0
1403 0
1404 0
1405 0
1406 0
1407 0
1408 0
1409 0
1410 0
1411 0
1412 0
1413 0
1414 0
1415 0
1416 0
1417 0
1418 0
1419 0
1420 0
1421 0
1422 0
1423 0
1424 0
1425 0
1426 0
1427 0
1428 0
1429 0
1430 0
1431 0
1432 0
1433 0
1434 0
1435 0
1436 0
1437 0
1438 0
1439 0
1440 0
1441 0
1442 0
1443 0
1444 0
1445 0
1446 0
1447 0
1448 0
1449 0
1450 0
1451 0
1452 0
1453 0
1454 0
1455 0
1456 0
1457 0
1458 0
1459 0
1460 0
1461 1
1462 1
1463 0
1464 0
1465 0
1466 0
1467 0
1468 0
1469 0
1470 0
1471 0
1472 0
1473 0
1474 0
1475 0
1476 0
1477 0
1478 0
1479 0
1480 0
1481 0
1482 0
1483 0
1484 0
1485 0
1486 0
1487 1
1488 1
1489 0
1490 1
1491 1
1492 0
1493 1
1494 0
1495 0
1496 0
1497 0
1498 0
1499 0
1500 0
1501 0
1502 0
1503 0
1504 0
1505 0
1506 0
1507 0
1508 0
1509 0
1510 0
1511 0
1512 0
1513 0
1514 0
1515 0
1516 0
1517 0
1518 0
1519 0
1520 0
1521 0
1522 0
1523 0
1524 0
1525 0
1526 0
1527 0
1528 1
1529 0
1530 0
1531 0
1532 0
1533 0
1534 0
1535 1
1536 0
1537 0
1538 0
1539 0
1540 0
1541 0
1542 1
1543 1
1544 0
1545 1
1546 0
1547 0
1548 0
1549 0
1550 0
1551 0
1552 0
1553 0
1554 0
1555 0
1556 0
1557 0
1558 0
1559 0
1560 0
1561 0
1562 0
1563 0
1564 0
1565 0
1566 0
1567 0
1568 0
1569 0
1570 0
1571 0
1572 0
1573 0
1574 0
1575 0
1576 0
1577 0
1578 0
1579 0
1580 0
1581 0
1582 0
1583 0
1584 0
1585 0
1586 0
1587 0
1588 0
1589 0
1590 0
1591 0
1592 0
1593 0
1594 0
1595 0
1596 0
1597 0
1598 2
1599 0
1600 0
1601 0
1602 0
1603 1
1604 0
1605 1
1606 0
1607 0
1608 0
1609 0
1610 0
1611 0
1612 0
1613 0
1614 0
1615 0
1616 0
1617 0
1618 0
1619 0
1620 0
1621 0
1622 0
1623 0
1624 0
1625 0
1626 0
1627 0
1628 0
1629 0
1630 0
1631 0
1632 0
1633 0
1634 1
1635 0
1636 0
1637 0
1638 0
1639 0
1640 0
1641 0
1642 0
1643 1
1644 0
1645 0
1646 0
1647 0
1648 0
1649 0
1650 0
1651 0
1652 1
1653 1
1654 1
1655 0
1656 0
1657 0
1658 0
1659 0
1660 0
1661 1
1662 0
1663 1
1664 1
1665 1
1666 1
1667 1
1668 1
1669 0
1670 1
1671 1
1672 1
1673 0
1674 1
1675 1
1676 1
1677 1
1678 0
1679 1
1680 0
1681 0
1682 1
1683 0
1684 1
1685 1
1686 1
1687 1
1688 1
1689 1
1690 1
1691 1
1692 1
1693 1
1694 1
1695 0
1696 0
1697 1
1698 0
1699 1
1700 0
1701 2
1702 1
1703 1
1704 0
1705 0
1706 0
1707 1
1708 1
1709 1
1710 2
1711 1
1712 2
1713 0
1714 1
1715 1
1716 0
1717 0
1718 0
1719 1
1720 1
1721 0
1722 1
1723 0
1724 0
1725 0
1726 0
1727 1
1728 1
1729 1
1730 0
1731 0
1732 1
1733 0
1734 1
1735 1
1736 1
1737 1
1738 1
1739 1
1740 1
1741 1
1742 1
1743 1
1744 1
1745 1
1746 1
1747 1
1748 0
1749 1
1750 0
1751 1
1752 1
1753 0
1754 0
1755 1
1756 1
1757 1
1758 1
1759 0
1760 1
1761 1
1762 1
1763 0
1764 1
1765 1
1766 0
1767 1
1768 1
1769 1
1770 0
1771 1
1772 1
1773 1
1774 0
1775 1
1776 1
1777 1
1778 1
1779 1
1780 1
1781 1
1782 2
1783 1
1784 1
1785 1
1786 1
1787 1
1788 1
1789 1
1790 0
1791 1
1792 1
1793 1
1794 1
1795 1
1796 1
1797 1
1798 1
1799 0
1800 0
1801 0
1802 1
1803 0
1804 1
1805 0
1806 1
1807 1
1808 0
1809 0
1810 1
1811 1
1812 1
1813 1
1814 0
1815 1
1816 0
1817 1
1818 1
1819 2
1820 1
1821 1
1822 1
1823 1
1824 0
1825 1
1826 1
1827 1
1828 0
1829 0
1830 1
1831 1
1832 1
1833 0
1834 0
1835 0
1836 1
1837 1
1838 2
1839 1
1840 1
1841 0
1842 0
1843 1
1844 1
1845 0
1846 1
1847 1
1848 1
1849 1
1850 1
1851 0
1852 1
1853 1
1854 0
1855 0
1856 0
1857 0
1858 0
1859 1
1860 1
1861 0
1862 1
1863 1
1864 1
1865 0
1866 1
1867 1
1868 2
1869 1
1870 1
1871 0
1872 0
1873 1
1874 1
1875 0
1876 1
1877 1
1878 1
1879 1
1880 0
1881 1
1882 1
1883 1
1884 1
1885 0
1886 1
1887 1
1888 1
1889 1
1890 1
1891 0
1892 1
1893 2
1894 1
1895 0
1896 1
1897 1
1898 1
1899 1
1900 1
1901 1
1902 1
1903 1
1904 1
1905 1
1906 0
1907 0
1908 1
1909 2
1910 1
1911 0
1912 1
1913 1
1914 1
1915 0
1916 1
1917 1
1918 1
1919 2
1920 1
1921 1
1922 2
1923 0
1924 0
1925 0
1926 1
1927 1
1928 1
1929 1
1930 1
1931 1
1932 1
1933 1
1934 1
1935 0
1936 0
1937 0
1938 1
1939 1
1940 2
1941 1
1942 1
1943 1
1944 0
1945 0
1946 1
1947 0
1948 0
1949 1
1950 0
1951 1
1952 1
1953 0
1954 0
1955 1
1956 1
1957 1
1958 1
1959 0
1960 1
1961 1
1962 1
1963 0
1964 1
1965 1
1966 0
1967 1
1968 1
1969 1
1970 1
1971 1
1972 1
1973 1
1974 1
1975 1
1976 0
1977 1
1978 1
1979 1
1980 1
1981 0
1982 1
1983 1
1984 1
1985 1
1986 1
1987 1
1988 1
1989 1
1990 1
1991 1
1992 1
1993 1
1994 1
1995 0
1996 0
1997 0
1998 0
1999 0
