0 0
1 0
2 0
3 0
4 0
5 0
6 0
7 1
8 1
9 1
10 1
11 1
12 1
13 0
14 1
15 1
16 0
17 1
18 1
19 0
20 1
21 1
22 1
23 2
24 2
25 1
26 1
27 1
28 0
29 1
30 2
31 2
32 0
33 0
34 0
35 0
36 0
37 0
38 0
39 0
40 0
41 1
42 0
43 1
44 0
45 0
46 0
47 0
48 0
49 1
50 0
51 0
52 0
53 0
54 0
55 0
56 0
57 0
58 0
59 1
60 0
61 0
62 1
63 0
64 0
65 1
66 0
67 0
68 0
69 1
70 0
71 0
72 0
73 0
74 0
75 0
76 0
77 0
78 0
79 0
80 0
81 0
82 1
83 0
84 0
85 1
86 1
87 1
88 0
89 0
90 0
91 0
92 0
93 0
94 0
95 0
96 0
97 1
98 0
99 0
100 0
101 0
102 1
103 0
104 0
105 0
106 0
107 0
108 0
109 0
110 0
111 0
112 1
113 0
114 0
115 1
116 1
117 0
118 0
119 1
120 0
121 0
122 0
123 1
124 0
125 0
126 1
127 0
128 0
129 0
130 1
131 0
132 0
133 0
134 0
135 1
136 0
137 0
138 1
139 0
140 1
141 1
142 0
143 0
144 0
145 0
146 0
147 0
148 0
149 1
150 0
151 0
152 0
153 0
154 0
155 0
156 0
157 0
158 1
159 0
160 1
161 0
162 0
163 1
164 0
165 0
166 0
167 0
168 0
169 1
170 1
171 0
172 0
173 0
174 0
175 0
176 0
177 1
178 0
179 1
180 0
181 0
182 0
183 0
184 0
185 1
186 0
187 0
188 0
189 0
190 0
191 0
192 0
193 0
194 0
195 1
196 0
197 0
198 0
199 0
200 0
201 0
202 0
203 0
204 0
205 0
206 0
207 1
208 1
209 0
210 0
211 0
212 1
213 1
214 0
215 0
216 1
217 1
218 1
219 0
220 1
221 0
222 0
223 1
224 1
225 0
226 1
227 1
228 1
229 0
230 0
231 1
232 0
233 1
234 0
235 0
236 0
237 1
238 0
239 0
240 0
241 1
242 0
243 1
244 0
245 1
246 1
247 0
248 0
249 1
250 0
251 0
252 1
253 0
254 0
255 0
256 0
257 0
258 1
259 0
260 1
261 0
262 1
263 0
264 0
265 0
266 0
267 0
268 1
269 0
270 0
271 1
272 1
273 0
274 0
275 0
276 0
277 0
278 0
279 1
280 0
281 0
282 1
283 0
284 0
285 0
286 0
287 0
288 0
289 2
290 0
291 2
292 1
293 1
294 2
295 2
296 2
297 1
298 0
299 1
300 0
301 0
302 1
303 1
304 0
305 1
306 0
307 0
308 0
309 0
310 0
311 0
312 0
313 0
314 0
315 0
316 0
317 0
318 0
319 0
320 0
321 0
322 0
323 0
324 0
325 0
326 0
327 0
328 0
329 2
330 0
331 0
332 0
333 0
334 0
335 0
336 2
337 0
338 0
339 0
340 0
341 0
342 0
343 0
344 0
345 0
346 0
347 0
348 0
349 0
350 0
351 0
352 0
353 0
354 0
355 0
356 0
357 0
358 0
359 0
360 0
361 0
362 0
363 0
364 0
365 0
366 0
367 0
368 0
369 0
370 0
371 0
372 0
373 0
374 0
375 0
376 0
377 0
378 0
379 0
380 0
381 0
382 0
383 0
384 0
385 0
386 0
387 0
388 0
389 0
390 0
391 0
392 0
393 0
394 0
395 0
396 0
397 0
398 0
399 0
400 0
401 0
402 0
403 0
404 0
405 0
406 0
407 0
408 0
409 0
410 0
411 0
412 0
413 0
414 0
415 0
416 0
417 0
418 0
419 0
420 0
421 0
422 0
423 0
424 0
425 0
426 0
427 0
428 0
429 0
430 0
431 0
432 0
433 0
434 0
435 0
436 0
437 1
438 0
439 0
440 0
441 0
442 0
443 0
444 0
445 0
446 0
447 0
448 0
449 0
450 0
451 0
452 0
453 0
454 0
455 0
456 0
457 0
458 0
459 0
460 0
461 0
462 0
463 0
464 0
465 0
466 0
467 0
468 0
469 0
470 0
471 0
472 0
473 0
474 0
475 0
476 0
477 0
478 0
479 0
480 0
481 0
482 0
483 0
484 0
485 0
486 0
487 0
488 0
489 0
490 0
491 0
492 0
493 0
494 0
495 0
496 0
497 0
498 0
499 0
500 0
501 0
502 0
503 0
504 0
505 0
506 0
507 0
508 0
509 0
510 0
511 0
512 0
513 0
514 0
515 0
516 0
517 1
518 0
519 0
520 0
521 2
522 0
523 0
524 0
525 0
526 0
527 0
528 0
529 0
530 0
531 0
532 0
533 0
534 0
535 0
536 0
537 0
538 0
539 0
540 0
541 0
542 0
543 0
544 0
545 1
546 1
547 0
548 2
549 2
550 1
551 2
552 1
553 1
554 0
555 1
556 1
557 0
558 3
559 2
560 1
561 1
562 1
563 2
564 2
565 1
566 2
567 3
568 2
569 0
570 2
571 0
572 1
573 3
574 2
575 1
576 0
577 0
578 0
579 0
580 0
581 0
582 0
583 0
584 2
585 2
586 0
587 0
588 1
589 1
590 1
591 0
592 1
593 0
594 0
595 0
596 0
597 0
598 0
599 0
600 0
601 0
602 1
603 1
604 1
605 0
606 0
607 0
608 0
609 0
610 0
611 0
612 0
613 0
614 0
615 0
616 1
617 1
618 1
619 1
620 0
621 0
622 0
623 0
624 0
625 0
626 0
627 0
628 0
629 0
630 0
631 0
632 0
633 0
634 0
635 0
636 0
637 1
638 0
639 1
640 1
641 1
642 1
643 1
644 1
645 2
646 1
647 1
648 1
649 0
650 0
651 4
652 2
653 0
654 0
655 0
656 0
657 0
658 0
659 0
660 0
661 0
662 0
663 0
664 0
665 0
666 0
667 0
668 0
669 0
670 0
671 0
672 0
673 0
674 0
675 0
676 0
677 0
678 0
679 0
680 0
681 0
682 0
683 0
684 0
685 0
686 0
687 0
688 0
689 0
690 0
691 0
692 0
693 0
694 0
695 0
696 0
697 0
698 0
699 0
700 0
701 0
702 0
703 0
704 0
705 0
706 0
707 0
708 0
709 0
710 0
711 0
712 0
713 0
714 0
715 0
716 0
717 0
718 0
719 0
720 0
721 0
722 0
723 0
724 0
725 0
726 0
727 0
728 0
729 0
730 0
731 0
732 0
733 0
734 0
735 0
736 0
737 0
738 0
739 0
740 0
741 0
742 0
743 0
744 0
745 0
746 0
747 0
748 0
749 0
750 0
751 0
752 0
753 0
754 0
755 0
756 0
757 0
758 0
759 0
760 0
761 0
762 0
763 0
764 0
765 0
766 0
767 0
768 0
769 0
770 0
771 0
772 0
773 0
774 0
775 0
776 0
777 0
778 0
779 0
780 0
781 0
782 0
783 0
784 0
785 0
786 0
787 0
788 0
789 0
790 0
791 0
792 0
793 0
794 0
795 0
796 0
797 0
798 0
799 0
800 0
801 0
802 0
803 0
804 0
805 0
806 0
807 0
808 0
809 0
810 0
811 0
812 0
813 0
814 0
815 0
816 0
817 0
818 0
819 0
820 0
821 0
822 0
823 0
824 0
825 0
826 0
827 0
828 0
829 0
830 0
831 0
832 0
833 0
834 0
835 0
836 0
837 0
838 0
839 0
840 0
841 0
842 0
843 0
844 0
845 0
846 0
847 0
848 0
849 0
850 0
851 0
852 0
853 0
854 0
855 0
856 0
857 0
858 0
859 0
860 0
861 0
862 0
863 0
864 0
865 0
866 0
867 0
868 0
869 0
870 0
871 0
872 0
873 0
874 0
875 0
876 0
877 0
878 0
879 0
880 0
881 0
882 0
883 0
884 0
885 0
886 0
887 0
888 0
889 0
890 0
891 0
892 0
893 0
894 0
895 0
896 0
897 0
898 0
899 0
900 0
901 0
902 0
903 0
904 0
905 0
906 0
907 0
908 0
909 0
910 0
911 0
912 0
913 0
914 0
915 0
916 0
917 0
918 0
919 0
920 0
921 0
922 0
923 0
924 0
925 0
926 0
927 0
928 0
929 0
930 0
931 0
932 0
933 0
934 0
935 0
936 0
937 0
938 0
939 0
940 0
941 0
942 0
943 0
944 0
945 0
946 0
947 0
948 0
949 0
950 0
951 0
952 0
953 0
954 0
955 0
956 0
957 0
958 0
959 0
960 0
961 0
962 0
963 0
964 0
965 0
966 0
967 0
968 0
969 1
970 0
971 0
972 0
973 0
974 0
975 0
976 0
977 0
978 0
979 0
980 2
981 1
982 0
983 1
984 1
985 0
986 0
987 0
988 0
989 1
990 1
991 1
992 2
993 0
994 0
995 0
996 0
997 0
998 0
999 1
1000 0
1001 0
1002 0
1003 0
1004 0
1005 0
1006 0
1007 0
1008 0
1009 0
1010 0
1011 0
1012 0
1013 0
1014 0
1015 0
1016 0
1017 0
1018 0
1019 0
1020 0
1021 0
1022 0
1023 0
1024 3
1025 3
1026 0
1027 0
1028 0
1029 0
1030 0
1031 0
1032 0
1033 0
1034 0
1035 0
1036 0
1037 1
1038 1
1039 1
1040 0
1041 1
1042 0
1043 0
1044 0
1045 0
1046 0
1047 0
1048 0
1049 1
1050 0
1051 1
1052 1
1053 1
1054 3
1055 1
1056 2
1057 1
1058 1
1059 1
1060 1
1061 1
1062 1
1063 1
1064 2
1065 0
1066 2
1067 0
1068 2
1069 1
1070 0
1071 1
1072 0
1073 0
1074 0
1075 0
1076 0
1077 0
1078 1
1079 0
1080 0
1081 2
1082 2
1083 1
1084 1
1085 1
1086 1
1087 0
1088 0
1089 1
1090 1
1091 2
1092 2
1093 2
1094 1
1095 2
1096 2
1097 1
1098 1
1099 2
1100 2
1101 0
1102 1
1103 0
1104 1
1105 1
1106 1
1107 1
1108 2
1109 1
1110 2
1111 0
1112 0
1113 2
1114 2
1115 0
1116 0
1117 1
1118 1
1119 1
1120 0
1121 0
1122 0
1123 2
1124 2
1125 2
1126 2
1127 1
1128 2
1129 1
1130 1
1131 1
1132 0
1133 1
1134 1
1135 0
1136 0
1137 0
1138 2
1139 1
1140 0
1141 0
1142 0
1143 1
1144 1
1145 1
1146 1
1147 1
1148 1
1149 0
1150 2
1151 2
1152 0
1153 1
1154 0
1155 2
1156 1
1157 1
1158 1
1159 0
1160 1
1161 1
1162 1
1163 0
1164 0
1165 1
1166 0
1167 0
1168 1
1169 1
1170 0
1171 1
1172 0
1173 1
1174 1
1175 1
1176 0
1177 0
1178 0
1179 0
1180 0
1181 0
1182 0
1183 0
1184 1
1185 2
1186 1
1187 1
1188 0
1189 1
1190 1
1191 1
1192 0
1193 1
1194 1
1195 1
1196 1
1197 0
1198 1
1199 1
1200 0
1201 1
1202 2
1203 1
1204 0
1205 1
1206 1
1207 0
1208 2
1209 1
1210 1
1211 1
1212 0
1213 0
1214 0
1215 1
1216 1
1217 1
1218 0
1219 0
1220 1
1221 2
1222 1
1223 1
1224 1
1225 2
1226 1
1227 3
1228 1
1229 1
1230 2
1231 2
1232 1
1233 1
1234 2
1235 2
1236 1
1237 1
1238 1
1239 1
1240 1
1241 2
1242 1
1243 1
1244 2
1245 1
1246 1
1247 2
1248 2
1249 1
1250 1
1251 2
1252 1
1253 0
1254 1
1255 1
1256 2
1257 1
1258 0
1259 0
1260 0
1261 2
1262 1
1263 1
1264 1
1265 0
1266 1
1267 0
1268 1
1269 1
1270 0
1271 1
1272 0
1273 0
1274 0
1275 1
1276 0
1277 0
1278 1
1279 0
1280 0
1281 0
1282 1
1283 0
1284 0
1285 0
1286 0
1287 0
1288 0
1289 0
1290 0
1291 1
1292 0
1293 0
1294 0
1295 0
1296 1
1297 1
1298 1
1299 1
1300 0
1301 1
1302 1
1303 2
1304 1
1305 1
1306 2
1307 1
1308 1
1309 1
1310 1
1311 2
1312 2
1313 1
1314 1
1315 0
1316 1
1317 1
1318 1
1319 0
1320 1
1321 1
1322 1
1323 1
1324 1
1325 0
1326 1
1327 1
1328 1
1329 0
1330 1
1331 0
1332 1
1333 2
1334 1
1335 1
1336 1
1337 1
1338 2
1339 1
1340 1
1341 1
1342 1
1343 1
1344 1
1345 1
1346 1
1347 1
1348 2
1349 1
1350 1
1351 1
1352 0
1353 1
1354 1
1355 1
1356 1
1357 2
1358 1
1359 2
1360 1
1361 1
1362 2
1363 2
1364 0
1365 2
1366 0
1367 1
1368 1
1369 2
1370 2
1371 1
1372 0
1373 1
1374 1
1375 1
1376 1
1377 1
1378 1
1379 0
1380 0
1381 1
1382 2
1383 1
1384 1
1385 1
1386 1
1387 1
1388 1
1389 1
1390 0
1391 0
1392 1
1393 0
1394 1
1395 1
1396 1
1397 1
1398 1
1399 2
1400 1
1401 1
1402 0
1403 1
1404 1
1405 2
1406 1
1407 2
1408 0
1409 2
1410 1
1411 1
1412 1
1413 1
1414 2
1415 3
1416 0
1417 1
1418 1
1419 2
1420 2
1421 1
1422 1
1423 1
1424 2
1425 0
1426 2
1427 1
1428 1
1429 1
1430 0
1431 1
1432 1
1433 0
1434 2
1435 1
1436 0
1437 1
1438 1
1439 1
1440 1
1441 1
1442 1
1443 1
1444 2
1445 1
1446 0
1447 1
1448 2
1449 0
1450 1
1451 2
1452 2
1453 0
1454 1
1455 2
1456 2
1457 1
1458 1
1459 1
1460 1
1461 2
1462 1
1463 1
1464 1
1465 1
1466 2
1467 1
1468 1
1469 1
1470 1
1471 1
1472 1
1473 1
1474 1
1475 1
1476 1
1477 2
1478 1
1479 1
1480 1
1481 1
1482 1
1483 1
1484 1
1485 1
1486 1
1487 1
1488 1
1489 0
1490 1
1491 2
1492 1
1493 2
1494 1
1495 1
1496 1
1497 1
1498 1
1499 1
1500 1
1501 2
1502 2
1503 1
1504 1
1505 1
1506 1
1507 1
1508 1
1509 1
1510 1
1511 1
1512 1
1513 1
1514 0
1515 2
1516 1
1517 2
1518 1
1519 1
1520 2
1521 0
1522 2
1523 0
1524 0
1525 2
1526 1
1527 1
1528 0
1529 1
1530 2
1531 1
1532 0
1533 1
1534 2
1535 1
1536 1
1537 1
1538 1
1539 1
1540 2
1541 2
1542 1
1543 0
1544 2
1545 0
1546 0
1547 1
1548 1
1549 1
1550 1
1551 1
1552 0
1553 0
1554 3
1555 1
1556 1
1557 2
1558 0
1559 1
1560 2
1561 1
1562 0
1563 2
1564 0
1565 1
1566 1
1567 2
1568 1
1569 2
1570 2
1571 0
1572 2
1573 1
1574 2
1575 1
1576 1
1577 1
1578 2
1579 1
1580 1
1581 1
1582 1
1583 2
1584 1
1585 0
1586 2
1587 1
1588 1
1589 2
1590 2
1591 0
1592 2
1593 2
1594 2
1595 1
1596 1
1597 1
1598 1
1599 0
1600 1
1601 1
1602 1
1603 2
1604 1
1605 1
1606 0
1607 0
1608 3
1609 2
1610 1
1611 0
1612 2
1613 2
1614 0
1615 2
1616 1
1617 2
1618 1
1619 2
1620 0
1621 1
1622 0
1623 1
1624 0
1625 1
1626 0
1627 0
1628 1
1629 0
1630 1
1631 0
1632 1
1633 2
1634 0
1635 1
1636 2
1637 0
1638 2
1639 1
1640 1
1641 1
1642 1
1643 2
1644 0
1645 2
1646 1
1647 2
1648 1
1649 1
1650 1
1651 2
1652 2
1653 1
1654 0
1655 1
1656 1
1657 1
1658 1
1659 1
1660 2
1661 1
1662 0
1663 0
1664 1
1665 1
1666 1
1667 1
1668 0
1669 0
1670 0
1671 0
1672 1
1673 0
1674 1
1675 0
1676 1
1677 1
1678 0
1679 0
1680 0
1681 1
1682 0
1683 0
1684 1
1685 1
1686 1
1687 1
1688 1
1689 0
1690 1
1691 2
1692 0
1693 1
1694 1
1695 2
1696 0
1697 1
1698 3
1699 2
1700 2
1701 1
1702 0
1703 3
1704 2
1705 2
1706 1
1707 2
1708 2
1709 1
1710 1
1711 2
1712 2
1713 3
1714 1
1715 3
1716 3
1717 1
1718 3
1719 2
1720 0
1721 1
1722 1
1723 0
1724 2
1725 0
1726 0
1727 1
1728 0
1729 2
1730 2
1731 1
1732 2
1733 2
1734 0
1735 2
1736 2
1737 1
1738 2
1739 0
1740 0
1741 0
1742 1
1743 1
1744 1
1745 1
1746 2
1747 1
1748 0
1749 1
1750 0
1751 1
1752 1
1753 1
1754 1
1755 1
1756 0
1757 1
1758 1
1759 0
1760 1
1761 0
1762 0
1763 0
1764 1
1765 0
1766 1
1767 2
1768 1
1769 1
1770 1
1771 1
1772 1
1773 1
1774 0
1775 2
1776 1
1777 0
1778 1
1779 0
1780 1
1781 2
1782 0
1783 3
1784 0
1785 1
1786 1
1787 1
1788 0
1789 1
1790 1
1791 0
1792 2
1793 1
1794 1
1795 1
1796 2
1797 1
1798 0
1799 0
1800 0
1801 0
1802 1
1803 1
1804 0
1805 1
1806 2
1807 0
1808 1
1809 1
1810 2
1811 2
1812 2
1813 1
1814 2
1815 0
1816 1
1817 1
1818 0
1819 2
1820 1
1821 1
1822 1
1823 1
1824 1
1825 1
1826 1
1827 1
1828 2
1829 1
1830 1
1831 2
1832 1
1833 0
1834 1
1835 0
1836 0
1837 1
1838 2
1839 0
1840 1
1841 1
1842 2
1843 0
1844 1
1845 2
1846 1
1847 3
1848 3
1849 0
1850 1
1851 0
1852 1
1853 2
1854 0
1855 0
1856 2
1857 1
1858 0
1859 0
1860 1
1861 1
1862 1
1863 2
1864 1
1865 2
1866 1
1867 1
1868 2
1869 2
1870 0
1871 2
1872 0
1873 1
1874 0
1875 1
1876 1
1877 2
1878 2
1879 1
1880 0
1881 1
1882 2
1883 2
1884 1
1885 2
1886 1
1887 0
1888 1
1889 2
1890 1
1891 1
1892 2
1893 2
1894 0
1895 0
1896 1
1897 1
1898 1
1899 1
1900 1
1901 2
1902 2
1903 2
1904 2
1905 3
1906 0
1907 1
1908 0
1909 1
1910 2
1911 0
1912 0
1913 0
1914 1
1915 2
1916 1
1917 1
1918 1
1919 1
1920 1
1921 1
1922 1
1923 0
1924 1
1925 1
1926 1
1927 1
1928 2
1929 1
1930 1
1931 1
1932 1
1933 2
1934 1
1935 2
1936 2
1937 2
1938 3
1939 0
1940 0
1941 0
1942 0
1943 0
1944 0
1945 0
1946 0
1947 0
1948 0
1949 0
1950 0
1951 0
1952 0
1953 0
1954 0
1955 0
1956 0
1957 0
1958 0
1959 0
1960 0
1961 0
1962 0
1963 0
1964 0
1965 0
1966 0
1967 0
1968 1
1969 1
1970 1
1971 1
1972 1
1973 1
1974 1
1975 1
1976 3
1977 1
1978 2
1979 2
1980 2
1981 2
1982 0
1983 3
1984 1
1985 1
1986 1
1987 0
1988 0
1989 1
1990 1
1991 1
1992 1
1993 2
1994 1
1995 2
1996 2
1997 0
1998 1
1999 0
