0 2
1 2
2 2
3 0
4 1
5 1
6 1
7 2
8 1
9 2
10 1
11 0
12 1
13 0
14 0
15 0
16 2
17 0
18 1
19 0
20 0
21 0
22 1
23 1
24 1
25 1
26 5
27 3
28 2
29 2
30 1
31 2
32 1
33 1
34 1
35 1
36 2
37 2
38 2
39 2
40 2
41 0
42 2
43 2
44 1
45 2
46 2
47 2
48 2
49 2
50 1
51 1
52 1
53 0
54 2
55 1
56 0
57 1
58 2
59 3
60 1
61 1
62 1
63 1
64 0
65 1
66 2
67 2
68 1
69 1
70 1
71 2
72 2
73 2
74 2
75 2
76 2
77 1
78 1
79 2
80 2
81 2
82 2
83 2
84 0
85 2
86 3
87 2
88 1
89 2
90 2
91 1
92 2
93 1
94 1
95 1
96 1
97 0
98 1
99 1
100 2
101 1
102 2
103 2
104 2
105 2
106 2
107 2
108 1
109 1
110 1
111 1
112 1
113 1
114 1
115 0
116 1
117 1
118 1
119 1
120 1
121 1
122 0
123 1
124 1
125 0
126 0
127 1
128 0
129 1
130 0
131 1
132 1
133 1
134 1
135 1
136 0
137 1
138 1
139 2
140 1
141 1
142 2
143 3
144 2
145 1
146 1
147 1
148 2
149 1
150 1
151 1
152 2
153 0
154 2
155 1
156 1
157 1
158 1
159 1
160 1
161 1
162 1
163 1
164 0
165 1
166 1
167 1
168 1
169 1
170 1
171 0
172 1
173 0
174 1
175 0
176 1
177 1
178 1
179 2
180 1
181 1
182 1
183 2
184 3
185 3
186 1
187 3
188 2
189 2
190 2
191 1
192 2
193 3
194 1
195 3
196 2
197 2
198 3
199 3
200 2
201 4
202 3
203 1
204 2
205 1
206 2
207 3
208 3
209 4
210 2
211 3
212 1
213 2
214 3
215 1
216 1
217 2
218 3
219 1
220 2
221 2
222 2
223 2
224 0
225 1
226 1
227 1
228 3
229 0
230 2
231 1
232 0
233 1
234 0
235 0
236 0
237 0
238 1
239 1
240 1
241 1
242 1
243 2
244 1
245 1
246 1
247 3
248 3
249 1
250 3
251 0
252 1
253 1
254 1
255 2
256 0
257 1
258 1
259 1
260 1
261 1
262 1
263 1
264 1
265 0
266 1
267 0
268 1
269 0
270 1
271 1
272 2
273 0
274 1
275 0
276 0
277 0
278 0
279 0
280 1
281 1
282 1
283 1
284 0
285 1
286 0
287 0
288 0
289 2
290 1
291 1
292 1
293 1
294 2
295 2
296 1
297 2
298 3
299 1
300 3
301 1
302 2
303 0
304 1
305 1
306 1
307 0
308 1
309 0
310 1
311 2
312 1
313 0
314 0
315 0
316 0
317 0
318 0
319 0
320 0
321 0
322 0
323 0
324 0
325 0
326 0
327 0
328 0
329 0
330 1
331 0
332 0
333 0
334 0
335 0
336 0
337 0
338 0
339 0
340 0
341 0
342 0
343 0
344 0
345 1
346 0
347 0
348 0
349 0
350 0
351 0
352 0
353 0
354 0
355 0
356 0
357 0
358 0
359 0
360 0
361 0
362 0
363 0
364 0
365 0
366 0
367 0
368 0
369 1
370 2
371 1
372 0
373 0
374 0
375 0
376 1
377 1
378 1
379 0
380 0
381 0
382 2
383 1
384 0
385 2
386 0
387 0
388 0
389 0
390 0
391 0
392 2
393 2
394 0
395 0
396 0
397 1
398 0
399 0
400 0
401 0
402 0
403 1
404 0
405 0
406 0
407 0
408 2
409 0
410 0
411 3
412 0
413 1
414 2
415 0
416 1
417 1
418 1
419 2
420 1
421 1
422 0
423 0
424 0
425 0
426 0
427 0
428 0
429 0
430 0
431 1
432 1
433 2
434 0
435 2
436 0
437 0
438 0
439 0
440 0
441 0
442 2
443 2
444 1
445 1
446 0
447 0
448 1
449 0
450 0
451 0
452 1
453 0
454 0
455 1
456 1
457 0
458 2
459 1
460 2
461 1
462 0
463 1
464 1
465 0
466 1
467 2
468 0
469 1
470 0
471 1
472 1
473 1
474 2
475 1
476 0
477 0
478 0
479 0
480 0
481 0
482 0
483 0
484 0
485 0
486 0
487 0
488 0
489 0
490 0
491 0
492 0
493 0
494 0
495 0
496 0
497 0
498 0
499 0
500 0
501 0
502 0
503 0
504 0
505 0
506 0
507 0
508 0
509 0
510 0
511 0
512 0
513 0
514 0
515 0
516 0
517 0
518 0
519 0
520 0
521 0
522 0
523 0
524 0
525 0
526 0
527 0
528 0
529 0
530 0
531 0
532 0
533 0
534 0
535 0
536 0
537 0
538 0
539 0
540 0
541 0
542 0
543 0
544 0
545 0
546 0
547 0
548 0
549 0
550 0
551 0
552 0
553 0
554 0
555 0
556 0
557 0
558 0
559 0
560 0
561 0
562 0
563 0
564 0
565 0
566 0
567 0
568 0
569 0
570 0
571 0
572 0
573 0
574 0
575 0
576 0
577 1
578 0
579 0
580 0
581 0
582 0
583 0
584 0
585 0
586 0
587 0
588 0
589 0
590 0
591 0
592 1
593 0
594 1
595 1
596 0
597 0
598 0
599 1
600 0
601 0
602 1
603 1
604 0
605 0
606 0
607 0
608 0
609 1
610 1
611 1
612 0
613 1
614 1
615 2
616 0
617 1
618 2
619 0
620 0
621 0
622 0
623 0
624 2
625 0
626 0
627 0
628 0
629 0
630 1
631 0
632 1
633 0
634 0
635 0
636 0
637 0
638 1
639 0
640 0
641 0
642 0
643 0
644 2
645 3
646 1
647 3
648 2
649 2
650 2
651 1
652 2
653 3
654 2
655 1
656 0
657 0
658 2
659 2
660 1
661 0
662 1
663 1
664 0
665 0
666 0
667 0
668 0
669 0
670 0
671 0
672 0
673 1
674 0
675 0
676 0
677 0
678 0
679 0
680 0
681 0
682 0
683 0
684 0
685 0
686 0
687 2
688 0
689 1
690 2
691 1
692 2
693 0
694 0
695 1
696 1
697 1
698 1
699 2
700 2
701 1
702 1
703 1
704 1
705 1
706 0
707 0
708 1
709 2
710 0
711 1
712 1
713 1
714 2
715 1
716 1
717 1
718 1
719 1
720 0
721 1
722 2
723 1
724 1
725 0
726 0
727 0
728 0
729 0
730 0
731 0
732 0
733 0
734 0
735 0
736 0
737 0
738 0
739 0
740 0
741 0
742 0
743 0
744 0
745 0
746 0
747 0
748 0
749 0
750 0
751 0
752 0
753 0
754 0
755 0
756 0
757 0
758 0
759 0
760 0
761 0
762 0
763 0
764 0
765 0
766 0
767 0
768 0
769 0
770 0
771 0
772 0
773 0
774 0
775 1
776 0
777 0
778 0
779 0
780 0
781 0
782 0
783 0
784 0
785 0
786 0
787 2
788 2
789 2
790 2
791 0
792 0
793 0
794 0
795 0
796 0
797 0
798 0
799 0
800 1
801 1
802 0
803 0
804 1
805 0
806 0
807 1
808 2
809 0
810 0
811 1
812 0
813 1
814 2
815 0
816 0
817 0
818 1
819 1
820 3
821 2
822 3
823 0
824 1
825 2
826 2
827 2
828 2
829 0
830 0
831 0
832 0
833 1
834 1
835 2
836 1
837 1
838 0
839 0
840 2
841 2
842 2
843 2
844 2
845 2
846 1
847 1
848 1
849 0
850 2
851 0
852 2
853 0
854 1
855 2
856 1
857 1
858 1
859 1
860 1
861 3
862 0
863 1
864 1
865 0
866 1
867 0
868 1
869 1
870 0
871 1
872 2
873 0
874 0
875 0
876 0
877 1
878 0
879 1
880 1
881 1
882 1
883 0
884 1
885 1
886 2
887 1
888 1
889 1
890 1
891 1
892 0
893 0
894 1
895 1
896 1
897 1
898 1
899 2
900 1
901 1
902 1
903 2
904 1
905 1
906 1
907 1
908 1
909 1
910 2
911 1
912 2
913 1
914 2
915 1
916 2
917 2
918 1
919 1
920 2
921 2
922 2
923 2
924 2
925 2
926 2
927 1
928 2
929 2
930 2
931 2
932 2
933 2
934 1
935 1
936 2
937 1
938 2
939 3
940 2
941 1
942 2
943 1
944 2
945 2
946 2
947 1
948 1
949 2
950 2
951 2
952 1
953 1
954 2
955 2
956 2
957 1
958 2
959 1
960 1
961 1
962 1
963 2
964 1
965 1
966 1
967 0
968 2
969 1
970 0
971 1
972 2
973 1
974 0
975 1
976 1
977 1
978 1
979 1
980 0
981 1
982 0
983 1
984 0
985 0
986 1
987 0
988 1
989 0
990 2
991 2
992 1
993 1
994 1
995 0
996 1
997 0
998 1
999 2
1000 1
1001 1
1002 1
1003 0
1004 1
1005 0
1006 1
1007 1
1008 1
1009 0
1010 0
1011 1
1012 0
1013 1
1014 0
1015 1
1016 1
1017 0
1018 0
1019 0
1020 0
1021 0
1022 1
1023 1
1024 1
1025 0
1026 0
1027 0
1028 0
1029 0
1030 0
1031 1
1032 0
1033 0
1034 2
1035 0
1036 1
1037 2
1038 0
1039 1
1040 2
1041 1
1042 1
1043 0
1044 0
1045 0
1046 0
1047 2
1048 2
1049 1
1050 2
1051 2
1052 1
1053 2
1054 2
1055 2
1056 1
1057 0
1058 1
1059 1
1060 1
1061 1
1062 0
1063 0
1064 0
1065 1
1066 1
1067 2
1068 1
1069 2
1070 1
1071 2
1072 2
1073 1
1074 2
1075 2
1076 2
1077 0
1078 0
1079 0
1080 0
1081 0
1082 0
1083 0
1084 0
1085 0
1086 0
1087 0
1088 0
1089 0
1090 0
1091 0
1092 0
1093 0
1094 1
1095 1
1096 1
1097 0
1098 0
1099 1
1100 0
1101 1
1102 1
1103 2
1104 1
1105 1
1106 1
1107 1
1108 2
1109 4
1110 1
1111 2
1112 1
1113 3
1114 1
1115 1
1116 1
1117 3
1118 2
1119 0
1120 1
1121 0
1122 1
1123 0
1124 0
1125 1
1126 1
1127 1
1128 0
1129 0
1130 1
1131 0
1132 0
1133 1
1134 1
1135 1
1136 0
1137 1
1138 0
1139 0
1140 1
1141 1
1142 1
1143 0
1144 1
1145 2
1146 1
1147 0
1148 2
1149 2
1150 4
1151 1
1152 1
1153 2
1154 1
1155 2
1156 1
1157 2
1158 1
1159 1
1160 1
1161 2
1162 2
1163 2
1164 1
1165 2
1166 2
1167 2
1168 2
1169 2
1170 2
1171 2
1172 2
1173 2
1174 1
1175 2
1176 1
1177 2
1178 1
1179 1
1180 0
1181 1
1182 2
1183 1
1184 2
1185 2
1186 1
1187 1
1188 0
1189 2
1190 1
1191 3
1192 2
1193 2
1194 1
1195 1
1196 1
1197 1
1198 1
1199 1
1200 1
1201 3
1202 1
1203 1
1204 1
1205 1
1206 3
1207 1
1208 0
1209 1
1210 1
1211 0
1212 1
1213 1
1214 0
1215 0
1216 0
1217 1
1218 0
1219 2
1220 1
1221 0
1222 0
1223 0
1224 1
1225 0
1226 0
1227 0
1228 0
1229 1
1230 1
1231 0
1232 0
1233 0
1234 0
1235 3
1236 2
1237 0
1238 1
1239 0
1240 1
1241 1
1242 1
1243 1
1244 0
1245 0
1246 0
1247 0
1248 0
1249 0
1250 0
1251 0
1252 0
1253 0
1254 0
1255 0
1256 0
1257 0
1258 0
1259 0
1260 0
1261 0
1262 0
1263 0
1264 0
1265 0
1266 0
1267 0
1268 0
1269 0
1270 0
1271 0
1272 0
1273 0
1274 1
1275 0
1276 1
1277 0
1278 0
1279 1
1280 1
1281 0
1282 0
1283 0
1284 0
1285 0
1286 0
1287 0
1288 1
1289 2
1290 1
1291 1
1292 0
1293 2
1294 1
1295 1
1296 1
1297 0
1298 1
1299 1
1300 1
1301 0
1302 1
1303 0
1304 0
1305 0
1306 0
1307 1
1308 2
1309 4
1310 0
1311 1
1312 0
1313 0
1314 1
1315 0
1316 0
1317 1
1318 0
1319 0
1320 0
1321 1
1322 3
1323 1
1324 0
1325 0
1326 0
1327 0
1328 0
1329 0
1330 0
1331 0
1332 0
1333 0
1334 0
1335 0
1336 0
1337 0
1338 0
1339 0
1340 0
1341 0
1342 0
1343 0
1344 2
1345 0
1346 2
1347 1
1348 2
1349 1
1350 0
1351 3
1352 0
1353 3
1354 0
1355 0
1356 2
1357 0
1358 2
1359 1
1360 0
1361 0
1362 0
1363 0
1364 0
1365 0
1366 0
1367 2
1368 2
1369 1
1370 0
1371 2
1372 0
1373 1
1374 0
1375 0
1376 0
1377 0
1378 0
1379 0
1380 0
1381 0
1382 0
1383 0
1384 0
1385 0
1386 0
1387 0
1388 0
1389 0
1390 0
1391 0
1392 1
1393 0
1394 0
1395 0
1396 0
1397 2
1398 2
1399 2
1400 3
1401 1
1402 1
1403 2
1404 1
1405 2
1406 0
1407 0
1408 0
1409 2
1410 2
1411 0
1412 1
1413 1
1414 1
1415 2
1416 3
1417 2
1418 1
1419 2
1420 3
1421 1
1422 0
1423 1
1424 2
1425 2
1426 2
1427 0
1428 1
1429 2
1430 1
1431 0
1432 0
1433 0
1434 0
1435 1
1436 0
1437 0
1438 0
1439 0
1440 0
1441 1
1442 2
1443 2
1444 1
1445 1
1446 2
1447 2
1448 2
1449 0
1450 0
1451 0
1452 0
1453 0
1454 0
1455 0
1456 0
1457 0
1458 0
1459 0
1460 2
1461 0
1462 0
1463 1
1464 0
1465 0
1466 1
1467 0
1468 0
1469 3
1470 0
1471 1
1472 2
1473 1
1474 2
1475 1
1476 2
1477 2
1478 1
1479 2
1480 1
1481 2
1482 0
1483 1
1484 2
1485 2
1486 2
1487 1
1488 2
1489 3
1490 2
1491 0
1492 2
1493 1
1494 2
1495 3
1496 2
1497 2
1498 2
1499 0
1500 2
1501 2
1502 1
1503 1
1504 1
1505 0
1506 1
1507 0
1508 1
1509 2
1510 1
1511 3
1512 1
1513 2
1514 1
1515 1
1516 2
1517 0
1518 2
1519 0
1520 1
1521 1
1522 1
1523 0
1524 3
1525 1
1526 2
1527 1
1528 0
1529 1
1530 1
1531 1
1532 1
1533 3
1534 4
1535 3
1536 4
1537 3
1538 3
1539 3
1540 3
1541 4
1542 3
1543 4
1544 2
1545 5
1546 4
1547 2
1548 1
1549 2
1550 1
1551 2
1552 2
1553 1
1554 1
1555 2
1556 1
1557 1
1558 1
1559 2
1560 3
1561 2
1562 2
1563 2
1564 2
1565 2
1566 2
1567 3
1568 1
1569 1
1570 2
1571 1
1572 2
1573 1
1574 2
1575 1
1576 1
1577 1
1578 0
1579 2
1580 1
1581 1
1582 0
1583 1
1584 2
1585 2
1586 2
1587 2
1588 1
1589 2
1590 2
1591 2
1592 1
1593 1
1594 0
1595 1
1596 1
1597 1
1598 1
1599 1
1600 1
1601 0
1602 1
1603 0
1604 2
1605 2
1606 3
1607 2
1608 2
1609 2
1610 3
1611 2
1612 2
1613 2
1614 1
1615 2
1616 2
1617 2
1618 2
1619 2
1620 3
1621 2
1622 4
1623 2
1624 1
1625 1
1626 1
1627 2
1628 1
1629 2
1630 2
1631 0
1632 1
1633 1
1634 1
1635 1
1636 2
1637 2
1638 2
1639 1
1640 2
1641 1
1642 2
1643 2
1644 1
1645 2
1646 1
1647 1
1648 2
1649 2
1650 2
1651 2
1652 1
1653 1
1654 1
1655 2
1656 2
1657 1
1658 1
1659 4
1660 5
1661 3
1662 1
1663 2
1664 2
1665 2
1666 1
1667 1
1668 1
1669 1
1670 1
1671 1
1672 2
1673 1
1674 1
1675 2
1676 1
1677 1
1678 1
1679 1
1680 1
1681 0
1682 1
1683 1
1684 1
1685 1
1686 1
1687 1
1688 1
1689 1
1690 2
1691 2
1692 1
1693 2
1694 2
1695 2
1696 2
1697 1
1698 1
1699 2
1700 2
1701 2
1702 2
1703 2
1704 2
1705 2
1706 2
1707 2
1708 1
1709 2
1710 2
1711 0
1712 1
1713 1
1714 2
1715 1
1716 1
1717 2
1718 1
1719 0
1720 1
1721 0
1722 1
1723 1
1724 0
1725 0
1726 1
1727 1
1728 1
1729 1
1730 2
1731 1
1732 1
1733 1
1734 2
1735 0
1736 0
1737 0
1738 0
1739 2
1740 0
1741 0
1742 1
1743 1
1744 1
1745 0
1746 0
1747 0
1748 2
1749 1
1750 1
1751 0
1752 1
1753 0
1754 2
1755 1
1756 2
1757 3
1758 1
1759 1
1760 2
1761 2
1762 2
1763 0
1764 0
1765 0
1766 1
1767 0
1768 0
1769 0
1770 0
1771 0
1772 0
1773 0
1774 0
1775 1
1776 1
1777 0
1778 2
1779 0
1780 0
1781 0
1782 0
1783 0
1784 0
1785 0
1786 0
1787 0
1788 0
1789 0
1790 0
1791 0
1792 0
1793 0
1794 0
1795 0
1796 0
1797 1
1798 0
1799 1
1800 0
1801 0
1802 0
1803 0
1804 0
1805 1
1806 1
1807 0
1808 0
1809 0
1810 2
1811 0
1812 1
1813 1
1814 0
1815 1
1816 0
1817 1
1818 2
1819 2
1820 0
1821 0
1822 0
1823 1
1824 0
1825 1
1826 1
1827 1
1828 1
1829 1
1830 0
1831 1
1832 0
1833 1
1834 1
1835 1
1836 0
1837 2
1838 0
1839 1
1840 2
1841 0
1842 0
1843 0
1844 0
1845 1
1846 2
1847 2
1848 0
1849 0
1850 0
1851 2
1852 3
1853 1
1854 2
1855 2
1856 2
1857 1
1858 2
1859 2
1860 1
1861 2
1862 3
1863 2
1864 2
1865 1
1866 2
1867 1
1868 2
1869 1
1870 2
1871 0
1872 1
1873 2
1874 1
1875 1
1876 2
1877 1
1878 2
1879 2
1880 1
1881 2
1882 2
1883 2
1884 2
1885 2
1886 2
1887 2
1888 2
1889 3
1890 0
1891 0
1892 0
1893 0
1894 0
1895 2
1896 0
1897 0
1898 0
1899 0
1900 0
1901 1
1902 2
1903 0
1904 0
1905 1
1906 0
1907 2
1908 1
1909 1
1910 0
1911 1
1912 1
1913 1
1914 1
1915 2
1916 1
1917 1
1918 1
1919 2
1920 2
1921 2
1922 2
1923 2
1924 1
1925 2
1926 2
1927 0
1928 2
1929 0
1930 1
1931 1
1932 1
1933 1
1934 1
1935 3
1936 2
1937 1
1938 1
1939 2
1940 0
1941 3
1942 1
1943 1
1944 0
1945 0
1946 2
1947 0
1948 1
1949 3
1950 1
1951 0
1952 0
1953 0
1954 0
1955 1
1956 0
1957 0
1958 0
1959 2
1960 0
1961 0
1962 0
1963 0
1964 1
1965 0
1966 0
1967 0
1968 1
1969 0
1970 0
1971 0
1972 0
1973 0
1974 1
1975 1
1976 0
1977 1
1978 0
1979 0
1980 1
1981 0
1982 0
1983 0
1984 0
1985 1
1986 0
1987 1
1988 0
1989 1
1990 1
1991 0
1992 0
1993 0
1994 0
1995 0
1996 0
1997 0
1998 0
1999 0
