0 0
1 1
2 0
3 1
4 0
5 1
6 0
7 0
8 1
9 1
10 1
11 1
12 1
13 1
14 1
15 1
16 1
17 1
18 1
19 1
20 1
21 1
22 0
23 1
24 1
25 0
26 0
27 0
28 0
29 0
30 0
31 2
32 0
33 0
34 0
35 0
36 0
37 0
38 1
39 1
40 1
41 1
42 1
43 1
44 0
45 1
46 1
47 1
48 2
49 1
50 1
51 1
52 1
53 1
54 0
55 0
56 0
57 0
58 0
59 0
60 0
61 0
62 0
63 0
64 0
65 0
66 0
67 0
68 0
69 0
70 1
71 0
72 0
73 0
74 0
75 0
76 0
77 0
78 0
79 0
80 0
81 2
82 1
83 1
84 0
85 0
86 0
87 1
88 1
89 0
90 0
91 0
92 0
93 0
94 2
95 0
96 0
97 0
98 1
99 0
100 1
101 0
102 0
103 1
104 0
105 1
106 0
107 0
108 0
109 0
110 0
111 0
112 0
113 0
114 1
115 0
116 1
117 2
118 0
119 0
120 0
121 0
122 0
123 0
124 0
125 0
126 0
127 0
128 0
129 0
130 0
131 1
132 1
133 1
134 1
135 0
136 0
137 0
138 0
139 2
140 1
141 0
142 1
143 0
144 0
145 2
146 1
147 0
148 0
149 0
150 1
151 0
152 1
153 1
154 0
155 0
156 0
157 0
158 0
159 0
160 0
161 1
162 0
163 0
164 0
165 0
166 0
167 0
168 0
169 0
170 0
171 1
172 0
173 0
174 1
175 1
176 1
177 1
178 1
179 1
180 0
181 0
182 0
183 0
184 0
185 0
186 0
187 0
188 0
189 0
190 0
191 0
192 0
193 0
194 0
195 0
196 1
197 0
198 0
199 0
200 0
201 0
202 2
203 0
204 0
205 1
206 0
207 0
208 0
209 0
210 0
211 1
212 0
213 1
214 0
215 0
216 0
217 0
218 0
219 0
220 0
221 0
222 0
223 0
224 0
225 0
226 1
227 0
228 0
229 0
230 0
231 0
232 1
233 0
234 1
235 0
236 0
237 0
238 1
239 0
240 0
241 0
242 0
243 0
244 1
245 0
246 0
247 0
248 0
249 0
250 0
251 0
252 0
253 0
254 0
255 0
256 0
257 1
258 1
259 1
260 0
261 0
262 0
263 0
264 0
265 0
266 0
267 0
268 0
269 0
270 0
271 0
272 0
273 0
274 0
275 0
276 0
277 0
278 0
279 1
280 0
281 0
282 1
283 0
284 1
285 0
286 0
287 0
288 0
289 0
290 0
291 0
292 0
293 0
294 0
295 0
296 1
297 1
298 1
299 1
300 2
301 0
302 1
303 1
304 1
305 2
306 1
307 1
308 1
309 0
310 0
311 1
312 1
313 2
314 1
315 1
316 2
317 2
318 2
319 0
320 0
321 1
322 1
323 1
324 2
325 0
326 1
327 1
328 2
329 1
330 1
331 0
332 0
333 1
334 2
335 1
336 1
337 2
338 1
339 1
340 2
341 1
342 1
343 1
344 1
345 1
346 1
347 1
348 1
349 2
350 1
351 1
352 1
353 3
354 0
355 1
356 2
357 2
358 1
359 1
360 1
361 0
362 1
363 0
364 0
365 0
366 1
367 1
368 1
369 1
370 1
371 1
372 1
373 1
374 0
375 1
376 1
377 1
378 1
379 2
380 1
381 0
382 1
383 1
384 1
385 1
386 2
387 1
388 1
389 2
390 1
391 1
392 1
393 0
394 1
395 2
396 1
397 2
398 1
399 2
400 2
401 2
402 1
403 2
404 0
405 2
406 1
407 1
408 0
409 1
410 0
411 2
412 0
413 1
414 0
415 1
416 1
417 1
418 2
419 1
420 1
421 2
422 1
423 1
424 2
425 1
426 1
427 2
428 2
429 1
430 1
431 1
432 2
433 1
434 1
435 1
436 1
437 3
438 2
439 1
440 1
441 2
442 2
443 1
444 1
445 1
446 0
447 1
448 1
449 1
450 1
451 1
452 1
453 1
454 2
455 2
456 2
457 0
458 0
459 0
460 1
461 0
462 0
463 2
464 2
465 0
466 1
467 1
468 1
469 1
470 1
471 1
472 2
473 0
474 1
475 1
476 1
477 2
478 1
479 2
480 0
481 2
482 0
483 1
484 0
485 2
486 0
487 1
488 1
489 1
490 1
491 0
492 2
493 1
494 0
495 1
496 2
497 1
498 1
499 2
500 2
501 3
502 1
503 1
504 3
505 2
506 2
507 0
508 1
509 1
510 1
511 1
512 1
513 2
514 1
515 1
516 1
517 1
518 0
519 1
520 0
521 3
522 2
523 1
524 1
525 1
526 1
527 0
528 1
529 2
530 2
531 1
532 1
533 1
534 2
535 1
536 2
537 1
538 2
539 1
540 1
541 1
542 2
543 0
544 0
545 0
546 0
547 2
548 1
549 1
550 1
551 2
552 0
553 1
554 1
555 1
556 1
557 1
558 1
559 1
560 0
561 1
562 1
563 1
564 1
565 1
566 0
567 1
568 1
569 1
570 1
571 1
572 1
573 1
574 1
575 2
576 2
577 1
578 2
579 2
580 1
581 1
582 3
583 1
584 1
585 2
586 1
587 3
588 0
589 1
590 0
591 0
592 0
593 2
594 1
595 0
596 0
597 0
598 0
599 0
600 2
601 4
602 1
603 2
604 0
605 1
606 1
607 0
608 2
609 2
610 0
611 1
612 2
613 0
614 3
615 3
616 1
617 2
618 1
619 1
620 2
621 2
622 0
623 0
624 1
625 1
626 1
627 0
628 1
629 1
630 1
631 1
632 1
633 0
634 1
635 1
636 0
637 1
638 2
639 0
640 2
641 1
642 0
643 1
644 2
645 1
646 2
647 0
648 0
649 1
650 1
651 2
652 2
653 1
654 1
655 1
656 2
657 1
658 1
659 1
660 1
661 0
662 1
663 2
664 2
665 1
666 1
667 1
668 1
669 1
670 1
671 1
672 4
673 2
674 3
675 1
676 1
677 0
678 1
679 3
680 1
681 1
682 1
683 2
684 3
685 0
686 1
687 1
688 0
689 3
690 1
691 2
692 1
693 2
694 1
695 1
696 0
697 0
698 3
699 0
700 1
701 0
702 2
703 2
704 1
705 2
706 3
707 2
708 4
709 1
710 1
711 1
712 2
713 2
714 2
715 0
716 0
717 2
718 1
719 1
720 1
721 2
722 0
723 3
724 1
725 1
726 2
727 2
728 1
729 0
730 2
731 0
732 1
733 2
734 2
735 3
736 1
737 1
738 0
739 1
740 1
741 2
742 1
743 1
744 2
745 1
746 1
747 1
748 2
749 0
750 3
751 2
752 1
753 2
754 2
755 2
756 0
757 1
758 1
759 1
760 1
761 1
762 1
763 1
764 1
765 1
766 2
767 2
768 1
769 1
770 2
771 1
772 1
773 2
774 1
775 2
776 1
777 1
778 1
779 3
780 2
781 2
782 1
783 0
784 1
785 1
786 2
787 1
788 1
789 1
790 1
791 1
792 0
793 1
794 2
795 4
796 1
797 1
798 2
799 2
800 1
801 1
802 1
803 0
804 2
805 2
806 2
807 1
808 2
809 1
810 2
811 1
812 2
813 2
814 3
815 2
816 2
817 2
818 1
819 1
820 1
821 1
822 1
823 3
824 2
825 2
826 1
827 2
828 1
829 2
830 1
831 1
832 1
833 0
834 1
835 2
836 2
837 1
838 2
839 1
840 1
841 2
842 2
843 1
844 1
845 2
846 1
847 2
848 1
849 2
850 2
851 1
852 3
853 2
854 2
855 0
856 1
857 2
858 1
859 1
860 1
861 1
862 2
863 0
864 1
865 1
866 2
867 1
868 0
869 2
870 2
871 1
872 1
873 1
874 2
875 1
876 2
877 2
878 2
879 1
880 3
881 2
882 2
883 1
884 1
885 2
886 2
887 1
888 3
889 2
890 2
891 1
892 1
893 1
894 1
895 1
896 1
897 1
898 2
899 3
900 2
901 2
902 1
903 1
904 2
905 1
906 1
907 1
908 3
909 2
910 1
911 2
912 2
913 1
914 1
915 2
916 0
917 0
918 0
919 1
920 1
921 2
922 2
923 2
924 2
925 1
926 1
927 1
928 2
929 2
930 1
931 1
932 2
933 2
934 2
935 1
936 2
937 2
938 0
939 1
940 1
941 2
942 2
943 1
944 1
945 2
946 0
947 1
948 2
949 1
950 2
951 0
952 1
953 0
954 1
955 1
956 1
957 2
958 1
959 1
960 1
961 3
962 1
963 2
964 0
965 1
966 2
967 1
968 3
969 1
970 1
971 1
972 1
973 1
974 1
975 1
976 1
977 0
978 2
979 2
980 0
981 1
982 1
983 1
984 1
985 2
986 1
987 0
988 1
989 3
990 1
991 1
992 1
993 1
994 1
995 1
996 1
997 0
998 1
999 1
1000 0
1001 1
1002 1
1003 1
1004 1
1005 1
1006 1
1007 3
1008 0
1009 1
1010 1
1011 1
1012 2
1013 2
1014 0
1015 2
1016 1
1017 0
1018 1
1019 0
1020 1
1021 1
1022 1
1023 1
1024 1
1025 1
1026 2
1027 2
1028 1
1029 3
1030 2
1031 2
1032 2
1033 4
1034 1
1035 2
1036 0
1037 1
1038 0
1039 1
1040 0
1041 1
1042 0
1043 2
1044 1
1045 0
1046 3
1047 2
1048 1
1049 0
1050 1
1051 2
1052 2
1053 1
1054 1
1055 1
1056 1
1057 0
1058 1
1059 0
1060 1
1061 1
1062 2
1063 1
1064 3
1065 0
1066 2
1067 1
1068 1
1069 1
1070 1
1071 2
1072 0
1073 2
1074 1
1075 1
1076 1
1077 2
1078 2
1079 1
1080 2
1081 2
1082 2
1083 0
1084 2
1085 1
1086 1
1087 2
1088 1
1089 1
1090 1
1091 0
1092 2
1093 2
1094 2
1095 1
1096 1
1097 2
1098 1
1099 0
1100 1
1101 0
1102 1
1103 1
1104 1
1105 1
1106 1
1107 1
1108 2
1109 1
1110 2
1111 1
1112 1
1113 3
1114 2
1115 0
1116 2
1117 2
1118 0
1119 2
1120 1
1121 0
1122 3
1123 2
1124 1
1125 2
1126 1
1127 3
1128 0
1129 2
1130 2
1131 1
1132 1
1133 0
1134 0
1135 0
1136 3
1137 1
1138 2
1139 0
1140 1
1141 1
1142 1
1143 2
1144 1
1145 1
1146 1
1147 1
1148 1
1149 1
1150 2
1151 0
1152 1
1153 1
1154 0
1155 2
1156 2
1157 2
1158 1
1159 0
1160 1
1161 1
1162 1
1163 2
1164 2
1165 0
1166 2
1167 1
1168 0
1169 2
1170 3
1171 0
1172 2
1173 2
1174 2
1175 3
1176 1
1177 1
1178 0
1179 2
1180 1
1181 1
1182 0
1183 3
1184 1
1185 0
1186 1
1187 1
1188 1
1189 1
1190 1
1191 1
1192 1
1193 2
1194 0
1195 1
1196 1
1197 2
1198 1
1199 1
1200 1
1201 1
1202 1
1203 1
1204 1
1205 1
1206 2
1207 0
1208 2
1209 3
1210 1
1211 2
1212 0
1213 0
1214 1
1215 0
1216 1
1217 1
1218 1
1219 2
1220 1
1221 1
1222 1
1223 1
1224 1
1225 1
1226 3
1227 1
1228 2
1229 1
1230 0
1231 1
1232 4
1233 0
1234 1
1235 0
1236 0
1237 0
1238 0
1239 1
1240 2
1241 3
1242 0
1243 0
1244 0
1245 1
1246 1
1247 1
1248 1
1249 2
1250 1
1251 2
1252 0
1253 3
1254 4
1255 0
1256 1
1257 1
1258 2
1259 1
1260 2
1261 0
1262 1
1263 0
1264 1
1265 1
1266 0
1267 1
1268 2
1269 1
1270 1
1271 3
1272 0
1273 1
1274 1
1275 1
1276 1
1277 0
1278 1
1279 2
1280 1
1281 2
1282 2
1283 0
1284 2
1285 1
1286 2
1287 1
1288 1
1289 2
1290 0
1291 3
1292 0
1293 1
1294 1
1295 3
1296 0
1297 1
1298 2
1299 0
1300 0
1301 0
1302 1
1303 2
1304 3
1305 2
1306 0
1307 1
1308 2
1309 1
1310 2
1311 1
1312 1
1313 0
1314 1
1315 2
1316 1
1317 1
1318 0
1319 1
1320 1
1321 1
1322 1
1323 0
1324 0
1325 1
1326 0
1327 1
1328 1
1329 1
1330 1
1331 1
1332 0
1333 2
1334 1
1335 1
1336 0
1337 1
1338 2
1339 1
1340 2
1341 2
1342 1
1343 1
1344 1
1345 2
1346 1
1347 2
1348 1
1349 1
1350 1
1351 2
1352 1
1353 0
1354 3
1355 1
1356 1
1357 0
1358 1
1359 0
1360 3
1361 1
1362 0
1363 2
1364 2
1365 1
1366 2
1367 2
1368 1
1369 1
1370 2
1371 1
1372 0
1373 1
1374 0
1375 1
1376 2
1377 3
1378 0
1379 2
1380 1
1381 3
1382 1
1383 1
1384 0
1385 1
1386 1
1387 2
1388 0
1389 2
1390 1
1391 2
1392 1
1393 1
1394 1
1395 1
1396 1
1397 2
1398 0
1399 1
1400 1
1401 1
1402 2
1403 1
1404 2
1405 1
1406 2
1407 2
1408 2
1409 1
1410 1
1411 0
1412 0
1413 1
1414 1
1415 0
1416 4
1417 2
1418 2
1419 2
1420 0
1421 2
1422 1
1423 1
1424 1
1425 1
1426 2
1427 1
1428 1
1429 1
1430 3
1431 3
1432 1
1433 2
1434 2
1435 2
1436 1
1437 1
1438 2
1439 3
1440 1
1441 0
1442 2
1443 1
1444 2
1445 4
1446 2
1447 0
1448 2
1449 1
1450 1
1451 1
1452 2
1453 0
1454 1
1455 0
1456 2
1457 2
1458 1
1459 3
1460 0
1461 1
1462 1
1463 2
1464 1
1465 1
1466 0
1467 1
1468 2
1469 0
1470 2
1471 0
1472 1
1473 0
1474 1
1475 2
1476 2
1477 1
1478 1
1479 2
1480 2
1481 0
1482 1
1483 0
1484 2
1485 0
1486 1
1487 1
1488 1
1489 1
1490 1
1491 1
1492 2
1493 1
1494 1
1495 2
1496 0
1497 1
1498 1
1499 0
1500 1
1501 2
1502 1
1503 3
1504 1
1505 2
1506 2
1507 1
1508 2
1509 1
1510 2
1511 2
1512 1
1513 2
1514 1
1515 2
1516 1
1517 2
1518 0
1519 1
1520 1
1521 1
1522 1
1523 1
1524 1
1525 2
1526 1
1527 2
1528 2
1529 0
1530 1
1531 2
1532 1
1533 1
1534 3
1535 0
1536 1
1537 0
1538 1
1539 2
1540 1
1541 1
1542 2
1543 0
1544 1
1545 1
1546 2
1547 2
1548 1
1549 2
1550 1
1551 1
1552 1
1553 1
1554 1
1555 2
1556 1
1557 0
1558 1
1559 0
1560 0
1561 2
1562 1
1563 1
1564 1
1565 0
1566 0
1567 2
1568 1
1569 1
1570 1
1571 1
1572 2
1573 1
1574 2
1575 1
1576 1
1577 1
1578 1
1579 1
1580 1
1581 1
1582 1
1583 0
1584 0
1585 1
1586 0
1587 1
1588 1
1589 1
1590 1
1591 1
1592 2
1593 1
1594 1
1595 0
1596 1
1597 1
1598 1
1599 0
1600 1
1601 2
1602 0
1603 2
1604 1
1605 0
1606 0
1607 2
1608 1
1609 1
1610 1
1611 2
1612 2
1613 1
1614 1
1615 1
1616 2
1617 0
1618 3
1619 3
1620 1
1621 2
1622 1
1623 2
1624 1
1625 0
1626 1
1627 0
1628 0
1629 0
1630 1
1631 2
1632 0
1633 0
1634 2
1635 1
1636 0
1637 1
1638 1
1639 1
1640 1
1641 1
1642 0
1643 1
1644 1
1645 1
1646 0
1647 1
1648 0
1649 1
1650 1
1651 1
1652 0
1653 1
1654 1
1655 1
1656 0
1657 1
1658 1
1659 1
1660 0
1661 2
1662 0
1663 1
1664 1
1665 2
1666 2
1667 0
1668 0
1669 2
1670 2
1671 0
1672 1
1673 1
1674 3
1675 1
1676 1
1677 2
1678 1
1679 0
1680 1
1681 1
1682 3
1683 1
1684 2
1685 2
1686 0
1687 2
1688 2
1689 0
1690 2
1691 1
1692 1
1693 1
1694 1
1695 1
1696 1
1697 1
1698 1
1699 2
1700 0
1701 1
1702 2
1703 0
1704 1
1705 2
1706 0
1707 1
1708 1
1709 1
1710 1
1711 1
1712 1
1713 1
1714 1
1715 1
1716 1
1717 1
1718 1
1719 1
1720 2
1721 1
1722 1
1723 1
1724 1
1725 2
1726 1
1727 1
1728 1
1729 1
1730 3
1731 1
1732 0
1733 1
1734 2
1735 1
1736 1
1737 0
1738 0
1739 3
1740 2
1741 1
1742 0
1743 3
1744 1
1745 1
1746 1
1747 1
1748 2
1749 0
1750 2
1751 1
1752 1
1753 1
1754 2
1755 1
1756 2
1757 1
1758 1
1759 1
1760 1
1761 0
1762 1
1763 1
1764 0
1765 1
1766 1
1767 1
1768 1
1769 1
1770 1
1771 2
1772 3
1773 2
1774 1
1775 0
1776 2
1777 1
1778 0
1779 0
1780 0
1781 0
1782 1
1783 1
1784 1
1785 1
1786 0
1787 1
1788 1
1789 1
1790 2
1791 0
1792 0
1793 1
1794 2
1795 0
1796 1
1797 0
1798 0
1799 1
1800 2
1801 0
1802 0
1803 0
1804 0
1805 1
1806 0
1807 0
1808 0
1809 1
1810 0
1811 2
1812 0
1813 0
1814 0
1815 0
1816 1
1817 0
1818 3
1819 0
1820 0
1821 1
1822 1
1823 1
1824 1
1825 1
1826 1
1827 2
1828 1
1829 0
1830 1
1831 1
1832 2
1833 0
1834 2
1835 1
1836 1
1837 1
1838 1
1839 1
1840 2
1841 1
1842 2
1843 0
1844 1
1845 0
1846 1
1847 1
1848 0
1849 1
1850 2
1851 2
1852 0
1853 0
1854 2
1855 2
1856 1
1857 0
1858 2
1859 2
1860 1
1861 2
1862 0
1863 1
1864 1
1865 2
1866 1
1867 0
1868 1
1869 0
1870 1
1871 1
1872 1
1873 1
1874 1
1875 0
1876 1
1877 1
1878 1
1879 1
1880 1
1881 1
1882 1
1883 2
1884 1
1885 1
1886 0
1887 1
1888 1
1889 0
1890 2
1891 0
1892 1
1893 1
1894 1
1895 1
1896 0
1897 2
1898 1
1899 1
1900 0
1901 1
1902 0
1903 1
1904 2
1905 1
1906 0
1907 1
1908 1
1909 1
1910 0
1911 1
1912 0
1913 1
1914 2
1915 1
1916 1
1917 2
1918 2
1919 2
1920 0
1921 3
1922 1
1923 1
1924 2
1925 1
1926 2
1927 1
1928 0
1929 1
1930 2
1931 0
1932 0
1933 1
1934 1
1935 1
1936 1
1937 1
1938 2
1939 2
1940 1
1941 2
1942 2
1943 1
1944 1
1945 1
1946 1
1947 1
1948 1
1949 0
1950 0
1951 1
1952 0
1953 3
1954 2
1955 0
1956 1
1957 2
1958 1
1959 4
1960 1
1961 0
1962 2
1963 1
1964 2
1965 2
1966 1
1967 1
1968 2
1969 2
1970 0
1971 2
1972 0
1973 1
1974 0
1975 2
1976 2
1977 1
1978 2
1979 0
1980 1
1981 1
1982 2
1983 2
1984 1
1985 2
1986 0
1987 2
1988 2
1989 3
1990 1
1991 2
1992 1
1993 2
1994 2
1995 1
1996 0
1997 2
1998 2
1999 1
