0 1
1 1
2 1
3 0
4 1
5 0
6 2
7 2
8 2
9 1
10 1
11 1
12 1
13 1
14 1
15 1
16 0
17 2
18 1
19 2
20 2
21 1
22 1
23 1
24 2
25 3
26 0
27 1
28 2
29 1
30 1
31 2
32 1
33 2
34 1
35 2
36 2
37 2
38 2
39 2
40 1
41 2
42 1
43 1
44 2
45 1
46 2
47 2
48 2
49 2
50 1
51 2
52 3
53 1
54 1
55 3
56 1
57 2
58 2
59 1
60 3
61 2
62 2
63 2
64 2
65 2
66 2
67 2
68 1
69 2
70 3
71 2
72 2
73 1
74 2
75 2
76 1
77 0
78 1
79 2
80 1
81 1
82 1
83 3
84 2
85 2
86 1
87 2
88 2
89 1
90 2
91 2
92 2
93 1
94 2
95 2
96 2
97 1
98 1
99 2
100 2
101 1
102 1
103 2
104 2
105 2
106 2
107 1
108 2
109 1
110 1
111 1
112 2
113 1
114 1
115 1
116 1
117 3
118 2
119 3
120 2
121 1
122 2
123 2
124 2
125 2
126 1
127 2
128 2
129 2
130 3
131 1
132 1
133 1
134 1
135 0
136 1
137 0
138 1
139 0
140 1
141 1
142 1
143 1
144 3
145 2
146 1
147 0
148 0
149 1
150 1
151 0
152 0
153 1
154 0
155 0
156 0
157 1
158 1
159 0
160 1
161 1
162 1
163 2
164 2
165 2
166 2
167 2
168 1
169 1
170 3
171 2
172 2
173 1
174 1
175 3
176 0
177 3
178 2
179 1
180 2
181 1
182 2
183 2
184 1
185 2
186 2
187 2
188 2
189 3
190 1
191 1
192 2
193 2
194 1
195 1
196 1
197 1
198 1
199 1
200 2
201 1
202 2
203 3
204 1
205 2
206 1
207 2
208 1
209 2
210 1
211 3
212 1
213 1
214 2
215 3
216 1
217 2
218 1
219 3
220 2
221 1
222 1
223 1
224 2
225 2
226 2
227 1
228 2
229 1
230 1
231 1
232 3
233 2
234 2
235 2
236 2
237 2
238 2
239 4
240 2
241 2
242 2
243 1
244 2
245 1
246 1
247 1
248 2
249 1
250 2
251 0
252 1
253 0
254 0
255 0
256 0
257 2
258 1
259 2
260 1
261 1
262 1
263 1
264 1
265 1
266 1
267 1
268 2
269 2
270 2
271 3
272 0
273 1
274 0
275 2
276 0
277 2
278 1
279 1
280 2
281 2
282 3
283 1
284 2
285 1
286 1
287 1
288 1
289 1
290 1
291 2
292 2
293 2
294 2
295 3
296 1
297 1
298 2
299 3
300 1
301 1
302 2
303 2
304 2
305 1
306 3
307 2
308 1
309 2
310 2
311 1
312 1
313 1
314 1
315 1
316 2
317 1
318 1
319 0
320 2
321 1
322 1
323 2
324 2
325 1
326 1
327 2
328 1
329 0
330 1
331 1
332 1
333 1
334 2
335 1
336 3
337 2
338 2
339 1
340 1
341 2
342 1
343 1
344 1
345 2
346 2
347 2
348 2
349 2
350 1
351 2
352 1
353 2
354 1
355 2
356 1
357 2
358 1
359 2
360 3
361 2
362 2
363 1
364 3
365 2
366 2
367 2
368 2
369 1
370 2
371 3
372 2
373 2
374 1
375 0
376 2
377 1
378 1
379 1
380 1
381 2
382 1
383 2
384 2
385 1
386 1
387 2
388 2
389 2
390 2
391 2
392 2
393 0
394 2
395 1
396 2
397 1
398 2
399 1
400 2
401 1
402 2
403 2
404 1
405 1
406 1
407 2
408 1
409 2
410 1
411 1
412 1
413 1
414 2
415 2
416 0
417 0
418 1
419 0
420 0
421 0
422 2
423 1
424 1
425 1
426 2
427 1
428 1
429 2
430 1
431 1
432 1
433 2
434 1
435 2
436 1
437 1
438 1
439 1
440 1
441 3
442 1
443 2
444 2
445 2
446 0
447 1
448 1
449 2
450 1
451 1
452 2
453 1
454 1
455 0
456 1
457 2
458 1
459 1
460 1
461 1
462 2
463 2
464 2
465 1
466 2
467 2
468 1
469 2
470 3
471 2
472 1
473 3
474 1
475 1
476 2
477 1
478 0
479 1
480 2
481 1
482 3
483 1
484 1
485 2
486 1
487 1
488 2
489 2
490 0
491 1
492 1
493 1
494 1
495 1
496 1
497 1
498 1
499 1
500 3
501 1
502 2
503 1
504 2
505 1
506 1
507 2
508 2
509 2
510 2
511 2
512 2
513 1
514 0
515 1
516 1
517 2
518 1
519 2
520 2
521 1
522 2
523 1
524 2
525 1
526 2
527 1
528 3
529 1
530 1
531 2
532 1
533 1
534 1
535 2
536 2
537 2
538 2
539 2
540 2
541 2
542 2
543 2
544 0
545 2
546 1
547 2
548 1
549 1
550 2
551 3
552 2
553 2
554 1
555 3
556 2
557 2
558 3
559 3
560 2
561 2
562 2
563 2
564 2
565 2
566 1
567 1
568 0
569 1
570 1
571 1
572 0
573 2
574 1
575 3
576 2
577 1
578 1
579 1
580 1
581 1
582 2
583 1
584 2
585 1
586 1
587 1
588 2
589 1
590 3
591 2
592 1
593 2
594 2
595 2
596 2
597 3
598 1
599 2
600 2
601 2
602 1
603 1
604 2
605 3
606 1
607 2
608 1
609 1
610 2
611 2
612 1
613 2
614 1
615 2
616 2
617 1
618 2
619 2
620 1
621 1
622 2
623 1
624 0
625 1
626 2
627 1
628 2
629 2
630 1
631 2
632 2
633 1
634 2
635 1
636 1
637 1
638 0
639 2
640 2
641 2
642 2
643 2
644 1
645 1
646 2
647 1
648 1
649 1
650 1
651 1
652 2
653 1
654 1
655 0
656 3
657 1
658 2
659 2
660 2
661 2
662 1
663 1
664 2
665 0
666 2
667 2
668 2
669 0
670 2
671 2
672 2
673 0
674 2
675 2
676 2
677 3
678 2
679 0
680 3
681 1
682 2
683 3
684 1
685 1
686 2
687 1
688 1
689 1
690 2
691 2
692 2
693 2
694 0
695 2
696 0
697 1
698 3
699 2
700 1
701 1
702 1
703 1
704 1
705 1
706 1
707 2
708 2
709 2
710 2
711 2
712 1
713 2
714 2
715 2
716 1
717 1
718 3
719 2
720 1
721 2
722 1
723 1
724 0
725 2
726 1
727 1
728 1
729 1
730 2
731 1
732 2
733 1
734 0
735 1
736 1
737 1
738 3
739 2
740 2
741 2
742 2
743 2
744 1
745 2
746 2
747 2
748 2
749 0
750 1
751 1
752 0
753 1
754 2
755 1
756 1
757 1
758 2
759 1
760 1
761 1
762 1
763 0
764 2
765 1
766 1
767 2
768 1
769 1
770 2
771 1
772 1
773 1
774 1
775 2
776 1
777 1
778 1
779 1
780 2
781 1
782 2
783 1
784 2
785 2
786 2
787 0
788 1
789 2
790 1
791 2
792 2
793 1
794 2
795 0
796 1
797 2
798 2
799 2
800 1
801 0
802 1
803 1
804 2
805 3
806 1
807 2
808 2
809 1
810 2
811 2
812 2
813 2
814 1
815 1
816 2
817 2
818 1
819 3
820 1
821 1
822 2
823 2
824 1
825 2
826 2
827 2
828 1
829 2
830 2
831 2
832 0
833 1
834 1
835 1
836 1
837 1
838 0
839 1
840 1
841 1
842 1
843 0
844 1
845 1
846 0
847 0
848 0
849 1
850 1
851 1
852 1
853 1
854 2
855 1
856 2
857 1
858 1
859 1
860 1
861 2
862 1
863 1
864 0
865 2
866 2
867 1
868 1
869 1
870 1
871 0
872 1
873 1
874 1
875 1
876 1
877 2
878 2
879 3
880 2
881 2
882 2
883 2
884 2
885 1
886 2
887 1
888 1
889 2
890 2
891 1
892 2
893 1
894 1
895 0
896 1
897 1
898 3
899 1
900 0
901 1
902 1
903 1
904 2
905 2
906 1
907 0
908 2
909 2
910 1
911 1
912 2
913 2
914 2
915 2
916 2
917 1
918 1
919 2
920 1
921 2
922 2
923 1
924 1
925 1
926 1
927 1
928 1
929 0
930 0
931 1
932 2
933 2
934 2
935 2
936 2
937 2
938 1
939 0
940 1
941 0
942 1
943 2
944 2
945 1
946 1
947 1
948 1
949 2
950 0
951 2
952 0
953 2
954 2
955 1
956 3
957 1
958 1
959 1
960 0
961 1
962 2
963 0
964 2
965 3
966 1
967 1
968 1
969 1
970 1
971 2
972 0
973 2
974 2
975 1
976 1
977 1
978 1
979 2
980 2
981 0
982 1
983 1
984 2
985 1
986 0
987 1
988 2
989 1
990 0
991 2
992 2
993 1
994 2
995 1
996 1
997 1
998 2
999 1
1000 2
1001 0
1002 3
1003 1
1004 1
1005 1
1006 1
1007 1
1008 0
1009 0
1010 0
1011 1
1012 0
1013 1
1014 1
1015 2
1016 0
1017 0
1018 0
1019 1
1020 0
1021 1
1022 1
1023 1
1024 1
1025 1
1026 2
1027 1
1028 1
1029 1
1030 2
1031 1
1032 1
1033 2
1034 1
1035 1
1036 2
1037 1
1038 1
1039 1
1040 2
1041 1
1042 2
1043 1
1044 1
1045 2
1046 1
1047 2
1048 2
1049 0
1050 3
1051 1
1052 2
1053 1
1054 1
1055 1
1056 2
1057 0
1058 0
1059 1
1060 2
1061 0
1062 1
1063 2
1064 2
1065 0
1066 2
1067 2
1068 1
1069 1
1070 1
1071 2
1072 1
1073 2
1074 1
1075 0
1076 2
1077 2
1078 1
1079 1
1080 1
1081 2
1082 1
1083 1
1084 2
1085 1
1086 1
1087 1
1088 1
1089 2
1090 1
1091 2
1092 2
1093 1
1094 2
1095 1
1096 2
1097 1
1098 1
1099 2
1100 2
1101 1
1102 2
1103 1
1104 2
1105 2
1106 1
1107 2
1108 2
1109 1
1110 1
1111 1
1112 1
1113 0
1114 0
1115 1
1116 1
1117 1
1118 1
1119 1
1120 1
1121 2
1122 1
1123 1
1124 2
1125 2
1126 2
1127 1
1128 2
1129 2
1130 1
1131 2
1132 1
1133 3
1134 2
1135 1
1136 2
1137 2
1138 2
1139 1
1140 2
1141 2
1142 1
1143 1
1144 1
1145 2
1146 3
1147 1
1148 2
1149 2
1150 1
1151 2
1152 2
1153 2
1154 1
1155 1
1156 2
1157 1
1158 1
1159 1
1160 1
1161 2
1162 1
1163 2
1164 1
1165 1
1166 1
1167 2
1168 2
1169 1
1170 1
1171 2
1172 1
1173 3
1174 1
1175 2
1176 1
1177 1
1178 1
1179 2
1180 1
1181 2
1182 1
1183 1
1184 1
1185 1
1186 3
1187 2
1188 1
1189 2
1190 1
1191 2
1192 1
1193 1
1194 1
1195 2
1196 1
1197 1
1198 1
1199 2
1200 2
1201 3
1202 2
1203 2
1204 2
1205 2
1206 1
1207 1
1208 1
1209 1
1210 2
1211 2
1212 2
1213 2
1214 1
1215 2
1216 3
1217 1
1218 2
1219 2
1220 1
1221 1
1222 0
1223 1
1224 2
1225 2
1226 2
1227 1
1228 2
1229 1
1230 3
1231 2
1232 2
1233 2
1234 1
1235 1
1236 1
1237 1
1238 0
1239 2
1240 1
1241 1
1242 2
1243 1
1244 2
1245 2
1246 2
1247 1
1248 3
1249 1
1250 2
1251 2
1252 0
1253 1
1254 2
1255 1
1256 1
1257 3
1258 2
1259 1
1260 1
1261 1
1262 3
1263 1
1264 2
1265 2
1266 0
1267 1
1268 1
1269 3
1270 2
1271 2
1272 2
1273 2
1274 2
1275 2
1276 2
1277 2
1278 1
1279 2
1280 2
1281 2
1282 1
1283 1
1284 1
1285 2
1286 2
1287 2
1288 1
1289 1
1290 1
1291 1
1292 2
1293 1
1294 3
1295 1
1296 1
1297 2
1298 2
1299 2
1300 2
1301 2
1302 1
1303 2
1304 2
1305 1
1306 2
1307 1
1308 1
1309 1
1310 2
1311 2
1312 1
1313 1
1314 2
1315 2
1316 1
1317 3
1318 1
1319 2
1320 2
1321 2
1322 2
1323 3
1324 1
1325 2
1326 1
1327 2
1328 1
1329 2
1330 2
1331 1
1332 0
1333 2
1334 1
1335 1
1336 2
1337 1
1338 0
1339 2
1340 1
1341 3
1342 0
1343 1
1344 2
1345 2
1346 2
1347 2
1348 1
1349 1
1350 1
1351 1
1352 1
1353 1
1354 1
1355 2
1356 1
1357 3
1358 1
1359 2
1360 3
1361 2
1362 2
1363 2
1364 2
1365 2
1366 1
1367 2
1368 2
1369 2
1370 1
1371 2
1372 1
1373 2
1374 2
1375 1
1376 1
1377 1
1378 2
1379 3
1380 1
1381 2
1382 2
1383 0
1384 2
1385 1
1386 2
1387 2
1388 2
1389 2
1390 2
1391 1
1392 1
1393 2
1394 2
1395 1
1396 2
1397 2
1398 2
1399 0
1400 1
1401 2
1402 1
1403 1
1404 2
1405 3
1406 1
1407 1
1408 1
1409 1
1410 1
1411 1
1412 2
1413 1
1414 2
1415 2
1416 2
1417 1
1418 1
1419 2
1420 2
1421 2
1422 1
1423 2
1424 2
1425 1
1426 2
1427 1
1428 2
1429 1
1430 2
1431 2
1432 2
1433 3
1434 2
1435 1
1436 1
1437 0
1438 1
1439 2
1440 1
1441 3
1442 1
1443 2
1444 3
1445 2
1446 1
1447 1
1448 1
1449 1
1450 1
1451 1
1452 0
1453 3
1454 0
1455 1
1456 1
1457 0
1458 1
1459 1
1460 1
1461 1
1462 1
1463 1
1464 1
1465 2
1466 1
1467 1
1468 1
1469 1
1470 1
1471 1
1472 1
1473 1
1474 1
1475 1
1476 2
1477 1
1478 2
1479 2
1480 2
1481 2
1482 2
1483 1
1484 2
1485 1
1486 1
1487 2
1488 1
1489 0
1490 1
1491 1
1492 2
1493 1
1494 1
1495 2
1496 2
1497 2
1498 2
1499 2
1500 1
1501 2
1502 2
1503 2
1504 1
1505 1
1506 1
1507 1
1508 2
1509 2
1510 1
1511 2
1512 2
1513 1
1514 3
1515 2
1516 2
1517 1
1518 1
1519 2
1520 1
1521 1
1522 2
1523 2
1524 2
1525 1
1526 1
1527 1
1528 1
1529 2
1530 1
1531 2
1532 1
1533 2
1534 2
1535 1
1536 1
1537 1
1538 2
1539 2
1540 2
1541 2
1542 3
1543 3
1544 1
1545 2
1546 2
1547 2
1548 1
1549 2
1550 2
1551 1
1552 2
1553 2
1554 2
1555 1
1556 1
1557 2
1558 2
1559 2
1560 2
1561 1
1562 2
1563 2
1564 1
1565 1
1566 2
1567 1
1568 1
1569 1
1570 1
1571 1
1572 3
1573 1
1574 2
1575 2
1576 2
1577 1
1578 1
1579 1
1580 1
1581 2
1582 2
1583 2
1584 2
1585 1
1586 2
1587 2
1588 2
1589 1
1590 0
1591 0
1592 2
1593 2
1594 1
1595 1
1596 1
1597 2
1598 2
1599 1
1600 2
1601 2
1602 0
1603 2
1604 1
1605 2
1606 2
1607 3
1608 2
1609 2
1610 2
1611 1
1612 1
1613 1
1614 2
1615 2
1616 0
1617 1
1618 1
1619 1
1620 1
1621 2
1622 1
1623 1
1624 1
1625 1
1626 1
1627 1
1628 2
1629 2
1630 2
1631 1
1632 1
1633 3
1634 2
1635 2
1636 3
1637 1
1638 2
1639 1
1640 2
1641 1
1642 1
1643 3
1644 2
1645 1
1646 2
1647 3
1648 1
1649 2
1650 2
1651 2
1652 0
1653 2
1654 2
1655 3
1656 1
1657 2
1658 1
1659 2
1660 2
1661 2
1662 1
1663 1
1664 2
1665 1
1666 1
1667 2
1668 2
1669 1
1670 2
1671 1
1672 1
1673 2
1674 1
1675 1
1676 2
1677 0
1678 0
1679 0
1680 0
1681 0
1682 0
1683 0
1684 0
1685 0
1686 0
1687 0
1688 0
1689 0
1690 0
1691 0
1692 0
1693 0
1694 0
1695 0
1696 1
1697 2
1698 0
1699 1
1700 1
1701 1
1702 1
1703 1
1704 1
1705 2
1706 1
1707 1
1708 1
1709 2
1710 1
1711 1
1712 1
1713 2
1714 1
1715 1
1716 2
1717 1
1718 2
1719 1
1720 1
1721 1
1722 1
1723 2
1724 1
1725 1
1726 2
1727 0
1728 2
1729 2
1730 2
1731 2
1732 1
1733 3
1734 1
1735 1
1736 1
1737 1
1738 0
1739 1
1740 3
1741 2
1742 2
1743 2
1744 2
1745 2
1746 2
1747 1
1748 2
1749 1
1750 1
1751 1
1752 0
1753 0
1754 1
1755 0
1756 1
1757 1
1758 0
1759 1
1760 1
1761 0
1762 2
1763 1
1764 2
1765 2
1766 1
1767 1
1768 1
1769 1
1770 2
1771 2
1772 1
1773 2
1774 1
1775 1
1776 1
1777 2
1778 1
1779 1
1780 2
1781 2
1782 3
1783 2
1784 2
1785 2
1786 1
1787 1
1788 1
1789 1
1790 1
1791 1
1792 1
1793 2
1794 1
1795 2
1796 1
1797 2
1798 1
1799 2
1800 1
1801 1
1802 2
1803 1
1804 1
1805 1
1806 1
1807 1
1808 2
1809 1
1810 2
1811 1
1812 0
1813 1
1814 1
1815 2
1816 2
1817 1
1818 2
1819 1
1820 2
1821 1
1822 2
1823 1
1824 2
1825 1
1826 1
1827 1
1828 2
1829 1
1830 2
1831 1
1832 2
1833 2
1834 1
1835 2
1836 2
1837 3
1838 3
1839 1
1840 1
1841 1
1842 1
1843 0
1844 2
1845 2
1846 3
1847 1
1848 2
1849 2
1850 1
1851 2
1852 1
1853 0
1854 3
1855 2
1856 2
1857 1
1858 2
1859 2
1860 1
1861 1
1862 1
1863 1
1864 1
1865 2
1866 1
1867 1
1868 2
1869 1
1870 2
1871 1
1872 2
1873 2
1874 2
1875 1
1876 1
1877 2
1878 2
1879 3
1880 2
1881 2
1882 1
1883 2
1884 1
1885 2
1886 2
1887 2
1888 1
1889 1
1890 2
1891 1
1892 2
1893 2
1894 3
1895 1
1896 2
1897 1
1898 2
1899 1
1900 2
1901 1
1902 1
1903 2
1904 1
1905 2
1906 3
1907 2
1908 1
1909 2
1910 2
1911 1
1912 1
1913 1
1914 1
1915 1
1916 1
1917 1
1918 1
1919 2
1920 1
1921 1
1922 1
1923 2
1924 2
1925 1
1926 1
1927 2
1928 1
1929 2
1930 2
1931 1
1932 1
1933 2
1934 1
1935 2
1936 1
1937 2
1938 2
1939 1
1940 2
1941 2
1942 2
1943 2
1944 1
1945 2
1946 1
1947 2
1948 2
1949 2
1950 2
1951 2
1952 1
1953 1
1954 1
1955 2
1956 1
1957 1
1958 1
1959 1
1960 2
1961 1
1962 1
1963 2
1964 2
1965 1
1966 1
1967 2
1968 1
1969 2
1970 2
1971 3
1972 2
1973 2
1974 2
1975 1
1976 2
1977 3
1978 2
1979 1
1980 1
1981 2
1982 1
1983 1
1984 2
1985 1
1986 1
1987 1
1988 1
1989 2
1990 1
1991 1
1992 2
1993 3
1994 2
1995 2
1996 2
1997 2
1998 2
1999 2
