0 1
1 0
2 0
3 3
4 3
5 3
6 2
7 3
8 2
9 2
10 2
11 2
12 2
13 1
14 3
15 2
16 1
17 1
18 2
19 1
20 1
21 2
22 1
23 2
24 1
25 1
26 0
27 1
28 0
29 0
30 0
31 0
32 0
33 0
34 0
35 1
36 1
37 1
38 0
39 1
40 1
41 2
42 1
43 1
44 2
45 1
46 0
47 0
48 2
49 0
50 1
51 2
52 1
53 0
54 1
55 0
56 0
57 0
58 0
59 0
60 1
61 1
62 0
63 0
64 0
65 0
66 1
67 0
68 1
69 0
70 0
71 2
72 0
73 0
74 1
75 1
76 1
77 1
78 1
79 1
80 1
81 0
82 1
83 1
84 2
85 0
86 0
87 1
88 1
89 1
90 1
91 2
92 1
93 0
94 0
95 1
96 1
97 0
98 0
99 0
100 1
101 1
102 0
103 1
104 1
105 1
106 1
107 0
108 1
109 1
110 1
111 0
112 1
113 2
114 2
115 2
116 2
117 2
118 0
119 0
120 1
121 2
122 2
123 3
124 2
125 1
126 3
127 2
128 1
129 2
130 1
131 2
132 1
133 2
134 1
135 1
136 2
137 1
138 2
139 3
140 3
141 2
142 1
143 2
144 1
145 0
146 2
147 1
148 2
149 3
150 1
151 3
152 1
153 1
154 2
155 1
156 1
157 1
158 2
159 3
160 3
161 2
162 3
163 3
164 2
165 3
166 2
167 2
168 2
169 1
170 3
171 3
172 3
173 3
174 1
175 3
176 2
177 3
178 3
179 2
180 1
181 3
182 1
183 2
184 2
185 3
186 2
187 2
188 3
189 2
190 3
191 3
192 1
193 3
194 2
195 2
196 2
197 2
198 2
199 2
200 3
201 1
202 3
203 2
204 2
205 2
206 2
207 2
208 2
209 2
210 1
211 2
212 3
213 2
214 2
215 1
216 2
217 2
218 2
219 1
220 2
221 1
222 2
223 1
224 0
225 3
226 2
227 3
228 3
229 1
230 3
231 2
232 2
233 3
234 2
235 2
236 2
237 0
238 2
239 0
240 2
241 2
242 1
243 0
244 0
245 0
246 0
247 2
248 1
249 0
250 1
251 2
252 1
253 2
254 0
255 2
256 0
257 1
258 2
259 1
260 0
261 1
262 1
263 3
264 1
265 2
266 1
267 1
268 1
269 1
270 2
271 1
272 1
273 2
274 2
275 0
276 0
277 1
278 1
279 2
280 3
281 3
282 2
283 2
284 4
285 2
286 3
287 2
288 3
289 3
290 3
291 2
292 2
293 2
294 2
295 2
296 2
297 1
298 1
299 1
300 1
301 1
302 2
303 2
304 1
305 2
306 1
307 1
308 2
309 1
310 1
311 0
312 4
313 1
314 0
315 1
316 1
317 1
318 1
319 1
320 1
321 1
322 1
323 0
324 3
325 1
326 2
327 2
328 2
329 3
330 2
331 2
332 2
333 1
334 1
335 1
336 1
337 2
338 0
339 0
340 1
341 1
342 0
343 1
344 1
345 1
346 2
347 2
348 1
349 1
350 1
351 0
352 0
353 0
354 0
355 1
356 1
357 1
358 0
359 0
360 0
361 1
362 1
363 0
364 1
365 0
366 1
367 1
368 2
369 2
370 1
371 0
372 1
373 2
374 1
375 2
376 2
377 2
378 1
379 2
380 1
381 1
382 1
383 1
384 0
385 1
386 1
387 1
388 2
389 1
390 1
391 1
392 1
393 1
394 0
395 1
396 0
397 0
398 1
399 0
400 2
401 1
402 1
403 2
404 0
405 0
406 0
407 1
408 0
409 0
410 1
411 2
412 1
413 1
414 1
415 0
416 1
417 0
418 0
419 1
420 1
421 0
422 2
423 0
424 0
425 0
426 1
427 1
428 0
429 0
430 0
431 2
432 0
433 1
434 0
435 0
436 1
437 1
438 0
439 0
440 0
441 0
442 0
443 0
444 0
445 0
446 0
447 2
448 1
449 1
450 1
451 1
452 0
453 1
454 1
455 0
456 0
457 0
458 0
459 0
460 0
461 0
462 0
463 0
464 1
465 0
466 0
467 0
468 0
469 0
470 0
471 0
472 0
473 0
474 0
475 0
476 0
477 1
478 1
479 1
480 1
481 2
482 2
483 1
484 2
485 2
486 0
487 1
488 2
489 1
490 0
491 0
492 1
493 1
494 0
495 1
496 0
497 0
498 0
499 0
500 0
501 0
502 0
503 0
504 0
505 0
506 0
507 2
508 0
509 0
510 0
511 0
512 0
513 0
514 0
515 0
516 0
517 0
518 1
519 0
520 0
521 0
522 1
523 0
524 1
525 0
526 0
527 0
528 0
529 3
530 0
531 1
532 0
533 0
534 1
535 0
536 0
537 0
538 1
539 1
540 1
541 2
542 1
543 2
544 0
545 0
546 1
547 2
548 0
549 2
550 0
551 1
552 2
553 1
554 1
555 1
556 0
557 1
558 0
559 1
560 1
561 0
562 0
563 0
564 0
565 0
566 0
567 0
568 0
569 0
570 0
571 0
572 0
573 0
574 0
575 0
576 0
577 0
578 0
579 0
580 0
581 0
582 0
583 1
584 1
585 0
586 1
587 2
588 1
589 1
590 1
591 0
592 0
593 2
594 2
595 0
596 1
597 0
598 0
599 0
600 0
601 0
602 0
603 0
604 0
605 0
606 1
607 2
608 1
609 1
610 1
611 0
612 1
613 2
614 1
615 0
616 1
617 1
618 1
619 1
620 2
621 0
622 1
623 0
624 0
625 1
626 0
627 1
628 1
629 1
630 1
631 1
632 1
633 0
634 2
635 2
636 1
637 1
638 1
639 1
640 2
641 2
642 0
643 1
644 2
645 1
646 1
647 2
648 1
649 1
650 1
651 2
652 1
653 2
654 2
655 2
656 1
657 1
658 1
659 1
660 0
661 1
662 0
663 1
664 1
665 2
666 1
667 0
668 1
669 0
670 1
671 0
672 1
673 2
674 1
675 2
676 1
677 0
678 1
679 1
680 1
681 1
682 1
683 2
684 1
685 1
686 1
687 2
688 1
689 1
690 1
691 1
692 1
693 1
694 0
695 1
696 1
697 1
698 1
699 1
700 1
701 2
702 1
703 0
704 2
705 1
706 1
707 1
708 1
709 1
710 1
711 0
712 1
713 0
714 0
715 1
716 1
717 1
718 1
719 2
720 0
721 1
722 0
723 1
724 0
725 0
726 0
727 0
728 0
729 0
730 0
731 0
732 0
733 0
734 1
735 1
736 1
737 2
738 1
739 1
740 0
741 0
742 0
743 0
744 1
745 0
746 1
747 1
748 0
749 1
750 0
751 0
752 1
753 0
754 1
755 1
756 1
757 1
758 1
759 1
760 1
761 2
762 2
763 1
764 1
765 1
766 2
767 2
768 1
769 1
770 2
771 1
772 1
773 1
774 1
775 1
776 0
777 0
778 1
779 1
780 1
781 3
782 1
783 1
784 1
785 1
786 2
787 1
788 1
789 2
790 1
791 1
792 0
793 2
794 1
795 1
796 0
797 1
798 2
799 0
800 1
801 1
802 0
803 1
804 2
805 1
806 1
807 1
808 2
809 1
810 1
811 0
812 2
813 1
814 0
815 1
816 1
817 1
818 1
819 1
820 1
821 1
822 1
823 1
824 2
825 1
826 1
827 1
828 2
829 1
830 1
831 0
832 1
833 1
834 2
835 1
836 1
837 1
838 1
839 2
840 0
841 1
842 0
843 0
844 1
845 1
846 1
847 0
848 0
849 1
850 2
851 2
852 1
853 0
854 2
855 2
856 1
857 1
858 2
859 0
860 1
861 1
862 2
863 1
864 1
865 2
866 1
867 1
868 2
869 1
870 0
871 1
872 1
873 1
874 1
875 0
876 1
877 1
878 1
879 2
880 1
881 0
882 0
883 1
884 1
885 1
886 1
887 0
888 1
889 1
890 3
891 1
892 1
893 1
894 1
895 1
896 1
897 1
898 2
899 1
900 1
901 2
902 1
903 1
904 0
905 1
906 1
907 2
908 1
909 1
910 0
911 2
912 0
913 1
914 1
915 1
916 1
917 2
918 1
919 1
920 1
921 0
922 0
923 1
924 0
925 1
926 1
927 0
928 1
929 0
930 0
931 1
932 0
933 1
934 1
935 1
936 1
937 2
938 2
939 2
940 1
941 2
942 2
943 1
944 2
945 0
946 1
947 0
948 1
949 0
950 0
951 1
952 0
953 0
954 1
955 1
956 2
957 0
958 0
959 1
960 1
961 1
962 1
963 0
964 0
965 2
966 1
967 1
968 0
969 1
970 1
971 0
972 0
973 1
974 0
975 1
976 0
977 1
978 1
979 1
980 0
981 1
982 1
983 1
984 1
985 0
986 2
987 1
988 1
989 2
990 1
991 0
992 1
993 2
994 1
995 1
996 2
997 1
998 1
999 1
1000 1
1001 2
1002 1
1003 1
1004 3
1005 1
1006 2
1007 2
1008 1
1009 1
1010 1
1011 1
1012 1
1013 1
1014 1
1015 1
1016 1
1017 2
1018 1
1019 2
1020 2
1021 1
1022 1
1023 2
1024 2
1025 1
1026 0
1027 1
1028 0
1029 0
1030 2
1031 1
1032 1
1033 1
1034 2
1035 0
1036 1
1037 1
1038 2
1039 1
1040 2
1041 1
1042 2
1043 1
1044 1
1045 1
1046 2
1047 2
1048 1
1049 0
1050 0
1051 1
1052 0
1053 1
1054 2
1055 1
1056 2
1057 1
1058 1
1059 1
1060 1
1061 2
1062 1
1063 1
1064 1
1065 1
1066 1
1067 1
1068 0
1069 0
1070 0
1071 1
1072 1
1073 0
1074 1
1075 1
1076 1
1077 2
1078 2
1079 2
1080 1
1081 2
1082 0
1083 1
1084 3
1085 2
1086 1
1087 1
1088 2
1089 0
1090 2
1091 1
1092 1
1093 0
1094 1
1095 2
1096 0
1097 3
1098 0
1099 1
1100 2
1101 1
1102 1
1103 1
1104 1
1105 1
1106 0
1107 0
1108 1
1109 1
1110 1
1111 2
1112 1
1113 1
1114 1
1115 0
1116 1
1117 1
1118 1
1119 2
1120 1
1121 0
1122 1
1123 1
1124 1
1125 1
1126 0
1127 2
1128 2
1129 1
1130 1
1131 1
1132 2
1133 1
1134 0
1135 2
1136 0
1137 2
1138 1
1139 1
1140 0
1141 1
1142 0
1143 2
1144 1
1145 1
1146 3
1147 1
1148 1
1149 0
1150 0
1151 0
1152 1
1153 3
1154 1
1155 2
1156 2
1157 1
1158 1
1159 0
1160 1
1161 1
1162 1
1163 2
1164 2
1165 1
1166 0
1167 2
1168 0
1169 1
1170 0
1171 2
1172 1
1173 1
1174 2
1175 2
1176 1
1177 1
1178 1
1179 1
1180 0
1181 1
1182 1
1183 1
1184 1
1185 1
1186 0
1187 1
1188 0
1189 1
1190 2
1191 1
1192 1
1193 1
1194 1
1195 1
1196 0
1197 0
1198 1
1199 0
1200 1
1201 1
1202 2
1203 1
1204 1
1205 1
1206 2
1207 1
1208 1
1209 0
1210 2
1211 1
1212 0
1213 1
1214 1
1215 1
1216 1
1217 2
1218 1
1219 0
1220 1
1221 1
1222 1
1223 0
1224 0
1225 3
1226 1
1227 1
1228 1
1229 2
1230 1
1231 0
1232 0
1233 3
1234 1
1235 0
1236 0
1237 0
1238 2
1239 1
1240 2
1241 1
1242 1
1243 0
1244 0
1245 1
1246 1
1247 1
1248 1
1249 1
1250 0
1251 0
1252 0
1253 0
1254 0
1255 0
1256 0
1257 1
1258 0
1259 0
1260 0
1261 0
1262 0
1263 0
1264 1
1265 1
1266 1
1267 1
1268 2
1269 0
1270 0
1271 0
1272 2
1273 0
1274 0
1275 0
1276 0
1277 0
1278 0
1279 1
1280 0
1281 0
1282 0
1283 1
1284 0
1285 0
1286 0
1287 0
1288 0
1289 0
1290 1
1291 1
1292 0
1293 1
1294 0
1295 0
1296 0
1297 0
1298 1
1299 1
1300 2
1301 0
1302 2
1303 1
1304 0
1305 1
1306 0
1307 1
1308 1
1309 1
1310 0
1311 2
1312 1
1313 3
1314 1
1315 2
1316 1
1317 2
1318 1
1319 1
1320 2
1321 0
1322 1
1323 0
1324 0
1325 0
1326 1
1327 0
1328 0
1329 0
1330 0
1331 0
1332 1
1333 0
1334 1
1335 0
1336 0
1337 0
1338 0
1339 0
1340 0
1341 0
1342 1
1343 0
1344 0
1345 3
1346 2
1347 1
1348 0
1349 1
1350 1
1351 1
1352 0
1353 1
1354 3
1355 0
1356 1
1357 0
1358 2
1359 1
1360 1
1361 1
1362 1
1363 0
1364 1
1365 1
1366 1
1367 1
1368 1
1369 0
1370 0
1371 1
1372 1
1373 1
1374 1
1375 1
1376 0
1377 1
1378 1
1379 0
1380 0
1381 1
1382 1
1383 1
1384 1
1385 3
1386 1
1387 0
1388 1
1389 1
1390 0
1391 0
1392 1
1393 1
1394 3
1395 2
1396 1
1397 1
1398 1
1399 2
1400 0
1401 1
1402 1
1403 0
1404 1
1405 1
1406 1
1407 0
1408 0
1409 0
1410 0
1411 2
1412 1
1413 0
1414 2
1415 2
1416 0
1417 0
1418 0
1419 0
1420 2
1421 2
1422 3
1423 2
1424 1
1425 0
1426 1
1427 0
1428 2
1429 0
1430 0
1431 0
1432 0
1433 1
1434 1
1435 0
1436 0
1437 0
1438 0
1439 0
1440 0
1441 0
1442 0
1443 0
1444 0
1445 0
1446 0
1447 2
1448 2
1449 4
1450 0
1451 1
1452 1
1453 0
1454 1
1455 1
1456 1
1457 3
1458 3
1459 1
1460 4
1461 1
1462 2
1463 1
1464 4
1465 4
1466 1
1467 1
1468 1
1469 1
1470 0
1471 0
1472 1
1473 2
1474 1
1475 0
1476 0
1477 0
1478 0
1479 0
1480 0
1481 0
1482 0
1483 0
1484 0
1485 0
1486 0
1487 0
1488 0
1489 0
1490 1
1491 0
1492 0
1493 0
1494 0
1495 0
1496 0
1497 0
1498 0
1499 0
1500 0
1501 0
1502 0
1503 1
1504 0
1505 0
1506 1
1507 2
1508 0
1509 1
1510 0
1511 0
1512 1
1513 2
1514 1
1515 0
1516 0
1517 0
1518 0
1519 1
1520 0
1521 2
1522 1
1523 1
1524 0
1525 0
1526 3
1527 2
1528 1
1529 1
1530 1
1531 0
1532 0
1533 1
1534 2
1535 2
1536 1
1537 0
1538 1
1539 0
1540 1
1541 2
1542 1
1543 1
1544 1
1545 1
1546 1
1547 1
1548 1
1549 2
1550 0
1551 0
1552 0
1553 0
1554 1
1555 1
1556 2
1557 1
1558 1
1559 1
1560 0
1561 0
1562 0
1563 0
1564 1
1565 1
1566 1
1567 1
1568 0
1569 0
1570 1
1571 0
1572 0
1573 0
1574 1
1575 0
1576 1
1577 0
1578 1
1579 0
1580 1
1581 1
1582 1
1583 0
1584 1
1585 1
1586 0
1587 1
1588 1
1589 1
1590 0
1591 1
1592 1
1593 0
1594 0
1595 1
1596 2
1597 0
1598 1
1599 2
1600 0
1601 0
1602 1
1603 1
1604 1
1605 0
1606 0
1607 1
1608 0
1609 0
1610 3
1611 0
1612 2
1613 0
1614 0
1615 0
1616 0
1617 2
1618 0
1619 1
1620 2
1621 0
1622 1
1623 0
1624 3
1625 3
1626 0
1627 1
1628 2
1629 3
1630 0
1631 1
1632 2
1633 1
1634 2
1635 2
1636 1
1637 1
1638 1
1639 1
1640 1
1641 1
1642 1
1643 3
1644 0
1645 1
1646 2
1647 2
1648 2
1649 1
1650 2
1651 2
1652 1
1653 3
1654 1
1655 2
1656 1
1657 0
1658 1
1659 2
1660 2
1661 2
1662 1
1663 1
1664 0
1665 2
1666 0
1667 0
1668 0
1669 0
1670 1
1671 0
1672 1
1673 0
1674 1
1675 2
1676 1
1677 1
1678 0
1679 2
1680 2
1681 2
1682 1
1683 2
1684 1
1685 1
1686 0
1687 1
1688 1
1689 1
1690 1
1691 2
1692 2
1693 0
1694 0
1695 1
1696 0
1697 1
1698 1
1699 2
1700 1
1701 2
1702 1
1703 2
1704 0
1705 0
1706 0
1707 1
1708 1
1709 0
1710 2
1711 1
1712 1
1713 1
1714 0
1715 0
1716 0
1717 1
1718 1
1719 0
1720 1
1721 2
1722 1
1723 0
1724 1
1725 1
1726 1
1727 1
1728 2
1729 2
1730 1
1731 1
1732 4
1733 1
1734 1
1735 3
1736 2
1737 2
1738 1
1739 2
1740 2
1741 2
1742 2
1743 1
1744 3
1745 1
1746 3
1747 2
1748 2
1749 1
1750 3
1751 3
1752 2
1753 2
1754 2
1755 2
1756 3
1757 1
1758 2
1759 2
1760 0
1761 1
1762 1
1763 2
1764 1
1765 1
1766 1
1767 0
1768 0
1769 1
1770 1
1771 1
1772 0
1773 3
1774 1
1775 1
1776 0
1777 0
1778 1
1779 2
1780 1
1781 0
1782 0
1783 1
1784 1
1785 2
1786 1
1787 1
1788 1
1789 1
1790 2
1791 1
1792 1
1793 1
1794 1
1795 1
1796 1
1797 1
1798 1
1799 0
1800 1
1801 0
1802 2
1803 2
1804 0
1805 1
1806 1
1807 2
1808 1
1809 1
1810 0
1811 0
1812 0
1813 1
1814 2
1815 0
1816 0
1817 1
1818 1
1819 0
1820 1
1821 1
1822 1
1823 1
1824 1
1825 1
1826 1
1827 1
1828 2
1829 1
1830 1
1831 0
1832 0
1833 0
1834 1
1835 0
1836 1
1837 1
1838 1
1839 0
1840 1
1841 1
1842 1
1843 1
1844 1
1845 0
1846 1
1847 2
1848 0
1849 1
1850 1
1851 1
1852 1
1853 2
1854 2
1855 1
1856 1
1857 0
1858 1
1859 0
1860 0
1861 1
1862 1
1863 1
1864 1
1865 1
1866 2
1867 1
1868 1
1869 1
1870 1
1871 1
1872 1
1873 0
1874 1
1875 1
1876 1
1877 1
1878 2
1879 1
1880 1
1881 1
1882 0
1883 1
1884 1
1885 3
1886 2
1887 3
1888 2
1889 2
1890 0
1891 2
1892 1
1893 2
1894 3
1895 3
1896 1
1897 2
1898 2
1899 1
1900 1
1901 1
1902 2
1903 2
1904 1
1905 2
1906 1
1907 2
1908 1
1909 0
1910 1
1911 1
1912 2
1913 0
1914 2
1915 0
1916 2
1917 4
1918 2
1919 2
1920 1
1921 2
1922 3
1923 0
1924 1
1925 1
1926 1
1927 3
1928 0
1929 0
1930 1
1931 1
1932 0
1933 1
1934 1
1935 1
1936 1
1937 2
1938 1
1939 2
1940 2
1941 1
1942 1
1943 1
1944 2
1945 1
1946 1
1947 2
1948 3
1949 0
1950 0
1951 0
1952 0
1953 0
1954 1
1955 1
1956 0
1957 1
1958 0
1959 0
1960 0
1961 1
1962 1
1963 2
1964 1
1965 0
1966 0
1967 2
1968 1
1969 1
1970 1
1971 2
1972 2
1973 1
1974 2
1975 2
1976 2
1977 2
1978 1
1979 2
1980 2
1981 2
1982 2
1983 2
1984 2
1985 3
1986 2
1987 2
1988 2
1989 2
1990 2
1991 2
1992 1
1993 2
1994 3
1995 2
1996 2
1997 1
1998 0
1999 2
