0 3
1 3
2 4
3 5
4 1
5 1
6 2
7 4
8 3
9 2
10 1
11 4
12 1
13 3
14 3
15 2
16 2
17 2
18 1
19 2
20 2
21 1
22 1
23 0
24 1
25 0
26 2
27 2
28 3
29 1
30 2
31 2
32 2
33 2
34 2
35 1
36 2
37 1
38 2
39 2
40 3
41 0
42 3
43 2
44 3
45 2
46 2
47 2
48 2
49 1
50 0
51 3
52 2
53 2
54 2
55 2
56 3
57 1
58 1
59 1
60 2
61 1
62 2
63 2
64 1
65 1
66 2
67 1
68 3
69 1
70 1
71 1
72 1
73 1
74 2
75 2
76 1
77 1
78 2
79 1
80 2
81 2
82 0
83 2
84 2
85 1
86 3
87 3
88 1
89 3
90 2
91 2
92 2
93 2
94 3
95 2
96 2
97 1
98 1
99 1
100 1
101 1
102 1
103 2
104 2
105 1
106 2
107 1
108 0
109 2
110 2
111 3
112 2
113 0
114 2
115 2
116 0
117 2
118 3
119 2
120 0
121 1
122 0
123 1
124 1
125 2
126 1
127 1
128 1
129 1
130 1
131 2
132 1
133 1
134 1
135 1
136 1
137 2
138 2
139 0
140 2
141 3
142 1
143 2
144 2
145 2
146 1
147 2
148 1
149 2
150 2
151 1
152 0
153 2
154 1
155 1
156 1
157 1
158 1
159 2
160 0
161 1
162 1
163 1
164 1
165 2
166 2
167 4
168 1
169 2
170 2
171 2
172 2
173 2
174 1
175 2
176 0
177 1
178 1
179 0
180 1
181 1
182 0
183 2
184 1
185 2
186 2
187 2
188 2
189 1
190 1
191 2
192 1
193 1
194 2
195 1
196 2
197 1
198 2
199 3
200 4
201 3
202 3
203 1
204 2
205 1
206 3
207 2
208 3
209 3
210 2
211 0
212 1
213 2
214 2
215 2
216 0
217 1
218 1
219 1
220 4
221 2
222 3
223 2
224 1
225 1
226 3
227 2
228 3
229 1
230 1
231 2
232 1
233 2
234 2
235 1
236 2
237 2
238 2
239 2
240 2
241 1
242 2
243 1
244 1
245 2
246 2
247 1
248 1
249 1
250 2
251 2
252 2
253 2
254 1
255 0
256 1
257 1
258 0
259 2
260 3
261 0
262 1
263 1
264 1
265 1
266 1
267 2
268 0
269 2
270 1
271 0
272 2
273 2
274 2
275 2
276 1
277 2
278 2
279 1
280 1
281 1
282 2
283 1
284 0
285 1
286 1
287 0
288 2
289 1
290 2
291 1
292 1
293 2
294 1
295 0
296 2
297 2
298 1
299 2
300 3
301 0
302 2
303 2
304 0
305 2
306 1
307 0
308 1
309 3
310 1
311 1
312 2
313 1
314 2
315 2
316 3
317 0
318 1
319 0
320 2
321 1
322 1
323 2
324 2
325 1
326 2
327 1
328 1
329 2
330 1
331 3
332 3
333 5
334 5
335 2
336 5
337 2
338 4
339 3
340 2
341 3
342 1
343 1
344 1
345 0
346 3
347 1
348 1
349 1
350 1
351 2
352 2
353 2
354 2
355 3
356 3
357 2
358 3
359 1
360 1
361 0
362 1
363 1
364 1
365 1
366 1
367 1
368 0
369 1
370 2
371 2
372 2
373 1
374 2
375 1
376 3
377 2
378 2
379 3
380 0
381 2
382 3
383 2
384 0
385 2
386 3
387 0
388 2
389 3
390 2
391 0
392 1
393 2
394 1
395 1
396 3
397 1
398 1
399 2
400 1
401 2
402 2
403 1
404 4
405 3
406 2
407 2
408 3
409 3
410 2
411 2
412 4
413 2
414 3
415 1
416 1
417 1
418 2
419 3
420 1
421 2
422 1
423 2
424 3
425 1
426 2
427 1
428 3
429 2
430 1
431 0
432 1
433 1
434 1
435 1
436 2
437 2
438 0
439 1
440 2
441 1
442 1
443 0
444 1
445 1
446 1
447 1
448 1
449 1
450 0
451 0
452 0
453 1
454 1
455 2
456 1
457 1
458 1
459 2
460 1
461 1
462 1
463 0
464 1
465 0
466 1
467 1
468 1
469 0
470 1
471 1
472 1
473 1
474 0
475 1
476 2
477 1
478 1
479 3
480 1
481 0
482 1
483 1
484 1
485 3
486 2
487 2
488 1
489 0
490 2
491 0
492 2
493 0
494 0
495 1
496 1
497 1
498 0
499 1
500 2
501 0
502 1
503 0
504 2
505 2
506 0
507 1
508 0
509 0
510 0
511 1
512 1
513 2
514 1
515 0
516 0
517 1
518 1
519 0
520 1
521 1
522 1
523 1
524 0
525 0
526 0
527 1
528 1
529 0
530 0
531 1
532 0
533 2
534 1
535 1
536 1
537 0
538 1
539 1
540 1
541 0
542 0
543 2
544 0
545 0
546 1
547 0
548 0
549 1
550 0
551 1
552 0
553 1
554 0
555 0
556 0
557 0
558 0
559 0
560 0
561 1
562 0
563 0
564 0
565 2
566 0
567 1
568 0
569 0
570 0
571 0
572 1
573 0
574 1
575 0
576 1
577 0
578 0
579 0
580 0
581 2
582 0
583 0
584 0
585 0
586 1
587 0
588 0
589 0
590 0
591 1
592 0
593 0
594 1
595 0
596 0
597 0
598 0
599 0
600 0
601 1
602 0
603 1
604 2
605 0
606 0
607 0
608 0
609 1
610 0
611 0
612 0
613 0
614 0
615 0
616 0
617 0
618 0
619 0
620 0
621 1
622 1
623 0
624 0
625 0
626 0
627 0
628 0
629 0
630 0
631 0
632 0
633 0
634 1
635 0
636 0
637 1
638 1
639 0
640 0
641 1
642 1
643 1
644 1
645 1
646 1
647 1
648 1
649 1
650 1
651 1
652 1
653 1
654 1
655 2
656 1
657 0
658 1
659 0
660 1
661 1
662 0
663 1
664 0
665 1
666 1
667 1
668 1
669 0
670 0
671 1
672 1
673 2
674 1
675 1
676 1
677 1
678 1
679 0
680 1
681 0
682 1
683 1
684 1
685 1
686 0
687 1
688 0
689 1
690 1
691 1
692 1
693 2
694 1
695 1
696 1
697 1
698 1
699 1
700 1
701 1
702 1
703 1
704 1
705 1
706 1
707 1
708 1
709 1
710 1
711 1
712 2
713 1
714 1
715 0
716 2
717 0
718 0
719 0
720 0
721 1
722 0
723 1
724 1
725 1
726 1
727 1
728 0
729 1
730 1
731 1
732 1
733 1
734 1
735 1
736 1
737 0
738 1
739 0
740 1
741 1
742 0
743 1
744 0
745 0
746 1
747 0
748 2
749 1
750 1
751 1
752 0
753 2
754 1
755 3
756 1
757 0
758 0
759 1
760 0
761 1
762 2
763 1
764 0
765 1
766 0
767 0
768 1
769 1
770 1
771 1
772 1
773 0
774 0
775 0
776 0
777 0
778 0
779 0
780 0
781 0
782 0
783 0
784 0
785 0
786 1
787 1
788 1
789 1
790 1
791 1
792 0
793 0
794 0
795 0
796 0
797 0
798 0
799 2
800 1
801 0
802 0
803 0
804 0
805 0
806 0
807 0
808 0
809 1
810 0
811 1
812 0
813 0
814 0
815 0
816 0
817 0
818 0
819 0
820 0
821 1
822 0
823 1
824 1
825 1
826 1
827 0
828 0
829 1
830 0
831 0
832 1
833 0
834 1
835 0
836 1
837 0
838 0
839 0
840 1
841 0
842 0
843 0
844 0
845 1
846 0
847 1
848 1
849 0
850 0
851 0
852 0
853 1
854 0
855 0
856 1
857 1
858 1
859 1
860 1
861 0
862 1
863 1
864 2
865 0
866 0
867 0
868 0
869 0
870 0
871 0
872 0
873 0
874 0
875 1
876 1
877 1
878 2
879 1
880 0
881 2
882 3
883 2
884 1
885 2
886 0
887 1
888 3
889 2
890 1
891 1
892 1
893 2
894 1
895 0
896 0
897 2
898 1
899 0
900 1
901 0
902 0
903 3
904 1
905 2
906 2
907 1
908 2
909 0
910 0
911 4
912 3
913 3
914 1
915 2
916 2
917 1
918 3
919 4
920 3
921 4
922 1
923 3
924 3
925 3
926 3
927 3
928 2
929 4
930 4
931 4
932 3
933 4
934 3
935 2
936 4
937 2
938 4
939 3
940 2
941 3
942 1
943 2
944 2
945 1
946 0
947 2
948 2
949 2
950 3
951 2
952 2
953 0
954 3
955 2
956 3
957 3
958 1
959 3
960 1
961 2
962 3
963 2
964 3
965 1
966 2
967 4
968 2
969 1
970 1
971 1
972 4
973 1
974 1
975 4
976 3
977 4
978 3
979 0
980 2
981 1
982 1
983 0
984 2
985 1
986 5
987 0
988 1
989 1
990 3
991 0
992 3
993 3
994 0
995 3
996 2
997 1
998 2
999 1
1000 4
1001 3
1002 3
1003 2
1004 3
1005 3
1006 4
1007 1
1008 2
1009 1
1010 3
1011 1
1012 3
1013 2
1014 1
1015 2
1016 1
1017 2
1018 1
1019 2
1020 1
1021 0
1022 3
1023 2
1024 2
1025 3
1026 0
1027 1
1028 3
1029 3
1030 1
1031 2
1032 1
1033 3
1034 2
1035 3
1036 2
1037 1
1038 2
1039 2
1040 2
1041 1
1042 0
1043 1
1044 2
1045 1
1046 0
1047 1
1048 2
1049 1
1050 1
1051 1
1052 1
1053 1
1054 0
1055 2
1056 0
1057 2
1058 1
1059 2
1060 3
1061 2
1062 3
1063 4
1064 2
1065 1
1066 2
1067 5
1068 3
1069 3
1070 3
1071 1
1072 1
1073 4
1074 2
1075 2
1076 3
1077 2
1078 3
1079 3
1080 4
1081 3
1082 4
1083 3
1084 2
1085 1
1086 1
1087 2
1088 2
1089 2
1090 1
1091 3
1092 1
1093 2
1094 0
1095 1
1096 3
1097 2
1098 3
1099 2
1100 3
1101 3
1102 1
1103 3
1104 1
1105 1
1106 2
1107 3
1108 1
1109 0
1110 1
1111 0
1112 0
1113 0
1114 1
1115 2
1116 0
1117 1
1118 1
1119 0
1120 1
1121 1
1122 0
1123 0
1124 0
1125 0
1126 0
1127 0
1128 1
1129 1
1130 0
1131 1
1132 1
1133 1
1134 2
1135 1
1136 1
1137 0
1138 0
1139 0
1140 0
1141 0
1142 1
1143 1
1144 0
1145 1
1146 2
1147 2
1148 0
1149 0
1150 1
1151 2
1152 0
1153 1
1154 1
1155 2
1156 1
1157 1
1158 1
1159 1
1160 1
1161 1
1162 2
1163 1
1164 0
1165 2
1166 0
1167 0
1168 2
1169 1
1170 0
1171 1
1172 2
1173 3
1174 1
1175 2
1176 2
1177 2
1178 1
1179 1
1180 1
1181 2
1182 0
1183 1
1184 1
1185 2
1186 0
1187 1
1188 2
1189 4
1190 2
1191 1
1192 0
1193 1
1194 2
1195 1
1196 1
1197 2
1198 1
1199 2
1200 2
1201 1
1202 2
1203 1
1204 1
1205 0
1206 2
1207 2
1208 3
1209 2
1210 3
1211 1
1212 4
1213 1
1214 3
1215 2
1216 3
1217 2
1218 1
1219 2
1220 2
1221 1
1222 1
1223 2
1224 1
1225 1
1226 2
1227 3
1228 1
1229 4
1230 2
1231 1
1232 2
1233 2
1234 2
1235 2
1236 2
1237 1
1238 4
1239 1
1240 1
1241 2
1242 1
1243 2
1244 1
1245 2
1246 0
1247 4
1248 2
1249 2
1250 3
1251 2
1252 2
1253 2
1254 1
1255 3
1256 2
1257 2
1258 0
1259 1
1260 0
1261 0
1262 0
1263 2
1264 1
1265 0
1266 0
1267 0
1268 1
1269 1
1270 4
1271 4
1272 2
1273 4
1274 3
1275 2
1276 1
1277 5
1278 2
1279 4
1280 3
1281 1
1282 3
1283 2
1284 2
1285 2
1286 2
1287 2
1288 1
1289 1
1290 3
1291 1
1292 3
1293 4
1294 2
1295 5
1296 4
1297 2
1298 5
1299 2
1300 3
1301 5
1302 0
1303 0
1304 0
1305 3
1306 4
1307 2
1308 2
1309 2
1310 2
1311 2
1312 2
1313 1
1314 1
1315 3
1316 1
1317 0
1318 3
1319 2
1320 3
1321 1
1322 2
1323 3
1324 2
1325 1
1326 1
1327 3
1328 2
1329 2
1330 2
1331 1
1332 4
1333 3
1334 3
1335 3
1336 2
1337 2
1338 2
1339 3
1340 1
1341 1
1342 2
1343 1
1344 3
1345 2
1346 1
1347 2
1348 3
1349 2
1350 2
1351 1
1352 2
1353 3
1354 3
1355 2
1356 2
1357 2
1358 1
1359 2
1360 3
1361 3
1362 2
1363 1
1364 2
1365 1
1366 2
1367 1
1368 2
1369 1
1370 1
1371 1
1372 1
1373 1
1374 2
1375 2
1376 2
1377 2
1378 1
1379 2
1380 0
1381 1
1382 1
1383 1
1384 2
1385 3
1386 1
1387 3
1388 1
1389 1
1390 1
1391 1
1392 1
1393 0
1394 1
1395 2
1396 1
1397 2
1398 1
1399 0
1400 1
1401 0
1402 2
1403 2
1404 1
1405 2
1406 2
1407 2
1408 2
1409 1
1410 2
1411 2
1412 1
1413 3
1414 2
1415 4
1416 2
1417 3
1418 2
1419 2
1420 2
1421 3
1422 2
1423 1
1424 2
1425 2
1426 3
1427 3
1428 1
1429 0
1430 1
1431 2
1432 3
1433 2
1434 2
1435 0
1436 1
1437 1
1438 2
1439 1
1440 2
1441 1
1442 1
1443 2
1444 2
1445 0
1446 0
1447 2
1448 3
1449 1
1450 2
1451 2
1452 3
1453 3
1454 2
1455 2
1456 3
1457 1
1458 2
1459 2
1460 4
1461 4
1462 4
1463 4
1464 3
1465 3
1466 3
1467 2
1468 2
1469 3
1470 2
1471 3
1472 2
1473 1
1474 3
1475 2
1476 5
1477 3
1478 1
1479 3
1480 2
1481 2
1482 2
1483 3
1484 4
1485 3
1486 2
1487 2
1488 1
1489 1
1490 2
1491 2
1492 2
1493 2
1494 2
1495 2
1496 3
1497 2
1498 1
1499 2
1500 2
1501 2
1502 2
1503 1
1504 2
1505 2
1506 3
1507 2
1508 4
1509 2
1510 2
1511 3
1512 1
1513 0
1514 1
1515 1
1516 1
1517 1
1518 1
1519 1
1520 1
1521 1
1522 1
1523 0
1524 1
1525 2
1526 1
1527 2
1528 2
1529 0
1530 2
1531 1
1532 2
1533 1
1534 0
1535 2
1536 2
1537 2
1538 2
1539 1
1540 2
1541 1
1542 0
1543 1
1544 2
1545 2
1546 1
1547 1
1548 2
1549 3
1550 2
1551 1
1552 1
1553 3
1554 1
1555 0
1556 1
1557 1
1558 2
1559 2
1560 1
1561 3
1562 0
1563 2
1564 3
1565 2
1566 2
1567 1
1568 0
1569 2
1570 1
1571 1
1572 2
1573 2
1574 2
1575 1
1576 2
1577 2
1578 1
1579 3
1580 3
1581 2
1582 3
1583 2
1584 3
1585 2
1586 3
1587 2
1588 1
1589 3
1590 2
1591 2
1592 2
1593 2
1594 2
1595 2
1596 2
1597 4
1598 2
1599 4
1600 2
1601 3
1602 2
1603 4
1604 2
1605 2
1606 1
1607 1
1608 1
1609 1
1610 1
1611 0
1612 1
1613 3
1614 1
1615 3
1616 1
1617 3
1618 1
1619 3
1620 2
1621 2
1622 2
1623 1
1624 3
1625 1
1626 2
1627 2
1628 2
1629 2
1630 1
1631 2
1632 3
1633 2
1634 2
1635 2
1636 2
1637 3
1638 3
1639 2
1640 3
1641 3
1642 1
1643 2
1644 1
1645 1
1646 1
1647 3
1648 2
1649 1
1650 2
1651 2
1652 1
1653 1
1654 2
1655 2
1656 2
1657 3
1658 2
1659 3
1660 3
1661 2
1662 1
1663 3
1664 3
1665 3
1666 2
1667 2
1668 2
1669 1
1670 2
1671 1
1672 1
1673 1
1674 1
1675 1
1676 2
1677 0
1678 2
1679 0
1680 2
1681 1
1682 1
1683 2
1684 1
1685 1
1686 1
1687 0
1688 1
1689 0
1690 2
1691 0
1692 4
1693 1
1694 1
1695 0
1696 0
1697 1
1698 0
1699 2
1700 3
1701 2
1702 1
1703 2
1704 1
1705 2
1706 2
1707 0
1708 1
1709 2
1710 0
1711 0
1712 0
1713 0
1714 4
1715 0
1716 3
1717 1
1718 0
1719 2
1720 0
1721 0
1722 4
1723 1
1724 2
1725 2
1726 3
1727 2
1728 1
1729 1
1730 2
1731 2
1732 0
1733 1
1734 2
1735 2
1736 1
1737 2
1738 2
1739 1
1740 2
1741 0
1742 0
1743 0
1744 1
1745 0
1746 1
1747 0
1748 0
1749 1
1750 1
1751 0
1752 0
1753 1
1754 4
1755 5
1756 5
1757 1
1758 1
1759 0
1760 2
1761 3
1762 2
1763 3
1764 2
1765 1
1766 1
1767 1
1768 1
1769 1
1770 2
1771 1
1772 1
1773 2
1774 1
1775 2
1776 0
1777 2
1778 1
1779 1
1780 2
1781 2
1782 2
1783 2
1784 1
1785 3
1786 0
1787 2
1788 0
1789 0
1790 1
1791 2
1792 1
1793 1
1794 1
1795 1
1796 1
1797 1
1798 1
1799 0
1800 1
1801 0
1802 1
1803 1
1804 1
1805 1
1806 1
1807 0
1808 0
1809 3
1810 2
1811 3
1812 3
1813 2
1814 2
1815 1
1816 1
1817 1
1818 2
1819 1
1820 0
1821 2
1822 1
1823 1
1824 0
1825 0
1826 0
1827 1
1828 2
1829 3
1830 1
1831 1
1832 1
1833 2
1834 0
1835 1
1836 3
1837 2
1838 2
1839 2
1840 0
1841 1
1842 1
1843 0
1844 1
1845 2
1846 0
1847 1
1848 1
1849 1
1850 1
1851 4
1852 2
1853 2
1854 3
1855 1
1856 0
1857 1
1858 1
1859 1
1860 1
1861 1
1862 2
1863 3
1864 2
1865 1
1866 0
1867 1
1868 0
1869 1
1870 0
1871 3
1872 3
1873 0
1874 1
1875 0
1876 1
1877 0
1878 1
1879 1
1880 1
1881 2
1882 1
1883 1
1884 1
1885 1
1886 1
1887 2
1888 1
1889 1
1890 3
1891 1
1892 2
1893 0
1894 2
1895 1
1896 1
1897 1
1898 3
1899 0
1900 2
1901 0
1902 1
1903 0
1904 1
1905 0
1906 0
1907 1
1908 0
1909 1
1910 1
1911 3
1912 1
1913 2
1914 1
1915 0
1916 1
1917 2
1918 3
1919 0
1920 1
1921 0
1922 0
1923 1
1924 0
1925 0
1926 1
1927 1
1928 1
1929 1
1930 1
1931 1
1932 1
1933 1
1934 1
1935 1
1936 0
1937 1
1938 1
1939 0
1940 2
1941 0
1942 0
1943 0
1944 1
1945 0
1946 2
1947 1
1948 1
1949 1
1950 0
1951 1
1952 0
1953 0
1954 0
1955 1
1956 2
1957 0
1958 0
1959 1
1960 0
1961 1
1962 1
1963 2
1964 0
1965 0
1966 0
1967 1
1968 3
1969 1
1970 0
1971 0
1972 0
1973 1
1974 0
1975 1
1976 1
1977 1
1978 1
1979 1
1980 1
1981 1
1982 1
1983 2
1984 1
1985 1
1986 1
1987 0
1988 0
1989 0
1990 2
1991 4
1992 0
1993 1
1994 0
1995 0
1996 1
1997 0
1998 1
1999 0
