0 2
1 2
2 2
3 1
4 1
5 3
6 1
7 3
8 1
9 1
10 2
11 1
12 0
13 0
14 1
15 0
16 0
17 0
18 0
19 0
20 0
21 0
22 0
23 0
24 1
25 0
26 2
27 2
28 2
29 1
30 3
31 1
32 2
33 1
34 2
35 1
36 2
37 1
38 0
39 0
40 0
41 1
42 0
43 0
44 0
45 0
46 0
47 0
48 0
49 0
50 0
51 0
52 0
53 0
54 0
55 0
56 0
57 0
58 0
59 0
60 0
61 0
62 0
63 0
64 0
65 0
66 0
67 0
68 0
69 0
70 0
71 0
72 0
73 0
74 0
75 0
76 0
77 0
78 0
79 0
80 0
81 0
82 0
83 0
84 0
85 0
86 0
87 0
88 0
89 0
90 0
91 0
92 0
93 0
94 0
95 0
96 0
97 0
98 0
99 0
100 0
101 0
102 0
103 0
104 0
105 0
106 0
107 0
108 0
109 0
110 0
111 0
112 0
113 0
114 0
115 0
116 0
117 0
118 0
119 0
120 0
121 0
122 0
123 0
124 0
125 0
126 0
127 0
128 0
129 0
130 0
131 0
132 0
133 0
134 0
135 0
136 0
137 0
138 0
139 0
140 0
141 0
142 0
143 0
144 1
145 3
146 0
147 1
148 2
149 0
150 0
151 0
152 0
153 0
154 0
155 0
156 0
157 0
158 0
159 0
160 0
161 0
162 0
163 0
164 0
165 0
166 0
167 0
168 0
169 0
170 2
171 0
172 2
173 1
174 1
175 1
176 0
177 3
178 1
179 2
180 1
181 2
182 1
183 2
184 2
185 1
186 1
187 2
188 1
189 1
190 1
191 1
192 1
193 1
194 1
195 1
196 0
197 1
198 2
199 0
200 1
201 1
202 1
203 2
204 1
205 1
206 1
207 1
208 1
209 4
210 0
211 0
212 0
213 0
214 1
215 1
216 1
217 0
218 0
219 0
220 0
221 0
222 0
223 0
224 0
225 0
226 0
227 0
228 0
229 0
230 1
231 1
232 1
233 0
234 0
235 0
236 0
237 0
238 0
239 0
240 0
241 0
242 0
243 0
244 0
245 0
246 0
247 0
248 0
249 0
250 0
251 0
252 0
253 0
254 0
255 0
256 1
257 1
258 1
259 2
260 1
261 1
262 2
263 1
264 1
265 0
266 0
267 0
268 0
269 0
270 0
271 1
272 0
273 0
274 1
275 0
276 0
277 0
278 0
279 0
280 0
281 0
282 0
283 0
284 1
285 1
286 0
287 0
288 0
289 1
290 0
291 0
292 0
293 0
294 0
295 2
296 1
297 1
298 0
299 1
300 1
301 0
302 1
303 1
304 1
305 2
306 2
307 1
308 2
309 1
310 2
311 0
312 2
313 1
314 1
315 1
316 1
317 2
318 1
319 1
320 3
321 1
322 1
323 1
324 1
325 1
326 0
327 1
328 1
329 1
330 1
331 1
332 0
333 0
334 0
335 0
336 0
337 0
338 0
339 0
340 0
341 0
342 0
343 0
344 0
345 0
346 0
347 0
348 0
349 0
350 1
351 0
352 2
353 0
354 1
355 0
356 0
357 0
358 0
359 0
360 0
361 0
362 0
363 0
364 0
365 0
366 0
367 0
368 0
369 0
370 0
371 0
372 0
373 0
374 0
375 0
376 0
377 0
378 0
379 2
380 1
381 1
382 0
383 0
384 2
385 1
386 1
387 1
388 0
389 2
390 1
391 0
392 2
393 0
394 1
395 1
396 2
397 0
398 1
399 1
400 0
401 2
402 3
403 2
404 0
405 2
406 0
407 1
408 0
409 0
410 1
411 2
412 1
413 1
414 1
415 0
416 2
417 1
418 0
419 0
420 0
421 1
422 1
423 0
424 0
425 0
426 1
427 1
428 1
429 2
430 1
431 2
432 0
433 0
434 0
435 0
436 0
437 0
438 0
439 0
440 0
441 0
442 0
443 0
444 0
445 0
446 1
447 0
448 0
449 1
450 0
451 0
452 1
453 0
454 1
455 0
456 0
457 0
458 0
459 0
460 0
461 0
462 0
463 0
464 0
465 0
466 1
467 0
468 1
469 0
470 0
471 0
472 2
473 0
474 0
475 0
476 0
477 0
478 0
479 0
480 0
481 0
482 0
483 0
484 0
485 0
486 1
487 0
488 0
489 0
490 0
491 0
492 0
493 0
494 0
495 1
496 0
497 0
498 0
499 0
500 1
501 0
502 0
503 0
504 0
505 0
506 0
507 1
508 0
509 0
510 1
511 1
512 0
513 0
514 0
515 0
516 0
517 0
518 0
519 0
520 0
521 1
522 1
523 1
524 1
525 1
526 2
527 1
528 1
529 1
530 0
531 0
532 1
533 0
534 0
535 1
536 0
537 0
538 0
539 0
540 0
541 0
542 1
543 0
544 0
545 0
546 2
547 2
548 1
549 1
550 0
551 0
552 0
553 0
554 0
555 0
556 1
557 0
558 0
559 0
560 0
561 0
562 0
563 0
564 0
565 0
566 0
567 0
568 1
569 2
570 1
571 1
572 0
573 1
574 1
575 1
576 0
577 0
578 2
579 0
580 1
581 3
582 1
583 2
584 1
585 1
586 1
587 1
588 1
589 2
590 1
591 1
592 2
593 1
594 1
595 1
596 0
597 3
598 1
599 0
600 0
601 0
602 0
603 0
604 0
605 0
606 0
607 0
608 0
609 1
610 0
611 0
612 0
613 0
614 0
615 0
616 0
617 1
618 1
619 1
620 1
621 1
622 1
623 0
624 0
625 1
626 3
627 0
628 0
629 1
630 2
631 3
632 0
633 3
634 2
635 1
636 1
637 1
638 1
639 2
640 2
641 1
642 1
643 1
644 2
645 2
646 2
647 1
648 1
649 1
650 1
651 1
652 2
653 1
654 3
655 3
656 0
657 0
658 0
659 1
660 1
661 0
662 0
663 0
664 0
665 0
666 0
667 1
668 0
669 2
670 0
671 1
672 1
673 1
674 0
675 1
676 1
677 3
678 2
679 1
680 2
681 2
682 2
683 2
684 2
685 1
686 0
687 2
688 0
689 2
690 0
691 1
692 2
693 1
694 1
695 2
696 1
697 2
698 1
699 0
700 0
701 0
702 1
703 0
704 0
705 0
706 0
707 0
708 0
709 0
710 1
711 2
712 0
713 2
714 0
715 0
716 0
717 0
718 0
719 0
720 0
721 0
722 1
723 0
724 1
725 0
726 0
727 3
728 0
729 0
730 0
731 0
732 0
733 0
734 0
735 0
736 2
737 0
738 1
739 2
740 1
741 1
742 1
743 1
744 1
745 2
746 1
747 2
748 2
749 1
750 1
751 2
752 1
753 1
754 2
755 3
756 2
757 3
758 1
759 2
760 2
761 0
762 0
763 0
764 2
765 2
766 3
767 3
768 0
769 1
770 0
771 0
772 1
773 0
774 0
775 0
776 0
777 1
778 0
779 1
780 2
781 2
782 2
783 2
784 2
785 1
786 1
787 1
788 0
789 1
790 1
791 1
792 2
793 3
794 1
795 2
796 0
797 1
798 1
799 1
800 2
801 2
802 1
803 2
804 0
805 2
806 0
807 1
808 1
809 2
810 2
811 1
812 2
813 1
814 1
815 1
816 1
817 1
818 1
819 0
820 1
821 1
822 1
823 2
824 0
825 0
826 1
827 3
828 1
829 0
830 1
831 1
832 0
833 2
834 3
835 3
836 2
837 3
838 1
839 0
840 0
841 2
842 0
843 0
844 0
845 1
846 2
847 2
848 1
849 1
850 0
851 1
852 1
853 2
854 1
855 3
856 1
857 2
858 2
859 1
860 1
861 0
862 3
863 3
864 2
865 1
866 1
867 2
868 1
869 1
870 1
871 1
872 1
873 1
874 1
875 2
876 1
877 1
878 2
879 1
880 1
881 2
882 1
883 2
884 1
885 1
886 1
887 1
888 0
889 1
890 0
891 0
892 0
893 0
894 0
895 0
896 0
897 2
898 0
899 3
900 2
901 1
902 2
903 0
904 2
905 2
906 2
907 0
908 1
909 0
910 1
911 0
912 0
913 2
914 1
915 1
916 1
917 2
918 1
919 2
920 0
921 2
922 1
923 1
924 1
925 2
926 1
927 0
928 1
929 1
930 2
931 2
932 1
933 1
934 1
935 1
936 1
937 1
938 0
939 1
940 1
941 0
942 0
943 0
944 1
945 1
946 1
947 1
948 2
949 2
950 0
951 1
952 1
953 0
954 1
955 0
956 0
957 0
958 0
959 0
960 1
961 0
962 0
963 1
964 0
965 1
966 0
967 0
968 0
969 1
970 1
971 1
972 1
973 1
974 0
975 0
976 1
977 2
978 2
979 0
980 0
981 1
982 1
983 1
984 1
985 0
986 1
987 0
988 1
989 1
990 2
991 0
992 1
993 1
994 2
995 0
996 1
997 2
998 2
999 3
1000 1
1001 1
1002 1
1003 1
1004 0
1005 1
1006 1
1007 1
1008 1
1009 2
1010 0
1011 1
1012 1
1013 0
1014 1
1015 0
1016 0
1017 1
1018 0
1019 0
1020 0
1021 0
1022 0
1023 0
1024 0
1025 0
1026 0
1027 0
1028 0
1029 0
1030 0
1031 1
1032 1
1033 1
1034 0
1035 0
1036 2
1037 2
1038 1
1039 0
1040 1
1041 1
1042 2
1043 0
1044 0
1045 1
1046 0
1047 0
1048 0
1049 0
1050 0
1051 1
1052 1
1053 0
1054 0
1055 0
1056 2
1057 0
1058 0
1059 0
1060 2
1061 0
1062 0
1063 0
1064 0
1065 0
1066 0
1067 0
1068 0
1069 0
1070 0
1071 0
1072 2
1073 1
1074 0
1075 1
1076 2
1077 3
1078 2
1079 2
1080 1
1081 2
1082 1
1083 2
1084 1
1085 1
1086 2
1087 0
1088 1
1089 1
1090 1
1091 1
1092 0
1093 0
1094 0
1095 0
1096 1
1097 1
1098 0
1099 1
1100 1
1101 0
1102 0
1103 1
1104 1
1105 1
1106 1
1107 0
1108 0
1109 0
1110 0
1111 0
1112 1
1113 0
1114 0
1115 1
1116 0
1117 0
1118 0
1119 1
1120 0
1121 0
1122 0
1123 0
1124 0
1125 0
1126 0
1127 0
1128 1
1129 1
1130 0
1131 0
1132 0
1133 1
1134 1
1135 1
1136 1
1137 0
1138 0
1139 0
1140 0
1141 0
1142 0
1143 0
1144 0
1145 0
1146 0
1147 0
1148 0
1149 0
1150 0
1151 0
1152 1
1153 0
1154 0
1155 0
1156 0
1157 1
1158 0
1159 0
1160 1
1161 1
1162 1
1163 0
1164 1
1165 1
1166 1
1167 1
1168 1
1169 1
1170 1
1171 0
1172 1
1173 0
1174 1
1175 1
1176 2
1177 0
1178 1
1179 1
1180 1
1181 1
1182 2
1183 1
1184 0
1185 1
1186 1
1187 1
1188 2
1189 1
1190 2
1191 1
1192 0
1193 1
1194 0
1195 0
1196 1
1197 1
1198 1
1199 1
1200 1
1201 1
1202 1
1203 1
1204 2
1205 1
1206 1
1207 2
1208 1
1209 1
1210 1
1211 1
1212 1
1213 2
1214 0
1215 0
1216 0
1217 0
1218 0
1219 1
1220 0
1221 0
1222 2
1223 0
1224 0
1225 2
1226 1
1227 2
1228 0
1229 1
1230 2
1231 0
1232 2
1233 1
1234 0
1235 1
1236 0
1237 0
1238 1
1239 0
1240 0
1241 1
1242 0
1243 1
1244 1
1245 1
1246 0
1247 0
1248 0
1249 1
1250 0
1251 1
1252 1
1253 1
1254 1
1255 0
1256 0
1257 0
1258 0
1259 0
1260 0
1261 0
1262 0
1263 0
1264 0
1265 0
1266 0
1267 0
1268 0
1269 0
1270 0
1271 3
1272 2
1273 2
1274 0
1275 1
1276 1
1277 0
1278 0
1279 0
1280 0
1281 0
1282 0
1283 0
1284 0
1285 0
1286 1
1287 0
1288 1
1289 2
1290 1
1291 1
1292 1
1293 2
1294 1
1295 0
1296 1
1297 1
1298 1
1299 1
1300 0
1301 2
1302 0
1303 1
1304 1
1305 1
1306 1
1307 1
1308 1
1309 0
1310 0
1311 0
1312 0
1313 1
1314 0
1315 0
1316 0
1317 0
1318 0
1319 0
1320 1
1321 2
1322 0
1323 0
1324 0
1325 0
1326 0
1327 1
1328 0
1329 1
1330 1
1331 1
1332 0
1333 1
1334 0
1335 1
1336 2
1337 0
1338 1
1339 1
1340 2
1341 1
1342 0
1343 1
1344 1
1345 1
1346 0
1347 0
1348 0
1349 0
1350 0
1351 0
1352 0
1353 0
1354 0
1355 2
1356 0
1357 0
1358 1
1359 1
1360 1
1361 2
1362 1
1363 1
1364 1
1365 0
1366 1
1367 1
1368 2
1369 2
1370 1
1371 0
1372 1
1373 1
1374 0
1375 0
1376 2
1377 0
1378 0
1379 1
1380 0
1381 0
1382 0
1383 1
1384 1
1385 2
1386 1
1387 0
1388 1
1389 2
1390 1
1391 1
1392 0
1393 2
1394 1
1395 1
1396 2
1397 1
1398 1
1399 2
1400 1
1401 1
1402 0
1403 0
1404 0
1405 0
1406 0
1407 0
1408 0
1409 0
1410 0
1411 0
1412 1
1413 1
1414 0
1415 1
1416 1
1417 0
1418 0
1419 2
1420 0
1421 0
1422 0
1423 0
1424 0
1425 0
1426 0
1427 0
1428 0
1429 0
1430 0
1431 0
1432 0
1433 0
1434 0
1435 0
1436 0
1437 0
1438 0
1439 0
1440 0
1441 0
1442 0
1443 0
1444 0
1445 0
1446 0
1447 0
1448 0
1449 0
1450 0
1451 0
1452 0
1453 0
1454 0
1455 0
1456 0
1457 1
1458 2
1459 1
1460 1
1461 0
1462 1
1463 1
1464 1
1465 1
1466 1
1467 2
1468 2
1469 0
1470 1
1471 2
1472 1
1473 0
1474 1
1475 1
1476 2
1477 2
1478 2
1479 2
1480 0
1481 1
1482 1
1483 0
1484 0
1485 0
1486 0
1487 0
1488 0
1489 0
1490 1
1491 1
1492 0
1493 1
1494 2
1495 1
1496 2
1497 0
1498 0
1499 0
1500 1
1501 0
1502 1
1503 1
1504 1
1505 1
1506 1
1507 1
1508 1
1509 1
1510 1
1511 0
1512 1
1513 2
1514 1
1515 2
1516 1
1517 1
1518 1
1519 2
1520 2
1521 1
1522 0
1523 1
1524 1
1525 0
1526 2
1527 2
1528 1
1529 0
1530 0
1531 0
1532 0
1533 0
1534 1
1535 0
1536 0
1537 0
1538 0
1539 1
1540 1
1541 0
1542 1
1543 2
1544 1
1545 1
1546 1
1547 2
1548 0
1549 1
1550 2
1551 2
1552 1
1553 0
1554 0
1555 1
1556 1
1557 0
1558 0
1559 1
1560 1
1561 2
1562 0
1563 0
1564 0
1565 0
1566 0
1567 0
1568 0
1569 0
1570 0
1571 1
1572 1
1573 0
1574 0
1575 0
1576 0
1577 0
1578 0
1579 2
1580 0
1581 0
1582 0
1583 0
1584 0
1585 3
1586 0
1587 2
1588 1
1589 1
1590 1
1591 0
1592 0
1593 1
1594 0
1595 0
1596 0
1597 0
1598 1
1599 0
1600 0
1601 0
1602 0
1603 0
1604 2
1605 0
1606 0
1607 0
1608 0
1609 0
1610 0
1611 0
1612 0
1613 1
1614 0
1615 1
1616 1
1617 2
1618 3
1619 0
1620 1
1621 1
1622 2
1623 1
1624 0
1625 3
1626 1
1627 1
1628 0
1629 0
1630 0
1631 0
1632 0
1633 1
1634 0
1635 0
1636 0
1637 2
1638 1
1639 1
1640 1
1641 0
1642 0
1643 0
1644 0
1645 0
1646 1
1647 1
1648 1
1649 0
1650 0
1651 0
1652 0
1653 0
1654 0
1655 0
1656 0
1657 0
1658 0
1659 0
1660 0
1661 0
1662 0
1663 0
1664 0
1665 2
1666 2
1667 2
1668 2
1669 3
1670 1
1671 0
1672 0
1673 0
1674 0
1675 0
1676 0
1677 0
1678 0
1679 0
1680 0
1681 0
1682 0
1683 0
1684 0
1685 0
1686 1
1687 0
1688 0
1689 0
1690 0
1691 1
1692 0
1693 0
1694 0
1695 0
1696 0
1697 0
1698 0
1699 0
1700 1
1701 0
1702 0
1703 0
1704 0
1705 0
1706 2
1707 2
1708 0
1709 0
1710 0
1711 0
1712 0
1713 0
1714 1
1715 0
1716 0
1717 0
1718 0
1719 0
1720 0
1721 1
1722 0
1723 0
1724 0
1725 0
1726 0
1727 0
1728 1
1729 1
1730 0
1731 0
1732 0
1733 1
1734 0
1735 0
1736 0
1737 0
1738 0
1739 0
1740 0
1741 0
1742 0
1743 0
1744 0
1745 0
1746 0
1747 0
1748 1
1749 1
1750 0
1751 0
1752 0
1753 1
1754 1
1755 0
1756 0
1757 1
1758 1
1759 0
1760 1
1761 1
1762 1
1763 1
1764 0
1765 0
1766 0
1767 0
1768 2
1769 0
1770 0
1771 0
1772 1
1773 0
1774 0
1775 0
1776 0
1777 0
1778 0
1779 0
1780 0
1781 0
1782 0
1783 0
1784 1
1785 0
1786 0
1787 0
1788 0
1789 0
1790 2
1791 1
1792 2
1793 0
1794 0
1795 0
1796 0
1797 0
1798 0
1799 0
1800 0
1801 0
1802 0
1803 0
1804 0
1805 0
1806 0
1807 0
1808 1
1809 2
1810 2
1811 2
1812 0
1813 0
1814 1
1815 3
1816 2
1817 1
1818 1
1819 0
1820 2
1821 0
1822 0
1823 0
1824 1
1825 0
1826 2
1827 0
1828 0
1829 0
1830 0
1831 1
1832 1
1833 0
1834 3
1835 0
1836 1
1837 2
1838 1
1839 0
1840 0
1841 2
1842 2
1843 3
1844 1
1845 0
1846 1
1847 1
1848 0
1849 1
1850 0
1851 0
1852 0
1853 1
1854 0
1855 1
1856 0
1857 0
1858 0
1859 1
1860 1
1861 1
1862 1
1863 0
1864 1
1865 0
1866 1
1867 0
1868 2
1869 1
1870 0
1871 0
1872 1
1873 2
1874 0
1875 0
1876 1
1877 1
1878 1
1879 1
1880 0
1881 0
1882 2
1883 1
1884 0
1885 0
1886 0
1887 0
1888 1
1889 1
1890 0
1891 0
1892 1
1893 2
1894 0
1895 0
1896 1
1897 0
1898 1
1899 0
1900 0
1901 1
1902 1
1903 2
1904 1
1905 1
1906 1
1907 0
1908 2
1909 0
1910 0
1911 0
1912 0
1913 1
1914 0
1915 1
1916 3
1917 1
1918 1
1919 0
1920 0
1921 0
1922 1
1923 0
1924 0
1925 0
1926 0
1927 0
1928 0
1929 0
1930 0
1931 0
1932 0
1933 2
1934 0
1935 0
1936 1
1937 0
1938 1
1939 0
1940 0
1941 0
1942 1
1943 0
1944 0
1945 0
1946 0
1947 1
1948 0
1949 1
1950 2
1951 1
1952 0
1953 0
1954 0
1955 0
1956 1
1957 0
1958 2
1959 0
1960 0
1961 0
1962 0
1963 0
1964 0
1965 0
1966 2
1967 0
1968 0
1969 0
1970 0
1971 0
1972 0
1973 0
1974 0
1975 0
1976 0
1977 0
1978 1
1979 1
1980 0
1981 0
1982 0
1983 0
1984 0
1985 0
1986 0
1987 0
1988 0
1989 0
1990 0
1991 0
1992 0
1993 3
1994 0
1995 0
1996 1
1997 2
1998 0
1999 0
