0 1
1 1
2 1
3 2
4 1
5 1
6 1
7 1
8 0
9 1
10 2
11 2
12 1
13 0
14 1
15 1
16 2
17 2
18 0
19 1
20 2
21 2
22 1
23 1
24 1
25 1
26 1
27 0
28 1
29 1
30 1
31 1
32 2
33 1
34 1
35 1
36 1
37 0
38 1
39 1
40 2
41 1
42 1
43 1
44 1
45 1
46 2
47 2
48 1
49 2
50 1
51 1
52 1
53 1
54 1
55 1
56 0
57 1
58 1
59 1
60 1
61 1
62 2
63 1
64 1
65 1
66 1
67 1
68 1
69 1
70 1
71 1
72 2
73 0
74 1
75 2
76 1
77 1
78 0
79 1
80 2
81 1
82 0
83 1
84 1
85 1
86 1
87 1
88 1
89 2
90 1
91 0
92 0
93 0
94 1
95 1
96 0
97 1
98 0
99 1
100 1
101 1
102 1
103 1
104 1
105 1
106 1
107 3
108 2
109 1
110 0
111 1
112 1
113 0
114 2
115 1
116 3
117 3
118 2
119 1
120 0
121 1
122 3
123 2
124 2
125 2
126 1
127 2
128 2
129 2
130 2
131 3
132 2
133 2
134 2
135 2
136 3
137 2
138 2
139 2
140 2
141 2
142 3
143 2
144 1
145 2
146 2
147 2
148 2
149 3
150 0
151 1
152 2
153 1
154 1
155 2
156 1
157 2
158 1
159 1
160 1
161 1
162 1
163 1
164 1
165 1
166 1
167 1
168 0
169 1
170 0
171 1
172 1
173 2
174 1
175 1
176 1
177 2
178 1
179 0
180 1
181 2
182 1
183 0
184 0
185 0
186 0
187 2
188 1
189 1
190 0
191 1
192 1
193 1
194 0
195 2
196 1
197 2
198 4
199 2
200 0
201 0
202 2
203 0
204 0
205 0
206 1
207 1
208 1
209 1
210 1
211 1
212 1
213 0
214 1
215 1
216 1
217 1
218 1
219 1
220 1
221 0
222 0
223 0
224 1
225 1
226 0
227 2
228 2
229 2
230 2
231 3
232 1
233 0
234 2
235 1
236 2
237 2
238 0
239 0
240 2
241 0
242 1
243 1
244 1
245 0
246 2
247 2
248 2
249 2
250 1
251 2
252 1
253 2
254 2
255 1
256 3
257 3
258 2
259 1
260 0
261 1
262 2
263 3
264 1
265 3
266 2
267 3
268 2
269 2
270 2
271 2
272 2
273 1
274 2
275 2
276 2
277 1
278 2
279 0
280 0
281 2
282 2
283 3
284 3
285 2
286 2
287 2
288 4
289 1
290 3
291 2
292 2
293 2
294 2
295 0
296 1
297 2
298 0
299 0
300 1
301 1
302 1
303 2
304 2
305 2
306 2
307 3
308 2
309 2
310 2
311 0
312 2
313 2
314 2
315 2
316 1
317 2
318 1
319 2
320 2
321 2
322 2
323 1
324 2
325 2
326 2
327 2
328 1
329 1
330 2
331 3
332 2
333 2
334 0
335 2
336 3
337 3
338 2
339 2
340 1
341 1
342 2
343 2
344 1
345 2
346 2
347 0
348 1
349 2
350 4
351 4
352 1
353 1
354 2
355 2
356 1
357 3
358 1
359 3
360 3
361 3
362 3
363 3
364 3
365 2
366 2
367 3
368 2
369 1
370 5
371 2
372 2
373 5
374 1
375 0
376 3
377 0
378 3
379 0
380 3
381 2
382 2
383 3
384 3
385 2
386 0
387 2
388 2
389 2
390 1
391 4
392 3
393 3
394 4
395 1
396 3
397 4
398 2
399 2
400 3
401 2
402 2
403 3
404 2
405 4
406 3
407 3
408 4
409 0
410 2
411 2
412 2
413 1
414 1
415 1
416 0
417 1
418 1
419 1
420 1
421 0
422 1
423 1
424 2
425 1
426 1
427 1
428 1
429 2
430 2
431 2
432 2
433 2
434 0
435 1
436 1
437 1
438 2
439 1
440 1
441 0
442 0
443 1
444 0
445 0
446 2
447 1
448 4
449 0
450 0
451 1
452 1
453 2
454 2
455 1
456 3
457 3
458 2
459 2
460 3
461 0
462 2
463 1
464 0
465 1
466 1
467 1
468 0
469 2
470 1
471 1
472 1
473 0
474 1
475 1
476 3
477 2
478 1
479 0
480 1
481 0
482 2
483 1
484 1
485 1
486 0
487 1
488 1
489 2
490 1
491 2
492 1
493 1
494 2
495 1
496 1
497 1
498 2
499 2
500 1
501 1
502 1
503 1
504 2
505 2
506 1
507 0
508 0
509 2
510 2
511 0
512 1
513 1
514 0
515 1
516 2
517 1
518 2
519 3
520 4
521 0
522 1
523 1
524 3
525 3
526 2
527 1
528 4
529 2
530 2
531 3
532 3
533 2
534 2
535 1
536 2
537 2
538 2
539 2
540 4
541 3
542 2
543 4
544 2
545 5
546 3
547 1
548 4
549 4
550 3
551 3
552 5
553 1
554 3
555 3
556 2
557 1
558 1
559 1
560 3
561 2
562 3
563 3
564 3
565 3
566 2
567 3
568 4
569 2
570 2
571 4
572 4
573 2
574 3
575 3
576 1
577 3
578 3
579 4
580 3
581 1
582 3
583 3
584 3
585 3
586 6
587 4
588 1
589 0
590 0
591 1
592 1
593 0
594 1
595 3
596 0
597 1
598 1
599 0
600 1
601 2
602 0
603 2
604 0
605 1
606 0
607 0
608 1
609 2
610 1
611 2
612 0
613 1
614 1
615 4
616 3
617 2
618 0
619 0
620 1
621 1
622 0
623 1
624 1
625 0
626 1
627 1
628 1
629 1
630 0
631 1
632 1
633 2
634 1
635 1
636 3
637 2
638 1
639 4
640 1
641 2
642 3
643 1
644 1
645 1
646 2
647 2
648 3
649 1
650 1
651 2
652 1
653 1
654 1
655 1
656 0
657 0
658 2
659 0
660 3
661 2
662 1
663 1
664 1
665 2
666 0
667 1
668 0
669 1
670 2
671 1
672 2
673 1
674 3
675 3
676 3
677 2
678 3
679 2
680 2
681 1
682 4
683 4
684 1
685 3
686 1
687 2
688 1
689 2
690 2
691 2
692 2
693 2
694 3
695 2
696 2
697 1
698 3
699 2
700 2
701 0
702 3
703 3
704 4
705 2
706 2
707 1
708 2
709 2
710 3
711 2
712 2
713 3
714 3
715 2
716 3
717 3
718 2
719 2
720 5
721 4
722 5
723 4
724 4
725 2
726 3
727 4
728 3
729 1
730 2
731 3
732 3
733 2
734 2
735 4
736 4
737 1
738 2
739 3
740 2
741 4
742 2
743 3
744 2
745 2
746 2
747 4
748 3
749 4
750 3
751 4
752 3
753 2
754 4
755 1
756 3
757 2
758 0
759 1
760 3
761 1
762 4
763 2
764 3
765 1
766 2
767 1
768 1
769 4
770 2
771 1
772 3
773 2
774 1
775 2
776 3
777 3
778 3
779 2
780 2
781 3
782 2
783 3
784 2
785 2
786 2
787 2
788 1
789 2
790 2
791 3
792 2
793 2
794 2
795 4
796 2
797 4
798 1
799 1
800 1
801 2
802 3
803 3
804 3
805 3
806 2
807 3
808 2
809 2
810 3
811 2
812 3
813 1
814 3
815 3
816 2
817 3
818 0
819 2
820 0
821 1
822 3
823 3
824 4
825 4
826 3
827 1
828 2
829 2
830 2
831 3
832 1
833 2
834 1
835 2
836 3
837 2
838 1
839 2
840 1
841 4
842 2
843 3
844 0
845 4
846 3
847 2
848 2
849 3
850 4
851 3
852 2
853 2
854 2
855 2
856 1
857 3
858 2
859 2
860 1
861 2
862 2
863 1
864 1
865 2
866 3
867 4
868 2
869 2
870 0
871 3
872 1
873 3
874 3
875 5
876 3
877 1
878 3
879 2
880 2
881 3
882 2
883 2
884 0
885 1
886 3
887 3
888 2
889 4
890 1
891 4
892 3
893 4
894 4
895 3
896 2
897 3
898 4
899 4
900 1
901 2
902 2
903 0
904 1
905 3
906 3
907 3
908 3
909 3
910 3
911 5
912 4
913 2
914 3
915 3
916 0
917 1
918 4
919 4
920 4
921 2
922 3
923 3
924 2
925 2
926 3
927 3
928 4
929 4
930 1
931 4
932 3
933 4
934 3
935 2
936 3
937 2
938 3
939 3
940 3
941 1
942 1
943 2
944 5
945 4
946 1
947 1
948 2
949 3
950 3
951 5
952 2
953 2
954 2
955 1
956 2
957 4
958 2
959 2
960 2
961 2
962 3
963 2
964 2
965 3
966 2
967 2
968 2
969 0
970 3
971 2
972 4
973 4
974 4
975 3
976 3
977 5
978 0
979 2
980 1
981 2
982 2
983 2
984 1
985 2
986 1
987 2
988 2
989 2
990 2
991 3
992 0
993 1
994 2
995 1
996 2
997 2
998 1
999 0
1000 2
1001 1
1002 1
1003 0
1004 1
1005 1
1006 2
1007 0
1008 1
1009 1
1010 1
1011 1
1012 1
1013 1
1014 3
1015 1
1016 1
1017 1
1018 1
1019 0
1020 2
1021 1
1022 0
1023 0
1024 1
1025 1
1026 0
1027 0
1028 0
1029 0
1030 0
1031 1
1032 1
1033 0
1034 1
1035 0
1036 0
1037 1
1038 1
1039 1
1040 0
1041 1
1042 0
1043 0
1044 0
1045 0
1046 0
1047 0
1048 0
1049 0
1050 0
1051 0
1052 1
1053 1
1054 1
1055 0
1056 0
1057 1
1058 1
1059 1
1060 0
1061 0
1062 1
1063 2
1064 1
1065 1
1066 0
1067 1
1068 1
1069 1
1070 0
1071 0
1072 1
1073 3
1074 2
1075 1
1076 2
1077 0
1078 0
1079 0
1080 3
1081 3
1082 2
1083 0
1084 1
1085 2
1086 2
1087 0
1088 1
1089 0
1090 2
1091 0
1092 1
1093 1
1094 1
1095 1
1096 0
1097 0
1098 1
1099 1
1100 1
1101 0
1102 0
1103 1
1104 1
1105 0
1106 1
1107 1
1108 0
1109 3
1110 0
1111 2
1112 1
1113 0
1114 0
1115 1
1116 0
1117 0
1118 1
1119 0
1120 1
1121 1
1122 1
1123 1
1124 1
1125 1
1126 1
1127 1
1128 2
1129 1
1130 0
1131 2
1132 1
1133 2
1134 0
1135 1
1136 1
1137 1
1138 0
1139 1
1140 0
1141 2
1142 0
1143 0
1144 1
1145 1
1146 1
1147 1
1148 1
1149 0
1150 0
1151 0
1152 2
1153 0
1154 3
1155 0
1156 0
1157 0
1158 1
1159 0
1160 3
1161 0
1162 2
1163 2
1164 0
1165 2
1166 3
1167 2
1168 1
1169 1
1170 2
1171 0
1172 1
1173 2
1174 0
1175 1
1176 2
1177 1
1178 2
1179 1
1180 0
1181 0
1182 2
1183 1
1184 2
1185 2
1186 1
1187 0
1188 1
1189 1
1190 1
1191 0
1192 1
1193 0
1194 0
1195 2
1196 1
1197 0
1198 4
1199 1
1200 2
1201 2
1202 2
1203 0
1204 1
1205 3
1206 1
1207 3
1208 0
1209 3
1210 1
1211 1
1212 1
1213 1
1214 1
1215 2
1216 0
1217 2
1218 1
1219 2
1220 1
1221 1
1222 3
1223 1
1224 2
1225 0
1226 0
1227 0
1228 0
1229 1
1230 1
1231 1
1232 0
1233 0
1234 0
1235 1
1236 0
1237 1
1238 0
1239 0
1240 0
1241 2
1242 0
1243 0
1244 0
1245 0
1246 1
1247 2
1248 1
1249 1
1250 0
1251 1
1252 3
1253 2
1254 3
1255 2
1256 2
1257 2
1258 2
1259 2
1260 2
1261 1
1262 1
1263 0
1264 1
1265 2
1266 1
1267 1
1268 2
1269 3
1270 1
1271 1
1272 0
1273 3
1274 1
1275 0
1276 1
1277 1
1278 2
1279 0
1280 0
1281 1
1282 0
1283 2
1284 2
1285 0
1286 0
1287 2
1288 2
1289 3
1290 1
1291 0
1292 1
1293 2
1294 2
1295 2
1296 3
1297 2
1298 1
1299 1
1300 2
1301 1
1302 1
1303 1
1304 0
1305 0
1306 1
1307 0
1308 0
1309 1
1310 1
1311 1
1312 0
1313 1
1314 0
1315 0
1316 0
1317 1
1318 1
1319 0
1320 1
1321 0
1322 0
1323 0
1324 0
1325 0
1326 0
1327 1
1328 0
1329 0
1330 0
1331 0
1332 2
1333 0
1334 0
1335 0
1336 0
1337 2
1338 0
1339 0
1340 0
1341 0
1342 1
1343 3
1344 1
1345 0
1346 0
1347 0
1348 1
1349 0
1350 2
1351 1
1352 1
1353 0
1354 1
1355 0
1356 2
1357 0
1358 0
1359 2
1360 1
1361 1
1362 0
1363 0
1364 0
1365 1
1366 0
1367 1
1368 1
1369 2
1370 1
1371 2
1372 2
1373 1
1374 2
1375 2
1376 1
1377 3
1378 1
1379 2
1380 2
1381 1
1382 3
1383 4
1384 1
1385 3
1386 3
1387 1
1388 1
1389 3
1390 2
1391 1
1392 3
1393 3
1394 2
1395 2
1396 0
1397 1
1398 2
1399 1
1400 3
1401 2
1402 0
1403 1
1404 0
1405 1
1406 1
1407 0
1408 1
1409 0
1410 1
1411 1
1412 1
1413 1
1414 1
1415 0
1416 0
1417 1
1418 1
1419 0
1420 1
1421 1
1422 2
1423 1
1424 1
1425 1
1426 1
1427 1
1428 1
1429 1
1430 2
1431 1
1432 3
1433 1
1434 3
1435 1
1436 1
1437 1
1438 1
1439 1
1440 0
1441 0
1442 1
1443 1
1444 1
1445 0
1446 0
1447 0
1448 1
1449 2
1450 1
1451 1
1452 0
1453 1
1454 0
1455 1
1456 1
1457 1
1458 1
1459 0
1460 1
1461 0
1462 1
1463 1
1464 2
1465 1
1466 1
1467 1
1468 2
1469 1
1470 1
1471 0
1472 2
1473 0
1474 1
1475 1
1476 0
1477 1
1478 2
1479 2
1480 0
1481 2
1482 0
1483 2
1484 2
1485 1
1486 2
1487 1
1488 1
1489 3
1490 2
1491 1
1492 0
1493 1
1494 0
1495 1
1496 1
1497 0
1498 0
1499 0
1500 1
1501 0
1502 0
1503 1
1504 1
1505 2
1506 0
1507 3
1508 2
1509 1
1510 0
1511 1
1512 1
1513 1
1514 1
1515 2
1516 2
1517 1
1518 1
1519 2
1520 1
1521 2
1522 1
1523 1
1524 2
1525 1
1526 1
1527 1
1528 0
1529 3
1530 2
1531 2
1532 3
1533 1
1534 1
1535 2
1536 1
1537 1
1538 1
1539 1
1540 2
1541 0
1542 2
1543 2
1544 2
1545 4
1546 1
1547 2
1548 1
1549 3
1550 0
1551 0
1552 1
1553 0
1554 0
1555 0
1556 2
1557 0
1558 1
1559 0
1560 0
1561 3
1562 3
1563 1
1564 1
1565 1
1566 2
1567 1
1568 1
1569 4
1570 3
1571 1
1572 0
1573 2
1574 1
1575 1
1576 1
1577 2
1578 0
1579 3
1580 1
1581 2
1582 1
1583 1
1584 2
1585 2
1586 3
1587 2
1588 0
1589 0
1590 2
1591 2
1592 2
1593 2
1594 1
1595 1
1596 3
1597 2
1598 1
1599 2
1600 0
1601 1
1602 1
1603 3
1604 1
1605 1
1606 1
1607 2
1608 0
1609 2
1610 2
1611 2
1612 1
1613 2
1614 0
1615 0
1616 1
1617 1
1618 1
1619 1
1620 1
1621 2
1622 1
1623 0
1624 1
1625 2
1626 4
1627 2
1628 1
1629 2
1630 2
1631 1
1632 0
1633 0
1634 2
1635 2
1636 1
1637 3
1638 3
1639 1
1640 2
1641 0
1642 2
1643 2
1644 0
1645 2
1646 2
1647 1
1648 2
1649 1
1650 0
1651 0
1652 0
1653 0
1654 1
1655 1
1656 3
1657 0
1658 2
1659 1
1660 1
1661 0
1662 0
1663 1
1664 1
1665 0
1666 1
1667 0
1668 0
1669 0
1670 2
1671 0
1672 0
1673 2
1674 1
1675 1
1676 1
1677 2
1678 2
1679 2
1680 1
1681 1
1682 0
1683 0
1684 0
1685 0
1686 0
1687 1
1688 1
1689 0
1690 1
1691 1
1692 1
1693 1
1694 2
1695 0
1696 1
1697 1
1698 3
1699 2
1700 1
1701 1
1702 1
1703 0
1704 0
1705 2
1706 1
1707 0
1708 1
1709 0
1710 1
1711 2
1712 0
1713 0
1714 0
1715 1
1716 3
1717 2
1718 2
1719 1
1720 1
1721 3
1722 0
1723 2
1724 1
1725 3
1726 1
1727 2
1728 2
1729 1
1730 1
1731 2
1732 1
1733 1
1734 1
1735 0
1736 1
1737 1
1738 0
1739 1
1740 1
1741 2
1742 2
1743 1
1744 2
1745 2
1746 1
1747 0
1748 2
1749 1
1750 1
1751 0
1752 1
1753 1
1754 2
1755 1
1756 1
1757 1
1758 2
1759 0
1760 1
1761 1
1762 1
1763 1
1764 1
1765 1
1766 1
1767 1
1768 2
1769 2
1770 2
1771 1
1772 3
1773 0
1774 2
1775 3
1776 1
1777 1
1778 2
1779 1
1780 0
1781 2
1782 1
1783 2
1784 0
1785 3
1786 1
1787 1
1788 2
1789 1
1790 1
1791 2
1792 1
1793 1
1794 2
1795 1
1796 1
1797 3
1798 1
1799 1
1800 1
1801 3
1802 1
1803 2
1804 1
1805 1
1806 1
1807 1
1808 2
1809 1
1810 1
1811 3
1812 1
1813 0
1814 2
1815 2
1816 2
1817 0
1818 1
1819 3
1820 0
1821 1
1822 1
1823 2
1824 1
1825 0
1826 2
1827 1
1828 0
1829 2
1830 1
1831 0
1832 1
1833 2
1834 1
1835 1
1836 2
1837 2
1838 1
1839 1
1840 1
1841 1
1842 1
1843 2
1844 0
1845 2
1846 0
1847 0
1848 2
1849 1
1850 1
1851 0
1852 2
1853 0
1854 0
1855 1
1856 1
1857 1
1858 0
1859 3
1860 0
1861 2
1862 0
1863 0
1864 1
1865 0
1866 0
1867 1
1868 1
1869 0
1870 1
1871 1
1872 1
1873 0
1874 0
1875 2
1876 2
1877 0
1878 2
1879 1
1880 1
1881 0
1882 0
1883 1
1884 1
1885 0
1886 0
1887 0
1888 0
1889 0
1890 1
1891 0
1892 1
1893 1
1894 0
1895 0
1896 1
1897 0
1898 0
1899 0
1900 0
1901 2
1902 1
1903 1
1904 2
1905 1
1906 0
1907 0
1908 0
1909 0
1910 0
1911 0
1912 0
1913 0
1914 0
1915 0
1916 1
1917 2
1918 2
1919 0
1920 1
1921 2
1922 3
1923 0
1924 2
1925 2
1926 1
1927 1
1928 1
1929 1
1930 0
1931 0
1932 0
1933 1
1934 0
1935 1
1936 2
1937 0
1938 2
1939 0
1940 2
1941 2
1942 1
1943 0
1944 0
1945 0
1946 0
1947 1
1948 1
1949 0
1950 1
1951 0
1952 2
1953 1
1954 1
1955 1
1956 0
1957 1
1958 0
1959 1
1960 1
1961 0
1962 3
1963 0
1964 0
1965 0
1966 0
1967 0
1968 0
1969 0
1970 0
1971 0
1972 0
1973 2
1974 0
1975 0
1976 1
1977 1
1978 0
1979 0
1980 1
1981 1
1982 1
1983 1
1984 1
1985 0
1986 1
1987 0
1988 1
1989 0
1990 1
1991 1
1992 2
1993 1
1994 2
1995 1
1996 0
1997 0
1998 2
1999 1
