#Frame     end-to-end
       1      41.1822
       2      41.0902
       3      40.6537
       4      41.9817
       5      41.5604
       6      42.3822
       7      42.0671
       8      42.6163
       9      42.1708
      10      41.0159
      11      40.2988
      12      42.2252
      13      41.9905
      14      40.9226
      15      41.1138
      16      40.0337
      17      41.1902
      18      41.4258
      19      41.7226
      20      40.0071
      21      41.1543
      22      40.4612
      23      42.0986
      24      41.2433
      25      41.8274
      26      41.5655
      27      41.7319
      28      41.7385
      29      41.3646
      30      41.7390
      31      41.3977
      32      41.9414
      33      41.7299
      34      41.6043
      35      41.0959
      36      40.1611
      37      40.6967
      38      41.3037
      39      40.8295
      40      41.0402
      41      40.5945
      42      41.0529
      43      41.7792
      44      41.5111
      45      41.4343
      46      40.3438
      47      40.0967
      48      40.8002
      49      40.6269
      50      40.6087
      51      42.3299
      52      41.4927
      53      41.3701
      54      40.6932
      55      41.2385
      56      42.0095
      57      39.7278
      58      39.9992
      59      41.0983
      60      39.3879
      61      40.6549
      62      40.2481
      63      40.1877
      64      41.0246
      65      40.5530
      66      40.7197
      67      41.4984
      68      40.6652
      69      41.1701
      70      41.2810
      71      41.3667
      72      41.3888
      73      41.4269
      74      41.5630
      75      41.6954
      76      41.4329
      77      41.1955
      78      40.9780
      79      40.7103
      80      41.0692
      81      41.8196
      82      41.2975
      83      42.0811
      84      40.6893
      85      42.4448
      86      42.6067
      87      43.1351
      88      41.8801
      89      41.7385
      90      42.5352
      91      42.9310
      92      42.4065
      93      42.3624
      94      42.0534
      95      42.0333
      96      41.4843
      97      41.1332
      98      41.7075
      99      41.5356
     100      42.4081
     101      41.6453
     102      42.3145
     103      41.4937
     104      42.2691
     105      41.8541
     106      41.7451
     107      41.8653
     108      41.6822
     109      41.1467
     110      41.5388
     111      41.5230
     112      42.2419
     113      41.7081
     114      42.6144
     115      41.9702
     116      42.9951
     117      41.8995
     118      42.4903
     119      41.5079
     120      41.6648
     121      41.5807
     122      42.4109
     123      41.2069
     124      41.6603
     125      41.9990
     126      41.8944
     127      42.3532
     128      41.5222
     129      42.1343
     130      41.6556
     131      41.4292
     132      41.0763
     133      41.2035
     134      41.9411
     135      41.9898
     136      41.8691
     137      41.6562
     138      41.6719
     139      42.6620
     140      42.6149
     141      40.9686
     142      41.6552
     143      42.7394
     144      42.4186
     145      41.8779
     146      42.1640
     147      42.4115
     148      41.9326
     149      42.8204
     150      41.2917
     151      41.4330
     152      41.9684
     153      41.6944
     154      41.0192
     155      42.6424
     156      40.8637
     157      42.2631
     158      42.1164
     159      41.1836
     160      41.5398
     161      42.0225
     162      41.8016
     163      41.1248
     164      41.5138
     165      40.7648
     166      41.5212
     167      42.2809
     168      41.8577
     169      40.8919
     170      40.8506
     171      41.0285
     172      41.9403
     173      43.0657
     174      41.7987
     175      42.6234
     176      40.8796
     177      40.9349
     178      42.0991
     179      42.0678
     180      40.5356
     181      40.4151
     182      41.6819
     183      41.3970
     184      41.9241
     185      41.9336
     186      42.0498
     187      42.2969
     188      41.5854
     189      40.2543
     190      41.8069
     191      42.5813
     192      41.6070
     193      40.6373
     194      41.5091
     195      41.5105
     196      41.7835
     197      42.1735
     198      42.0272
     199      41.7712
     200      41.6351
     201      42.2161
     202      41.8041
     203      42.0705
     204      40.9909
     205      42.3829
     206      41.6879
     207      42.0831
     208      42.1371
     209      42.0713
     210      42.3903
     211      41.0476
     212      41.3190
     213      41.6406
     214      41.3164
     215      41.8799
     216      40.6606
     217      42.0771
     218      41.7663
     219      41.6082
     220      40.8028
     221      40.4638
     222      40.6963
     223      40.4638
     224      40.5434
     225      40.8387
     226      41.7039
     227      41.7880
     228      41.5306
     229      42.3321
     230      41.1273
     231      41.5277
     232      42.5186
     233      42.8021
     234      42.0115
     235      41.3347
     236      41.6030
     237      41.5466
     238      41.3614
     239      41.4659
     240      42.4614
     241      41.1513
     242      42.0205
     243      42.7090
     244      41.9166
     245      42.2290
     246      42.2913
     247      42.3571
     248      41.4796
     249      41.9170
     250      41.7110
     251      41.5036
     252      41.5730
     253      41.3966
     254      41.5264
     255      41.4619
     256      41.4510
     257      41.1035
     258      41.1941
     259      41.7420
     260      41.7321
     261      40.9059
     262      42.0419
     263      40.4853
     264      41.9352
     265      41.6110
     266      41.2984
     267      40.9364
     268      39.8817
     269      41.0125
     270      40.7085
     271      40.4801
     272      41.3219
     273      41.5126
     274      40.6929
     275      41.5476
     276      41.1766
     277      40.9184
     278      40.3594
     279      40.8808
     280      39.7656
     281      40.6710
     282      40.6535
     283      41.3734
     284      41.1040
     285      40.4142
     286      40.1539
     287      40.8576
     288      40.0777
     289      41.2236
     290      40.6691
     291      40.9315
     292      39.6835
     293      40.3474
     294      40.9937
     295      40.8203
     296      41.0571
     297      40.9570
     298      39.9259
     299      42.3799
     300      41.0267
     301      41.4926
     302      40.7937
     303      40.4992
     304      40.8642
     305      40.7497
     306      40.7088
     307      40.0474
     308      40.4302
     309      40.1631
     310      40.6342
     311      40.0967
     312      40.3871
     313      39.8952
     314      39.4432
     315      40.6347
     316      41.2251
     317      40.5843
     318      41.2900
     319      41.3773
     320      41.2303
     321      40.5279
     322      40.1955
     323      40.9688
     324      40.2628
     325      40.5606
     326      40.4593
     327      40.5209
     328      40.7134
     329      40.9749
     330      41.1714
     331      40.5886
     332      41.0819
     333      40.2170
     334      40.9192
     335      40.5295
     336      41.6436
     337      41.0182
     338      42.2555
     339      40.8380
     340      40.4520
     341      40.1695
     342      41.2246
     343      40.7197
     344      41.1407
     345      41.4639
     346      40.8250
     347      41.5024
     348      40.6242
     349      40.1755
     350      41.3934
     351      41.0949
     352      40.7459
     353      40.8550
     354      42.0956
     355      40.1450
     356      39.9302
     357      41.3048
     358      39.0654
     359      41.1479
     360      41.9880
     361      41.0250
     362      41.2157
     363      41.9416
     364      40.7097
     365      40.4087
     366      40.8841
     367      41.8067
     368      42.1200
     369      41.9491
     370      41.7447
     371      41.5345
     372      41.7347
     373      41.1191
     374      41.5180
     375      39.8693
     376      40.0663
     377      41.4904
     378      39.6407
     379      42.3929
     380      40.2158
     381      40.2696
     382      40.2999
     383      41.2230
     384      40.9519
     385      41.6263
     386      41.4313
     387      40.4420
     388      41.5335
     389      41.6562
     390      41.5138
     391      41.8215
     392      42.1212
     393      40.9137
     394      41.9450
     395      41.3107
     396      39.9070
     397      40.7905
     398      41.1876
     399      41.0255
     400      41.7333
     401      40.7880
     402      41.3430
     403      40.7201
     404      40.5536
     405      42.2637
     406      40.7208
     407      41.4740
     408      41.4843
     409      40.5433
     410      40.4944
     411      41.0577
     412      39.4319
     413      40.9470
     414      40.8332
     415      41.7741
     416      40.8719
     417      39.6565
     418      40.8000
     419      40.9527
     420      40.5891
     421      39.6929
     422      39.3884
     423      38.5478
     424      40.3548
     425      39.9723
     426      39.4112
     427      39.5187
     428      40.7785
     429      40.6302
     430      40.9952
     431      40.6507
     432      40.6491
     433      40.9810
     434      40.3672
     435      41.4924
     436      41.0590
     437      40.2295
     438      40.2939
     439      40.0629
     440      40.7824
     441      40.8296
     442      40.0548
     443      40.0908
     444      41.6700
     445      40.6834
     446      41.1640
     447      41.4967
     448      41.4263
     449      40.4613
     450      39.2346
     451      39.7442
     452      40.9597
     453      41.0701
     454      40.7519
     455      39.4223
     456      39.9021
     457      41.5840
     458      41.5375
     459      40.9236
     460      41.1791
     461      40.7240
     462      40.9887
     463      41.3127
     464      41.3475
     465      40.9249
     466      40.3020
     467      41.5259
     468      41.3959
     469      40.9420
     470      40.5183
     471      40.9147
     472      40.6947
     473      40.3914
     474      39.4779
     475      40.8111
     476      39.6510
     477      40.3512
     478      40.8778
     479      41.0922
     480      40.4606
     481      40.9144
     482      41.0102
     483      41.4781
     484      41.2164
     485      40.2441
     486      41.6763
     487      39.9232
     488      40.6929
     489      40.3659
     490      40.7518
     491      41.4675
     492      40.4925
     493      42.4352
     494      40.8641
     495      41.2753
     496      41.0280
     497      41.7442
     498      40.6775
     499      41.4012
     500      41.1002
     501      41.0279
     502      40.4997
     503      40.6166
     504      40.8507
     505      40.8296
     506      40.7472
     507      39.3510
     508      40.7281
     509      40.3999
     510      40.6304
     511      40.2845
     512      40.5819
     513      40.7834
     514      40.2408
     515      40.0882
     516      41.2670
     517      40.0323
     518      40.7208
     519      41.0927
     520      41.0053
     521      40.7336
     522      40.3376
     523      40.1918
     524      39.4007
     525      39.6010
     526      40.8317
     527      40.0389
     528      40.4457
     529      40.6845
     530      40.7199
     531      40.4638
     532      39.2479
     533      40.9656
     534      40.7506
     535      39.9553
     536      40.2983
     537      40.8963
     538      41.7143
     539      41.0570
     540      41.0839
     541      39.9007
     542      39.8551
     543      40.1508
     544      40.4746
     545      40.4289
     546      41.8880
     547      39.8610
     548      40.1016
     549      41.5933
     550      42.1664
     551      41.3080
     552      41.7220
     553      40.8783
     554      40.7556
     555      40.1272
     556      39.6360
     557      40.0454
     558      40.2343
     559      39.6566
     560      40.0675
     561      40.2716
     562      40.0771
     563      40.9685
     564      40.7243
     565      40.5918
     566      39.7830
     567      40.9808
     568      42.0328
     569      40.7916
     570      41.0930
     571      40.9764
     572      41.3762
     573      40.8950
     574      40.4453
     575      41.1868
     576      40.6158
     577      40.4273
     578      40.7869
     579      41.4841
     580      40.8274
     581      40.6317
     582      40.4832
     583      40.4156
     584      40.8123
     585      41.3713
     586      40.1791
     587      40.4160
     588      40.9929
     589      40.7719
     590      40.6396
     591      41.2730
     592      40.7236
     593      41.5398
     594      41.8394
     595      40.3877
     596      41.7910
     597      41.5169
     598      40.9426
     599      41.1919
     600      41.3678
     601      41.1257
     602      41.6728
     603      41.3685
     604      40.2922
     605      40.3738
     606      41.0927
     607      40.4999
     608      41.3665
     609      42.5940
     610      40.9630
     611      41.1138
     612      41.8749
     613      41.8176
     614      41.6290
     615      41.3764
     616      41.1342
     617      41.2994
     618      41.2316
     619      40.9566
     620      41.3821
     621      40.2151
     622      40.6038
     623      41.2331
     624      40.9052
     625      40.6073
     626      40.2044
     627      39.4980
     628      40.9634
     629      40.6398
     630      40.0167
     631      41.0409
     632      41.1093
     633      41.0880
     634      41.0032
     635      40.5417
     636      41.0387
     637      40.7527
     638      40.9253
     639      40.2216
     640      40.5631
     641      41.0851
     642      41.2469
     643      41.4378
     644      41.5165
     645      41.4595
     646      41.7031
     647      41.1113
     648      41.0096
     649      40.5632
     650      41.1476
     651      40.9475
     652      40.9182
     653      41.2177
     654      41.9245
     655      41.4766
     656      40.8847
     657      41.7013
     658      41.8012
     659      41.1690
     660      41.7126
     661      41.3014
     662      40.7580
     663      41.0245
     664      40.5354
     665      40.8721
     666      40.9223
     667      40.4579
     668      40.1273
     669      40.2801
     670      40.5585
     671      40.2264
     672      40.5399
     673      41.2357
     674      41.4567
     675      41.6940
     676      41.0593
     677      40.2673
     678      40.0907
     679      41.0347
     680      41.1002
     681      41.3532
     682      39.6813
     683      40.7203
     684      41.3056
     685      42.2137
     686      41.6291
     687      42.6484
     688      42.4841
     689      40.4846
     690      40.6180
     691      40.0488
     692      41.8461
     693      40.6903
     694      41.0007
     695      41.6944
     696      40.4474
     697      42.3093
     698      41.0625
     699      40.8177
     700      41.2477
     701      40.3513
     702      40.3915
     703      40.6673
     704      39.7206
     705      40.2077
     706      41.2806
     707      40.0182
     708      41.3908
     709      41.0446
     710      40.2906
     711      41.2029
     712      40.8170
     713      40.0895
     714      39.5462
     715      41.0961
     716      40.8330
     717      40.0796
     718      41.2333
     719      40.4889
     720      40.2778
     721      40.8298
     722      41.4125
     723      40.8903
     724      41.3234
     725      40.7253
     726      40.3565
     727      40.0865
     728      40.4638
     729      39.8290
     730      41.2696
     731      40.7282
     732      38.8689
     733      40.0626
     734      40.0794
     735      40.2203
     736      40.8427
     737      40.2619
     738      41.5669
     739      40.1499
     740      39.9884
     741      40.0491
     742      40.9647
     743      40.1165
     744      39.8902
     745      40.4284
     746      40.2415
     747      40.1072
     748      40.7533
     749      40.8891
     750      40.8831
     751      40.6564
     752      39.8021
     753      40.8691
     754      40.7121
     755      40.2750
     756      40.9482
     757      40.5239
     758      40.4782
     759      39.8920
     760      40.2764
     761      41.0118
     762      40.0737
     763      40.4336
     764      40.2939
     765      40.8022
     766      40.4861
     767      40.8119
     768      40.6531
     769      40.3509
     770      40.3773
     771      40.9795
     772      41.3022
     773      40.9484
     774      39.7499
     775      40.4552
     776      40.7620
     777      40.9283
     778      41.5621
     779      41.1346
     780      41.1060
     781      40.5696
     782      41.4553
     783      41.2518
     784      40.6388
     785      40.9104
     786      41.8182
     787      40.3960
     788      41.0521
     789      40.3213
     790      41.2409
     791      41.2921
     792      41.2388
     793      40.4996
     794      40.5399
     795      40.3147
     796      40.5657
     797      40.3138
     798      39.7508
     799      40.2641
     800      40.4162
     801      41.2227
     802      40.7164
     803      40.7887
     804      41.2033
     805      41.1968
     806      41.6680
     807      40.7068
     808      40.9187
     809      40.7975
     810      40.2080
     811      40.1781
     812      40.7578
     813      40.1129
     814      39.7804
     815      41.1679
     816      40.2729
     817      39.4956
     818      39.6525
     819      39.1655
     820      40.3492
     821      40.5359
     822      40.8089
     823      39.9730
     824      40.1100
     825      40.7398
     826      40.1305
     827      39.1072
     828      39.4804
     829      39.5561
     830      38.7674
     831      38.9219
     832      39.9255
     833      39.8014
     834      39.1159
     835      40.0138
     836      40.3145
     837      40.9476
     838      38.9324
     839      40.1459
     840      39.5814
     841      40.1735
     842      40.0630
     843      39.7894
     844      39.9114
     845      39.8590
     846      39.4785
     847      40.7304
     848      39.3598
     849      39.8674
     850      40.7706
     851      41.1459
     852      41.0017
     853      40.2792
     854      39.9233
     855      40.2130
     856      40.4366
     857      39.4648
     858      39.9143
     859      40.7366
     860      40.5740
     861      41.0524
     862      41.0282
     863      39.4049
     864      40.2037
     865      41.1009
     866      40.1141
     867      39.7517
     868      39.7896
     869      40.7617
     870      40.4365
     871      40.2969
     872      39.9288
     873      40.3153
     874      40.1353
     875      39.7411
     876      40.2702
     877      40.9015
     878      40.4588
     879      39.6425
     880      39.2382
     881      39.6823
     882      39.5884
     883      39.0674
     884      40.1534
     885      39.8611
     886      39.8419
     887      40.1233
     888      40.1390
     889      41.5363
     890      40.8320
     891      41.4787
     892      40.1652
     893      40.5382
     894      40.8395
     895      40.9258
     896      40.8211
     897      40.5075
     898      40.0676
     899      40.9660
     900      40.5403
     901      40.6357
     902      39.7956
     903      39.6386
     904      40.5756
     905      39.7776
     906      40.1654
     907      39.3712
     908      40.3981
     909      39.6953
     910      39.7156
     911      40.5385
     912      40.6040
     913      39.8747
     914      40.5190
     915      40.6986
     916      40.2842
     917      40.4545
     918      40.2749
     919      41.2654
     920      40.6899
     921      41.2423
     922      40.7087
     923      39.9565
     924      40.5069
     925      40.6248
     926      40.7888
     927      41.2796
     928      39.7049
     929      40.2010
     930      40.0173
     931      39.4045
     932      39.1163
     933      39.2440
     934      39.7102
     935      39.7782
     936      38.7920
     937      40.1856
     938      40.3004
     939      40.7670
     940      39.9353
     941      39.9823
     942      39.9261
     943      39.5694
     944      39.5435
     945      39.4143
     946      39.6903
     947      39.8539
     948      39.9615
     949      40.2859
     950      39.8024
     951      40.7289
     952      39.9715
     953      38.9579
     954      39.5382
     955      39.0439
     956      40.2562
     957      39.0596
     958      39.7209
     959      39.0777
     960      39.6220
     961      39.0240
     962      39.7076
     963      39.2690
     964      39.6639
     965      39.1286
     966      38.0576
     967      38.3789
     968      38.9051
     969      39.1989
     970      38.9579
     971      38.7864
     972      39.4298
     973      41.1806
     974      39.9037
     975      40.3901
     976      40.5806
     977      41.0028
     978      40.3012
     979      40.8585
     980      41.3061
     981      39.8497
     982      39.3737
     983      40.4750
     984      40.3785
     985      40.0923
     986      39.8778
     987      40.5370
     988      40.4774
     989      39.5367
     990      39.7872
     991      40.0162
     992      40.5699
     993      41.2804
     994      41.4972
     995      40.2962
     996      40.4184
     997      40.0565
     998      40.0977
     999      41.3683
    1000      41.3930
    1001      41.1031
    1002      40.1335
    1003      39.6978
    1004      40.3646
    1005      40.2338
    1006      40.6169
    1007      40.2215
    1008      41.0745
    1009      40.3830
    1010      40.8207
    1011      40.9672
    1012      41.7241
    1013      40.7228
    1014      41.3287
    1015      40.2053
    1016      40.4868
    1017      40.2058
    1018      40.1360
    1019      40.6871
    1020      39.4710
    1021      39.2145
    1022      39.7054
    1023      40.6411
    1024      39.7083
    1025      39.5556
    1026      39.8697
    1027      39.2699
    1028      40.2593
    1029      40.2578
    1030      40.2991
    1031      39.9894
    1032      38.8132
    1033      40.9734
    1034      41.6153
    1035      41.9744
    1036      40.9633
    1037      39.8165
    1038      40.2772
    1039      40.6426
    1040      41.3421
    1041      40.6182
    1042      40.3631
    1043      40.4216
    1044      39.0949
    1045      41.0405
    1046      40.0376
    1047      40.5247
    1048      41.0150
    1049      40.7412
    1050      39.7316
    1051      40.0916
    1052      38.5146
    1053      39.6702
    1054      38.3460
    1055      39.2665
    1056      40.6238
    1057      39.8611
    1058      40.0163
    1059      40.3158
    1060      39.6859
    1061      39.9035
    1062      39.8430
    1063      39.5188
    1064      40.3225
    1065      39.5786
    1066      39.0703
    1067      39.2437
    1068      39.9025
    1069      39.5059
    1070      40.1136
    1071      38.8127
    1072      41.0300
    1073      38.9822
    1074      39.1106
    1075      39.4287
    1076      40.3705
    1077      40.2720
    1078      38.8410
    1079      39.2866
    1080      40.5468
    1081      39.6121
    1082      38.7069
    1083      40.2203
    1084      40.2068
    1085      39.2506
    1086      39.1844
    1087      39.2996
    1088      39.3591
    1089      39.5584
    1090      39.4226
    1091      39.8052
    1092      40.5252
    1093      39.3034
    1094      40.2531
    1095      39.7483
    1096      39.0864
    1097      39.4488
    1098      38.8136
    1099      39.6327
    1100      39.9406
    1101      39.1346
    1102      39.5067
    1103      39.1568
    1104      38.7190
    1105      38.9581
    1106      39.2171
    1107      38.9128
    1108      39.2161
    1109      38.9713
    1110      39.3008
    1111      39.2809
    1112      40.8154
    1113      38.9214
    1114      40.3641
    1115      39.3963
    1116      40.3606
    1117      39.3319
    1118      39.0613
    1119      39.9997
    1120      39.5281
    1121      39.6640
    1122      39.3849
    1123      39.9302
    1124      40.2166
    1125      39.6743
    1126      41.0275
    1127      41.4276
    1128      40.8452
    1129      40.0961
    1130      39.9109
    1131      40.0533
    1132      40.3684
    1133      39.7862
    1134      38.7322
    1135      39.1794
    1136      39.7480
    1137      40.0514
    1138      39.4870
    1139      40.5620
    1140      39.7038
    1141      39.2378
    1142      40.1194
    1143      39.1784
    1144      39.8857
    1145      40.8814
    1146      41.2989
    1147      40.3466
    1148      40.2997
    1149      40.8481
    1150      41.1088
    1151      41.8691
    1152      42.3452
    1153      41.1266
    1154      41.5118
    1155      41.4824
    1156      42.1191
    1157      42.5756
    1158      41.6008
    1159      42.4081
    1160      41.7763
    1161      42.0509
    1162      42.7742
    1163      42.4652
    1164      43.0202
    1165      42.4257
    1166      42.2354
    1167      42.5508
    1168      43.0263
    1169      41.6524
    1170      42.6481
    1171      41.3468
    1172      40.9982
    1173      41.3663
    1174      42.1696
    1175      41.0014
    1176      40.7507
    1177      39.9051
    1178      40.1710
    1179      39.7803
    1180      39.6523
    1181      40.0706
    1182      39.9742
    1183      41.1205
    1184      40.4182
    1185      39.8485
    1186      40.1646
    1187      39.8610
    1188      39.4458
    1189      39.8607
    1190      39.0496
    1191      39.5413
    1192      41.1724
    1193      40.2959
    1194      39.5111
    1195      39.9548
    1196      40.1899
    1197      39.5641
    1198      40.7900
    1199      40.5273
    1200      39.8487
    1201      39.9191
    1202      40.6501
    1203      40.0897
    1204      40.9449
    1205      40.1272
    1206      39.2236
    1207      38.9000
    1208      40.1439
    1209      39.0420
    1210      39.3736
    1211      38.8604
    1212      39.1083
    1213      39.1984
    1214      39.9639
    1215      40.2094
    1216      40.5979
    1217      40.8346
    1218      40.1326
    1219      40.2327
    1220      40.3363
    1221      42.4601
    1222      41.8765
    1223      41.0707
    1224      40.8697
    1225      39.7410
    1226      39.7084
    1227      39.9122
    1228      38.4395
    1229      39.4456
    1230      40.2427
    1231      39.7823
    1232      40.5375
    1233      40.1665
    1234      41.9921
    1235      39.8141
    1236      39.8137
    1237      40.3409
    1238      40.3227
    1239      39.9321
    1240      38.7215
    1241      38.9018
    1242      39.1611
    1243      39.6425
    1244      38.7396
    1245      39.5529
    1246      39.7815
    1247      39.0125
    1248      38.0390
    1249      38.9177
    1250      38.3482
    1251      38.6856
    1252      39.3396
    1253      38.4948
    1254      39.0670
    1255      39.3602
    1256      38.4531
    1257      38.3247
    1258      38.3167
    1259      39.0005
    1260      40.6825
    1261      40.2842
    1262      40.3124
    1263      39.7164
    1264      39.4819
    1265      40.7966
    1266      39.8651
    1267      39.8705
    1268      40.4603
    1269      40.5989
    1270      39.6857
    1271      40.8826
    1272      40.4122
    1273      39.9371
    1274      40.5410
    1275      40.5570
    1276      40.0291
    1277      40.2041
    1278      41.0040
    1279      39.1201
    1280      39.0550
    1281      40.2744
    1282      40.0661
    1283      40.0348
    1284      40.0104
    1285      40.8614
    1286      39.9339
    1287      40.6066
    1288      39.9902
    1289      39.5751
    1290      39.7214
    1291      40.5098
    1292      39.9019
    1293      40.2530
    1294      39.5363
    1295      40.2203
    1296      40.3660
    1297      40.8297
    1298      40.2455
    1299      40.5261
    1300      40.3913
    1301      40.6729
    1302      40.7123
    1303      41.4666
    1304      40.9794
    1305      41.5234
    1306      39.8624
    1307      40.1324
    1308      42.5684
    1309      41.0632
    1310      41.6141
    1311      41.9009
    1312      40.9717
    1313      40.2677
    1314      40.1426
    1315      41.4778
    1316      39.6261
    1317      40.7754
    1318      41.2565
    1319      40.4596
    1320      39.9655
    1321      40.5829
    1322      39.5658
    1323      40.0683
    1324      38.8619
    1325      40.0488
    1326      39.3317
    1327      39.6326
    1328      38.4278
    1329      39.4995
    1330      39.3553
    1331      39.3534
    1332      40.5155
    1333      38.8327
    1334      40.0989
    1335      39.4421
    1336      39.3739
    1337      39.6262
    1338      39.5690
    1339      38.5486
    1340      39.6273
    1341      38.3514
    1342      39.6896
    1343      39.4513
    1344      39.6945
    1345      39.1040
    1346      39.2741
    1347      40.6844
    1348      39.3130
    1349      39.9884
    1350      39.4363
    1351      40.1739
    1352      40.2276
    1353      40.3738
    1354      40.4149
    1355      39.6360
    1356      39.5683
    1357      39.9820
    1358      39.9520
    1359      39.6982
    1360      38.8405
    1361      39.9376
    1362      39.8974
    1363      39.7310
    1364      38.9242
    1365      39.9157
    1366      40.1952
    1367      39.4158
    1368      40.0904
    1369      39.2344
    1370      40.0500
    1371      39.7359
    1372      40.1512
    1373      39.6696
    1374      39.1323
    1375      39.6774
    1376      38.8398
    1377      39.3615
    1378      39.3244
    1379      39.9767
    1380      39.1547
    1381      39.6374
    1382      38.9729
    1383      39.5368
    1384      39.3223
    1385      38.2198
    1386      38.2606
    1387      39.0995
    1388      39.2582
    1389      39.3368
    1390      39.1444
    1391      39.5070
    1392      39.1098
    1393      39.2451
    1394      39.1906
    1395      39.4846
    1396      39.4157
    1397      40.1693
    1398      39.8792
    1399      40.2485
    1400      40.0398
    1401      40.0038
    1402      40.5717
    1403      40.0598
    1404      39.1425
    1405      39.0559
    1406      39.5584
    1407      39.8391
    1408      39.1801
    1409      39.8572
    1410      40.0199
    1411      40.3896
    1412      40.5222
    1413      40.0002
    1414      39.6028
    1415      39.8020
    1416      39.4965
    1417      38.2430
    1418      39.1573
    1419      39.4293
    1420      39.8352
    1421      39.2139
    1422      39.3799
    1423      39.6451
    1424      39.1773
    1425      38.8549
    1426      38.2907
    1427      39.0869
    1428      39.2809
    1429      38.5345
    1430      39.4822
    1431      39.3813
    1432      39.2196
    1433      40.2984
    1434      39.8222
    1435      39.2381
    1436      39.7024
    1437      39.4349
    1438      40.1138
    1439      39.5415
    1440      39.3644
    1441      39.7876
    1442      39.7077
    1443      39.1864
    1444      39.4594
    1445      39.5192
    1446      39.7100
    1447      40.1751
    1448      38.6170
    1449      39.6774
    1450      40.0350
    1451      39.9453
    1452      39.5346
    1453      39.2916
    1454      39.4361
    1455      39.8436
    1456      40.2171
    1457      39.9838
    1458      40.5640
    1459      40.7599
    1460      39.4341
    1461      39.7805
    1462      40.4126
    1463      40.2796
    1464      39.9459
    1465      40.6656
    1466      40.8742
    1467      40.8810
    1468      40.8609
    1469      39.1555
    1470      40.3550
    1471      39.3497
    1472      39.6013
    1473      40.0430
    1474      39.8005
    1475      40.2312
    1476      39.7261
    1477      40.0456
    1478      40.4357
    1479      39.3715
    1480      40.3245
    1481      40.0646
    1482      39.0302
    1483      38.8651
    1484      40.3767
    1485      39.8736
    1486      40.9285
    1487      40.1829
    1488      40.1485
    1489      40.9425
    1490      39.5513
    1491      39.3787
    1492      39.7618
    1493      40.2466
    1494      39.3433
    1495      39.7755
    1496      40.4392
    1497      40.6744
    1498      40.9810
    1499      40.2046
    1500      40.2507
    1501      39.8254
    1502      39.9742
    1503      41.5541
    1504      42.3596
    1505      41.9395
    1506      40.7112
    1507      41.9666
    1508      40.4918
    1509      40.6511
    1510      40.6075
    1511      40.6705
    1512      39.9057
    1513      39.7584
    1514      39.5121
    1515      39.5953
    1516      38.7905
    1517      39.0436
    1518      39.7430
    1519      38.9829
    1520      39.2623
    1521      39.5512
    1522      39.2384
    1523      39.4140
    1524      39.0151
    1525      39.3292
    1526      39.9995
    1527      40.0331
    1528      40.3819
    1529      39.5712
    1530      39.2416
    1531      39.8190
    1532      39.9387
    1533      39.2057
    1534      39.6267
    1535      39.0135
    1536      38.9810
    1537      40.0938
    1538      39.7682
    1539      39.7555
    1540      40.9014
    1541      39.8661
    1542      41.0071
    1543      40.1337
    1544      40.4746
    1545      40.3244
    1546      40.0589
    1547      40.2907
    1548      40.3559
    1549      39.9682
    1550      40.4796
    1551      39.3021
    1552      39.9619
    1553      39.5019
    1554      38.1747
    1555      39.1563
    1556      38.6204
    1557      39.2360
    1558      39.5299
    1559      39.7799
    1560      40.1178
    1561      39.6067
    1562      39.8979
    1563      39.1967
    1564      39.8337
    1565      39.5920
    1566      39.3172
    1567      39.5984
    1568      39.0657
    1569      40.4316
    1570      39.5996
    1571      40.2475
    1572      40.8081
    1573      40.4776
    1574      40.4025
    1575      39.1530
    1576      40.8693
    1577      38.6497
    1578      39.9701
    1579      39.9122
    1580      39.7695
    1581      39.0482
    1582      38.8989
    1583      39.9218
    1584      38.6952
    1585      40.9791
    1586      39.8891
    1587      40.2894
    1588      40.5265
    1589      40.6215
    1590      39.9289
    1591      40.2104
    1592      40.4707
    1593      39.5677
    1594      39.9874
    1595      40.3652
    1596      39.8059
    1597      39.5827
    1598      41.0028
    1599      40.5126
    1600      40.6996
    1601      40.9820
    1602      41.7782
    1603      40.5493
    1604      41.7647
    1605      40.7367
    1606      41.0998
    1607      40.3243
    1608      40.2926
    1609      41.4199
    1610      41.1200
    1611      41.2275
    1612      41.8579
    1613      41.7772
    1614      39.7195
    1615      40.7076
    1616      41.0453
    1617      40.6478
    1618      40.2947
    1619      40.1496
    1620      40.6187
    1621      38.5746
    1622      39.7173
    1623      39.7459
    1624      39.5633
    1625      39.6598
    1626      39.3811
    1627      39.6017
    1628      40.5266
    1629      40.4927
    1630      39.2345
    1631      39.7092
    1632      39.2241
    1633      39.9929
    1634      40.1051
    1635      39.0551
    1636      38.8210
    1637      38.9831
    1638      38.6283
    1639      39.3115
    1640      40.0569
    1641      38.9203
    1642      39.6173
    1643      40.2549
    1644      39.7704
    1645      40.5383
    1646      40.5868
    1647      39.5731
    1648      39.9947
    1649      39.7486
    1650      39.7045
    1651      40.6725
    1652      40.7233
    1653      40.3863
    1654      39.8021
    1655      40.1621
    1656      39.5370
    1657      41.5149
    1658      39.9227
    1659      41.8305
    1660      40.7244
    1661      40.6069
    1662      41.0709
    1663      41.4335
    1664      40.3590
    1665      40.3756
    1666      39.6094
    1667      40.4075
    1668      38.9809
    1669      40.3394
    1670      40.4742
    1671      39.7267
    1672      40.1960
    1673      40.2983
    1674      41.1129
    1675      40.5869
    1676      38.8843
    1677      40.0597
    1678      40.2843
    1679      39.9594
    1680      40.1782
    1681      40.7741
    1682      40.9545
    1683      40.9936
    1684      40.2600
    1685      40.0485
    1686      41.7916
    1687      40.5842
    1688      41.8330
    1689      40.3998
    1690      40.7447
    1691      41.0078
    1692      40.7271
    1693      39.5956
    1694      39.6547
    1695      39.3393
    1696      41.5172
    1697      39.4731
    1698      39.9609
    1699      39.6915
    1700      39.2518
    1701      39.1098
    1702      39.5730
    1703      40.8523
    1704      40.2540
    1705      40.5925
    1706      41.0136
    1707      40.8021
    1708      40.3181
    1709      40.0535
    1710      40.2541
    1711      41.1896
    1712      39.6417
    1713      41.2122
    1714      40.6817
    1715      40.2561
    1716      40.0741
    1717      39.6491
    1718      39.4308
    1719      40.1777
    1720      39.7926
    1721      39.4383
    1722      40.2781
    1723      40.1083
    1724      41.6687
    1725      41.2932
    1726      40.8735
    1727      41.4260
    1728      40.8827
    1729      41.1973
    1730      40.1963
    1731      41.1539
    1732      40.4415
    1733      40.7228
    1734      39.3279
    1735      41.4605
    1736      40.1276
    1737      40.8242
    1738      39.7851
    1739      40.9996
    1740      40.1553
    1741      40.8243
    1742      40.4872
    1743      40.0622
    1744      40.3590
    1745      40.4726
    1746      40.1397
    1747      40.1260
    1748      40.5133
    1749      38.6921
    1750      40.9720
    1751      41.5367
    1752      41.0691
    1753      39.7432
    1754      40.2173
    1755      40.2082
    1756      40.0934
    1757      40.3372
    1758      40.1348
    1759      40.1245
    1760      39.6690
    1761      40.1282
    1762      40.1417
    1763      39.5583
    1764      39.8364
    1765      39.9419
    1766      40.9340
    1767      42.4306
    1768      39.7816
    1769      40.6228
    1770      39.7464
    1771      40.0008
    1772      39.6110
    1773      40.6098
    1774      39.5372
    1775      39.1831
    1776      39.1312
    1777      40.1491
    1778      40.0636
    1779      40.0749
    1780      40.4897
    1781      40.6917
    1782      40.2507
    1783      40.3291
    1784      40.0545
    1785      40.6813
    1786      39.8276
    1787      39.8889
    1788      39.7735
    1789      39.1420
    1790      40.9131
    1791      39.9878
    1792      39.4458
    1793      40.6999
    1794      40.9193
    1795      41.1585
    1796      40.6256
    1797      40.6474
    1798      42.3583
    1799      41.0275
    1800      40.4487
    1801      40.3363
    1802      40.2928
    1803      40.5816
    1804      41.5832
    1805      41.1315
    1806      41.8743
    1807      41.5304
    1808      41.2014
    1809      40.5604
    1810      40.5640
    1811      40.8246
    1812      39.7183
    1813      40.6714
    1814      40.5865
    1815      40.2133
    1816      41.5230
    1817      39.8077
    1818      40.0958
    1819      40.5235
    1820      39.5920
    1821      39.9979
    1822      39.8400
    1823      40.0780
    1824      39.6231
    1825      40.3003
    1826      40.3132
    1827      39.7650
    1828      39.7142
    1829      40.2389
    1830      39.4248
    1831      39.8418
    1832      39.2459
    1833      40.5387
    1834      40.8497
    1835      40.2430
    1836      42.0570
    1837      40.1258
    1838      40.2492
    1839      40.0500
    1840      40.0837
    1841      40.5818
    1842      40.4162
    1843      40.3630
    1844      40.6795
    1845      38.9558
    1846      39.8115
    1847      39.5013
    1848      39.9007
    1849      40.0013
    1850      41.0316
    1851      41.1913
    1852      40.5893
    1853      40.2362
    1854      39.8282
    1855      39.4905
    1856      41.2568
    1857      40.9059
    1858      40.4930
    1859      39.9992
    1860      40.6766
    1861      41.1019
    1862      41.4631
    1863      40.8546
    1864      39.4825
    1865      39.4809
    1866      39.7607
    1867      39.6901
    1868      39.5675
    1869      39.2952
    1870      39.2310
    1871      40.0493
    1872      38.9737
    1873      40.4381
    1874      39.9271
    1875      40.1290
    1876      40.3826
    1877      40.3530
    1878      40.8350
    1879      40.9530
    1880      40.2383
    1881      40.7559
    1882      38.5634
    1883      39.9140
    1884      40.5381
    1885      41.4519
    1886      40.9058
    1887      40.4972
    1888      38.9542
    1889      40.0199
    1890      40.6291
    1891      40.2507
    1892      40.4993
    1893      39.9184
    1894      40.3992
    1895      40.1309
    1896      41.0804
    1897      40.5142
    1898      39.7184
    1899      38.7699
    1900      40.3939
    1901      39.8426
    1902      40.3545
    1903      40.4815
    1904      39.7241
    1905      39.8335
    1906      39.7810
    1907      40.3234
    1908      39.4548
    1909      39.6955
    1910      38.9193
    1911      39.7093
    1912      39.7069
    1913      40.1838
    1914      39.3693
    1915      39.3896
    1916      39.6659
    1917      40.2065
    1918      39.9800
    1919      39.6852
    1920      39.5464
    1921      39.6856
    1922      39.7850
    1923      38.7533
    1924      39.1660
    1925      39.6924
    1926      40.0366
    1927      40.6551
    1928      39.6170
    1929      40.9320
    1930      39.8364
    1931      40.1995
    1932      40.0683
    1933      39.6930
    1934      39.8970
    1935      39.8963
    1936      39.3770
    1937      39.6897
    1938      39.2402
    1939      39.0689
    1940      39.1117
    1941      38.5976
    1942      39.4416
    1943      38.4523
    1944      39.2164
    1945      39.5088
    1946      38.6486
    1947      38.4632
    1948      38.5134
    1949      39.1693
    1950      39.7758
    1951      38.7120
    1952      39.4287
    1953      39.5440
    1954      39.3264
    1955      38.5784
    1956      39.0768
    1957      39.1070
    1958      39.1636
    1959      38.4799
    1960      38.9182
    1961      38.6573
    1962      38.7807
    1963      38.5975
    1964      40.0064
    1965      38.3687
    1966      38.8579
    1967      39.5758
    1968      39.5896
    1969      39.4467
    1970      39.9122
    1971      40.2294
    1972      40.2251
    1973      40.8804
    1974      39.1068
    1975      39.2051
    1976      39.9504
    1977      38.9637
    1978      39.1004
    1979      39.6180
    1980      39.5355
    1981      39.7852
    1982      39.9713
    1983      39.4089
    1984      39.7983
    1985      39.6122
    1986      39.3734
    1987      41.6824
    1988      40.7152
    1989      41.3835
    1990      41.0318
    1991      40.4910
    1992      39.3226
    1993      40.9604
    1994      39.4877
    1995      40.1305
    1996      39.4399
    1997      40.0690
    1998      40.1503
    1999      40.7707
    2000      40.5188
