#Frame     end-to-end
       1      45.3117
       2      47.2215
       3      46.7723
       4      46.9752
       5      46.8468
       6      46.9881
       7      46.5627
       8      46.4723
       9      47.0580
      10      46.5239
      11      44.0045
      12      45.5945
      13      46.4810
      14      46.3947
      15      45.4310
      16      45.3346
      17      45.8911
      18      46.4309
      19      46.9119
      20      48.1510
      21      45.9042
      22      45.7442
      23      46.5845
      24      44.9452
      25      45.2913
      26      45.0145
      27      46.7911
      28      47.4905
      29      47.1485
      30      47.3756
      31      45.9954
      32      47.2919
      33      46.9307
      34      47.9801
      35      45.6008
      36      44.1005
      37      47.8126
      38      47.2099
      39      47.2923
      40      47.3752
      41      47.6191
      42      49.3944
      43      48.9214
      44      47.6767
      45      48.5068
      46      48.6838
      47      47.6679
      48      47.2069
      49      46.3530
      50      47.4563
      51      46.8334
      52      49.3470
      53      47.8829
      54      46.4530
      55      49.0540
      56      48.7350
      57      48.8727
      58      47.7269
      59      47.8851
      60      46.4201
      61      46.3699
      62      44.9684
      63      44.4216
      64      44.8892
      65      43.6801
      66      43.6603
      67      45.0873
      68      48.2067
      69      47.1178
      70      47.8127
      71      47.4185
      72      46.4222
      73      46.3295
      74      46.3480
      75      45.6308
      76      45.7165
      77      45.1994
      78      44.4106
      79      45.1129
      80      45.4322
      81      44.6505
      82      44.8935
      83      42.7796
      84      44.3986
      85      44.4851
      86      44.8774
      87      44.0143
      88      44.8994
      89      46.0433
      90      45.8439
      91      46.5126
      92      46.1609
      93      45.3809
      94      46.0774
      95      46.6295
      96      46.0654
      97      45.5264
      98      45.9722
      99      45.9378
     100      47.2675
     101      46.5376
     102      45.4385
     103      46.0839
     104      46.9679
     105      47.9397
     106      47.2993
     107      48.0200
     108      48.1672
     109      47.5046
     110      47.2427
     111      45.8941
     112      46.5699
     113      45.3990
     114      45.5781
     115      44.9555
     116      46.3534
     117      44.6146
     118      45.9551
     119      47.2109
     120      46.2888
     121      46.2812
     122      46.0803
     123      45.0731
     124      46.1009
     125      46.5200
     126      46.5990
     127      46.6577
     128      46.6274
     129      47.5448
     130      45.9997
     131      48.1197
     132      47.4913
     133      46.8823
     134      45.7311
     135      46.5126
     136      45.3267
     137      46.3512
     138      44.9516
     139      46.5251
     140      47.3978
     141      48.3046
     142      46.6631
     143      45.4583
     144      45.4432
     145      46.7182
     146      47.3204
     147      47.4900
     148      47.2579
     149      46.2184
     150      48.3478
     151      49.6543
     152      47.1484
     153      46.3559
     154      48.4482
     155      47.8976
     156      48.9835
     157      48.0884
     158      48.8629
     159      49.1875
     160      50.7209
     161      48.9976
     162      49.1448
     163      50.4141
     164      48.4768
     165      48.9762
     166      47.6848
     167      47.3823
     168      47.7526
     169      47.4697
     170      46.6071
     171      45.5193
     172      45.5947
     173      45.2123
     174      46.7765
     175      45.5334
     176      43.6561
     177      44.7894
     178      45.6228
     179      43.7388
     180      43.8522
     181      44.9115
     182      44.5851
     183      44.7482
     184      44.1917
     185      44.8674
     186      44.6711
     187      44.0492
     188      45.2599
     189      44.8094
     190      44.3154
     191      43.8925
     192      42.2514
     193      42.8028
     194      42.3788
     195      43.1561
     196      42.5250
     197      42.9110
     198      44.7274
     199      45.1248
     200      44.5651
     201      45.0173
     202      45.6030
     203      45.7071
     204      46.8514
     205      45.0001
     206      44.3769
     207      44.4456
     208      45.2216
     209      46.5783
     210      46.7338
     211      48.3262
     212      46.5770
     213      45.9640
     214      45.3811
     215      46.6114
     216      44.6757
     217      44.4591
     218      45.3432
     219      44.8198
     220      43.5910
     221      44.9218
     222      44.5639
     223      44.1758
     224      44.7912
     225      43.3355
     226      44.0367
     227      46.0327
     228      45.6343
     229      44.5749
     230      45.9218
     231      47.3410
     232      45.0984
     233      47.0500
     234      45.3792
     235      46.7452
     236      48.6737
     237      47.4059
     238      46.8929
     239      47.1811
     240      44.9429
     241      43.5538
     242      44.7156
     243      44.8232
     244      44.4513
     245      45.4027
     246      44.7069
     247      44.2935
     248      46.6670
     249      46.9786
     250      47.5685
     251      46.9516
     252      45.8356
     253      45.3019
     254      45.6508
     255      45.6237
     256      46.8375
     257      47.6377
     258      47.8774
     259      47.7580
     260      47.8832
     261      45.4682
     262      44.5760
     263      44.3766
     264      45.1100
     265      45.3393
     266      45.4415
     267      43.8274
     268      44.9270
     269      44.5423
     270      43.3494
     271      43.1137
     272      42.0939
     273      44.2648
     274      42.7132
     275      43.1260
     276      42.8994
     277      42.5146
     278      42.3945
     279      42.5698
     280      42.7794
     281      42.3225
     282      42.6763
     283      43.4103
     284      44.1771
     285      45.6599
     286      44.3686
     287      45.3556
     288      44.7148
     289      44.3270
     290      45.5768
     291      43.0365
     292      43.1054
     293      44.6233
     294      43.3166
     295      43.2788
     296      44.1766
     297      43.3759
     298      42.7410
     299      42.4988
     300      44.1441
     301      43.1148
     302      42.5135
     303      43.0105
     304      43.4405
     305      43.0085
     306      41.9305
     307      42.2649
     308      43.6204
     309      42.2153
     310      43.3273
     311      42.2555
     312      42.8082
     313      42.9218
     314      42.9356
     315      44.0722
     316      41.4789
     317      42.9416
     318      42.6099
     319      42.5998
     320      42.9114
     321      42.9515
     322      42.0556
     323      42.3891
     324      43.0056
     325      41.9402
     326      42.2532
     327      41.8897
     328      41.3547
     329      41.8426
     330      40.5265
     331      41.4178
     332      41.6581
     333      41.2563
     334      41.8568
     335      42.9889
     336      42.0399
     337      43.9795
     338      42.3788
     339      41.9016
     340      42.9969
     341      42.3106
     342      41.8118
     343      41.4683
     344      40.9194
     345      42.1811
     346      42.5318
     347      42.9809
     348      43.2173
     349      43.1502
     350      43.2216
     351      44.3415
     352      43.5060
     353      42.8148
     354      43.6621
     355      42.4040
     356      43.9607
     357      43.0930
     358      41.7390
     359      42.5936
     360      42.7410
     361      42.7742
     362      43.3157
     363      42.9958
     364      43.2711
     365      42.2858
     366      43.7753
     367      44.5350
     368      42.4990
     369      44.4396
     370      43.8370
     371      43.6312
     372      42.0319
     373      43.0938
     374      43.0936
     375      42.6411
     376      42.1056
     377      43.1572
     378      42.6427
     379      42.1659
     380      40.9796
     381      41.0228
     382      41.8595
     383      41.7635
     384      42.3422
     385      42.8257
     386      42.3305
     387      40.8120
     388      40.8651
     389      41.9090
     390      41.3449
     391      43.2085
     392      42.8571
     393      42.0420
     394      42.3745
     395      41.5396
     396      42.3596
     397      42.0109
     398      42.1697
     399      41.3151
     400      42.3014
     401      43.3303
     402      42.1425
     403      42.2688
     404      42.2855
     405      42.0350
     406      43.2266
     407      41.8131
     408      41.9752
     409      43.4310
     410      42.1772
     411      43.2155
     412      43.3818
     413      42.0799
     414      41.9503
     415      41.3508
     416      41.4990
     417      40.3067
     418      41.7681
     419      41.5424
     420      41.3283
     421      41.8681
     422      42.8495
     423      41.8463
     424      41.2240
     425      41.4959
     426      40.0817
     427      40.0343
     428      42.5011
     429      41.4026
     430      42.1188
     431      42.4775
     432      41.8105
     433      42.4313
     434      42.4932
     435      42.0153
     436      41.0297
     437      41.3041
     438      41.4756
     439      41.7053
     440      41.9235
     441      42.4070
     442      41.5566
     443      42.9197
     444      42.9517
     445      42.3712
     446      43.1563
     447      42.3941
     448      41.3384
     449      41.4011
     450      41.8474
     451      41.2584
     452      41.5914
     453      41.8441
     454      42.1761
     455      42.4602
     456      42.2916
     457      42.7335
     458      41.2631
     459      43.0198
     460      42.1892
     461      41.9691
     462      42.0061
     463      41.9289
     464      42.0413
     465      42.1074
     466      42.1029
     467      42.1107
     468      42.4718
     469      43.0257
     470      43.6262
     471      43.9741
     472      43.2898
     473      42.1027
     474      43.6923
     475      44.3838
     476      43.8482
     477      44.6018
     478      43.7776
     479      42.7168
     480      44.4318
     481      42.9982
     482      43.2068
     483      43.3246
     484      43.2156
     485      43.0213
     486      43.1590
     487      42.6654
     488      42.4525
     489      42.8625
     490      42.4055
     491      42.2791
     492      42.2124
     493      41.6728
     494      41.2084
     495      42.5085
     496      41.6671
     497      41.9589
     498      41.1880
     499      42.1344
     500      41.6168
     501      41.5964
     502      41.9701
     503      42.2576
     504      42.7313
     505      42.9135
     506      43.6571
     507      44.4086
     508      43.9257
     509      42.8211
     510      42.9059
     511      43.3068
     512      43.3630
     513      42.7477
     514      44.1338
     515      43.0486
     516      42.9834
     517      44.0854
     518      42.8504
     519      43.4833
     520      43.8477
     521      44.3108
     522      42.9244
     523      42.3467
     524      41.9168
     525      42.2405
     526      41.3627
     527      42.5457
     528      41.6474
     529      42.5293
     530      42.3489
     531      42.6890
     532      42.2547
     533      42.0330
     534      41.3947
     535      41.7254
     536      41.5155
     537      41.8514
     538      41.8423
     539      41.9054
     540      41.6905
     541      41.3383
     542      42.6354
     543      41.8079
     544      41.6861
     545      41.3854
     546      42.8372
     547      42.6859
     548      42.5044
     549      42.6851
     550      43.3925
     551      43.5663
     552      42.3875
     553      42.4265
     554      43.4592
     555      43.2458
     556      44.2596
     557      43.5589
     558      43.2627
     559      43.2570
     560      42.7470
     561      42.4116
     562      42.8380
     563      42.6412
     564      41.8353
     565      42.5717
     566      43.9021
     567      44.1487
     568      43.7333
     569      43.0514
     570      41.3849
     571      43.1261
     572      43.9697
     573      43.1873
     574      43.6448
     575      42.5373
     576      44.3158
     577      43.4360
     578      43.5338
     579      44.0476
     580      42.4618
     581      43.4651
     582      42.9896
     583      42.5604
     584      43.7837
     585      43.3095
     586      42.8232
     587      42.7829
     588      42.3127
     589      42.6261
     590      43.5030
     591      42.9786
     592      42.8373
     593      42.3587
     594      42.6325
     595      42.4935
     596      42.8543
     597      42.0172
     598      43.4607
     599      42.5925
     600      43.4256
     601      41.8573
     602      42.2409
     603      41.3195
     604      42.5280
     605      42.3979
     606      42.9928
     607      42.8366
     608      42.8982
     609      42.4956
     610      43.8038
     611      43.1189
     612      42.4448
     613      41.6541
     614      42.4429
     615      42.1672
     616      42.2840
     617      42.7398
     618      42.2594
     619      41.8145
     620      42.2443
     621      42.1517
     622      42.4008
     623      42.1694
     624      42.1975
     625      42.3611
     626      43.0948
     627      42.1294
     628      42.2824
     629      43.2627
     630      42.9167
     631      42.3913
     632      43.7678
     633      42.7618
     634      42.1483
     635      41.9106
     636      43.0599
     637      43.9356
     638      42.5545
     639      42.4085
     640      43.7458
     641      43.2850
     642      43.3920
     643      44.3062
     644      43.6119
     645      43.2049
     646      43.3271
     647      42.8389
     648      42.4871
     649      43.1868
     650      42.8651
     651      43.4974
     652      43.7120
     653      42.3678
     654      42.6546
     655      43.7303
     656      42.6059
     657      42.1901
     658      43.5453
     659      42.9898
     660      43.5018
     661      43.7814
     662      43.4324
     663      42.9309
     664      42.4533
     665      41.8828
     666      42.8542
     667      42.1647
     668      43.0462
     669      42.9596
     670      43.1595
     671      43.5590
     672      44.0177
     673      42.6959
     674      42.8539
     675      42.3293
     676      42.3568
     677      42.6811
     678      42.2202
     679      42.0548
     680      43.1582
     681      43.0598
     682      43.0616
     683      42.3454
     684      42.4110
     685      42.7313
     686      42.9628
     687      42.4347
     688      43.0599
     689      43.5227
     690      42.4374
     691      42.6366
     692      42.7797
     693      42.3852
     694      42.3317
     695      42.4135
     696      42.5354
     697      42.8267
     698      42.4418
     699      43.4016
     700      42.0703
     701      42.5434
     702      43.3460
     703      43.8930
     704      43.4499
     705      43.3168
     706      43.2312
     707      43.2613
     708      43.5743
     709      43.2922
     710      43.9500
     711      43.6409
     712      42.9524
     713      42.9891
     714      42.2400
     715      43.0214
     716      43.0808
     717      43.5869
     718      43.2982
     719      43.0013
     720      44.3781
     721      42.9988
     722      42.8027
     723      42.4281
     724      41.6472
     725      42.7928
     726      42.0676
     727      43.5921
     728      42.1052
     729      42.4449
     730      41.9862
     731      41.6941
     732      42.1949
     733      42.3820
     734      42.8575
     735      41.9024
     736      41.5022
     737      41.6162
     738      41.1485
     739      42.6375
     740      42.7469
     741      42.0036
     742      42.1247
     743      42.1894
     744      41.1047
     745      41.5738
     746      42.0002
     747      41.3672
     748      42.0201
     749      42.1002
     750      42.3836
     751      41.3442
     752      42.3336
     753      42.4416
     754      43.5754
     755      43.1752
     756      43.3428
     757      41.4452
     758      42.9654
     759      41.7509
     760      42.2235
     761      42.6156
     762      43.7605
     763      44.2299
     764      43.5935
     765      43.0403
     766      44.3548
     767      44.1116
     768      42.6059
     769      42.5916
     770      42.6069
     771      42.7270
     772      42.4109
     773      43.6481
     774      43.6785
     775      43.4220
     776      43.4972
     777      43.0049
     778      41.9339
     779      42.1078
     780      42.1753
     781      41.6245
     782      42.3513
     783      41.5942
     784      41.6838
     785      41.9805
     786      42.0067
     787      41.9523
     788      40.9388
     789      41.9307
     790      42.2138
     791      41.3772
     792      41.4269
     793      42.0139
     794      41.9182
     795      40.9566
     796      42.1838
     797      42.3174
     798      42.6298
     799      41.3291
     800      41.5148
     801      40.5940
     802      41.4121
     803      41.7908
     804      42.1294
     805      42.1898
     806      41.8829
     807      42.9165
     808      42.4505
     809      42.4100
     810      42.7339
     811      41.7596
     812      41.5338
     813      42.8151
     814      42.5098
     815      41.9360
     816      42.5205
     817      42.8053
     818      42.4478
     819      43.0495
     820      41.6367
     821      42.0457
     822      43.1276
     823      42.5630
     824      42.5730
     825      42.9929
     826      41.9170
     827      42.7550
     828      41.4712
     829      41.8645
     830      42.7872
     831      42.7440
     832      42.0612
     833      42.2227
     834      43.0299
     835      43.7622
     836      43.1792
     837      42.3901
     838      43.2520
     839      43.1238
     840      42.6407
     841      42.7944
     842      43.2091
     843      42.6310
     844      43.1172
     845      42.7310
     846      43.0715
     847      42.4411
     848      42.3106
     849      41.7459
     850      43.0073
     851      44.0141
     852      43.7430
     853      44.5517
     854      43.5305
     855      43.1900
     856      42.5711
     857      43.0265
     858      43.3901
     859      42.1389
     860      42.2169
     861      42.6002
     862      43.2504
     863      43.5343
     864      42.8988
     865      42.3917
     866      42.7411
     867      43.0871
     868      43.5733
     869      43.6494
     870      43.3786
     871      43.0514
     872      43.1347
     873      43.1498
     874      43.2506
     875      42.8285
     876      42.3118
     877      42.5065
     878      43.3780
     879      43.3247
     880      42.2897
     881      43.7162
     882      42.7670
     883      43.5805
     884      43.4844
     885      43.6951
     886      43.3110
     887      43.0719
     888      43.7522
     889      43.2956
     890      44.4958
     891      42.9937
     892      43.0573
     893      44.2960
     894      42.7262
     895      44.0403
     896      42.6531
     897      43.6209
     898      43.3592
     899      43.0468
     900      43.2993
     901      43.6174
     902      43.9778
     903      43.8172
     904      43.6116
     905      43.7134
     906      42.9892
     907      42.5558
     908      42.9384
     909      42.9400
     910      42.8778
     911      43.8897
     912      43.0722
     913      42.6490
     914      43.2353
     915      43.3635
     916      42.8877
     917      43.3535
     918      43.0553
     919      44.0092
     920      44.3459
     921      43.7717
     922      42.6002
     923      43.9110
     924      43.3370
     925      43.0683
     926      43.3275
     927      43.0647
     928      43.8592
     929      43.1036
     930      44.0558
     931      43.9914
     932      43.9609
     933      44.6315
     934      45.5128
     935      43.6290
     936      44.8141
     937      45.1225
     938      45.1055
     939      44.3255
     940      44.7940
     941      43.2477
     942      42.7798
     943      44.1754
     944      44.4796
     945      42.4864
     946      44.3206
     947      43.6253
     948      43.2616
     949      43.4988
     950      43.1332
     951      43.3360
     952      43.7887
     953      42.6945
     954      43.5564
     955      43.9857
     956      42.5314
     957      43.9735
     958      43.0685
     959      42.9306
     960      43.4384
     961      43.2186
     962      42.9207
     963      43.0990
     964      41.9918
     965      42.8143
     966      43.4674
     967      42.0705
     968      43.2199
     969      42.0672
     970      43.4969
     971      43.4321
     972      43.4378
     973      43.8069
     974      43.5023
     975      43.8086
     976      44.2118
     977      44.5052
     978      42.9579
     979      44.4728
     980      44.1261
     981      43.3176
     982      43.3260
     983      43.9639
     984      44.1643
     985      43.2230
     986      42.5376
     987      42.8331
     988      42.9619
     989      42.2996
     990      43.2698
     991      43.8322
     992      44.6788
     993      43.1113
     994      43.2253
     995      43.2928
     996      42.1461
     997      43.6662
     998      43.2207
     999      42.7049
    1000      43.1136
    1001      43.3811
    1002      42.8758
    1003      43.0627
    1004      42.5462
    1005      41.8744
    1006      42.5431
    1007      43.3592
    1008      44.4493
    1009      42.9329
    1010      42.6599
    1011      42.7708
    1012      43.3599
    1013      43.6329
    1014      43.2773
    1015      44.3246
    1016      43.9532
    1017      43.4388
    1018      44.2642
    1019      43.5751
    1020      43.5269
    1021      44.0896
    1022      43.0349
    1023      43.7597
    1024      43.1412
    1025      43.2473
    1026      43.4756
    1027      42.3396
    1028      42.7063
    1029      42.4609
    1030      42.4884
    1031      42.3960
    1032      43.4083
    1033      43.0832
    1034      42.7980
    1035      43.4193
    1036      43.3021
    1037      45.4318
    1038      45.2745
    1039      45.1854
    1040      45.1097
    1041      43.6625
    1042      43.9099
    1043      43.6323
    1044      43.9844
    1045      44.1148
    1046      43.6734
    1047      44.4472
    1048      43.9654
    1049      43.6501
    1050      43.2542
    1051      44.0022
    1052      43.2662
    1053      42.9358
    1054      43.5854
    1055      43.0455
    1056      42.8542
    1057      43.4026
    1058      42.3294
    1059      42.3903
    1060      42.5339
    1061      44.1310
    1062      43.4635
    1063      41.9884
    1064      42.3055
    1065      42.9330
    1066      42.4816
    1067      43.9262
    1068      43.3841
    1069      43.5281
    1070      43.2566
    1071      43.6345
    1072      42.8641
    1073      43.4129
    1074      43.3265
    1075      42.5872
    1076      42.3354
    1077      43.7283
    1078      43.5463
    1079      44.3573
    1080      43.6814
    1081      44.3034
    1082      42.0655
    1083      43.4000
    1084      43.8672
    1085      43.8488
    1086      42.0027
    1087      42.4836
    1088      42.9970
    1089      41.7616
    1090      42.3633
    1091      41.5679
    1092      43.0855
    1093      42.2890
    1094      42.9110
    1095      42.2378
    1096      43.2827
    1097      43.2546
    1098      41.8647
    1099      41.9068
    1100      42.2823
    1101      42.7499
    1102      43.5440
    1103      43.5783
    1104      43.4257
    1105      44.8356
    1106      44.0506
    1107      42.4003
    1108      42.6736
    1109      43.3067
    1110      43.4982
    1111      43.6492
    1112      42.7468
    1113      42.4892
    1114      42.4108
    1115      43.3835
    1116      42.4325
    1117      43.4732
    1118      43.0308
    1119      43.8262
    1120      43.3404
    1121      43.3780
    1122      42.8104
    1123      42.2589
    1124      42.2316
    1125      42.6364
    1126      42.1913
    1127      42.6867
    1128      42.2369
    1129      43.8471
    1130      43.1818
    1131      43.1773
    1132      43.4281
    1133      44.3503
    1134      42.9430
    1135      44.4600
    1136      43.0896
    1137      44.0787
    1138      43.0032
    1139      42.8591
    1140      43.3274
    1141      42.7193
    1142      43.1397
    1143      42.5289
    1144      41.9930
    1145      42.4823
    1146      41.7672
    1147      42.8438
    1148      41.6292
    1149      42.0921
    1150      43.2671
    1151      43.1321
    1152      42.9634
    1153      42.9653
    1154      42.0303
    1155      42.1044
    1156      41.4859
    1157      43.2972
    1158      42.4733
    1159      41.7758
    1160      41.4108
    1161      42.7076
    1162      42.1382
    1163      41.3101
    1164      42.4349
    1165      42.3487
    1166      42.4096
    1167      42.2262
    1168      42.4859
    1169      42.6277
    1170      42.6269
    1171      43.2241
    1172      43.0379
    1173      42.7050
    1174      44.4113
    1175      43.4609
    1176      42.1570
    1177      42.2449
    1178      42.2304
    1179      43.1743
    1180      43.6524
    1181      43.6997
    1182      44.2554
    1183      42.4731
    1184      42.9395
    1185      42.7248
    1186      42.9670
    1187      43.9657
    1188      42.9679
    1189      43.6897
    1190      44.4427
    1191      42.9939
    1192      43.1434
    1193      43.0313
    1194      42.7735
    1195      43.9523
    1196      43.5102
    1197      43.1876
    1198      42.7334
    1199      43.1362
    1200      44.0357
    1201      42.4648
    1202      42.3856
    1203      42.5253
    1204      42.5144
    1205      43.2247
    1206      44.0647
    1207      44.2896
    1208      43.8073
    1209      43.9655
    1210      43.9831
    1211      43.9402
    1212      44.1975
    1213      43.0767
    1214      43.6387
    1215      42.6608
    1216      43.8663
    1217      43.8710
    1218      42.6010
    1219      42.1448
    1220      42.6909
    1221      42.2248
    1222      42.6253
    1223      42.3877
    1224      43.0255
    1225      42.6963
    1226      43.5491
    1227      42.7892
    1228      42.7580
    1229      44.0072
    1230      43.3989
    1231      42.1673
    1232      44.0348
    1233      43.2671
    1234      42.9067
    1235      41.8412
    1236      42.3156
    1237      41.6638
    1238      42.1708
    1239      41.8241
    1240      42.2234
    1241      42.5904
    1242      42.8010
    1243      42.6420
    1244      42.9036
    1245      42.1404
    1246      41.3414
    1247      42.0623
    1248      41.7874
    1249      41.8675
    1250      41.3660
    1251      40.5202
    1252      41.1342
    1253      40.1323
    1254      41.1892
    1255      40.9967
    1256      40.9604
    1257      41.0289
    1258      41.9820
    1259      42.2623
    1260      42.3659
    1261      42.0595
    1262      42.6962
    1263      41.5230
    1264      41.9202
    1265      41.4372
    1266      42.4262
    1267      42.1113
    1268      40.5470
    1269      41.5780
    1270      41.5854
    1271      41.3521
    1272      41.1848
    1273      42.5652
    1274      42.9900
    1275      43.1714
    1276      41.7588
    1277      42.7282
    1278      42.9490
    1279      41.6780
    1280      42.7747
    1281      42.7822
    1282      43.1598
    1283      42.4376
    1284      44.0431
    1285      42.3789
    1286      43.1400
    1287      43.9588
    1288      42.8579
    1289      42.0891
    1290      41.2353
    1291      42.0630
    1292      42.0778
    1293      42.2817
    1294      42.3347
    1295      42.3503
    1296      43.0288
    1297      43.1758
    1298      43.0664
    1299      43.3447
    1300      42.8651
    1301      42.9503
    1302      43.2295
    1303      43.9937
    1304      43.5752
    1305      43.7567
    1306      43.3671
    1307      42.8332
    1308      42.9536
    1309      44.4446
    1310      41.8500
    1311      41.3547
    1312      42.7150
    1313      43.8091
    1314      42.6759
    1315      42.0852
    1316      42.9865
    1317      42.6457
    1318      41.8644
    1319      43.8362
    1320      43.7813
    1321      43.3469
    1322      42.8581
    1323      43.6534
    1324      43.7920
    1325      42.7086
    1326      42.3444
    1327      43.8302
    1328      43.3847
    1329      44.3410
    1330      43.2430
    1331      42.7270
    1332      42.5950
    1333      42.4769
    1334      43.2578
    1335      43.1181
    1336      43.0563
    1337      42.6616
    1338      42.9587
    1339      42.8429
    1340      43.6819
    1341      43.3111
    1342      43.6615
    1343      44.0825
    1344      43.7693
    1345      42.7394
    1346      43.7115
    1347      43.1535
    1348      42.9960
    1349      43.0131
    1350      42.8230
    1351      43.0727
    1352      43.7973
    1353      42.9546
    1354      43.0844
    1355      42.7688
    1356      43.0703
    1357      42.7667
    1358      42.1551
    1359      42.6757
    1360      43.2461
    1361      42.5675
    1362      44.0224
    1363      44.5441
    1364      44.1606
    1365      43.5189
    1366      43.7955
    1367      43.9939
    1368      43.7905
    1369      43.5497
    1370      43.6943
    1371      42.5944
    1372      43.3256
    1373      44.6252
    1374      43.7111
    1375      43.9188
    1376      44.3892
    1377      44.0463
    1378      43.5289
    1379      42.8221
    1380      44.2876
    1381      43.7510
    1382      43.7554
    1383      43.9851
    1384      44.0476
    1385      43.7492
    1386      44.6853
    1387      44.8499
    1388      44.1352
    1389      42.8554
    1390      43.9990
    1391      44.0430
    1392      42.9230
    1393      43.4324
    1394      43.5940
    1395      44.4233
    1396      43.4648
    1397      43.7472
    1398      42.5776
    1399      43.1945
    1400      43.6058
    1401      43.3773
    1402      43.6809
    1403      42.7246
    1404      43.4946
    1405      43.6767
    1406      43.1350
    1407      43.6225
    1408      42.9615
    1409      43.4034
    1410      43.2730
    1411      42.8847
    1412      41.7234
    1413      42.4631
    1414      42.9701
    1415      43.0873
    1416      42.1271
    1417      42.9581
    1418      43.9947
    1419      43.1579
    1420      42.7051
    1421      42.4768
    1422      42.2832
    1423      42.9440
    1424      42.0832
    1425      43.2177
    1426      43.9717
    1427      43.4647
    1428      43.1842
    1429      41.8544
    1430      43.7758
    1431      44.3373
    1432      43.0953
    1433      43.7991
    1434      43.4432
    1435      43.3460
    1436      43.4538
    1437      43.2140
    1438      42.2138
    1439      42.7101
    1440      42.4127
    1441      42.8362
    1442      43.2505
    1443      42.5360
    1444      43.1198
    1445      43.3504
    1446      43.5110
    1447      43.1274
    1448      43.4312
    1449      43.3629
    1450      43.8000
    1451      42.2868
    1452      42.1137
    1453      42.3259
    1454      42.6858
    1455      42.9230
    1456      43.2399
    1457      42.9061
    1458      42.8814
    1459      42.2391
    1460      42.1980
    1461      42.4375
    1462      42.3444
    1463      42.7929
    1464      42.2034
    1465      42.9101
    1466      43.4948
    1467      43.2314
    1468      43.4047
    1469      43.0379
    1470      43.4220
    1471      41.6615
    1472      43.0477
    1473      42.6474
    1474      42.0471
    1475      43.1795
    1476      43.0983
    1477      42.3648
    1478      43.1990
    1479      42.8182
    1480      43.9556
    1481      43.9702
    1482      44.0100
    1483      44.0321
    1484      43.3227
    1485      42.0885
    1486      42.7882
    1487      41.9675
    1488      42.5745
    1489      42.4859
    1490      41.7501
    1491      42.6908
    1492      43.5065
    1493      42.5750
    1494      43.0637
    1495      42.0686
    1496      43.0191
    1497      43.2219
    1498      43.0152
    1499      42.4027
    1500      43.0987
    1501      42.8556
    1502      42.6984
    1503      43.2292
    1504      44.1767
    1505      43.2507
    1506      43.4334
    1507      43.4054
    1508      43.1380
    1509      43.2696
    1510      43.1016
    1511      43.4721
    1512      43.1755
    1513      42.5410
    1514      42.7011
    1515      43.0958
    1516      43.1518
    1517      42.9736
    1518      43.2027
    1519      42.7154
    1520      42.5821
    1521      42.0423
    1522      43.4736
    1523      43.6355
    1524      43.0762
    1525      42.6592
    1526      42.2305
    1527      43.0987
    1528      42.0793
    1529      42.7781
    1530      42.2908
    1531      41.8622
    1532      42.1334
    1533      43.6636
    1534      43.2185
    1535      43.1650
    1536      43.2755
    1537      43.7294
    1538      41.8264
    1539      42.4085
    1540      42.9566
    1541      42.8146
    1542      42.0029
    1543      42.3560
    1544      42.4880
    1545      42.6258
    1546      43.5554
    1547      43.6198
    1548      42.2918
    1549      42.6227
    1550      42.4584
    1551      42.7714
    1552      42.7212
    1553      42.7230
    1554      41.9225
    1555      42.0520
    1556      41.9431
    1557      42.3763
    1558      42.5294
    1559      42.5332
    1560      43.0311
    1561      42.9105
    1562      43.7216
    1563      42.9701
    1564      42.8868
    1565      42.4735
    1566      42.3144
    1567      42.3681
    1568      42.6467
    1569      43.1720
    1570      42.3348
    1571      41.7033
    1572      42.1076
    1573      41.2652
    1574      42.4126
    1575      41.7632
    1576      41.1329
    1577      41.7046
    1578      42.2960
    1579      42.1959
    1580      42.0621
    1581      41.3568
    1582      41.6644
    1583      42.0473
    1584      42.0852
    1585      41.9624
    1586      41.8377
    1587      42.1313
    1588      42.6787
    1589      42.4400
    1590      42.2173
    1591      42.4843
    1592      42.5991
    1593      42.7114
    1594      42.0215
    1595      41.4937
    1596      41.9236
    1597      42.6231
    1598      41.6049
    1599      41.7521
    1600      41.6550
    1601      41.4874
    1602      42.3391
    1603      42.5737
    1604      43.3229
    1605      43.8929
    1606      43.9637
    1607      43.5310
    1608      43.2520
    1609      43.4935
    1610      42.8407
    1611      42.6243
    1612      43.6157
    1613      44.0421
    1614      43.1731
    1615      42.5129
    1616      42.5264
    1617      41.9976
    1618      43.5039
    1619      42.7638
    1620      43.0476
    1621      43.0272
    1622      43.2393
    1623      43.0096
    1624      42.3093
    1625      43.2395
    1626      42.6945
    1627      42.8823
    1628      43.2410
    1629      42.9645
    1630      43.2796
    1631      42.6842
    1632      43.4171
    1633      42.7914
    1634      43.7509
    1635      42.9075
    1636      42.1746
    1637      43.5531
    1638      42.4795
    1639      42.3310
    1640      42.8579
    1641      41.3810
    1642      43.0935
    1643      41.8218
    1644      42.1206
    1645      42.3423
    1646      41.8229
    1647      41.4483
    1648      42.8733
    1649      41.8832
    1650      42.3677
    1651      42.7652
    1652      41.1280
    1653      42.0035
    1654      42.3395
    1655      42.7290
    1656      42.0998
    1657      43.0211
    1658      42.5470
    1659      41.8264
    1660      42.4610
    1661      42.9312
    1662      42.7724
    1663      43.1677
    1664      43.0738
    1665      42.4807
    1666      43.7315
    1667      42.2314
    1668      43.4615
    1669      44.1619
    1670      43.9046
    1671      42.9804
    1672      42.7118
    1673      41.6259
    1674      42.1891
    1675      43.1631
    1676      43.1491
    1677      42.0722
    1678      41.9578
    1679      42.3029
    1680      42.2978
    1681      42.2633
    1682      43.2240
    1683      42.7160
    1684      42.7550
    1685      42.6079
    1686      41.8552
    1687      42.3744
    1688      41.8864
    1689      41.6512
    1690      42.9148
    1691      41.8447
    1692      42.6239
    1693      42.7529
    1694      43.2879
    1695      42.8644
    1696      42.8919
    1697      43.8474
    1698      43.6461
    1699      43.4026
    1700      42.5802
    1701      42.9171
    1702      44.4765
    1703      44.0872
    1704      43.7092
    1705      42.5604
    1706      43.0848
    1707      43.4395
    1708      42.6122
    1709      42.3148
    1710      43.5972
    1711      43.3491
    1712      44.4250
    1713      44.1403
    1714      44.6079
    1715      43.7651
    1716      44.2418
    1717      43.2376
    1718      43.4808
    1719      43.8994
    1720      43.1403
    1721      43.2096
    1722      42.5583
    1723      43.1209
    1724      42.9908
    1725      43.4253
    1726      44.1367
    1727      43.0335
    1728      43.7899
    1729      43.7118
    1730      43.8136
    1731      43.6696
    1732      44.3066
    1733      44.1596
    1734      44.2423
    1735      43.6092
    1736      44.3164
    1737      43.8668
    1738      44.7185
    1739      44.4849
    1740      44.2815
    1741      44.3657
    1742      44.4326
    1743      45.0035
    1744      44.9872
    1745      44.0907
    1746      44.0706
    1747      43.5811
    1748      44.4576
    1749      44.4651
    1750      45.1557
    1751      45.1262
    1752      43.5602
    1753      45.2847
    1754      43.3632
    1755      44.7252
    1756      44.3906
    1757      43.8158
    1758      45.0914
    1759      43.2037
    1760      43.7171
    1761      43.7091
    1762      43.5317
    1763      42.5131
    1764      44.7265
    1765      43.6182
    1766      44.2937
    1767      42.5241
    1768      42.9802
    1769      43.7949
    1770      43.3025
    1771      43.5334
    1772      44.8658
    1773      43.5851
    1774      44.1338
    1775      44.2577
    1776      43.1848
    1777      44.0434
    1778      43.4029
    1779      43.0453
    1780      44.2395
    1781      44.2396
    1782      44.2159
    1783      44.0553
    1784      42.8807
    1785      44.3984
    1786      43.8054
    1787      43.8318
    1788      43.4863
    1789      43.1930
    1790      43.3586
    1791      43.8877
    1792      43.3919
    1793      43.2886
    1794      43.4968
    1795      43.9548
    1796      43.7683
    1797      44.6946
    1798      43.6438
    1799      43.6893
    1800      43.8828
    1801      43.9251
    1802      43.7869
    1803      43.1196
    1804      43.6168
    1805      44.3570
    1806      42.7428
    1807      44.1708
    1808      43.8125
    1809      43.0060
    1810      43.2588
    1811      44.2405
    1812      44.0302
    1813      43.7668
    1814      44.2354
    1815      44.4626
    1816      43.1125
    1817      43.3387
    1818      42.7804
    1819      44.1306
    1820      43.6724
    1821      44.1344
    1822      43.8661
    1823      44.4829
    1824      44.4382
    1825      43.9427
    1826      45.7690
    1827      43.7621
    1828      45.3091
    1829      44.0596
    1830      44.2787
    1831      44.3189
    1832      43.5595
    1833      44.1063
    1834      43.3832
    1835      43.5343
    1836      44.3043
    1837      44.6654
    1838      45.0577
    1839      44.7158
    1840      44.0254
    1841      44.6004
    1842      44.3402
    1843      43.8367
    1844      44.2106
    1845      44.7265
    1846      44.1326
    1847      44.0256
    1848      44.2613
    1849      44.3671
    1850      44.4898
    1851      42.9700
    1852      43.0806
    1853      43.7575
    1854      43.7398
    1855      44.5055
    1856      44.0635
    1857      42.9512
    1858      43.4843
    1859      44.1240
    1860      43.6482
    1861      44.0582
    1862      43.3507
    1863      43.2863
    1864      43.2514
    1865      43.6893
    1866      43.4150
    1867      44.0700
    1868      44.4257
    1869      44.5848
    1870      44.0601
    1871      43.7299
    1872      43.6277
    1873      43.3247
    1874      44.6921
    1875      44.0293
    1876      44.1715
    1877      43.8066
    1878      45.0991
    1879      44.5832
    1880      43.4342
    1881      43.4462
    1882      43.3619
    1883      44.5112
    1884      44.3980
    1885      43.9572
    1886      43.7337
    1887      43.7293
    1888      44.0591
    1889      44.4347
    1890      44.2081
    1891      43.8961
    1892      43.5161
    1893      45.5065
    1894      43.8334
    1895      44.4697
    1896      43.8540
    1897      43.2807
    1898      43.6525
    1899      43.5447
    1900      42.4374
    1901      44.1862
    1902      44.7825
    1903      44.3755
    1904      45.1744
    1905      45.0002
    1906      44.2331
    1907      44.6272
    1908      43.8013
    1909      44.7191
    1910      43.5717
    1911      44.1319
    1912      44.6083
    1913      44.5054
    1914      44.1270
    1915      44.0119
    1916      43.5904
    1917      44.4083
    1918      44.0957
    1919      44.8538
    1920      44.6133
    1921      44.2347
    1922      44.0360
    1923      43.9263
    1924      43.4634
    1925      44.2483
    1926      43.7180
    1927      43.7988
    1928      43.3805
    1929      43.4282
    1930      44.5232
    1931      43.6942
    1932      42.6767
    1933      43.7420
    1934      45.1632
    1935      43.0085
    1936      44.0493
    1937      44.6476
    1938      44.4956
    1939      44.6763
    1940      44.3373
    1941      44.3051
    1942      44.1866
    1943      43.8519
    1944      45.0943
    1945      45.5645
    1946      44.0846
    1947      44.0453
    1948      43.0921
    1949      43.5129
    1950      43.4272
    1951      43.1161
    1952      42.6814
    1953      43.6692
    1954      43.3255
    1955      43.5355
    1956      43.1676
    1957      41.9139
    1958      43.0287
    1959      43.8893
    1960      44.5132
    1961      43.5978
    1962      43.1070
    1963      43.7659
    1964      43.9509
    1965      43.8709
    1966      44.6633
    1967      45.3707
    1968      44.6770
    1969      44.6764
    1970      43.2906
    1971      43.1409
    1972      42.7127
    1973      43.7451
    1974      44.0886
    1975      44.1710
    1976      44.7883
    1977      43.9575
    1978      43.5162
    1979      43.7146
    1980      43.4072
    1981      42.0290
    1982      42.7262
    1983      43.0731
    1984      43.0590
    1985      43.2595
    1986      43.6522
    1987      43.2266
    1988      43.8289
    1989      43.5596
    1990      43.1492
    1991      42.9733
    1992      44.3600
    1993      44.2787
    1994      44.0719
    1995      42.6017
    1996      43.0434
    1997      42.2622
    1998      42.6006
    1999      42.4639
    2000      43.0503
