#Frame     end-to-end
       1      36.9538
       2      34.1071
       3      36.3633
       4      35.7415
       5      36.3458
       6      36.7794
       7      36.4420
       8      35.2386
       9      35.9184
      10      35.1534
      11      35.3107
      12      34.9892
      13      34.2670
      14      33.5786
      15      35.9342
      16      34.4046
      17      34.6119
      18      34.2897
      19      35.2601
      20      33.2291
      21      35.9877
      22      32.8876
      23      34.1694
      24      34.9222
      25      34.5080
      26      34.4828
      27      33.8218
      28      33.8650
      29      35.0808
      30      37.9882
      31      36.7203
      32      37.3309
      33      37.5803
      34      33.9217
      35      35.3039
      36      35.3943
      37      36.6498
      38      34.3220
      39      34.9545
      40      36.7858
      41      35.0658
      42      33.1220
      43      35.1395
      44      35.6341
      45      36.2430
      46      35.0648
      47      35.7136
      48      35.7854
      49      36.4470
      50      35.2201
      51      33.9390
      52      36.7950
      53      36.4368
      54      33.9649
      55      36.1229
      56      34.9349
      57      35.0973
      58      36.0231
      59      35.6747
      60      34.8087
      61      34.7781
      62      35.3514
      63      34.7581
      64      34.7873
      65      34.2352
      66      32.5571
      67      34.7653
      68      34.9248
      69      37.2211
      70      37.8261
      71      37.5836
      72      35.9820
      73      36.8836
      74      36.9149
      75      34.5448
      76      33.0274
      77      32.1177
      78      31.1958
      79      31.8221
      80      32.1537
      81      32.8247
      82      31.9266
      83      32.5367
      84      33.6304
      85      33.5432
      86      33.3068
      87      34.1796
      88      34.7854
      89      31.8257
      90      34.3068
      91      33.0730
      92      33.4411
      93      33.0357
      94      33.8287
      95      32.9015
      96      32.2615
      97      33.1005
      98      32.2477
      99      31.6004
     100      32.4868
     101      31.2453
     102      31.4509
     103      33.2162
     104      32.5831
     105      33.1675
     106      32.9887
     107      33.7374
     108      32.9208
     109      34.4084
     110      33.3738
     111      33.7971
     112      33.5254
     113      34.3102
     114      33.6642
     115      33.8303
     116      33.8766
     117      34.7591
     118      35.3038
     119      35.4561
     120      34.9794
     121      32.2642
     122      35.4273
     123      35.2262
     124      35.3406
     125      33.3409
     126      33.3487
     127      35.8481
     128      33.0207
     129      34.8063
     130      32.4792
     131      34.5582
     132      32.5045
     133      35.5146
     134      35.3165
     135      35.5974
     136      34.7703
     137      35.6692
     138      37.4680
     139      36.5698
     140      37.7564
     141      34.7289
     142      35.8724
     143      36.0222
     144      35.9276
     145      34.3010
     146      37.2222
     147      35.1034
     148      34.7060
     149      36.3443
     150      37.3288
     151      36.5298
     152      35.6148
     153      34.9057
     154      34.3834
     155      33.1994
     156      36.2659
     157      35.7311
     158      38.7255
     159      35.4932
     160      36.5026
     161      36.9093
     162      36.0195
     163      37.7306
     164      36.3679
     165      35.5310
     166      36.7887
     167      36.8560
     168      37.7162
     169      36.9323
     170      37.5119
     171      37.1032
     172      36.4966
     173      37.3554
     174      37.5125
     175      36.3250
     176      36.7637
     177      37.9549
     178      40.3791
     179      37.8193
     180      36.6614
     181      37.0644
     182      36.1420
     183      36.9607
     184      36.2549
     185      37.6021
     186      39.1594
     187      39.0151
     188      35.8281
     189      36.8572
     190      35.7254
     191      34.3486
     192      34.4316
     193      36.1912
     194      37.0229
     195      35.1595
     196      35.0077
     197      34.7813
     198      36.0622
     199      37.1072
     200      33.5238
     201      34.3708
     202      34.2837
     203      35.4988
     204      36.5011
     205      34.9041
     206      36.9706
     207      37.7444
     208      36.0513
     209      37.5842
     210      36.0999
     211      37.5795
     212      36.1648
     213      34.9989
     214      34.7297
     215      34.6687
     216      37.3650
     217      35.8815
     218      37.7428
     219      37.2031
     220      38.4377
     221      35.5035
     222      37.7631
     223      36.9530
     224      37.2223
     225      37.2914
     226      36.4618
     227      38.5631
     228      35.8226
     229      36.2993
     230      35.8674
     231      36.7422
     232      37.9200
     233      36.1828
     234      36.2254
     235      36.5486
     236      34.4823
     237      34.5977
     238      35.9603
     239      35.3497
     240      36.8036
     241      37.1880
     242      36.4015
     243      36.6012
     244      35.4448
     245      37.3963
     246      37.8933
     247      36.7724
     248      36.7699
     249      36.7517
     250      35.2641
     251      35.8557
     252      36.2281
     253      37.0515
     254      37.6228
     255      34.6001
     256      33.5119
     257      36.7429
     258      34.7488
     259      39.4093
     260      38.8255
     261      36.9517
     262      36.8155
     263      38.4199
     264      40.6419
     265      39.8734
     266      39.1134
     267      39.7084
     268      38.9933
     269      37.2905
     270      39.1350
     271      37.6862
     272      36.7438
     273      39.0778
     274      37.7389
     275      36.4504
     276      34.9515
     277      35.0655
     278      32.5869
     279      38.2160
     280      37.6763
     281      36.2285
     282      36.3933
     283      37.7923
     284      38.7300
     285      38.9191
     286      38.8473
     287      39.0656
     288      38.6751
     289      39.5411
     290      38.8408
     291      39.4168
     292      38.3256
     293      36.1681
     294      38.4881
     295      37.7573
     296      39.0466
     297      37.2769
     298      36.5417
     299      37.1749
     300      37.3038
     301      35.8781
     302      37.9286
     303      35.6155
     304      36.5690
     305      36.7824
     306      36.8578
     307      37.7095
     308      36.8188
     309      35.0020
     310      39.0267
     311      38.5793
     312      37.2887
     313      37.2425
     314      36.8279
     315      38.0647
     316      38.1660
     317      38.6096
     318      38.3119
     319      36.5705
     320      37.9211
     321      38.1827
     322      36.3264
     323      38.5019
     324      36.1560
     325      35.8670
     326      38.5511
     327      37.8898
     328      35.8568
     329      39.4240
     330      35.9596
     331      34.7415
     332      38.6372
     333      39.2898
     334      39.8720
     335      39.7867
     336      36.6576
     337      38.9225
     338      40.1219
     339      38.6712
     340      40.5384
     341      40.6980
     342      42.1256
     343      40.7837
     344      41.6168
     345      41.1777
     346      38.5960
     347      38.8195
     348      43.4578
     349      42.1190
     350      44.8724
     351      42.9796
     352      44.3166
     353      43.0207
     354      43.9977
     355      47.0613
     356      43.3564
     357      45.3028
     358      42.3356
     359      40.8007
     360      40.2498
     361      40.7708
     362      42.3095
     363      43.3821
     364      41.6962
     365      36.8782
     366      37.4156
     367      36.9323
     368      37.8629
     369      39.2996
     370      37.2325
     371      37.7659
     372      38.3186
     373      38.0483
     374      36.7668
     375      35.4383
     376      38.8096
     377      36.1692
     378      37.7378
     379      38.3766
     380      39.4515
     381      37.9865
     382      36.5968
     383      37.3538
     384      36.2656
     385      38.7880
     386      36.6488
     387      37.3849
     388      39.5535
     389      36.3062
     390      35.9108
     391      40.1034
     392      38.0914
     393      37.5661
     394      38.0751
     395      38.6991
     396      39.2810
     397      38.6177
     398      36.5030
     399      39.3683
     400      37.3985
     401      39.2579
     402      37.8790
     403      36.3521
     404      36.0314
     405      37.2830
     406      37.0502
     407      36.9067
     408      37.5097
     409      38.1380
     410      34.8754
     411      33.9671
     412      34.1865
     413      36.0404
     414      36.5867
     415      35.7678
     416      39.1956
     417      37.3977
     418      37.6027
     419      39.0372
     420      37.8613
     421      38.0229
     422      39.8595
     423      36.5371
     424      35.9962
     425      36.1057
     426      37.3123
     427      36.9665
     428      37.4537
     429      36.5921
     430      36.7633
     431      36.5712
     432      38.0586
     433      37.9318
     434      35.5919
     435      35.5988
     436      38.4628
     437      36.9079
     438      36.9113
     439      36.0090
     440      35.7629
     441      34.7167
     442      35.9236
     443      34.1722
     444      35.5064
     445      35.8460
     446      38.0151
     447      36.0905
     448      36.0089
     449      36.0643
     450      37.7593
     451      36.9690
     452      37.0136
     453      36.4731
     454      37.6986
     455      37.6302
     456      35.6049
     457      36.9148
     458      36.3283
     459      34.8814
     460      37.6003
     461      35.9969
     462      35.8404
     463      35.4661
     464      36.5386
     465      37.6440
     466      38.3239
     467      35.6484
     468      36.2600
     469      37.3196
     470      36.1101
     471      34.3983
     472      36.3620
     473      34.2177
     474      34.2091
     475      38.0114
     476      35.6951
     477      35.7426
     478      37.0863
     479      37.0929
     480      37.2388
     481      37.4675
     482      35.9479
     483      37.0741
     484      36.8670
     485      37.0863
     486      36.8112
     487      39.0546
     488      36.8748
     489      38.1000
     490      35.6835
     491      37.3863
     492      37.2807
     493      36.5551
     494      39.1379
     495      36.5468
     496      36.5603
     497      39.0348
     498      38.2266
     499      36.8238
     500      36.9285
     501      37.7012
     502      37.0512
     503      35.9330
     504      36.3671
     505      36.3892
     506      36.8405
     507      38.3278
     508      37.7404
     509      37.6402
     510      37.9205
     511      38.9030
     512      38.3324
     513      38.7627
     514      38.0331
     515      37.5796
     516      35.6889
     517      36.4521
     518      38.9282
     519      35.9988
     520      38.8371
     521      36.6746
     522      39.5847
     523      37.8222
     524      36.3617
     525      37.3833
     526      37.0832
     527      39.4508
     528      37.6428
     529      38.7023
     530      36.5154
     531      37.1602
     532      37.5058
     533      35.5152
     534      38.7099
     535      38.8765
     536      36.5272
     537      36.3066
     538      38.0769
     539      38.5251
     540      35.6223
     541      36.3177
     542      38.3316
     543      38.2250
     544      37.3330
     545      37.7735
     546      36.5199
     547      35.8888
     548      38.0462
     549      35.1256
     550      37.2998
     551      36.7918
     552      37.4458
     553      37.2351
     554      36.8553
     555      35.8898
     556      35.0327
     557      37.2856
     558      35.9219
     559      37.0126
     560      37.1457
     561      37.5176
     562      35.7674
     563      34.7341
     564      36.8373
     565      36.2832
     566      37.0580
     567      35.1092
     568      33.6605
     569      36.6176
     570      39.0414
     571      36.7463
     572      39.4750
     573      38.3834
     574      37.4514
     575      34.2453
     576      35.8362
     577      36.0769
     578      36.7725
     579      35.7232
     580      38.5245
     581      37.0868
     582      36.7411
     583      37.5593
     584      37.0313
     585      34.5808
     586      34.9821
     587      36.8252
     588      36.0838
     589      36.9981
     590      36.4623
     591      37.7891
     592      34.7300
     593      36.9720
     594      37.2396
     595      38.1707
     596      36.1570
     597      37.8223
     598      37.8930
     599      37.7261
     600      38.4951
     601      38.7368
     602      40.2876
     603      41.4851
     604      36.8464
     605      37.2814
     606      36.4314
     607      36.0946
     608      36.2890
     609      35.9472
     610      35.2760
     611      35.6281
     612      36.4795
     613      36.0444
     614      34.5069
     615      36.8508
     616      36.9342
     617      36.3325
     618      38.4973
     619      37.6062
     620      37.8525
     621      39.4413
     622      39.0593
     623      37.7623
     624      38.1642
     625      36.9880
     626      37.2919
     627      37.7160
     628      36.8071
     629      37.2226
     630      37.2999
     631      38.1832
     632      39.3274
     633      39.6090
     634      38.6866
     635      38.2946
     636      37.9943
     637      40.6471
     638      38.5881
     639      38.8068
     640      38.8298
     641      37.7169
     642      38.4117
     643      37.3759
     644      37.3481
     645      38.8382
     646      40.5047
     647      38.2909
     648      39.5676
     649      40.3031
     650      36.6608
     651      38.9267
     652      37.6248
     653      38.5727
     654      38.5547
     655      40.0950
     656      37.1723
     657      38.1268
     658      36.6252
     659      38.3731
     660      36.0387
     661      35.5705
     662      36.6484
     663      38.6470
     664      35.2856
     665      38.4202
     666      35.8962
     667      41.6541
     668      40.4084
     669      40.2945
     670      38.6555
     671      39.2893
     672      36.4754
     673      36.7412
     674      37.6164
     675      36.5473
     676      36.7495
     677      37.6565
     678      39.2284
     679      39.0290
     680      38.1499
     681      37.9961
     682      37.5229
     683      38.5594
     684      38.3496
     685      39.0721
     686      37.5825
     687      36.2519
     688      36.6724
     689      38.4179
     690      36.3338
     691      38.0256
     692      37.7757
     693      35.6800
     694      35.9642
     695      36.9120
     696      38.4965
     697      38.3424
     698      37.4968
     699      35.5718
     700      36.5144
     701      36.8933
     702      36.5706
     703      38.7308
     704      36.9336
     705      39.0602
     706      36.3179
     707      39.6718
     708      41.9501
     709      42.1945
     710      39.9731
     711      42.8789
     712      41.7416
     713      41.4836
     714      41.2896
     715      39.8833
     716      39.6100
     717      38.5567
     718      37.8310
     719      40.0395
     720      39.5339
     721      39.7454
     722      38.3514
     723      38.9288
     724      37.6574
     725      39.0784
     726      40.9573
     727      42.9507
     728      43.9177
     729      44.4843
     730      41.6498
     731      41.9785
     732      39.6108
     733      38.3772
     734      37.9590
     735      41.4509
     736      43.4781
     737      41.8145
     738      39.0775
     739      39.4869
     740      40.5480
     741      39.8811
     742      40.0581
     743      41.5641
     744      40.9766
     745      40.2595
     746      42.9072
     747      40.4047
     748      40.1108
     749      40.5228
     750      38.8270
     751      41.0652
     752      37.2586
     753      39.6044
     754      40.9640
     755      40.8576
     756      41.1507
     757      39.2930
     758      39.1520
     759      40.3025
     760      43.0407
     761      42.4561
     762      41.7649
     763      42.3502
     764      40.7149
     765      38.2973
     766      42.1329
     767      38.5945
     768      36.9991
     769      38.7091
     770      39.3037
     771      37.8636
     772      38.3682
     773      38.3746
     774      35.1580
     775      38.0887
     776      38.9609
     777      37.7905
     778      37.0003
     779      37.9533
     780      39.3361
     781      37.3044
     782      36.9027
     783      39.2866
     784      37.7212
     785      38.7859
     786      38.2823
     787      38.5726
     788      40.1159
     789      37.2648
     790      38.5883
     791      37.4318
     792      38.4618
     793      35.8445
     794      36.8363
     795      35.7944
     796      37.3743
     797      36.5948
     798      35.7024
     799      37.8743
     800      36.5451
     801      39.3482
     802      37.4416
     803      36.3781
     804      38.3210
     805      36.9779
     806      37.6219
     807      36.7389
     808      37.7963
     809      37.0712
     810      37.8063
     811      39.3910
     812      37.1820
     813      37.2866
     814      37.4814
     815      36.3094
     816      36.1368
     817      35.9983
     818      34.6540
     819      36.9060
     820      36.6805
     821      37.5287
     822      35.8019
     823      36.2040
     824      36.6489
     825      35.3894
     826      36.1198
     827      38.1649
     828      37.9621
     829      38.9547
     830      37.4381
     831      38.0307
     832      38.1292
     833      37.8966
     834      37.5771
     835      38.3163
     836      37.0601
     837      36.8164
     838      36.2891
     839      36.4988
     840      36.5608
     841      36.7995
     842      37.7899
     843      37.0197
     844      37.7753
     845      36.5010
     846      37.8613
     847      36.8155
     848      36.7425
     849      37.1028
     850      37.9343
     851      35.1453
     852      36.9758
     853      35.7230
     854      37.2496
     855      37.0922
     856      37.1170
     857      36.6420
     858      36.0320
     859      36.7923
     860      35.5017
     861      35.7227
     862      35.2483
     863      36.3337
     864      36.6992
     865      37.1975
     866      37.9584
     867      37.1104
     868      37.9032
     869      38.0549
     870      37.6543
     871      37.8926
     872      39.1526
     873      37.8250
     874      37.5388
     875      37.7274
     876      38.1991
     877      38.2806
     878      35.5294
     879      36.6967
     880      38.0670
     881      38.2134
     882      37.4374
     883      38.3803
     884      38.7057
     885      39.0066
     886      38.2355
     887      38.3976
     888      36.4517
     889      37.8735
     890      37.6928
     891      38.4143
     892      37.8595
     893      36.4613
     894      38.5297
     895      38.5739
     896      37.5701
     897      36.7978
     898      39.2178
     899      39.3789
     900      37.8042
     901      37.9627
     902      37.9674
     903      37.4132
     904      38.4024
     905      38.2696
     906      38.7419
     907      37.3376
     908      38.3701
     909      38.4432
     910      38.9160
     911      36.7650
     912      39.5821
     913      39.7152
     914      39.6609
     915      38.7002
     916      39.2661
     917      36.7080
     918      37.0344
     919      36.5175
     920      35.6559
     921      36.7299
     922      34.5521
     923      35.7883
     924      36.5810
     925      37.7187
     926      37.2971
     927      35.7727
     928      36.1167
     929      36.3370
     930      37.4216
     931      36.2312
     932      36.9582
     933      36.5437
     934      35.9538
     935      34.5169
     936      36.3960
     937      34.9332
     938      35.5006
     939      34.9390
     940      35.0372
     941      35.0502
     942      33.8598
     943      35.5198
     944      35.1654
     945      35.6264
     946      33.5234
     947      35.6630
     948      35.0480
     949      35.6919
     950      35.8739
     951      36.1150
     952      36.4244
     953      36.5598
     954      36.5622
     955      35.8776
     956      35.4824
     957      34.3841
     958      35.9050
     959      36.1673
     960      34.0555
     961      35.3265
     962      35.6055
     963      35.1763
     964      35.2774
     965      34.9221
     966      34.7298
     967      37.2372
     968      34.7301
     969      34.3857
     970      33.8096
     971      34.6924
     972      34.4840
     973      36.7469
     974      36.1190
     975      36.2031
     976      34.7011
     977      35.2414
     978      35.0592
     979      37.1929
     980      36.7527
     981      33.8915
     982      33.8383
     983      37.0111
     984      36.0147
     985      37.5703
     986      35.8962
     987      34.2239
     988      35.1007
     989      34.5455
     990      34.1822
     991      35.8407
     992      35.1272
     993      35.7647
     994      35.8928
     995      35.2884
     996      34.6262
     997      35.9177
     998      35.7325
     999      36.1847
    1000      35.9639
    1001      35.8489
    1002      35.9006
    1003      35.2522
    1004      35.7335
    1005      34.4600
    1006      35.0435
    1007      34.6830
    1008      34.5970
    1009      36.6109
    1010      35.5388
    1011      37.5040
    1012      34.6871
    1013      35.9354
    1014      35.5780
    1015      33.9787
    1016      33.6155
    1017      35.8602
    1018      35.9617
    1019      33.7499
    1020      35.1534
    1021      34.8293
    1022      34.4965
    1023      35.9848
    1024      35.3532
    1025      32.9592
    1026      34.8928
    1027      36.4217
    1028      35.2811
    1029      36.4028
    1030      37.6659
    1031      36.9151
    1032      37.3413
    1033      35.9299
    1034      35.0471
    1035      36.5812
    1036      35.4558
    1037      35.6596
    1038      36.9316
    1039      38.7097
    1040      37.2919
    1041      37.2113
    1042      37.8080
    1043      35.6295
    1044      36.5643
    1045      36.8596
    1046      36.5333
    1047      36.5624
    1048      36.7842
    1049      35.6837
    1050      38.8795
    1051      37.6983
    1052      37.4127
    1053      37.1496
    1054      38.6579
    1055      38.2860
    1056      38.2590
    1057      35.5738
    1058      38.6553
    1059      36.1740
    1060      36.9073
    1061      36.0563
    1062      37.5078
    1063      36.4474
    1064      36.7236
    1065      36.5154
    1066      38.4472
    1067      37.8956
    1068      38.1190
    1069      35.6047
    1070      36.7525
    1071      37.0427
    1072      37.0906
    1073      38.9535
    1074      39.4318
    1075      38.5659
    1076      41.5356
    1077      40.0084
    1078      38.2110
    1079      38.5996
    1080      38.3189
    1081      38.4550
    1082      39.3839
    1083      38.2668
    1084      37.0249
    1085      38.3009
    1086      37.8873
    1087      38.2102
    1088      36.8754
    1089      37.0837
    1090      35.5461
    1091      34.2305
    1092      36.9272
    1093      36.7712
    1094      36.8213
    1095      37.6438
    1096      38.4453
    1097      38.4781
    1098      36.0120
    1099      37.1229
    1100      37.2654
    1101      36.4710
    1102      37.3329
    1103      35.8501
    1104      35.8397
    1105      35.6980
    1106      35.7175
    1107      37.5570
    1108      37.4223
    1109      37.4155
    1110      35.2734
    1111      39.0237
    1112      38.0679
    1113      37.4419
    1114      37.1116
    1115      36.6132
    1116      37.4926
    1117      38.3762
    1118      37.3788
    1119      37.6779
    1120      38.5905
    1121      37.0155
    1122      38.4460
    1123      37.3050
    1124      37.1340
    1125      38.6235
    1126      36.7152
    1127      36.7719
    1128      36.9015
    1129      36.7038
    1130      38.0145
    1131      36.5227
    1132      35.3512
    1133      35.1474
    1134      36.2440
    1135      38.8858
    1136      37.0836
    1137      39.2568
    1138      37.2833
    1139      38.3032
    1140      39.9950
    1141      38.2098
    1142      37.6362
    1143      38.5331
    1144      37.6176
    1145      37.7745
    1146      35.1107
    1147      36.7364
    1148      37.4785
    1149      36.9438
    1150      38.5034
    1151      37.3439
    1152      38.3797
    1153      36.7717
    1154      35.9243
    1155      35.9739
    1156      36.7210
    1157      35.0193
    1158      37.7808
    1159      36.0827
    1160      37.4913
    1161      36.9390
    1162      37.0797
    1163      37.6995
    1164      36.5901
    1165      36.3161
    1166      36.1528
    1167      37.4907
    1168      37.6947
    1169      37.1397
    1170      36.8587
    1171      36.8706
    1172      35.5394
    1173      36.0971
    1174      37.5626
    1175      35.3573
    1176      37.4561
    1177      39.0358
    1178      37.0953
    1179      38.6286
    1180      37.9747
    1181      36.2884
    1182      35.7183
    1183      35.6449
    1184      37.7410
    1185      37.1073
    1186      36.6360
    1187      37.8778
    1188      37.9981
    1189      37.3732
    1190      37.6369
    1191      37.3456
    1192      36.4651
    1193      36.6514
    1194      36.8139
    1195      37.4920
    1196      38.4773
    1197      36.9519
    1198      36.0842
    1199      36.4300
    1200      36.3671
    1201      36.9253
    1202      37.2414
    1203      38.4559
    1204      39.6120
    1205      38.7405
    1206      38.6963
    1207      38.3581
    1208      38.2789
    1209      38.4250
    1210      37.6558
    1211      37.1363
    1212      37.2221
    1213      36.3506
    1214      36.8372
    1215      37.8296
    1216      38.1641
    1217      37.2223
    1218      38.0694
    1219      35.6230
    1220      37.9737
    1221      38.0774
    1222      37.7158
    1223      36.5834
    1224      37.9175
    1225      35.5720
    1226      36.3513
    1227      37.0034
    1228      34.7578
    1229      35.3931
    1230      37.3055
    1231      36.4966
    1232      37.2936
    1233      36.9329
    1234      36.9149
    1235      39.2862
    1236      37.6113
    1237      37.7517
    1238      37.9027
    1239      36.4208
    1240      35.6505
    1241      34.9308
    1242      36.1241
    1243      36.9638
    1244      36.4868
    1245      36.0475
    1246      35.4964
    1247      35.3544
    1248      35.0394
    1249      36.2584
    1250      38.0740
    1251      36.4496
    1252      35.7127
    1253      36.5738
    1254      35.3629
    1255      36.7654
    1256      37.0542
    1257      35.1330
    1258      36.9596
    1259      38.5114
    1260      37.0963
    1261      35.4411
    1262      35.9615
    1263      37.7959
    1264      35.8061
    1265      35.5539
    1266      36.7375
    1267      36.4769
    1268      36.1578
    1269      37.0119
    1270      37.0941
    1271      37.4231
    1272      36.0414
    1273      37.7736
    1274      37.4534
    1275      36.9540
    1276      35.2829
    1277      35.2152
    1278      37.1997
    1279      36.8577
    1280      37.5055
    1281      36.3112
    1282      37.3709
    1283      38.4165
    1284      36.7863
    1285      37.3043
    1286      39.5357
    1287      37.2872
    1288      38.2305
    1289      37.4331
    1290      36.1005
    1291      38.1058
    1292      37.7596
    1293      36.5393
    1294      39.1250
    1295      38.0455
    1296      36.7971
    1297      36.5669
    1298      35.3766
    1299      36.9414
    1300      35.6168
    1301      35.9286
    1302      35.5916
    1303      35.5802
    1304      35.3072
    1305      35.9562
    1306      36.0277
    1307      37.1365
    1308      36.2409
    1309      36.1503
    1310      34.9412
    1311      35.6661
    1312      35.5940
    1313      35.2776
    1314      36.5562
    1315      35.3771
    1316      36.7834
    1317      36.6952
    1318      34.8357
    1319      38.0427
    1320      37.7717
    1321      36.1580
    1322      37.3559
    1323      36.0629
    1324      37.4940
    1325      36.3605
    1326      36.3273
    1327      35.3828
    1328      35.9559
    1329      35.6642
    1330      36.4923
    1331      38.8726
    1332      36.2369
    1333      36.4357
    1334      36.5403
    1335      36.7034
    1336      37.4177
    1337      36.2084
    1338      35.4269
    1339      35.7032
    1340      35.5120
    1341      36.7103
    1342      36.5902
    1343      35.6059
    1344      36.0767
    1345      34.8815
    1346      34.5624
    1347      33.9546
    1348      35.1796
    1349      35.1679
    1350      37.0083
    1351      35.3047
    1352      35.7297
    1353      36.7422
    1354      35.0221
    1355      35.1594
    1356      35.4665
    1357      35.1321
    1358      35.0922
    1359      35.0619
    1360      37.0376
    1361      35.3544
    1362      36.4595
    1363      34.1259
    1364      34.8458
    1365      36.2867
    1366      36.1469
    1367      35.6436
    1368      34.4037
    1369      35.2618
    1370      36.8379
    1371      33.6340
    1372      36.0973
    1373      34.2268
    1374      36.8049
    1375      35.2930
    1376      36.5696
    1377      35.2487
    1378      37.0935
    1379      37.0686
    1380      36.8083
    1381      37.4567
    1382      37.4292
    1383      36.4361
    1384      38.0230
    1385      35.7305
    1386      36.2441
    1387      36.1383
    1388      34.8576
    1389      35.5142
    1390      35.9565
    1391      36.2372
    1392      35.1606
    1393      35.4258
    1394      36.5493
    1395      35.7486
    1396      35.7915
    1397      36.3387
    1398      36.0107
    1399      36.6370
    1400      35.8046
    1401      37.0297
    1402      36.2861
    1403      35.3477
    1404      36.7430
    1405      35.9908
    1406      34.7517
    1407      35.2465
    1408      34.6009
    1409      36.6956
    1410      35.5514
    1411      36.1740
    1412      34.8224
    1413      36.0006
    1414      35.3631
    1415      35.9415
    1416      35.5898
    1417      34.1000
    1418      35.4485
    1419      35.2233
    1420      35.1739
    1421      36.4588
    1422      36.0754
    1423      35.7397
    1424      36.2670
    1425      34.7968
    1426      36.9058
    1427      36.3993
    1428      36.3934
    1429      35.4277
    1430      37.6132
    1431      36.6998
    1432      36.5096
    1433      37.9427
    1434      36.1754
    1435      35.8011
    1436      35.6110
    1437      34.4669
    1438      35.5759
    1439      36.5805
    1440      37.4727
    1441      35.4737
    1442      34.1396
    1443      36.6140
    1444      37.0796
    1445      37.5783
    1446      36.6749
    1447      36.3726
    1448      37.0525
    1449      36.5075
    1450      36.4963
    1451      35.2708
    1452      35.4799
    1453      36.1450
    1454      35.5712
    1455      34.7964
    1456      36.2374
    1457      35.3491
    1458      37.2526
    1459      35.6087
    1460      35.9650
    1461      35.9740
    1462      35.6475
    1463      36.6382
    1464      37.5275
    1465      38.7889
    1466      35.8285
    1467      37.0934
    1468      35.6607
    1469      36.0542
    1470      34.2569
    1471      34.9418
    1472      34.9013
    1473      34.2083
    1474      36.7069
    1475      36.7633
    1476      36.7550
    1477      36.7988
    1478      37.0557
    1479      36.5600
    1480      35.8652
    1481      36.3466
    1482      36.0717
    1483      35.1898
    1484      35.9207
    1485      36.3363
    1486      35.1858
    1487      35.7229
    1488      35.2925
    1489      34.6778
    1490      34.5817
    1491      36.5204
    1492      35.7594
    1493      35.8011
    1494      36.2453
    1495      34.8749
    1496      35.7935
    1497      35.2788
    1498      35.9162
    1499      36.1991
    1500      36.4813
    1501      36.5999
    1502      36.4459
    1503      35.7108
    1504      36.0948
    1505      35.2954
    1506      34.9502
    1507      35.5116
    1508      34.5766
    1509      34.9579
    1510      35.3934
    1511      34.8870
    1512      33.1741
    1513      34.3705
    1514      34.5613
    1515      33.9112
    1516      34.8910
    1517      35.4767
    1518      34.5126
    1519      34.2764
    1520      35.8615
    1521      34.1802
    1522      34.7123
    1523      36.2645
    1524      35.3960
    1525      34.3544
    1526      36.5269
    1527      35.0099
    1528      35.9551
    1529      35.0646
    1530      35.9232
    1531      37.2322
    1532      35.3083
    1533      35.5797
    1534      35.6109
    1535      36.0435
    1536      35.4275
    1537      36.0534
    1538      35.9591
    1539      35.6324
    1540      38.3371
    1541      36.2512
    1542      36.5193
    1543      36.1573
    1544      36.2184
    1545      35.5189
    1546      37.3292
    1547      36.6657
    1548      39.3531
    1549      39.3055
    1550      39.1298
    1551      40.4197
    1552      40.4503
    1553      38.3407
    1554      37.4605
    1555      37.8049
    1556      36.9396
    1557      38.8260
    1558      36.9621
    1559      39.0852
    1560      35.1711
    1561      38.5669
    1562      39.7736
    1563      37.0365
    1564      36.5566
    1565      36.8591
    1566      37.2070
    1567      37.3302
    1568      38.4351
    1569      38.1147
    1570      38.7918
    1571      39.4655
    1572      38.4703
    1573      38.7418
    1574      39.5762
    1575      36.8816
    1576      36.2602
    1577      36.3558
    1578      37.7799
    1579      39.2664
    1580      37.6591
    1581      38.9265
    1582      36.5182
    1583      37.6712
    1584      36.1068
    1585      38.1191
    1586      37.7675
    1587      38.4561
    1588      37.5905
    1589      37.4478
    1590      37.3014
    1591      37.0362
    1592      37.7725
    1593      35.6513
    1594      37.9017
    1595      35.7553
    1596      35.9596
    1597      38.1187
    1598      37.9687
    1599      38.2492
    1600      38.2929
    1601      40.0169
    1602      39.1039
    1603      38.9379
    1604      38.9414
    1605      37.6387
    1606      36.8215
    1607      36.4919
    1608      34.5869
    1609      36.9662
    1610      36.8659
    1611      38.2564
    1612      39.0414
    1613      38.6092
    1614      36.7809
    1615      36.0795
    1616      38.0275
    1617      36.5984
    1618      37.6167
    1619      37.5063
    1620      37.0540
    1621      37.5327
    1622      37.0211
    1623      36.9988
    1624      39.4432
    1625      39.4825
    1626      37.1209
    1627      39.7964
    1628      36.9369
    1629      36.1447
    1630      36.7539
    1631      37.6530
    1632      36.7908
    1633      38.5519
    1634      39.5487
    1635      38.2129
    1636      37.0616
    1637      37.3540
    1638      37.4806
    1639      37.0719
    1640      36.8958
    1641      37.0949
    1642      38.3545
    1643      37.2788
    1644      37.7912
    1645      37.4790
    1646      39.7109
    1647      39.3818
    1648      38.4191
    1649      37.6435
    1650      35.9232
    1651      36.0815
    1652      36.7169
    1653      37.2404
    1654      38.8033
    1655      36.6783
    1656      37.6771
    1657      36.3489
    1658      39.1976
    1659      38.9258
    1660      40.0588
    1661      39.2467
    1662      39.6855
    1663      40.1840
    1664      42.5935
    1665      43.5348
    1666      42.5894
    1667      41.8163
    1668      40.6515
    1669      39.9274
    1670      41.2539
    1671      40.0069
    1672      39.7170
    1673      38.0755
    1674      40.2370
    1675      39.0345
    1676      38.0888
    1677      38.4638
    1678      38.0138
    1679      37.6566
    1680      38.1987
    1681      35.4935
    1682      36.3952
    1683      35.3259
    1684      35.7499
    1685      35.9123
    1686      36.7229
    1687      35.4131
    1688      37.0842
    1689      35.9432
    1690      37.1561
    1691      36.9394
    1692      36.5215
    1693      36.6872
    1694      36.7036
    1695      35.9851
    1696      37.5030
    1697      35.8502
    1698      35.9536
    1699      35.9555
    1700      36.3681
    1701      36.9288
    1702      39.0370
    1703      36.7354
    1704      37.2545
    1705      37.1833
    1706      38.3769
    1707      37.0293
    1708      39.3469
    1709      39.8384
    1710      40.2943
    1711      39.4776
    1712      38.8900
    1713      39.6230
    1714      39.7026
    1715      39.8963
    1716      37.8539
    1717      38.1692
    1718      36.9458
    1719      39.7928
    1720      38.4658
    1721      37.5612
    1722      35.6628
    1723      38.5961
    1724      40.3662
    1725      38.7195
    1726      38.7701
    1727      39.9212
    1728      40.5788
    1729      39.4306
    1730      37.7820
    1731      37.6795
    1732      39.7929
    1733      39.2648
    1734      39.0226
    1735      39.1903
    1736      37.6794
    1737      36.1650
    1738      38.9016
    1739      38.6506
    1740      37.6364
    1741      39.0623
    1742      38.0258
    1743      38.2818
    1744      37.0746
    1745      37.9804
    1746      37.3442
    1747      38.4971
    1748      38.2446
    1749      36.3371
    1750      39.0398
    1751      38.6813
    1752      40.0064
    1753      40.1420
    1754      40.1292
    1755      39.4654
    1756      40.2550
    1757      38.0855
    1758      38.7491
    1759      37.3040
    1760      36.7168
    1761      37.4257
    1762      38.3181
    1763      37.6811
    1764      39.6970
    1765      37.9729
    1766      38.5943
    1767      40.5855
    1768      38.0841
    1769      37.8501
    1770      38.6272
    1771      37.5574
    1772      38.2738
    1773      37.1301
    1774      40.2396
    1775      38.0341
    1776      39.2550
    1777      39.9383
    1778      38.9355
    1779      38.0298
    1780      36.0905
    1781      36.2332
    1782      37.6554
    1783      37.0683
    1784      39.7167
    1785      39.7280
    1786      39.7235
    1787      38.5116
    1788      38.6395
    1789      38.8967
    1790      39.9612
    1791      37.9467
    1792      39.5759
    1793      39.6223
    1794      37.5074
    1795      37.4271
    1796      38.8267
    1797      38.2848
    1798      38.1939
    1799      36.4946
    1800      38.0849
    1801      36.6033
    1802      36.4249
    1803      36.8425
    1804      35.7374
    1805      37.1386
    1806      36.2166
    1807      36.1072
    1808      36.9539
    1809      37.4622
    1810      38.1760
    1811      37.4121
    1812      38.0353
    1813      38.4824
    1814      38.7783
    1815      38.6090
    1816      37.2448
    1817      38.1775
    1818      38.1281
    1819      35.9588
    1820      37.9355
    1821      38.7404
    1822      38.9222
    1823      38.5530
    1824      38.8139
    1825      38.1680
    1826      39.7584
    1827      41.3119
    1828      39.1429
    1829      39.3972
    1830      40.4277
    1831      37.8639
    1832      37.3396
    1833      35.6121
    1834      36.7072
    1835      36.6108
    1836      37.2674
    1837      38.7608
    1838      37.0354
    1839      36.5831
    1840      38.8376
    1841      39.0823
    1842      37.2261
    1843      36.0319
    1844      36.0883
    1845      37.6785
    1846      37.6529
    1847      35.2158
    1848      36.8971
    1849      35.2775
    1850      37.1149
    1851      36.4207
    1852      37.4141
    1853      36.4567
    1854      37.2600
    1855      36.5659
    1856      34.8499
    1857      35.7297
    1858      35.4125
    1859      35.3699
    1860      37.2645
    1861      35.4467
    1862      35.8767
    1863      36.1255
    1864      35.9598
    1865      34.8022
    1866      35.5241
    1867      34.3232
    1868      36.5183
    1869      34.2793
    1870      35.6062
    1871      35.8923
    1872      35.0206
    1873      35.1941
    1874      35.3969
    1875      35.4310
    1876      34.8880
    1877      34.9203
    1878      34.7556
    1879      34.1365
    1880      34.7657
    1881      35.2055
    1882      35.8940
    1883      34.5973
    1884      34.5930
    1885      36.1648
    1886      34.7971
    1887      34.8013
    1888      35.5039
    1889      35.0948
    1890      36.6594
    1891      37.3658
    1892      34.9744
    1893      36.3267
    1894      37.1454
    1895      37.6342
    1896      35.2636
    1897      37.3327
    1898      35.5081
    1899      36.2703
    1900      35.4406
    1901      37.7105
    1902      35.4627
    1903      36.4523
    1904      35.3872
    1905      36.6674
    1906      36.7351
    1907      36.1173
    1908      36.4792
    1909      36.7588
    1910      33.9945
    1911      36.4944
    1912      36.3751
    1913      35.6479
    1914      36.0386
    1915      37.6840
    1916      38.2709
    1917      37.7644
    1918      38.1191
    1919      37.1784
    1920      36.6233
    1921      35.5049
    1922      36.5887
    1923      35.9783
    1924      36.7011
    1925      34.0275
    1926      34.7055
    1927      35.5237
    1928      34.5433
    1929      36.1313
    1930      36.0982
    1931      35.4542
    1932      35.5488
    1933      35.9190
    1934      35.3968
    1935      36.2553
    1936      35.4380
    1937      35.0640
    1938      35.3428
    1939      36.7044
    1940      35.4276
    1941      35.1927
    1942      35.7965
    1943      36.7825
    1944      35.0333
    1945      34.3559
    1946      36.3426
    1947      36.1270
    1948      34.7451
    1949      33.5284
    1950      34.6708
    1951      34.7922
    1952      35.6619
    1953      35.4363
    1954      34.9880
    1955      36.5048
    1956      35.4200
    1957      36.1816
    1958      36.0698
    1959      34.5316
    1960      35.4948
    1961      34.4607
    1962      34.5742
    1963      33.2635
    1964      34.9249
    1965      34.8370
    1966      35.3325
    1967      34.2218
    1968      35.4640
    1969      36.6941
    1970      35.9489
    1971      36.6245
    1972      34.5546
    1973      35.3900
    1974      38.4946
    1975      33.6484
    1976      35.2589
    1977      35.1908
    1978      35.7617
    1979      35.8280
    1980      35.6608
    1981      35.7509
    1982      36.1822
    1983      36.1184
    1984      36.0403
    1985      35.3826
    1986      36.8072
    1987      36.7943
    1988      36.7472
    1989      36.7011
    1990      37.2205
    1991      37.4454
    1992      36.2230
    1993      35.2619
    1994      34.3686
    1995      34.9658
    1996      35.9649
    1997      35.0411
    1998      36.4109
    1999      36.4897
    2000      35.9401
