#Frame     end-to-end
       1      35.9083
       2      36.6622
       3      34.3016
       4      36.4249
       5      36.8308
       6      35.7351
       7      33.9299
       8      33.0629
       9      34.8221
      10      36.4908
      11      35.7634
      12      35.3981
      13      36.5844
      14      38.3538
      15      36.0897
      16      36.0007
      17      35.6771
      18      37.5503
      19      38.2379
      20      38.4773
      21      38.9984
      22      37.9410
      23      39.8858
      24      41.0936
      25      39.4096
      26      38.7800
      27      39.2727
      28      40.1069
      29      40.8145
      30      40.5575
      31      41.1068
      32      40.4517
      33      39.1112
      34      40.0757
      35      39.7840
      36      39.0105
      37      38.5279
      38      38.2730
      39      38.5621
      40      38.7560
      41      38.1314
      42      39.6478
      43      38.4342
      44      39.0084
      45      39.9462
      46      38.0219
      47      38.9630
      48      38.3343
      49      37.4955
      50      39.1594
      51      38.8179
      52      39.3011
      53      39.9279
      54      38.5460
      55      39.0681
      56      38.0496
      57      37.5014
      58      38.9753
      59      37.3949
      60      38.9912
      61      37.2783
      62      37.3788
      63      37.4257
      64      37.3652
      65      38.7387
      66      38.4888
      67      38.6016
      68      37.5179
      69      38.0146
      70      37.8673
      71      38.3338
      72      38.0550
      73      38.7242
      74      37.9083
      75      37.1887
      76      39.0943
      77      38.5684
      78      38.1626
      79      38.9604
      80      38.0557
      81      38.1485
      82      38.9337
      83      38.8762
      84      38.0101
      85      38.0406
      86      37.9503
      87      38.6416
      88      39.5333
      89      40.8249
      90      38.0529
      91      37.2178
      92      38.1020
      93      39.0612
      94      40.8730
      95      40.2065
      96      38.2521
      97      38.5153
      98      38.9523
      99      39.2630
     100      37.8206
     101      37.5459
     102      38.8740
     103      38.7833
     104      38.8955
     105      40.5595
     106      39.8767
     107      40.3956
     108      39.1449
     109      40.9746
     110      39.9603
     111      41.2876
     112      39.0086
     113      39.6316
     114      39.6579
     115      40.3970
     116      39.4193
     117      39.9898
     118      39.3240
     119      40.7466
     120      40.0541
     121      40.0987
     122      40.0249
     123      39.8354
     124      40.0808
     125      38.1257
     126      39.0151
     127      38.6383
     128      38.7380
     129      38.6420
     130      37.5968
     131      39.1630
     132      39.4144
     133      37.5490
     134      37.8450
     135      37.8528
     136      38.4296
     137      38.2468
     138      37.9296
     139      38.6346
     140      37.8174
     141      38.2279
     142      38.8853
     143      38.9634
     144      38.6817
     145      38.0735
     146      38.7619
     147      39.5317
     148      39.3454
     149      38.2476
     150      39.5222
     151      38.7765
     152      38.3646
     153      38.5618
     154      37.3083
     155      38.1518
     156      37.9298
     157      38.1855
     158      38.0875
     159      37.3382
     160      38.4798
     161      38.3220
     162      38.1682
     163      37.1653
     164      37.7939
     165      38.3437
     166      38.6944
     167      36.9855
     168      37.9706
     169      37.9172
     170      37.7348
     171      38.2569
     172      38.7468
     173      37.7719
     174      37.9943
     175      37.6516
     176      38.5058
     177      38.1998
     178      39.8531
     179      37.9567
     180      39.0266
     181      37.1395
     182      37.5114
     183      37.7194
     184      37.4815
     185      37.2409
     186      37.9265
     187      38.9043
     188      38.0661
     189      38.2453
     190      37.1843
     191      37.7321
     192      38.9728
     193      37.2198
     194      37.4419
     195      37.7093
     196      37.0028
     197      37.1561
     198      37.0288
     199      37.6452
     200      36.7056
     201      37.3939
     202      36.7848
     203      37.0696
     204      37.2788
     205      37.8314
     206      36.7504
     207      37.2652
     208      36.3611
     209      37.4733
     210      36.9874
     211      36.8696
     212      38.4846
     213      37.4119
     214      36.6536
     215      35.4877
     216      37.7108
     217      38.2889
     218      37.7270
     219      37.0645
     220      38.2153
     221      38.3066
     222      38.0246
     223      37.0987
     224      35.9230
     225      34.6176
     226      36.4641
     227      35.2304
     228      34.7952
     229      36.4359
     230      35.1647
     231      35.7932
     232      37.2091
     233      36.1448
     234      37.1673
     235      38.0268
     236      37.8481
     237      36.3794
     238      39.3152
     239      38.2209
     240      37.0171
     241      36.6018
     242      37.1912
     243      38.0242
     244      37.1236
     245      37.8261
     246      37.9860
     247      39.5272
     248      39.5071
     249      38.8509
     250      39.1841
     251      40.0022
     252      38.1935
     253      38.5823
     254      39.0769
     255      39.3762
     256      39.3841
     257      39.2156
     258      38.4884
     259      40.2806
     260      40.3573
     261      39.8219
     262      38.7250
     263      36.3094
     264      36.1566
     265      38.1761
     266      36.4743
     267      38.1995
     268      39.1518
     269      38.6477
     270      40.3787
     271      40.4879
     272      39.1718
     273      38.1993
     274      38.1831
     275      36.4085
     276      36.7437
     277      39.9662
     278      39.9454
     279      38.7217
     280      39.2482
     281      40.1446
     282      39.5889
     283      40.5142
     284      41.5374
     285      40.7760
     286      41.0843
     287      42.9753
     288      40.9163
     289      40.5851
     290      38.8330
     291      39.6108
     292      42.8003
     293      41.1615
     294      39.8347
     295      39.9053
     296      39.2618
     297      38.4808
     298      40.3409
     299      39.5197
     300      40.5369
     301      40.1024
     302      39.4707
     303      38.4889
     304      38.8587
     305      39.8081
     306      38.9445
     307      38.1399
     308      37.3676
     309      38.6256
     310      37.8973
     311      39.3348
     312      37.1450
     313      38.0168
     314      39.2866
     315      37.7109
     316      40.2599
     317      38.4060
     318      38.2713
     319      38.4098
     320      38.5440
     321      38.3789
     322      38.7558
     323      38.7720
     324      39.9573
     325      38.8262
     326      39.1900
     327      40.0891
     328      39.6441
     329      40.5299
     330      37.2265
     331      38.7246
     332      37.9464
     333      40.1916
     334      39.1798
     335      38.7926
     336      39.5051
     337      40.5006
     338      39.4132
     339      39.9776
     340      40.9502
     341      40.2789
     342      41.7586
     343      40.4047
     344      38.8871
     345      41.3100
     346      41.6122
     347      40.3001
     348      40.0582
     349      41.0436
     350      40.3441
     351      40.6666
     352      41.0042
     353      41.0425
     354      39.8315
     355      39.9714
     356      40.7928
     357      39.7456
     358      40.7651
     359      41.6731
     360      40.1845
     361      39.8325
     362      40.9403
     363      41.1811
     364      42.6086
     365      41.5143
     366      41.0724
     367      41.5834
     368      41.0859
     369      41.5446
     370      42.7737
     371      41.9711
     372      42.3650
     373      42.0414
     374      40.7616
     375      41.2216
     376      41.6105
     377      42.1628
     378      39.9056
     379      39.9025
     380      40.6771
     381      38.9349
     382      41.7791
     383      41.0487
     384      41.6049
     385      39.8301
     386      41.7397
     387      41.1071
     388      41.7962
     389      39.5868
     390      40.1781
     391      40.8693
     392      42.9832
     393      40.8455
     394      42.3919
     395      40.2162
     396      40.8776
     397      41.2556
     398      40.6670
     399      40.3031
     400      40.9106
     401      39.4060
     402      41.0240
     403      41.1872
     404      42.8430
     405      38.9680
     406      39.8211
     407      39.1452
     408      39.1300
     409      40.1779
     410      40.8541
     411      40.1876
     412      41.2627
     413      41.9687
     414      39.7192
     415      40.0306
     416      39.8978
     417      40.7173
     418      42.3211
     419      41.1017
     420      41.7791
     421      42.3690
     422      41.8746
     423      42.2625
     424      42.5319
     425      41.9292
     426      42.6298
     427      42.5531
     428      41.9005
     429      41.1308
     430      42.8548
     431      42.3496
     432      42.2485
     433      43.3631
     434      41.6690
     435      42.7253
     436      43.0435
     437      40.7236
     438      41.3459
     439      41.0092
     440      40.9012
     441      42.9747
     442      42.5211
     443      40.3050
     444      41.2516
     445      41.3245
     446      42.3043
     447      42.1060
     448      40.7959
     449      42.2256
     450      43.9365
     451      42.5985
     452      43.1435
     453      42.7154
     454      41.2910
     455      42.5990
     456      42.5801
     457      41.5579
     458      41.2738
     459      41.3681
     460      42.2744
     461      42.8487
     462      41.1221
     463      40.6675
     464      42.1739
     465      43.3037
     466      43.5978
     467      42.8905
     468      41.6808
     469      41.3899
     470      42.4953
     471      42.0349
     472      40.6740
     473      42.7261
     474      42.6999
     475      41.5161
     476      40.5788
     477      40.6110
     478      41.2168
     479      39.3167
     480      40.8043
     481      40.9176
     482      42.7821
     483      41.7015
     484      40.8573
     485      41.3999
     486      40.6560
     487      41.6639
     488      43.4099
     489      40.4472
     490      39.6762
     491      40.0547
     492      40.3110
     493      39.2898
     494      38.8403
     495      39.9809
     496      38.7592
     497      40.3294
     498      39.9179
     499      38.3223
     500      39.9807
     501      39.7960
     502      38.2634
     503      39.1203
     504      38.3508
     505      39.5909
     506      39.7460
     507      39.3346
     508      40.3630
     509      41.2234
     510      42.4455
     511      40.3164
     512      39.5450
     513      39.1212
     514      40.4311
     515      40.8623
     516      39.3011
     517      38.9228
     518      40.3956
     519      38.5477
     520      40.5513
     521      40.3657
     522      39.9516
     523      39.1536
     524      40.4402
     525      39.2881
     526      38.1542
     527      38.8789
     528      40.0354
     529      40.6991
     530      41.7371
     531      39.4560
     532      40.3506
     533      40.3730
     534      39.7183
     535      40.2528
     536      38.6417
     537      38.5677
     538      37.8651
     539      38.0941
     540      37.4075
     541      37.8065
     542      38.0187
     543      37.4611
     544      38.1020
     545      38.2736
     546      37.7340
     547      37.6989
     548      37.4268
     549      37.9152
     550      36.0715
     551      36.0654
     552      37.6768
     553      38.2238
     554      36.1795
     555      39.8427
     556      39.1146
     557      40.0940
     558      40.4735
     559      39.6446
     560      40.3235
     561      38.9814
     562      39.6245
     563      39.9275
     564      39.9794
     565      39.3183
     566      38.7213
     567      39.2365
     568      38.1658
     569      38.6071
     570      40.6558
     571      39.1739
     572      39.9170
     573      40.4727
     574      40.1965
     575      40.2590
     576      39.1633
     577      41.4821
     578      41.0510
     579      40.9791
     580      41.3307
     581      40.4865
     582      39.0109
     583      36.2173
     584      38.8187
     585      39.9092
     586      40.1217
     587      39.1504
     588      38.9101
     589      40.5928
     590      38.9302
     591      39.1686
     592      40.1236
     593      41.6668
     594      40.5580
     595      41.1985
     596      39.9335
     597      39.9735
     598      40.2142
     599      40.3232
     600      40.8864
     601      39.7721
     602      38.6395
     603      39.3728
     604      40.1477
     605      39.1764
     606      39.6683
     607      39.1476
     608      40.6892
     609      40.7432
     610      40.8781
     611      41.4863
     612      43.8324
     613      43.0816
     614      44.4139
     615      42.9229
     616      43.6146
     617      41.9434
     618      40.9157
     619      43.5384
     620      44.9950
     621      46.7325
     622      43.2873
     623      43.2902
     624      41.7947
     625      42.3659
     626      40.5098
     627      40.2604
     628      40.8230
     629      38.6084
     630      39.1373
     631      37.3912
     632      38.3982
     633      39.3231
     634      38.3615
     635      40.0736
     636      38.6545
     637      38.7485
     638      38.3003
     639      37.5418
     640      36.5663
     641      36.5808
     642      37.2762
     643      38.0897
     644      39.0296
     645      39.5555
     646      37.7198
     647      40.1201
     648      40.2661
     649      39.0602
     650      40.7100
     651      37.3598
     652      39.1256
     653      37.8865
     654      37.3440
     655      39.1015
     656      38.3506
     657      38.4407
     658      37.1026
     659      39.0168
     660      37.0603
     661      39.8825
     662      37.6699
     663      38.6342
     664      38.7377
     665      39.5556
     666      36.5828
     667      39.0249
     668      37.1474
     669      39.5060
     670      39.2171
     671      38.6486
     672      40.1082
     673      39.5155
     674      40.3958
     675      39.4634
     676      40.3078
     677      40.0931
     678      40.0327
     679      38.8123
     680      39.2569
     681      38.5651
     682      41.7529
     683      41.4689
     684      40.7890
     685      40.3309
     686      40.6472
     687      40.9392
     688      41.1032
     689      38.8455
     690      40.7071
     691      41.3627
     692      40.5145
     693      39.4288
     694      40.6724
     695      41.7660
     696      41.1485
     697      41.4696
     698      40.6874
     699      40.9821
     700      41.8659
     701      41.2852
     702      41.5184
     703      41.9836
     704      42.0096
     705      40.7093
     706      40.1258
     707      41.8077
     708      41.7489
     709      42.2063
     710      41.5042
     711      42.2014
     712      41.0563
     713      41.5243
     714      43.1997
     715      41.4929
     716      40.6737
     717      41.7698
     718      40.1483
     719      40.4287
     720      40.2969
     721      40.4762
     722      41.4952
     723      39.5476
     724      40.9813
     725      40.0246
     726      39.9445
     727      40.9294
     728      40.7027
     729      40.1178
     730      39.9088
     731      40.3476
     732      40.7239
     733      40.8830
     734      38.7998
     735      39.5536
     736      39.5950
     737      39.8403
     738      39.6577
     739      39.5662
     740      39.1711
     741      38.6733
     742      38.9667
     743      38.6719
     744      38.6669
     745      39.9596
     746      39.8159
     747      40.3499
     748      39.3568
     749      39.7104
     750      40.6635
     751      40.7702
     752      40.3193
     753      40.1372
     754      38.2909
     755      39.4840
     756      37.8325
     757      39.1417
     758      39.2989
     759      38.9051
     760      40.2376
     761      39.5121
     762      39.9902
     763      39.5509
     764      40.6711
     765      40.8669
     766      41.2633
     767      40.5485
     768      40.9295
     769      40.6226
     770      38.2377
     771      40.5306
     772      41.1616
     773      41.2579
     774      39.2680
     775      41.0937
     776      40.2612
     777      41.5409
     778      40.2003
     779      39.2831
     780      39.4150
     781      40.3827
     782      39.6900
     783      38.9327
     784      41.0292
     785      41.2124
     786      39.7652
     787      40.5786
     788      40.6610
     789      40.8494
     790      40.9849
     791      40.8765
     792      39.8514
     793      40.0843
     794      40.5467
     795      39.4806
     796      41.2716
     797      42.0699
     798      43.0356
     799      44.0630
     800      44.4651
     801      43.0511
     802      43.2534
     803      41.6178
     804      41.3497
     805      41.7332
     806      42.1222
     807      40.7458
     808      40.9586
     809      42.0831
     810      41.3939
     811      39.4410
     812      40.0390
     813      40.9285
     814      40.8296
     815      40.2553
     816      40.0193
     817      39.9788
     818      40.0438
     819      40.1705
     820      40.1167
     821      41.3568
     822      39.7375
     823      38.7782
     824      39.7046
     825      38.6204
     826      40.7391
     827      40.3226
     828      38.5384
     829      38.6962
     830      38.7599
     831      39.9197
     832      39.5245
     833      39.4200
     834      38.8335
     835      40.3052
     836      39.0830
     837      39.9399
     838      40.1621
     839      38.4605
     840      38.7473
     841      39.0583
     842      39.4345
     843      39.4106
     844      39.9016
     845      38.2290
     846      40.6267
     847      38.4626
     848      38.7973
     849      38.9108
     850      38.5675
     851      40.4133
     852      40.8130
     853      39.4907
     854      37.9170
     855      39.8516
     856      39.3767
     857      39.8487
     858      39.8651
     859      39.1642
     860      38.7398
     861      39.0444
     862      40.7349
     863      39.9333
     864      40.0051
     865      40.2149
     866      38.8898
     867      39.6034
     868      39.4623
     869      39.1991
     870      38.9263
     871      39.4417
     872      38.3786
     873      38.5609
     874      39.1618
     875      39.3060
     876      39.9450
     877      38.4086
     878      38.6783
     879      39.7637
     880      40.1152
     881      39.1839
     882      38.8580
     883      38.8685
     884      40.2358
     885      39.7836
     886      40.1003
     887      39.9742
     888      39.3487
     889      38.5670
     890      39.7350
     891      41.0368
     892      40.0153
     893      39.2612
     894      39.8566
     895      40.3375
     896      40.0811
     897      39.5300
     898      40.8593
     899      40.2147
     900      40.2515
     901      40.5587
     902      40.0497
     903      39.8739
     904      41.2608
     905      40.9518
     906      42.2827
     907      40.8409
     908      39.7243
     909      42.1740
     910      42.8924
     911      43.1277
     912      44.6616
     913      44.7765
     914      42.8456
     915      41.8082
     916      42.5687
     917      41.2825
     918      41.0321
     919      41.1032
     920      42.0283
     921      41.6198
     922      41.4459
     923      41.7374
     924      42.3392
     925      41.1748
     926      40.7115
     927      40.8906
     928      39.6079
     929      39.9902
     930      39.6162
     931      40.9134
     932      41.0528
     933      39.1197
     934      41.0523
     935      39.8818
     936      41.1688
     937      40.2915
     938      41.6942
     939      40.8210
     940      40.9141
     941      40.5159
     942      40.5697
     943      41.1956
     944      40.5278
     945      41.8580
     946      41.3854
     947      41.6294
     948      42.1308
     949      40.9792
     950      40.4971
     951      40.9049
     952      39.3751
     953      40.7029
     954      39.3520
     955      39.5424
     956      39.7348
     957      39.6146
     958      37.8837
     959      39.6691
     960      38.7504
     961      40.2674
     962      39.2826
     963      38.5814
     964      39.6341
     965      38.4972
     966      38.6417
     967      38.9999
     968      39.4321
     969      39.4942
     970      38.5718
     971      39.3567
     972      39.7199
     973      39.8407
     974      38.8579
     975      38.8895
     976      39.4851
     977      37.4924
     978      38.6400
     979      39.5506
     980      40.3754
     981      38.8573
     982      38.8653
     983      38.6205
     984      38.0661
     985      38.7870
     986      38.8181
     987      39.4244
     988      40.2157
     989      39.0459
     990      38.4514
     991      36.2229
     992      37.9808
     993      37.6035
     994      39.1208
     995      38.6515
     996      37.8734
     997      38.5437
     998      38.2798
     999      39.2046
    1000      38.6135
    1001      38.0521
    1002      37.3149
    1003      36.1167
    1004      38.0481
    1005      39.4214
    1006      38.7571
    1007      39.7776
    1008      39.5889
    1009      39.4530
    1010      37.7985
    1011      38.8979
    1012      39.1414
    1013      39.5035
    1014      38.8840
    1015      38.2664
    1016      39.2214
    1017      38.7696
    1018      38.9961
    1019      39.2652
    1020      37.6052
    1021      38.7820
    1022      37.9728
    1023      40.8005
    1024      40.5989
    1025      40.0777
    1026      39.4683
    1027      40.5554
    1028      40.8673
    1029      40.5645
    1030      40.1946
    1031      40.0592
    1032      40.6736
    1033      40.5644
    1034      40.0463
    1035      40.2722
    1036      39.5284
    1037      40.4214
    1038      40.3268
    1039      40.0219
    1040      40.4569
    1041      40.1343
    1042      40.6649
    1043      41.1413
    1044      41.1136
    1045      40.0097
    1046      38.8701
    1047      40.9543
    1048      40.5854
    1049      39.5815
    1050      40.3548
    1051      38.8637
    1052      40.4812
    1053      38.8251
    1054      38.2245
    1055      38.1154
    1056      38.1875
    1057      38.1024
    1058      38.3170
    1059      38.3667
    1060      38.7133
    1061      40.3178
    1062      40.6325
    1063      40.0200
    1064      40.6031
    1065      41.1746
    1066      40.9993
    1067      39.7461
    1068      39.3858
    1069      39.1858
    1070      38.7539
    1071      39.4950
    1072      38.9363
    1073      38.3571
    1074      40.1179
    1075      40.9627
    1076      40.1263
    1077      39.6007
    1078      42.3636
    1079      41.5504
    1080      41.2527
    1081      40.0100
    1082      40.2898
    1083      40.4590
    1084      40.5019
    1085      39.9091
    1086      39.6108
    1087      39.7832
    1088      39.7414
    1089      39.9300
    1090      39.3309
    1091      38.4261
    1092      38.9135
    1093      39.1565
    1094      40.0820
    1095      37.6747
    1096      38.8687
    1097      39.3291
    1098      38.5978
    1099      38.8491
    1100      39.1902
    1101      38.8902
    1102      38.9685
    1103      37.7134
    1104      38.0450
    1105      37.6582
    1106      37.3313
    1107      36.2619
    1108      37.1127
    1109      37.3987
    1110      36.8273
    1111      37.4519
    1112      37.0511
    1113      37.4845
    1114      37.4454
    1115      37.9395
    1116      38.3649
    1117      38.4317
    1118      38.2310
    1119      37.9100
    1120      38.6284
    1121      36.6855
    1122      38.2547
    1123      37.7703
    1124      38.5727
    1125      37.9851
    1126      38.9658
    1127      38.7874
    1128      37.0443
    1129      37.6008
    1130      37.0034
    1131      38.2221
    1132      38.1935
    1133      39.0403
    1134      39.1127
    1135      38.4180
    1136      37.3745
    1137      37.7894
    1138      38.4632
    1139      37.6586
    1140      39.5493
    1141      37.5598
    1142      37.7811
    1143      37.6130
    1144      38.4270
    1145      38.2159
    1146      38.7969
    1147      38.7816
    1148      37.4920
    1149      38.1239
    1150      37.4771
    1151      38.8141
    1152      39.1659
    1153      38.0807
    1154      37.8448
    1155      37.2573
    1156      36.8940
    1157      36.0233
    1158      36.6690
    1159      36.7563
    1160      36.8426
    1161      37.7893
    1162      37.3838
    1163      37.8630
    1164      37.9147
    1165      37.4749
    1166      37.7848
    1167      36.6397
    1168      36.7459
    1169      38.8449
    1170      38.6250
    1171      37.9756
    1172      38.0846
    1173      37.2563
    1174      37.9161
    1175      38.1623
    1176      37.9231
    1177      37.8180
    1178      36.2870
    1179      36.6666
    1180      37.5487
    1181      37.7604
    1182      38.2998
    1183      37.0768
    1184      37.9086
    1185      36.5958
    1186      37.1433
    1187      37.4273
    1188      35.7754
    1189      36.2415
    1190      38.4121
    1191      37.5681
    1192      36.6614
    1193      36.5515
    1194      37.5326
    1195      37.3301
    1196      36.9964
    1197      37.5689
    1198      37.3122
    1199      36.7995
    1200      37.1984
    1201      37.7562
    1202      36.4992
    1203      37.0951
    1204      37.5023
    1205      37.7929
    1206      36.9704
    1207      37.6097
    1208      37.1135
    1209      38.1923
    1210      38.1188
    1211      36.6415
    1212      37.8639
    1213      37.0980
    1214      36.2846
    1215      38.4957
    1216      35.2572
    1217      34.9310
    1218      36.3552
    1219      36.5447
    1220      37.3972
    1221      37.8461
    1222      36.4102
    1223      37.5702
    1224      37.0043
    1225      36.9877
    1226      35.3926
    1227      36.8431
    1228      38.1320
    1229      38.2049
    1230      37.6828
    1231      36.4601
    1232      35.7562
    1233      34.5857
    1234      35.9713
    1235      35.1094
    1236      35.6064
    1237      35.2569
    1238      36.6237
    1239      35.7417
    1240      35.7719
    1241      35.7940
    1242      35.4312
    1243      37.2808
    1244      37.3582
    1245      36.1577
    1246      35.8896
    1247      35.3970
    1248      35.1295
    1249      35.7733
    1250      36.5909
    1251      34.5745
    1252      34.3886
    1253      35.1845
    1254      36.3681
    1255      35.1272
    1256      35.8184
    1257      35.5313
    1258      34.5995
    1259      35.7226
    1260      36.1371
    1261      36.6926
    1262      35.2030
    1263      35.5919
    1264      36.0707
    1265      35.8058
    1266      34.7150
    1267      35.7330
    1268      36.6634
    1269      35.5725
    1270      35.7438
    1271      34.8149
    1272      35.5413
    1273      36.5101
    1274      35.7161
    1275      36.1278
    1276      36.4132
    1277      36.0272
    1278      39.0169
    1279      37.6180
    1280      37.1457
    1281      37.4525
    1282      36.8894
    1283      37.4253
    1284      36.2339
    1285      37.3245
    1286      36.5377
    1287      36.3822
    1288      35.3946
    1289      36.8527
    1290      36.7057
    1291      37.3639
    1292      37.6807
    1293      35.9610
    1294      36.9715
    1295      37.8302
    1296      37.1552
    1297      36.9091
    1298      38.6791
    1299      38.2366
    1300      36.0372
    1301      37.3782
    1302      37.1571
    1303      36.8232
    1304      35.1970
    1305      37.2270
    1306      36.8140
    1307      37.3227
    1308      37.8217
    1309      37.8281
    1310      38.8733
    1311      38.2031
    1312      37.2752
    1313      38.2214
    1314      37.4283
    1315      37.6112
    1316      37.7878
    1317      37.5449
    1318      36.2666
    1319      34.6815
    1320      36.1906
    1321      37.5740
    1322      38.5845
    1323      39.1425
    1324      37.6674
    1325      39.8628
    1326      38.6919
    1327      37.5843
    1328      37.9980
    1329      39.1990
    1330      38.5483
    1331      38.4968
    1332      37.9177
    1333      36.5693
    1334      38.6032
    1335      36.8676
    1336      37.9208
    1337      36.5173
    1338      36.0547
    1339      36.9655
    1340      36.6874
    1341      37.0564
    1342      37.8470
    1343      37.2818
    1344      37.6704
    1345      36.3613
    1346      38.4373
    1347      37.5973
    1348      37.1744
    1349      36.4010
    1350      37.2529
    1351      37.6276
    1352      36.9555
    1353      37.3525
    1354      37.5205
    1355      38.0532
    1356      37.1513
    1357      37.6600
    1358      37.8905
    1359      37.6512
    1360      36.9676
    1361      38.4816
    1362      38.7871
    1363      37.7549
    1364      37.0933
    1365      38.1046
    1366      37.8097
    1367      38.1127
    1368      38.2054
    1369      38.5549
    1370      38.6716
    1371      38.4225
    1372      38.8367
    1373      38.2529
    1374      38.2605
    1375      37.9471
    1376      37.9463
    1377      36.2600
    1378      37.5271
    1379      37.3885
    1380      37.7531
    1381      37.0705
    1382      37.7198
    1383      37.7598
    1384      39.4704
    1385      38.0560
    1386      38.3977
    1387      37.8614
    1388      39.6052
    1389      39.4154
    1390      38.3532
    1391      39.2461
    1392      38.2088
    1393      38.2516
    1394      38.3999
    1395      39.3947
    1396      38.7939
    1397      37.3228
    1398      38.7007
    1399      38.1786
    1400      37.9069
    1401      38.8584
    1402      39.2247
    1403      38.4103
    1404      38.2899
    1405      39.0033
    1406      36.6787
    1407      37.1336
    1408      36.8844
    1409      37.1995
    1410      36.8196
    1411      35.4350
    1412      35.7227
    1413      37.4921
    1414      38.5138
    1415      36.5299
    1416      37.0714
    1417      37.4317
    1418      37.7441
    1419      37.0322
    1420      37.6622
    1421      37.0913
    1422      38.8342
    1423      37.3285
    1424      37.9843
    1425      39.6659
    1426      38.5475
    1427      38.7239
    1428      37.9314
    1429      39.8326
    1430      39.0286
    1431      37.8837
    1432      38.4041
    1433      37.8742
    1434      38.5613
    1435      37.9888
    1436      38.4838
    1437      38.6294
    1438      37.7176
    1439      39.2938
    1440      39.0630
    1441      39.2530
    1442      38.9476
    1443      37.0971
    1444      37.5885
    1445      37.7763
    1446      37.4597
    1447      38.6201
    1448      38.3831
    1449      39.1308
    1450      39.2945
    1451      37.4911
    1452      37.3091
    1453      37.8710
    1454      38.2169
    1455      38.5917
    1456      38.5700
    1457      38.0242
    1458      37.8199
    1459      37.2464
    1460      38.3481
    1461      38.9455
    1462      38.3362
    1463      38.5570
    1464      38.5994
    1465      37.8167
    1466      38.3952
    1467      39.1995
    1468      36.9477
    1469      38.2809
    1470      39.0353
    1471      39.3120
    1472      39.4938
    1473      38.4344
    1474      39.4464
    1475      37.8830
    1476      37.7541
    1477      38.2495
    1478      37.9303
    1479      37.6932
    1480      37.1619
    1481      36.4805
    1482      38.8345
    1483      37.6429
    1484      37.7439
    1485      36.9752
    1486      37.5112
    1487      37.7843
    1488      37.7435
    1489      37.6267
    1490      37.5580
    1491      37.3153
    1492      37.6742
    1493      37.5455
    1494      38.0856
    1495      37.0564
    1496      37.6440
    1497      38.2270
    1498      37.5627
    1499      37.8234
    1500      37.7028
    1501      38.2836
    1502      38.2539
    1503      38.4944
    1504      38.2668
    1505      38.8443
    1506      38.4463
    1507      36.8186
    1508      36.9190
    1509      37.2509
    1510      37.3705
    1511      37.1452
    1512      36.9811
    1513      36.9614
    1514      37.8298
    1515      36.8342
    1516      36.9744
    1517      37.8642
    1518      36.9628
    1519      36.9496
    1520      36.9593
    1521      34.1844
    1522      37.0361
    1523      38.0690
    1524      38.1348
    1525      38.2074
    1526      38.7277
    1527      37.7424
    1528      37.9253
    1529      37.6079
    1530      37.7314
    1531      37.9301
    1532      37.2431
    1533      35.8829
    1534      36.1483
    1535      36.4021
    1536      37.0077
    1537      37.2496
    1538      37.5077
    1539      36.3963
    1540      36.7674
    1541      35.9838
    1542      36.7350
    1543      36.4338
    1544      37.3806
    1545      36.7819
    1546      36.9788
    1547      37.0691
    1548      36.2668
    1549      37.4903
    1550      36.5119
    1551      38.3539
    1552      37.0213
    1553      37.2281
    1554      37.1046
    1555      37.9721
    1556      36.0865
    1557      36.8969
    1558      36.8400
    1559      35.9258
    1560      36.0692
    1561      36.0267
    1562      35.6358
    1563      36.1998
    1564      36.2405
    1565      37.4570
    1566      37.1886
    1567      36.5380
    1568      36.7393
    1569      38.1720
    1570      37.1349
    1571      36.8364
    1572      36.5233
    1573      37.4325
    1574      36.4480
    1575      37.4098
    1576      37.1600
    1577      36.4796
    1578      37.4520
    1579      37.3416
    1580      36.8429
    1581      37.3785
    1582      38.3450
    1583      36.4053
    1584      36.9882
    1585      37.8225
    1586      37.3818
    1587      36.8371
    1588      37.3098
    1589      37.9415
    1590      36.9188
    1591      36.9350
    1592      36.8941
    1593      36.9270
    1594      37.0740
    1595      36.3700
    1596      36.8675
    1597      38.3927
    1598      36.7632
    1599      36.5621
    1600      37.8881
    1601      36.7231
    1602      35.8150
    1603      35.6823
    1604      36.3881
    1605      36.3155
    1606      35.5966
    1607      35.9850
    1608      37.0162
    1609      35.9368
    1610      36.3391
    1611      35.7516
    1612      34.9351
    1613      35.6306
    1614      35.3283
    1615      35.8456
    1616      36.6571
    1617      36.1145
    1618      34.8667
    1619      36.4860
    1620      35.6639
    1621      35.9344
    1622      35.9294
    1623      36.0722
    1624      35.7983
    1625      35.7422
    1626      36.1352
    1627      35.6813
    1628      35.2392
    1629      35.0537
    1630      35.7608
    1631      36.3924
    1632      36.0443
    1633      36.7662
    1634      36.1260
    1635      36.0743
    1636      35.2127
    1637      36.8579
    1638      36.7065
    1639      37.5755
    1640      35.8103
    1641      35.9345
    1642      37.1695
    1643      36.9495
    1644      36.7802
    1645      36.2914
    1646      36.1309
    1647      36.3021
    1648      37.6851
    1649      36.0278
    1650      36.3165
    1651      35.9280
    1652      36.7356
    1653      36.7768
    1654      36.8468
    1655      38.2429
    1656      37.4508
    1657      38.0694
    1658      37.8874
    1659      36.7845
    1660      36.0821
    1661      36.4604
    1662      36.7843
    1663      37.8469
    1664      37.6426
    1665      38.5806
    1666      37.6748
    1667      36.9843
    1668      38.2287
    1669      36.8939
    1670      37.5973
    1671      36.9932
    1672      38.1221
    1673      37.1918
    1674      37.6548
    1675      37.2290
    1676      38.0477
    1677      38.0519
    1678      37.2892
    1679      36.1193
    1680      36.9540
    1681      35.6937
    1682      35.6356
    1683      35.2058
    1684      35.4598
    1685      35.6581
    1686      36.3802
    1687      35.6106
    1688      34.9142
    1689      37.0994
    1690      36.9452
    1691      35.9481
    1692      38.0570
    1693      36.1884
    1694      35.9043
    1695      36.2846
    1696      37.0926
    1697      36.6784
    1698      36.4580
    1699      37.9876
    1700      37.6844
    1701      37.3093
    1702      38.8450
    1703      39.1456
    1704      38.6871
    1705      37.4342
    1706      37.4015
    1707      38.6577
    1708      37.6129
    1709      38.1903
    1710      37.8555
    1711      36.8955
    1712      38.6740
    1713      37.8284
    1714      37.9708
    1715      36.5082
    1716      37.7851
    1717      37.1090
    1718      37.3164
    1719      36.5590
    1720      36.7226
    1721      37.3723
    1722      38.1991
    1723      37.9673
    1724      38.1070
    1725      36.9569
    1726      36.2909
    1727      36.6404
    1728      37.0648
    1729      36.8222
    1730      37.3303
    1731      35.6987
    1732      36.9395
    1733      36.4095
    1734      37.6448
    1735      37.4725
    1736      36.9544
    1737      36.1019
    1738      36.3069
    1739      38.1772
    1740      37.3454
    1741      36.9847
    1742      35.6873
    1743      35.2649
    1744      36.4530
    1745      35.3508
    1746      35.3937
    1747      36.1535
    1748      36.7888
    1749      35.3319
    1750      36.0371
    1751      36.4831
    1752      37.0183
    1753      37.0496
    1754      36.8480
    1755      37.6743
    1756      37.3587
    1757      36.9458
    1758      36.9165
    1759      37.1602
    1760      37.1614
    1761      37.2500
    1762      37.2686
    1763      38.2095
    1764      37.6073
    1765      38.1654
    1766      39.9893
    1767      36.1450
    1768      35.6782
    1769      37.9303
    1770      37.5332
    1771      38.5834
    1772      39.8823
    1773      38.8569
    1774      37.5255
    1775      38.1732
    1776      38.0547
    1777      38.2350
    1778      38.5645
    1779      39.4058
    1780      38.7618
    1781      38.3089
    1782      39.4633
    1783      38.3224
    1784      36.7066
    1785      37.8166
    1786      37.3627
    1787      37.1091
    1788      37.9778
    1789      36.2778
    1790      37.0241
    1791      37.2479
    1792      36.9957
    1793      37.3912
    1794      37.2053
    1795      36.3820
    1796      36.9141
    1797      35.9428
    1798      35.8408
    1799      36.6279
    1800      34.7985
    1801      36.1521
    1802      36.2474
    1803      38.5651
    1804      38.1947
    1805      37.5801
    1806      37.2269
    1807      37.3856
    1808      36.4036
    1809      36.9145
    1810      36.7932
    1811      37.5349
    1812      37.6906
    1813      37.0628
    1814      37.3419
    1815      37.7209
    1816      37.1542
    1817      36.3852
    1818      35.8027
    1819      36.2647
    1820      35.8108
    1821      37.4479
    1822      37.2780
    1823      37.0882
    1824      35.6170
    1825      35.3755
    1826      35.8965
    1827      35.2820
    1828      36.2397
    1829      36.4930
    1830      36.7612
    1831      35.7621
    1832      36.1670
    1833      35.6872
    1834      35.7036
    1835      35.4408
    1836      35.5104
    1837      37.2234
    1838      36.9841
    1839      36.7177
    1840      36.6414
    1841      37.7600
    1842      37.2968
    1843      37.3427
    1844      38.7806
    1845      37.0145
    1846      36.1906
    1847      37.5797
    1848      36.6377
    1849      36.0794
    1850      35.9527
    1851      36.2654
    1852      35.9772
    1853      36.1532
    1854      36.2943
    1855      36.9544
    1856      36.4425
    1857      36.2325
    1858      36.1846
    1859      36.2942
    1860      36.4376
    1861      36.5023
    1862      35.4757
    1863      35.0824
    1864      35.1890
    1865      35.8573
    1866      35.8407
    1867      35.2529
    1868      36.0437
    1869      35.0533
    1870      36.6435
    1871      36.1972
    1872      37.4746
    1873      37.7861
    1874      37.3382
    1875      35.9269
    1876      37.2445
    1877      38.5446
    1878      36.5837
    1879      36.8004
    1880      36.9457
    1881      36.1860
    1882      37.3197
    1883      37.6861
    1884      37.4475
    1885      38.1420
    1886      37.4663
    1887      36.3314
    1888      36.9984
    1889      37.5051
    1890      36.7574
    1891      36.9269
    1892      36.7051
    1893      35.5915
    1894      37.1609
    1895      37.6389
    1896      36.4936
    1897      37.5720
    1898      36.3875
    1899      35.1038
    1900      34.6279
    1901      35.9579
    1902      34.7509
    1903      34.9638
    1904      35.9351
    1905      34.9345
    1906      34.7724
    1907      34.4264
    1908      35.1019
    1909      35.3059
    1910      33.4300
    1911      34.6845
    1912      34.4762
    1913      36.4067
    1914      34.5306
    1915      34.3218
    1916      35.1378
    1917      34.5101
    1918      34.5436
    1919      34.8482
    1920      33.9011
    1921      33.6607
    1922      36.3997
    1923      36.3046
    1924      36.7043
    1925      36.0932
    1926      34.9452
    1927      36.5169
    1928      36.2925
    1929      37.1042
    1930      35.8541
    1931      37.1301
    1932      38.3894
    1933      36.2527
    1934      36.5671
    1935      38.3464
    1936      36.5202
    1937      36.7070
    1938      36.7392
    1939      36.0987
    1940      36.7517
    1941      36.1216
    1942      36.5337
    1943      34.2653
    1944      35.6662
    1945      36.9895
    1946      35.4729
    1947      37.8625
    1948      37.1417
    1949      35.8322
    1950      35.5357
    1951      36.6975
    1952      35.2733
    1953      35.1328
    1954      35.6230
    1955      35.3140
    1956      35.3722
    1957      35.1165
    1958      35.7963
    1959      36.2681
    1960      35.6750
    1961      35.5473
    1962      35.4331
    1963      36.5725
    1964      35.1001
    1965      35.5750
    1966      36.0841
    1967      35.2963
    1968      35.7770
    1969      35.4922
    1970      35.0329
    1971      36.2024
    1972      35.4548
    1973      36.4503
    1974      35.5095
    1975      36.2991
    1976      36.7145
    1977      36.6426
    1978      35.2994
    1979      34.6597
    1980      34.5585
    1981      35.2218
    1982      33.2586
    1983      34.0125
    1984      36.3753
    1985      36.2384
    1986      36.6675
    1987      35.6767
    1988      34.8469
    1989      35.4270
    1990      35.0319
    1991      36.6334
    1992      35.2059
    1993      35.4518
    1994      35.6894
    1995      36.5965
    1996      36.0025
    1997      36.0596
    1998      35.5941
    1999      34.6076
    2000      35.1625
