#Frame     end-to-end
       1      43.3591
       2      43.5575
       3      43.9133
       4      44.0322
       5      42.0266
       6      44.2945
       7      45.9975
       8      40.6233
       9      41.2201
      10      38.6228
      11      37.7058
      12      36.1030
      13      36.1367
      14      35.2625
      15      35.3619
      16      37.4008
      17      34.8501
      18      35.4653
      19      35.1799
      20      38.6770
      21      41.1947
      22      37.8792
      23      37.8541
      24      39.9916
      25      37.1962
      26      37.4781
      27      34.9613
      28      36.9085
      29      38.6912
      30      36.5553
      31      37.9755
      32      32.4892
      33      33.3547
      34      33.7568
      35      33.6416
      36      34.5430
      37      36.7557
      38      39.1599
      39      38.7547
      40      40.4911
      41      38.6052
      42      38.7940
      43      36.8341
      44      36.3860
      45      37.5337
      46      37.4595
      47      36.3728
      48      33.6020
      49      36.4154
      50      33.6342
      51      36.0966
      52      35.9838
      53      36.6552
      54      35.2028
      55      36.3515
      56      36.0172
      57      37.0670
      58      36.6374
      59      37.8554
      60      36.7923
      61      38.6614
      62      40.3825
      63      39.2419
      64      40.4404
      65      41.9854
      66      40.7821
      67      39.7739
      68      39.4670
      69      39.2392
      70      39.1140
      71      36.6705
      72      36.6784
      73      38.2777
      74      37.0510
      75      38.5879
      76      36.2278
      77      37.0589
      78      38.7775
      79      37.3634
      80      37.6792
      81      39.1281
      82      38.9535
      83      38.5988
      84      38.1681
      85      39.8023
      86      38.2711
      87      38.3539
      88      39.4660
      89      37.5693
      90      35.2997
      91      37.1250
      92      37.4396
      93      37.1240
      94      39.9581
      95      40.0543
      96      38.7337
      97      41.3290
      98      40.4051
      99      40.8160
     100      40.3653
     101      39.7081
     102      42.0748
     103      41.7127
     104      43.9588
     105      41.5532
     106      38.7546
     107      40.4443
     108      38.7478
     109      42.3386
     110      42.1627
     111      39.5519
     112      39.4426
     113      37.6106
     114      39.3441
     115      41.8306
     116      38.7669
     117      39.5152
     118      39.6756
     119      38.9444
     120      41.9211
     121      41.5456
     122      40.8818
     123      40.7357
     124      41.9488
     125      40.5878
     126      39.2352
     127      38.4118
     128      38.7917
     129      38.2689
     130      38.9408
     131      41.4823
     132      40.4283
     133      41.1358
     134      40.3575
     135      43.9801
     136      39.6557
     137      35.8310
     138      40.3064
     139      37.1047
     140      36.6183
     141      37.0883
     142      36.6183
     143      35.1581
     144      35.5471
     145      38.1831
     146      35.5633
     147      37.0040
     148      37.3431
     149      34.1695
     150      37.2524
     151      36.3382
     152      36.1223
     153      35.2411
     154      35.3481
     155      34.7288
     156      33.2742
     157      36.0421
     158      36.7391
     159      33.6849
     160      35.3056
     161      31.0664
     162      33.0556
     163      31.1710
     164      36.7841
     165      39.4976
     166      40.5954
     167      38.8086
     168      37.6051
     169      37.4849
     170      37.9537
     171      39.0890
     172      36.5513
     173      34.6544
     174      35.4550
     175      34.9656
     176      34.2057
     177      34.5354
     178      37.8915
     179      37.6533
     180      37.5886
     181      38.4529
     182      37.7180
     183      41.3441
     184      38.1838
     185      37.9360
     186      37.6494
     187      36.8122
     188      36.8464
     189      39.0135
     190      37.5483
     191      37.3911
     192      39.9879
     193      41.7129
     194      37.9949
     195      38.7580
     196      37.5451
     197      36.3232
     198      35.6836
     199      35.6164
     200      35.4901
     201      34.5645
     202      34.7035
     203      33.2418
     204      35.5482
     205      36.2672
     206      39.4146
     207      34.3597
     208      33.1724
     209      35.5270
     210      35.1369
     211      33.9279
     212      35.4280
     213      34.8748
     214      37.4953
     215      34.5606
     216      35.1872
     217      34.2914
     218      29.6413
     219      33.7946
     220      33.0953
     221      34.0849
     222      32.4055
     223      37.2997
     224      37.7468
     225      35.3809
     226      36.5358
     227      34.9258
     228      34.0562
     229      34.7703
     230      36.7753
     231      34.7115
     232      34.7007
     233      36.2710
     234      37.9406
     235      36.6220
     236      34.8842
     237      34.2165
     238      33.6506
     239      33.8507
     240      33.9886
     241      32.2590
     242      32.3308
     243      32.6042
     244      34.7143
     245      36.3232
     246      37.1752
     247      37.1849
     248      35.7923
     249      35.3697
     250      34.3490
     251      35.6671
     252      35.7892
     253      38.3937
     254      34.8680
     255      35.4423
     256      34.4781
     257      33.8297
     258      33.6518
     259      33.2317
     260      34.0400
     261      36.5115
     262      35.6886
     263      34.8545
     264      36.2442
     265      36.8302
     266      36.9245
     267      36.2946
     268      34.8209
     269      34.9001
     270      33.4879
     271      34.2114
     272      36.6352
     273      34.5845
     274      32.8460
     275      35.1190
     276      32.8912
     277      34.6723
     278      34.7833
     279      35.7683
     280      32.1889
     281      33.1187
     282      31.3021
     283      33.2188
     284      34.9597
     285      32.8702
     286      36.2792
     287      33.5980
     288      37.4680
     289      33.4964
     290      33.9693
     291      34.8136
     292      35.9029
     293      36.1532
     294      35.5271
     295      35.8808
     296      33.9589
     297      35.1103
     298      37.7180
     299      36.1834
     300      36.9215
     301      32.8789
     302      37.2800
     303      35.6471
     304      34.7056
     305      34.7775
     306      36.7766
     307      37.2917
     308      35.3228
     309      35.2354
     310      34.0008
     311      35.9801
     312      34.0270
     313      35.8869
     314      35.4726
     315      33.0004
     316      33.3580
     317      33.9410
     318      34.8016
     319      32.8129
     320      33.2191
     321      31.9252
     322      31.7629
     323      31.0014
     324      31.2186
     325      34.3799
     326      33.5691
     327      31.9118
     328      34.3842
     329      33.9833
     330      29.0057
     331      33.2257
     332      30.7844
     333      32.9888
     334      31.8572
     335      30.3759
     336      34.8198
     337      34.7718
     338      31.3922
     339      33.2810
     340      31.6514
     341      30.9715
     342      31.7811
     343      31.3903
     344      31.0297
     345      32.0606
     346      31.7297
     347      31.2928
     348      31.5196
     349      31.9298
     350      32.3105
     351      32.6872
     352      35.1124
     353      32.0337
     354      33.7011
     355      34.7762
     356      33.8299
     357      33.6819
     358      33.2518
     359      31.0779
     360      32.0943
     361      33.1250
     362      32.8920
     363      33.3201
     364      35.5521
     365      33.4284
     366      33.7365
     367      33.6575
     368      31.9475
     369      31.8066
     370      34.5323
     371      31.7139
     372      34.1240
     373      34.6102
     374      33.8248
     375      32.2600
     376      32.4076
     377      31.5538
     378      31.7063
     379      33.1096
     380      33.5562
     381      32.1484
     382      33.5420
     383      31.3035
     384      31.1428
     385      32.2563
     386      31.1001
     387      30.8404
     388      30.0732
     389      29.9629
     390      29.5435
     391      30.2841
     392      30.6397
     393      31.0192
     394      30.9905
     395      30.4602
     396      31.4193
     397      32.4591
     398      31.4899
     399      32.0906
     400      31.6435
     401      31.8288
     402      31.0620
     403      31.8911
     404      30.3328
     405      30.1355
     406      30.6716
     407      28.6555
     408      31.9738
     409      29.3875
     410      29.4070
     411      31.1528
     412      32.2215
     413      32.3525
     414      30.8105
     415      30.8143
     416      32.9326
     417      33.7307
     418      33.6985
     419      34.0054
     420      30.9599
     421      32.0049
     422      34.0345
     423      32.3432
     424      33.2559
     425      31.4296
     426      32.7874
     427      32.6169
     428      31.6812
     429      32.5857
     430      34.7064
     431      34.2292
     432      36.2215
     433      33.8506
     434      34.2217
     435      32.7420
     436      34.3325
     437      34.2278
     438      31.7446
     439      31.2162
     440      31.7273
     441      30.9598
     442      29.3059
     443      32.0187
     444      32.9223
     445      32.8654
     446      32.2821
     447      32.2051
     448      33.5737
     449      32.6931
     450      31.4780
     451      32.0630
     452      32.5426
     453      32.0380
     454      30.5206
     455      29.6337
     456      30.9080
     457      30.9341
     458      30.5123
     459      31.7902
     460      32.4013
     461      32.2080
     462      30.8843
     463      30.5188
     464      29.5434
     465      28.3654
     466      31.8438
     467      28.3180
     468      30.0279
     469      29.5716
     470      29.4684
     471      30.2321
     472      31.5540
     473      30.3951
     474      29.3705
     475      28.9269
     476      28.9318
     477      30.8284
     478      29.8997
     479      28.1173
     480      29.2316
     481      28.2082
     482      27.3717
     483      30.3265
     484      31.1494
     485      28.5017
     486      29.7572
     487      30.0813
     488      30.4793
     489      30.2396
     490      30.8575
     491      28.7870
     492      30.9569
     493      30.7682
     494      30.2631
     495      30.1265
     496      29.1827
     497      28.4746
     498      28.1508
     499      29.6186
     500      29.8078
     501      31.0387
     502      30.9984
     503      30.8269
     504      31.1837
     505      29.3507
     506      29.3102
     507      29.2285
     508      30.7569
     509      31.1196
     510      32.1613
     511      31.6637
     512      31.4124
     513      32.0305
     514      30.7684
     515      30.5405
     516      31.3746
     517      31.9716
     518      31.0853
     519      29.7324
     520      31.0470
     521      30.9563
     522      30.5053
     523      31.8295
     524      30.2275
     525      31.1186
     526      30.0754
     527      28.6753
     528      30.9767
     529      29.9033
     530      29.0700
     531      29.6334
     532      31.5515
     533      32.1660
     534      30.6494
     535      32.7753
     536      32.6725
     537      31.1519
     538      30.3428
     539      30.9188
     540      32.4183
     541      31.3716
     542      32.2440
     543      31.2535
     544      31.6188
     545      31.9096
     546      33.0070
     547      32.4854
     548      31.3571
     549      32.1462
     550      30.3968
     551      31.6027
     552      29.8161
     553      28.8783
     554      29.2262
     555      30.1170
     556      27.6755
     557      28.8307
     558      28.3551
     559      28.7262
     560      29.1923
     561      28.5844
     562      29.4524
     563      27.4702
     564      28.8206
     565      30.3863
     566      28.3537
     567      29.9604
     568      29.0347
     569      28.8323
     570      28.5528
     571      31.5488
     572      30.5714
     573      30.8789
     574      29.4995
     575      29.8009
     576      28.3676
     577      29.8416
     578      28.3446
     579      27.6212
     580      28.3527
     581      30.8825
     582      28.4386
     583      28.3405
     584      29.9277
     585      29.4933
     586      29.6621
     587      29.4517
     588      28.5543
     589      29.6760
     590      30.5255
     591      31.1927
     592      30.3095
     593      30.7105
     594      29.6953
     595      28.5750
     596      30.0725
     597      29.9547
     598      28.0107
     599      29.0955
     600      29.7762
     601      30.1453
     602      29.9221
     603      29.1791
     604      31.2385
     605      29.6138
     606      30.3078
     607      29.4933
     608      27.8175
     609      28.4019
     610      29.2256
     611      28.5468
     612      28.4196
     613      29.4371
     614      27.6776
     615      29.5223
     616      29.0482
     617      29.7037
     618      29.7727
     619      28.6819
     620      26.8761
     621      29.1545
     622      27.3370
     623      29.5344
     624      28.4826
     625      30.4437
     626      32.4247
     627      30.2590
     628      28.8693
     629      28.5813
     630      30.1861
     631      28.0700
     632      28.5768
     633      28.9404
     634      28.3836
     635      29.1775
     636      30.9862
     637      30.1944
     638      30.5455
     639      30.9592
     640      30.1305
     641      29.0907
     642      30.6930
     643      29.8835
     644      28.7524
     645      28.6793
     646      30.1221
     647      30.4280
     648      30.6236
     649      29.8340
     650      29.4124
     651      29.0327
     652      30.3154
     653      29.8929
     654      29.4830
     655      30.6321
     656      32.0852
     657      29.5689
     658      28.8263
     659      28.6545
     660      29.4262
     661      28.9208
     662      29.9519
     663      28.8967
     664      27.5031
     665      28.8583
     666      29.2284
     667      29.3852
     668      29.6216
     669      28.1475
     670      29.4131
     671      27.5745
     672      30.6578
     673      30.1087
     674      29.1538
     675      28.1153
     676      28.0590
     677      27.9566
     678      30.0556
     679      29.3774
     680      30.0147
     681      29.3524
     682      28.7249
     683      29.5899
     684      29.8008
     685      28.3761
     686      30.5694
     687      29.8971
     688      29.3986
     689      27.7952
     690      28.1659
     691      29.0653
     692      28.3103
     693      29.0651
     694      29.9568
     695      32.7481
     696      29.5617
     697      29.8955
     698      29.0473
     699      26.4273
     700      29.9002
     701      29.7103
     702      29.5074
     703      27.8739
     704      27.4662
     705      26.4681
     706      26.7407
     707      25.8007
     708      25.1306
     709      26.2429
     710      26.9480
     711      26.0248
     712      27.6459
     713      26.9528
     714      26.3152
     715      25.3301
     716      26.8734
     717      26.5751
     718      27.6491
     719      28.2105
     720      28.1583
     721      26.4473
     722      27.1637
     723      26.5839
     724      25.6716
     725      29.4176
     726      26.1246
     727      28.3558
     728      29.2949
     729      29.2638
     730      28.4051
     731      30.1863
     732      27.6875
     733      26.5254
     734      26.8115
     735      26.0983
     736      26.5981
     737      24.9918
     738      26.8324
     739      27.4784
     740      27.8223
     741      26.7864
     742      27.9110
     743      26.8052
     744      25.6216
     745      25.5179
     746      26.3168
     747      27.2896
     748      25.2111
     749      26.3836
     750      27.2307
     751      25.2571
     752      26.6045
     753      25.9714
     754      27.0540
     755      27.0876
     756      28.9624
     757      27.5602
     758      27.9605
     759      26.5270
     760      24.2983
     761      27.4613
     762      26.8402
     763      27.5217
     764      27.4787
     765      26.9493
     766      28.7872
     767      24.6173
     768      26.3643
     769      28.0866
     770      24.3544
     771      27.0340
     772      23.6247
     773      23.8462
     774      25.0988
     775      25.3001
     776      26.6531
     777      25.7000
     778      26.9444
     779      26.1624
     780      25.3730
     781      25.4266
     782      24.4328
     783      24.9198
     784      25.4474
     785      26.3904
     786      25.9051
     787      25.8545
     788      27.1041
     789      25.4896
     790      25.7270
     791      22.6045
     792      26.8893
     793      23.3910
     794      25.2416
     795      26.8871
     796      28.7417
     797      26.4572
     798      27.9834
     799      28.1881
     800      27.7236
     801      27.4776
     802      27.3917
     803      26.5407
     804      26.0958
     805      26.8479
     806      26.0277
     807      27.3639
     808      26.9126
     809      28.7473
     810      25.3979
     811      25.7235
     812      26.6904
     813      25.3230
     814      24.4381
     815      25.1696
     816      27.8994
     817      27.6594
     818      25.6128
     819      26.3397
     820      26.7797
     821      25.9035
     822      25.6929
     823      26.8228
     824      27.3721
     825      26.8874
     826      28.9648
     827      27.2014
     828      27.1700
     829      25.8534
     830      24.9946
     831      25.8873
     832      24.7957
     833      27.7374
     834      25.7041
     835      24.5052
     836      25.3607
     837      24.0834
     838      25.3983
     839      27.0247
     840      25.1409
     841      25.1666
     842      23.7094
     843      23.2441
     844      25.6853
     845      25.1299
     846      25.1477
     847      28.4347
     848      28.6679
     849      24.7236
     850      25.6369
     851      24.7523
     852      27.0761
     853      24.9726
     854      24.6426
     855      24.0332
     856      23.9669
     857      24.5944
     858      23.4256
     859      21.5869
     860      24.7991
     861      25.5427
     862      24.2251
     863      23.7052
     864      24.9203
     865      23.0131
     866      24.3423
     867      23.5457
     868      25.0486
     869      26.0958
     870      25.1082
     871      27.1424
     872      24.7865
     873      24.1463
     874      24.4824
     875      25.6897
     876      25.8503
     877      25.7949
     878      25.6629
     879      24.7053
     880      24.7302
     881      24.2523
     882      25.2817
     883      24.6417
     884      25.2101
     885      24.1520
     886      23.9205
     887      24.8745
     888      24.5240
     889      22.3051
     890      24.4068
     891      23.3993
     892      25.2636
     893      23.7932
     894      24.0167
     895      26.1286
     896      25.0568
     897      23.9908
     898      23.7280
     899      23.3283
     900      23.5765
     901      24.4603
     902      25.8230
     903      25.9179
     904      24.2767
     905      25.6040
     906      25.5817
     907      25.3724
     908      27.7731
     909      24.4715
     910      25.8713
     911      24.6286
     912      22.9484
     913      24.3467
     914      25.3378
     915      22.6252
     916      26.0725
     917      25.7221
     918      25.2722
     919      23.5644
     920      23.0300
     921      24.6266
     922      25.5185
     923      23.5998
     924      23.6732
     925      23.8019
     926      23.3764
     927      24.5209
     928      23.0671
     929      23.9570
     930      23.5772
     931      23.8093
     932      25.6752
     933      25.5679
     934      24.6375
     935      24.9020
     936      23.9054
     937      23.7624
     938      23.8520
     939      23.7796
     940      24.1445
     941      25.2991
     942      23.3292
     943      24.1760
     944      24.7665
     945      25.3343
     946      24.3685
     947      24.7823
     948      25.1569
     949      24.9706
     950      22.6437
     951      24.1522
     952      24.5167
     953      25.3699
     954      26.4448
     955      26.9095
     956      26.3889
     957      27.2097
     958      25.0239
     959      23.7567
     960      22.9580
     961      25.4248
     962      24.1577
     963      23.3099
     964      23.9294
     965      22.2993
     966      24.7121
     967      26.1536
     968      24.1354
     969      24.5292
     970      24.3926
     971      23.1077
     972      23.5973
     973      24.7742
     974      25.4728
     975      23.9119
     976      23.3462
     977      22.3812
     978      24.4500
     979      23.1667
     980      21.9342
     981      24.6042
     982      25.3685
     983      24.9723
     984      25.2812
     985      25.8065
     986      25.7655
     987      26.2717
     988      24.3933
     989      25.5621
     990      23.4939
     991      24.8573
     992      24.2550
     993      23.8100
     994      27.0543
     995      25.6684
     996      24.3100
     997      24.0833
     998      24.5365
     999      24.0765
    1000      25.0953
    1001      25.5703
    1002      23.5289
    1003      25.5526
    1004      24.0926
    1005      25.0458
    1006      24.9160
    1007      26.5529
    1008      24.9704
    1009      22.0570
    1010      21.8418
    1011      22.2616
    1012      20.9120
    1013      25.9943
    1014      24.6061
    1015      27.3193
    1016      25.5112
    1017      23.2316
    1018      23.1825
    1019      22.6047
    1020      23.4143
    1021      23.0985
    1022      24.3737
    1023      21.9001
    1024      24.2772
    1025      23.3904
    1026      23.7451
    1027      22.9565
    1028      24.4299
    1029      26.1662
    1030      27.1923
    1031      25.1111
    1032      25.6373
    1033      24.5706
    1034      24.2591
    1035      21.7656
    1036      22.6513
    1037      24.5202
    1038      24.3788
    1039      23.4825
    1040      24.3053
    1041      24.4997
    1042      25.3707
    1043      26.3333
    1044      24.4181
    1045      23.8767
    1046      24.4646
    1047      23.3999
    1048      25.4179
    1049      24.3662
    1050      23.6213
    1051      24.7527
    1052      23.6787
    1053      24.7078
    1054      23.5005
    1055      22.6507
    1056      22.6446
    1057      23.8603
    1058      24.1072
    1059      23.7501
    1060      22.1220
    1061      21.2001
    1062      22.4986
    1063      22.7836
    1064      25.6220
    1065      27.3002
    1066      24.8061
    1067      25.6796
    1068      23.8415
    1069      24.7492
    1070      23.4442
    1071      23.1988
    1072      24.3664
    1073      23.7090
    1074      24.6402
    1075      24.8983
    1076      25.7923
    1077      25.4637
    1078      24.1529
    1079      25.2093
    1080      22.4497
    1081      24.6839
    1082      24.9894
    1083      27.1884
    1084      27.4715
    1085      25.7442
    1086      27.0617
    1087      26.0888
    1088      25.5708
    1089      26.5025
    1090      29.1635
    1091      25.5631
    1092      26.4318
    1093      27.2594
    1094      24.5167
    1095      26.1584
    1096      25.8072
    1097      25.4629
    1098      24.8642
    1099      28.3121
    1100      27.3356
    1101      27.6673
    1102      24.9641
    1103      24.7778
    1104      26.9911
    1105      27.9471
    1106      26.3445
    1107      25.7331
    1108      24.3143
    1109      26.9405
    1110      25.8460
    1111      25.6098
    1112      24.5428
    1113      24.5658
    1114      24.5977
    1115      25.5666
    1116      25.7726
    1117      25.8082
    1118      24.8279
    1119      26.5311
    1120      26.3733
    1121      25.6505
    1122      26.7075
    1123      26.5633
    1124      27.4942
    1125      28.2310
    1126      26.4145
    1127      25.9938
    1128      24.6799
    1129      26.5171
    1130      25.5379
    1131      28.3655
    1132      28.5440
    1133      26.2286
    1134      25.9080
    1135      26.8344
    1136      27.6028
    1137      30.5084
    1138      26.2081
    1139      29.2027
    1140      28.0628
    1141      26.9085
    1142      26.9055
    1143      23.6930
    1144      24.6740
    1145      25.1983
    1146      24.6731
    1147      24.7052
    1148      25.6308
    1149      25.1473
    1150      23.8960
    1151      24.5833
    1152      28.1924
    1153      27.7287
    1154      26.7764
    1155      27.1873
    1156      29.2151
    1157      28.8109
    1158      26.8155
    1159      28.6121
    1160      28.5043
    1161      28.2892
    1162      26.4156
    1163      26.9675
    1164      24.1907
    1165      26.5767
    1166      25.5748
    1167      28.3652
    1168      27.1235
    1169      27.7390
    1170      27.1551
    1171      25.8638
    1172      26.3515
    1173      28.7322
    1174      28.4367
    1175      28.8300
    1176      29.7267
    1177      28.9084
    1178      26.9230
    1179      27.2753
    1180      26.0710
    1181      24.1033
    1182      24.6551
    1183      25.9866
    1184      25.0585
    1185      23.4917
    1186      24.5688
    1187      23.5738
    1188      24.8367
    1189      26.7863
    1190      27.5603
    1191      27.0974
    1192      28.2762
    1193      26.2228
    1194      30.0314
    1195      29.9226
    1196      32.2627
    1197      29.4251
    1198      31.9441
    1199      33.8234
    1200      32.2133
    1201      31.4470
    1202      29.1337
    1203      29.2507
    1204      28.2629
    1205      29.9835
    1206      29.7142
    1207      28.4977
    1208      28.6851
    1209      27.2548
    1210      28.7858
    1211      29.7453
    1212      29.1489
    1213      30.1668
    1214      30.4059
    1215      29.4321
    1216      31.1669
    1217      29.3531
    1218      25.6717
    1219      29.7059
    1220      32.5652
    1221      33.4411
    1222      31.1808
    1223      29.6916
    1224      30.8294
    1225      31.2608
    1226      30.5996
    1227      31.5489
    1228      30.8907
    1229      31.9820
    1230      31.6373
    1231      30.7749
    1232      29.4775
    1233      30.2401
    1234      28.8203
    1235      30.9706
    1236      29.1696
    1237      29.8084
    1238      29.2919
    1239      30.4220
    1240      32.0453
    1241      30.9756
    1242      29.0996
    1243      29.1068
    1244      29.2829
    1245      27.9542
    1246      28.5812
    1247      29.6995
    1248      30.1662
    1249      29.2560
    1250      28.2834
    1251      29.4897
    1252      28.3475
    1253      30.5563
    1254      29.2551
    1255      27.7218
    1256      27.6004
    1257      25.2123
    1258      27.2406
    1259      28.9357
    1260      27.5173
    1261      28.3874
    1262      27.0246
    1263      27.3062
    1264      28.8376
    1265      27.4574
    1266      28.4583
    1267      28.6911
    1268      30.0865
    1269      30.8869
    1270      31.6527
    1271      29.3778
    1272      29.1143
    1273      29.7476
    1274      29.1555
    1275      28.9274
    1276      29.5929
    1277      29.1453
    1278      29.4991
    1279      29.7059
    1280      32.4860
    1281      30.8569
    1282      32.3838
    1283      33.2217
    1284      31.1918
    1285      31.5541
    1286      30.8060
    1287      28.7465
    1288      29.5060
    1289      32.0953
    1290      30.8600
    1291      29.6411
    1292      29.6898
    1293      29.9205
    1294      31.7682
    1295      29.2126
    1296      29.2954
    1297      32.2281
    1298      30.9220
    1299      30.3416
    1300      28.8494
    1301      30.0646
    1302      30.4052
    1303      31.4092
    1304      31.5593
    1305      29.8136
    1306      30.2079
    1307      32.4338
    1308      29.6235
    1309      29.5864
    1310      30.8023
    1311      30.2803
    1312      27.7475
    1313      25.7384
    1314      25.5278
    1315      28.1713
    1316      30.9602
    1317      27.0190
    1318      25.8748
    1319      26.1457
    1320      26.8314
    1321      25.9964
    1322      25.2906
    1323      28.2835
    1324      25.3178
    1325      26.5699
    1326      26.4469
    1327      27.4857
    1328      28.5357
    1329      27.6577
    1330      29.4493
    1331      31.5058
    1332      31.6452
    1333      29.5015
    1334      30.3229
    1335      28.9627
    1336      31.8147
    1337      30.2624
    1338      31.1736
    1339      29.7775
    1340      29.0287
    1341      32.2024
    1342      30.7792
    1343      30.7289
    1344      29.0262
    1345      30.7290
    1346      27.8308
    1347      30.4318
    1348      32.8650
    1349      30.7796
    1350      30.8149
    1351      31.7216
    1352      32.0078
    1353      31.6719
    1354      29.9990
    1355      31.0727
    1356      28.0678
    1357      27.2410
    1358      27.0884
    1359      30.1730
    1360      33.5315
    1361      29.9633
    1362      31.5921
    1363      29.5021
    1364      28.3470
    1365      28.3349
    1366      26.7006
    1367      29.1823
    1368      30.1877
    1369      28.2995
    1370      27.6984
    1371      28.7964
    1372      27.6741
    1373      30.0090
    1374      29.0749
    1375      29.0420
    1376      28.0644
    1377      31.4890
    1378      30.0647
    1379      32.0808
    1380      31.9302
    1381      30.0760
    1382      29.8754
    1383      29.6199
    1384      29.8230
    1385      31.0941
    1386      28.9935
    1387      28.7150
    1388      29.3206
    1389      28.8743
    1390      27.4989
    1391      27.0362
    1392      28.1134
    1393      27.3558
    1394      27.9517
    1395      31.0081
    1396      29.9246
    1397      29.2576
    1398      31.2387
    1399      31.7197
    1400      30.5058
    1401      30.7181
    1402      29.7276
    1403      31.6470
    1404      29.0797
    1405      31.4163
    1406      32.4998
    1407      30.9167
    1408      32.5761
    1409      31.8475
    1410      32.5716
    1411      32.8395
    1412      34.5000
    1413      33.9537
    1414      33.3721
    1415      31.6667
    1416      32.3814
    1417      32.1741
    1418      31.1076
    1419      31.0809
    1420      30.5014
    1421      31.1075
    1422      30.2528
    1423      31.8984
    1424      31.0877
    1425      33.3559
    1426      30.8849
    1427      31.2804
    1428      30.6337
    1429      32.7246
    1430      30.5450
    1431      31.7863
    1432      32.7225
    1433      32.8603
    1434      34.2113
    1435      32.9807
    1436      29.9181
    1437      28.4150
    1438      30.5104
    1439      32.3738
    1440      31.0014
    1441      32.4866
    1442      32.4461
    1443      31.0443
    1444      31.3738
    1445      33.6958
    1446      31.0566
    1447      31.7210
    1448      31.7501
    1449      30.1895
    1450      30.1250
    1451      31.6678
    1452      29.9574
    1453      30.0893
    1454      30.7063
    1455      30.7051
    1456      28.5397
    1457      28.1399
    1458      30.2535
    1459      29.2055
    1460      29.3448
    1461      28.2012
    1462      30.5342
    1463      29.2605
    1464      29.6206
    1465      29.2232
    1466      30.0243
    1467      30.2840
    1468      30.5216
    1469      29.0031
    1470      30.7957
    1471      31.7146
    1472      30.4830
    1473      30.7967
    1474      29.5881
    1475      29.9700
    1476      28.6449
    1477      32.2183
    1478      29.3236
    1479      30.2290
    1480      27.2804
    1481      30.3866
    1482      30.6194
    1483      29.9472
    1484      28.5815
    1485      28.1358
    1486      27.3662
    1487      27.1372
    1488      27.6170
    1489      29.7539
    1490      29.2216
    1491      30.8951
    1492      29.0380
    1493      31.0970
    1494      30.0658
    1495      29.2834
    1496      29.1370
    1497      29.0880
    1498      27.7611
    1499      28.3515
    1500      27.9399
    1501      27.0474
    1502      27.9692
    1503      29.6061
    1504      29.7899
    1505      30.4110
    1506      30.6008
    1507      31.2468
    1508      32.1436
    1509      31.8572
    1510      33.2348
    1511      33.1301
    1512      31.5212
    1513      30.9871
    1514      32.4201
    1515      31.7563
    1516      30.4089
    1517      30.0092
    1518      32.4597
    1519      31.7325
    1520      32.0874
    1521      31.9212
    1522      31.0465
    1523      30.7492
    1524      32.0746
    1525      32.2681
    1526      32.8490
    1527      32.2290
    1528      31.0254
    1529      31.7049
    1530      33.6156
    1531      32.9008
    1532      31.8629
    1533      31.5035
    1534      32.0011
    1535      32.5583
    1536      32.4356
    1537      32.4253
    1538      31.6645
    1539      30.6199
    1540      31.5707
    1541      32.4261
    1542      32.4284
    1543      33.6403
    1544      34.2949
    1545      33.2260
    1546      32.7847
    1547      31.7237
    1548      28.9841
    1549      30.2578
    1550      33.8320
    1551      31.8868
    1552      31.8894
    1553      29.9455
    1554      27.8675
    1555      29.8366
    1556      28.6871
    1557      31.0271
    1558      29.5820
    1559      30.6270
    1560      30.2435
    1561      30.0514
    1562      30.6859
    1563      32.7329
    1564      29.8852
    1565      32.1853
    1566      30.9788
    1567      31.4964
    1568      30.6560
    1569      30.9282
    1570      31.3894
    1571      31.3832
    1572      31.5242
    1573      30.7000
    1574      31.7947
    1575      30.8099
    1576      30.9093
    1577      31.0392
    1578      29.4673
    1579      30.4413
    1580      32.3880
    1581      30.3184
    1582      31.1060
    1583      29.7693
    1584      29.8287
    1585      29.7513
    1586      31.1190
    1587      29.5562
    1588      30.4195
    1589      29.8527
    1590      31.4034
    1591      32.5253
    1592      30.1469
    1593      32.8793
    1594      32.8594
    1595      33.2855
    1596      32.7845
    1597      31.7004
    1598      31.9004
    1599      33.5686
    1600      33.2024
    1601      32.3185
    1602      33.2482
    1603      33.0516
    1604      32.1688
    1605      30.2393
    1606      31.5743
    1607      31.4737
    1608      30.9310
    1609      32.2655
    1610      32.8823
    1611      32.4604
    1612      32.3104
    1613      32.2064
    1614      31.8674
    1615      31.6793
    1616      32.1577
    1617      32.4647
    1618      31.2898
    1619      29.9129
    1620      30.9323
    1621      29.1370
    1622      29.3297
    1623      31.3362
    1624      29.9078
    1625      28.9241
    1626      28.1391
    1627      27.1245
    1628      27.2701
    1629      29.1994
    1630      27.7101
    1631      26.7503
    1632      30.6088
    1633      33.8935
    1634      35.1095
    1635      34.9135
    1636      29.9231
    1637      28.0633
    1638      31.5556
    1639      30.4570
    1640      29.3914
    1641      29.3658
    1642      29.8476
    1643      31.3060
    1644      30.7475
    1645      30.4788
    1646      29.5677
    1647      30.6901
    1648      33.2881
    1649      32.0957
    1650      32.5309
    1651      30.4008
    1652      32.4328
    1653      32.8255
    1654      30.0215
    1655      30.1995
    1656      30.0787
    1657      28.8406
    1658      31.1974
    1659      30.4879
    1660      29.8720
    1661      29.2835
    1662      28.8830
    1663      28.7646
    1664      30.4727
    1665      30.0490
    1666      29.4725
    1667      32.2076
    1668      32.1144
    1669      32.3381
    1670      31.0891
    1671      30.3218
    1672      31.1893
    1673      33.3692
    1674      31.5823
    1675      31.0847
    1676      29.0469
    1677      30.3786
    1678      30.4113
    1679      29.6373
    1680      29.4906
    1681      29.2753
    1682      27.1496
    1683      27.9850
    1684      29.3445
    1685      30.0434
    1686      30.4319
    1687      29.7914
    1688      28.9969
    1689      30.0629
    1690      31.3327
    1691      32.6262
    1692      35.0896
    1693      32.4101
    1694      34.8521
    1695      35.6237
    1696      34.7202
    1697      36.7802
    1698      35.9451
    1699      37.2876
    1700      33.6108
    1701      33.4400
    1702      33.8110
    1703      33.5776
    1704      34.5147
    1705      33.7390
    1706      34.5199
    1707      33.2778
    1708      34.0380
    1709      31.4414
    1710      32.1639
    1711      31.4072
    1712      30.7001
    1713      31.9496
    1714      32.7884
    1715      32.6134
    1716      36.2965
    1717      34.8268
    1718      37.2394
    1719      32.3358
    1720      33.6641
    1721      31.2879
    1722      33.0684
    1723      32.7117
    1724      34.7947
    1725      36.5384
    1726      35.7458
    1727      34.6001
    1728      34.2821
    1729      34.0970
    1730      34.4867
    1731      35.4066
    1732      37.3444
    1733      34.0892
    1734      35.3053
    1735      33.4773
    1736      30.4121
    1737      33.1759
    1738      33.4244
    1739      34.7529
    1740      33.9276
    1741      35.6000
    1742      32.6530
    1743      36.5781
    1744      36.8250
    1745      35.5977
    1746      34.6224
    1747      32.3534
    1748      31.2339
    1749      34.8516
    1750      33.3718
    1751      34.0414
    1752      32.4691
    1753      33.0596
    1754      33.5709
    1755      32.8670
    1756      32.9738
    1757      34.1219
    1758      34.5303
    1759      30.7194
    1760      32.4605
    1761      31.6662
    1762      29.7464
    1763      31.4159
    1764      32.2038
    1765      33.5892
    1766      31.7622
    1767      31.6447
    1768      31.0767
    1769      34.2729
    1770      33.3214
    1771      32.0674
    1772      31.9707
    1773      31.0939
    1774      32.9760
    1775      32.5073
    1776      33.1625
    1777      32.3139
    1778      33.6275
    1779      31.9637
    1780      31.7704
    1781      32.3718
    1782      29.5002
    1783      32.6986
    1784      32.6684
    1785      28.1333
    1786      31.1226
    1787      30.8163
    1788      29.9500
    1789      32.2808
    1790      32.2065
    1791      31.3281
    1792      31.4195
    1793      30.9055
    1794      31.5825
    1795      29.8175
    1796      29.4330
    1797      28.0508
    1798      30.6652
    1799      30.1637
    1800      31.0298
    1801      29.0693
    1802      29.8568
    1803      28.3475
    1804      27.9152
    1805      29.1752
    1806      29.0854
    1807      30.5213
    1808      27.8204
    1809      29.9544
    1810      32.5184
    1811      30.1135
    1812      32.1587
    1813      33.4170
    1814      33.1318
    1815      31.9719
    1816      32.8052
    1817      35.5360
    1818      33.5785
    1819      36.0737
    1820      35.1283
    1821      35.8983
    1822      34.6122
    1823      35.3514
    1824      35.8382
    1825      37.3483
    1826      41.1978
    1827      35.9540
    1828      36.7118
    1829      34.9889
    1830      30.3539
    1831      32.4448
    1832      33.5086
    1833      34.7688
    1834      32.3765
    1835      35.7601
    1836      34.8158
    1837      33.7892
    1838      32.5580
    1839      31.9659
    1840      29.9402
    1841      31.4254
    1842      31.3718
    1843      31.5934
    1844      33.1522
    1845      34.9110
    1846      36.8129
    1847      33.1514
    1848      31.2356
    1849      34.3890
    1850      32.9152
    1851      32.0441
    1852      32.6078
    1853      32.9315
    1854      31.5235
    1855      35.7802
    1856      37.0176
    1857      36.9301
    1858      33.8847
    1859      33.7824
    1860      34.8691
    1861      34.0114
    1862      32.8528
    1863      32.8095
    1864      34.8310
    1865      33.3687
    1866      32.7315
    1867      34.9791
    1868      33.1035
    1869      34.4356
    1870      35.5189
    1871      36.7660
    1872      34.4244
    1873      32.4542
    1874      34.8368
    1875      35.4411
    1876      33.9805
    1877      38.3752
    1878      37.0084
    1879      36.7232
    1880      37.4580
    1881      33.5629
    1882      36.1630
    1883      35.7125
    1884      34.6833
    1885      32.5184
    1886      32.3586
    1887      34.7049
    1888      34.7877
    1889      35.0451
    1890      34.0040
    1891      35.8519
    1892      37.5154
    1893      41.4615
    1894      35.3125
    1895      38.1397
    1896      37.8523
    1897      37.7510
    1898      36.0675
    1899      36.6859
    1900      33.4107
    1901      34.3178
    1902      31.7982
    1903      35.1492
    1904      33.9197
    1905      33.7034
    1906      32.8515
    1907      32.9658
    1908      32.9774
    1909      33.3978
    1910      33.4349
    1911      35.2083
    1912      35.5442
    1913      38.0531
    1914      35.2034
    1915      35.8925
    1916      36.8794
    1917      37.0378
    1918      40.0742
    1919      38.6399
    1920      35.7882
    1921      35.0478
    1922      35.8555
    1923      35.3501
    1924      36.9386
    1925      39.7086
    1926      39.7754
    1927      39.5810
    1928      38.1449
    1929      38.2192
    1930      37.7689
    1931      38.9837
    1932      40.1986
    1933      37.6178
    1934      38.5561
    1935      39.6768
    1936      38.9995
    1937      37.3316
    1938      34.8569
    1939      33.8196
    1940      34.1386
    1941      35.0903
    1942      34.0238
    1943      34.7629
    1944      35.7614
    1945      34.6947
    1946      34.1181
    1947      34.2533
    1948      34.2491
    1949      34.0176
    1950      34.3425
    1951      35.1507
    1952      34.5737
    1953      32.8345
    1954      31.7457
    1955      34.3467
    1956      31.6157
    1957      31.8235
    1958      36.3484
    1959      34.7880
    1960      33.6949
    1961      34.5940
    1962      32.2151
    1963      33.7584
    1964      33.5860
    1965      31.7959
    1966      32.1495
    1967      33.4139
    1968      33.1323
    1969      32.2537
    1970      33.5225
    1971      31.4837
    1972      32.2938
    1973      34.9650
    1974      31.6890
    1975      31.2376
    1976      32.0025
    1977      31.7642
    1978      32.8746
    1979      30.6273
    1980      33.8993
    1981      32.8033
    1982      34.5195
    1983      33.6772
    1984      33.9935
    1985      32.1806
    1986      30.6377
    1987      33.0675
    1988      31.5306
    1989      31.1006
    1990      32.4556
    1991      32.1866
    1992      33.3275
    1993      31.4152
    1994      30.3647
    1995      31.5080
    1996      30.6910
    1997      31.1335
    1998      33.4577
    1999      31.9975
    2000      33.2969
