#Frame     end-to-end
       1      40.8735
       2      45.2902
       3      42.4624
       4      41.0749
       5      43.1670
       6      45.0899
       7      43.8349
       8      44.1019
       9      46.9761
      10      46.1341
      11      44.8590
      12      45.8542
      13      42.8248
      14      43.5716
      15      48.3048
      16      46.8087
      17      47.8313
      18      45.8159
      19      49.9638
      20      46.4464
      21      48.5999
      22      47.9892
      23      49.4966
      24      46.9021
      25      47.5233
      26      44.0955
      27      44.6937
      28      46.8036
      29      44.4186
      30      44.8503
      31      46.2125
      32      44.4701
      33      41.3577
      34      42.8036
      35      43.1241
      36      43.3152
      37      46.5172
      38      42.5180
      39      45.2875
      40      44.7519
      41      44.6042
      42      43.1103
      43      44.5329
      44      46.3965
      45      50.3211
      46      53.0082
      47      51.8901
      48      52.8410
      49      55.9616
      50      54.7355
      51      56.9380
      52      59.7141
      53      59.4962
      54      59.0648
      55      58.9245
      56      59.1901
      57      59.2576
      58      60.1580
      59      61.8425
      60      61.4820
      61      60.4381
      62      58.0509
      63      57.4482
      64      54.0811
      65      54.4679
      66      55.3213
      67      57.8509
      68      64.5430
      69      63.8408
      70      66.1225
      71      65.1694
      72      60.9608
      73      63.1559
      74      63.9014
      75      58.3807
      76      58.2830
      77      61.3563
      78      56.8239
      79      58.5266
      80      57.6789
      81      55.1552
      82      58.3845
      83      49.9252
      84      49.9948
      85      45.2257
      86      47.6210
      87      50.0824
      88      50.8325
      89      49.5554
      90      47.9387
      91      48.0224
      92      50.6155
      93      46.0522
      94      46.9543
      95      45.3435
      96      46.1989
      97      48.0825
      98      47.0099
      99      45.6763
     100      46.1820
     101      44.5331
     102      47.5519
     103      45.2223
     104      43.2680
     105      42.6054
     106      43.4628
     107      43.6267
     108      45.8805
     109      41.6010
     110      41.5520
     111      41.3303
     112      42.6566
     113      46.3943
     114      43.6477
     115      44.9503
     116      44.8674
     117      44.9311
     118      45.7104
     119      45.2843
     120      42.6794
     121      42.0898
     122      44.6719
     123      49.7463
     124      54.7643
     125      54.1295
     126      56.4406
     127      53.8130
     128      50.5526
     129      52.8235
     130      52.6575
     131      48.5809
     132      46.0256
     133      44.7749
     134      42.3847
     135      45.3155
     136      45.0449
     137      48.4082
     138      50.3281
     139      46.1415
     140      48.1278
     141      48.7608
     142      47.9401
     143      52.3696
     144      53.5711
     145      54.0909
     146      52.4352
     147      53.7225
     148      54.6278
     149      51.8089
     150      56.7794
     151      61.8745
     152      54.6073
     153      53.1990
     154      53.7778
     155      52.4793
     156      50.3224
     157      48.9656
     158      47.9393
     159      48.2619
     160      47.6159
     161      44.6805
     162      49.2809
     163      48.9846
     164      51.8819
     165      49.6391
     166      48.5925
     167      50.4930
     168      45.6906
     169      50.1936
     170      49.6412
     171      45.7545
     172      46.3012
     173      45.7992
     174      46.1827
     175      43.6449
     176      46.2172
     177      41.9637
     178      42.3426
     179      42.7765
     180      41.7413
     181      42.1906
     182      44.2123
     183      44.9807
     184      47.4521
     185      46.7331
     186      48.5712
     187      45.4348
     188      48.7154
     189      48.1116
     190      45.8136
     191      45.3245
     192      47.4142
     193      44.3753
     194      47.9779
     195      49.0429
     196      46.6744
     197      49.0010
     198      44.7080
     199      46.4054
     200      50.3760
     201      47.8599
     202      47.9138
     203      46.3016
     204      48.4909
     205      46.5368
     206      43.0232
     207      41.2327
     208      42.1005
     209      40.8155
     210      40.3973
     211      44.8483
     212      45.2191
     213      45.6140
     214      45.1241
     215      44.8259
     216      43.6765
     217      45.1121
     218      44.3201
     219      44.2184
     220      44.0862
     221      44.8752
     222      44.1935
     223      42.8815
     224      43.2651
     225      45.3646
     226      44.0209
     227      42.7135
     228      42.5767
     229      45.4823
     230      47.9692
     231      46.2408
     232      49.2277
     233      47.3365
     234      45.3985
     235      43.5636
     236      45.8514
     237      42.7907
     238      43.9486
     239      42.0420
     240      44.4088
     241      46.3677
     242      45.7712
     243      45.1351
     244      45.5101
     245      46.5986
     246      47.1971
     247      48.1220
     248      47.8672
     249      46.5646
     250      44.9481
     251      49.2119
     252      50.0250
     253      44.6167
     254      43.5624
     255      44.2669
     256      42.8730
     257      44.2214
     258      44.2398
     259      43.1411
     260      44.7605
     261      47.3929
     262      46.7068
     263      47.0639
     264      50.6620
     265      45.3666
     266      44.0745
     267      45.6633
     268      48.2473
     269      44.4490
     270      47.4506
     271      47.0793
     272      44.4016
     273      46.4207
     274      46.0770
     275      47.8227
     276      45.4036
     277      45.1718
     278      46.3997
     279      47.1561
     280      44.3408
     281      43.3951
     282      45.4387
     283      45.0902
     284      46.3379
     285      43.5537
     286      46.2135
     287      46.6441
     288      45.4467
     289      44.4147
     290      45.7557
     291      44.6488
     292      43.5288
     293      43.2390
     294      42.9880
     295      41.9042
     296      43.9949
     297      45.7673
     298      44.9838
     299      45.4248
     300      48.4911
     301      45.2706
     302      43.7023
     303      44.3878
     304      42.7581
     305      44.2362
     306      46.2155
     307      42.7981
     308      44.4688
     309      43.6021
     310      42.5272
     311      42.9247
     312      44.1122
     313      44.4820
     314      43.1683
     315      43.0446
     316      44.9723
     317      41.3269
     318      41.4759
     319      43.3135
     320      43.6950
     321      43.8162
     322      42.8655
     323      45.6590
     324      47.4768
     325      50.5031
     326      50.0924
     327      49.0625
     328      45.7378
     329      47.8289
     330      48.7379
     331      46.2240
     332      49.9885
     333      50.9029
     334      46.8757
     335      45.9021
     336      42.4607
     337      44.5885
     338      43.3797
     339      45.7092
     340      44.4085
     341      43.1137
     342      43.9274
     343      41.3559
     344      44.3927
     345      45.1544
     346      47.0642
     347      47.4204
     348      48.7877
     349      46.7006
     350      47.2855
     351      45.4102
     352      47.2804
     353      43.7386
     354      44.0746
     355      46.4920
     356      43.6281
     357      46.8179
     358      45.6956
     359      45.1885
     360      43.7235
     361      42.9165
     362      46.4641
     363      46.4137
     364      46.9887
     365      45.8067
     366      45.9871
     367      47.1659
     368      46.3093
     369      46.9752
     370      44.9309
     371      45.8234
     372      43.4613
     373      44.8462
     374      45.9575
     375      45.4198
     376      46.3232
     377      45.9000
     378      45.4924
     379      43.2640
     380      43.1498
     381      45.9045
     382      44.2031
     383      46.3286
     384      43.8236
     385      43.2786
     386      44.4242
     387      43.5461
     388      44.4025
     389      44.0192
     390      43.2973
     391      45.5395
     392      43.6202
     393      49.9279
     394      47.3163
     395      47.4356
     396      47.2934
     397      48.2567
     398      46.7427
     399      46.2904
     400      45.6721
     401      47.2493
     402      49.4675
     403      48.1007
     404      48.0233
     405      46.1452
     406      47.1516
     407      46.2127
     408      46.4901
     409      48.8731
     410      48.0086
     411      49.4247
     412      48.9689
     413      48.3254
     414      45.6556
     415      45.3632
     416      42.5978
     417      48.5561
     418      43.7301
     419      45.2050
     420      46.4115
     421      46.0221
     422      45.6210
     423      43.4769
     424      44.8839
     425      42.8067
     426      42.6626
     427      41.0367
     428      42.9355
     429      45.1615
     430      45.3339
     431      44.6859
     432      42.6913
     433      43.4370
     434      44.3226
     435      43.3401
     436      46.2068
     437      44.0280
     438      45.9443
     439      47.2314
     440      47.2354
     441      43.7262
     442      44.9908
     443      42.3710
     444      39.2397
     445      39.7472
     446      43.9419
     447      41.4025
     448      45.7158
     449      47.0148
     450      44.4257
     451      43.0518
     452      44.7168
     453      45.0086
     454      44.3056
     455      47.1044
     456      42.5191
     457      44.7804
     458      44.4460
     459      47.1354
     460      47.6607
     461      46.5028
     462      48.5123
     463      45.7562
     464      45.2360
     465      46.8670
     466      44.2055
     467      39.7360
     468      44.3508
     469      46.4662
     470      46.3050
     471      45.8802
     472      46.2622
     473      45.8851
     474      47.0562
     475      48.3555
     476      48.3655
     477      51.0489
     478      44.7253
     479      44.3281
     480      49.4290
     481      55.9688
     482      54.9497
     483      57.4720
     484      60.6864
     485      62.9247
     486      63.7514
     487      59.7682
     488      62.9729
     489      66.8663
     490      64.8788
     491      71.1065
     492      67.8063
     493      70.8751
     494      73.3908
     495      75.4881
     496      74.3045
     497      76.1127
     498      73.5523
     499      72.8250
     500      74.4563
     501      78.3627
     502      78.9760
     503      80.6498
     504      80.6950
     505      85.2805
     506      87.7301
     507      87.6651
     508      90.7148
     509      92.7276
     510      95.0441
     511      93.4852
     512      89.8078
     513      92.9074
     514      94.3058
     515      89.9467
     516      89.9975
     517      88.1003
     518      89.4229
     519      90.9389
     520      87.8219
     521      85.7836
     522      86.3775
     523      89.2454
     524      92.1994
     525      92.6824
     526      89.8396
     527      93.4532
     528      96.0582
     529      93.4745
     530     101.3517
     531      99.6957
     532      98.3213
     533      97.7244
     534     101.7976
     535     102.5167
     536     104.4577
     537     108.0793
     538     107.5535
     539     107.8231
     540     108.7065
     541     109.8982
     542     105.1822
     543     102.3311
     544     105.7424
     545     100.6319
     546      97.6381
     547     101.7110
     548      99.6793
     549     100.1460
     550     101.1562
     551     102.6266
     552     100.4231
     553     102.5287
     554     102.6891
     555      98.5162
     556      96.7503
     557      96.3305
     558      93.9644
     559      96.7478
     560      95.0386
     561      94.7832
     562      93.0965
     563      93.1527
     564      93.4614
     565      92.2455
     566      95.7511
     567      98.0350
     568      99.2724
     569     102.9550
     570     101.6801
     571     100.0823
     572      98.4861
     573     102.2809
     574      97.6448
     575      95.4969
     576      95.9818
     577      89.7629
     578      85.8348
     579      90.7995
     580      94.3784
     581      93.1752
     582      92.2635
     583      95.6784
     584      95.7503
     585      97.4353
     586      98.3533
     587     100.6420
     588      97.3994
     589      95.0060
     590      94.1042
     591      95.9910
     592      95.4690
     593      92.4858
     594      92.2661
     595      89.5878
     596      88.4763
     597      86.4434
     598      86.4007
     599      84.5534
     600      85.6323
     601      87.4780
     602      89.8624
     603      92.7648
     604      93.9440
     605      94.9776
     606      90.0320
     607      91.8220
     608      92.5106
     609      91.8165
     610      92.0381
     611      92.9313
     612      91.8457
     613      91.0210
     614      95.4698
     615      97.2020
     616      96.8037
     617      90.9335
     618      93.7370
     619     100.8197
     620      94.7771
     621      95.5724
     622      94.2587
     623      98.5832
     624      94.6500
     625      92.2056
     626      92.6443
     627      93.2651
     628      95.5031
     629      93.5828
     630      94.7582
     631      98.4494
     632      97.4342
     633     100.1976
     634      95.3448
     635      96.8307
     636      90.4572
     637      89.9223
     638      94.0074
     639      96.7445
     640      96.7904
     641      94.5272
     642      99.2956
     643     102.2854
     644     102.2862
     645      98.8862
     646      95.5216
     647      96.3438
     648      91.7805
     649      96.4748
     650      96.7855
     651      96.6587
     652      97.7391
     653      95.2494
     654      93.5434
     655      94.0709
     656     101.9465
     657     100.7010
     658     101.9638
     659     104.4182
     660     105.9419
     661     107.0798
     662     105.4661
     663     106.7276
     664     101.5678
     665     106.2197
     666     104.6071
     667     105.4866
     668     102.9267
     669     100.7290
     670      97.6861
     671      99.4121
     672     104.1441
     673     100.1755
     674     104.3846
     675     101.5578
     676      98.2628
     677      99.0653
     678     101.5818
     679     102.3049
     680     105.5392
     681     102.6365
     682     106.6279
     683     104.7426
     684     103.7158
     685     104.7595
     686     106.6276
     687     102.9952
     688     104.1081
     689     103.0202
     690     102.5820
     691      99.9326
     692     103.7612
     693     104.1666
     694     103.9239
     695     105.8184
     696     105.7061
     697     101.7621
     698     103.8920
     699     105.5198
     700      99.3487
     701      99.0327
     702      94.2726
     703      95.3910
     704      99.8527
     705     103.6840
     706     103.2723
     707     103.0093
     708     104.2386
     709     102.6262
     710     104.8226
     711     102.6431
     712     104.2277
     713     105.2789
     714     104.7088
     715     105.7996
     716     105.1610
     717     105.2326
     718     106.3396
     719     104.7256
     720     106.4324
     721     105.8043
     722     108.0966
     723     103.9953
     724     107.7729
     725     107.6403
     726     106.1572
     727     103.1377
     728     104.6868
     729     107.0614
     730     105.4363
     731     105.4821
     732     102.8423
     733     105.4544
     734     103.4761
     735     105.0511
     736     106.2541
     737     104.1677
     738     104.3044
     739     105.6013
     740     102.3673
     741     107.9844
     742     106.9495
     743     104.1019
     744     106.0663
     745     104.5233
     746     106.1264
     747     109.1740
     748     112.1922
     749     112.6638
     750     111.6703
     751     108.1232
     752     105.9297
     753     106.0264
     754     108.3128
     755     105.9382
     756     104.0329
     757     103.8942
     758     103.2976
     759     105.3418
     760     110.1789
     761     107.8436
     762     113.2311
     763     112.7038
     764     114.8236
     765     114.3034
     766     113.8861
     767     117.5446
     768     116.6226
     769     115.5600
     770     111.5229
     771     113.0342
     772     113.7856
     773     111.5295
     774     109.5277
     775     107.8033
     776     103.3350
     777     106.5372
     778     104.0185
     779     107.5793
     780     108.5514
     781     111.4303
     782     107.5660
     783     109.9355
     784     110.7305
     785     113.1693
     786     112.5633
     787     117.6410
     788     112.9348
     789     108.7354
     790     112.3303
     791     108.8674
     792     110.2591
     793     110.6733
     794     113.5018
     795     111.3158
     796     114.0224
     797     114.9657
     798     113.9318
     799     113.6905
     800     116.0352
     801     112.1606
     802     115.3833
     803     118.9136
     804     115.9534
     805     118.2351
     806     119.0050
     807     118.8790
     808     117.0888
     809     117.1999
     810     118.9805
     811     121.3848
     812     121.2891
     813     118.3144
     814     117.1611
     815     118.6059
     816     116.4835
     817     117.4709
     818     116.6644
     819     116.3086
     820     109.6388
     821     105.8636
     822     107.1529
     823     106.6866
     824     109.3271
     825     107.7178
     826     109.9588
     827     103.5986
     828     100.5926
     829      99.4627
     830     102.1474
     831     101.8235
     832     104.6622
     833     102.9430
     834     101.9177
     835     101.8887
     836     103.3373
     837     106.1450
     838     104.6305
     839     102.8728
     840     106.6109
     841     106.5594
     842     108.2677
     843     106.4103
     844     106.4422
     845     105.5801
     846     104.9606
     847     106.7160
     848     105.6843
     849     107.8794
     850     101.7868
     851     104.1092
     852     107.9535
     853     104.0888
     854     108.7921
     855     102.9213
     856     107.6098
     857     109.2815
     858     105.0836
     859     107.8939
     860     105.8516
     861     106.7701
     862     106.8655
     863     104.6005
     864     100.7943
     865     106.2683
     866     110.2787
     867     107.7849
     868     109.9266
     869     111.9359
     870     107.6804
     871     109.1772
     872     109.1186
     873     109.1802
     874     108.9636
     875     107.2092
     876     108.1866
     877     111.4185
     878     108.0381
     879     109.6782
     880     108.5829
     881     108.1122
     882     107.6656
     883     109.4763
     884     109.3662
     885     109.3053
     886     106.9421
     887     108.0594
     888     106.4764
     889      98.5448
     890      97.5539
     891     102.1459
     892      99.5995
     893     104.6286
     894     102.0596
     895     103.9386
     896     102.7936
     897     106.0783
     898     108.1352
     899     104.9573
     900     106.9412
     901     108.3173
     902     106.5719
     903     107.9154
     904     108.1923
     905     105.2795
     906     108.3342
     907     104.8393
     908     105.2388
     909     103.4295
     910     104.3846
     911     100.7816
     912     105.7562
     913     104.1640
     914     102.2050
     915     100.6095
     916     103.6973
     917     100.0737
     918     100.5288
     919      99.6350
     920      99.3908
     921     101.8714
     922     101.0510
     923     100.2009
     924     101.1195
     925     103.9450
     926     101.0321
     927     104.3433
     928     103.9090
     929      95.0967
     930      97.1292
     931      99.7639
     932     101.6053
     933     101.7878
     934     102.3019
     935     104.2415
     936     102.8295
     937      99.6001
     938     100.9256
     939     100.2356
     940      95.1181
     941      98.2944
     942      98.8807
     943      93.6150
     944      90.6509
     945      86.3746
     946      89.9955
     947      90.2296
     948      92.1641
     949      96.1740
     950      93.3331
     951      94.6924
     952      92.2338
     953      90.5034
     954      94.8315
     955      91.6048
     956      94.8086
     957      93.3151
     958      93.9117
     959      96.7873
     960      95.6537
     961      98.6292
     962      95.5452
     963      95.5008
     964      92.9354
     965      95.6751
     966      94.6605
     967      98.5452
     968     104.3074
     969     102.2078
     970     104.4282
     971     103.5882
     972     102.6238
     973     103.5025
     974     102.5507
     975     106.7214
     976     102.2565
     977      98.6220
     978     100.3800
     979     100.1058
     980     102.1461
     981      99.9122
     982     102.7288
     983     105.6926
     984     103.1577
     985     107.4727
     986     104.3055
     987     106.0687
     988     104.0511
     989      99.8181
     990     101.2161
     991     101.3589
     992     101.9611
     993     101.3584
     994      98.5131
     995      97.4864
     996      99.7320
     997     100.3621
     998      99.8355
     999     103.1908
    1000     102.0849
    1001     102.2685
    1002     102.0558
    1003     100.2293
    1004     103.5564
    1005     102.9054
    1006     102.7983
    1007     101.8781
    1008     103.7181
    1009     103.7280
    1010     106.5212
    1011     103.4575
    1012     100.4714
    1013     100.1758
    1014     100.9215
    1015      99.1014
    1016     101.0045
    1017     101.0104
    1018     100.8899
    1019      99.9910
    1020     102.2070
    1021     102.6707
    1022      99.6083
    1023      98.9614
    1024      99.1142
    1025      98.5440
    1026      99.7720
    1027      99.7806
    1028      98.0639
    1029     100.8995
    1030     101.7484
    1031     104.4454
    1032     105.6852
    1033     102.3562
    1034     105.2200
    1035     102.6510
    1036     104.2478
    1037     100.8172
    1038      99.1874
    1039      98.7021
    1040      97.6831
    1041      98.8854
    1042     102.1511
    1043     103.9718
    1044     104.5448
    1045     102.6662
    1046      98.6581
    1047     100.2939
    1048     101.0055
    1049      98.3669
    1050     103.3109
    1051     102.4632
    1052     101.5978
    1053      97.8558
    1054      98.5028
    1055     102.7409
    1056      99.7876
    1057     101.4348
    1058     100.4612
    1059      96.7531
    1060      96.4969
    1061      92.6926
    1062      96.6723
    1063      93.7977
    1064      91.3556
    1065      93.2256
    1066      94.4514
    1067      99.0993
    1068      95.4855
    1069      91.1737
    1070      92.3947
    1071      91.2509
    1072      89.1165
    1073      93.3448
    1074      92.3054
    1075      93.7419
    1076      95.9421
    1077      94.4230
    1078      95.3288
    1079      98.8474
    1080      96.2394
    1081      98.8693
    1082      94.0972
    1083      90.9196
    1084      88.6338
    1085      87.2414
    1086      97.6669
    1087      97.5391
    1088      97.1248
    1089      94.0323
    1090      95.3536
    1091      96.8340
    1092      96.3759
    1093      93.6365
    1094      94.4247
    1095      92.5397
    1096      95.8603
    1097      94.4343
    1098      95.0267
    1099      93.9162
    1100      93.4421
    1101      92.7095
    1102      92.4792
    1103      90.1624
    1104      91.3463
    1105      93.9702
    1106      95.7517
    1107      93.2925
    1108      92.2406
    1109      97.1771
    1110      96.7462
    1111      96.3701
    1112      99.9911
    1113      97.9107
    1114      98.3295
    1115      97.2495
    1116      95.8038
    1117     101.2364
    1118      97.4270
    1119      98.9451
    1120      99.3382
    1121     103.2546
    1122     101.9650
    1123     102.1018
    1124      96.4644
    1125      97.1459
    1126      97.9316
    1127      97.9497
    1128      96.0980
    1129      93.6782
    1130      90.0546
    1131      90.1944
    1132      94.0924
    1133      92.2679
    1134      89.3944
    1135      86.6630
    1136      84.6199
    1137      82.4818
    1138      84.5628
    1139      85.8035
    1140      84.0060
    1141      80.8103
    1142      87.7566
    1143      88.9615
    1144      89.1956
    1145      94.1655
    1146      91.4540
    1147      90.9428
    1148      88.3294
    1149      88.7521
    1150      90.7643
    1151      89.5065
    1152      96.7231
    1153      96.8861
    1154      98.7887
    1155      98.1974
    1156      96.2343
    1157      96.0195
    1158     101.5191
    1159      94.9722
    1160      97.7546
    1161      92.8318
    1162      90.5729
    1163      94.4708
    1164      99.3744
    1165     102.7255
    1166      99.9711
    1167     101.6564
    1168     100.5773
    1169     104.9876
    1170     104.3556
    1171     107.1720
    1172     105.0836
    1173     101.4778
    1174     107.5492
    1175     107.1008
    1176     108.1905
    1177     108.7240
    1178     105.5731
    1179     104.9790
    1180      98.9448
    1181      97.2901
    1182     100.6411
    1183     102.0619
    1184     100.9086
    1185      98.0318
    1186      96.3690
    1187      94.5192
    1188      93.4327
    1189      92.1788
    1190      90.3503
    1191      89.9125
    1192      88.5888
    1193      93.3015
    1194      92.3310
    1195      94.7076
    1196      93.0004
    1197      94.2451
    1198     100.3855
    1199      98.5267
    1200     100.1173
    1201     102.1783
    1202      93.1549
    1203      93.1359
    1204      94.0992
    1205      98.5649
    1206      98.3862
    1207      98.4219
    1208      93.3913
    1209      97.4671
    1210      98.8605
    1211      98.6604
    1212      97.5695
    1213      97.8262
    1214     102.0286
    1215      98.8710
    1216      91.4660
    1217      89.4221
    1218      93.0660
    1219      90.5781
    1220      88.7726
    1221      85.8698
    1222      85.9166
    1223      82.6031
    1224      84.0727
    1225      86.3129
    1226      87.4812
    1227      86.6994
    1228      85.7108
    1229      88.3481
    1230      93.3193
    1231      97.2439
    1232      99.7852
    1233      96.9887
    1234      95.5497
    1235      99.1430
    1236     101.1833
    1237      98.6172
    1238      93.5384
    1239      96.8736
    1240     102.8041
    1241     101.4219
    1242      96.0954
    1243      93.7867
    1244      96.1631
    1245      94.4223
    1246      97.2852
    1247      94.6839
    1248      92.0866
    1249      94.6358
    1250      95.5152
    1251      96.2711
    1252      93.4849
    1253      91.1913
    1254      88.2871
    1255      85.1140
    1256      84.2389
    1257      84.5014
    1258      83.2875
    1259      80.4820
    1260      84.8454
    1261      81.4659
    1262      79.0439
    1263      78.3857
    1264      81.2432
    1265      79.7846
    1266      78.3826
    1267      78.6353
    1268      81.3865
    1269      81.1636
    1270      84.6549
    1271      88.0006
    1272      90.1966
    1273      97.8217
    1274      97.6089
    1275      92.8604
    1276      95.8487
    1277      93.9003
    1278      91.2360
    1279      92.0353
    1280      91.5982
    1281      87.5803
    1282      87.8504
    1283      90.9412
    1284      90.1170
    1285      88.0404
    1286      88.1583
    1287      89.7898
    1288      91.8730
    1289      88.7120
    1290      91.0829
    1291      94.5559
    1292      96.4122
    1293      93.2369
    1294      88.9856
    1295      88.3598
    1296      84.7440
    1297      81.7808
    1298      87.0507
    1299      81.9896
    1300      81.8794
    1301      79.9272
    1302      83.6441
    1303      82.8227
    1304      81.7068
    1305      85.8889
    1306      85.5429
    1307      85.1788
    1308      87.9157
    1309      86.2912
    1310      91.2722
    1311      92.1889
    1312      93.0334
    1313      91.5635
    1314      88.5485
    1315      87.5156
    1316      87.0594
    1317      81.3428
    1318      85.5549
    1319      86.1113
    1320      90.7931
    1321      93.4883
    1322      96.4860
    1323      95.9563
    1324      97.3644
    1325      97.3521
    1326     101.5432
    1327     104.4376
    1328     103.9526
    1329     107.1261
    1330     107.6034
    1331     104.4317
    1332     107.0902
    1333     106.2343
    1334     102.8537
    1335     103.1335
    1336     104.2101
    1337     103.7162
    1338     103.0535
    1339      99.7179
    1340      95.2452
    1341      95.6847
    1342      94.1988
    1343      96.0820
    1344      93.3032
    1345      98.4802
    1346     101.7131
    1347      98.6947
    1348     106.0581
    1349     110.5024
    1350     109.6545
    1351     102.7591
    1352     100.4535
    1353     102.1257
    1354      98.9615
    1355      97.7460
    1356      92.2196
    1357      93.5518
    1358      93.1417
    1359      92.7229
    1360      94.6807
    1361      98.7148
    1362      95.5674
    1363      91.5087
    1364      90.3599
    1365      91.9688
    1366      90.4718
    1367      92.8566
    1368      90.7532
    1369      91.9422
    1370      89.7768
    1371      92.5219
    1372      99.2199
    1373      97.5267
    1374      98.9249
    1375      97.5166
    1376      96.1311
    1377      95.6433
    1378     100.0165
    1379      92.3109
    1380      92.9214
    1381      92.6993
    1382      95.4241
    1383      90.1874
    1384      92.0040
    1385      89.5470
    1386      89.3365
    1387      88.1653
    1388      84.0163
    1389      86.7832
    1390      87.9971
    1391      91.6834
    1392      89.5927
    1393      90.7878
    1394      91.8331
    1395      92.7698
    1396      91.9014
    1397      89.4033
    1398      92.5494
    1399      95.9275
    1400      95.5404
    1401      95.4855
    1402      93.0848
    1403      91.0103
    1404      88.5911
    1405      85.5133
    1406      85.6660
    1407      88.7322
    1408      81.2848
    1409      79.9022
    1410      80.2138
    1411      77.1021
    1412      78.6094
    1413      78.3254
    1414      79.5095
    1415      77.9360
    1416      78.5301
    1417      77.6247
    1418      74.9974
    1419      73.6563
    1420      71.9800
    1421      75.2661
    1422      73.5586
    1423      71.7562
    1424      69.4882
    1425      69.4611
    1426      65.7909
    1427      62.7855
    1428      64.1094
    1429      64.4496
    1430      63.4498
    1431      60.8432
    1432      58.0467
    1433      60.4312
    1434      64.0913
    1435      65.8887
    1436      68.1226
    1437      66.8312
    1438      64.6122
    1439      71.4467
    1440      74.2450
    1441      69.3414
    1442      69.3052
    1443      69.8671
    1444      69.5729
    1445      71.1001
    1446      71.2901
    1447      73.9608
    1448      73.2811
    1449      75.2158
    1450      76.3814
    1451      75.5357
    1452      74.7739
    1453      77.1566
    1454      71.3991
    1455      73.3694
    1456      71.1172
    1457      72.5912
    1458      69.7664
    1459      70.6274
    1460      71.5856
    1461      71.4019
    1462      70.2931
    1463      70.8948
    1464      69.6899
    1465      69.5697
    1466      74.9236
    1467      75.3495
    1468      77.0149
    1469      80.4830
    1470      80.2743
    1471      82.8674
    1472      82.6753
    1473      85.3286
    1474      85.8627
    1475      81.8082
    1476      84.4921
    1477      82.2637
    1478      83.1688
    1479      85.4789
    1480      85.0297
    1481      82.9037
    1482      80.4349
    1483      80.9920
    1484      79.2310
    1485      80.3101
    1486      78.0166
    1487      76.9840
    1488      75.6095
    1489      73.3817
    1490      72.2029
    1491      72.4405
    1492      72.7818
    1493      72.3898
    1494      71.8801
    1495      72.5573
    1496      76.4851
    1497      73.6519
    1498      74.1798
    1499      78.3619
    1500      73.7445
    1501      72.7142
    1502      74.2612
    1503      73.0276
    1504      73.9714
    1505      74.7388
    1506      74.8622
    1507      75.9461
    1508      75.6240
    1509      77.0380
    1510      78.3278
    1511      76.7372
    1512      78.9464
    1513      81.3713
    1514      76.3399
    1515      82.4822
    1516      79.4785
    1517      74.9525
    1518      74.8523
    1519      72.1186
    1520      77.8306
    1521      75.2610
    1522      76.0613
    1523      77.5245
    1524      79.2629
    1525      74.8284
    1526      74.8093
    1527      70.7331
    1528      69.4772
    1529      72.4350
    1530      64.7145
    1531      60.0295
    1532      59.7280
    1533      61.0585
    1534      62.8462
    1535      61.6252
    1536      59.3627
    1537      59.5184
    1538      57.3977
    1539      57.4735
    1540      53.1892
    1541      57.7595
    1542      53.7395
    1543      55.8939
    1544      53.4525
    1545      54.6431
    1546      56.5252
    1547      57.8192
    1548      61.6492
    1549      63.7705
    1550      60.0640
    1551      63.7960
    1552      65.4206
    1553      68.2280
    1554      72.8398
    1555      73.6915
    1556      72.5149
    1557      79.1934
    1558      80.6470
    1559      79.6846
    1560      80.1733
    1561      80.2926
    1562      81.4739
    1563      88.7724
    1564      87.3247
    1565      85.3859
    1566      87.4436
    1567      90.0703
    1568      89.2398
    1569      86.3129
    1570      86.1306
    1571      81.5119
    1572      78.8284
    1573      77.3941
    1574      78.6842
    1575      81.3274
    1576      85.9552
    1577      80.6974
    1578      82.3875
    1579      78.9016
    1580      79.2748
    1581      80.0953
    1582      79.8385
    1583      79.2012
    1584      81.4684
    1585      82.7031
    1586      87.4742
    1587      83.9988
    1588      80.5688
    1589      82.7802
    1590      84.6744
    1591      83.8442
    1592      83.5750
    1593      83.7584
    1594      83.3819
    1595      81.5377
    1596      79.4609
    1597      78.0963
    1598      80.1881
    1599      77.6140
    1600      77.6695
    1601      80.2035
    1602      79.5030
    1603      84.3373
    1604      80.3026
    1605      78.4348
    1606      79.5488
    1607      75.5534
    1608      77.0484
    1609      82.3906
    1610      79.6593
    1611      78.5277
    1612      78.2564
    1613      77.5048
    1614      79.6593
    1615      77.2145
    1616      77.1038
    1617      82.3889
    1618      77.1950
    1619      77.5495
    1620      76.8907
    1621      75.9454
    1622      73.1777
    1623      72.3889
    1624      68.0759
    1625      71.2641
    1626      69.2790
    1627      71.4658
    1628      73.5700
    1629      73.6113
    1630      74.0003
    1631      72.7713
    1632      74.4371
    1633      73.0600
    1634      76.3179
    1635      76.6999
    1636      80.5549
    1637      79.8113
    1638      72.2190
    1639      70.9914
    1640      65.9761
    1641      68.0967
    1642      63.0325
    1643      66.9534
    1644      71.2976
    1645      74.2564
    1646      77.9618
    1647      81.8522
    1648      86.3538
    1649      84.3875
    1650      84.4309
    1651      84.2092
    1652      86.4131
    1653      82.5209
    1654      81.5730
    1655      81.3222
    1656      79.6739
    1657      78.7189
    1658      77.3768
    1659      77.4147
    1660      82.5774
    1661      84.3355
    1662      84.7838
    1663      82.7513
    1664      82.9278
    1665      82.8774
    1666      91.3717
    1667      91.4200
    1668      92.4653
    1669      90.6147
    1670      84.7773
    1671      84.6816
    1672      79.7988
    1673      77.9606
    1674      78.8215
    1675      73.1420
    1676      78.2464
    1677      80.8594
    1678      78.9803
    1679      77.8691
    1680      76.6944
    1681      80.2285
    1682      83.5367
    1683      83.9038
    1684      81.5177
    1685      79.9085
    1686      79.0117
    1687      83.0756
    1688      83.8295
    1689      83.6241
    1690      85.1365
    1691      84.3454
    1692      81.9867
    1693      80.0345
    1694      77.2026
    1695      78.5578
    1696      79.9026
    1697      79.7087
    1698      77.8599
    1699      81.5542
    1700      78.8974
    1701      79.1638
    1702      80.7443
    1703      86.4778
    1704      90.4458
    1705      92.4448
    1706      99.3364
    1707      99.6721
    1708      96.0611
    1709      93.4690
    1710      88.7750
    1711      88.9830
    1712      93.8919
    1713      94.5388
    1714      97.7322
    1715      94.8461
    1716      92.8705
    1717      98.0053
    1718      99.6706
    1719     101.7258
    1720     103.4589
    1721     105.1581
    1722     102.2381
    1723     103.9402
    1724     101.4539
    1725     101.1572
    1726     102.1590
    1727     104.7885
    1728     105.3706
    1729     106.5687
    1730     107.4930
    1731     103.1443
    1732     102.4762
    1733     102.3807
    1734     104.1623
    1735     104.8148
    1736     105.8501
    1737     106.1573
    1738     106.8606
    1739     103.7181
    1740     105.3993
    1741     100.6542
    1742     102.4125
    1743      95.3072
    1744      97.3838
    1745      94.9130
    1746     100.1837
    1747     101.5330
    1748     100.2296
    1749     101.6971
    1750     102.3402
    1751     102.9033
    1752     101.2463
    1753     102.2255
    1754      99.5289
    1755      99.8168
    1756     103.6445
    1757     101.0727
    1758     100.1700
    1759     101.8427
    1760     100.9035
    1761     105.1789
    1762     108.8219
    1763     108.6568
    1764     105.5858
    1765     105.9156
    1766     105.7165
    1767     104.6227
    1768     103.6763
    1769     106.3023
    1770     103.6236
    1771     106.0624
    1772     104.0332
    1773     102.5073
    1774     104.1510
    1775      99.9832
    1776     103.5688
    1777     105.1327
    1778     102.6484
    1779     102.4927
    1780     103.6184
    1781     102.2663
    1782     102.5839
    1783     103.7501
    1784     101.1691
    1785     102.8913
    1786     100.8989
    1787      98.8936
    1788     103.3413
    1789     100.3385
    1790     102.5483
    1791     100.6853
    1792     100.0302
    1793      97.9934
    1794     104.6348
    1795     105.1878
    1796     102.8485
    1797     100.7044
    1798     101.3577
    1799     100.5577
    1800      99.6444
    1801     103.9253
    1802     103.5993
    1803     107.4816
    1804     105.9448
    1805     108.2338
    1806     108.2329
    1807     108.6136
    1808     109.9080
    1809     107.7758
    1810     108.3542
    1811     110.6557
    1812     109.2698
    1813     109.8518
    1814     111.2841
    1815     106.6880
    1816     106.3332
    1817     106.9220
    1818     107.2711
    1819     107.9398
    1820     111.8368
    1821     107.9773
    1822     105.7167
    1823     105.8160
    1824     102.9844
    1825     110.6853
    1826     110.3329
    1827     109.7732
    1828     108.8582
    1829     111.3762
    1830     109.8567
    1831     108.3504
    1832     110.1803
    1833     112.7095
    1834     111.1426
    1835     112.6051
    1836     110.1775
    1837     109.7220
    1838     107.5318
    1839     110.0103
    1840     109.9215
    1841     112.1882
    1842     110.4100
    1843     109.5155
    1844     107.2736
    1845     106.9981
    1846     101.8283
    1847     101.7267
    1848     102.5832
    1849     104.1501
    1850     107.9149
    1851     105.8214
    1852     105.5358
    1853     103.4446
    1854     103.7814
    1855      97.8885
    1856      97.6953
    1857     102.1230
    1858     101.9985
    1859     101.7515
    1860     101.0871
    1861      97.9071
    1862      98.8130
    1863      94.5404
    1864      94.5437
    1865      94.2589
    1866      91.9197
    1867      96.0205
    1868     100.6210
    1869     102.4584
    1870     100.3600
    1871      96.9215
    1872      96.8149
    1873      92.2487
    1874      91.7426
    1875      89.4230
    1876      89.6202
    1877      81.4548
    1878      85.6734
    1879      85.1192
    1880      85.7302
    1881      86.7146
    1882      89.2396
    1883      90.3981
    1884      84.1796
    1885      86.3647
    1886      89.1223
    1887      90.9284
    1888      89.2160
    1889      92.8781
    1890      95.4287
    1891      94.4592
    1892      87.8656
    1893      90.1783
    1894      92.1594
    1895      91.9495
    1896      93.7029
    1897      94.3893
    1898      90.2483
    1899      90.5582
    1900      90.6128
    1901      93.7765
    1902      92.1294
    1903      87.4760
    1904      87.9704
    1905      87.2529
    1906      92.2689
    1907      94.0657
    1908      99.1568
    1909      95.9266
    1910      92.5716
    1911      92.8156
    1912      92.7031
    1913      91.4107
    1914      88.6081
    1915      82.5558
    1916      78.7149
    1917      82.5436
    1918      81.2577
    1919      79.4039
    1920      72.1738
    1921      71.3867
    1922      68.4684
    1923      71.6051
    1924      71.7931
    1925      77.5993
    1926      74.8521
    1927      73.6594
    1928      74.8344
    1929      73.9656
    1930      76.0291
    1931      71.0330
    1932      71.4674
    1933      75.8601
    1934      77.5281
    1935      76.3796
    1936      79.8364
    1937      77.2154
    1938      79.4359
    1939      76.8976
    1940      82.7387
    1941      85.3583
    1942      87.8224
    1943      87.1354
    1944      83.1413
    1945      83.4994
    1946      89.4788
    1947      88.4626
    1948      86.5002
    1949      85.9114
    1950      84.5429
    1951      84.4455
    1952      84.8639
    1953      82.8691
    1954      81.3409
    1955      79.6491
    1956      78.9966
    1957      75.1965
    1958      79.8818
    1959      76.8948
    1960      76.7493
    1961      79.7868
    1962      81.2856
    1963      84.4994
    1964      85.8408
    1965      87.3953
    1966      84.4759
    1967      80.6947
    1968      79.7469
    1969      72.9889
    1970      70.8237
    1971      70.5492
    1972      72.6938
    1973      71.6341
    1974      71.3170
    1975      67.8114
    1976      69.7864
    1977      70.1675
    1978      69.2461
    1979      69.7421
    1980      73.6393
    1981      74.6572
    1982      75.9502
    1983      76.1868
    1984      77.3648
    1985      76.9751
    1986      73.6760
    1987      74.8733
    1988      76.3842
    1989      73.1691
    1990      72.8116
    1991      72.4976
    1992      70.2002
    1993      72.8559
    1994      76.3401
    1995      78.1493
    1996      78.4103
    1997      86.4181
    1998      84.0327
    1999      85.6643
    2000      92.4832
