#Frame     end-to-end
       1      42.7052
       2      42.1938
       3      42.2210
       4      40.7191
       5      41.4454
       6      42.5196
       7      43.2735
       8      41.4189
       9      42.8407
      10      41.5423
      11      41.7010
      12      41.4633
      13      42.4526
      14      40.9536
      15      39.8175
      16      41.5115
      17      40.2214
      18      40.0437
      19      40.7320
      20      40.7026
      21      40.9352
      22      39.7002
      23      40.0296
      24      40.0229
      25      40.2224
      26      40.3444
      27      39.5470
      28      39.0290
      29      39.8388
      30      39.4929
      31      39.1654
      32      39.8982
      33      39.4061
      34      39.3022
      35      39.4970
      36      39.7440
      37      39.2740
      38      39.8638
      39      40.1973
      40      38.5453
      41      39.8063
      42      39.6380
      43      39.5527
      44      39.8144
      45      39.1752
      46      38.9701
      47      39.8415
      48      38.9954
      49      39.4210
      50      38.7918
      51      39.8444
      52      39.6620
      53      40.2825
      54      39.7768
      55      41.2166
      56      39.3059
      57      40.5338
      58      40.3234
      59      40.4875
      60      39.1213
      61      39.4654
      62      39.6766
      63      39.7812
      64      40.6263
      65      39.6220
      66      39.7756
      67      40.3269
      68      40.1060
      69      39.9923
      70      39.5198
      71      40.1902
      72      39.9325
      73      39.1434
      74      39.7317
      75      39.6370
      76      40.1372
      77      40.4153
      78      41.4281
      79      41.0755
      80      40.9860
      81      39.4240
      82      41.3143
      83      40.8025
      84      40.9625
      85      42.0123
      86      41.8260
      87      39.7877
      88      40.3768
      89      39.8595
      90      40.7246
      91      40.9125
      92      38.4278
      93      40.4236
      94      40.2727
      95      41.0551
      96      39.6386
      97      40.0006
      98      41.8004
      99      38.7891
     100      39.5000
     101      40.6070
     102      39.4943
     103      40.7489
     104      40.3314
     105      40.6711
     106      40.2356
     107      39.6893
     108      39.3902
     109      40.0730
     110      40.1660
     111      39.7205
     112      39.2208
     113      39.8202
     114      39.3905
     115      39.4502
     116      39.5496
     117      39.6072
     118      39.9082
     119      39.4628
     120      40.5184
     121      39.9161
     122      40.6034
     123      39.3010
     124      40.7235
     125      38.9205
     126      39.9771
     127      40.0333
     128      39.0975
     129      39.5732
     130      40.0693
     131      40.2710
     132      39.0718
     133      38.9558
     134      39.0698
     135      39.7124
     136      39.3960
     137      38.7525
     138      38.6881
     139      39.0845
     140      38.7310
     141      38.9018
     142      38.8978
     143      39.0816
     144      39.6557
     145      39.9504
     146      39.6389
     147      39.8267
     148      40.5426
     149      40.8260
     150      40.0732
     151      39.4747
     152      40.6471
     153      40.6031
     154      42.4456
     155      39.9686
     156      40.8350
     157      40.7237
     158      40.4274
     159      40.5490
     160      40.4482
     161      40.8272
     162      40.7380
     163      41.2792
     164      41.4189
     165      41.3551
     166      40.6318
     167      40.2105
     168      40.9445
     169      40.6518
     170      41.0823
     171      41.0466
     172      41.0628
     173      40.4199
     174      41.3234
     175      40.5890
     176      40.4166
     177      41.0578
     178      40.7369
     179      41.6061
     180      39.9275
     181      41.0848
     182      39.9802
     183      41.0531
     184      40.7505
     185      39.9844
     186      39.4029
     187      39.0343
     188      40.0029
     189      39.8901
     190      40.3193
     191      40.1923
     192      39.4104
     193      40.1230
     194      40.3862
     195      40.9843
     196      40.1916
     197      39.5223
     198      39.1795
     199      39.7234
     200      39.0811
     201      39.4292
     202      39.8854
     203      40.0975
     204      39.1899
     205      38.8835
     206      39.8996
     207      39.1478
     208      39.6722
     209      40.2333
     210      39.8287
     211      40.8607
     212      38.7560
     213      38.5258
     214      39.8789
     215      38.1940
     216      39.9237
     217      37.9495
     218      38.4646
     219      37.8582
     220      37.4742
     221      39.7376
     222      38.3638
     223      38.0631
     224      38.1159
     225      38.0381
     226      39.2004
     227      38.6882
     228      38.8596
     229      38.0290
     230      38.6023
     231      38.8758
     232      39.4431
     233      38.7365
     234      39.0338
     235      39.3990
     236      39.0229
     237      39.5073
     238      39.6675
     239      39.0301
     240      37.8859
     241      38.2569
     242      36.8658
     243      38.4923
     244      37.3479
     245      38.9745
     246      38.6945
     247      39.2967
     248      38.9731
     249      39.0115
     250      38.2834
     251      39.4278
     252      38.1585
     253      38.4217
     254      39.2055
     255      39.3901
     256      39.5484
     257      38.8490
     258      37.8055
     259      38.0877
     260      38.5598
     261      38.5630
     262      38.8271
     263      38.3999
     264      38.6782
     265      38.4954
     266      38.2585
     267      39.0677
     268      38.7260
     269      38.3467
     270      38.3927
     271      38.8837
     272      38.7776
     273      38.3010
     274      38.3659
     275      38.8379
     276      39.5897
     277      38.8394
     278      38.6491
     279      38.5310
     280      38.9139
     281      40.0760
     282      39.0428
     283      39.8386
     284      40.0938
     285      38.8336
     286      38.5966
     287      38.4759
     288      38.6358
     289      40.1986
     290      39.2680
     291      38.7800
     292      39.1927
     293      38.6537
     294      39.4586
     295      39.5159
     296      39.2460
     297      39.0496
     298      40.5597
     299      40.0993
     300      39.5295
     301      39.4749
     302      39.5572
     303      38.4299
     304      39.0302
     305      39.0820
     306      39.3549
     307      40.3160
     308      39.2094
     309      38.4842
     310      38.4403
     311      38.5918
     312      37.4515
     313      37.9782
     314      38.7662
     315      38.6127
     316      39.3524
     317      39.8173
     318      39.6288
     319      38.7323
     320      38.9467
     321      39.7219
     322      39.8710
     323      38.5424
     324      38.8621
     325      39.1013
     326      38.1979
     327      38.5594
     328      39.5652
     329      40.1089
     330      38.9219
     331      39.7159
     332      39.4831
     333      39.1149
     334      40.5577
     335      40.4657
     336      41.1495
     337      39.9694
     338      39.3477
     339      39.5021
     340      38.7927
     341      38.0191
     342      38.7276
     343      38.8441
     344      39.2406
     345      39.0993
     346      38.8050
     347      38.2421
     348      39.0416
     349      39.4216
     350      39.5943
     351      39.7697
     352      39.5137
     353      40.3888
     354      39.2608
     355      40.8320
     356      39.4869
     357      39.2737
     358      39.2151
     359      39.6047
     360      39.4841
     361      39.7167
     362      39.6400
     363      39.7719
     364      40.1174
     365      39.3258
     366      40.2632
     367      40.1934
     368      39.9687
     369      38.0882
     370      39.7400
     371      39.5571
     372      39.8076
     373      41.0830
     374      39.6350
     375      40.2461
     376      40.1409
     377      39.3942
     378      39.9636
     379      39.6478
     380      39.7824
     381      39.5388
     382      40.1449
     383      40.7666
     384      39.6695
     385      40.6453
     386      39.4270
     387      39.5821
     388      40.5850
     389      39.8224
     390      39.8133
     391      40.3233
     392      40.4236
     393      40.2149
     394      40.0321
     395      39.7145
     396      39.4461
     397      40.0523
     398      39.9264
     399      39.9302
     400      40.9038
     401      39.9678
     402      40.6765
     403      40.0929
     404      39.9427
     405      39.7955
     406      39.5928
     407      39.7811
     408      39.3829
     409      39.6499
     410      40.3143
     411      40.1004
     412      39.3504
     413      39.4140
     414      38.7399
     415      40.6107
     416      40.2962
     417      38.7161
     418      39.2413
     419      39.3015
     420      38.7281
     421      39.8949
     422      39.7460
     423      39.8115
     424      38.5237
     425      38.6102
     426      39.1484
     427      38.8242
     428      39.9642
     429      40.0042
     430      39.8015
     431      38.8456
     432      39.4561
     433      39.5349
     434      38.4952
     435      39.0442
     436      39.1889
     437      39.3575
     438      39.5825
     439      40.2983
     440      39.6932
     441      38.9066
     442      39.7847
     443      40.1719
     444      40.0005
     445      40.7781
     446      40.3435
     447      39.7442
     448      40.2096
     449      39.4576
     450      39.5288
     451      38.4361
     452      39.0699
     453      39.1103
     454      38.6846
     455      39.1844
     456      39.6928
     457      39.2913
     458      38.9424
     459      39.5423
     460      39.3402
     461      39.1152
     462      39.1726
     463      39.2123
     464      38.6119
     465      38.7943
     466      39.3543
     467      39.0498
     468      38.3717
     469      39.5052
     470      38.8273
     471      39.0809
     472      39.5905
     473      40.2036
     474      39.3715
     475      39.2728
     476      39.7682
     477      39.2146
     478      39.2447
     479      39.5605
     480      39.2499
     481      38.7197
     482      39.2006
     483      40.0542
     484      39.1429
     485      39.5813
     486      39.2334
     487      39.7909
     488      39.3487
     489      39.0707
     490      38.4453
     491      38.8887
     492      38.4713
     493      37.8565
     494      38.6483
     495      38.6320
     496      39.3799
     497      39.6926
     498      38.9538
     499      38.5158
     500      38.6581
     501      38.4825
     502      39.8117
     503      39.0326
     504      38.0783
     505      38.9946
     506      39.1177
     507      39.4201
     508      38.7221
     509      38.7074
     510      38.8083
     511      38.8102
     512      40.1847
     513      39.6229
     514      37.9592
     515      39.2616
     516      40.6277
     517      38.9984
     518      38.6713
     519      40.1330
     520      40.3506
     521      39.5388
     522      38.7285
     523      38.6656
     524      39.3167
     525      40.3362
     526      38.9069
     527      40.2557
     528      39.1177
     529      40.5338
     530      40.5941
     531      40.1541
     532      39.9871
     533      40.8938
     534      41.3143
     535      41.1547
     536      41.3181
     537      41.1668
     538      41.5245
     539      39.9694
     540      40.5230
     541      39.2292
     542      39.9419
     543      40.1590
     544      38.5702
     545      40.2846
     546      39.2171
     547      39.1260
     548      39.0087
     549      39.6214
     550      39.5072
     551      39.8807
     552      39.5705
     553      40.1263
     554      39.9465
     555      39.0590
     556      39.9915
     557      38.5062
     558      40.4674
     559      40.1629
     560      39.6817
     561      39.7143
     562      39.3953
     563      39.0958
     564      40.2876
     565      39.9953
     566      39.9941
     567      40.2988
     568      40.2351
     569      40.3283
     570      39.8735
     571      40.7999
     572      39.7961
     573      40.5094
     574      39.4498
     575      41.0316
     576      39.9683
     577      39.9171
     578      37.8718
     579      38.6759
     580      39.4348
     581      39.2023
     582      39.6348
     583      40.2439
     584      39.4523
     585      40.0705
     586      39.6093
     587      38.7337
     588      39.1299
     589      40.2416
     590      39.0531
     591      37.9492
     592      39.3386
     593      39.6748
     594      40.2677
     595      39.0341
     596      39.4285
     597      39.6277
     598      40.2485
     599      40.2270
     600      39.5854
     601      39.7698
     602      39.6118
     603      39.6536
     604      40.6004
     605      39.8314
     606      40.0512
     607      39.7250
     608      39.1370
     609      40.3289
     610      40.6014
     611      40.7463
     612      38.9395
     613      39.4627
     614      39.3925
     615      38.9497
     616      40.6439
     617      39.6345
     618      39.9148
     619      40.4423
     620      38.5458
     621      39.7324
     622      39.6857
     623      39.7646
     624      39.9973
     625      39.2652
     626      39.5485
     627      41.7242
     628      40.0311
     629      39.7505
     630      39.5034
     631      39.8577
     632      39.8404
     633      40.1125
     634      40.8194
     635      39.3499
     636      40.6429
     637      40.1930
     638      40.5731
     639      40.4257
     640      39.9510
     641      39.6733
     642      39.6920
     643      39.7798
     644      40.0153
     645      39.2522
     646      39.9121
     647      38.0687
     648      39.9685
     649      39.6879
     650      39.0887
     651      40.2328
     652      40.2171
     653      39.7659
     654      39.1183
     655      39.2191
     656      39.8417
     657      38.4978
     658      38.9586
     659      39.4012
     660      39.1117
     661      39.8774
     662      38.8912
     663      39.5193
     664      39.6043
     665      40.8248
     666      41.0540
     667      41.3508
     668      41.2205
     669      40.8900
     670      40.3263
     671      39.5340
     672      38.8409
     673      39.1324
     674      39.6264
     675      39.0116
     676      40.5539
     677      40.9797
     678      40.8469
     679      40.0608
     680      41.5346
     681      41.3915
     682      39.8672
     683      40.9720
     684      40.8883
     685      41.9831
     686      39.9337
     687      41.1355
     688      40.0387
     689      40.3581
     690      39.5406
     691      39.8350
     692      39.1402
     693      38.7866
     694      39.8929
     695      39.3569
     696      40.0034
     697      39.1404
     698      39.1546
     699      39.5241
     700      39.8379
     701      38.7827
     702      39.3818
     703      40.6283
     704      39.6878
     705      39.7110
     706      39.5375
     707      39.2083
     708      39.1579
     709      39.3604
     710      40.0405
     711      40.9296
     712      38.3398
     713      38.3672
     714      39.3258
     715      40.0855
     716      39.2922
     717      39.8528
     718      39.8505
     719      39.2156
     720      38.9457
     721      39.5385
     722      39.1425
     723      38.7491
     724      40.5298
     725      40.0513
     726      42.0480
     727      38.5181
     728      39.4038
     729      38.7918
     730      39.8418
     731      39.9434
     732      39.6111
     733      39.8445
     734      40.0998
     735      38.7807
     736      39.5623
     737      39.0362
     738      39.2451
     739      39.1280
     740      38.4333
     741      38.6837
     742      39.6819
     743      39.5739
     744      39.4692
     745      39.8474
     746      38.6705
     747      37.7501
     748      38.2854
     749      39.2880
     750      39.4119
     751      38.9940
     752      39.4672
     753      39.1104
     754      39.1517
     755      39.1538
     756      38.5312
     757      39.1301
     758      39.9229
     759      38.0523
     760      40.2646
     761      40.3029
     762      40.2719
     763      39.6927
     764      39.6956
     765      40.5287
     766      39.3099
     767      40.2910
     768      40.0682
     769      39.3132
     770      40.1989
     771      40.3229
     772      40.5241
     773      39.3393
     774      40.3637
     775      40.0267
     776      39.6401
     777      39.8125
     778      40.0319
     779      40.0960
     780      39.3031
     781      39.1950
     782      39.9322
     783      39.5408
     784      39.6201
     785      38.5755
     786      38.6193
     787      39.9894
     788      39.3252
     789      40.5230
     790      40.4129
     791      39.9872
     792      39.6596
     793      39.6630
     794      39.2468
     795      39.3687
     796      40.7398
     797      40.4705
     798      41.6645
     799      40.5164
     800      40.7947
     801      40.0618
     802      40.2626
     803      40.7545
     804      41.3103
     805      39.8372
     806      40.2051
     807      39.3319
     808      40.7937
     809      40.4284
     810      41.4989
     811      40.2516
     812      40.8138
     813      40.9075
     814      39.9017
     815      40.4106
     816      40.5608
     817      40.6547
     818      40.4954
     819      41.7231
     820      41.3884
     821      41.4512
     822      41.3856
     823      41.5748
     824      41.1501
     825      41.0825
     826      41.6115
     827      41.6183
     828      40.3511
     829      41.5162
     830      41.2601
     831      40.9320
     832      41.2350
     833      41.5886
     834      41.5093
     835      41.4658
     836      42.2436
     837      41.9205
     838      41.1995
     839      41.6674
     840      40.8377
     841      40.0960
     842      40.2627
     843      40.7872
     844      40.8637
     845      40.7538
     846      41.1872
     847      40.8654
     848      40.7482
     849      40.4972
     850      41.1124
     851      40.7308
     852      41.4328
     853      40.3150
     854      39.9660
     855      40.3094
     856      41.5996
     857      41.2701
     858      40.8841
     859      41.1616
     860      41.3847
     861      40.9926
     862      41.1245
     863      40.3767
     864      39.9995
     865      40.3434
     866      40.3163
     867      41.0740
     868      40.2792
     869      41.4822
     870      41.3585
     871      40.6704
     872      40.4518
     873      41.2157
     874      41.3577
     875      41.3934
     876      41.0703
     877      42.1260
     878      41.3191
     879      41.4343
     880      41.9701
     881      41.4415
     882      41.3743
     883      41.5895
     884      41.2935
     885      41.6204
     886      41.2676
     887      41.4046
     888      41.3503
     889      40.8685
     890      40.3009
     891      40.3589
     892      40.6084
     893      40.2874
     894      40.6440
     895      40.1381
     896      41.3462
     897      40.7431
     898      40.6948
     899      40.8732
     900      41.3777
     901      41.0591
     902      40.5500
     903      40.9610
     904      41.2919
     905      40.0389
     906      39.9156
     907      40.0859
     908      41.0165
     909      40.3833
     910      40.0762
     911      39.7236
     912      41.3244
     913      39.9113
     914      40.4992
     915      40.0734
     916      39.2741
     917      40.0197
     918      40.4384
     919      40.4484
     920      39.8554
     921      39.4725
     922      39.5674
     923      39.7910
     924      39.4357
     925      39.5151
     926      41.8497
     927      40.8030
     928      39.8710
     929      40.5222
     930      40.8364
     931      41.5902
     932      40.4570
     933      40.1706
     934      40.8461
     935      40.5618
     936      41.5149
     937      39.8494
     938      40.2009
     939      40.8724
     940      41.0819
     941      40.8268
     942      40.5061
     943      39.7900
     944      39.9335
     945      40.9821
     946      40.6467
     947      39.6526
     948      39.3299
     949      40.0292
     950      39.6875
     951      39.9606
     952      41.4245
     953      39.8767
     954      40.4325
     955      40.6435
     956      40.6634
     957      41.1786
     958      40.8303
     959      40.2426
     960      40.4544
     961      40.6324
     962      39.8481
     963      40.1608
     964      41.1619
     965      40.4268
     966      40.4861
     967      40.3344
     968      39.7058
     969      40.9886
     970      39.5114
     971      41.0364
     972      41.4166
     973      40.9775
     974      42.1111
     975      40.8535
     976      41.3542
     977      40.2880
     978      40.4115
     979      42.0313
     980      40.6279
     981      41.2301
     982      40.8241
     983      40.1699
     984      40.1916
     985      40.8676
     986      40.9927
     987      39.8521
     988      40.3292
     989      40.1324
     990      39.4498
     991      40.0775
     992      40.6958
     993      40.3802
     994      40.6121
     995      40.5631
     996      39.8281
     997      41.0562
     998      39.8426
     999      40.5817
    1000      40.5744
    1001      41.3779
    1002      40.8627
    1003      41.0669
    1004      40.8802
    1005      41.7670
    1006      40.2939
    1007      40.7224
    1008      40.0683
    1009      40.4618
    1010      40.6561
    1011      40.6061
    1012      40.0636
    1013      40.3308
    1014      39.3844
    1015      40.9992
    1016      40.7200
    1017      40.9485
    1018      40.6164
    1019      40.0521
    1020      40.4275
    1021      40.3502
    1022      40.4609
    1023      40.7114
    1024      41.5697
    1025      40.6767
    1026      41.2891
    1027      40.6649
    1028      42.2841
    1029      41.2687
    1030      40.6443
    1031      41.1354
    1032      40.8089
    1033      41.0923
    1034      41.7532
    1035      41.7361
    1036      39.6117
    1037      40.3248
    1038      40.6035
    1039      40.0702
    1040      39.9180
    1041      40.5516
    1042      41.1557
    1043      41.1658
    1044      40.6366
    1045      42.8688
    1046      41.3752
    1047      41.4591
    1048      40.9312
    1049      40.2711
    1050      40.7328
    1051      39.9878
    1052      40.1499
    1053      40.4988
    1054      40.1996
    1055      40.6688
    1056      40.5974
    1057      41.0402
    1058      40.7580
    1059      41.0670
    1060      40.6157
    1061      40.1765
    1062      40.3493
    1063      40.0904
    1064      40.3172
    1065      41.9454
    1066      40.1786
    1067      40.0527
    1068      40.0198
    1069      39.6529
    1070      41.0032
    1071      41.3171
    1072      41.3112
    1073      40.2985
    1074      41.7994
    1075      41.6507
    1076      41.2299
    1077      41.5677
    1078      41.7224
    1079      40.8136
    1080      41.0278
    1081      41.4696
    1082      40.8412
    1083      41.2631
    1084      40.9936
    1085      41.3895
    1086      41.2817
    1087      40.4909
    1088      41.4291
    1089      41.3810
    1090      41.0304
    1091      40.4545
    1092      40.8022
    1093      40.8933
    1094      42.7210
    1095      41.3316
    1096      41.0217
    1097      40.9149
    1098      42.6630
    1099      42.2746
    1100      41.3575
    1101      41.2045
    1102      41.8801
    1103      41.7830
    1104      41.8516
    1105      40.1318
    1106      42.8925
    1107      42.5474
    1108      42.2847
    1109      41.5700
    1110      41.4828
    1111      41.4736
    1112      40.9159
    1113      43.3619
    1114      41.3013
    1115      41.3311
    1116      42.0577
    1117      42.5834
    1118      41.6871
    1119      40.8489
    1120      41.8773
    1121      41.4851
    1122      42.2552
    1123      41.4740
    1124      42.7171
    1125      41.1431
    1126      40.8220
    1127      41.3789
    1128      41.6367
    1129      40.1955
    1130      40.3326
    1131      40.8384
    1132      42.0709
    1133      42.0358
    1134      40.6502
    1135      41.9263
    1136      41.1815
    1137      40.9865
    1138      40.6698
    1139      41.2973
    1140      40.5271
    1141      41.0618
    1142      39.7472
    1143      41.1901
    1144      41.0832
    1145      41.5466
    1146      41.4745
    1147      41.2110
    1148      41.1140
    1149      39.7682
    1150      40.9012
    1151      40.3042
    1152      41.1603
    1153      41.6786
    1154      43.4007
    1155      41.8330
    1156      41.3563
    1157      41.4731
    1158      41.7420
    1159      42.3568
    1160      42.7311
    1161      42.0946
    1162      41.3868
    1163      41.3272
    1164      42.7097
    1165      41.5992
    1166      41.8123
    1167      41.1204
    1168      41.4609
    1169      40.3857
    1170      40.0845
    1171      41.0845
    1172      40.0027
    1173      41.5024
    1174      40.7015
    1175      40.5398
    1176      40.3803
    1177      39.7900
    1178      40.2770
    1179      40.5720
    1180      40.2578
    1181      40.7985
    1182      40.1215
    1183      41.6906
    1184      41.9775
    1185      43.1333
    1186      41.9956
    1187      41.8793
    1188      42.8186
    1189      41.9796
    1190      40.7510
    1191      42.3349
    1192      41.5473
    1193      41.8298
    1194      41.6516
    1195      42.4624
    1196      42.5180
    1197      42.7214
    1198      41.5603
    1199      41.9094
    1200      42.3020
    1201      41.5507
    1202      41.5306
    1203      41.0424
    1204      41.4642
    1205      43.1697
    1206      41.7851
    1207      41.2341
    1208      42.7853
    1209      42.7059
    1210      42.5501
    1211      42.8474
    1212      42.0815
    1213      42.8595
    1214      41.8094
    1215      41.8267
    1216      42.6543
    1217      41.5542
    1218      42.6853
    1219      41.2907
    1220      42.0741
    1221      42.5618
    1222      41.6206
    1223      42.1882
    1224      42.7592
    1225      42.5635
    1226      43.0594
    1227      42.5071
    1228      42.5826
    1229      42.4576
    1230      43.0632
    1231      42.5144
    1232      43.4876
    1233      43.3850
    1234      43.3045
    1235      42.1403
    1236      42.7129
    1237      42.8689
    1238      42.0157
    1239      42.7569
    1240      42.7963
    1241      42.1742
    1242      43.5713
    1243      42.7471
    1244      41.7597
    1245      42.0463
    1246      42.3665
    1247      42.3025
    1248      42.9323
    1249      42.8986
    1250      42.2480
    1251      42.8309
    1252      42.3162
    1253      42.4020
    1254      42.4366
    1255      41.8114
    1256      41.4776
    1257      41.4591
    1258      41.9696
    1259      42.3046
    1260      42.0942
    1261      42.5455
    1262      41.7737
    1263      42.2354
    1264      42.4042
    1265      42.8589
    1266      41.9945
    1267      42.8912
    1268      42.3727
    1269      40.7846
    1270      41.6492
    1271      42.1151
    1272      41.5424
    1273      40.9160
    1274      42.6272
    1275      42.2328
    1276      40.9201
    1277      42.6512
    1278      41.6081
    1279      40.6375
    1280      41.6675
    1281      41.3412
    1282      42.0889
    1283      41.8381
    1284      42.2956
    1285      42.0698
    1286      42.6515
    1287      41.4147
    1288      42.1921
    1289      42.3022
    1290      42.1783
    1291      40.7953
    1292      40.1662
    1293      40.6450
    1294      40.1638
    1295      41.6754
    1296      41.3649
    1297      41.1560
    1298      41.4367
    1299      41.5164
    1300      41.8012
    1301      39.6620
    1302      40.5098
    1303      40.1237
    1304      39.8205
    1305      39.9674
    1306      39.0867
    1307      39.4913
    1308      40.8048
    1309      39.8998
    1310      39.1126
    1311      39.6952
    1312      39.6475
    1313      39.5903
    1314      40.7660
    1315      39.1001
    1316      39.5465
    1317      39.6283
    1318      40.2980
    1319      40.4498
    1320      39.4218
    1321      39.4361
    1322      39.7788
    1323      40.5674
    1324      39.8149
    1325      40.6068
    1326      40.2591
    1327      40.0512
    1328      39.8954
    1329      40.4269
    1330      40.7370
    1331      40.9698
    1332      39.7272
    1333      40.3896
    1334      39.0764
    1335      38.8980
    1336      39.6851
    1337      39.4050
    1338      39.1634
    1339      39.6740
    1340      40.0791
    1341      40.7528
    1342      39.5980
    1343      40.9019
    1344      40.3860
    1345      40.9975
    1346      39.5249
    1347      41.2755
    1348      40.4667
    1349      40.3137
    1350      40.6527
    1351      40.5025
    1352      41.3304
    1353      41.4906
    1354      41.1276
    1355      39.6380
    1356      40.0129
    1357      40.7174
    1358      41.4626
    1359      40.6595
    1360      41.3425
    1361      41.3443
    1362      40.4107
    1363      40.6142
    1364      39.5182
    1365      40.1190
    1366      40.9681
    1367      40.8290
    1368      40.5439
    1369      40.2229
    1370      39.9750
    1371      40.3582
    1372      39.3539
    1373      40.0083
    1374      39.7711
    1375      41.1937
    1376      41.5862
    1377      41.4306
    1378      40.1983
    1379      40.9232
    1380      40.8635
    1381      38.5699
    1382      39.9992
    1383      40.5124
    1384      39.7991
    1385      40.7353
    1386      39.3860
    1387      40.8472
    1388      39.3616
    1389      40.1558
    1390      40.5767
    1391      39.7672
    1392      39.1508
    1393      39.6527
    1394      39.6514
    1395      39.9495
    1396      38.9756
    1397      40.2916
    1398      38.9570
    1399      39.7628
    1400      39.0849
    1401      38.9590
    1402      39.5179
    1403      41.4283
    1404      40.1622
    1405      40.2907
    1406      40.1282
    1407      40.6930
    1408      40.8130
    1409      40.2472
    1410      39.5939
    1411      39.8939
    1412      39.7892
    1413      40.2269
    1414      40.2191
    1415      41.1149
    1416      40.6374
    1417      40.6163
    1418      39.7970
    1419      40.2040
    1420      41.2922
    1421      39.7499
    1422      39.8787
    1423      39.2749
    1424      40.4695
    1425      39.7215
    1426      39.4023
    1427      39.0689
    1428      38.8474
    1429      38.7998
    1430      38.2519
    1431      39.3032
    1432      39.8215
    1433      40.1627
    1434      39.6295
    1435      40.7696
    1436      40.4875
    1437      40.2025
    1438      40.2423
    1439      40.2386
    1440      39.8264
    1441      40.0782
    1442      39.7934
    1443      39.3209
    1444      39.5848
    1445      39.5993
    1446      40.0392
    1447      39.2449
    1448      38.4926
    1449      38.8807
    1450      39.6792
    1451      39.9458
    1452      39.3581
    1453      39.3074
    1454      40.0022
    1455      40.6377
    1456      40.5427
    1457      40.4796
    1458      41.2093
    1459      40.4665
    1460      40.0700
    1461      40.1290
    1462      40.0093
    1463      40.6912
    1464      39.8721
    1465      39.0793
    1466      40.3117
    1467      40.5326
    1468      41.1767
    1469      41.5416
    1470      40.5172
    1471      39.9043
    1472      40.0644
    1473      40.2480
    1474      40.9348
    1475      41.0611
    1476      40.1714
    1477      40.7068
    1478      39.5164
    1479      40.3182
    1480      40.1916
    1481      40.4201
    1482      41.6170
    1483      41.3641
    1484      40.6340
    1485      40.9743
    1486      39.6392
    1487      40.6366
    1488      40.2247
    1489      39.4530
    1490      39.2110
    1491      39.7577
    1492      39.2698
    1493      39.3223
    1494      40.9534
    1495      39.5956
    1496      40.3619
    1497      40.6666
    1498      40.2963
    1499      39.8492
    1500      39.8111
    1501      41.0568
    1502      40.5665
    1503      39.7175
    1504      40.5353
    1505      40.0861
    1506      40.9594
    1507      39.4800
    1508      40.0061
    1509      41.4599
    1510      41.0861
    1511      40.0012
    1512      40.5578
    1513      39.2107
    1514      39.9656
    1515      40.3549
    1516      40.5851
    1517      40.4077
    1518      40.6013
    1519      41.2648
    1520      39.7654
    1521      41.4161
    1522      41.1536
    1523      40.9411
    1524      41.2670
    1525      40.9046
    1526      40.3943
    1527      39.8009
    1528      39.7095
    1529      40.0878
    1530      40.1678
    1531      39.3099
    1532      40.8943
    1533      40.0629
    1534      39.7863
    1535      39.6635
    1536      39.6424
    1537      39.2569
    1538      40.5760
    1539      40.9957
    1540      40.7224
    1541      39.5250
    1542      40.3922
    1543      39.1341
    1544      39.7341
    1545      39.7068
    1546      38.8995
    1547      39.8269
    1548      40.0134
    1549      40.6467
    1550      41.3728
    1551      41.6867
    1552      41.0028
    1553      40.2001
    1554      41.2378
    1555      41.0103
    1556      40.4488
    1557      40.5519
    1558      39.6783
    1559      39.6779
    1560      40.4214
    1561      40.4191
    1562      39.9385
    1563      40.9009
    1564      40.9273
    1565      39.7509
    1566      40.1299
    1567      40.9750
    1568      41.4420
    1569      40.1271
    1570      40.5759
    1571      40.9828
    1572      39.2079
    1573      40.0749
    1574      40.9505
    1575      40.8595
    1576      40.9088
    1577      41.5063
    1578      41.1193
    1579      40.6294
    1580      41.0791
    1581      40.4588
    1582      40.5777
    1583      40.3234
    1584      39.9544
    1585      40.0757
    1586      39.9902
    1587      41.1953
    1588      40.2788
    1589      40.7765
    1590      41.8447
    1591      40.9601
    1592      41.7322
    1593      40.7133
    1594      41.1140
    1595      41.7491
    1596      41.5058
    1597      41.5454
    1598      40.8066
    1599      40.3672
    1600      40.3345
    1601      40.3847
    1602      39.2191
    1603      40.0182
    1604      40.2072
    1605      41.3894
    1606      39.9501
    1607      40.2889
    1608      39.5406
    1609      39.9580
    1610      40.1100
    1611      40.3752
    1612      39.2921
    1613      39.6808
    1614      40.5579
    1615      40.4513
    1616      41.0324
    1617      40.5328
    1618      39.9495
    1619      40.1699
    1620      40.1151
    1621      41.2367
    1622      39.8471
    1623      39.7143
    1624      40.4328
    1625      41.2875
    1626      40.0420
    1627      40.0028
    1628      39.9451
    1629      41.5444
    1630      40.8660
    1631      40.5187
    1632      39.9522
    1633      40.5277
    1634      40.5227
    1635      40.8458
    1636      39.7116
    1637      40.1753
    1638      40.3809
    1639      40.7328
    1640      40.7845
    1641      40.3601
    1642      40.6165
    1643      40.4446
    1644      39.9990
    1645      40.6376
    1646      39.9324
    1647      41.1691
    1648      41.1926
    1649      40.2547
    1650      40.4468
    1651      40.4736
    1652      40.1998
    1653      40.5589
    1654      41.5072
    1655      40.4650
    1656      40.1487
    1657      40.8390
    1658      40.6071
    1659      41.1492
    1660      40.5454
    1661      39.9150
    1662      40.4721
    1663      40.8093
    1664      39.8118
    1665      40.3826
    1666      41.0546
    1667      41.2913
    1668      40.3968
    1669      40.1373
    1670      40.6977
    1671      41.3575
    1672      39.9831
    1673      40.1535
    1674      40.4287
    1675      40.1505
    1676      40.4458
    1677      40.3889
    1678      40.6566
    1679      40.1045
    1680      39.7056
    1681      39.3496
    1682      41.0317
    1683      40.5416
    1684      40.5255
    1685      40.6166
    1686      40.6360
    1687      40.1087
    1688      39.8517
    1689      40.8195
    1690      39.7227
    1691      40.5575
    1692      39.7601
    1693      40.4435
    1694      40.5429
    1695      41.0849
    1696      40.8891
    1697      41.1409
    1698      40.9976
    1699      40.5360
    1700      41.0163
    1701      40.6028
    1702      40.4753
    1703      40.0923
    1704      40.5019
    1705      40.5359
    1706      40.4662
    1707      39.6995
    1708      40.1335
    1709      41.0361
    1710      41.0482
    1711      40.4941
    1712      39.6647
    1713      40.1953
    1714      39.1423
    1715      39.6330
    1716      40.0009
    1717      41.2298
    1718      39.6455
    1719      40.7527
    1720      40.1639
    1721      39.7398
    1722      39.8590
    1723      39.9191
    1724      39.4736
    1725      40.4357
    1726      39.8101
    1727      38.7632
    1728      39.5712
    1729      39.1921
    1730      40.1690
    1731      38.9113
    1732      40.2604
    1733      40.4433
    1734      40.0040
    1735      40.4643
    1736      39.9140
    1737      40.6308
    1738      41.0605
    1739      40.9530
    1740      40.9577
    1741      40.7451
    1742      40.7272
    1743      40.6163
    1744      40.8712
    1745      39.8803
    1746      40.5612
    1747      40.6969
    1748      40.9227
    1749      39.4455
    1750      39.9597
    1751      40.6211
    1752      40.1497
    1753      40.4843
    1754      40.3682
    1755      39.8039
    1756      40.4887
    1757      40.7578
    1758      40.6727
    1759      40.6078
    1760      40.3009
    1761      41.0667
    1762      39.8731
    1763      40.3866
    1764      41.2244
    1765      40.9354
    1766      40.1723
    1767      40.2837
    1768      39.4824
    1769      40.2865
    1770      40.9321
    1771      40.4245
    1772      40.2326
    1773      40.1036
    1774      40.4197
    1775      39.8718
    1776      39.8260
    1777      40.6012
    1778      41.1015
    1779      40.8423
    1780      40.1832
    1781      40.3688
    1782      40.8494
    1783      40.6534
    1784      39.7640
    1785      39.9219
    1786      40.1583
    1787      40.4018
    1788      40.9166
    1789      40.0662
    1790      40.3995
    1791      40.6263
    1792      41.0143
    1793      40.5085
    1794      40.3895
    1795      40.1345
    1796      40.1130
    1797      40.7037
    1798      40.5249
    1799      40.6820
    1800      40.5639
    1801      39.6304
    1802      40.7784
    1803      40.3294
    1804      40.4288
    1805      40.7314
    1806      40.4126
    1807      40.6563
    1808      40.3038
    1809      40.5561
    1810      41.1132
    1811      40.5045
    1812      40.1970
    1813      40.1891
    1814      40.0568
    1815      41.2490
    1816      40.7552
    1817      40.2341
    1818      40.5733
    1819      39.7121
    1820      39.5766
    1821      40.4597
    1822      39.9972
    1823      40.9979
    1824      39.9980
    1825      40.4927
    1826      40.7870
    1827      42.0033
    1828      41.1271
    1829      40.4676
    1830      40.1337
    1831      41.1489
    1832      40.1143
    1833      40.9529
    1834      40.7053
    1835      40.7030
    1836      40.5290
    1837      40.9906
    1838      40.7434
    1839      41.4979
    1840      41.1118
    1841      40.2341
    1842      40.5701
    1843      40.5594
    1844      40.1854
    1845      39.7480
    1846      40.3931
    1847      39.6335
    1848      40.3579
    1849      40.2539
    1850      39.9865
    1851      40.7715
    1852      40.4312
    1853      40.4076
    1854      41.4003
    1855      40.8038
    1856      40.2989
    1857      40.6660
    1858      40.3980
    1859      40.9750
    1860      41.1595
    1861      40.9034
    1862      39.8058
    1863      40.1610
    1864      40.5378
    1865      40.7154
    1866      41.0976
    1867      40.0176
    1868      39.9501
    1869      41.1607
    1870      40.0981
    1871      40.8641
    1872      40.6095
    1873      40.4605
    1874      40.7539
    1875      41.6229
    1876      41.4206
    1877      40.4160
    1878      41.0969
    1879      40.2171
    1880      40.6094
    1881      41.4735
    1882      40.2789
    1883      40.9932
    1884      40.2078
    1885      41.1161
    1886      40.2627
    1887      41.7946
    1888      40.1210
    1889      40.9928
    1890      41.1631
    1891      40.3313
    1892      40.2102
    1893      40.2590
    1894      40.2395
    1895      40.7063
    1896      40.9545
    1897      39.4345
    1898      41.1975
    1899      40.5996
    1900      39.5980
    1901      39.6856
    1902      41.1352
    1903      39.8207
    1904      41.0204
    1905      40.3717
    1906      40.6847
    1907      40.2788
    1908      40.3405
    1909      40.7404
    1910      40.2893
    1911      40.7459
    1912      39.9349
    1913      39.9894
    1914      39.9163
    1915      40.6208
    1916      41.2415
    1917      40.0480
    1918      41.2772
    1919      41.1792
    1920      39.9050
    1921      40.7637
    1922      39.1654
    1923      39.7265
    1924      39.4570
    1925      38.6947
    1926      40.4585
    1927      39.2370
    1928      39.3714
    1929      38.5014
    1930      40.3086
    1931      40.3985
    1932      39.9213
    1933      39.9889
    1934      41.2807
    1935      40.7819
    1936      39.6001
    1937      40.6403
    1938      40.8098
    1939      40.0527
    1940      40.2548
    1941      40.1131
    1942      40.7356
    1943      39.9433
    1944      40.6618
    1945      41.3230
    1946      39.5334
    1947      39.1499
    1948      40.3145
    1949      39.7823
    1950      39.1064
    1951      40.6274
    1952      39.6064
    1953      40.5106
    1954      39.7778
    1955      40.3955
    1956      39.9176
    1957      39.6059
    1958      40.4626
    1959      40.2564
    1960      40.5095
    1961      40.5491
    1962      40.3660
    1963      39.4643
    1964      39.3701
    1965      39.8867
    1966      40.3064
    1967      40.1587
    1968      41.2234
    1969      39.5032
    1970      39.9529
    1971      40.1692
    1972      40.2699
    1973      39.3842
    1974      39.7276
    1975      39.7539
    1976      38.9268
    1977      39.6601
    1978      39.4191
    1979      38.9651
    1980      39.2777
    1981      39.8012
    1982      38.7229
    1983      39.6633
    1984      39.9707
    1985      38.7115
    1986      39.7883
    1987      39.9657
    1988      39.9579
    1989      39.8918
    1990      39.8871
    1991      39.3232
    1992      40.2584
    1993      39.6667
    1994      40.2534
    1995      40.0334
    1996      41.0277
    1997      41.9760
    1998      40.9117
    1999      40.4149
    2000      40.9106
