#Frame     end-to-end
       1      34.3047
       2      34.1846
       3      33.9883
       4      34.1836
       5      34.2005
       6      34.2009
       7      34.8657
       8      33.5624
       9      35.2761
      10      33.5166
      11      33.7700
      12      34.3046
      13      33.6772
      14      32.5410
      15      33.9546
      16      34.8973
      17      34.7228
      18      33.6467
      19      34.4274
      20      33.9712
      21      35.4296
      22      35.2749
      23      33.5914
      24      35.0885
      25      32.9816
      26      34.2251
      27      34.2300
      28      34.9692
      29      33.6342
      30      34.3147
      31      33.5471
      32      35.8412
      33      34.4375
      34      34.0051
      35      35.1072
      36      34.4287
      37      34.1756
      38      33.2363
      39      33.6933
      40      32.4381
      41      32.2761
      42      34.9622
      43      33.6791
      44      33.4634
      45      35.9928
      46      35.3211
      47      35.3507
      48      36.1817
      49      35.7886
      50      36.0854
      51      34.9216
      52      35.7418
      53      35.7747
      54      34.9997
      55      35.2301
      56      35.3155
      57      36.1199
      58      33.7331
      59      36.6756
      60      35.7980
      61      35.4326
      62      35.0466
      63      34.8603
      64      33.9436
      65      34.0838
      66      34.0201
      67      33.2253
      68      33.5078
      69      33.7027
      70      33.6168
      71      34.0205
      72      35.4899
      73      33.6193
      74      33.6517
      75      33.9632
      76      34.7813
      77      34.7967
      78      35.1204
      79      33.5889
      80      34.7141
      81      36.3875
      82      35.0680
      83      34.6743
      84      34.4633
      85      34.0406
      86      33.1284
      87      32.4615
      88      33.7066
      89      35.8060
      90      33.3501
      91      33.9505
      92      33.9589
      93      34.8233
      94      34.3562
      95      33.6091
      96      33.8536
      97      34.4536
      98      33.7283
      99      34.7041
     100      33.5628
     101      34.4615
     102      34.7899
     103      34.4369
     104      32.7977
     105      33.3080
     106      34.2091
     107      32.9860
     108      33.1811
     109      34.1183
     110      34.0400
     111      33.7040
     112      33.1452
     113      33.5860
     114      33.1697
     115      33.9523
     116      33.3898
     117      33.7241
     118      34.5544
     119      34.6505
     120      34.2240
     121      35.4776
     122      33.7488
     123      34.5505
     124      34.3777
     125      34.4587
     126      35.1293
     127      35.1257
     128      35.5193
     129      35.0666
     130      33.6694
     131      34.6717
     132      33.6627
     133      33.8681
     134      34.4000
     135      32.9522
     136      34.5282
     137      34.0888
     138      34.9825
     139      34.6479
     140      33.1864
     141      34.8610
     142      34.1215
     143      34.2522
     144      33.8081
     145      34.5581
     146      35.2702
     147      33.4143
     148      33.7303
     149      35.1467
     150      33.5424
     151      33.6241
     152      33.1583
     153      32.9158
     154      31.7569
     155      32.6481
     156      32.0062
     157      33.2466
     158      32.0434
     159      33.1281
     160      32.4093
     161      33.6573
     162      32.9823
     163      34.6230
     164      34.3031
     165      34.7891
     166      34.2110
     167      34.7305
     168      33.8341
     169      33.6676
     170      33.5579
     171      35.1821
     172      35.1164
     173      33.7323
     174      34.0365
     175      34.9835
     176      36.0947
     177      37.4426
     178      36.5738
     179      33.9344
     180      33.8387
     181      33.1972
     182      34.4158
     183      34.5961
     184      34.3583
     185      33.5562
     186      33.7815
     187      34.9753
     188      32.8511
     189      33.7455
     190      34.8338
     191      33.9590
     192      34.6578
     193      34.0262
     194      34.7256
     195      33.6896
     196      34.9323
     197      35.1134
     198      34.5622
     199      34.8656
     200      33.6237
     201      34.2793
     202      35.0636
     203      35.0834
     204      34.1190
     205      34.1939
     206      34.6004
     207      32.9142
     208      34.1404
     209      33.5594
     210      34.1061
     211      32.8092
     212      34.5874
     213      33.0574
     214      33.2554
     215      32.9672
     216      33.6768
     217      34.5949
     218      33.1643
     219      35.1681
     220      35.3333
     221      34.1795
     222      34.0816
     223      34.2495
     224      31.9243
     225      31.7765
     226      34.3109
     227      31.4999
     228      33.3418
     229      33.0951
     230      33.0688
     231      33.5142
     232      31.5595
     233      32.8116
     234      34.9086
     235      34.6646
     236      34.6270
     237      32.9074
     238      35.8504
     239      34.4363
     240      34.2155
     241      33.4716
     242      32.9242
     243      33.3854
     244      33.5794
     245      35.1725
     246      35.1572
     247      34.0209
     248      33.5621
     249      33.6651
     250      34.4049
     251      33.1848
     252      33.2927
     253      34.0652
     254      33.9946
     255      32.6436
     256      32.4155
     257      33.2445
     258      34.2392
     259      34.6730
     260      33.7624
     261      32.6871
     262      32.8544
     263      32.9260
     264      31.7335
     265      31.3724
     266      33.2667
     267      32.9367
     268      33.8624
     269      32.7515
     270      33.5078
     271      32.8656
     272      32.3638
     273      33.5840
     274      31.6568
     275      33.6181
     276      33.3714
     277      33.5378
     278      32.5996
     279      32.6185
     280      32.7603
     281      33.4874
     282      34.0788
     283      35.2322
     284      34.2591
     285      35.1834
     286      33.2155
     287      33.7373
     288      34.5656
     289      34.3782
     290      33.9492
     291      34.8332
     292      34.1541
     293      33.9360
     294      35.5918
     295      34.1518
     296      35.2840
     297      33.5428
     298      35.1363
     299      35.5082
     300      34.1075
     301      34.6405
     302      36.1008
     303      34.9092
     304      34.5806
     305      35.7510
     306      34.9695
     307      34.0484
     308      35.4790
     309      34.4514
     310      35.2816
     311      34.1800
     312      35.7938
     313      34.8454
     314      36.4425
     315      35.8903
     316      34.6484
     317      35.5898
     318      33.8687
     319      33.3479
     320      34.5938
     321      34.1789
     322      34.6271
     323      34.5622
     324      34.7627
     325      35.4193
     326      37.0209
     327      34.7698
     328      33.5369
     329      33.8963
     330      34.8437
     331      36.9833
     332      35.4003
     333      36.7530
     334      35.8361
     335      34.6734
     336      35.2262
     337      36.2814
     338      34.9892
     339      35.9783
     340      36.2195
     341      34.4283
     342      35.1089
     343      34.6329
     344      33.6657
     345      35.3877
     346      35.0969
     347      34.6075
     348      35.3709
     349      36.7419
     350      36.4383
     351      35.9151
     352      36.5527
     353      37.2365
     354      34.9565
     355      33.8846
     356      34.0473
     357      33.8608
     358      34.3660
     359      35.0794
     360      34.6902
     361      36.7324
     362      33.8600
     363      35.2390
     364      35.7144
     365      35.3586
     366      35.8486
     367      35.9567
     368      34.4103
     369      34.7493
     370      33.8413
     371      36.0849
     372      35.6867
     373      35.5596
     374      33.6700
     375      36.4751
     376      35.4157
     377      33.4126
     378      34.2330
     379      33.9730
     380      33.6914
     381      33.3398
     382      32.9076
     383      34.6165
     384      33.9023
     385      34.4326
     386      35.4029
     387      34.9779
     388      35.4769
     389      35.0469
     390      33.8449
     391      34.5923
     392      33.9784
     393      34.6910
     394      34.9047
     395      34.4513
     396      35.9239
     397      35.5506
     398      36.7963
     399      36.4327
     400      34.9893
     401      34.6053
     402      34.4745
     403      36.1124
     404      36.0512
     405      36.8431
     406      35.3497
     407      36.0067
     408      34.9805
     409      35.3297
     410      34.7853
     411      35.5024
     412      36.4046
     413      37.0896
     414      36.1819
     415      35.3766
     416      35.6866
     417      36.5298
     418      35.0222
     419      36.3160
     420      36.8638
     421      35.9549
     422      35.9591
     423      37.0475
     424      35.3274
     425      34.7594
     426      33.8185
     427      33.9821
     428      34.3337
     429      34.9919
     430      33.1305
     431      32.8539
     432      33.5081
     433      34.8638
     434      32.5485
     435      35.4507
     436      34.0970
     437      35.1543
     438      34.6675
     439      34.2565
     440      36.2195
     441      36.0072
     442      35.7315
     443      35.9600
     444      34.0958
     445      34.3860
     446      35.1946
     447      34.8831
     448      35.1122
     449      34.8311
     450      35.4573
     451      34.1740
     452      36.1568
     453      35.8852
     454      36.2126
     455      35.8890
     456      35.9559
     457      35.5906
     458      36.2250
     459      35.8592
     460      35.4250
     461      36.8076
     462      35.9724
     463      35.0985
     464      35.4141
     465      35.0713
     466      37.2958
     467      35.7699
     468      36.4080
     469      35.7616
     470      35.4474
     471      34.5913
     472      35.3151
     473      36.4746
     474      36.0849
     475      35.5488
     476      37.0006
     477      35.5064
     478      36.1192
     479      35.1096
     480      35.0914
     481      34.8340
     482      34.9659
     483      35.4467
     484      35.2986
     485      36.0286
     486      34.6348
     487      36.2367
     488      36.6198
     489      37.5618
     490      37.1801
     491      36.3870
     492      38.3270
     493      37.2966
     494      37.3439
     495      37.9119
     496      37.7013
     497      36.1301
     498      35.3809
     499      35.1600
     500      35.7595
     501      37.6273
     502      36.4221
     503      38.6417
     504      37.9399
     505      36.9950
     506      36.5372
     507      37.7370
     508      38.6328
     509      35.9117
     510      34.2888
     511      38.2240
     512      37.7816
     513      36.9613
     514      35.4235
     515      35.5186
     516      36.9764
     517      35.3050
     518      36.5466
     519      34.9480
     520      34.5746
     521      34.8920
     522      35.3944
     523      34.4616
     524      34.4237
     525      34.6596
     526      34.8899
     527      34.6971
     528      34.7634
     529      35.4089
     530      33.9845
     531      34.8338
     532      34.5291
     533      33.6391
     534      34.3824
     535      35.7121
     536      36.2063
     537      35.5154
     538      33.4712
     539      33.8451
     540      34.0238
     541      32.9368
     542      33.4178
     543      32.4489
     544      33.8394
     545      32.4163
     546      32.0405
     547      33.6723
     548      33.7345
     549      33.5623
     550      34.4728
     551      34.2716
     552      35.3130
     553      34.6077
     554      33.4663
     555      34.2924
     556      34.7699
     557      33.4609
     558      33.1554
     559      33.1934
     560      34.4923
     561      33.8400
     562      35.2859
     563      33.8238
     564      33.9356
     565      34.5965
     566      33.0050
     567      34.6546
     568      34.3453
     569      35.2758
     570      36.4410
     571      35.9561
     572      35.2630
     573      35.7904
     574      35.8036
     575      35.5028
     576      33.1975
     577      35.0852
     578      35.4757
     579      35.6270
     580      34.7701
     581      35.1674
     582      35.0278
     583      35.4696
     584      33.4903
     585      33.3235
     586      33.8525
     587      34.1859
     588      34.4599
     589      33.6454
     590      33.8151
     591      34.5227
     592      34.1140
     593      36.0007
     594      33.3843
     595      34.4669
     596      35.3902
     597      34.6388
     598      34.3951
     599      35.4318
     600      35.4532
     601      34.7990
     602      37.5872
     603      36.0818
     604      34.5958
     605      34.5619
     606      34.4260
     607      35.1375
     608      35.1714
     609      35.4500
     610      33.2446
     611      34.1115
     612      34.5535
     613      33.6466
     614      35.0241
     615      35.5754
     616      34.9895
     617      34.5201
     618      36.1604
     619      34.9881
     620      34.3213
     621      34.3393
     622      34.7378
     623      34.1523
     624      34.2053
     625      33.3717
     626      34.3896
     627      34.4754
     628      35.2517
     629      36.8567
     630      35.3136
     631      34.0855
     632      34.8676
     633      35.9175
     634      35.0881
     635      35.3873
     636      34.4109
     637      35.9342
     638      32.4742
     639      35.3889
     640      36.8679
     641      35.2562
     642      36.2696
     643      34.4387
     644      33.2303
     645      35.0070
     646      34.9704
     647      35.3723
     648      35.8380
     649      36.3959
     650      36.5639
     651      34.9602
     652      35.2531
     653      34.8773
     654      34.3339
     655      35.2263
     656      35.3414
     657      35.6659
     658      35.3353
     659      33.3316
     660      33.8159
     661      33.9495
     662      33.7489
     663      32.1226
     664      32.9794
     665      32.8525
     666      32.8895
     667      32.6595
     668      32.8037
     669      33.7766
     670      35.0667
     671      33.5631
     672      35.0131
     673      35.4760
     674      36.6630
     675      34.9191
     676      36.1155
     677      34.7467
     678      35.4215
     679      35.3087
     680      35.2035
     681      35.1414
     682      35.8328
     683      35.0820
     684      35.1609
     685      35.2458
     686      34.4201
     687      33.8870
     688      34.5394
     689      35.9614
     690      34.0053
     691      33.8489
     692      34.2844
     693      33.3260
     694      33.4665
     695      34.2555
     696      33.3059
     697      35.0853
     698      33.0109
     699      34.0804
     700      34.0922
     701      35.1165
     702      34.0088
     703      32.7986
     704      33.6969
     705      33.6519
     706      33.0954
     707      33.5597
     708      35.0526
     709      34.1611
     710      35.8367
     711      33.5606
     712      33.5031
     713      34.6337
     714      35.5876
     715      34.4008
     716      34.1040
     717      35.0367
     718      34.7142
     719      34.4479
     720      33.9832
     721      34.8588
     722      36.4372
     723      34.5140
     724      35.5056
     725      35.0819
     726      34.3460
     727      34.5956
     728      34.5610
     729      35.1019
     730      32.7866
     731      35.7638
     732      34.2636
     733      36.0488
     734      35.6191
     735      35.1844
     736      34.4534
     737      35.0214
     738      35.6620
     739      35.4454
     740      35.5352
     741      35.7517
     742      35.4509
     743      35.0691
     744      37.5954
     745      35.9999
     746      34.8514
     747      35.3735
     748      33.5846
     749      34.6602
     750      35.8405
     751      34.6809
     752      35.6565
     753      34.8886
     754      33.8134
     755      34.7850
     756      35.2725
     757      34.1465
     758      34.7687
     759      34.4988
     760      35.5874
     761      35.4601
     762      34.1370
     763      35.7571
     764      36.4733
     765      37.5488
     766      37.5920
     767      35.9271
     768      35.5610
     769      35.6972
     770      35.7456
     771      35.6346
     772      35.3615
     773      34.0886
     774      33.7603
     775      34.7278
     776      34.1829
     777      35.8175
     778      34.0063
     779      33.9957
     780      34.1116
     781      34.2285
     782      35.4596
     783      35.4759
     784      34.0229
     785      36.5076
     786      34.9179
     787      35.2560
     788      34.8961
     789      34.1630
     790      37.1365
     791      35.8950
     792      36.2584
     793      37.2591
     794      36.2204
     795      36.8687
     796      36.7254
     797      36.8428
     798      37.1820
     799      36.5405
     800      35.4114
     801      36.3744
     802      37.5248
     803      35.4948
     804      35.8436
     805      36.1620
     806      35.5441
     807      35.3347
     808      35.4938
     809      34.8214
     810      35.7793
     811      34.6630
     812      34.5695
     813      35.2687
     814      35.1476
     815      35.6333
     816      36.3337
     817      35.4708
     818      35.1849
     819      35.7281
     820      36.4533
     821      35.4079
     822      35.8421
     823      36.8925
     824      36.2665
     825      35.1139
     826      35.8630
     827      35.2130
     828      35.2065
     829      36.5052
     830      35.7727
     831      36.6890
     832      36.5376
     833      35.7691
     834      35.5243
     835      35.2837
     836      37.1179
     837      36.2333
     838      35.7562
     839      36.9389
     840      35.5809
     841      35.1378
     842      35.2357
     843      34.4076
     844      35.1774
     845      35.9154
     846      34.9410
     847      36.1035
     848      34.4333
     849      35.5294
     850      35.3929
     851      34.7254
     852      35.4478
     853      35.0797
     854      34.6141
     855      33.2188
     856      33.7322
     857      33.3715
     858      33.4712
     859      32.1721
     860      32.8292
     861      31.7506
     862      33.0220
     863      31.9742
     864      29.9273
     865      32.6173
     866      32.3936
     867      32.4723
     868      32.9277
     869      33.7324
     870      33.5054
     871      32.7184
     872      31.9394
     873      34.0468
     874      32.7194
     875      32.8814
     876      33.0208
     877      31.6145
     878      32.5965
     879      33.0855
     880      33.3056
     881      33.7537
     882      34.6749
     883      34.2594
     884      32.9525
     885      33.4747
     886      34.0067
     887      33.6883
     888      34.6974
     889      35.6942
     890      34.0881
     891      34.6121
     892      34.5223
     893      33.5415
     894      32.4455
     895      32.1781
     896      32.3006
     897      32.9462
     898      33.6934
     899      34.3174
     900      32.4684
     901      32.2996
     902      33.0221
     903      32.7405
     904      32.4622
     905      33.7916
     906      33.0336
     907      32.4557
     908      32.8734
     909      33.1384
     910      33.6325
     911      34.1271
     912      33.5071
     913      33.7353
     914      31.3432
     915      30.9160
     916      32.6163
     917      33.5518
     918      33.9267
     919      33.7112
     920      34.0272
     921      33.8094
     922      33.2791
     923      33.7246
     924      33.0159
     925      32.0669
     926      33.3784
     927      33.1663
     928      33.7222
     929      33.9734
     930      32.8368
     931      32.9043
     932      33.0019
     933      33.6131
     934      33.5761
     935      32.3058
     936      31.8086
     937      33.0605
     938      32.2280
     939      33.7189
     940      33.4262
     941      33.0922
     942      32.8660
     943      33.3014
     944      33.7275
     945      34.4712
     946      34.0198
     947      34.7788
     948      33.1389
     949      34.5292
     950      33.1967
     951      34.2118
     952      36.4084
     953      35.9586
     954      36.4388
     955      36.4352
     956      34.5427
     957      36.1883
     958      36.1234
     959      35.8415
     960      36.1620
     961      35.6193
     962      37.0599
     963      36.4736
     964      36.9156
     965      36.2513
     966      35.5462
     967      35.8432
     968      36.8253
     969      36.8463
     970      37.2173
     971      35.4446
     972      37.9956
     973      35.9765
     974      36.8310
     975      36.1191
     976      35.6274
     977      34.1312
     978      35.8043
     979      35.1572
     980      37.0763
     981      34.8391
     982      35.2819
     983      34.2518
     984      34.7736
     985      34.8641
     986      33.9999
     987      33.8654
     988      33.7187
     989      34.1082
     990      34.6072
     991      34.6067
     992      35.5424
     993      34.2876
     994      35.3850
     995      36.7122
     996      37.6940
     997      35.8112
     998      34.2875
     999      33.5199
    1000      33.7860
    1001      34.0162
    1002      34.3864
    1003      35.0278
    1004      35.0459
    1005      34.3672
    1006      34.1219
    1007      34.3413
    1008      34.4319
    1009      35.9469
    1010      36.6764
    1011      35.3581
    1012      37.4339
    1013      38.5050
    1014      37.6317
    1015      36.7266
    1016      37.1322
    1017      36.4894
    1018      36.6813
    1019      36.3160
    1020      38.6784
    1021      38.2177
    1022      37.4991
    1023      37.2359
    1024      36.4325
    1025      36.1392
    1026      37.0345
    1027      37.2307
    1028      35.7995
    1029      36.0415
    1030      36.0312
    1031      36.3285
    1032      36.6786
    1033      35.5667
    1034      35.7834
    1035      36.4466
    1036      35.9588
    1037      35.9417
    1038      35.8508
    1039      35.9659
    1040      36.3793
    1041      34.9058
    1042      36.2729
    1043      34.9949
    1044      36.3656
    1045      34.6559
    1046      33.2632
    1047      32.8201
    1048      34.0191
    1049      33.1596
    1050      34.5510
    1051      34.4535
    1052      33.8955
    1053      35.0895
    1054      35.3356
    1055      34.5156
    1056      34.3795
    1057      34.3602
    1058      35.4066
    1059      34.6856
    1060      35.4726
    1061      37.6981
    1062      37.7091
    1063      38.0376
    1064      37.6666
    1065      38.2215
    1066      36.7660
    1067      36.7229
    1068      36.3798
    1069      35.4675
    1070      35.8192
    1071      36.1167
    1072      34.8059
    1073      36.7154
    1074      35.7041
    1075      36.5280
    1076      38.0645
    1077      35.7774
    1078      37.3748
    1079      35.7603
    1080      35.9424
    1081      37.8621
    1082      36.7134
    1083      36.4926
    1084      36.2517
    1085      36.8607
    1086      34.9089
    1087      35.0351
    1088      36.5652
    1089      34.4591
    1090      37.3371
    1091      35.8068
    1092      35.3402
    1093      36.3860
    1094      34.0150
    1095      33.5047
    1096      33.8061
    1097      33.4334
    1098      35.1650
    1099      35.2270
    1100      34.0701
    1101      34.6158
    1102      33.7092
    1103      34.3913
    1104      33.8542
    1105      32.5346
    1106      32.4815
    1107      33.5041
    1108      32.6799
    1109      34.1892
    1110      34.8323
    1111      34.6157
    1112      35.1386
    1113      33.9804
    1114      34.5843
    1115      34.4018
    1116      34.7244
    1117      33.0225
    1118      35.1653
    1119      34.5954
    1120      35.4389
    1121      35.4217
    1122      35.5409
    1123      35.1584
    1124      36.5538
    1125      36.8067
    1126      36.0873
    1127      35.7330
    1128      35.1172
    1129      35.0303
    1130      36.5460
    1131      37.9744
    1132      36.2934
    1133      35.9154
    1134      36.3798
    1135      37.0121
    1136      35.1904
    1137      36.1259
    1138      35.9385
    1139      36.6805
    1140      35.6000
    1141      35.3781
    1142      35.0738
    1143      34.8492
    1144      36.0181
    1145      35.9905
    1146      35.5481
    1147      36.1413
    1148      35.8758
    1149      34.5205
    1150      35.5036
    1151      35.6056
    1152      35.7824
    1153      34.6316
    1154      34.7989
    1155      34.8862
    1156      34.4907
    1157      35.6396
    1158      35.6731
    1159      36.4969
    1160      35.3925
    1161      35.5640
    1162      34.2977
    1163      36.1187
    1164      35.9168
    1165      34.7667
    1166      34.1662
    1167      34.9021
    1168      32.9674
    1169      34.4427
    1170      33.5018
    1171      34.3633
    1172      35.4807
    1173      35.9960
    1174      36.4035
    1175      37.4008
    1176      36.5477
    1177      36.0839
    1178      34.5021
    1179      34.6638
    1180      33.9731
    1181      35.0575
    1182      35.2097
    1183      35.6165
    1184      36.4717
    1185      35.9469
    1186      36.4421
    1187      37.6191
    1188      37.8429
    1189      35.9377
    1190      36.5862
    1191      36.7265
    1192      37.1970
    1193      38.9177
    1194      37.2053
    1195      36.6997
    1196      38.2684
    1197      37.2752
    1198      39.4279
    1199      37.1944
    1200      36.8295
    1201      37.9276
    1202      37.1597
    1203      38.0822
    1204      37.6436
    1205      38.4827
    1206      37.2323
    1207      39.5752
    1208      37.7566
    1209      37.7905
    1210      36.8104
    1211      36.6045
    1212      37.4829
    1213      37.2835
    1214      39.2583
    1215      39.3283
    1216      38.9869
    1217      40.0535
    1218      40.5128
    1219      40.5461
    1220      41.9249
    1221      40.0718
    1222      39.2244
    1223      37.6370
    1224      39.3989
    1225      39.0556
    1226      39.4086
    1227      37.9148
    1228      36.3827
    1229      37.3449
    1230      36.0746
    1231      37.3891
    1232      35.3265
    1233      35.5970
    1234      35.1680
    1235      36.2212
    1236      35.7523
    1237      33.8993
    1238      35.2625
    1239      36.1635
    1240      35.1305
    1241      36.0619
    1242      36.1200
    1243      35.0278
    1244      36.5735
    1245      36.8712
    1246      35.0251
    1247      37.9335
    1248      36.9496
    1249      36.8193
    1250      37.7543
    1251      37.4009
    1252      37.1203
    1253      36.1665
    1254      36.7250
    1255      36.1271
    1256      35.6844
    1257      34.6391
    1258      35.0203
    1259      35.0717
    1260      34.5009
    1261      36.1085
    1262      37.0784
    1263      36.7270
    1264      37.5953
    1265      37.2088
    1266      36.3431
    1267      34.9216
    1268      33.6463
    1269      33.4144
    1270      34.2839
    1271      34.5832
    1272      33.5496
    1273      34.8329
    1274      32.7428
    1275      32.5549
    1276      32.5544
    1277      32.7055
    1278      34.0756
    1279      32.9591
    1280      32.9797
    1281      32.6840
    1282      35.1782
    1283      34.1842
    1284      34.0061
    1285      33.8030
    1286      33.9356
    1287      33.5553
    1288      33.4977
    1289      34.3468
    1290      33.6367
    1291      34.1126
    1292      34.4759
    1293      34.5568
    1294      35.2282
    1295      36.1609
    1296      34.7521
    1297      35.2450
    1298      33.9450
    1299      34.5397
    1300      35.3232
    1301      34.9363
    1302      33.8360
    1303      35.4939
    1304      34.5849
    1305      33.8937
    1306      34.7773
    1307      35.5278
    1308      35.4317
    1309      35.8370
    1310      35.6248
    1311      34.7985
    1312      34.6436
    1313      34.7811
    1314      35.4192
    1315      35.8969
    1316      37.0860
    1317      35.1264
    1318      35.5257
    1319      36.2389
    1320      36.6613
    1321      37.0233
    1322      36.4290
    1323      39.7699
    1324      38.7094
    1325      39.8026
    1326      38.9620
    1327      37.7545
    1328      38.9236
    1329      37.8815
    1330      38.8998
    1331      38.2121
    1332      37.9775
    1333      37.4208
    1334      37.9906
    1335      35.8828
    1336      36.0941
    1337      36.5427
    1338      37.2016
    1339      38.1721
    1340      36.9801
    1341      36.5640
    1342      36.4616
    1343      35.9181
    1344      37.6060
    1345      37.6156
    1346      35.8140
    1347      35.0517
    1348      35.8438
    1349      35.9667
    1350      34.7691
    1351      35.9070
    1352      36.2611
    1353      36.6091
    1354      36.4623
    1355      34.4337
    1356      35.4727
    1357      34.2610
    1358      36.9874
    1359      36.3743
    1360      36.5083
    1361      36.1744
    1362      34.9831
    1363      34.8772
    1364      35.2271
    1365      34.9436
    1366      35.5139
    1367      33.9702
    1368      34.7533
    1369      34.3544
    1370      34.2794
    1371      34.9736
    1372      34.7280
    1373      34.2617
    1374      33.3467
    1375      33.8756
    1376      33.8721
    1377      33.9486
    1378      33.6708
    1379      33.8620
    1380      33.7480
    1381      33.7546
    1382      32.5340
    1383      32.3822
    1384      33.0602
    1385      33.5400
    1386      34.7606
    1387      33.8512
    1388      32.6637
    1389      33.0739
    1390      33.4919
    1391      33.9099
    1392      34.1861
    1393      32.9909
    1394      33.1394
    1395      33.4584
    1396      34.5761
    1397      33.3291
    1398      34.4833
    1399      33.6106
    1400      33.7712
    1401      34.1100
    1402      33.8546
    1403      34.0964
    1404      33.6724
    1405      35.5296
    1406      35.8853
    1407      36.8041
    1408      35.7462
    1409      37.1107
    1410      36.0585
    1411      35.8179
    1412      36.0941
    1413      36.5760
    1414      35.3948
    1415      35.4067
    1416      34.6555
    1417      35.5841
    1418      34.8046
    1419      32.8406
    1420      33.8938
    1421      34.0813
    1422      33.4397
    1423      34.9675
    1424      35.1593
    1425      35.1092
    1426      35.6039
    1427      35.4570
    1428      34.2027
    1429      35.1148
    1430      34.2725
    1431      33.9402
    1432      33.4664
    1433      32.8569
    1434      33.2998
    1435      34.3706
    1436      35.2784
    1437      35.0924
    1438      35.5076
    1439      35.8020
    1440      34.4359
    1441      35.3220
    1442      33.5765
    1443      34.6936
    1444      36.2999
    1445      34.8041
    1446      35.2912
    1447      34.1855
    1448      34.6063
    1449      35.0145
    1450      33.1502
    1451      35.1250
    1452      33.9694
    1453      34.6462
    1454      35.1516
    1455      34.9113
    1456      34.0425
    1457      34.8018
    1458      37.1646
    1459      35.7150
    1460      36.0594
    1461      36.3846
    1462      37.0762
    1463      38.2719
    1464      38.7392
    1465      39.6871
    1466      38.5721
    1467      39.4829
    1468      40.1308
    1469      40.5632
    1470      39.9526
    1471      41.6118
    1472      39.3277
    1473      38.3000
    1474      38.6488
    1475      39.2432
    1476      38.4148
    1477      39.7877
    1478      39.1356
    1479      38.7458
    1480      39.2454
    1481      38.4499
    1482      39.2085
    1483      40.0450
    1484      38.8590
    1485      38.0161
    1486      38.8258
    1487      38.8635
    1488      37.8070
    1489      35.8730
    1490      37.3326
    1491      35.5628
    1492      36.4466
    1493      36.8211
    1494      36.3032
    1495      35.1546
    1496      34.8728
    1497      36.2983
    1498      36.0959
    1499      34.7951
    1500      35.2006
    1501      35.6560
    1502      34.4817
    1503      34.9701
    1504      35.2546
    1505      34.6732
    1506      34.6848
    1507      34.8167
    1508      33.6256
    1509      33.8738
    1510      33.8959
    1511      35.1245
    1512      34.0769
    1513      33.6035
    1514      33.4576
    1515      33.9606
    1516      34.4779
    1517      34.6103
    1518      34.6736
    1519      33.6857
    1520      34.3437
    1521      34.4270
    1522      33.5530
    1523      34.9796
    1524      33.9142
    1525      34.3041
    1526      34.5961
    1527      34.5982
    1528      34.8292
    1529      34.9529
    1530      34.0260
    1531      34.1205
    1532      35.0349
    1533      34.7864
    1534      34.5947
    1535      34.6291
    1536      35.4371
    1537      36.2818
    1538      36.5048
    1539      36.7206
    1540      36.3198
    1541      36.5952
    1542      37.5088
    1543      36.9669
    1544      34.5826
    1545      36.3184
    1546      35.9653
    1547      36.1825
    1548      35.9004
    1549      36.3711
    1550      36.2292
    1551      35.9674
    1552      36.4158
    1553      37.4240
    1554      36.0913
    1555      35.3476
    1556      36.5781
    1557      34.8969
    1558      36.5463
    1559      35.8516
    1560      35.3517
    1561      36.5042
    1562      37.1572
    1563      38.2381
    1564      36.3243
    1565      35.0595
    1566      34.8502
    1567      36.1579
    1568      35.9545
    1569      35.1769
    1570      34.7267
    1571      33.0627
    1572      32.8222
    1573      35.2256
    1574      34.6879
    1575      33.5574
    1576      34.1070
    1577      33.3130
    1578      34.5481
    1579      35.2706
    1580      35.9626
    1581      36.2899
    1582      36.7035
    1583      34.8063
    1584      36.7302
    1585      35.8627
    1586      36.9526
    1587      37.7581
    1588      38.5600
    1589      36.3011
    1590      35.4643
    1591      34.2871
    1592      36.5795
    1593      36.1626
    1594      36.2162
    1595      36.4371
    1596      36.8214
    1597      37.3473
    1598      38.3077
    1599      37.0312
    1600      36.5662
    1601      35.2273
    1602      34.5299
    1603      36.2329
    1604      35.2401
    1605      36.1008
    1606      34.1457
    1607      34.8277
    1608      35.7736
    1609      36.5610
    1610      36.7093
    1611      38.6426
    1612      37.4886
    1613      37.5241
    1614      38.3278
    1615      36.9627
    1616      36.5296
    1617      37.8269
    1618      37.5610
    1619      38.6209
    1620      37.6596
    1621      38.7874
    1622      36.5070
    1623      35.3130
    1624      36.5251
    1625      36.2855
    1626      37.2484
    1627      37.3318
    1628      36.8278
    1629      36.5011
    1630      37.7374
    1631      36.6849
    1632      37.0835
    1633      36.2801
    1634      37.2380
    1635      38.2448
    1636      37.4915
    1637      37.3475
    1638      36.3549
    1639      36.5293
    1640      37.4329
    1641      37.3948
    1642      36.8523
    1643      37.3791
    1644      37.5418
    1645      37.6604
    1646      36.2970
    1647      38.2168
    1648      35.0042
    1649      36.7725
    1650      36.7655
    1651      35.1741
    1652      35.0327
    1653      35.9456
    1654      35.8301
    1655      36.7273
    1656      38.6594
    1657      39.3640
    1658      37.3889
    1659      35.7632
    1660      36.1874
    1661      36.5147
    1662      36.3007
    1663      37.5116
    1664      36.5647
    1665      34.8856
    1666      36.0238
    1667      36.6698
    1668      37.3156
    1669      36.6866
    1670      36.7280
    1671      36.3273
    1672      34.7316
    1673      35.4982
    1674      36.2332
    1675      35.4210
    1676      35.3132
    1677      35.2656
    1678      35.0626
    1679      35.6345
    1680      34.1498
    1681      35.9500
    1682      35.7769
    1683      37.8112
    1684      37.0649
    1685      36.9561
    1686      36.9576
    1687      37.5595
    1688      36.7706
    1689      37.5745
    1690      36.0976
    1691      35.9427
    1692      35.5252
    1693      35.9808
    1694      34.8441
    1695      35.1034
    1696      34.8698
    1697      34.6193
    1698      35.0673
    1699      35.3355
    1700      35.8046
    1701      35.3040
    1702      35.3648
    1703      36.2227
    1704      34.7908
    1705      35.7741
    1706      36.9638
    1707      36.4747
    1708      36.4145
    1709      36.2931
    1710      36.2187
    1711      35.2361
    1712      35.5569
    1713      34.7172
    1714      35.8931
    1715      36.4767
    1716      35.4786
    1717      34.4963
    1718      35.8623
    1719      36.3436
    1720      34.7503
    1721      35.4589
    1722      36.7435
    1723      36.8216
    1724      36.9890
    1725      35.4018
    1726      35.8460
    1727      35.8711
    1728      34.7123
    1729      35.8591
    1730      36.2786
    1731      36.7444
    1732      35.8346
    1733      35.1808
    1734      36.6769
    1735      35.5072
    1736      34.1680
    1737      34.9395
    1738      36.5794
    1739      36.7683
    1740      35.5532
    1741      36.2861
    1742      34.7824
    1743      34.6522
    1744      34.4347
    1745      35.1062
    1746      34.4858
    1747      34.6842
    1748      34.6563
    1749      35.1873
    1750      35.2366
    1751      35.1011
    1752      36.8042
    1753      35.9889
    1754      35.8319
    1755      34.3961
    1756      37.3314
    1757      35.7574
    1758      35.3907
    1759      35.9213
    1760      35.8561
    1761      36.2526
    1762      35.7499
    1763      35.0470
    1764      35.5933
    1765      34.9466
    1766      34.6309
    1767      35.9912
    1768      35.3109
    1769      35.8128
    1770      35.8336
    1771      35.4415
    1772      34.3838
    1773      36.7683
    1774      34.9082
    1775      34.3735
    1776      35.8293
    1777      36.1391
    1778      36.3879
    1779      37.3607
    1780      36.2455
    1781      35.4087
    1782      35.0655
    1783      35.3540
    1784      36.0097
    1785      36.7718
    1786      35.7150
    1787      35.9951
    1788      35.3432
    1789      36.1765
    1790      38.3480
    1791      36.8241
    1792      36.4593
    1793      36.0360
    1794      36.2419
    1795      36.8038
    1796      35.6574
    1797      35.2357
    1798      34.2030
    1799      35.2496
    1800      35.7814
    1801      36.6012
    1802      36.4126
    1803      35.4577
    1804      37.5571
    1805      35.8824
    1806      36.2308
    1807      36.3565
    1808      36.2583
    1809      37.3947
    1810      36.9622
    1811      36.8498
    1812      36.6803
    1813      37.3263
    1814      35.7668
    1815      35.8483
    1816      35.0188
    1817      34.8623
    1818      35.6823
    1819      35.8348
    1820      37.2228
    1821      37.0774
    1822      37.1506
    1823      37.0131
    1824      36.8553
    1825      35.4677
    1826      35.3803
    1827      34.9960
    1828      33.7447
    1829      33.6965
    1830      35.3938
    1831      35.3439
    1832      36.6491
    1833      36.8636
    1834      36.4743
    1835      35.7638
    1836      37.2058
    1837      37.8389
    1838      36.2231
    1839      36.4236
    1840      35.8609
    1841      36.8944
    1842      35.9004
    1843      37.3530
    1844      35.8276
    1845      35.8662
    1846      36.3654
    1847      35.7120
    1848      34.8135
    1849      33.7464
    1850      35.6368
    1851      37.0213
    1852      36.4891
    1853      36.7792
    1854      35.7909
    1855      37.4649
    1856      36.8799
    1857      36.3708
    1858      36.1879
    1859      35.7537
    1860      37.5166
    1861      36.5327
    1862      37.8055
    1863      37.6431
    1864      38.3028
    1865      37.7105
    1866      35.2783
    1867      37.5653
    1868      36.1865
    1869      37.1502
    1870      37.5633
    1871      37.5554
    1872      37.2954
    1873      37.1073
    1874      35.9592
    1875      36.0069
    1876      36.2115
    1877      35.9507
    1878      36.9160
    1879      37.4291
    1880      37.0274
    1881      36.7151
    1882      37.1411
    1883      35.8349
    1884      35.7337
    1885      35.0296
    1886      36.6439
    1887      35.8520
    1888      35.6391
    1889      34.8371
    1890      34.8698
    1891      36.8063
    1892      36.1305
    1893      35.8777
    1894      36.0201
    1895      36.9525
    1896      36.6061
    1897      36.1380
    1898      36.9477
    1899      34.5016
    1900      35.9862
    1901      36.4447
    1902      35.4866
    1903      37.4994
    1904      36.5161
    1905      35.8288
    1906      36.5222
    1907      37.3172
    1908      37.0762
    1909      38.7966
    1910      37.8791
    1911      37.7870
    1912      38.2975
    1913      37.7186
    1914      36.5385
    1915      35.7172
    1916      36.1011
    1917      35.4181
    1918      35.6885
    1919      35.2858
    1920      36.0502
    1921      35.5096
    1922      36.0707
    1923      34.9331
    1924      35.5103
    1925      36.1283
    1926      36.2609
    1927      35.7984
    1928      35.8344
    1929      35.2762
    1930      34.5368
    1931      34.6229
    1932      35.2451
    1933      36.4190
    1934      35.1054
    1935      34.7505
    1936      36.2496
    1937      35.9222
    1938      35.9124
    1939      36.2765
    1940      37.7247
    1941      36.4371
    1942      35.3684
    1943      35.8052
    1944      35.2592
    1945      36.0326
    1946      35.6657
    1947      36.5258
    1948      36.1267
    1949      36.2237
    1950      37.2017
    1951      36.3238
    1952      35.9759
    1953      36.3769
    1954      36.4924
    1955      36.1422
    1956      37.3838
    1957      37.3650
    1958      37.4249
    1959      34.9525
    1960      34.9770
    1961      35.1820
    1962      34.5845
    1963      34.5395
    1964      34.3320
    1965      36.4138
    1966      36.9854
    1967      36.9077
    1968      37.0780
    1969      36.5214
    1970      36.3612
    1971      37.1630
    1972      36.3992
    1973      36.4433
    1974      37.5891
    1975      37.4609
    1976      35.9476
    1977      36.4472
    1978      37.3008
    1979      36.3159
    1980      35.6510
    1981      35.7061
    1982      37.1089
    1983      36.4055
    1984      36.1860
    1985      35.7354
    1986      35.5576
    1987      36.1548
    1988      36.2886
    1989      36.2500
    1990      35.6416
    1991      36.5868
    1992      35.4757
    1993      35.9170
    1994      35.6667
    1995      36.7373
    1996      36.4508
    1997      36.5430
    1998      36.3378
    1999      36.0033
    2000      36.0649
