#Frame     end-to-end
       1      40.5608
       2      40.7312
       3      40.2089
       4      39.7257
       5      41.1932
       6      41.4614
       7      40.7723
       8      40.6084
       9      40.7717
      10      40.4300
      11      40.9147
      12      39.4200
      13      39.7906
      14      39.8182
      15      40.6876
      16      39.3448
      17      39.4605
      18      40.2664
      19      41.8902
      20      41.8630
      21      42.0134
      22      40.7504
      23      42.4605
      24      42.5090
      25      41.1289
      26      42.4713
      27      41.9211
      28      40.5464
      29      41.9216
      30      39.7587
      31      40.4978
      32      40.5987
      33      41.7217
      34      41.1274
      35      40.0758
      36      40.3739
      37      40.7535
      38      42.4231
      39      40.5564
      40      41.2093
      41      40.7684
      42      41.7286
      43      41.1103
      44      41.4124
      45      42.4354
      46      42.5808
      47      42.3825
      48      40.0306
      49      39.8464
      50      42.1956
      51      42.1296
      52      40.3212
      53      42.0415
      54      41.7589
      55      41.0746
      56      41.2574
      57      41.4285
      58      39.9987
      59      40.4802
      60      40.9607
      61      40.1270
      62      39.4700
      63      40.4531
      64      39.4348
      65      38.5889
      66      40.3326
      67      39.7460
      68      41.0971
      69      41.3501
      70      40.9789
      71      42.1636
      72      40.7950
      73      40.6485
      74      42.2342
      75      41.1400
      76      41.9138
      77      43.8061
      78      42.0387
      79      41.2899
      80      41.2012
      81      40.5518
      82      38.6594
      83      40.2373
      84      40.3362
      85      40.8275
      86      40.9876
      87      42.0209
      88      42.1531
      89      43.0051
      90      41.6702
      91      42.2739
      92      42.3355
      93      41.9847
      94      41.8106
      95      41.1831
      96      41.2432
      97      40.8699
      98      40.4969
      99      41.4161
     100      40.0923
     101      40.5504
     102      41.0944
     103      40.8134
     104      41.5679
     105      42.5206
     106      41.1322
     107      42.0160
     108      41.4138
     109      42.0843
     110      41.3487
     111      42.0614
     112      41.7076
     113      40.9738
     114      41.4321
     115      41.2594
     116      40.8189
     117      40.6291
     118      40.5524
     119      41.7930
     120      40.1154
     121      41.1898
     122      41.2134
     123      40.2349
     124      41.3363
     125      41.7500
     126      41.5928
     127      40.6210
     128      40.2662
     129      39.7100
     130      41.0737
     131      40.5997
     132      41.3988
     133      40.6701
     134      40.5845
     135      40.0202
     136      40.7102
     137      42.2527
     138      41.2702
     139      41.9592
     140      40.7958
     141      42.4862
     142      42.9324
     143      42.3436
     144      42.8386
     145      43.7728
     146      42.4364
     147      42.5617
     148      41.0383
     149      41.4751
     150      41.9555
     151      41.8341
     152      42.6535
     153      41.0021
     154      41.5087
     155      42.1750
     156      42.8316
     157      43.1087
     158      41.8798
     159      43.1280
     160      44.3194
     161      43.7885
     162      41.6579
     163      42.8676
     164      42.2134
     165      40.5750
     166      43.1917
     167      42.4935
     168      42.4504
     169      41.0061
     170      40.7657
     171      42.0645
     172      42.1476
     173      41.4966
     174      41.6860
     175      41.9499
     176      42.3593
     177      41.7434
     178      40.2430
     179      40.5554
     180      40.1386
     181      41.5659
     182      41.1308
     183      39.9532
     184      41.6430
     185      39.5051
     186      40.9887
     187      41.7567
     188      40.8261
     189      40.7912
     190      40.7570
     191      41.5502
     192      40.5710
     193      40.8315
     194      41.3360
     195      41.8482
     196      41.3343
     197      41.3238
     198      41.7561
     199      43.5013
     200      45.1876
     201      46.3296
     202      45.2841
     203      42.8621
     204      44.6052
     205      43.1668
     206      43.7368
     207      42.2315
     208      41.8509
     209      41.5782
     210      41.5408
     211      42.5778
     212      41.2508
     213      43.1504
     214      41.5649
     215      41.7861
     216      41.5781
     217      40.4875
     218      41.2552
     219      41.1817
     220      41.7814
     221      43.1185
     222      41.8465
     223      41.0264
     224      40.5739
     225      41.4442
     226      40.9816
     227      41.8997
     228      42.2350
     229      43.7026
     230      44.2252
     231      44.2966
     232      42.8392
     233      42.0034
     234      43.1103
     235      42.6238
     236      42.9666
     237      42.0969
     238      41.0696
     239      42.7569
     240      42.3885
     241      41.2220
     242      41.4105
     243      41.7262
     244      40.9622
     245      40.4535
     246      42.3693
     247      43.3235
     248      43.3210
     249      42.6664
     250      42.2834
     251      42.3232
     252      40.9549
     253      41.7284
     254      42.3123
     255      40.4043
     256      41.6005
     257      42.1020
     258      42.2104
     259      42.8886
     260      40.2888
     261      40.7493
     262      41.6830
     263      40.2863
     264      42.3146
     265      41.4186
     266      40.3096
     267      40.8140
     268      40.4698
     269      41.2970
     270      42.7716
     271      43.3154
     272      42.7250
     273      42.2062
     274      42.5236
     275      42.1145
     276      42.5729
     277      42.2358
     278      41.7280
     279      42.0827
     280      42.3478
     281      41.8693
     282      41.9799
     283      42.5215
     284      41.7126
     285      43.2408
     286      40.3215
     287      43.0353
     288      41.8460
     289      43.2411
     290      42.3600
     291      42.0104
     292      41.5157
     293      43.2768
     294      42.3084
     295      42.1079
     296      42.5124
     297      41.8284
     298      41.3052
     299      42.7319
     300      42.8697
     301      41.8581
     302      42.5325
     303      42.6447
     304      40.6224
     305      41.7547
     306      43.5564
     307      42.6036
     308      42.7456
     309      43.2631
     310      43.4740
     311      44.1069
     312      45.6898
     313      42.9169
     314      41.4878
     315      41.8209
     316      42.5867
     317      43.1806
     318      42.8698
     319      43.5798
     320      43.4228
     321      41.3412
     322      42.8289
     323      43.0031
     324      41.9495
     325      42.7352
     326      41.8638
     327      42.4856
     328      40.9587
     329      42.7488
     330      41.8659
     331      41.1140
     332      42.6644
     333      41.9728
     334      41.4185
     335      40.2774
     336      40.7579
     337      41.8277
     338      42.0877
     339      41.0885
     340      41.7818
     341      41.0907
     342      41.7600
     343      41.4261
     344      40.7004
     345      41.6301
     346      40.7072
     347      41.8697
     348      41.2591
     349      43.2787
     350      42.2895
     351      42.7403
     352      42.6918
     353      40.5795
     354      40.6939
     355      41.6502
     356      43.8552
     357      43.3665
     358      42.1183
     359      41.5342
     360      41.3808
     361      39.8895
     362      40.2755
     363      41.0905
     364      41.1118
     365      41.9423
     366      41.6311
     367      40.6005
     368      41.6397
     369      41.1341
     370      39.6749
     371      40.0035
     372      39.3109
     373      41.5808
     374      41.4727
     375      41.5983
     376      41.5186
     377      41.1068
     378      40.3629
     379      40.4359
     380      40.6616
     381      41.3796
     382      43.2859
     383      42.2786
     384      42.8390
     385      41.9547
     386      41.3060
     387      40.2445
     388      39.9502
     389      39.5318
     390      41.2967
     391      44.0962
     392      40.8821
     393      41.7002
     394      40.8958
     395      41.5249
     396      42.2224
     397      40.3557
     398      42.8030
     399      41.6959
     400      41.4601
     401      41.6200
     402      40.7197
     403      42.2247
     404      43.5467
     405      44.1086
     406      44.2894
     407      42.9799
     408      41.9303
     409      43.8937
     410      44.5937
     411      43.6839
     412      42.4985
     413      42.5266
     414      43.3390
     415      43.4547
     416      43.8250
     417      43.9360
     418      43.5482
     419      42.8144
     420      44.5206
     421      42.5693
     422      41.0024
     423      42.1951
     424      44.2440
     425      43.5677
     426      43.4753
     427      42.9578
     428      43.7412
     429      43.6174
     430      43.5600
     431      42.6431
     432      44.7273
     433      43.6767
     434      43.2026
     435      43.3319
     436      42.4401
     437      41.4925
     438      42.9011
     439      42.7843
     440      41.9529
     441      43.5522
     442      43.7886
     443      41.5882
     444      43.2444
     445      42.5609
     446      42.9668
     447      42.5921
     448      40.9849
     449      43.6357
     450      42.3691
     451      40.9578
     452      40.6676
     453      41.9215
     454      40.5372
     455      41.5366
     456      43.0334
     457      42.6236
     458      42.9687
     459      42.1028
     460      41.8599
     461      44.6885
     462      41.4793
     463      41.5813
     464      42.0940
     465      41.4185
     466      40.4312
     467      42.3625
     468      41.0316
     469      41.4134
     470      40.5762
     471      40.4059
     472      42.8167
     473      43.8138
     474      42.0872
     475      41.5388
     476      41.9036
     477      40.9167
     478      42.0847
     479      40.9374
     480      41.4006
     481      43.4549
     482      41.3051
     483      41.4686
     484      41.8626
     485      42.1638
     486      40.9129
     487      41.3833
     488      42.1520
     489      42.0704
     490      44.0096
     491      43.0713
     492      42.9205
     493      42.2544
     494      41.6386
     495      42.6201
     496      41.7708
     497      40.6442
     498      42.4369
     499      42.1787
     500      42.6110
     501      42.6569
     502      43.5324
     503      43.0473
     504      42.4059
     505      43.6321
     506      42.2950
     507      41.9724
     508      42.4938
     509      43.8749
     510      45.0925
     511      43.2853
     512      46.2120
     513      44.5843
     514      43.8309
     515      44.1144
     516      42.1178
     517      41.9468
     518      43.9027
     519      42.0360
     520      42.3371
     521      44.7588
     522      42.6497
     523      43.2019
     524      44.8595
     525      43.8805
     526      43.1962
     527      42.8465
     528      43.3145
     529      43.5021
     530      43.4282
     531      44.1039
     532      42.9907
     533      44.1662
     534      43.4336
     535      43.2853
     536      42.0949
     537      42.6825
     538      40.5474
     539      43.0037
     540      42.6110
     541      44.9005
     542      42.2423
     543      42.2661
     544      41.1835
     545      42.8771
     546      42.1314
     547      42.3349
     548      42.7176
     549      43.0712
     550      42.3998
     551      43.4168
     552      41.0140
     553      42.8156
     554      43.8994
     555      42.9129
     556      43.7288
     557      42.7879
     558      43.0169
     559      43.6143
     560      43.1484
     561      43.0874
     562      42.6005
     563      42.3862
     564      41.5288
     565      43.7272
     566      44.5675
     567      42.4360
     568      42.9484
     569      42.2333
     570      43.8019
     571      43.1314
     572      42.9167
     573      41.9795
     574      43.8197
     575      42.6626
     576      42.8478
     577      43.7901
     578      41.9817
     579      42.1699
     580      42.8421
     581      42.5497
     582      42.3678
     583      41.9165
     584      41.5187
     585      42.2951
     586      42.5864
     587      41.5985
     588      42.7981
     589      42.4496
     590      41.6730
     591      42.5801
     592      43.1974
     593      43.2469
     594      43.9344
     595      42.0163
     596      42.0284
     597      42.1242
     598      42.8612
     599      43.6482
     600      42.1743
     601      42.8129
     602      42.6593
     603      42.5127
     604      44.2519
     605      42.8350
     606      42.2276
     607      43.5065
     608      43.9970
     609      43.8245
     610      42.4469
     611      42.7446
     612      43.2456
     613      44.2861
     614      42.5607
     615      42.5957
     616      44.1844
     617      43.7059
     618      41.9534
     619      42.2312
     620      42.7573
     621      42.8682
     622      44.4720
     623      43.5595
     624      43.2242
     625      41.3596
     626      42.5919
     627      43.6289
     628      42.4239
     629      43.2763
     630      43.2957
     631      42.3487
     632      42.4611
     633      42.6409
     634      43.1568
     635      41.8093
     636      43.2065
     637      43.1477
     638      42.9357
     639      43.5065
     640      44.3891
     641      43.3222
     642      44.5857
     643      43.8996
     644      44.3363
     645      44.7765
     646      43.7622
     647      44.6848
     648      46.3651
     649      45.4435
     650      43.4656
     651      42.6695
     652      42.6056
     653      44.0136
     654      43.7368
     655      43.8897
     656      43.9472
     657      42.8814
     658      42.6985
     659      42.7528
     660      40.7852
     661      41.9609
     662      43.0204
     663      43.7517
     664      43.8784
     665      45.3223
     666      43.9542
     667      43.7312
     668      43.8749
     669      43.0592
     670      44.5863
     671      42.5742
     672      44.1362
     673      43.9789
     674      43.7121
     675      43.3517
     676      43.5600
     677      42.0743
     678      43.2533
     679      43.2953
     680      43.4340
     681      42.5100
     682      42.3697
     683      40.6921
     684      41.3252
     685      42.7190
     686      41.1697
     687      42.3956
     688      42.1879
     689      41.1367
     690      42.1642
     691      42.7540
     692      41.9474
     693      41.5310
     694      41.4305
     695      42.2286
     696      42.3656
     697      43.0922
     698      43.1131
     699      43.6396
     700      44.9148
     701      44.6825
     702      43.8527
     703      44.2527
     704      43.5955
     705      44.1495
     706      43.9216
     707      44.3493
     708      42.9885
     709      42.7109
     710      41.4386
     711      42.1600
     712      43.8267
     713      42.4490
     714      41.8007
     715      43.9183
     716      42.8611
     717      43.6238
     718      43.8652
     719      44.3527
     720      44.7998
     721      44.0104
     722      42.7576
     723      44.0644
     724      43.5319
     725      43.3458
     726      45.1193
     727      46.9206
     728      46.0915
     729      44.6064
     730      45.0877
     731      46.7463
     732      46.0276
     733      45.6328
     734      43.6154
     735      43.5103
     736      43.0439
     737      42.7741
     738      41.8486
     739      45.3775
     740      44.4183
     741      44.3316
     742      44.2817
     743      45.6816
     744      43.4943
     745      45.6042
     746      44.0595
     747      45.5142
     748      41.3518
     749      44.0305
     750      44.6922
     751      44.6023
     752      42.4205
     753      41.4582
     754      41.6258
     755      42.5705
     756      42.6008
     757      42.2239
     758      41.7140
     759      40.8253
     760      42.7983
     761      41.5989
     762      43.0223
     763      42.0299
     764      43.0007
     765      41.6342
     766      43.3977
     767      42.7284
     768      41.2125
     769      43.7271
     770      42.5901
     771      43.4790
     772      42.6621
     773      42.6698
     774      41.5310
     775      42.2012
     776      43.0878
     777      42.6436
     778      42.5432
     779      44.5522
     780      45.6687
     781      43.1901
     782      42.6577
     783      43.4235
     784      44.4961
     785      44.1629
     786      43.8115
     787      43.5945
     788      44.0167
     789      44.0605
     790      44.0507
     791      42.7470
     792      43.8469
     793      42.7116
     794      42.3487
     795      41.9357
     796      42.4843
     797      41.6987
     798      41.2887
     799      41.9381
     800      41.8654
     801      41.0784
     802      42.9297
     803      42.5273
     804      42.8578
     805      42.1703
     806      42.3266
     807      42.5739
     808      42.3258
     809      43.2436
     810      42.3350
     811      41.3371
     812      43.1379
     813      40.6598
     814      41.1156
     815      42.8841
     816      43.8476
     817      42.1882
     818      42.2474
     819      41.8644
     820      42.6951
     821      44.8557
     822      45.0269
     823      44.7000
     824      45.5103
     825      45.0203
     826      44.1547
     827      42.1402
     828      42.7562
     829      43.8963
     830      45.1293
     831      44.1901
     832      44.8053
     833      46.1761
     834      45.5959
     835      44.9855
     836      44.6518
     837      43.3249
     838      43.1325
     839      43.1078
     840      43.8882
     841      42.1198
     842      44.4618
     843      43.3236
     844      45.6441
     845      45.8497
     846      45.1081
     847      46.4894
     848      46.7093
     849      47.0744
     850      47.6028
     851      46.9410
     852      48.1670
     853      46.4805
     854      48.3719
     855      47.8716
     856      46.1926
     857      48.0115
     858      46.6270
     859      45.8704
     860      46.1249
     861      46.4824
     862      46.6162
     863      47.9084
     864      47.8936
     865      45.6520
     866      45.4080
     867      45.7295
     868      45.7485
     869      45.1096
     870      46.6863
     871      44.8691
     872      44.5384
     873      46.8175
     874      43.6741
     875      43.7355
     876      43.7864
     877      44.0985
     878      44.2301
     879      42.8838
     880      42.2829
     881      42.4279
     882      43.1969
     883      42.5667
     884      43.4946
     885      43.3255
     886      43.1668
     887      42.7950
     888      42.8888
     889      42.2453
     890      44.0937
     891      43.0446
     892      41.1947
     893      42.5630
     894      43.6605
     895      42.6639
     896      42.0386
     897      42.6066
     898      42.5839
     899      43.1059
     900      44.5096
     901      43.4977
     902      43.6452
     903      43.0960
     904      42.6365
     905      42.3902
     906      41.7249
     907      40.8624
     908      42.3691
     909      43.3852
     910      43.0407
     911      42.8609
     912      43.8356
     913      43.4045
     914      43.5027
     915      42.4678
     916      42.7896
     917      44.2843
     918      44.0466
     919      42.2229
     920      42.7001
     921      43.1906
     922      42.6316
     923      42.4568
     924      44.8193
     925      43.7229
     926      44.7157
     927      45.5261
     928      45.1853
     929      46.1623
     930      46.2721
     931      46.8999
     932      45.8130
     933      45.0673
     934      44.9685
     935      44.4069
     936      46.6751
     937      45.9969
     938      47.9837
     939      45.1717
     940      43.7050
     941      43.5606
     942      44.0881
     943      44.3870
     944      44.1403
     945      45.7960
     946      43.9181
     947      44.1983
     948      44.9228
     949      46.0575
     950      47.3533
     951      47.1822
     952      48.8793
     953      49.1967
     954      48.8381
     955      47.3322
     956      47.0541
     957      45.1210
     958      43.8072
     959      45.8735
     960      46.0081
     961      46.1914
     962      44.2642
     963      45.0363
     964      45.2908
     965      43.7337
     966      44.0190
     967      44.9085
     968      44.6934
     969      46.3923
     970      46.6704
     971      48.9877
     972      50.0218
     973      47.3296
     974      46.8522
     975      44.4848
     976      42.6477
     977      43.8336
     978      45.2227
     979      45.3986
     980      46.2381
     981      47.0460
     982      44.5768
     983      43.6082
     984      45.3246
     985      48.1526
     986      45.0246
     987      46.4553
     988      47.4630
     989      47.9710
     990      44.7104
     991      45.5098
     992      47.0700
     993      48.7588
     994      46.8149
     995      46.4224
     996      47.0916
     997      44.8342
     998      43.6125
     999      41.6862
    1000      42.3882
    1001      42.2303
    1002      42.6460
    1003      42.1861
    1004      44.6088
    1005      44.2919
    1006      46.4676
    1007      46.3465
    1008      43.9308
    1009      45.6225
    1010      44.2647
    1011      45.8818
    1012      44.2192
    1013      43.1717
    1014      42.4291
    1015      45.3179
    1016      44.5815
    1017      44.8322
    1018      46.2271
    1019      46.4830
    1020      45.5943
    1021      42.6733
    1022      44.0590
    1023      44.3672
    1024      43.5334
    1025      42.5495
    1026      45.3668
    1027      45.0957
    1028      43.5146
    1029      44.3478
    1030      44.4697
    1031      44.7655
    1032      44.4651
    1033      45.3332
    1034      45.0341
    1035      45.8780
    1036      45.1637
    1037      44.7875
    1038      44.3723
    1039      44.8606
    1040      46.3539
    1041      46.9332
    1042      47.3815
    1043      45.1142
    1044      46.5035
    1045      47.3566
    1046      46.0649
    1047      48.8633
    1048      47.0718
    1049      48.1648
    1050      46.8952
    1051      45.4897
    1052      45.7122
    1053      43.4560
    1054      45.5224
    1055      45.7130
    1056      45.6567
    1057      44.7250
    1058      46.6068
    1059      44.7497
    1060      43.1836
    1061      42.1968
    1062      44.2146
    1063      41.9360
    1064      42.8987
    1065      42.9802
    1066      43.4512
    1067      44.5857
    1068      44.9719
    1069      44.0576
    1070      43.1462
    1071      44.6695
    1072      44.1209
    1073      42.8347
    1074      42.8514
    1075      43.9835
    1076      43.2604
    1077      44.6285
    1078      43.4853
    1079      44.8299
    1080      44.8308
    1081      43.9186
    1082      42.9485
    1083      42.4597
    1084      43.0238
    1085      42.8077
    1086      44.4366
    1087      42.9609
    1088      42.8271
    1089      43.3717
    1090      42.9756
    1091      42.2976
    1092      41.8753
    1093      42.2640
    1094      44.4646
    1095      43.7415
    1096      42.8618
    1097      42.7409
    1098      42.6930
    1099      42.4955
    1100      42.6877
    1101      42.7641
    1102      42.8363
    1103      42.0894
    1104      40.7886
    1105      41.0561
    1106      44.4429
    1107      41.5414
    1108      41.6439
    1109      41.7645
    1110      41.9189
    1111      41.7780
    1112      42.5968
    1113      41.9864
    1114      42.9350
    1115      42.3235
    1116      42.7558
    1117      41.5490
    1118      43.2566
    1119      42.0440
    1120      40.7903
    1121      43.0741
    1122      43.2363
    1123      42.1464
    1124      42.3278
    1125      42.4372
    1126      44.0421
    1127      41.6574
    1128      43.2459
    1129      42.1411
    1130      42.1705
    1131      40.7644
    1132      42.2596
    1133      42.6268
    1134      42.7369
    1135      41.6798
    1136      41.3844
    1137      43.3242
    1138      39.9246
    1139      42.0416
    1140      41.3183
    1141      41.6127
    1142      40.6038
    1143      42.2926
    1144      40.9243
    1145      41.4571
    1146      42.5110
    1147      42.2959
    1148      41.2766
    1149      40.6282
    1150      41.3016
    1151      41.7572
    1152      42.5671
    1153      43.2270
    1154      42.4866
    1155      42.2144
    1156      42.2392
    1157      42.2304
    1158      43.1992
    1159      45.3104
    1160      42.3043
    1161      44.1113
    1162      44.2880
    1163      43.1815
    1164      43.6901
    1165      42.7085
    1166      43.3180
    1167      43.5124
    1168      43.6111
    1169      43.2166
    1170      43.7201
    1171      41.6758
    1172      42.6616
    1173      41.0169
    1174      43.0834
    1175      41.9031
    1176      43.7644
    1177      43.1963
    1178      43.3763
    1179      43.6142
    1180      40.7652
    1181      40.2179
    1182      42.4496
    1183      44.2554
    1184      42.9065
    1185      43.1323
    1186      43.8258
    1187      44.2974
    1188      42.6284
    1189      42.9919
    1190      42.3721
    1191      44.4299
    1192      43.6550
    1193      43.4426
    1194      44.7080
    1195      46.2441
    1196      46.3387
    1197      44.8905
    1198      44.7737
    1199      44.9365
    1200      44.1735
    1201      44.6026
    1202      43.8547
    1203      42.8341
    1204      43.4152
    1205      43.9177
    1206      41.6975
    1207      43.6956
    1208      43.0540
    1209      41.3381
    1210      43.0895
    1211      42.8643
    1212      44.0236
    1213      42.0649
    1214      43.0829
    1215      41.8670
    1216      42.7446
    1217      42.8959
    1218      43.0500
    1219      40.5799
    1220      42.0201
    1221      41.7282
    1222      42.9032
    1223      42.0814
    1224      42.5703
    1225      41.3200
    1226      41.1726
    1227      42.7824
    1228      44.2372
    1229      42.3260
    1230      40.9823
    1231      40.2288
    1232      38.9463
    1233      40.6194
    1234      40.6520
    1235      41.8608
    1236      43.0302
    1237      41.9029
    1238      42.0470
    1239      41.2192
    1240      42.4408
    1241      42.5446
    1242      42.0337
    1243      41.5790
    1244      41.4923
    1245      42.3312
    1246      41.9716
    1247      42.6716
    1248      41.2628
    1249      41.1228
    1250      41.4282
    1251      39.5256
    1252      40.7063
    1253      43.1899
    1254      40.6626
    1255      40.0265
    1256      41.3983
    1257      41.2280
    1258      42.5137
    1259      42.2062
    1260      42.5638
    1261      43.6617
    1262      43.4881
    1263      42.5591
    1264      42.8867
    1265      42.8652
    1266      41.5412
    1267      40.8086
    1268      39.7998
    1269      39.4002
    1270      40.3441
    1271      39.9258
    1272      41.8538
    1273      44.3486
    1274      42.8446
    1275      42.6944
    1276      42.5047
    1277      42.6948
    1278      42.9080
    1279      41.7593
    1280      43.0303
    1281      43.7248
    1282      43.0676
    1283      43.8691
    1284      41.5980
    1285      43.4630
    1286      43.0239
    1287      44.6277
    1288      43.2398
    1289      44.2091
    1290      42.8325
    1291      42.9299
    1292      42.4451
    1293      42.2451
    1294      42.3496
    1295      41.5284
    1296      42.1695
    1297      42.1257
    1298      42.8711
    1299      42.4242
    1300      42.8202
    1301      41.9060
    1302      40.5325
    1303      43.1449
    1304      41.7196
    1305      42.7196
    1306      42.5673
    1307      43.0881
    1308      42.6928
    1309      43.0783
    1310      41.4370
    1311      43.0631
    1312      42.4099
    1313      42.7045
    1314      42.2176
    1315      42.0175
    1316      41.4934
    1317      43.3211
    1318      44.3088
    1319      43.5989
    1320      44.5603
    1321      43.5768
    1322      43.4212
    1323      44.8682
    1324      44.2377
    1325      43.4809
    1326      43.6045
    1327      43.4649
    1328      43.4154
    1329      43.7712
    1330      44.8780
    1331      43.8245
    1332      42.7595
    1333      43.8073
    1334      43.5703
    1335      42.8287
    1336      44.1985
    1337      43.9118
    1338      44.7432
    1339      45.8060
    1340      45.7093
    1341      43.7382
    1342      42.9875
    1343      42.6421
    1344      41.8357
    1345      44.2237
    1346      41.2657
    1347      42.5935
    1348      41.8275
    1349      42.0256
    1350      43.1418
    1351      43.5330
    1352      44.6144
    1353      44.0032
    1354      44.1899
    1355      44.4139
    1356      44.6824
    1357      42.7969
    1358      44.6194
    1359      43.9521
    1360      43.7629
    1361      43.7267
    1362      44.2409
    1363      43.9447
    1364      42.2058
    1365      42.8164
    1366      43.3389
    1367      42.4983
    1368      42.3385
    1369      40.9369
    1370      41.5260
    1371      44.5716
    1372      43.3320
    1373      44.0454
    1374      44.9945
    1375      42.5813
    1376      42.5440
    1377      42.7741
    1378      42.2917
    1379      44.2030
    1380      43.5404
    1381      43.2582
    1382      43.4398
    1383      43.3367
    1384      42.5836
    1385      43.7351
    1386      41.8577
    1387      42.6709
    1388      43.4202
    1389      43.1985
    1390      43.2276
    1391      42.9847
    1392      43.3379
    1393      43.7587
    1394      44.3602
    1395      43.4652
    1396      41.9132
    1397      42.5491
    1398      42.2687
    1399      42.3456
    1400      42.9031
    1401      41.1392
    1402      41.2534
    1403      41.7704
    1404      41.9826
    1405      43.6396
    1406      41.5371
    1407      41.6957
    1408      41.7461
    1409      42.0681
    1410      42.5877
    1411      41.7256
    1412      42.7985
    1413      43.1027
    1414      42.7654
    1415      42.4495
    1416      42.1292
    1417      44.1370
    1418      43.1713
    1419      42.2384
    1420      42.4824
    1421      43.6151
    1422      42.8527
    1423      42.3560
    1424      42.7733
    1425      43.1990
    1426      41.8709
    1427      40.2004
    1428      42.0243
    1429      41.4736
    1430      41.4793
    1431      42.9995
    1432      41.6922
    1433      41.1455
    1434      41.4840
    1435      42.7845
    1436      43.0431
    1437      42.0220
    1438      41.9683
    1439      42.6124
    1440      41.9121
    1441      41.9814
    1442      41.9131
    1443      40.6559
    1444      41.1785
    1445      41.8397
    1446      42.2801
    1447      42.2929
    1448      42.6699
    1449      43.3299
    1450      42.3961
    1451      41.9718
    1452      43.0622
    1453      43.9174
    1454      42.9178
    1455      42.8920
    1456      44.0251
    1457      44.4604
    1458      42.5066
    1459      44.4204
    1460      43.3913
    1461      41.7129
    1462      43.4314
    1463      42.8894
    1464      43.5151
    1465      44.4165
    1466      43.5877
    1467      44.5364
    1468      43.7850
    1469      43.3909
    1470      44.0040
    1471      44.0462
    1472      44.1941
    1473      44.3876
    1474      43.1894
    1475      42.9386
    1476      42.1063
    1477      43.7377
    1478      43.4671
    1479      41.2499
    1480      42.7747
    1481      44.2642
    1482      44.4685
    1483      44.2211
    1484      44.5969
    1485      43.3331
    1486      42.3717
    1487      43.2006
    1488      44.9413
    1489      44.0879
    1490      43.4197
    1491      44.1625
    1492      44.1846
    1493      43.9688
    1494      44.6017
    1495      43.4873
    1496      42.2013
    1497      44.0319
    1498      43.9967
    1499      43.6611
    1500      44.1430
    1501      43.6863
    1502      43.1264
    1503      43.4641
    1504      43.2592
    1505      46.3774
    1506      44.2660
    1507      44.3410
    1508      44.3569
    1509      43.6376
    1510      42.6248
    1511      41.9132
    1512      43.2436
    1513      42.7229
    1514      43.0485
    1515      43.2393
    1516      43.3364
    1517      42.2719
    1518      43.4751
    1519      43.2386
    1520      44.5723
    1521      43.1030
    1522      43.4614
    1523      42.3984
    1524      44.0343
    1525      43.4210
    1526      43.2548
    1527      43.6142
    1528      42.2795
    1529      43.9823
    1530      44.1662
    1531      43.4720
    1532      43.3407
    1533      42.5206
    1534      44.0712
    1535      43.9751
    1536      44.6520
    1537      44.7138
    1538      43.4337
    1539      44.1223
    1540      43.5211
    1541      44.7536
    1542      44.2435
    1543      44.2905
    1544      44.1180
    1545      43.6866
    1546      43.5023
    1547      44.6740
    1548      43.9789
    1549      43.8559
    1550      42.5553
    1551      42.2731
    1552      42.7162
    1553      44.7723
    1554      43.9054
    1555      43.2433
    1556      43.9092
    1557      44.4447
    1558      43.6900
    1559      43.0689
    1560      43.9933
    1561      44.9199
    1562      44.1746
    1563      44.4547
    1564      43.9503
    1565      44.6792
    1566      45.6236
    1567      43.5029
    1568      44.4676
    1569      43.7774
    1570      43.3396
    1571      43.9418
    1572      44.8456
    1573      43.2097
    1574      42.8206
    1575      43.0223
    1576      43.6760
    1577      44.0438
    1578      43.5849
    1579      43.5088
    1580      44.7477
    1581      44.2476
    1582      43.6660
    1583      43.6881
    1584      44.1512
    1585      44.5816
    1586      44.7353
    1587      44.0052
    1588      44.7447
    1589      43.4509
    1590      44.1129
    1591      43.8604
    1592      43.8473
    1593      44.0535
    1594      42.6147
    1595      43.7751
    1596      42.8618
    1597      42.2069
    1598      42.5680
    1599      42.5431
    1600      43.7213
    1601      42.7847
    1602      42.6868
    1603      43.1391
    1604      41.4918
    1605      42.1133
    1606      43.1027
    1607      43.3537
    1608      42.9516
    1609      42.0856
    1610      41.9348
    1611      41.4402
    1612      42.3775
    1613      42.3104
    1614      43.0783
    1615      42.1980
    1616      41.6816
    1617      40.9425
    1618      41.2640
    1619      41.4864
    1620      41.2672
    1621      42.9203
    1622      42.6372
    1623      41.8457
    1624      40.9184
    1625      41.1682
    1626      40.4270
    1627      42.0858
    1628      43.0390
    1629      41.9098
    1630      43.3876
    1631      43.9582
    1632      43.2978
    1633      42.3375
    1634      41.9596
    1635      43.1576
    1636      42.8035
    1637      41.2356
    1638      42.4245
    1639      43.5756
    1640      41.6681
    1641      42.3482
    1642      42.6924
    1643      42.7839
    1644      42.1940
    1645      42.2221
    1646      41.9867
    1647      43.0243
    1648      42.3532
    1649      41.9059
    1650      41.7764
    1651      41.5088
    1652      41.4678
    1653      40.5226
    1654      41.8005
    1655      40.3152
    1656      41.7751
    1657      41.0436
    1658      42.2177
    1659      42.5095
    1660      41.7289
    1661      42.6338
    1662      42.4487
    1663      43.7287
    1664      41.2957
    1665      41.5304
    1666      41.8210
    1667      42.1520
    1668      42.1876
    1669      41.1522
    1670      42.3607
    1671      41.5763
    1672      41.3433
    1673      43.1872
    1674      42.6181
    1675      43.0031
    1676      42.1992
    1677      41.2944
    1678      42.8067
    1679      41.3215
    1680      43.4363
    1681      42.4220
    1682      43.8994
    1683      43.6622
    1684      43.1866
    1685      42.5847
    1686      41.5958
    1687      42.1737
    1688      42.0195
    1689      40.9908
    1690      41.3832
    1691      42.4819
    1692      41.5268
    1693      42.4904
    1694      41.7629
    1695      42.3369
    1696      42.6017
    1697      41.5800
    1698      42.4216
    1699      43.0737
    1700      41.9541
    1701      43.1552
    1702      41.2476
    1703      42.3674
    1704      43.0037
    1705      42.9038
    1706      42.1855
    1707      42.5321
    1708      42.3525
    1709      43.0678
    1710      44.5060
    1711      42.9955
    1712      43.6843
    1713      43.1425
    1714      44.2213
    1715      44.0341
    1716      42.9871
    1717      42.2337
    1718      43.2405
    1719      42.2517
    1720      42.1404
    1721      43.0884
    1722      42.1141
    1723      42.8308
    1724      43.6860
    1725      43.0331
    1726      42.7551
    1727      43.1407
    1728      43.5904
    1729      42.8490
    1730      42.8067
    1731      42.3854
    1732      43.1611
    1733      42.5074
    1734      42.3195
    1735      42.5797
    1736      44.6771
    1737      43.9110
    1738      44.0195
    1739      41.6836
    1740      42.8933
    1741      43.1223
    1742      41.4593
    1743      41.1217
    1744      42.8273
    1745      42.8675
    1746      42.0022
    1747      42.2984
    1748      42.3821
    1749      42.6136
    1750      42.9635
    1751      42.7611
    1752      42.3661
    1753      41.2932
    1754      41.7128
    1755      42.9138
    1756      41.0586
    1757      41.7821
    1758      42.1046
    1759      43.1423
    1760      41.6372
    1761      42.3422
    1762      41.4195
    1763      41.6141
    1764      42.5297
    1765      42.2751
    1766      42.2117
    1767      42.2877
    1768      42.0198
    1769      42.0725
    1770      41.6517
    1771      43.0799
    1772      41.5921
    1773      41.1696
    1774      42.5086
    1775      41.3990
    1776      41.8767
    1777      41.2579
    1778      41.1991
    1779      40.2823
    1780      40.9560
    1781      42.0492
    1782      42.0588
    1783      42.6449
    1784      42.5910
    1785      42.2885
    1786      43.0226
    1787      42.1623
    1788      42.8988
    1789      42.5071
    1790      41.0538
    1791      42.7035
    1792      42.6016
    1793      42.0156
    1794      42.6139
    1795      43.5424
    1796      43.1366
    1797      43.3596
    1798      42.8604
    1799      42.9899
    1800      42.5069
    1801      42.0538
    1802      42.3742
    1803      43.2446
    1804      43.5141
    1805      42.4896
    1806      40.7361
    1807      42.5203
    1808      41.5161
    1809      41.4049
    1810      42.3130
    1811      42.7991
    1812      42.0506
    1813      43.7054
    1814      42.7008
    1815      42.8223
    1816      41.9088
    1817      42.7494
    1818      43.7032
    1819      42.1792
    1820      42.5854
    1821      42.5141
    1822      41.8800
    1823      42.1300
    1824      43.2887
    1825      42.5776
    1826      42.2686
    1827      43.0076
    1828      42.6614
    1829      43.3557
    1830      44.0939
    1831      42.8312
    1832      43.8392
    1833      42.2562
    1834      42.3432
    1835      41.9766
    1836      42.7710
    1837      42.5451
    1838      42.4152
    1839      43.2171
    1840      42.3305
    1841      42.0652
    1842      42.5329
    1843      42.9329
    1844      41.6925
    1845      42.2010
    1846      42.4438
    1847      41.8340
    1848      42.5081
    1849      43.1663
    1850      42.9446
    1851      42.9967
    1852      42.6725
    1853      42.1397
    1854      42.4247
    1855      42.1781
    1856      42.3654
    1857      42.6431
    1858      42.0531
    1859      42.7920
    1860      43.0751
    1861      42.1922
    1862      42.0864
    1863      41.6204
    1864      42.7099
    1865      41.7006
    1866      42.5991
    1867      42.4700
    1868      43.4514
    1869      42.1323
    1870      43.2209
    1871      42.4939
    1872      42.5350
    1873      42.6357
    1874      42.3740
    1875      43.0698
    1876      43.5805
    1877      42.6247
    1878      43.7155
    1879      43.1930
    1880      42.8257
    1881      43.2602
    1882      42.0007
    1883      42.2572
    1884      42.9491
    1885      42.1648
    1886      42.2498
    1887      42.2513
    1888      42.6474
    1889      42.7038
    1890      43.0001
    1891      42.7258
    1892      42.5001
    1893      43.0620
    1894      43.3905
    1895      42.0596
    1896      44.1092
    1897      42.4127
    1898      42.9380
    1899      42.1585
    1900      42.6365
    1901      41.7326
    1902      41.5206
    1903      42.3650
    1904      42.4734
    1905      42.1837
    1906      42.1917
    1907      43.0081
    1908      42.7202
    1909      42.6786
    1910      42.2650
    1911      43.0067
    1912      43.2450
    1913      42.5197
    1914      42.2970
    1915      43.4165
    1916      43.3317
    1917      43.5811
    1918      43.1858
    1919      42.4062
    1920      42.8417
    1921      42.3470
    1922      43.1113
    1923      42.3650
    1924      42.8667
    1925      42.3746
    1926      42.4710
    1927      42.0111
    1928      41.8959
    1929      42.5608
    1930      42.1820
    1931      41.9734
    1932      42.0306
    1933      42.8366
    1934      41.9727
    1935      42.8941
    1936      41.7541
    1937      41.9150
    1938      43.1637
    1939      42.3386
    1940      41.4551
    1941      41.4948
    1942      42.3567
    1943      42.7065
    1944      41.7506
    1945      42.3261
    1946      42.9987
    1947      42.7923
    1948      42.9391
    1949      42.5803
    1950      42.3033
    1951      43.4048
    1952      42.2824
    1953      43.2223
    1954      44.0013
    1955      42.6397
    1956      42.0834
    1957      42.1626
    1958      42.0404
    1959      42.8879
    1960      42.3781
    1961      41.2271
    1962      42.4113
    1963      42.3167
    1964      40.7789
    1965      42.2182
    1966      42.5614
    1967      42.9862
    1968      42.9002
    1969      41.9593
    1970      41.9314
    1971      43.3093
    1972      43.3340
    1973      42.5581
    1974      42.6808
    1975      42.6009
    1976      42.9608
    1977      42.0144
    1978      41.8832
    1979      42.3268
    1980      42.5853
    1981      42.2060
    1982      42.3334
    1983      41.3014
    1984      42.3639
    1985      42.1964
    1986      43.1716
    1987      42.2667
    1988      41.9872
    1989      42.4377
    1990      42.5347
    1991      43.5458
    1992      43.9183
    1993      42.1937
    1994      42.9572
    1995      42.8958
    1996      43.6809
    1997      42.8159
    1998      43.0746
    1999      42.0724
    2000      41.9937
