#Frame     end-to-end
       1      58.4115
       2      60.7642
       3      60.4754
       4      64.0451
       5      62.0324
       6      57.6665
       7      55.3164
       8      55.6173
       9      55.7337
      10      56.3561
      11      57.3482
      12      56.3457
      13      53.6253
      14      55.2733
      15      51.2228
      16      52.7156
      17      53.2224
      18      56.2555
      19      53.5461
      20      53.1544
      21      51.3565
      22      52.2194
      23      51.7045
      24      51.1762
      25      54.5645
      26      53.3508
      27      53.8520
      28      52.8966
      29      53.1994
      30      51.5167
      31      49.8325
      32      56.8208
      33      51.6952
      34      53.2884
      35      53.1246
      36      54.5298
      37      51.4779
      38      53.2059
      39      53.9624
      40      53.8442
      41      52.4330
      42      53.6710
      43      50.9145
      44      53.1323
      45      53.0185
      46      51.9658
      47      51.9449
      48      50.6030
      49      52.9999
      50      50.0216
      51      52.7257
      52      53.1574
      53      51.5929
      54      49.7069
      55      49.8291
      56      52.6109
      57      51.7410
      58      54.2484
      59      53.6479
      60      56.0955
      61      53.0605
      62      52.5714
      63      52.8853
      64      53.1469
      65      51.4593
      66      53.7883
      67      55.3307
      68      54.5910
      69      52.1058
      70      50.6762
      71      49.6305
      72      51.1620
      73      47.9985
      74      50.5012
      75      52.2384
      76      49.4701
      77      50.4276
      78      50.2650
      79      50.2679
      80      50.2072
      81      48.5625
      82      48.3569
      83      47.5018
      84      49.3634
      85      45.8311
      86      46.4359
      87      47.5658
      88      49.1597
      89      53.4573
      90      50.5210
      91      49.7638
      92      50.7825
      93      49.4256
      94      47.7503
      95      48.8514
      96      48.2304
      97      48.6965
      98      48.0004
      99      48.0505
     100      47.2316
     101      45.9227
     102      45.5540
     103      47.3298
     104      46.1339
     105      44.3636
     106      44.8118
     107      43.3298
     108      41.7745
     109      45.1618
     110      45.8122
     111      43.7103
     112      45.2941
     113      44.4539
     114      47.0689
     115      45.7653
     116      48.3183
     117      47.3564
     118      48.6217
     119      52.6009
     120      49.7792
     121      46.5388
     122      46.1085
     123      46.1543
     124      47.7200
     125      46.3163
     126      45.6385
     127      45.4094
     128      45.5947
     129      43.8629
     130      43.2784
     131      42.7109
     132      45.9575
     133      47.1388
     134      48.0455
     135      47.4647
     136      49.0672
     137      48.1106
     138      47.8464
     139      47.5500
     140      47.7030
     141      48.4754
     142      48.4188
     143      48.3459
     144      47.8980
     145      48.9198
     146      51.3278
     147      49.3588
     148      48.0438
     149      48.3224
     150      49.7000
     151      49.0954
     152      50.9644
     153      50.9247
     154      49.3487
     155      49.3606
     156      49.6995
     157      48.9122
     158      48.9022
     159      48.3592
     160      47.9199
     161      48.7901
     162      49.7266
     163      47.6902
     164      47.5196
     165      48.2387
     166      46.3336
     167      48.3842
     168      48.5354
     169      47.4230
     170      48.2969
     171      46.7137
     172      46.4481
     173      48.1622
     174      45.9868
     175      47.7507
     176      44.1311
     177      42.4320
     178      45.6126
     179      45.4245
     180      45.5438
     181      47.0878
     182      46.5611
     183      45.7892
     184      46.6044
     185      47.6446
     186      44.8503
     187      46.1352
     188      47.7594
     189      46.3128
     190      46.9409
     191      45.6497
     192      46.2105
     193      45.7454
     194      45.3688
     195      49.9028
     196      47.2903
     197      46.9811
     198      45.6358
     199      46.9135
     200      46.5160
     201      48.2650
     202      46.8360
     203      46.5675
     204      46.7113
     205      46.0246
     206      45.5135
     207      47.4426
     208      45.4212
     209      45.7088
     210      45.8123
     211      47.2372
     212      47.1955
     213      47.5652
     214      47.4605
     215      46.5186
     216      46.1540
     217      46.4617
     218      46.4754
     219      46.8700
     220      45.2088
     221      46.7049
     222      48.0894
     223      48.0311
     224      48.7418
     225      48.7670
     226      50.4297
     227      50.1486
     228      48.6931
     229      49.4370
     230      49.9263
     231      48.6719
     232      51.1330
     233      49.3599
     234      47.6489
     235      48.4717
     236      49.6885
     237      48.8494
     238      48.1756
     239      48.8826
     240      47.9195
     241      47.4746
     242      49.1302
     243      48.1122
     244      49.5811
     245      48.9787
     246      50.1212
     247      52.3539
     248      48.3208
     249      50.9028
     250      47.8739
     251      47.5124
     252      50.5447
     253      48.0206
     254      52.6831
     255      49.0910
     256      50.7351
     257      49.3710
     258      50.4894
     259      51.6636
     260      51.2073
     261      52.5955
     262      50.4776
     263      50.2072
     264      50.4211
     265      52.7721
     266      52.1882
     267      53.1859
     268      53.3537
     269      52.0749
     270      51.7155
     271      50.3301
     272      50.8523
     273      50.6507
     274      48.6613
     275      47.1616
     276      48.3923
     277      51.3158
     278      51.0188
     279      52.3853
     280      54.8143
     281      49.8510
     282      51.8941
     283      48.8446
     284      49.0181
     285      49.8996
     286      49.2088
     287      48.8052
     288      48.0153
     289      49.2297
     290      47.8555
     291      50.3707
     292      48.3756
     293      48.7785
     294      48.9449
     295      49.0459
     296      49.4052
     297      46.9028
     298      50.0589
     299      50.4129
     300      51.0686
     301      49.4792
     302      49.5539
     303      49.1901
     304      48.2805
     305      50.0018
     306      49.4587
     307      49.6088
     308      50.3983
     309      48.8675
     310      48.4279
     311      52.7627
     312      53.0329
     313      51.6931
     314      53.2953
     315      53.1240
     316      51.3911
     317      51.1797
     318      51.2857
     319      52.8547
     320      52.1561
     321      54.6733
     322      51.2057
     323      54.4390
     324      54.8055
     325      51.2578
     326      49.9178
     327      47.5803
     328      47.0570
     329      45.9672
     330      44.7720
     331      46.3841
     332      47.9936
     333      49.0300
     334      47.8556
     335      50.3549
     336      49.1866
     337      49.8686
     338      50.1277
     339      49.2679
     340      50.7704
     341      53.1310
     342      54.1192
     343      51.6042
     344      51.2712
     345      49.5525
     346      47.6975
     347      49.2699
     348      50.5714
     349      51.6648
     350      49.5879
     351      50.4766
     352      49.5762
     353      50.1145
     354      53.7380
     355      50.4371
     356      54.9554
     357      54.0451
     358      55.7208
     359      52.8924
     360      55.1257
     361      54.2922
     362      55.2670
     363      53.4399
     364      55.5011
     365      51.9459
     366      53.3103
     367      55.5867
     368      51.3399
     369      53.0098
     370      52.5481
     371      52.7438
     372      50.8848
     373      52.7300
     374      52.8951
     375      50.8529
     376      53.3013
     377      50.9041
     378      51.5998
     379      52.1337
     380      51.8376
     381      54.3521
     382      54.0490
     383      54.8990
     384      55.2157
     385      55.7819
     386      54.2270
     387      55.9626
     388      53.5954
     389      52.3187
     390      54.7738
     391      52.7806
     392      53.0299
     393      53.5663
     394      51.6555
     395      50.3075
     396      49.2003
     397      52.3066
     398      53.2113
     399      49.2145
     400      48.6820
     401      50.5331
     402      49.0734
     403      47.2507
     404      50.6209
     405      49.9529
     406      48.5822
     407      45.6019
     408      46.8897
     409      46.4090
     410      49.0770
     411      46.4673
     412      46.2402
     413      44.5268
     414      45.2305
     415      46.6969
     416      48.5605
     417      48.9601
     418      49.5859
     419      47.2316
     420      52.5013
     421      51.5506
     422      52.5883
     423      57.9716
     424      57.7463
     425      55.3067
     426      56.3785
     427      53.3657
     428      51.6693
     429      50.5992
     430      49.2765
     431      48.2074
     432      49.6880
     433      47.4956
     434      48.6997
     435      47.4065
     436      48.0901
     437      48.6864
     438      46.6663
     439      46.5162
     440      49.0894
     441      50.1388
     442      51.2651
     443      52.9085
     444      52.1890
     445      51.1657
     446      48.9134
     447      50.8049
     448      48.2365
     449      48.4989
     450      50.5678
     451      51.7360
     452      52.3163
     453      53.6461
     454      49.1579
     455      51.0215
     456      49.1493
     457      47.6898
     458      48.3406
     459      48.6828
     460      48.3003
     461      48.0928
     462      50.5699
     463      46.8539
     464      48.4443
     465      49.5707
     466      48.1925
     467      48.6358
     468      49.8970
     469      49.5850
     470      50.4129
     471      49.5958
     472      50.2206
     473      49.9446
     474      50.4400
     475      49.5892
     476      50.3305
     477      47.2809
     478      51.2925
     479      52.4292
     480      46.8626
     481      47.7729
     482      46.9666
     483      47.8950
     484      47.9584
     485      47.5867
     486      49.0069
     487      47.8589
     488      49.6793
     489      49.2187
     490      49.5298
     491      51.1454
     492      50.2483
     493      51.4158
     494      50.4629
     495      52.2045
     496      50.2187
     497      48.2892
     498      52.7193
     499      53.5774
     500      52.2451
     501      53.2784
     502      53.1794
     503      51.3428
     504      51.5737
     505      50.2080
     506      52.8582
     507      55.6220
     508      53.5053
     509      55.1753
     510      56.3176
     511      58.7589
     512      60.1580
     513      57.1752
     514      55.2675
     515      57.0794
     516      58.8193
     517      59.4903
     518      57.8969
     519      62.5095
     520      57.6991
     521      54.2895
     522      56.6636
     523      57.4698
     524      57.8929
     525      60.2384
     526      60.6336
     527      58.8380
     528      59.5493
     529      59.3793
     530      59.6729
     531      57.3060
     532      57.5892
     533      54.9960
     534      55.5494
     535      54.9594
     536      53.0808
     537      53.5986
     538      55.7721
     539      57.9032
     540      56.7742
     541      55.0725
     542      56.4556
     543      55.8773
     544      54.4759
     545      56.6684
     546      57.1389
     547      55.2766
     548      55.7607
     549      54.2798
     550      54.7630
     551      55.6805
     552      57.5837
     553      56.8049
     554      55.9000
     555      56.0622
     556      57.5494
     557      58.4987
     558      57.0116
     559      58.6033
     560      59.4279
     561      59.0567
     562      58.9163
     563      57.8567
     564      58.1293
     565      55.7139
     566      54.6480
     567      56.4785
     568      59.5947
     569      60.3958
     570      60.9645
     571      56.4308
     572      57.5534
     573      58.6005
     574      59.1079
     575      59.3736
     576      60.4068
     577      59.7532
     578      60.1138
     579      57.5179
     580      57.3159
     581      57.9149
     582      55.2038
     583      56.9339
     584      57.1515
     585      58.3169
     586      62.9810
     587      56.6026
     588      56.6822
     589      53.6538
     590      56.3792
     591      55.0148
     592      53.7339
     593      54.7094
     594      58.7628
     595      59.5203
     596      61.4437
     597      54.4839
     598      52.9476
     599      52.2610
     600      53.0237
     601      54.5624
     602      57.5008
     603      58.6601
     604      59.3566
     605      57.6473
     606      57.7497
     607      56.5575
     608      58.1718
     609      56.4978
     610      53.1999
     611      56.7227
     612      58.5506
     613      59.1116
     614      59.0203
     615      59.8543
     616      62.5191
     617      60.6323
     618      60.4248
     619      62.7802
     620      62.1725
     621      60.8861
     622      59.3009
     623      62.1853
     624      63.2690
     625      64.6021
     626      62.6287
     627      63.8189
     628      62.4337
     629      60.7870
     630      62.5137
     631      62.3979
     632      60.1985
     633      57.6614
     634      55.9767
     635      54.8639
     636      53.2648
     637      52.4845
     638      51.5744
     639      50.4161
     640      52.9831
     641      52.9144
     642      51.0107
     643      51.1327
     644      51.4973
     645      51.1750
     646      51.7833
     647      49.9640
     648      51.3788
     649      51.9829
     650      54.3245
     651      55.2182
     652      50.1160
     653      54.4093
     654      51.1620
     655      51.8972
     656      53.6977
     657      53.8115
     658      53.4507
     659      54.2932
     660      54.6365
     661      52.0544
     662      52.7834
     663      50.8975
     664      48.7796
     665      49.4573
     666      47.4406
     667      48.3839
     668      48.6002
     669      51.1583
     670      50.3909
     671      52.4271
     672      51.1784
     673      47.2067
     674      49.6429
     675      46.7411
     676      50.5219
     677      46.8971
     678      46.2689
     679      50.1156
     680      48.7509
     681      50.0297
     682      48.8152
     683      47.5808
     684      48.3068
     685      49.6181
     686      47.4682
     687      49.7052
     688      50.1020
     689      47.7577
     690      48.0563
     691      50.0106
     692      47.0924
     693      50.2190
     694      49.3267
     695      47.1615
     696      48.6619
     697      49.2443
     698      48.8138
     699      49.0099
     700      49.1446
     701      47.2998
     702      48.5300
     703      45.3079
     704      49.8987
     705      49.2668
     706      50.7887
     707      50.6216
     708      49.9743
     709      50.2150
     710      47.3643
     711      47.8976
     712      47.5339
     713      47.3842
     714      47.1122
     715      47.4699
     716      48.0166
     717      46.1532
     718      45.1091
     719      46.2182
     720      48.4625
     721      50.2156
     722      50.0846
     723      48.4069
     724      48.1158
     725      50.6080
     726      51.5604
     727      49.4093
     728      49.2756
     729      51.0034
     730      52.0483
     731      51.9184
     732      51.5090
     733      50.5794
     734      50.1702
     735      53.2774
     736      50.8992
     737      48.7419
     738      50.7483
     739      49.4504
     740      48.7627
     741      45.1357
     742      45.7415
     743      49.3877
     744      49.4719
     745      46.8977
     746      46.1662
     747      46.8356
     748      50.0204
     749      50.0756
     750      48.8097
     751      48.5695
     752      50.2735
     753      50.2769
     754      48.4650
     755      46.9622
     756      48.9370
     757      47.5097
     758      48.0246
     759      49.9147
     760      47.6427
     761      48.5718
     762      46.9317
     763      48.8507
     764      46.6539
     765      47.9846
     766      50.7199
     767      50.9791
     768      52.4713
     769      52.9030
     770      52.9252
     771      52.6522
     772      50.5307
     773      51.7034
     774      50.0589
     775      50.8214
     776      50.0802
     777      53.1955
     778      50.0499
     779      49.4964
     780      48.9236
     781      46.3035
     782      48.2654
     783      46.2546
     784      44.6209
     785      44.1679
     786      44.8256
     787      44.3055
     788      46.6056
     789      46.1471
     790      46.5867
     791      46.7046
     792      44.0776
     793      43.8438
     794      48.0638
     795      46.4676
     796      45.1883
     797      45.6363
     798      44.1253
     799      40.9133
     800      42.1490
     801      43.5290
     802      42.3183
     803      41.1187
     804      40.9514
     805      40.8998
     806      41.0579
     807      42.7197
     808      44.9762
     809      44.0069
     810      41.8385
     811      41.2154
     812      41.8592
     813      43.2165
     814      42.1852
     815      42.3977
     816      44.9060
     817      46.1296
     818      44.8389
     819      45.7842
     820      44.8371
     821      45.4006
     822      45.1251
     823      43.9927
     824      45.3051
     825      46.3517
     826      44.9959
     827      46.4447
     828      45.8688
     829      46.2164
     830      46.4926
     831      44.7497
     832      45.9318
     833      45.9351
     834      44.0221
     835      47.0021
     836      45.6157
     837      46.9961
     838      45.6827
     839      46.4692
     840      47.3801
     841      46.0648
     842      45.7820
     843      44.4217
     844      46.3796
     845      45.2139
     846      45.4865
     847      47.1374
     848      46.7226
     849      48.5304
     850      47.4508
     851      47.0419
     852      50.1591
     853      46.0118
     854      46.4611
     855      45.7994
     856      47.3344
     857      46.7443
     858      47.0824
     859      44.9461
     860      44.2412
     861      43.2875
     862      45.5838
     863      44.6233
     864      45.2747
     865      44.2889
     866      44.2643
     867      46.1301
     868      44.6836
     869      44.8640
     870      45.5995
     871      45.2430
     872      44.6264
     873      45.7524
     874      45.4039
     875      47.5514
     876      45.5157
     877      45.9586
     878      46.4236
     879      47.1553
     880      44.9534
     881      45.3947
     882      44.4474
     883      45.5514
     884      44.3076
     885      44.9882
     886      45.8904
     887      45.2414
     888      45.5114
     889      43.6295
     890      46.0126
     891      47.3042
     892      47.7471
     893      44.4503
     894      46.5258
     895      46.6088
     896      45.1108
     897      43.2702
     898      45.7360
     899      45.9343
     900      46.5200
     901      45.7628
     902      44.1301
     903      46.7699
     904      46.0338
     905      45.2472
     906      45.2062
     907      45.4091
     908      44.3921
     909      45.3471
     910      44.5384
     911      43.8774
     912      44.7961
     913      45.6924
     914      45.2599
     915      46.1633
     916      45.2652
     917      47.1673
     918      45.4606
     919      45.3468
     920      47.6874
     921      46.5584
     922      45.5647
     923      45.2092
     924      47.2850
     925      45.3329
     926      47.2651
     927      48.0311
     928      46.5013
     929      46.3629
     930      47.4253
     931      47.0634
     932      45.3850
     933      47.3438
     934      47.2972
     935      45.1246
     936      45.9790
     937      46.7273
     938      47.1255
     939      47.5609
     940      47.6414
     941      46.1858
     942      44.0923
     943      46.1597
     944      45.5874
     945      44.3655
     946      44.2918
     947      44.3208
     948      45.5498
     949      45.3087
     950      46.3422
     951      44.5952
     952      43.2694
     953      43.4193
     954      44.9161
     955      46.2051
     956      45.0478
     957      46.6592
     958      45.9458
     959      43.7683
     960      44.7261
     961      45.0706
     962      46.1632
     963      45.9146
     964      47.1460
     965      44.4590
     966      46.5721
     967      45.2176
     968      43.4223
     969      44.6072
     970      45.4171
     971      47.3007
     972      45.1817
     973      46.1928
     974      46.4402
     975      45.2027
     976      45.0043
     977      45.2948
     978      46.9540
     979      46.7561
     980      46.0080
     981      46.5356
     982      46.0758
     983      46.1152
     984      45.6176
     985      45.6250
     986      46.5456
     987      46.9313
     988      46.7683
     989      44.8621
     990      45.2571
     991      43.8338
     992      45.0861
     993      45.0361
     994      44.7307
     995      45.0794
     996      43.7691
     997      45.9053
     998      47.5765
     999      45.6844
    1000      44.1245
    1001      43.8241
    1002      45.0402
    1003      43.4681
    1004      44.3656
    1005      45.7791
    1006      42.9003
    1007      42.1954
    1008      43.3640
    1009      44.8483
    1010      45.4430
    1011      45.2586
    1012      44.9770
    1013      44.2019
    1014      41.9081
    1015      44.6482
    1016      45.1129
    1017      44.4686
    1018      44.0933
    1019      45.3204
    1020      45.4430
    1021      45.4760
    1022      45.5045
    1023      47.1914
    1024      47.8610
    1025      46.5749
    1026      46.7044
    1027      48.1186
    1028      45.6538
    1029      43.6903
    1030      44.3911
    1031      45.7536
    1032      43.8727
    1033      43.2946
    1034      45.5840
    1035      46.3534
    1036      44.2738
    1037      44.0784
    1038      44.6463
    1039      46.8319
    1040      47.1200
    1041      45.9763
    1042      45.2796
    1043      45.9953
    1044      46.9753
    1045      47.0943
    1046      48.1210
    1047      48.8810
    1048      49.7304
    1049      47.8112
    1050      46.5611
    1051      47.3208
    1052      47.3233
    1053      48.0448
    1054      46.7069
    1055      46.4349
    1056      46.3239
    1057      48.0692
    1058      45.9897
    1059      46.1842
    1060      48.9396
    1061      47.7635
    1062      48.3141
    1063      47.4151
    1064      47.1014
    1065      47.3063
    1066      46.7771
    1067      46.9287
    1068      46.4402
    1069      46.9965
    1070      45.6293
    1071      46.2020
    1072      47.4602
    1073      46.2672
    1074      47.7194
    1075      49.0702
    1076      47.8566
    1077      47.7373
    1078      47.7218
    1079      51.1005
    1080      48.7715
    1081      47.6572
    1082      48.2280
    1083      48.1349
    1084      48.3911
    1085      46.8185
    1086      45.6190
    1087      48.0645
    1088      49.3188
    1089      48.6055
    1090      48.7273
    1091      46.8473
    1092      46.5475
    1093      47.2227
    1094      47.4321
    1095      48.1290
    1096      47.7043
    1097      47.7828
    1098      47.5620
    1099      49.4514
    1100      48.2617
    1101      47.8266
    1102      48.9038
    1103      48.3390
    1104      48.6346
    1105      50.3885
    1106      48.3693
    1107      48.7017
    1108      48.0593
    1109      48.4413
    1110      47.6854
    1111      47.8426
    1112      47.3394
    1113      47.8723
    1114      47.8379
    1115      46.9497
    1116      49.3633
    1117      47.1415
    1118      49.6822
    1119      48.9742
    1120      46.2000
    1121      49.2772
    1122      49.0671
    1123      46.6977
    1124      48.2642
    1125      46.3025
    1126      48.6329
    1127      48.8381
    1128      48.5643
    1129      47.6330
    1130      48.0584
    1131      46.9601
    1132      47.0011
    1133      46.8231
    1134      48.0481
    1135      48.4167
    1136      46.8586
    1137      48.5468
    1138      46.7081
    1139      47.9743
    1140      47.9145
    1141      47.5397
    1142      47.4669
    1143      46.4442
    1144      47.4396
    1145      47.6533
    1146      46.5958
    1147      47.2039
    1148      48.0059
    1149      46.3315
    1150      47.5689
    1151      46.2005
    1152      46.2340
    1153      45.9144
    1154      47.3640
    1155      45.8489
    1156      46.2170
    1157      46.7911
    1158      45.7139
    1159      46.3932
    1160      46.9679
    1161      47.6095
    1162      46.0848
    1163      47.1958
    1164      45.4263
    1165      46.8937
    1166      48.6305
    1167      46.9210
    1168      47.0318
    1169      47.8035
    1170      47.0880
    1171      47.0268
    1172      46.7282
    1173      45.0605
    1174      46.8354
    1175      46.0142
    1176      48.0366
    1177      48.4167
    1178      48.8052
    1179      48.2446
    1180      47.9423
    1181      47.1723
    1182      48.4134
    1183      47.7115
    1184      48.1878
    1185      47.6104
    1186      47.7849
    1187      48.5014
    1188      47.5961
    1189      48.7041
    1190      46.5534
    1191      47.5150
    1192      46.9090
    1193      47.4504
    1194      44.7249
    1195      46.8330
    1196      45.6079
    1197      47.2702
    1198      49.0485
    1199      48.7036
    1200      48.9610
    1201      48.3496
    1202      46.2574
    1203      47.0629
    1204      47.6828
    1205      47.3214
    1206      46.5468
    1207      47.0255
    1208      45.8991
    1209      46.9136
    1210      45.7290
    1211      44.0286
    1212      46.2220
    1213      48.1864
    1214      48.3429
    1215      46.8566
    1216      44.9416
    1217      48.2697
    1218      49.3583
    1219      49.8184
    1220      48.5758
    1221      47.7229
    1222      45.5138
    1223      47.0455
    1224      47.6301
    1225      46.3987
    1226      47.2666
    1227      45.1865
    1228      48.3912
    1229      48.5486
    1230      47.7190
    1231      47.1163
    1232      44.4443
    1233      45.9581
    1234      46.3724
    1235      47.7188
    1236      45.5197
    1237      45.2167
    1238      46.4621
    1239      45.8736
    1240      45.8348
    1241      48.2441
    1242      47.4693
    1243      46.0389
    1244      45.9564
    1245      45.1516
    1246      45.1448
    1247      45.7248
    1248      45.1391
    1249      45.6498
    1250      45.8479
    1251      44.0740
    1252      44.0714
    1253      44.2529
    1254      44.6788
    1255      45.1970
    1256      45.5772
    1257      45.9868
    1258      45.7317
    1259      45.5327
    1260      44.8846
    1261      45.5417
    1262      45.6145
    1263      46.0972
    1264      45.4692
    1265      45.3846
    1266      44.9760
    1267      44.0546
    1268      46.0942
    1269      44.8400
    1270      45.2163
    1271      45.9445
    1272      45.4895
    1273      45.8034
    1274      47.7256
    1275      47.0007
    1276      45.9666
    1277      45.2185
    1278      45.3375
    1279      47.6708
    1280      47.3959
    1281      47.4146
    1282      47.2732
    1283      45.7661
    1284      46.3180
    1285      45.5294
    1286      46.3342
    1287      46.4223
    1288      45.2835
    1289      45.5831
    1290      46.4082
    1291      45.4499
    1292      46.5413
    1293      44.5281
    1294      45.4219
    1295      45.8796
    1296      45.3283
    1297      48.4433
    1298      45.2754
    1299      46.3857
    1300      46.4665
    1301      45.5769
    1302      45.3166
    1303      45.3673
    1304      47.1276
    1305      44.4561
    1306      47.6108
    1307      46.9853
    1308      45.7158
    1309      44.1958
    1310      44.2627
    1311      45.2895
    1312      45.1681
    1313      44.4857
    1314      45.8376
    1315      45.8509
    1316      43.5724
    1317      44.8104
    1318      43.2657
    1319      43.1795
    1320      44.7769
    1321      43.7385
    1322      44.8118
    1323      45.4506
    1324      43.7558
    1325      44.8693
    1326      43.7244
    1327      43.4724
    1328      43.7818
    1329      43.6750
    1330      44.0808
    1331      45.1498
    1332      46.0623
    1333      45.4052
    1334      43.9919
    1335      44.1784
    1336      43.8084
    1337      45.6138
    1338      44.4316
    1339      43.2310
    1340      45.6307
    1341      47.2719
    1342      45.4203
    1343      45.3681
    1344      42.6688
    1345      42.9878
    1346      42.3615
    1347      44.5427
    1348      47.3341
    1349      44.1153
    1350      43.1639
    1351      45.0530
    1352      44.2219
    1353      43.2518
    1354      46.5786
    1355      43.2197
    1356      44.0577
    1357      45.9130
    1358      45.7047
    1359      45.4276
    1360      44.7504
    1361      44.6338
    1362      46.2740
    1363      47.6314
    1364      44.9068
    1365      43.4082
    1366      44.6928
    1367      44.9013
    1368      45.7320
    1369      42.6553
    1370      44.9261
    1371      45.2770
    1372      42.9712
    1373      45.1969
    1374      43.3543
    1375      44.2623
    1376      46.9205
    1377      44.6023
    1378      47.0397
    1379      44.4397
    1380      44.2028
    1381      45.3541
    1382      43.7398
    1383      42.7435
    1384      43.6737
    1385      43.6384
    1386      44.2917
    1387      45.4821
    1388      44.5509
    1389      42.2709
    1390      44.5676
    1391      43.5316
    1392      44.4777
    1393      43.9799
    1394      43.2279
    1395      45.0239
    1396      44.9636
    1397      46.2558
    1398      43.9755
    1399      43.7959
    1400      43.8033
    1401      43.6483
    1402      43.1517
    1403      42.8255
    1404      43.7469
    1405      45.6933
    1406      44.0527
    1407      44.5059
    1408      43.0034
    1409      42.1568
    1410      43.6420
    1411      43.9152
    1412      44.3502
    1413      43.1210
    1414      43.8568
    1415      44.9497
    1416      44.8609
    1417      43.6566
    1418      43.9808
    1419      44.5649
    1420      45.0132
    1421      44.4030
    1422      46.0324
    1423      42.7416
    1424      43.7356
    1425      43.7237
    1426      43.8970
    1427      44.3604
    1428      45.1070
    1429      44.8156
    1430      44.5284
    1431      43.9471
    1432      42.4276
    1433      44.4725
    1434      45.8248
    1435      44.8682
    1436      43.4790
    1437      40.2472
    1438      41.7712
    1439      41.0102
    1440      43.4024
    1441      43.3534
    1442      45.1294
    1443      45.6526
    1444      44.9329
    1445      43.2805
    1446      42.6491
    1447      43.4409
    1448      44.8062
    1449      42.3868
    1450      44.1067
    1451      43.9408
    1452      43.5861
    1453      42.9679
    1454      41.6812
    1455      42.4237
    1456      42.7306
    1457      42.0447
    1458      42.5196
    1459      42.2572
    1460      42.9473
    1461      43.6138
    1462      43.3041
    1463      44.0436
    1464      40.8481
    1465      40.1900
    1466      40.6014
    1467      44.0431
    1468      43.8953
    1469      44.3603
    1470      45.8560
    1471      45.6135
    1472      44.5740
    1473      45.5308
    1474      45.4915
    1475      45.6055
    1476      44.4448
    1477      44.5959
    1478      45.7869
    1479      42.4593
    1480      40.9885
    1481      42.2301
    1482      41.0435
    1483      40.1912
    1484      41.0233
    1485      40.6054
    1486      42.8258
    1487      41.8783
    1488      42.5225
    1489      42.5388
    1490      41.8759
    1491      42.4574
    1492      41.7217
    1493      40.5637
    1494      40.9107
    1495      40.1487
    1496      44.1654
    1497      44.4757
    1498      41.1852
    1499      43.9720
    1500      42.0824
    1501      42.6484
    1502      42.3627
    1503      42.1620
    1504      43.3826
    1505      43.9607
    1506      44.0423
    1507      43.9475
    1508      42.6373
    1509      43.1931
    1510      43.1055
    1511      44.4901
    1512      42.4550
    1513      43.2722
    1514      41.1183
    1515      44.1154
    1516      41.0203
    1517      41.9334
    1518      42.6372
    1519      41.1135
    1520      43.1361
    1521      42.2104
    1522      42.4618
    1523      42.5569
    1524      42.3232
    1525      43.3405
    1526      40.8685
    1527      41.9133
    1528      41.8580
    1529      41.5800
    1530      41.6272
    1531      43.8856
    1532      43.1139
    1533      44.3033
    1534      43.2501
    1535      41.9238
    1536      40.8986
    1537      44.8818
    1538      43.1854
    1539      43.2760
    1540      41.7703
    1541      42.4062
    1542      44.2610
    1543      44.6048
    1544      43.8376
    1545      45.6156
    1546      45.7743
    1547      44.2635
    1548      42.3446
    1549      42.4509
    1550      43.8920
    1551      44.9980
    1552      44.1977
    1553      44.3972
    1554      43.1771
    1555      41.2258
    1556      42.2963
    1557      42.4648
    1558      44.8385
    1559      44.7043
    1560      43.2145
    1561      43.2214
    1562      45.1178
    1563      46.0867
    1564      44.3118
    1565      45.5614
    1566      44.3430
    1567      43.2947
    1568      45.0426
    1569      44.1733
    1570      44.1474
    1571      45.1758
    1572      44.3376
    1573      44.2410
    1574      46.1326
    1575      43.5096
    1576      46.0876
    1577      44.3983
    1578      43.5975
    1579      44.8619
    1580      45.2365
    1581      44.8997
    1582      44.1302
    1583      43.6451
    1584      43.4944
    1585      45.3896
    1586      45.0651
    1587      44.2433
    1588      42.6446
    1589      44.6369
    1590      43.7360
    1591      43.8928
    1592      44.3799
    1593      45.4706
    1594      46.9181
    1595      45.6002
    1596      45.6893
    1597      47.0048
    1598      45.9477
    1599      45.8058
    1600      45.2948
    1601      45.3077
    1602      46.1465
    1603      45.8982
    1604      46.8392
    1605      49.4192
    1606      46.8659
    1607      45.4815
    1608      46.1229
    1609      45.7058
    1610      45.5208
    1611      45.0225
    1612      45.0316
    1613      42.5694
    1614      44.9657
    1615      45.2536
    1616      43.1537
    1617      45.2033
    1618      45.3340
    1619      46.4658
    1620      48.0705
    1621      46.1165
    1622      47.5932
    1623      47.7910
    1624      44.9608
    1625      46.3070
    1626      46.7751
    1627      44.8080
    1628      44.4209
    1629      44.7248
    1630      44.0706
    1631      45.2321
    1632      47.0346
    1633      46.1063
    1634      46.3966
    1635      47.1332
    1636      48.7417
    1637      45.8506
    1638      49.4814
    1639      49.6559
    1640      48.6810
    1641      50.6734
    1642      50.3276
    1643      47.8976
    1644      48.4271
    1645      46.0217
    1646      46.3468
    1647      47.0842
    1648      49.0363
    1649      46.8723
    1650      50.1949
    1651      46.5854
    1652      47.1609
    1653      47.3608
    1654      47.4249
    1655      49.4052
    1656      48.2114
    1657      49.6022
    1658      50.6009
    1659      48.7538
    1660      51.5892
    1661      48.9839
    1662      49.2723
    1663      48.4945
    1664      47.7266
    1665      49.6141
    1666      51.5229
    1667      50.0065
    1668      50.1554
    1669      48.4090
    1670      48.1318
    1671      47.9610
    1672      49.9782
    1673      51.5494
    1674      48.1653
    1675      49.1310
    1676      49.5648
    1677      50.6392
    1678      51.0854
    1679      52.1806
    1680      51.3413
    1681      52.0869
    1682      51.6038
    1683      50.2159
    1684      51.4834
    1685      51.5659
    1686      50.6075
    1687      50.4641
    1688      52.3544
    1689      52.5261
    1690      51.6040
    1691      50.9184
    1692      50.8850
    1693      48.9046
    1694      49.0334
    1695      50.4955
    1696      49.5382
    1697      50.8387
    1698      51.3678
    1699      49.7856
    1700      51.7860
    1701      51.3856
    1702      49.4868
    1703      48.8722
    1704      47.9168
    1705      50.4411
    1706      50.1602
    1707      49.5871
    1708      50.7364
    1709      47.4213
    1710      48.8911
    1711      50.6920
    1712      49.9573
    1713      50.1586
    1714      49.9680
    1715      50.5052
    1716      50.5284
    1717      50.4078
    1718      50.4975
    1719      49.3576
    1720      50.3947
    1721      48.3754
    1722      48.3207
    1723      49.0047
    1724      48.1313
    1725      51.1401
    1726      49.1072
    1727      47.9729
    1728      48.4587
    1729      48.2412
    1730      48.8829
    1731      49.5943
    1732      49.4512
    1733      48.6746
    1734      48.7317
    1735      48.3989
    1736      48.3423
    1737      48.9019
    1738      48.3800
    1739      49.0246
    1740      49.3317
    1741      47.7555
    1742      49.8593
    1743      47.5772
    1744      48.3507
    1745      49.0324
    1746      48.0698
    1747      49.1400
    1748      47.6011
    1749      50.8405
    1750      50.7738
    1751      49.0755
    1752      47.5714
    1753      48.6420
    1754      48.2032
    1755      46.9322
    1756      47.7767
    1757      49.1163
    1758      50.0678
    1759      51.5980
    1760      50.8555
    1761      50.1507
    1762      50.5290
    1763      50.3938
    1764      51.4289
    1765      48.9671
    1766      47.7142
    1767      48.3404
    1768      46.1936
    1769      46.4587
    1770      45.1050
    1771      48.1288
    1772      47.6922
    1773      47.8312
    1774      47.0893
    1775      46.3045
    1776      47.7073
    1777      46.7357
    1778      48.8453
    1779      48.3013
    1780      48.9990
    1781      49.5131
    1782      51.9971
    1783      53.2568
    1784      51.2955
    1785      50.0199
    1786      49.3767
    1787      48.8907
    1788      50.3072
    1789      49.0185
    1790      49.6725
    1791      51.0714
    1792      49.9488
    1793      52.3824
    1794      52.8059
    1795      50.3744
    1796      48.7108
    1797      52.5940
    1798      51.0142
    1799      50.7062
    1800      50.7298
    1801      54.9000
    1802      50.9668
    1803      54.2041
    1804      50.1620
    1805      49.0308
    1806      46.5599
    1807      47.2737
    1808      50.3396
    1809      51.2676
    1810      49.7779
    1811      50.7594
    1812      52.4222
    1813      51.4727
    1814      50.2928
    1815      49.8129
    1816      49.5132
    1817      49.6918
    1818      49.0222
    1819      49.9276
    1820      49.8670
    1821      51.9445
    1822      50.3041
    1823      49.3830
    1824      50.5664
    1825      48.4887
    1826      47.8784
    1827      47.6523
    1828      48.4703
    1829      46.3883
    1830      44.6768
    1831      44.9545
    1832      46.1176
    1833      48.2755
    1834      46.9872
    1835      48.6914
    1836      48.1867
    1837      48.1884
    1838      48.7908
    1839      46.4974
    1840      46.9641
    1841      46.1819
    1842      45.2727
    1843      44.2600
    1844      47.1887
    1845      43.6423
    1846      46.1443
    1847      45.7048
    1848      45.1128
    1849      46.4345
    1850      45.2487
    1851      45.0083
    1852      47.1463
    1853      47.6905
    1854      47.9150
    1855      48.7926
    1856      47.3211
    1857      48.0272
    1858      46.5791
    1859      44.4941
    1860      44.8269
    1861      49.0841
    1862      45.9801
    1863      42.6508
    1864      43.7703
    1865      43.8210
    1866      43.2442
    1867      45.4919
    1868      42.2102
    1869      43.8260
    1870      46.4575
    1871      45.1061
    1872      45.1724
    1873      45.8531
    1874      45.1521
    1875      46.0953
    1876      47.1895
    1877      48.0064
    1878      45.0799
    1879      44.9503
    1880      45.9342
    1881      44.9256
    1882      46.7212
    1883      44.5041
    1884      45.7230
    1885      46.5572
    1886      45.9858
    1887      45.8153
    1888      46.7407
    1889      46.3601
    1890      44.8108
    1891      46.8112
    1892      44.8421
    1893      43.0115
    1894      43.4653
    1895      46.5373
    1896      46.2379
    1897      46.7873
    1898      45.2211
    1899      44.4535
    1900      45.2355
    1901      45.1266
    1902      47.5643
    1903      44.2340
    1904      46.7077
    1905      47.6674
    1906      46.0511
    1907      48.8162
    1908      46.5339
    1909      46.6240
    1910      46.6104
    1911      47.0605
    1912      45.4585
    1913      46.8567
    1914      47.7291
    1915      44.6745
    1916      46.8949
    1917      44.7472
    1918      45.4749
    1919      44.0678
    1920      43.5217
    1921      41.2941
    1922      42.6360
    1923      41.7191
    1924      41.7499
    1925      41.5514
    1926      40.7573
    1927      41.0763
    1928      44.1022
    1929      42.1165
    1930      44.1200
    1931      43.1580
    1932      43.6328
    1933      42.3815
    1934      42.1689
    1935      42.4831
    1936      41.6845
    1937      41.7393
    1938      40.6722
    1939      40.3498
    1940      41.6249
    1941      40.2512
    1942      42.2207
    1943      39.2438
    1944      39.9386
    1945      43.4088
    1946      42.8609
    1947      42.0322
    1948      42.7257
    1949      44.1519
    1950      42.0468
    1951      43.4744
    1952      42.5431
    1953      40.5665
    1954      38.9521
    1955      41.5908
    1956      43.0434
    1957      41.3277
    1958      42.5559
    1959      43.3542
    1960      40.8267
    1961      40.6473
    1962      40.1282
    1963      41.2504
    1964      42.7807
    1965      42.8541
    1966      43.3649
    1967      42.1840
    1968      41.9391
    1969      41.3137
    1970      44.2599
    1971      40.7014
    1972      41.7738
    1973      42.1786
    1974      41.7795
    1975      40.3619
    1976      41.0352
    1977      39.7684
    1978      40.9727
    1979      38.7872
    1980      40.1043
    1981      41.0822
    1982      40.2519
    1983      40.9065
    1984      39.1020
    1985      42.8872
    1986      42.9950
    1987      42.5956
    1988      43.1196
    1989      41.9316
    1990      42.0210
    1991      40.9542
    1992      42.1050
    1993      40.9872
    1994      40.2776
    1995      45.0034
    1996      40.9841
    1997      41.8657
    1998      40.4225
    1999      41.1347
    2000      40.3536
