#Frame     end-to-end
       1      36.3181
       2      34.2861
       3      34.9856
       4      35.5448
       5      35.4964
       6      36.9866
       7      36.5485
       8      38.3760
       9      40.2733
      10      37.5203
      11      37.6387
      12      37.5695
      13      37.4293
      14      38.0718
      15      36.7653
      16      37.3650
      17      36.3037
      18      36.2782
      19      37.2869
      20      37.5905
      21      36.0834
      22      38.3532
      23      39.8681
      24      37.9966
      25      39.8361
      26      41.8404
      27      38.6614
      28      37.8734
      29      37.1819
      30      37.7709
      31      36.0898
      32      36.6425
      33      38.2927
      34      38.5191
      35      39.3929
      36      36.9702
      37      35.6497
      38      35.7793
      39      35.9908
      40      34.9312
      41      36.6300
      42      35.9998
      43      36.3164
      44      34.9460
      45      35.6902
      46      35.0910
      47      35.1965
      48      36.6049
      49      35.8574
      50      35.1397
      51      33.8106
      52      34.5655
      53      34.2572
      54      34.2767
      55      34.5185
      56      35.7946
      57      35.8486
      58      35.1670
      59      34.9489
      60      35.4207
      61      36.7446
      62      35.6520
      63      37.4806
      64      36.9319
      65      37.0142
      66      36.0151
      67      35.3311
      68      38.0030
      69      38.0231
      70      37.8154
      71      37.7858
      72      38.9386
      73      37.9364
      74      37.4814
      75      38.7908
      76      39.2719
      77      38.2363
      78      38.2413
      79      37.4445
      80      38.4590
      81      38.7270
      82      38.0503
      83      39.3398
      84      38.8042
      85      38.9057
      86      39.0379
      87      38.0317
      88      37.9758
      89      40.1147
      90      39.4735
      91      38.4486
      92      39.0018
      93      37.0633
      94      38.8516
      95      36.7184
      96      36.7928
      97      39.2287
      98      37.0913
      99      37.2052
     100      37.6264
     101      38.0972
     102      37.2114
     103      38.2187
     104      39.3639
     105      39.4180
     106      37.9113
     107      36.5385
     108      36.1751
     109      36.5812
     110      37.7755
     111      37.7560
     112      38.6355
     113      35.8016
     114      35.7730
     115      35.6343
     116      35.8645
     117      38.6573
     118      36.8423
     119      37.5910
     120      34.2891
     121      35.0027
     122      36.5045
     123      35.8761
     124      37.1057
     125      37.0456
     126      37.9090
     127      38.2640
     128      38.6942
     129      38.2778
     130      37.3180
     131      35.2727
     132      36.4854
     133      36.2793
     134      36.1263
     135      36.3936
     136      37.4648
     137      35.4354
     138      37.2585
     139      36.4451
     140      36.8412
     141      38.9959
     142      38.7386
     143      37.3956
     144      37.0981
     145      34.9414
     146      35.3628
     147      35.8252
     148      37.3358
     149      39.0055
     150      39.2574
     151      36.8946
     152      36.9660
     153      37.4653
     154      37.4652
     155      35.9823
     156      38.2664
     157      36.4955
     158      37.1060
     159      38.3613
     160      37.3880
     161      36.2102
     162      37.0824
     163      36.0245
     164      36.6635
     165      38.8732
     166      37.5318
     167      36.4900
     168      35.8909
     169      36.6862
     170      36.7988
     171      39.2521
     172      38.5764
     173      37.8484
     174      37.5167
     175      37.6128
     176      38.2772
     177      38.6702
     178      38.8416
     179      38.1335
     180      38.2479
     181      39.1363
     182      36.7846
     183      37.3900
     184      38.0202
     185      38.9079
     186      37.7083
     187      39.6973
     188      39.2358
     189      38.7034
     190      37.2578
     191      38.1403
     192      36.2912
     193      37.2352
     194      37.0125
     195      37.0392
     196      36.9569
     197      38.5715
     198      37.7757
     199      39.0984
     200      36.9101
     201      37.8766
     202      38.3830
     203      38.1754
     204      36.4357
     205      37.6812
     206      36.1033
     207      35.7609
     208      36.5374
     209      37.2620
     210      38.4996
     211      38.8784
     212      36.7993
     213      36.2775
     214      37.1149
     215      37.3629
     216      37.1371
     217      36.9177
     218      37.7149
     219      37.1478
     220      37.0697
     221      37.3726
     222      36.8829
     223      37.3671
     224      37.7588
     225      37.1315
     226      36.8489
     227      37.8953
     228      39.4181
     229      39.5108
     230      38.2139
     231      38.8153
     232      38.5714
     233      39.5841
     234      37.4182
     235      36.1232
     236      36.2090
     237      37.3930
     238      38.6273
     239      37.4465
     240      37.2277
     241      35.5261
     242      37.3657
     243      37.9930
     244      36.2640
     245      36.3320
     246      36.4377
     247      36.6218
     248      35.5150
     249      34.0062
     250      35.8453
     251      36.9246
     252      36.3386
     253      36.2488
     254      36.0575
     255      34.9931
     256      37.5798
     257      36.9374
     258      35.9048
     259      36.3105
     260      36.5779
     261      36.8271
     262      36.4345
     263      36.3860
     264      36.5601
     265      36.6177
     266      36.6894
     267      38.5740
     268      36.7535
     269      37.9246
     270      38.8492
     271      38.4522
     272      37.6381
     273      38.6493
     274      38.3255
     275      36.7203
     276      37.4365
     277      39.3314
     278      37.9336
     279      38.8992
     280      38.1008
     281      37.2833
     282      36.4695
     283      36.7054
     284      35.7646
     285      37.5110
     286      35.9967
     287      37.1792
     288      36.8784
     289      37.6082
     290      37.2287
     291      38.5280
     292      35.1487
     293      35.2025
     294      34.3656
     295      37.3385
     296      36.7790
     297      37.9086
     298      39.1338
     299      37.5412
     300      37.5931
     301      36.8097
     302      37.9598
     303      35.9061
     304      36.2446
     305      36.3624
     306      37.4580
     307      36.7462
     308      36.9893
     309      35.9545
     310      36.5026
     311      37.1642
     312      37.6774
     313      35.7731
     314      35.9665
     315      35.5726
     316      35.5338
     317      35.2115
     318      36.4595
     319      37.2183
     320      37.2058
     321      37.0359
     322      36.7491
     323      35.7296
     324      36.1014
     325      35.4279
     326      35.9831
     327      36.0725
     328      37.6756
     329      37.4533
     330      36.2019
     331      36.3054
     332      37.3040
     333      38.4657
     334      37.9813
     335      38.7350
     336      37.1319
     337      37.8471
     338      37.8047
     339      38.2451
     340      38.1490
     341      38.2976
     342      37.9620
     343      37.4321
     344      36.6163
     345      35.0665
     346      34.8340
     347      39.2413
     348      36.5001
     349      37.1825
     350      37.0859
     351      35.7944
     352      37.2805
     353      37.6285
     354      39.6398
     355      39.2035
     356      39.8013
     357      38.1942
     358      37.9352
     359      38.6778
     360      37.4554
     361      37.7118
     362      37.9097
     363      39.1345
     364      37.6385
     365      37.4134
     366      39.4696
     367      39.1873
     368      38.1838
     369      37.6285
     370      38.8595
     371      37.6401
     372      37.1882
     373      37.8628
     374      37.9315
     375      37.0287
     376      37.3898
     377      38.3652
     378      37.6131
     379      37.2845
     380      37.5139
     381      37.2684
     382      37.7586
     383      37.5909
     384      38.2255
     385      39.1478
     386      38.1325
     387      38.2779
     388      37.4249
     389      37.9480
     390      36.3764
     391      35.8312
     392      37.2027
     393      36.1969
     394      35.9350
     395      35.4657
     396      34.9474
     397      35.4326
     398      35.6762
     399      36.4697
     400      37.6232
     401      37.6223
     402      38.8460
     403      38.8119
     404      35.6079
     405      37.3418
     406      38.3569
     407      38.1275
     408      36.2915
     409      36.7263
     410      36.0554
     411      34.9766
     412      36.0942
     413      37.1730
     414      37.9837
     415      35.6308
     416      35.0449
     417      35.5351
     418      35.9178
     419      36.4875
     420      36.3748
     421      35.7018
     422      36.8045
     423      36.0965
     424      36.4157
     425      37.0038
     426      36.5025
     427      37.6412
     428      36.6450
     429      36.9588
     430      37.6494
     431      36.1605
     432      36.3766
     433      35.0283
     434      36.7394
     435      37.4295
     436      37.2817
     437      35.2385
     438      34.5036
     439      35.8330
     440      36.2580
     441      34.8176
     442      36.6137
     443      34.8943
     444      35.1750
     445      37.2845
     446      36.1709
     447      35.8657
     448      36.5433
     449      35.8442
     450      37.1467
     451      36.1654
     452      36.3705
     453      36.7419
     454      37.5889
     455      39.3029
     456      37.6792
     457      36.8170
     458      38.0450
     459      37.6466
     460      38.3654
     461      38.2060
     462      39.3833
     463      36.3445
     464      37.5304
     465      36.7298
     466      38.0118
     467      38.0532
     468      36.0300
     469      36.6565
     470      38.3394
     471      37.3077
     472      36.0759
     473      35.6844
     474      35.4161
     475      36.1463
     476      36.6441
     477      35.5437
     478      36.7117
     479      35.9743
     480      36.0087
     481      37.0959
     482      36.9754
     483      37.0601
     484      36.7529
     485      36.7697
     486      37.3648
     487      36.6051
     488      35.9321
     489      36.8094
     490      36.2730
     491      37.3489
     492      35.7485
     493      37.4415
     494      38.1311
     495      36.9671
     496      38.1087
     497      38.8702
     498      37.0576
     499      36.9037
     500      37.0250
     501      35.8947
     502      37.1365
     503      37.1440
     504      38.0273
     505      37.8406
     506      37.4678
     507      37.3857
     508      36.7653
     509      37.0092
     510      36.6084
     511      36.1561
     512      36.6035
     513      37.1429
     514      36.8998
     515      36.6782
     516      36.9470
     517      36.9640
     518      38.8263
     519      37.4033
     520      36.2539
     521      36.6026
     522      38.0556
     523      36.3767
     524      37.8534
     525      36.3311
     526      35.3456
     527      36.6168
     528      36.8661
     529      34.8334
     530      35.8070
     531      36.9751
     532      38.0015
     533      36.9269
     534      37.4661
     535      37.7359
     536      35.5792
     537      36.6550
     538      36.7237
     539      38.0599
     540      39.8353
     541      39.1140
     542      38.3239
     543      38.6275
     544      37.4884
     545      38.3169
     546      36.9483
     547      37.0100
     548      37.5717
     549      37.1598
     550      36.6268
     551      35.6411
     552      36.9833
     553      36.8386
     554      35.3837
     555      35.1321
     556      35.2365
     557      35.5304
     558      37.3829
     559      37.1354
     560      37.3772
     561      37.5888
     562      36.5576
     563      36.6880
     564      37.6088
     565      37.3748
     566      38.3121
     567      38.7525
     568      36.6198
     569      37.1339
     570      35.1817
     571      36.0110
     572      37.2465
     573      36.4990
     574      36.4261
     575      38.0753
     576      38.1603
     577      37.7918
     578      38.0089
     579      37.0561
     580      37.5895
     581      37.1348
     582      36.6471
     583      36.9126
     584      37.1459
     585      36.7198
     586      37.1354
     587      37.7010
     588      36.1214
     589      35.5724
     590      35.1998
     591      36.3801
     592      37.6169
     593      36.8236
     594      35.5424
     595      36.4951
     596      35.8135
     597      37.7795
     598      36.8652
     599      37.6310
     600      36.3251
     601      36.1374
     602      36.4570
     603      37.2757
     604      37.7558
     605      36.5364
     606      37.0119
     607      37.2251
     608      36.4621
     609      36.4792
     610      35.0244
     611      37.6985
     612      38.1564
     613      37.4685
     614      38.4944
     615      36.7185
     616      35.5321
     617      36.3202
     618      36.2028
     619      37.3848
     620      37.3075
     621      37.4277
     622      36.5755
     623      35.9415
     624      37.1758
     625      38.1548
     626      36.4018
     627      35.9571
     628      36.8583
     629      36.5621
     630      36.0589
     631      36.3905
     632      35.4313
     633      37.4658
     634      37.1100
     635      38.6728
     636      37.7638
     637      36.7315
     638      37.4628
     639      36.6953
     640      36.1155
     641      36.9932
     642      37.0055
     643      38.0837
     644      38.2046
     645      37.4817
     646      37.9795
     647      39.1137
     648      37.2702
     649      36.8290
     650      36.9397
     651      35.9342
     652      35.0298
     653      36.1299
     654      37.0643
     655      35.6995
     656      36.3179
     657      38.0665
     658      36.8042
     659      36.8025
     660      37.6922
     661      37.3255
     662      36.6336
     663      37.0677
     664      37.1487
     665      37.6021
     666      36.1833
     667      36.9215
     668      37.3920
     669      36.8687
     670      37.2059
     671      38.6995
     672      36.3628
     673      38.0498
     674      36.3064
     675      36.3290
     676      36.7268
     677      36.5264
     678      37.6928
     679      37.6609
     680      37.9929
     681      37.5477
     682      37.7210
     683      36.2705
     684      36.8152
     685      38.4623
     686      35.8902
     687      37.4547
     688      37.0535
     689      37.1281
     690      37.1697
     691      37.6789
     692      38.1382
     693      37.5270
     694      38.4551
     695      36.6312
     696      37.5817
     697      36.4833
     698      36.5718
     699      37.9282
     700      38.2959
     701      37.9815
     702      37.9989
     703      36.5902
     704      36.3424
     705      36.5106
     706      37.5093
     707      37.3060
     708      38.1351
     709      37.6703
     710      37.3511
     711      36.7262
     712      36.8698
     713      37.4511
     714      37.0151
     715      37.5692
     716      37.0963
     717      38.9364
     718      38.3972
     719      36.2103
     720      38.4558
     721      38.8133
     722      36.8409
     723      38.4068
     724      37.8962
     725      38.0408
     726      39.3075
     727      40.4584
     728      38.0602
     729      38.7660
     730      39.8027
     731      37.9989
     732      38.5395
     733      38.7782
     734      37.9016
     735      38.2214
     736      38.1212
     737      38.3654
     738      38.7338
     739      37.9647
     740      37.9763
     741      36.8461
     742      34.8283
     743      35.9012
     744      36.4295
     745      36.7793
     746      37.5353
     747      37.1889
     748      36.5247
     749      37.7849
     750      36.0239
     751      34.9363
     752      37.2344
     753      38.4424
     754      37.8826
     755      35.4322
     756      35.8019
     757      35.4854
     758      36.1913
     759      36.8967
     760      36.7837
     761      36.8235
     762      37.1164
     763      37.3194
     764      38.9987
     765      36.2113
     766      37.4912
     767      37.6129
     768      37.6984
     769      37.4365
     770      36.3737
     771      36.3359
     772      36.3113
     773      38.6194
     774      37.6922
     775      37.0930
     776      36.8384
     777      34.3789
     778      36.4216
     779      35.8085
     780      34.7120
     781      36.1119
     782      35.7269
     783      36.4438
     784      37.4677
     785      35.7906
     786      36.0016
     787      36.2708
     788      36.9735
     789      37.4315
     790      36.7924
     791      36.3737
     792      37.4796
     793      36.1315
     794      35.5564
     795      35.6622
     796      36.4189
     797      37.3675
     798      37.4579
     799      37.9144
     800      36.9512
     801      36.1136
     802      37.9229
     803      38.2831
     804      37.3512
     805      37.4409
     806      37.2004
     807      37.2160
     808      37.3459
     809      37.4409
     810      37.4618
     811      37.3355
     812      35.6110
     813      36.1559
     814      36.1471
     815      35.5946
     816      35.4571
     817      38.1136
     818      38.9822
     819      37.2130
     820      37.6886
     821      37.7810
     822      35.9756
     823      36.9969
     824      37.4163
     825      38.1124
     826      38.3156
     827      37.7756
     828      38.4867
     829      36.9530
     830      38.0590
     831      36.9400
     832      36.6086
     833      37.1911
     834      38.1581
     835      38.2427
     836      36.7534
     837      38.0585
     838      38.9574
     839      37.2768
     840      37.5240
     841      37.8451
     842      37.1922
     843      38.8258
     844      39.5398
     845      38.2688
     846      38.2613
     847      37.6039
     848      38.2950
     849      37.3853
     850      36.7733
     851      38.5743
     852      39.2647
     853      38.4709
     854      39.0893
     855      39.1565
     856      36.9317
     857      37.4285
     858      38.2473
     859      38.8181
     860      37.0294
     861      38.1997
     862      38.4567
     863      38.7976
     864      39.2245
     865      39.0642
     866      37.7683
     867      37.6401
     868      36.6248
     869      38.7033
     870      38.6024
     871      38.4776
     872      38.0794
     873      39.2397
     874      38.0978
     875      38.2714
     876      38.3173
     877      38.7745
     878      35.6681
     879      37.0815
     880      35.6853
     881      36.0149
     882      38.3725
     883      38.2767
     884      38.5539
     885      36.1007
     886      36.9429
     887      37.7769
     888      36.1339
     889      37.5509
     890      38.6783
     891      37.7244
     892      39.4062
     893      37.1621
     894      36.2020
     895      36.9721
     896      37.1307
     897      37.3847
     898      36.9228
     899      37.9695
     900      36.7556
     901      37.7930
     902      36.8528
     903      37.2319
     904      36.4006
     905      36.8408
     906      38.2409
     907      37.5933
     908      36.8557
     909      35.9427
     910      37.5164
     911      37.0867
     912      37.4054
     913      37.7875
     914      38.5504
     915      37.7098
     916      38.1672
     917      36.5474
     918      34.8838
     919      38.1616
     920      37.4542
     921      37.7953
     922      37.5803
     923      36.1626
     924      37.7091
     925      36.9053
     926      36.0193
     927      35.0032
     928      35.5844
     929      35.9262
     930      37.8573
     931      36.7550
     932      36.0602
     933      37.0176
     934      36.7450
     935      37.8783
     936      39.0036
     937      39.1804
     938      38.6401
     939      37.9095
     940      36.3814
     941      37.6620
     942      36.6763
     943      38.4930
     944      36.2597
     945      37.1435
     946      37.3480
     947      37.4299
     948      37.8699
     949      36.2912
     950      37.2483
     951      37.8295
     952      38.2039
     953      38.1284
     954      38.1910
     955      37.4350
     956      37.2005
     957      37.6599
     958      37.6439
     959      35.7888
     960      38.3191
     961      37.1832
     962      36.6269
     963      37.1485
     964      36.2241
     965      37.2550
     966      36.1356
     967      36.5622
     968      36.5598
     969      37.4452
     970      36.6010
     971      35.5116
     972      37.0630
     973      36.7355
     974      36.8777
     975      36.7445
     976      37.6777
     977      36.8958
     978      36.3710
     979      37.9864
     980      36.7659
     981      37.4513
     982      37.2235
     983      37.4272
     984      36.9964
     985      36.3333
     986      36.6250
     987      36.1900
     988      36.4899
     989      37.9618
     990      39.0208
     991      37.5160
     992      37.3402
     993      37.2537
     994      39.3298
     995      36.7102
     996      37.0450
     997      37.0538
     998      36.7472
     999      37.9640
    1000      38.8891
    1001      38.0793
    1002      39.1474
    1003      36.7199
    1004      37.3103
    1005      37.7790
    1006      37.3842
    1007      37.4317
    1008      38.2117
    1009      37.0141
    1010      36.4047
    1011      36.4107
    1012      36.4313
    1013      37.6626
    1014      36.2158
    1015      36.2070
    1016      37.3143
    1017      36.6258
    1018      37.4023
    1019      37.8533
    1020      37.7328
    1021      38.5566
    1022      38.0229
    1023      39.1964
    1024      36.2711
    1025      34.9545
    1026      35.0753
    1027      38.5085
    1028      37.0841
    1029      36.6070
    1030      36.0114
    1031      37.5798
    1032      37.9903
    1033      37.5292
    1034      37.0206
    1035      35.8162
    1036      36.5433
    1037      38.0274
    1038      38.1978
    1039      36.5318
    1040      35.1455
    1041      36.2982
    1042      35.9968
    1043      36.7149
    1044      37.1733
    1045      37.2525
    1046      38.1628
    1047      38.4354
    1048      38.0207
    1049      38.0442
    1050      37.9763
    1051      37.7021
    1052      37.9090
    1053      39.0798
    1054      37.6860
    1055      36.5258
    1056      37.5419
    1057      37.1325
    1058      37.1718
    1059      37.6501
    1060      37.5727
    1061      38.7796
    1062      37.8497
    1063      38.1163
    1064      37.5875
    1065      37.7870
    1066      36.2628
    1067      36.9745
    1068      36.9778
    1069      37.6174
    1070      38.9532
    1071      38.8400
    1072      38.6227
    1073      38.9266
    1074      36.9704
    1075      37.4776
    1076      37.9982
    1077      39.0015
    1078      37.7090
    1079      38.0853
    1080      39.3410
    1081      38.6558
    1082      38.4054
    1083      38.6006
    1084      37.2235
    1085      36.1651
    1086      37.9722
    1087      37.7140
    1088      38.5510
    1089      40.1544
    1090      39.1958
    1091      37.7748
    1092      38.9651
    1093      37.9289
    1094      38.9378
    1095      37.6106
    1096      38.4850
    1097      38.5030
    1098      39.3880
    1099      38.5631
    1100      37.7632
    1101      36.1089
    1102      36.9425
    1103      37.2343
    1104      37.1129
    1105      36.2309
    1106      37.1759
    1107      37.4934
    1108      36.3479
    1109      37.0506
    1110      37.3651
    1111      37.5569
    1112      39.0387
    1113      38.7788
    1114      37.0091
    1115      37.9155
    1116      39.6662
    1117      39.1345
    1118      38.5400
    1119      36.3431
    1120      37.4385
    1121      38.3079
    1122      37.6102
    1123      39.2042
    1124      37.9792
    1125      37.8193
    1126      39.8655
    1127      37.0970
    1128      37.9581
    1129      36.6607
    1130      37.4483
    1131      38.1495
    1132      38.5883
    1133      37.8389
    1134      40.4592
    1135      38.9195
    1136      39.0587
    1137      39.2374
    1138      37.1545
    1139      37.2443
    1140      39.3485
    1141      39.4905
    1142      37.1142
    1143      37.9273
    1144      37.6493
    1145      37.9030
    1146      37.8954
    1147      38.4708
    1148      37.4340
    1149      39.0123
    1150      38.1581
    1151      39.0200
    1152      38.3092
    1153      37.7816
    1154      37.3586
    1155      38.2416
    1156      38.7320
    1157      38.7660
    1158      38.3359
    1159      38.0936
    1160      38.0340
    1161      38.8832
    1162      36.9134
    1163      38.0125
    1164      37.3288
    1165      36.9075
    1166      37.9687
    1167      37.3221
    1168      38.5542
    1169      38.6625
    1170      38.9792
    1171      38.9954
    1172      39.3888
    1173      38.2087
    1174      39.3703
    1175      37.0753
    1176      37.8028
    1177      36.5105
    1178      37.0929
    1179      37.6354
    1180      38.5864
    1181      37.5338
    1182      37.2135
    1183      36.3341
    1184      37.5465
    1185      37.6510
    1186      37.0421
    1187      36.7039
    1188      36.7686
    1189      38.8734
    1190      37.2877
    1191      37.0559
    1192      38.7415
    1193      38.8499
    1194      38.5379
    1195      36.0162
    1196      37.4453
    1197      37.5331
    1198      37.1659
    1199      37.9103
    1200      37.0195
    1201      37.9217
    1202      36.9372
    1203      38.0545
    1204      38.2498
    1205      36.7570
    1206      37.0736
    1207      38.2172
    1208      38.8061
    1209      37.9251
    1210      39.4377
    1211      37.6005
    1212      38.4355
    1213      39.7726
    1214      39.1422
    1215      38.1031
    1216      38.4585
    1217      38.1824
    1218      38.8492
    1219      37.4140
    1220      37.7275
    1221      36.3364
    1222      37.3467
    1223      38.6811
    1224      37.6456
    1225      36.7686
    1226      36.0646
    1227      36.8079
    1228      36.5762
    1229      36.5561
    1230      36.6504
    1231      37.8454
    1232      37.4067
    1233      37.0313
    1234      38.2329
    1235      36.5229
    1236      37.1496
    1237      38.4277
    1238      38.5885
    1239      38.2188
    1240      38.0011
    1241      37.4779
    1242      37.4776
    1243      38.2684
    1244      37.5953
    1245      37.9827
    1246      37.6053
    1247      37.7712
    1248      38.2765
    1249      36.7055
    1250      37.2079
    1251      37.6956
    1252      37.3025
    1253      38.4166
    1254      39.2059
    1255      38.4583
    1256      38.1148
    1257      37.5226
    1258      37.4557
    1259      40.1508
    1260      37.7070
    1261      36.7896
    1262      37.6772
    1263      37.0876
    1264      35.3031
    1265      36.3962
    1266      36.3171
    1267      39.3595
    1268      37.1860
    1269      38.7684
    1270      37.2386
    1271      38.5517
    1272      38.1902
    1273      37.3464
    1274      38.1623
    1275      37.8956
    1276      37.9704
    1277      38.8086
    1278      37.9901
    1279      37.0431
    1280      37.0106
    1281      38.0146
    1282      37.3964
    1283      38.3689
    1284      38.9715
    1285      38.2515
    1286      38.2455
    1287      39.2130
    1288      39.1388
    1289      38.8363
    1290      38.3962
    1291      37.7022
    1292      37.7020
    1293      37.0727
    1294      39.5678
    1295      38.4862
    1296      37.8045
    1297      37.7261
    1298      37.6414
    1299      38.2519
    1300      39.2059
    1301      36.6002
    1302      38.2521
    1303      37.7888
    1304      37.4575
    1305      37.7209
    1306      37.7174
    1307      38.3252
    1308      38.1571
    1309      39.4119
    1310      37.7765
    1311      39.0309
    1312      39.8694
    1313      39.2582
    1314      38.7294
    1315      36.8553
    1316      38.7829
    1317      38.4529
    1318      39.4967
    1319      38.3018
    1320      38.7933
    1321      38.6614
    1322      38.6599
    1323      38.1588
    1324      37.7241
    1325      39.2162
    1326      37.9654
    1327      38.7914
    1328      38.6077
    1329      37.4584
    1330      39.7355
    1331      38.1572
    1332      37.3158
    1333      37.5779
    1334      36.8677
    1335      38.0725
    1336      39.3046
    1337      37.7946
    1338      39.0236
    1339      39.6877
    1340      37.9400
    1341      38.6528
    1342      37.2101
    1343      37.2382
    1344      39.1383
    1345      37.5917
    1346      39.0435
    1347      39.0465
    1348      38.3643
    1349      38.5622
    1350      39.2842
    1351      38.0908
    1352      39.5338
    1353      38.0366
    1354      37.3030
    1355      38.3255
    1356      38.6148
    1357      38.3873
    1358      38.1043
    1359      39.2790
    1360      38.7717
    1361      38.6611
    1362      38.5471
    1363      37.0579
    1364      39.8124
    1365      38.8401
    1366      38.8065
    1367      38.1505
    1368      38.3179
    1369      37.9077
    1370      39.6336
    1371      39.5027
    1372      39.2917
    1373      36.4008
    1374      37.4541
    1375      38.5636
    1376      36.3552
    1377      37.7591
    1378      37.4036
    1379      35.8338
    1380      37.0952
    1381      37.1993
    1382      36.4894
    1383      36.8216
    1384      37.5040
    1385      36.1867
    1386      37.0800
    1387      38.2491
    1388      37.1261
    1389      37.7954
    1390      37.7975
    1391      37.7455
    1392      38.9546
    1393      38.0865
    1394      37.6036
    1395      38.6126
    1396      37.9253
    1397      39.0124
    1398      38.0784
    1399      38.1349
    1400      37.9920
    1401      37.9997
    1402      39.4943
    1403      39.8480
    1404      39.0865
    1405      37.6867
    1406      38.6019
    1407      38.0896
    1408      38.5019
    1409      38.8586
    1410      37.2811
    1411      38.3000
    1412      36.3057
    1413      37.1581
    1414      37.5467
    1415      37.1251
    1416      37.5515
    1417      37.2362
    1418      37.4818
    1419      37.5265
    1420      37.2288
    1421      35.7093
    1422      37.4595
    1423      36.6515
    1424      37.2128
    1425      37.6253
    1426      38.1767
    1427      36.9054
    1428      38.8913
    1429      38.7587
    1430      38.1979
    1431      38.3365
    1432      38.5044
    1433      39.1560
    1434      37.2097
    1435      38.6616
    1436      37.8815
    1437      39.4372
    1438      37.7795
    1439      37.6239
    1440      38.0070
    1441      36.9017
    1442      37.1355
    1443      36.7180
    1444      37.9266
    1445      36.7432
    1446      38.0090
    1447      36.9342
    1448      37.2648
    1449      37.8913
    1450      36.4786
    1451      36.1927
    1452      38.0185
    1453      36.2350
    1454      36.5341
    1455      37.3758
    1456      36.5747
    1457      37.0247
    1458      36.4055
    1459      37.6199
    1460      37.3516
    1461      36.9956
    1462      37.2626
    1463      38.3714
    1464      36.3765
    1465      36.1160
    1466      37.5422
    1467      37.6099
    1468      37.7198
    1469      38.5668
    1470      37.2016
    1471      38.4205
    1472      38.1347
    1473      38.4350
    1474      37.7348
    1475      37.8702
    1476      37.8544
    1477      38.4701
    1478      39.1950
    1479      37.4711
    1480      38.0381
    1481      38.2898
    1482      37.2700
    1483      38.6966
    1484      39.0277
    1485      38.0368
    1486      37.4182
    1487      38.7643
    1488      38.8611
    1489      37.6852
    1490      38.0091
    1491      37.2683
    1492      37.7139
    1493      38.0245
    1494      38.2153
    1495      38.1668
    1496      36.3154
    1497      38.0848
    1498      37.0267
    1499      38.1065
    1500      38.4179
    1501      37.6468
    1502      38.2665
    1503      38.4142
    1504      38.0800
    1505      37.2701
    1506      37.1816
    1507      37.2287
    1508      38.1136
    1509      38.0445
    1510      37.3297
    1511      37.8322
    1512      39.5230
    1513      39.6069
    1514      38.5699
    1515      37.7450
    1516      37.9642
    1517      36.4324
    1518      39.1486
    1519      39.2962
    1520      36.4614
    1521      37.4071
    1522      37.3332
    1523      37.6302
    1524      36.4607
    1525      34.2830
    1526      35.4701
    1527      36.8064
    1528      37.4628
    1529      39.3675
    1530      36.5782
    1531      36.4112
    1532      36.2754
    1533      37.8213
    1534      36.7076
    1535      36.6037
    1536      37.4555
    1537      35.4408
    1538      37.2124
    1539      35.9567
    1540      36.5811
    1541      37.0749
    1542      36.1986
    1543      37.1725
    1544      37.2748
    1545      39.4584
    1546      37.9489
    1547      38.8920
    1548      38.2126
    1549      37.0662
    1550      37.2526
    1551      38.3956
    1552      36.6836
    1553      37.4556
    1554      37.4127
    1555      37.9162
    1556      36.7863
    1557      37.0719
    1558      37.4512
    1559      38.9458
    1560      38.4573
    1561      37.4665
    1562      36.9592
    1563      36.8012
    1564      37.1251
    1565      37.2041
    1566      37.4086
    1567      36.1195
    1568      37.6073
    1569      37.9731
    1570      37.9174
    1571      37.6873
    1572      36.7145
    1573      38.8018
    1574      38.7133
    1575      39.8864
    1576      38.6869
    1577      37.3934
    1578      38.1841
    1579      39.7968
    1580      39.1777
    1581      40.1327
    1582      38.1129
    1583      39.9905
    1584      39.0006
    1585      37.4283
    1586      38.5494
    1587      37.1716
    1588      38.7137
    1589      38.3203
    1590      37.5803
    1591      38.2910
    1592      38.4584
    1593      37.7732
    1594      37.4575
    1595      38.8040
    1596      36.6361
    1597      37.8213
    1598      39.0408
    1599      38.9283
    1600      38.0809
    1601      38.0010
    1602      39.8209
    1603      38.9537
    1604      38.0725
    1605      38.6318
    1606      38.4576
    1607      38.6550
    1608      39.5999
    1609      40.1560
    1610      38.1621
    1611      37.1033
    1612      36.8924
    1613      39.5968
    1614      38.5519
    1615      39.0438
    1616      39.9743
    1617      39.8662
    1618      40.8286
    1619      39.6870
    1620      37.4353
    1621      36.8464
    1622      40.8123
    1623      39.7176
    1624      38.3030
    1625      38.8830
    1626      36.2647
    1627      39.1906
    1628      38.0009
    1629      37.1724
    1630      37.5202
    1631      37.7180
    1632      38.5672
    1633      38.6664
    1634      38.2752
    1635      37.5787
    1636      37.5239
    1637      36.0499
    1638      35.8604
    1639      38.8516
    1640      38.6130
    1641      37.3203
    1642      37.0525
    1643      38.3490
    1644      39.0087
    1645      38.5147
    1646      39.3623
    1647      38.8552
    1648      38.6923
    1649      38.1085
    1650      37.4048
    1651      37.8432
    1652      35.0108
    1653      37.9035
    1654      38.0602
    1655      36.6386
    1656      38.9880
    1657      39.5707
    1658      38.2422
    1659      38.9634
    1660      39.3631
    1661      37.9024
    1662      37.8713
    1663      36.6555
    1664      37.8362
    1665      38.1335
    1666      37.4904
    1667      37.2542
    1668      37.7693
    1669      37.6078
    1670      38.8814
    1671      38.3192
    1672      38.6739
    1673      38.3674
    1674      38.3919
    1675      37.9192
    1676      39.0900
    1677      37.4672
    1678      38.7951
    1679      39.1579
    1680      37.8144
    1681      38.6902
    1682      39.7251
    1683      37.3965
    1684      36.8375
    1685      37.3858
    1686      38.1384
    1687      38.5958
    1688      36.7551
    1689      37.1412
    1690      36.9277
    1691      38.8669
    1692      37.4282
    1693      38.4238
    1694      36.5257
    1695      38.3032
    1696      37.6989
    1697      38.5306
    1698      38.2233
    1699      40.5391
    1700      40.5086
    1701      38.7032
    1702      39.3616
    1703      40.0857
    1704      40.0873
    1705      38.8757
    1706      40.1276
    1707      40.1926
    1708      39.3546
    1709      39.3411
    1710      40.0046
    1711      39.0445
    1712      38.1524
    1713      37.1902
    1714      37.0335
    1715      37.3254
    1716      38.8692
    1717      39.6789
    1718      37.0550
    1719      37.3748
    1720      36.8326
    1721      37.7807
    1722      38.7523
    1723      38.5074
    1724      38.1682
    1725      38.0967
    1726      39.4173
    1727      38.6298
    1728      35.8050
    1729      38.1311
    1730      37.3047
    1731      38.1255
    1732      37.5052
    1733      37.3671
    1734      36.5320
    1735      36.9794
    1736      36.9147
    1737      37.6508
    1738      36.5777
    1739      36.8238
    1740      35.4151
    1741      35.6642
    1742      36.6918
    1743      35.8504
    1744      37.7547
    1745      37.4164
    1746      36.9922
    1747      36.9453
    1748      37.9161
    1749      38.1940
    1750      36.9278
    1751      39.3129
    1752      37.1701
    1753      38.1476
    1754      38.3727
    1755      36.4644
    1756      37.6207
    1757      39.7828
    1758      38.1227
    1759      37.7877
    1760      36.5470
    1761      37.5791
    1762      35.7721
    1763      37.8821
    1764      37.1393
    1765      37.7239
    1766      36.7101
    1767      36.6944
    1768      37.4919
    1769      37.8867
    1770      37.2122
    1771      37.4886
    1772      36.9495
    1773      38.6240
    1774      37.4609
    1775      38.7820
    1776      37.7031
    1777      38.4607
    1778      38.2832
    1779      37.2990
    1780      36.8254
    1781      36.6162
    1782      36.0445
    1783      36.7014
    1784      38.4034
    1785      37.9309
    1786      38.2547
    1787      38.4794
    1788      38.2860
    1789      36.9489
    1790      38.2410
    1791      37.3742
    1792      38.3480
    1793      39.5894
    1794      38.1149
    1795      39.2459
    1796      39.9679
    1797      37.1964
    1798      37.2405
    1799      38.3146
    1800      37.4542
    1801      37.8668
    1802      38.1048
    1803      39.6084
    1804      37.8811
    1805      37.9412
    1806      37.8937
    1807      37.6051
    1808      38.0350
    1809      37.9723
    1810      37.5589
    1811      37.8948
    1812      36.5266
    1813      36.4341
    1814      37.0378
    1815      37.1571
    1816      39.5611
    1817      37.4818
    1818      39.5480
    1819      37.7560
    1820      38.7058
    1821      39.5261
    1822      38.6311
    1823      39.2565
    1824      37.3499
    1825      37.9700
    1826      37.9947
    1827      36.5063
    1828      37.7946
    1829      38.2966
    1830      37.7965
    1831      37.0121
    1832      37.0706
    1833      37.4945
    1834      39.4674
    1835      39.2285
    1836      37.5845
    1837      37.9423
    1838      37.6964
    1839      38.2111
    1840      37.6647
    1841      37.9497
    1842      37.3119
    1843      36.5157
    1844      37.2598
    1845      37.1445
    1846      37.0213
    1847      36.9264
    1848      37.5738
    1849      37.5115
    1850      37.1753
    1851      37.2470
    1852      37.6001
    1853      38.1922
    1854      37.6607
    1855      38.0395
    1856      37.6744
    1857      35.8875
    1858      38.8410
    1859      37.4831
    1860      37.3619
    1861      38.3769
    1862      37.9062
    1863      37.1101
    1864      36.4959
    1865      36.1860
    1866      37.6714
    1867      38.2459
    1868      36.6935
    1869      36.5693
    1870      38.2989
    1871      38.4210
    1872      37.2861
    1873      36.6435
    1874      37.6817
    1875      37.3430
    1876      37.7360
    1877      37.2362
    1878      39.4301
    1879      38.8699
    1880      37.0367
    1881      37.9647
    1882      38.1559
    1883      38.4227
    1884      37.2776
    1885      35.3379
    1886      35.0920
    1887      35.8546
    1888      38.0635
    1889      35.2364
    1890      35.9755
    1891      36.0919
    1892      35.7864
    1893      37.8273
    1894      37.9929
    1895      39.1035
    1896      35.8578
    1897      37.0491
    1898      38.7693
    1899      38.9804
    1900      37.2225
    1901      38.7520
    1902      39.1490
    1903      38.5038
    1904      38.7461
    1905      39.3901
    1906      37.8424
    1907      37.2308
    1908      38.1465
    1909      37.3684
    1910      38.5706
    1911      37.7674
    1912      38.5087
    1913      39.6549
    1914      37.9977
    1915      37.2138
    1916      37.8559
    1917      37.6586
    1918      37.9074
    1919      36.9288
    1920      36.6647
    1921      37.0114
    1922      38.7565
    1923      37.9273
    1924      38.2823
    1925      37.9029
    1926      37.5504
    1927      36.7577
    1928      36.5572
    1929      37.5078
    1930      36.9908
    1931      36.6726
    1932      36.7456
    1933      37.7570
    1934      35.8907
    1935      37.2500
    1936      36.5981
    1937      37.1639
    1938      37.0901
    1939      38.1895
    1940      37.6175
    1941      35.2054
    1942      36.5025
    1943      35.6907
    1944      36.7319
    1945      36.9745
    1946      37.4354
    1947      38.1223
    1948      36.6148
    1949      36.5740
    1950      37.0695
    1951      37.6142
    1952      38.8614
    1953      38.1167
    1954      36.4722
    1955      36.4051
    1956      35.9770
    1957      36.3573
    1958      36.4387
    1959      37.7170
    1960      36.5800
    1961      35.5367
    1962      36.3599
    1963      37.7394
    1964      35.6506
    1965      35.0515
    1966      36.3327
    1967      35.7310
    1968      35.0804
    1969      36.4526
    1970      37.1680
    1971      35.5618
    1972      36.0499
    1973      37.8620
    1974      38.0613
    1975      37.3270
    1976      37.9892
    1977      38.5459
    1978      38.9327
    1979      38.4685
    1980      39.4981
    1981      38.2981
    1982      38.6553
    1983      39.2685
    1984      39.1378
    1985      38.2943
    1986      38.8802
    1987      38.8285
    1988      38.2195
    1989      38.4324
    1990      36.5069
    1991      37.0242
    1992      38.4728
    1993      37.3623
    1994      38.3287
    1995      38.3177
    1996      38.9296
    1997      37.1978
    1998      37.9748
    1999      38.1652
    2000      38.1261
