#Frame     end-to-end
       1      33.3027
       2      32.5349
       3      32.8748
       4      31.9298
       5      31.9549
       6      32.8613
       7      32.2317
       8      33.5859
       9      31.1505
      10      31.9967
      11      31.5439
      12      34.8402
      13      32.8225
      14      33.6739
      15      37.2236
      16      34.2995
      17      36.0804
      18      33.5283
      19      36.0787
      20      34.2044
      21      33.6179
      22      34.3395
      23      33.3824
      24      36.3438
      25      34.6029
      26      35.1657
      27      33.6162
      28      35.8882
      29      33.6593
      30      34.0967
      31      36.4450
      32      33.9409
      33      35.7737
      34      36.1260
      35      36.1713
      36      35.4226
      37      36.0324
      38      35.1065
      39      31.1965
      40      34.9363
      41      34.8319
      42      32.8063
      43      31.7560
      44      34.3440
      45      37.2369
      46      30.8230
      47      33.9922
      48      34.2081
      49      34.9948
      50      35.6587
      51      34.5570
      52      33.0454
      53      35.3571
      54      35.7786
      55      34.3017
      56      37.6702
      57      36.8870
      58      33.8250
      59      33.1690
      60      36.0220
      61      35.0741
      62      35.1841
      63      38.3783
      64      37.3319
      65      34.1668
      66      39.5919
      67      37.8849
      68      35.3778
      69      35.1615
      70      34.1850
      71      35.4593
      72      34.8006
      73      34.1993
      74      34.2766
      75      35.7766
      76      35.1665
      77      35.7888
      78      35.5737
      79      35.1453
      80      34.2729
      81      35.7183
      82      35.6499
      83      36.2145
      84      34.7336
      85      35.9829
      86      35.0238
      87      35.0656
      88      38.1943
      89      35.3190
      90      37.8951
      91      37.9474
      92      35.1126
      93      37.7298
      94      39.7474
      95      38.3722
      96      36.2916
      97      36.7539
      98      36.3710
      99      38.5229
     100      38.4599
     101      36.1888
     102      34.7923
     103      35.0697
     104      34.8395
     105      35.6543
     106      36.0751
     107      36.2505
     108      36.0545
     109      36.1744
     110      37.2697
     111      35.3217
     112      36.0723
     113      36.1478
     114      37.0186
     115      38.4115
     116      35.7287
     117      38.7554
     118      37.7528
     119      37.3628
     120      35.5904
     121      35.6838
     122      34.7714
     123      36.1253
     124      35.3985
     125      33.5378
     126      35.0296
     127      34.6064
     128      34.1037
     129      35.1377
     130      34.8413
     131      35.9587
     132      36.7001
     133      35.6303
     134      35.6608
     135      34.7918
     136      36.3452
     137      36.7465
     138      36.2379
     139      38.4676
     140      37.0248
     141      38.4289
     142      36.9523
     143      35.9295
     144      36.2033
     145      36.8097
     146      35.4774
     147      35.2248
     148      37.4524
     149      35.8851
     150      37.0716
     151      34.0602
     152      35.2682
     153      36.5545
     154      36.2914
     155      34.8729
     156      34.3827
     157      34.3994
     158      33.3702
     159      36.9953
     160      35.7140
     161      34.5900
     162      33.8488
     163      35.1553
     164      33.7726
     165      35.3048
     166      32.4364
     167      31.9672
     168      33.9781
     169      34.4357
     170      34.2566
     171      35.7837
     172      35.6205
     173      32.4531
     174      34.9664
     175      35.4410
     176      35.8272
     177      34.5978
     178      34.1852
     179      32.6180
     180      32.6176
     181      35.4096
     182      33.3625
     183      35.4208
     184      33.9319
     185      32.4804
     186      33.6667
     187      33.4508
     188      33.3756
     189      35.6356
     190      31.8021
     191      32.1388
     192      33.5172
     193      33.9963
     194      34.6578
     195      35.0671
     196      31.0046
     197      34.5535
     198      33.9710
     199      33.7419
     200      35.4485
     201      36.3005
     202      34.1816
     203      35.7282
     204      31.3931
     205      35.7368
     206      34.2573
     207      34.3834
     208      32.9470
     209      32.7315
     210      32.0969
     211      34.1955
     212      34.1469
     213      35.2593
     214      32.8105
     215      32.9632
     216      33.9397
     217      32.7469
     218      31.2723
     219      32.9836
     220      32.8361
     221      32.7581
     222      34.9242
     223      31.9280
     224      32.3010
     225      31.8161
     226      32.2541
     227      32.5715
     228      33.5392
     229      31.8450
     230      32.3092
     231      31.4698
     232      33.2556
     233      33.2926
     234      33.4679
     235      33.1667
     236      34.9368
     237      33.6543
     238      32.8447
     239      34.3030
     240      35.7022
     241      36.5029
     242      35.8371
     243      33.7151
     244      33.1404
     245      36.3451
     246      34.9132
     247      36.6592
     248      32.5087
     249      34.5086
     250      33.2606
     251      33.9478
     252      35.3807
     253      36.2460
     254      36.3023
     255      36.3057
     256      34.9436
     257      35.2713
     258      32.3772
     259      31.3267
     260      35.2447
     261      34.9033
     262      32.8924
     263      33.0549
     264      34.9390
     265      33.1976
     266      32.5110
     267      32.7358
     268      32.6255
     269      33.3276
     270      35.1420
     271      33.7217
     272      33.0220
     273      33.1570
     274      32.3162
     275      32.0590
     276      33.1041
     277      33.0449
     278      32.7878
     279      32.3758
     280      31.5307
     281      34.6242
     282      32.8411
     283      32.6204
     284      36.6762
     285      34.8385
     286      36.0635
     287      35.8142
     288      33.7162
     289      34.2226
     290      32.9422
     291      35.0293
     292      34.6514
     293      35.9878
     294      35.5564
     295      33.9822
     296      35.0998
     297      35.3032
     298      35.8862
     299      36.1600
     300      36.7620
     301      35.6353
     302      37.1265
     303      35.1058
     304      33.5123
     305      31.2611
     306      34.3514
     307      35.8936
     308      34.6867
     309      34.5706
     310      34.5952
     311      31.8663
     312      33.9965
     313      31.7533
     314      31.5915
     315      33.5408
     316      32.9741
     317      33.3317
     318      32.0327
     319      33.0864
     320      34.3805
     321      35.0547
     322      35.3500
     323      35.1689
     324      31.7925
     325      34.0073
     326      32.3716
     327      31.4561
     328      31.6897
     329      32.7496
     330      32.8406
     331      31.7241
     332      32.6784
     333      34.5719
     334      34.2708
     335      33.7252
     336      37.4459
     337      33.1736
     338      32.9066
     339      33.8425
     340      32.3644
     341      35.9520
     342      34.4170
     343      33.9837
     344      34.8752
     345      36.1301
     346      37.3310
     347      35.3164
     348      39.1696
     349      38.3479
     350      40.5965
     351      37.8147
     352      37.6568
     353      40.5411
     354      42.3535
     355      39.1998
     356      36.1038
     357      39.5394
     358      38.1147
     359      36.2133
     360      38.2546
     361      38.2497
     362      38.7427
     363      38.7223
     364      36.8407
     365      38.1057
     366      38.7681
     367      40.6121
     368      39.7672
     369      40.7008
     370      42.7589
     371      43.5713
     372      42.1226
     373      42.8468
     374      43.5108
     375      41.7079
     376      40.4278
     377      39.1615
     378      41.1640
     379      40.8643
     380      38.2131
     381      44.6655
     382      42.4199
     383      41.2089
     384      42.2165
     385      42.2808
     386      39.5821
     387      42.5885
     388      44.9171
     389      43.5859
     390      42.4368
     391      44.8704
     392      44.0005
     393      43.2117
     394      43.4325
     395      40.9154
     396      40.0730
     397      43.6392
     398      43.0215
     399      45.6709
     400      43.5877
     401      42.3145
     402      45.8232
     403      45.6728
     404      43.2345
     405      46.1799
     406      41.4249
     407      42.4620
     408      44.7853
     409      42.1080
     410      41.1761
     411      41.7689
     412      40.5775
     413      42.1486
     414      44.7310
     415      44.2447
     416      43.2001
     417      44.3271
     418      42.4964
     419      43.9451
     420      42.7811
     421      42.4259
     422      42.1194
     423      41.7646
     424      43.3149
     425      43.0829
     426      41.3355
     427      43.2126
     428      44.8127
     429      42.9893
     430      38.4588
     431      43.5581
     432      42.9664
     433      43.6469
     434      44.7575
     435      45.9782
     436      44.3837
     437      43.2199
     438      42.6767
     439      42.5378
     440      43.2800
     441      40.0547
     442      43.2924
     443      42.8632
     444      45.3773
     445      44.3896
     446      45.2082
     447      45.9577
     448      46.6894
     449      42.1336
     450      42.9209
     451      40.3098
     452      39.8713
     453      43.0816
     454      41.6328
     455      40.2282
     456      41.7342
     457      39.8583
     458      41.0669
     459      40.1253
     460      40.3516
     461      39.8465
     462      42.2425
     463      43.9981
     464      43.8229
     465      44.4893
     466      42.0636
     467      42.6132
     468      42.8055
     469      42.1086
     470      40.6221
     471      41.4119
     472      39.6615
     473      41.7711
     474      41.4047
     475      42.0207
     476      40.4237
     477      40.1620
     478      39.7347
     479      41.8187
     480      39.5119
     481      41.3602
     482      40.7179
     483      42.1900
     484      41.9473
     485      43.1505
     486      42.9565
     487      42.5185
     488      46.1591
     489      43.7489
     490      42.7250
     491      43.0159
     492      42.1731
     493      41.5574
     494      41.0924
     495      43.5440
     496      42.9933
     497      40.6413
     498      42.0492
     499      43.1422
     500      43.8317
     501      41.1256
     502      42.2330
     503      41.8998
     504      41.5013
     505      39.9601
     506      39.6537
     507      39.9462
     508      41.0596
     509      39.8171
     510      39.6094
     511      40.0479
     512      42.9716
     513      41.8966
     514      40.2687
     515      38.1787
     516      41.4524
     517      39.6054
     518      40.2875
     519      39.1276
     520      40.7588
     521      42.7471
     522      38.1349
     523      38.8234
     524      38.9066
     525      40.7644
     526      39.6761
     527      39.0325
     528      36.3964
     529      38.0119
     530      38.8597
     531      37.4062
     532      39.8045
     533      39.8257
     534      37.9405
     535      40.6628
     536      38.5862
     537      40.4513
     538      41.5305
     539      39.5631
     540      39.6841
     541      40.1984
     542      39.1774
     543      37.1569
     544      39.1343
     545      40.8126
     546      38.8790
     547      38.8946
     548      38.9416
     549      39.5924
     550      40.0554
     551      40.0291
     552      37.8495
     553      38.3595
     554      38.1523
     555      39.7684
     556      37.9330
     557      38.4360
     558      37.6833
     559      36.8917
     560      35.4478
     561      35.1975
     562      35.0237
     563      35.2386
     564      35.9917
     565      35.3008
     566      35.1167
     567      35.9144
     568      36.5914
     569      34.9948
     570      35.6106
     571      38.3313
     572      36.2203
     573      35.2797
     574      37.3864
     575      39.2713
     576      40.8793
     577      41.4491
     578      38.2731
     579      35.6054
     580      39.2373
     581      38.8883
     582      37.8819
     583      35.9379
     584      37.4527
     585      37.9163
     586      36.7780
     587      36.8139
     588      37.9215
     589      39.7746
     590      38.2167
     591      36.3840
     592      35.9709
     593      38.1683
     594      34.8491
     595      32.9280
     596      34.6776
     597      36.5059
     598      36.1611
     599      36.6360
     600      36.1631
     601      36.9872
     602      38.3789
     603      37.5089
     604      39.4727
     605      37.0583
     606      37.2820
     607      41.3075
     608      41.1418
     609      42.7960
     610      44.6778
     611      46.5312
     612      50.0722
     613      51.7194
     614      47.8030
     615      49.5902
     616      47.2410
     617      46.9898
     618      49.1352
     619      46.0818
     620      49.8141
     621      49.1641
     622      49.2823
     623      49.6658
     624      49.0457
     625      48.2814
     626      49.1748
     627      46.8162
     628      47.1546
     629      45.2317
     630      46.0293
     631      43.2824
     632      39.9728
     633      40.1608
     634      39.2634
     635      39.2670
     636      36.2390
     637      40.4970
     638      37.9387
     639      38.3951
     640      37.4158
     641      36.2887
     642      36.8616
     643      37.6906
     644      38.0984
     645      38.7870
     646      37.6375
     647      36.9581
     648      38.4751
     649      36.8431
     650      33.4885
     651      35.6204
     652      37.1905
     653      36.3057
     654      38.0701
     655      36.6392
     656      34.9768
     657      40.7523
     658      36.9809
     659      36.3728
     660      38.1382
     661      38.0314
     662      38.5859
     663      37.7269
     664      38.2472
     665      36.5516
     666      39.6700
     667      39.2640
     668      42.2180
     669      37.7244
     670      37.0769
     671      39.9511
     672      39.5748
     673      39.3786
     674      37.5098
     675      38.3801
     676      38.9248
     677      37.0912
     678      36.5945
     679      39.6397
     680      38.1579
     681      40.9996
     682      37.3843
     683      39.4112
     684      39.9384
     685      37.5498
     686      41.1802
     687      40.1251
     688      39.2227
     689      39.7761
     690      39.0629
     691      41.8127
     692      42.6410
     693      40.8476
     694      39.3913
     695      41.4947
     696      41.0777
     697      40.8805
     698      40.0684
     699      39.3433
     700      38.4435
     701      40.7846
     702      40.3167
     703      38.2446
     704      39.1735
     705      39.1417
     706      40.2452
     707      39.7414
     708      39.9292
     709      39.9075
     710      40.1516
     711      38.6944
     712      37.2050
     713      40.2875
     714      38.6349
     715      40.5269
     716      37.0467
     717      39.3916
     718      34.8927
     719      38.5780
     720      39.5872
     721      40.7040
     722      39.7432
     723      40.6179
     724      40.7095
     725      38.9887
     726      39.3450
     727      40.0574
     728      40.1566
     729      39.5644
     730      40.1674
     731      39.0460
     732      38.7342
     733      39.0885
     734      39.6630
     735      40.4554
     736      40.6757
     737      43.0981
     738      45.7273
     739      45.2514
     740      41.9157
     741      43.1336
     742      42.4136
     743      44.2254
     744      42.1735
     745      40.5707
     746      41.8292
     747      40.0717
     748      38.5060
     749      40.0355
     750      43.1172
     751      40.1176
     752      42.2880
     753      42.6141
     754      44.7224
     755      41.3998
     756      38.9250
     757      38.4285
     758      38.3424
     759      39.4445
     760      42.0248
     761      41.6369
     762      41.1902
     763      39.2233
     764      40.9884
     765      40.5919
     766      41.8379
     767      41.2894
     768      39.4286
     769      38.2529
     770      39.7864
     771      41.9027
     772      40.8196
     773      40.5884
     774      42.5235
     775      43.2336
     776      44.2492
     777      42.4843
     778      41.3311
     779      41.4020
     780      41.6266
     781      40.0451
     782      40.5830
     783      39.6034
     784      42.3752
     785      44.1234
     786      41.4708
     787      42.2042
     788      40.9291
     789      40.7080
     790      41.0961
     791      41.5163
     792      38.9866
     793      39.2482
     794      38.7783
     795      39.2695
     796      39.5388
     797      39.7812
     798      38.8905
     799      36.8234
     800      38.7701
     801      40.3106
     802      39.2115
     803      38.0121
     804      40.5342
     805      38.3566
     806      37.7339
     807      38.0618
     808      34.5714
     809      36.3019
     810      39.7608
     811      40.2996
     812      38.7138
     813      39.5748
     814      40.2432
     815      40.0863
     816      36.7106
     817      40.6006
     818      39.7522
     819      40.6891
     820      40.0600
     821      40.0089
     822      42.9600
     823      40.1273
     824      39.4813
     825      39.3219
     826      38.8607
     827      41.5557
     828      39.7441
     829      38.7039
     830      40.0164
     831      40.8848
     832      39.4031
     833      39.1848
     834      38.9539
     835      38.4884
     836      38.6512
     837      36.6178
     838      37.1048
     839      37.8828
     840      39.8721
     841      38.0281
     842      40.9301
     843      39.1608
     844      39.7873
     845      37.1031
     846      38.8675
     847      37.6127
     848      39.5772
     849      39.1603
     850      38.5106
     851      38.2197
     852      38.6544
     853      40.4806
     854      39.4046
     855      37.0659
     856      38.8824
     857      42.1184
     858      40.5916
     859      41.0734
     860      39.2692
     861      38.1314
     862      38.6190
     863      39.2667
     864      39.9478
     865      38.7295
     866      39.2043
     867      38.9218
     868      39.6267
     869      38.5161
     870      38.1347
     871      37.9672
     872      37.4758
     873      38.7220
     874      40.0511
     875      38.9786
     876      41.6237
     877      42.5575
     878      40.1343
     879      39.9170
     880      40.9557
     881      40.5741
     882      40.8849
     883      39.9100
     884      40.8939
     885      38.5051
     886      40.8840
     887      43.8119
     888      42.7273
     889      42.5833
     890      41.0689
     891      43.2261
     892      41.1755
     893      41.6159
     894      39.5574
     895      39.8260
     896      40.1346
     897      41.7117
     898      42.1184
     899      42.8421
     900      40.1274
     901      41.1959
     902      41.1924
     903      40.8579
     904      41.6117
     905      40.9675
     906      40.9688
     907      39.8642
     908      43.2679
     909      42.9757
     910      40.8533
     911      43.1145
     912      41.5574
     913      41.1062
     914      42.3219
     915      39.9859
     916      42.0675
     917      40.0716
     918      40.5818
     919      41.8304
     920      42.3201
     921      43.6274
     922      42.2221
     923      42.9345
     924      42.4198
     925      43.2919
     926      43.6735
     927      40.6389
     928      42.9900
     929      42.2743
     930      42.6017
     931      43.2624
     932      39.6489
     933      39.7257
     934      41.1130
     935      39.8996
     936      40.9961
     937      42.9640
     938      40.8708
     939      40.7865
     940      39.7087
     941      42.0625
     942      41.1144
     943      39.8225
     944      38.5760
     945      39.7590
     946      40.1513
     947      39.1830
     948      41.1808
     949      39.2467
     950      39.9082
     951      42.9374
     952      39.4430
     953      39.8637
     954      43.0359
     955      40.9557
     956      41.2867
     957      41.8355
     958      43.3720
     959      41.2505
     960      41.1542
     961      40.7862
     962      39.7996
     963      41.7714
     964      40.9372
     965      41.3749
     966      40.6115
     967      39.9699
     968      38.3057
     969      37.7483
     970      38.9554
     971      41.2728
     972      39.8616
     973      40.9402
     974      40.4191
     975      42.5704
     976      41.3078
     977      41.2686
     978      40.3169
     979      43.4380
     980      44.3208
     981      42.1230
     982      40.9994
     983      41.1268
     984      40.8429
     985      40.1054
     986      39.3020
     987      38.8570
     988      40.7418
     989      40.6274
     990      39.0191
     991      38.4810
     992      41.2031
     993      40.9337
     994      40.8575
     995      40.6857
     996      41.1705
     997      39.8136
     998      39.4177
     999      41.4048
    1000      37.9748
    1001      40.6498
    1002      38.4306
    1003      40.4056
    1004      38.6494
    1005      40.3946
    1006      40.8648
    1007      40.7636
    1008      40.1256
    1009      38.0953
    1010      36.0903
    1011      36.2131
    1012      33.6123
    1013      33.2566
    1014      39.2010
    1015      37.1741
    1016      37.5514
    1017      39.0863
    1018      39.4821
    1019      40.3963
    1020      39.5965
    1021      39.7847
    1022      40.7183
    1023      39.5388
    1024      39.7379
    1025      39.9357
    1026      42.0906
    1027      42.5568
    1028      40.5841
    1029      42.4005
    1030      38.1754
    1031      39.8673
    1032      40.2606
    1033      41.7054
    1034      42.0353
    1035      40.1743
    1036      43.0441
    1037      42.3302
    1038      41.5373
    1039      40.8503
    1040      40.6712
    1041      38.5002
    1042      40.5684
    1043      39.1938
    1044      41.1339
    1045      41.9744
    1046      40.4339
    1047      42.2589
    1048      41.6521
    1049      40.4081
    1050      40.8598
    1051      40.8804
    1052      39.7196
    1053      39.4989
    1054      39.6192
    1055      38.5094
    1056      41.5896
    1057      42.8258
    1058      41.5363
    1059      41.0246
    1060      40.5137
    1061      40.7598
    1062      40.7332
    1063      40.8107
    1064      43.0100
    1065      40.6288
    1066      41.3311
    1067      43.0008
    1068      43.2658
    1069      42.6551
    1070      42.2884
    1071      41.1771
    1072      41.9135
    1073      40.6285
    1074      42.8541
    1075      41.6145
    1076      41.2689
    1077      42.9017
    1078      40.9647
    1079      42.5855
    1080      41.6195
    1081      41.2195
    1082      42.9159
    1083      39.9970
    1084      41.3247
    1085      41.4078
    1086      41.4725
    1087      43.6053
    1088      41.4000
    1089      42.4856
    1090      41.2674
    1091      39.2155
    1092      41.6656
    1093      41.1635
    1094      41.8124
    1095      43.7801
    1096      44.4463
    1097      41.9002
    1098      41.6394
    1099      42.0222
    1100      43.0402
    1101      40.7554
    1102      39.8173
    1103      41.7946
    1104      41.7566
    1105      39.2341
    1106      40.0951
    1107      37.2499
    1108      39.4821
    1109      41.8252
    1110      43.6926
    1111      40.9368
    1112      42.2358
    1113      41.4137
    1114      42.8335
    1115      43.1670
    1116      42.4436
    1117      43.1926
    1118      41.4677
    1119      41.7327
    1120      41.5598
    1121      43.0060
    1122      41.8185
    1123      41.9052
    1124      40.6505
    1125      42.2561
    1126      39.8283
    1127      41.0905
    1128      41.7376
    1129      41.5288
    1130      41.2663
    1131      40.9410
    1132      40.8900
    1133      42.8902
    1134      42.8286
    1135      42.8948
    1136      41.3465
    1137      43.9265
    1138      42.5243
    1139      43.1813
    1140      44.1315
    1141      42.8353
    1142      43.0857
    1143      42.9745
    1144      42.8177
    1145      40.8325
    1146      43.4066
    1147      42.3087
    1148      42.6832
    1149      43.1824
    1150      42.0776
    1151      38.8660
    1152      40.1307
    1153      42.3033
    1154      43.9697
    1155      43.0518
    1156      42.5978
    1157      44.1068
    1158      41.7304
    1159      42.1963
    1160      42.9934
    1161      43.9398
    1162      40.7525
    1163      42.3204
    1164      42.5297
    1165      42.0996
    1166      41.4092
    1167      41.2747
    1168      41.3666
    1169      41.0442
    1170      42.4216
    1171      44.2851
    1172      42.3504
    1173      42.6340
    1174      40.8524
    1175      41.8965
    1176      42.3428
    1177      40.4475
    1178      42.4372
    1179      40.8962
    1180      41.7452
    1181      43.4782
    1182      42.4996
    1183      41.3040
    1184      41.5260
    1185      41.5256
    1186      41.4638
    1187      41.5128
    1188      41.7080
    1189      40.3803
    1190      41.5083
    1191      40.8975
    1192      42.8589
    1193      43.3099
    1194      43.8657
    1195      43.0562
    1196      42.2864
    1197      41.6152
    1198      44.1203
    1199      42.1062
    1200      42.6140
    1201      42.7692
    1202      44.0757
    1203      46.4866
    1204      46.5517
    1205      46.9784
    1206      46.8063
    1207      46.2026
    1208      44.8572
    1209      46.1253
    1210      47.2409
    1211      48.5352
    1212      47.6424
    1213      47.0844
    1214      45.4002
    1215      47.4199
    1216      47.5942
    1217      46.7101
    1218      47.4331
    1219      48.9769
    1220      50.6071
    1221      49.9807
    1222      48.2545
    1223      49.5051
    1224      47.2899
    1225      46.5735
    1226      47.1981
    1227      44.2312
    1228      46.2776
    1229      47.1923
    1230      48.0126
    1231      47.0766
    1232      46.9146
    1233      48.1220
    1234      47.1056
    1235      47.1292
    1236      47.3940
    1237      47.9898
    1238      45.8381
    1239      46.9038
    1240      46.0115
    1241      50.3519
    1242      48.7571
    1243      46.7260
    1244      47.5978
    1245      45.2966
    1246      43.7501
    1247      43.4401
    1248      45.2829
    1249      48.2200
    1250      46.1505
    1251      44.9034
    1252      45.1318
    1253      45.0991
    1254      49.6323
    1255      48.4433
    1256      47.4246
    1257      48.9657
    1258      52.1351
    1259      54.0398
    1260      49.5848
    1261      51.6913
    1262      53.9469
    1263      51.5929
    1264      54.1380
    1265      54.3415
    1266      53.7423
    1267      50.8211
    1268      53.5580
    1269      48.4963
    1270      49.2766
    1271      53.6617
    1272      52.5513
    1273      52.7264
    1274      52.9790
    1275      52.1137
    1276      50.9608
    1277      47.6666
    1278      52.5054
    1279      52.6189
    1280      53.1463
    1281      56.2702
    1282      57.3467
    1283      55.3475
    1284      50.5891
    1285      49.3984
    1286      49.7810
    1287      49.3770
    1288      53.7085
    1289      55.4588
    1290      56.5158
    1291      54.5216
    1292      56.0517
    1293      55.5278
    1294      54.8387
    1295      53.6746
    1296      52.6714
    1297      50.8709
    1298      50.1750
    1299      50.4243
    1300      53.8943
    1301      55.8499
    1302      47.9134
    1303      47.4939
    1304      44.4072
    1305      51.5352
    1306      51.1725
    1307      46.0370
    1308      50.1506
    1309      48.1590
    1310      50.2038
    1311      47.9627
    1312      48.7561
    1313      49.8044
    1314      50.3163
    1315      49.4434
    1316      51.3930
    1317      47.7214
    1318      45.9104
    1319      46.1139
    1320      44.0576
    1321      49.4217
    1322      46.9864
    1323      44.4406
    1324      43.9828
    1325      45.6417
    1326      49.5545
    1327      51.0039
    1328      48.5093
    1329      42.2230
    1330      42.5301
    1331      45.6389
    1332      51.9249
    1333      50.5733
    1334      50.8948
    1335      54.8287
    1336      52.0098
    1337      53.4223
    1338      53.8350
    1339      55.1113
    1340      56.8088
    1341      59.5071
    1342      53.8644
    1343      48.5078
    1344      52.3581
    1345      53.9295
    1346      53.9051
    1347      52.0004
    1348      49.0705
    1349      52.0506
    1350      52.1735
    1351      55.8622
    1352      56.4475
    1353      58.0950
    1354      52.7506
    1355      51.1900
    1356      52.6622
    1357      50.7345
    1358      54.0227
    1359      53.7807
    1360      51.1620
    1361      54.3204
    1362      52.4988
    1363      53.8569
    1364      48.6392
    1365      48.6351
    1366      48.6801
    1367      48.0220
    1368      44.2518
    1369      47.8345
    1370      47.4016
    1371      47.2334
    1372      45.1910
    1373      44.1565
    1374      41.5823
    1375      45.1428
    1376      50.7100
    1377      51.0979
    1378      46.7462
    1379      46.5268
    1380      47.3410
    1381      52.0759
    1382      54.2085
    1383      49.8494
    1384      46.5221
    1385      46.9168
    1386      50.1768
    1387      45.8747
    1388      44.9524
    1389      40.8653
    1390      41.0637
    1391      45.6717
    1392      42.5694
    1393      38.9172
    1394      38.7428
    1395      37.5022
    1396      36.1445
    1397      37.5241
    1398      38.4284
    1399      39.7266
    1400      37.1375
    1401      36.9949
    1402      37.4832
    1403      37.2607
    1404      37.3974
    1405      39.4154
    1406      40.3709
    1407      42.8139
    1408      39.1873
    1409      42.8812
    1410      40.2202
    1411      39.2182
    1412      42.3141
    1413      43.4344
    1414      42.5755
    1415      39.5452
    1416      45.5024
    1417      42.2218
    1418      42.3813
    1419      43.3603
    1420      41.8295
    1421      38.7475
    1422      39.4744
    1423      37.4448
    1424      36.9978
    1425      37.5790
    1426      36.7000
    1427      36.5525
    1428      38.2998
    1429      41.2587
    1430      38.3523
    1431      39.2629
    1432      38.1472
    1433      36.4543
    1434      39.9909
    1435      41.8897
    1436      40.7421
    1437      38.3074
    1438      33.9090
    1439      35.9974
    1440      38.5240
    1441      36.7320
    1442      38.7454
    1443      37.4407
    1444      38.3044
    1445      38.4316
    1446      41.9955
    1447      40.9002
    1448      38.5137
    1449      39.9545
    1450      39.9491
    1451      39.3651
    1452      39.2313
    1453      36.7285
    1454      39.6127
    1455      40.3782
    1456      37.2241
    1457      38.0616
    1458      38.2317
    1459      40.3758
    1460      40.7531
    1461      39.5002
    1462      37.0072
    1463      36.1894
    1464      39.0191
    1465      38.8049
    1466      38.4217
    1467      36.3178
    1468      38.2350
    1469      38.2757
    1470      38.0824
    1471      37.9987
    1472      36.9213
    1473      41.2234
    1474      39.8552
    1475      39.8940
    1476      40.9878
    1477      37.6094
    1478      38.8039
    1479      39.3390
    1480      42.3205
    1481      43.9608
    1482      45.0087
    1483      47.6335
    1484      49.2968
    1485      52.1474
    1486      50.2004
    1487      46.2567
    1488      42.7170
    1489      40.7677
    1490      44.5146
    1491      46.2716
    1492      48.9351
    1493      51.4456
    1494      47.9657
    1495      50.1391
    1496      51.4286
    1497      51.2429
    1498      47.9005
    1499      47.8176
    1500      40.3477
    1501      45.9918
    1502      44.5065
    1503      45.0889
    1504      44.9792
    1505      42.4242
    1506      41.8707
    1507      40.1088
    1508      40.0597
    1509      41.2947
    1510      41.1083
    1511      39.4371
    1512      40.7680
    1513      38.8272
    1514      38.2773
    1515      39.1017
    1516      38.6943
    1517      39.2109
    1518      40.9090
    1519      40.1822
    1520      38.4606
    1521      40.6429
    1522      41.1515
    1523      41.5388
    1524      42.1766
    1525      43.9889
    1526      44.9353
    1527      43.7641
    1528      41.2368
    1529      40.4430
    1530      39.1156
    1531      39.9251
    1532      42.5843
    1533      39.4627
    1534      41.0738
    1535      40.5787
    1536      42.0487
    1537      42.3604
    1538      44.4789
    1539      40.7400
    1540      40.4035
    1541      38.5956
    1542      37.7597
    1543      38.5083
    1544      39.5314
    1545      38.6037
    1546      41.0618
    1547      42.8016
    1548      43.5237
    1549      40.9503
    1550      44.8356
    1551      43.2030
    1552      45.7018
    1553      47.2089
    1554      45.9401
    1555      45.5988
    1556      45.5470
    1557      45.9617
    1558      42.5164
    1559      46.5300
    1560      45.3405
    1561      41.6517
    1562      42.9735
    1563      46.9541
    1564      45.7769
    1565      43.5389
    1566      43.7031
    1567      42.9366
    1568      42.8563
    1569      44.7807
    1570      42.6077
    1571      44.6356
    1572      42.3822
    1573      41.6935
    1574      43.9282
    1575      43.9987
    1576      41.8311
    1577      42.3465
    1578      37.6025
    1579      35.8381
    1580      39.5103
    1581      42.9455
    1582      46.4959
    1583      42.2167
    1584      41.7841
    1585      40.9054
    1586      37.8988
    1587      39.7335
    1588      37.6136
    1589      37.5843
    1590      38.1309
    1591      36.9137
    1592      35.8274
    1593      37.2180
    1594      39.4612
    1595      40.0994
    1596      39.4993
    1597      39.1106
    1598      39.4354
    1599      41.2416
    1600      43.5817
    1601      43.7000
    1602      47.7459
    1603      49.0498
    1604      49.9619
    1605      44.0643
    1606      45.4061
    1607      45.5024
    1608      43.0406
    1609      46.9449
    1610      49.8607
    1611      51.3884
    1612      51.3509
    1613      55.5841
    1614      58.7831
    1615      59.0047
    1616      57.4212
    1617      59.8620
    1618      56.0324
    1619      53.8331
    1620      55.4880
    1621      53.0289
    1622      56.5285
    1623      51.7587
    1624      51.5435
    1625      53.5607
    1626      51.8040
    1627      55.3048
    1628      62.4305
    1629      61.5214
    1630      64.2761
    1631      64.0112
    1632      61.5569
    1633      59.2275
    1634      56.5456
    1635      51.5938
    1636      53.1239
    1637      53.3706
    1638      50.3682
    1639      50.9159
    1640      57.2966
    1641      55.5330
    1642      56.6544
    1643      50.2858
    1644      47.1274
    1645      45.2938
    1646      53.4189
    1647      49.5019
    1648      48.4997
    1649      47.6506
    1650      48.6900
    1651      50.3069
    1652      52.8211
    1653      49.8226
    1654      50.1644
    1655      51.2283
    1656      52.7859
    1657      52.8278
    1658      53.1372
    1659      55.6268
    1660      59.9145
    1661      59.8185
    1662      60.1331
    1663      60.0985
    1664      60.9967
    1665      60.9757
    1666      59.0729
    1667      59.6901
    1668      58.6932
    1669      55.9615
    1670      60.6420
    1671      63.1686
    1672      61.2063
    1673      58.4246
    1674      54.0586
    1675      52.7263
    1676      55.0055
    1677      58.6040
    1678      62.6044
    1679      64.9544
    1680      58.3803
    1681      62.1394
    1682      63.4232
    1683      65.9902
    1684      66.8459
    1685      69.8733
    1686      69.6913
    1687      66.9789
    1688      70.9763
    1689      79.3426
    1690      76.8247
    1691      80.5142
    1692      84.2699
    1693      84.6088
    1694      82.0675
    1695      82.4001
    1696      87.6628
    1697      83.0151
    1698      86.7742
    1699      88.5649
    1700      88.2050
    1701      87.4561
    1702      90.4011
    1703      89.5721
    1704      89.9436
    1705      90.3833
    1706      91.6725
    1707      90.6254
    1708      90.4582
    1709      90.8515
    1710      91.6441
    1711      91.2349
    1712      95.4981
    1713      88.6979
    1714      93.2511
    1715      95.2722
    1716      95.3424
    1717      97.9104
    1718      99.0683
    1719      93.0221
    1720      98.0322
    1721      95.0659
    1722     100.5115
    1723     100.5018
    1724     103.6302
    1725     110.2966
    1726     109.2231
    1727     109.4640
    1728     110.1494
    1729     107.7158
    1730     102.6170
    1731     102.8443
    1732     104.9858
    1733     103.5880
    1734     109.5466
    1735     108.0282
    1736     105.2825
    1737     102.6038
    1738     103.8687
    1739     104.0491
    1740     100.6447
    1741     105.5973
    1742     106.9349
    1743     108.4419
    1744     110.9779
    1745     108.5731
    1746     110.3121
    1747     104.6624
    1748     106.5295
    1749     109.9671
    1750     108.9623
    1751     107.6803
    1752     110.8058
    1753     113.8009
    1754     115.5421
    1755     112.5925
    1756     110.9267
    1757     110.6330
    1758     114.5552
    1759     112.5007
    1760     114.9392
    1761     111.4395
    1762     110.0507
    1763     108.1389
    1764     107.6442
    1765     105.7441
    1766     104.1688
    1767     104.5629
    1768     100.1546
    1769     106.4503
    1770     102.6699
    1771     103.1329
    1772      97.8279
    1773      99.0710
    1774      96.8565
    1775     103.5213
    1776     105.6105
    1777     106.1898
    1778     103.6239
    1779     102.2893
    1780     105.6859
    1781     109.1062
    1782     110.9982
    1783     102.0372
    1784     100.2062
    1785      99.7644
    1786     102.7031
    1787     102.1229
    1788     101.4017
    1789      98.3784
    1790      99.4769
    1791     102.0227
    1792      96.1871
    1793     101.3521
    1794     103.9426
    1795     101.6124
    1796     101.9973
    1797     100.1416
    1798      96.7001
    1799      95.9326
    1800      97.4331
    1801     104.6863
    1802     105.4670
    1803     105.4283
    1804     102.7177
    1805     103.2348
    1806      99.3484
    1807      96.7011
    1808      95.9864
    1809      92.4881
    1810      90.5445
    1811      90.3014
    1812      89.6095
    1813      91.2380
    1814      84.9532
    1815      88.6148
    1816      82.8322
    1817      81.0217
    1818      74.9576
    1819      71.2910
    1820      70.4388
    1821      76.8139
    1822      80.5557
    1823      83.7999
    1824      81.7544
    1825      79.0849
    1826      81.5104
    1827      84.6330
    1828      83.5842
    1829      82.7510
    1830      78.6446
    1831      82.7277
    1832      77.3792
    1833      84.3798
    1834      86.6497
    1835      90.9203
    1836      88.5363
    1837      91.3104
    1838      92.1593
    1839      93.2581
    1840      91.8468
    1841      91.1299
    1842      89.3203
    1843      87.9536
    1844      84.9923
    1845      83.9607
    1846      79.8352
    1847      79.8272
    1848      86.7284
    1849      85.0646
    1850      85.5638
    1851      84.1330
    1852      85.1192
    1853      86.0413
    1854      83.4344
    1855      85.8486
    1856      88.0913
    1857      87.4883
    1858      82.4396
    1859      85.1157
    1860      86.2342
    1861      83.6319
    1862      89.5018
    1863      92.1921
    1864      89.9082
    1865      87.7518
    1866      90.1522
    1867      84.1938
    1868      89.7071
    1869      91.4885
    1870      86.5655
    1871      92.5337
    1872      95.0198
    1873      94.6872
    1874      95.3450
    1875      96.4888
    1876      91.2332
    1877      89.1830
    1878      91.7553
    1879      92.6342
    1880      88.7820
    1881      85.7837
    1882      80.3221
    1883      82.2807
    1884      83.8920
    1885      80.0354
    1886      81.2586
    1887      83.3218
    1888      81.8341
    1889      84.6505
    1890      85.3310
    1891      81.8148
    1892      78.0825
    1893      79.4423
    1894      82.0524
    1895      80.7489
    1896      80.7781
    1897      87.9314
    1898      85.0109
    1899      89.5510
    1900      88.4066
    1901      90.2646
    1902      88.8502
    1903      88.1786
    1904      90.9058
    1905      87.9526
    1906      89.8276
    1907      89.0788
    1908      87.7344
    1909      89.9121
    1910      88.4344
    1911      85.8622
    1912      84.7070
    1913      83.2252
    1914      79.1965
    1915      78.3512
    1916      76.9208
    1917      78.4198
    1918      78.6686
    1919      80.7321
    1920      77.7818
    1921      77.3119
    1922      83.1053
    1923      89.5067
    1924      91.6034
    1925      86.2504
    1926      81.6093
    1927      83.1257
    1928      80.4689
    1929      78.8787
    1930      73.7938
    1931      72.5094
    1932      72.9260
    1933      77.2969
    1934      79.8143
    1935      77.9505
    1936      76.3087
    1937      74.2071
    1938      77.1415
    1939      80.8708
    1940      76.0687
    1941      81.4448
    1942      77.1921
    1943      77.0040
    1944      77.1147
    1945      72.4199
    1946      73.4509
    1947      75.5336
    1948      76.8810
    1949      69.1382
    1950      66.1540
    1951      69.5519
    1952      67.5517
    1953      69.2950
    1954      72.2800
    1955      76.3903
    1956      77.7490
    1957      82.8040
    1958      77.8553
    1959      81.6116
    1960      86.7725
    1961      83.8350
    1962      80.9091
    1963      74.3510
    1964      77.2577
    1965      75.4197
    1966      77.3574
    1967      76.2394
    1968      72.6021
    1969      68.4571
    1970      65.0787
    1971      70.5492
    1972      70.5937
    1973      66.7799
    1974      68.7844
    1975      68.7073
    1976      73.8253
    1977      70.7938
    1978      68.2335
    1979      66.4806
    1980      64.9523
    1981      63.0793
    1982      66.6211
    1983      66.2590
    1984      66.7241
    1985      64.6490
    1986      66.1534
    1987      62.9409
    1988      64.1653
    1989      63.5108
    1990      64.3424
    1991      63.3508
    1992      62.4002
    1993      65.6430
    1994      67.3192
    1995      67.2905
    1996      68.3355
    1997      66.2818
    1998      69.3044
    1999      72.7525
    2000      70.9273
