#Frame     end-to-end
       1      72.0061
       2      75.6301
       3      73.8873
       4      69.7366
       5      68.9674
       6      76.3856
       7      74.5039
       8      77.5658
       9      79.7652
      10      81.1987
      11      77.9771
      12      78.7543
      13      78.2354
      14      78.5742
      15      80.2619
      16      79.3335
      17      80.9823
      18      80.1958
      19      81.5636
      20      78.2968
      21      78.4312
      22      75.8517
      23      73.1918
      24      73.3716
      25      73.8235
      26      72.7807
      27      69.7912
      28      68.4803
      29      65.4875
      30      66.5775
      31      67.1672
      32      68.2156
      33      71.8193
      34      70.6088
      35      67.8406
      36      67.5216
      37      69.7559
      38      70.0821
      39      62.7596
      40      65.9198
      41      62.6900
      42      60.5562
      43      59.3314
      44      60.1520
      45      59.6683
      46      59.9116
      47      63.5275
      48      63.2498
      49      63.5684
      50      65.4448
      51      66.0368
      52      60.8270
      53      59.8360
      54      60.0744
      55      57.0663
      56      57.5304
      57      57.8792
      58      63.5282
      59      59.6917
      60      65.7022
      61      65.9678
      62      64.3069
      63      62.2562
      64      63.5721
      65      59.9385
      66      59.3422
      67      59.2729
      68      63.2158
      69      61.8276
      70      64.5641
      71      61.5710
      72      61.6296
      73      59.3713
      74      58.3930
      75      64.3519
      76      64.2428
      77      62.2000
      78      55.4180
      79      58.0033
      80      58.2722
      81      56.4274
      82      64.0621
      83      61.1536
      84      65.1012
      85      62.6730
      86      64.6004
      87      60.5768
      88      63.3773
      89      61.1090
      90      61.7428
      91      60.0146
      92      61.1556
      93      64.7017
      94      66.1100
      95      64.9050
      96      70.1893
      97      70.3064
      98      69.4218
      99      73.3475
     100      73.6014
     101      70.9239
     102      73.3500
     103      75.0918
     104      75.9137
     105      73.7630
     106      75.1760
     107      75.8953
     108      75.8771
     109      71.7372
     110      75.3439
     111      75.6619
     112      69.0418
     113      66.9428
     114      70.2482
     115      72.0278
     116      68.8817
     117      69.3937
     118      71.1933
     119      67.5686
     120      68.6911
     121      66.9811
     122      63.4909
     123      64.3813
     124      62.0655
     125      67.2478
     126      71.7254
     127      73.8093
     128      75.5170
     129      74.2417
     130      70.4489
     131      70.3743
     132      67.2332
     133      63.4969
     134      66.5845
     135      65.3241
     136      62.6673
     137      63.6352
     138      61.5279
     139      65.3428
     140      69.0851
     141      68.9899
     142      68.4761
     143      66.4091
     144      65.4991
     145      57.9221
     146      60.1503
     147      59.1811
     148      64.9311
     149      65.3450
     150      70.0703
     151      68.1784
     152      63.2247
     153      63.5840
     154      64.0575
     155      70.3564
     156      70.9428
     157      75.0317
     158      74.8239
     159      68.4727
     160      73.7487
     161      71.1530
     162      67.0546
     163      69.2680
     164      65.3784
     165      68.0131
     166      63.1759
     167      62.6301
     168      66.3129
     169      66.6053
     170      65.3661
     171      68.8201
     172      69.5715
     173      66.1915
     174      66.9869
     175      66.5064
     176      65.6539
     177      67.6333
     178      61.2933
     179      65.6757
     180      63.7109
     181      58.0826
     182      58.3419
     183      63.4242
     184      62.3425
     185      65.8733
     186      65.6767
     187      66.3910
     188      66.5901
     189      64.7163
     190      67.2575
     191      66.0409
     192      69.6151
     193      65.4607
     194      64.0874
     195      68.1720
     196      66.2486
     197      70.9482
     198      73.2897
     199      75.0999
     200      71.5034
     201      68.5432
     202      71.0528
     203      64.8886
     204      72.9142
     205      75.8717
     206      72.1185
     207      64.2601
     208      62.7129
     209      67.3785
     210      64.8685
     211      67.2925
     212      67.3054
     213      68.9680
     214      66.6665
     215      67.2066
     216      70.3238
     217      72.3846
     218      67.6752
     219      74.2500
     220      70.1975
     221      68.1653
     222      71.9624
     223      70.4134
     224      71.5725
     225      76.5713
     226      77.8367
     227      82.5321
     228      81.9422
     229      79.1658
     230      76.3975
     231      76.7282
     232      73.7841
     233      73.7100
     234      74.2586
     235      74.4836
     236      78.1295
     237      83.9643
     238      88.7196
     239      88.0402
     240      86.4352
     241      81.5870
     242      85.6195
     243      86.8598
     244      88.2957
     245      89.8969
     246      96.1023
     247      95.2698
     248      93.9940
     249      91.8174
     250      90.9819
     251      92.1242
     252      87.0916
     253      93.2829
     254      92.7430
     255      88.9199
     256      90.6990
     257      90.7837
     258      87.1963
     259      88.5834
     260      89.8343
     261      88.3242
     262      86.7193
     263      87.1467
     264      85.7315
     265      89.0022
     266      84.3119
     267      86.1912
     268      84.0951
     269      88.2573
     270      82.2209
     271      79.6008
     272      79.3471
     273      79.4548
     274      82.7844
     275      88.5289
     276      87.6591
     277      87.1590
     278      90.5116
     279      83.7114
     280      88.1241
     281      85.4885
     282      86.5456
     283      89.1949
     284      83.0583
     285      88.7232
     286      86.0100
     287      87.3242
     288      85.5618
     289      85.1851
     290      89.3128
     291      90.4925
     292      90.7706
     293      89.3509
     294      90.6748
     295      91.6961
     296      96.4830
     297      94.7646
     298      99.9142
     299     100.4067
     300     103.1679
     301     100.6748
     302      99.1385
     303      99.4150
     304      97.3831
     305      99.6905
     306     104.6200
     307     105.4421
     308     100.3652
     309     105.4259
     310     107.2908
     311     105.4454
     312     105.6599
     313     105.1372
     314     104.8776
     315     108.4612
     316     109.3977
     317     105.5349
     318      98.5763
     319     100.2711
     320     103.1021
     321     105.1662
     322     101.3577
     323     100.5772
     324      99.5228
     325      96.8560
     326      90.0729
     327      86.7506
     328      81.8273
     329      87.1060
     330      82.0121
     331      81.7687
     332      82.5223
     333      83.8875
     334      84.9683
     335      86.1874
     336      87.8010
     337      92.3645
     338      91.9123
     339      92.0401
     340      89.9562
     341      91.1745
     342      87.6070
     343      85.4066
     344      92.0336
     345      91.3154
     346      93.9496
     347      88.7263
     348      90.6706
     349      92.3091
     350      93.6914
     351      95.3952
     352      97.9124
     353      99.5585
     354      99.9529
     355     102.6408
     356     102.3051
     357     104.8764
     358     101.4797
     359     104.3786
     360     103.9413
     361     101.6463
     362     103.5449
     363     107.1215
     364     109.9505
     365     112.3607
     366     116.4286
     367     116.2963
     368     118.4663
     369     118.5643
     370     116.8144
     371     114.1735
     372     112.9390
     373     113.7947
     374     118.5273
     375     120.0967
     376     121.9841
     377     119.3875
     378     113.9235
     379     112.9434
     380     107.2570
     381     107.8069
     382     106.3173
     383     106.7848
     384     106.3372
     385     104.4420
     386     103.9965
     387     110.6294
     388     110.4840
     389     105.7838
     390     107.1900
     391     101.0120
     392     100.0673
     393     110.5660
     394     107.2545
     395     109.5269
     396     107.8846
     397     111.7609
     398     109.3939
     399     111.4007
     400     107.3047
     401     105.7311
     402     106.2373
     403     105.8518
     404     105.4304
     405     102.7169
     406      99.6413
     407      98.3066
     408     101.6772
     409     105.4763
     410     104.2596
     411     107.3777
     412     103.3629
     413      99.0318
     414      97.8746
     415      95.3737
     416      94.2929
     417      93.2223
     418      93.2510
     419      90.7438
     420      93.9263
     421      94.9194
     422      96.7740
     423      91.8776
     424      91.6514
     425      90.4183
     426      89.6891
     427      89.6008
     428      93.3090
     429      90.5465
     430      83.2215
     431      83.5216
     432      85.6120
     433      84.2927
     434      82.7804
     435      80.9049
     436      79.3250
     437      83.0191
     438      91.3619
     439      90.5078
     440      86.1588
     441      84.3209
     442      87.5583
     443      86.9096
     444      92.2419
     445      86.5537
     446      84.4397
     447      87.3681
     448      88.5982
     449      88.1579
     450      79.8885
     451      77.6613
     452      76.4452
     453      80.8641
     454      79.1291
     455      85.5778
     456      81.8118
     457      82.9889
     458      83.9395
     459      84.5127
     460      88.7154
     461      87.5220
     462      87.2326
     463      87.3170
     464      92.1486
     465      86.9021
     466      85.7115
     467      88.5309
     468      84.0139
     469      82.9504
     470      81.8279
     471      79.7653
     472      76.6660
     473      79.3605
     474      73.7573
     475      69.8775
     476      69.4879
     477      69.9596
     478      70.3091
     479      68.7074
     480      67.9591
     481      70.4938
     482      73.2456
     483      76.3734
     484      73.9704
     485      76.6553
     486      79.3613
     487      76.4853
     488      73.5975
     489      78.7083
     490      79.8280
     491      78.4285
     492      82.8050
     493      84.9555
     494      91.8349
     495      90.6631
     496      90.2513
     497      90.6940
     498      89.5661
     499      89.8882
     500      88.1889
     501      88.8393
     502      92.8959
     503      93.5177
     504      93.1933
     505      89.7402
     506      92.3222
     507      93.3564
     508      95.2541
     509      93.4313
     510      93.6157
     511      92.8432
     512      93.5417
     513      99.2651
     514     100.6599
     515     103.3456
     516     102.2957
     517     105.5474
     518     106.0569
     519     102.9277
     520      99.6235
     521     102.8078
     522      98.9163
     523      99.3656
     524     102.3736
     525     104.2546
     526     106.3058
     527     106.2634
     528     104.2641
     529     104.1673
     530     103.4181
     531     105.6893
     532     108.5992
     533     108.1996
     534     108.6822
     535     111.3357
     536     108.2775
     537     111.7543
     538     112.2644
     539     117.4259
     540     115.4276
     541     117.3724
     542     119.1631
     543     116.9514
     544     116.8180
     545     117.6101
     546     115.6454
     547     113.1687
     548     108.5688
     549     108.7691
     550     113.9517
     551     113.5450
     552     111.4098
     553     113.1961
     554     110.3077
     555     109.6701
     556     113.5701
     557     118.8209
     558     119.4093
     559     118.3419
     560     115.6801
     561     116.5467
     562     120.1552
     563     119.1208
     564     118.4403
     565     119.3780
     566     118.3734
     567     115.8082
     568     115.6148
     569     119.7428
     570     117.9134
     571     118.1186
     572     122.0508
     573     117.0536
     574     121.9868
     575     125.1180
     576     123.5133
     577     122.7120
     578     121.6039
     579     121.6145
     580     123.0118
     581     120.2182
     582     117.8433
     583     115.3680
     584     115.6259
     585     119.2284
     586     116.1892
     587     114.8176
     588     111.4080
     589     107.8715
     590     108.3552
     591     104.5009
     592     103.9585
     593     106.0209
     594     116.3704
     595     118.6634
     596     120.9939
     597     119.3805
     598     124.8071
     599     119.5508
     600     122.9619
     601     119.7572
     602     119.3195
     603     114.4910
     604     114.8689
     605     115.6323
     606     114.8024
     607     116.5462
     608     117.7188
     609     113.4018
     610     113.9542
     611     115.5166
     612     113.6564
     613     111.2463
     614     112.1774
     615     115.2151
     616     110.5257
     617     111.8835
     618     113.0639
     619     113.5124
     620     113.8144
     621     115.3430
     622     114.0552
     623     116.5556
     624     115.5253
     625     117.7099
     626     118.0536
     627     119.3616
     628     118.7614
     629     117.5135
     630     117.2526
     631     117.1958
     632     117.9857
     633     117.2904
     634     118.7844
     635     119.4146
     636     118.2770
     637     118.7240
     638     117.6611
     639     120.0220
     640     121.3566
     641     119.1644
     642     116.5317
     643     111.0912
     644     113.2565
     645     108.3346
     646     106.7620
     647     107.1722
     648     106.8792
     649     108.4425
     650     109.6986
     651     109.9424
     652     110.9218
     653     110.8506
     654     112.1130
     655     115.7969
     656     114.2712
     657     118.7115
     658     114.9034
     659     111.6309
     660     111.7881
     661     109.7911
     662     114.2906
     663     109.3491
     664     107.1921
     665     106.9617
     666     104.7298
     667     105.5524
     668     106.3469
     669     108.3763
     670     113.3097
     671     111.6134
     672     111.2994
     673     114.0360
     674     116.1065
     675     113.2000
     676     112.1449
     677     112.7552
     678     111.4830
     679     111.3852
     680     111.6091
     681     109.8182
     682     115.5868
     683     114.7023
     684     121.8825
     685     121.2594
     686     120.9765
     687     123.1864
     688     122.5174
     689     127.1059
     690     119.9157
     691     120.8151
     692     116.7233
     693     119.7558
     694     117.3572
     695     119.3307
     696     119.2247
     697     123.1578
     698     130.1203
     699     128.9360
     700     128.6458
     701     123.9459
     702     126.6409
     703     126.9677
     704     128.4358
     705     120.8675
     706     119.7469
     707     121.3560
     708     118.3645
     709     115.6541
     710     111.6986
     711     115.5216
     712     116.2909
     713     117.2289
     714     117.1402
     715     117.3609
     716     119.1258
     717     119.2832
     718     122.7004
     719     125.7935
     720     127.9357
     721     127.2407
     722     129.0218
     723     131.0014
     724     134.3696
     725     135.5757
     726     133.0506
     727     133.1807
     728     132.3213
     729     133.3633
     730     131.4291
     731     130.0651
     732     130.1429
     733     128.4312
     734     128.6108
     735     126.4915
     736     125.2978
     737     126.9657
     738     123.1559
     739     117.5716
     740     120.1326
     741     120.7773
     742     124.2330
     743     122.9441
     744     120.6487
     745     119.0670
     746     119.5601
     747     118.0727
     748     120.4151
     749     116.6620
     750     109.8218
     751     112.4294
     752     113.1102
     753     115.1436
     754     116.1073
     755     115.3765
     756     117.0093
     757     114.4640
     758     117.6779
     759     114.4238
     760     109.1761
     761     110.1584
     762     109.2359
     763     107.7858
     764     110.4817
     765     110.3310
     766     109.7173
     767     105.3437
     768     109.1762
     769     109.1298
     770     105.8700
     771     106.6851
     772     105.8438
     773     106.5955
     774     100.1076
     775     100.1964
     776     100.3187
     777      97.7227
     778      99.0608
     779      98.8480
     780      99.1745
     781      99.7959
     782      95.8149
     783      94.9960
     784      94.5468
     785      93.6960
     786     100.6053
     787      99.5162
     788      98.9896
     789      94.9229
     790      99.0006
     791     100.9715
     792     100.1450
     793     104.3977
     794     101.6721
     795     100.3262
     796     106.2844
     797      99.5820
     798     103.2705
     799     105.8118
     800     106.6872
     801     100.4077
     802     101.3748
     803     101.6004
     804     107.8137
     805     107.6984
     806     104.8175
     807     102.8770
     808      99.1880
     809      92.1162
     810      93.7002
     811      99.3870
     812      97.4875
     813      96.6013
     814      94.9456
     815      97.7790
     816      99.2068
     817     103.0383
     818      99.2378
     819     100.9365
     820      98.9935
     821     100.2875
     822      98.7043
     823     101.3976
     824     100.1805
     825      97.4178
     826     100.0579
     827     100.9432
     828      97.6397
     829     100.1408
     830      99.8375
     831     101.2861
     832     103.7312
     833     105.5549
     834     105.9322
     835     103.2967
     836     108.2669
     837     107.8366
     838     107.2860
     839     109.8783
     840     109.4994
     841     110.5213
     842     109.1736
     843     110.6227
     844     111.2329
     845     111.3507
     846     112.9247
     847     108.7035
     848     110.6321
     849     112.8978
     850     118.8381
     851     117.5126
     852     124.3014
     853     126.2464
     854     127.0343
     855     126.3318
     856     128.3792
     857     124.6505
     858     126.5562
     859     125.7898
     860     123.0301
     861     125.8184
     862     124.2714
     863     128.8812
     864     126.4898
     865     125.8728
     866     126.0580
     867     124.9343
     868     122.6007
     869     121.3126
     870     121.8434
     871     121.2131
     872     120.7784
     873     123.2660
     874     124.6121
     875     122.5916
     876     124.9103
     877     126.0200
     878     124.2796
     879     121.3717
     880     122.2322
     881     122.3433
     882     122.8674
     883     124.2952
     884     123.7956
     885     125.0480
     886     124.0392
     887     121.3546
     888     122.2279
     889     123.7038
     890     125.3411
     891     124.4365
     892     121.5973
     893     123.8716
     894     123.0484
     895     124.1755
     896     120.5080
     897     118.5665
     898     114.0723
     899     105.0596
     900     107.0807
     901     107.1930
     902     116.3062
     903     116.3877
     904     115.9054
     905     112.6282
     906     114.4238
     907     117.9628
     908     115.5615
     909     115.6740
     910     116.2026
     911     110.2089
     912     107.9661
     913     108.1194
     914     109.4420
     915     111.0309
     916     111.3626
     917     113.5777
     918     112.5015
     919     110.7171
     920     108.8885
     921     109.6872
     922     111.3359
     923     115.2601
     924     113.4464
     925     108.6836
     926     110.1921
     927     112.9195
     928     112.4474
     929     113.3410
     930     111.7625
     931     110.0818
     932     108.4426
     933     111.2780
     934     115.8926
     935     116.8993
     936     116.1212
     937     116.0943
     938     118.9601
     939     117.9507
     940     115.2861
     941     113.9823
     942     118.1584
     943     116.3357
     944     117.3114
     945     116.9586
     946     116.5836
     947     115.5149
     948     115.6282
     949     114.0540
     950     112.7376
     951     110.2230
     952     115.5758
     953     110.3259
     954     108.8924
     955     112.7572
     956     114.5223
     957     114.4237
     958     113.3630
     959     114.8824
     960     113.6938
     961     113.5398
     962     114.4917
     963     116.1551
     964     116.7995
     965     112.6076
     966     111.2602
     967     112.6189
     968     112.6644
     969     112.7083
     970     111.2024
     971     115.4965
     972     114.5249
     973     114.0819
     974     116.2662
     975     116.2934
     976     112.3000
     977     105.9870
     978     104.2443
     979     104.3200
     980     109.1469
     981     107.9720
     982     112.5078
     983     116.1628
     984     114.4464
     985     114.2526
     986     114.6611
     987     115.8519
     988     112.6977
     989     113.0882
     990     110.5198
     991     112.0362
     992     111.2206
     993     114.9308
     994     115.8351
     995     115.4730
     996     114.9835
     997     115.9113
     998     115.4254
     999     113.7652
    1000     114.5563
    1001     116.0466
    1002     112.4293
    1003     111.6088
    1004     105.9370
    1005     111.9715
    1006     115.3598
    1007     115.6635
    1008     109.5204
    1009     106.8035
    1010     108.3746
    1011     107.6908
    1012     110.8400
    1013     109.0504
    1014     110.2919
    1015     112.1075
    1016     109.5791
    1017     108.2855
    1018     111.1785
    1019     107.8179
    1020     110.7075
    1021     109.1599
    1022     108.0552
    1023     112.0823
    1024     114.4269
    1025     112.0077
    1026     115.1859
    1027     114.9598
    1028     115.5063
    1029     115.5086
    1030     113.5008
    1031     114.0614
    1032     114.4489
    1033     112.5529
    1034     114.4781
    1035     114.8509
    1036     114.5987
    1037     111.8758
    1038     113.5328
    1039     116.2690
    1040     113.4061
    1041     115.6900
    1042     115.8154
    1043     116.0697
    1044     112.0575
    1045     108.8625
    1046     106.2106
    1047     105.4679
    1048     100.4123
    1049     103.2799
    1050     103.2009
    1051     104.2441
    1052     106.4396
    1053     107.7102
    1054     108.3955
    1055     107.2623
    1056     103.6770
    1057      99.0819
    1058      97.4482
    1059      96.7659
    1060      95.1769
    1061      97.1494
    1062      96.1751
    1063      94.9344
    1064      94.7425
    1065      95.9021
    1066      90.9534
    1067      92.2373
    1068      94.5571
    1069      93.4691
    1070      95.6313
    1071      98.0497
    1072      99.8546
    1073     101.0338
    1074     100.7648
    1075     101.6316
    1076      96.2937
    1077      98.6749
    1078      97.7353
    1079     103.2276
    1080     102.2915
    1081     103.2285
    1082     101.2247
    1083      98.6433
    1084     100.7787
    1085      97.8865
    1086      96.3210
    1087      97.1025
    1088     101.3501
    1089     104.9026
    1090     102.2008
    1091     105.6723
    1092     109.3824
    1093     109.6609
    1094     109.5231
    1095     107.3979
    1096     105.9997
    1097     106.8602
    1098     106.7593
    1099     105.2597
    1100     104.3796
    1101     106.7710
    1102     105.8052
    1103     109.7197
    1104     107.5792
    1105     107.1186
    1106     106.0777
    1107     105.1422
    1108     106.4388
    1109     109.9115
    1110     114.7665
    1111     115.4679
    1112     115.9016
    1113     111.6050
    1114     112.4176
    1115     114.5408
    1116     108.0220
    1117     109.7724
    1118     104.1339
    1119     103.5465
    1120     103.9119
    1121     100.8639
    1122     104.6761
    1123     104.3524
    1124     104.2489
    1125     107.7255
    1126     108.6353
    1127     111.7759
    1128     115.7339
    1129     113.3008
    1130     107.9390
    1131     114.1544
    1132     117.0704
    1133     116.6783
    1134     115.7195
    1135     113.6804
    1136     107.6866
    1137     103.1508
    1138     103.8438
    1139     103.4936
    1140     104.7827
    1141     104.9297
    1142     105.6829
    1143     107.6250
    1144     109.8808
    1145     106.8288
    1146     108.1876
    1147     105.9494
    1148     104.1267
    1149     104.0616
    1150     106.2569
    1151     110.4794
    1152     111.6672
    1153     111.7438
    1154     109.9406
    1155     111.6073
    1156     116.7766
    1157     117.6141
    1158     113.3776
    1159     111.0713
    1160     108.7560
    1161     110.3436
    1162     110.0819
    1163     117.4577
    1164     117.5619
    1165     114.6783
    1166     112.5690
    1167     112.2055
    1168     111.0626
    1169     109.7816
    1170     105.8272
    1171     105.1762
    1172     104.6869
    1173     108.9353
    1174     110.1635
    1175     107.7717
    1176     107.0278
    1177     102.0498
    1178     105.7644
    1179     103.3425
    1180     108.1207
    1181     106.0146
    1182     106.2930
    1183     105.6145
    1184     109.5031
    1185     106.8946
    1186     102.7040
    1187     106.2994
    1188     103.4629
    1189     109.1489
    1190     105.8393
    1191     108.6685
    1192     109.1886
    1193     106.9290
    1194     107.9145
    1195     109.1771
    1196     113.3843
    1197     115.6479
    1198     112.3399
    1199     114.6682
    1200     112.3047
    1201     110.8503
    1202     113.8402
    1203     112.3892
    1204     112.2762
    1205     112.1995
    1206     105.8873
    1207     100.9022
    1208     105.4067
    1209     103.4986
    1210     103.5644
    1211     101.4264
    1212     104.8904
    1213     108.1398
    1214     104.3760
    1215     106.3247
    1216     105.2425
    1217     105.0987
    1218     107.2835
    1219     103.7656
    1220     107.9123
    1221     106.0784
    1222     108.0747
    1223     108.6562
    1224     112.7546
    1225     117.1161
    1226     114.9722
    1227     115.7086
    1228     113.8334
    1229     113.3984
    1230     112.0957
    1231     116.2359
    1232     116.9016
    1233     115.3312
    1234     116.3568
    1235     117.7333
    1236     118.0521
    1237     110.3487
    1238     113.5077
    1239     109.7332
    1240     109.4157
    1241     113.5292
    1242     111.3837
    1243     111.9034
    1244     108.9366
    1245     108.1948
    1246     102.8929
    1247     100.7831
    1248     103.5336
    1249     102.0850
    1250     103.8614
    1251     108.9540
    1252     107.8376
    1253     112.0355
    1254     111.9608
    1255     109.6735
    1256     106.1600
    1257     108.0376
    1258     112.3221
    1259     115.3656
    1260     116.2602
    1261     115.9549
    1262     116.8343
    1263     117.0959
    1264     110.4097
    1265     108.8152
    1266     108.2314
    1267     108.1829
    1268     106.6533
    1269     112.2528
    1270     110.8842
    1271     110.2144
    1272     108.2197
    1273     107.9963
    1274     106.0369
    1275     107.2207
    1276     106.1771
    1277     101.7370
    1278     104.2226
    1279     105.6883
    1280     105.7133
    1281     107.2364
    1282     108.2842
    1283     109.3297
    1284     113.3273
    1285     112.2948
    1286     114.1628
    1287     112.3189
    1288     115.6586
    1289     116.7727
    1290     118.6350
    1291     119.6652
    1292     119.1488
    1293     119.1693
    1294     120.8345
    1295     120.8566
    1296     120.6034
    1297     120.6128
    1298     118.4123
    1299     116.3676
    1300     111.0681
    1301     113.8210
    1302     113.2817
    1303     113.2372
    1304     110.4616
    1305     110.2866
    1306     114.5014
    1307     116.2523
    1308     110.0789
    1309     109.0951
    1310     114.5940
    1311     115.7534
    1312     117.9817
    1313     118.8638
    1314     119.9255
    1315     119.6355
    1316     118.2530
    1317     120.7150
    1318     116.7483
    1319     112.3398
    1320     111.7648
    1321     106.2574
    1322     105.6992
    1323     101.3023
    1324     102.6394
    1325     108.2491
    1326     108.5164
    1327     103.6334
    1328     104.2762
    1329     106.0227
    1330     107.9100
    1331     103.5817
    1332      98.7526
    1333     102.5189
    1334     103.2526
    1335      99.3005
    1336      98.9354
    1337     100.7615
    1338     102.6424
    1339     101.1517
    1340     101.3494
    1341     106.1879
    1342     110.9474
    1343     105.0240
    1344     101.9500
    1345     103.2283
    1346     109.9803
    1347     105.6752
    1348     105.4245
    1349     104.9581
    1350     106.5896
    1351     114.7417
    1352     110.1332
    1353     113.1444
    1354     118.8443
    1355     124.6614
    1356     123.4397
    1357     116.8328
    1358     119.3329
    1359     120.0491
    1360     122.6899
    1361     125.3482
    1362     120.9259
    1363     124.8862
    1364     124.7131
    1365     125.5331
    1366     126.2438
    1367     126.9516
    1368     123.3090
    1369     122.4716
    1370     123.3134
    1371     126.6623
    1372     130.0341
    1373     125.2529
    1374     125.5103
    1375     122.6339
    1376     126.0102
    1377     123.6934
    1378     125.7470
    1379     125.2043
    1380     125.0209
    1381     123.9384
    1382     121.6711
    1383     121.7460
    1384     118.6494
    1385     122.5091
    1386     121.1997
    1387     122.5754
    1388     119.1958
    1389     121.5747
    1390     124.4886
    1391     125.8456
    1392     123.4331
    1393     123.2678
    1394     120.1494
    1395     120.7417
    1396     122.5040
    1397     126.1039
    1398     125.7931
    1399     129.3842
    1400     128.5715
    1401     129.2390
    1402     131.6903
    1403     134.4402
    1404     138.2921
    1405     138.4358
    1406     138.4266
    1407     139.6099
    1408     139.1788
    1409     136.5261
    1410     138.3636
    1411     138.8682
    1412     138.0046
    1413     136.9113
    1414     137.5172
    1415     139.0134
    1416     136.5055
    1417     136.8395
    1418     134.4274
    1419     134.3956
    1420     136.7766
    1421     137.4432
    1422     138.8640
    1423     136.1893
    1424     135.0208
    1425     131.5269
    1426     131.0906
    1427     129.4111
    1428     128.6074
    1429     127.6412
    1430     129.0531
    1431     126.4872
    1432     129.1184
    1433     128.9445
    1434     129.2806
    1435     126.9179
    1436     127.8879
    1437     126.1479
    1438     126.8324
    1439     125.6898
    1440     124.6463
    1441     123.3045
    1442     123.1742
    1443     125.9396
    1444     121.7480
    1445     124.2235
    1446     124.4477
    1447     126.6198
    1448     128.9086
    1449     128.2214
    1450     126.5471
    1451     128.2615
    1452     130.2678
    1453     127.2366
    1454     123.5294
    1455     125.0953
    1456     125.4830
    1457     124.7469
    1458     121.9921
    1459     121.0847
    1460     118.3816
    1461     117.3880
    1462     113.3313
    1463     112.2028
    1464     108.9715
    1465     107.6489
    1466     106.2695
    1467     105.4184
    1468     109.1646
    1469     109.4849
    1470     111.2574
    1471     113.2207
    1472     113.7203
    1473     116.0552
    1474     114.2298
    1475     118.5310
    1476     119.8167
    1477     116.4243
    1478     116.7288
    1479     117.6911
    1480     115.7297
    1481     115.2868
    1482     113.5152
    1483     116.5613
    1484     120.2650
    1485     121.3282
    1486     121.5041
    1487     118.6382
    1488     116.3307
    1489     109.6009
    1490     112.7169
    1491     111.4627
    1492     114.5868
    1493     115.7963
    1494     117.0950
    1495     121.4753
    1496     119.3451
    1497     117.0772
    1498     116.4125
    1499     118.9206
    1500     116.5010
    1501     121.3934
    1502     123.0282
    1503     123.6912
    1504     126.7654
    1505     129.7173
    1506     130.0894
    1507     125.0642
    1508     125.1870
    1509     123.9972
    1510     120.1586
    1511     121.4592
    1512     123.5974
    1513     124.5045
    1514     126.4283
    1515     123.1589
    1516     122.7053
    1517     120.9381
    1518     124.2105
    1519     125.3227
    1520     118.0010
    1521     125.6166
    1522     126.2445
    1523     121.3414
    1524     116.7218
    1525     118.4828
    1526     118.0227
    1527     114.9965
    1528     106.5473
    1529     106.5176
    1530     109.0852
    1531     110.5521
    1532     112.7475
    1533     110.9569
    1534     114.0216
    1535     115.0922
    1536     117.4954
    1537     116.9044
    1538     120.6139
    1539     121.2147
    1540     121.4710
    1541     120.5381
    1542     118.0598
    1543     121.0054
    1544     118.7466
    1545     118.3510
    1546     117.0338
    1547     117.0310
    1548     117.7019
    1549     115.8055
    1550     117.8281
    1551     118.8094
    1552     120.2540
    1553     118.7989
    1554     118.7118
    1555     118.8065
    1556     119.2252
    1557     122.0452
    1558     118.7225
    1559     122.3691
    1560     121.3200
    1561     126.0998
    1562     122.4217
    1563     122.1995
    1564     117.4526
    1565     113.6070
    1566     114.2206
    1567     112.8010
    1568     117.4539
    1569     114.7691
    1570     117.7062
    1571     117.0899
    1572     121.9578
    1573     120.4553
    1574     121.8569
    1575     123.3754
    1576     128.4189
    1577     125.1837
    1578     122.2520
    1579     126.2657
    1580     122.8787
    1581     123.8417
    1582     127.6725
    1583     126.5306
    1584     125.2568
    1585     126.4304
    1586     126.4493
    1587     124.5323
    1588     123.2848
    1589     127.9955
    1590     125.3394
    1591     122.7341
    1592     123.7902
    1593     125.3028
    1594     120.7095
    1595     123.5999
    1596     122.0478
    1597     123.2958
    1598     121.2067
    1599     116.1376
    1600     110.2385
    1601     111.2353
    1602     114.6113
    1603     113.3038
    1604     111.4922
    1605     108.7809
    1606     115.1846
    1607     120.9519
    1608     116.7768
    1609     117.7657
    1610     117.5266
    1611     115.9963
    1612     121.7552
    1613     120.9744
    1614     118.2895
    1615     117.4306
    1616     118.3373
    1617     115.9697
    1618     119.8042
    1619     121.5170
    1620     122.0418
    1621     121.9758
    1622     123.0284
    1623     125.3116
    1624     122.2929
    1625     123.2828
    1626     121.2357
    1627     122.3510
    1628     121.8445
    1629     125.9063
    1630     125.5075
    1631     123.1460
    1632     125.8028
    1633     123.7233
    1634     123.8074
    1635     120.0408
    1636     118.0854
    1637     117.3580
    1638     116.4424
    1639     115.5232
    1640     118.5785
    1641     114.1228
    1642     119.5085
    1643     121.0028
    1644     114.2974
    1645     111.6639
    1646     108.1690
    1647     110.5112
    1648     106.8157
    1649     103.8076
    1650     107.2159
    1651     106.0614
    1652     102.6215
    1653     110.4241
    1654     110.9018
    1655     113.1170
    1656     111.2862
    1657     110.1842
    1658     109.7927
    1659     110.6072
    1660     108.4132
    1661     107.6626
    1662     111.2144
    1663     114.5584
    1664     114.8442
    1665     111.7061
    1666     108.7622
    1667     108.2903
    1668     112.7944
    1669     112.6611
    1670     112.4412
    1671     107.9614
    1672     106.1555
    1673     105.3281
    1674     105.9407
    1675     109.7128
    1676     115.2550
    1677     114.4881
    1678     116.0550
    1679     117.7509
    1680     115.4597
    1681     111.8669
    1682     110.4499
    1683     111.0090
    1684     113.1095
    1685     113.3546
    1686     116.1680
    1687     114.1674
    1688     114.6120
    1689     111.7031
    1690     119.6020
    1691     120.4465
    1692     118.1788
    1693     117.4975
    1694     118.1059
    1695     116.7681
    1696     122.1293
    1697     120.5782
    1698     117.7753
    1699     118.8437
    1700     117.0833
    1701     116.0497
    1702     115.1981
    1703     115.9922
    1704     116.0944
    1705     118.6064
    1706     120.9154
    1707     119.6999
    1708     117.9888
    1709     117.5749
    1710     121.2310
    1711     115.5197
    1712     114.0903
    1713     114.2903
    1714     115.8741
    1715     119.6092
    1716     115.3394
    1717     115.1830
    1718     119.7284
    1719     118.7446
    1720     115.0777
    1721     114.9804
    1722     117.8511
    1723     118.8908
    1724     121.0428
    1725     122.1457
    1726     124.4829
    1727     124.5716
    1728     123.6654
    1729     123.2593
    1730     121.9252
    1731     126.0532
    1732     129.0137
    1733     124.7031
    1734     125.8846
    1735     125.6054
    1736     124.9888
    1737     118.7608
    1738     118.8786
    1739     121.0961
    1740     118.2570
    1741     118.9399
    1742     119.8066
    1743     124.2286
    1744     121.6139
    1745     122.6552
    1746     118.6595
    1747     116.2435
    1748     119.6001
    1749     117.9328
    1750     114.4355
    1751     115.5353
    1752     112.1071
    1753     115.2841
    1754     117.6448
    1755     115.7695
    1756     115.8439
    1757     117.7187
    1758     119.1127
    1759     116.4427
    1760     110.3011
    1761     112.0593
    1762     112.2857
    1763     108.6235
    1764     108.2096
    1765     107.7575
    1766     104.4315
    1767     109.3156
    1768     111.8737
    1769     109.1864
    1770     112.6822
    1771     115.2845
    1772     115.1454
    1773     117.7289
    1774     116.5072
    1775     120.4549
    1776     117.8489
    1777     118.7119
    1778     113.3489
    1779     114.4792
    1780     114.2709
    1781     115.0074
    1782     109.4284
    1783     104.2638
    1784     110.1393
    1785     108.6308
    1786     106.0160
    1787     106.1208
    1788     109.4154
    1789     110.4163
    1790     110.4674
    1791     107.3005
    1792     105.1266
    1793     104.5699
    1794     102.0235
    1795     105.9837
    1796     108.8322
    1797     110.2971
    1798     110.2232
    1799     110.2781
    1800     109.9248
    1801     112.3505
    1802     112.5388
    1803     115.5071
    1804     117.3531
    1805     113.9641
    1806     111.2460
    1807     109.5208
    1808     109.1637
    1809     108.5179
    1810     115.2722
    1811     119.6254
    1812     119.7534
    1813     118.9462
    1814     118.8837
    1815     119.2451
    1816     122.8315
    1817     121.3691
    1818     123.2936
    1819     121.4974
    1820     121.4913
    1821     119.6142
    1822     122.0072
    1823     127.7246
    1824     132.0244
    1825     131.6577
    1826     132.6584
    1827     129.3332
    1828     131.3672
    1829     129.2525
    1830     127.2536
    1831     124.3707
    1832     122.1452
    1833     120.7345
    1834     124.0924
    1835     128.2218
    1836     126.5763
    1837     127.5164
    1838     128.2622
    1839     126.6712
    1840     126.6683
    1841     129.9391
    1842     129.4869
    1843     128.0404
    1844     123.7194
    1845     123.3593
    1846     126.4325
    1847     125.3499
    1848     123.8476
    1849     126.1618
    1850     125.5283
    1851     127.1761
    1852     124.1837
    1853     124.1492
    1854     124.9511
    1855     127.8574
    1856     129.3249
    1857     127.9884
    1858     130.9128
    1859     131.2618
    1860     129.7265
    1861     131.0883
    1862     133.4514
    1863     139.7639
    1864     137.1737
    1865     137.0548
    1866     135.6793
    1867     133.9561
    1868     135.2405
    1869     131.4110
    1870     129.7932
    1871     132.3526
    1872     132.0165
    1873     130.9826
    1874     130.9890
    1875     134.9885
    1876     137.8673
    1877     141.1608
    1878     143.6998
    1879     141.2117
    1880     140.3692
    1881     138.3460
    1882     141.9248
    1883     143.6819
    1884     140.1871
    1885     139.9407
    1886     142.4718
    1887     143.4351
    1888     142.7088
    1889     143.8997
    1890     142.4460
    1891     141.1827
    1892     146.0451
    1893     146.7716
    1894     147.5342
    1895     148.0695
    1896     143.8088
    1897     138.2978
    1898     138.4870
    1899     137.3091
    1900     135.7381
    1901     129.7918
    1902     131.7564
    1903     130.1052
    1904     131.2359
    1905     131.0360
    1906     128.8424
    1907     129.7176
    1908     126.8100
    1909     127.0611
    1910     123.3642
    1911     128.6930
    1912     125.4163
    1913     129.1103
    1914     130.4529
    1915     129.1405
    1916     127.3720
    1917     127.7953
    1918     129.8118
    1919     126.8730
    1920     127.3695
    1921     124.7518
    1922     129.1165
    1923     130.0935
    1924     132.5267
    1925     127.5948
    1926     122.4580
    1927     124.8033
    1928     123.7832
    1929     122.4093
    1930     125.9355
    1931     122.0235
    1932     126.4601
    1933     128.4266
    1934     130.2240
    1935     128.3002
    1936     127.0387
    1937     127.0731
    1938     123.3121
    1939     126.4514
    1940     126.6424
    1941     125.4216
    1942     128.3602
    1943     126.0461
    1944     124.7626
    1945     123.5069
    1946     121.4071
    1947     118.4442
    1948     125.7734
    1949     126.5885
    1950     128.4775
    1951     129.2059
    1952     123.5191
    1953     122.3705
    1954     122.9583
    1955     125.0798
    1956     121.7162
    1957     124.3380
    1958     129.4671
    1959     126.9442
    1960     123.2190
    1961     120.6719
    1962     123.6199
    1963     123.9048
    1964     124.6255
    1965     122.2194
    1966     126.5620
    1967     124.8501
    1968     125.5439
    1969     127.8101
    1970     130.4138
    1971     129.4049
    1972     132.5421
    1973     127.1337
    1974     127.0074
    1975     126.4705
    1976     125.4696
    1977     121.5508
    1978     126.3588
    1979     124.6568
    1980     119.6626
    1981     115.6903
    1982     120.5288
    1983     120.8532
    1984     121.4920
    1985     119.2238
    1986     118.2781
    1987     121.9239
    1988     124.0530
    1989     120.9350
    1990     124.3046
    1991     122.3149
    1992     128.5202
    1993     131.4734
    1994     125.5395
    1995     127.8097
    1996     129.4845
    1997     131.1925
    1998     132.6048
    1999     130.0498
    2000     129.2823
