#Frame     end-to-end
       1      43.5325
       2      43.2352
       3      42.5180
       4      40.3313
       5      43.2722
       6      43.3590
       7      44.5077
       8      45.2004
       9      44.4592
      10      44.3873
      11      44.5395
      12      41.4187
      13      41.3339
      14      40.4703
      15      41.9037
      16      42.2219
      17      43.7950
      18      46.5473
      19      44.7261
      20      44.9714
      21      47.6917
      22      49.7773
      23      45.3019
      24      45.2408
      25      48.4248
      26      46.5205
      27      42.6927
      28      49.1178
      29      44.9200
      30      44.8098
      31      45.7837
      32      46.2318
      33      45.1138
      34      42.4119
      35      41.5225
      36      44.9067
      37      43.7150
      38      46.6130
      39      44.2696
      40      46.9277
      41      49.2877
      42      47.2497
      43      46.8145
      44      43.5070
      45      41.3353
      46      42.0491
      47      44.8183
      48      45.9033
      49      45.1684
      50      44.8245
      51      45.6186
      52      46.6418
      53      42.5426
      54      43.3587
      55      42.9230
      56      44.3001
      57      44.1414
      58      46.2278
      59      45.6046
      60      43.2459
      61      43.2345
      62      44.9255
      63      45.2220
      64      44.2000
      65      42.4228
      66      43.0070
      67      45.5602
      68      45.2095
      69      43.8271
      70      42.1091
      71      45.8077
      72      43.4157
      73      43.3559
      74      44.0985
      75      41.1570
      76      42.5916
      77      39.5220
      78      41.1958
      79      42.7798
      80      42.7588
      81      40.5115
      82      40.3727
      83      39.9204
      84      41.7682
      85      42.3532
      86      41.4062
      87      41.3186
      88      41.0203
      89      44.4321
      90      45.8306
      91      47.1302
      92      46.3995
      93      47.4414
      94      48.4867
      95      47.4523
      96      43.9006
      97      47.2080
      98      49.1635
      99      47.6161
     100      48.3631
     101      49.2507
     102      47.3389
     103      48.3095
     104      49.1633
     105      49.3060
     106      47.1193
     107      47.6313
     108      46.9388
     109      46.5297
     110      45.8415
     111      45.6766
     112      45.6314
     113      43.0769
     114      46.0390
     115      46.9560
     116      47.8348
     117      48.9456
     118      52.2691
     119      45.1403
     120      47.1740
     121      47.4326
     122      44.3741
     123      43.2739
     124      47.4089
     125      45.2177
     126      45.8348
     127      47.8501
     128      46.0485
     129      47.6629
     130      47.9062
     131      44.4742
     132      45.1454
     133      43.1146
     134      40.6631
     135      43.9499
     136      44.0782
     137      44.5807
     138      44.7806
     139      47.9705
     140      50.9881
     141      50.5830
     142      51.4970
     143      49.9770
     144      50.1283
     145      51.1274
     146      51.8086
     147      53.5272
     148      56.1358
     149      54.8293
     150      55.2841
     151      55.7875
     152      53.0466
     153      48.7178
     154      46.8728
     155      46.3550
     156      46.4378
     157      45.9713
     158      46.9613
     159      45.1625
     160      48.6136
     161      48.0377
     162      47.7422
     163      48.2141
     164      48.6002
     165      48.8359
     166      45.9737
     167      45.0896
     168      47.0463
     169      46.7083
     170      43.3629
     171      49.6048
     172      53.2105
     173      49.1900
     174      52.8293
     175      49.4239
     176      51.8962
     177      49.3247
     178      46.8373
     179      46.8215
     180      44.5184
     181      49.8429
     182      50.8369
     183      53.1189
     184      52.8648
     185      58.0583
     186      54.4550
     187      50.3241
     188      48.0939
     189      45.7762
     190      48.0977
     191      49.2540
     192      45.9851
     193      47.1299
     194      46.3897
     195      47.3046
     196      47.6841
     197      48.5269
     198      49.7763
     199      48.0913
     200      47.1246
     201      48.0032
     202      47.5181
     203      45.0541
     204      47.2610
     205      47.7417
     206      47.4312
     207      46.2044
     208      46.3696
     209      42.0895
     210      44.6922
     211      47.1864
     212      45.7074
     213      47.2505
     214      50.7653
     215      49.2826
     216      49.5317
     217      45.0591
     218      47.5036
     219      45.7433
     220      47.3360
     221      43.2315
     222      45.5353
     223      42.8172
     224      40.9274
     225      43.1078
     226      41.8829
     227      42.4588
     228      43.3833
     229      44.7556
     230      45.2586
     231      44.5594
     232      47.5563
     233      46.6119
     234      45.6159
     235      43.9419
     236      46.2486
     237      49.3105
     238      44.2813
     239      49.5572
     240      47.4734
     241      48.2586
     242      48.1813
     243      46.3841
     244      48.6181
     245      48.2358
     246      47.7888
     247      49.1332
     248      45.2166
     249      46.4040
     250      45.5713
     251      45.7230
     252      45.2984
     253      44.2093
     254      42.8540
     255      44.9483
     256      45.0398
     257      43.5694
     258      40.9347
     259      43.0333
     260      45.5202
     261      42.8832
     262      44.5939
     263      42.0050
     264      44.9085
     265      44.5586
     266      43.4254
     267      43.2879
     268      43.6166
     269      44.8863
     270      46.8690
     271      52.0211
     272      51.5987
     273      52.5835
     274      48.4851
     275      46.5899
     276      47.4067
     277      45.9544
     278      48.1754
     279      46.9498
     280      49.4414
     281      48.4242
     282      49.6007
     283      44.9606
     284      47.5653
     285      49.8274
     286      46.9758
     287      44.9892
     288      48.1251
     289      45.3956
     290      47.0090
     291      47.0949
     292      42.2158
     293      45.6185
     294      45.6330
     295      46.4847
     296      46.9244
     297      42.6685
     298      43.9630
     299      47.9176
     300      46.0493
     301      46.5417
     302      46.3129
     303      47.6789
     304      48.8329
     305      45.9510
     306      44.6598
     307      47.8724
     308      47.3965
     309      43.9595
     310      46.6776
     311      46.8752
     312      46.1070
     313      45.1778
     314      46.6868
     315      43.5307
     316      46.4677
     317      46.0252
     318      43.7108
     319      45.3205
     320      44.3037
     321      44.9039
     322      46.8313
     323      47.0744
     324      45.0081
     325      43.8806
     326      45.5576
     327      46.6973
     328      42.1741
     329      45.8753
     330      49.7783
     331      49.7469
     332      51.1463
     333      51.7916
     334      47.9539
     335      46.7494
     336      47.7092
     337      49.3352
     338      47.6365
     339      43.5852
     340      46.2725
     341      47.7599
     342      48.6092
     343      51.4260
     344      49.4598
     345      43.8716
     346      48.7664
     347      50.3885
     348      50.3351
     349      47.9094
     350      48.6082
     351      50.2749
     352      56.3168
     353      53.6965
     354      50.0265
     355      51.3255
     356      52.9943
     357      53.2475
     358      55.4995
     359      53.2427
     360      56.7118
     361      55.0726
     362      54.5006
     363      54.9205
     364      53.0595
     365      57.5546
     366      51.3882
     367      51.9433
     368      52.6073
     369      51.0096
     370      48.2312
     371      46.3033
     372      51.4703
     373      51.8829
     374      43.6871
     375      42.2002
     376      45.2703
     377      45.4069
     378      47.3348
     379      44.8050
     380      46.3489
     381      50.0408
     382      52.2921
     383      48.9993
     384      46.1305
     385      48.8356
     386      50.7536
     387      48.5112
     388      48.4113
     389      45.5888
     390      47.0591
     391      52.6088
     392      46.4589
     393      47.7482
     394      42.8533
     395      46.6262
     396      43.7324
     397      42.3940
     398      48.2080
     399      44.8074
     400      44.1036
     401      42.6510
     402      41.8125
     403      44.0591
     404      43.3504
     405      44.0990
     406      44.2367
     407      46.2766
     408      44.9116
     409      45.3959
     410      45.8161
     411      45.9539
     412      43.3967
     413      45.9203
     414      46.1790
     415      44.9168
     416      44.9245
     417      44.6731
     418      44.4795
     419      44.4530
     420      44.4402
     421      45.0163
     422      45.9490
     423      47.5535
     424      48.9961
     425      46.8459
     426      45.2599
     427      42.3574
     428      44.7012
     429      42.0780
     430      44.0071
     431      42.5953
     432      44.2165
     433      45.3125
     434      47.2213
     435      44.7668
     436      45.5343
     437      45.4904
     438      46.4770
     439      45.5934
     440      45.6913
     441      44.7455
     442      45.6597
     443      44.3846
     444      47.5049
     445      47.9248
     446      49.3721
     447      49.0214
     448      48.8685
     449      49.1184
     450      47.2092
     451      50.9242
     452      49.1320
     453      49.6147
     454      49.8478
     455      49.0971
     456      46.3329
     457      46.1032
     458      45.7027
     459      48.9141
     460      48.7073
     461      45.5632
     462      46.2393
     463      43.8131
     464      46.9093
     465      47.4723
     466      44.6547
     467      43.0112
     468      48.1251
     469      47.8581
     470      45.6124
     471      47.9604
     472      47.8774
     473      43.9340
     474      45.1574
     475      45.1504
     476      46.5226
     477      47.6130
     478      45.3268
     479      47.7604
     480      50.1853
     481      51.9160
     482      47.1597
     483      50.0485
     484      47.4534
     485      47.2429
     486      46.2396
     487      45.9327
     488      48.1169
     489      49.6366
     490      52.3270
     491      53.9775
     492      56.8778
     493      55.9707
     494      59.1807
     495      59.7286
     496      57.1390
     497      57.8071
     498      56.5446
     499      57.4461
     500      53.4467
     501      55.9128
     502      57.5847
     503      53.1505
     504      55.9038
     505      57.5729
     506      55.3529
     507      54.0406
     508      49.1811
     509      53.3819
     510      54.0958
     511      50.4702
     512      51.8424
     513      53.8612
     514      53.3995
     515      53.3592
     516      60.4426
     517      62.0319
     518      63.2620
     519      61.1827
     520      53.4975
     521      52.7231
     522      58.3459
     523      58.8627
     524      52.3815
     525      55.7889
     526      56.0808
     527      56.6314
     528      55.9843
     529      52.3792
     530      55.4835
     531      58.7988
     532      60.6936
     533      60.5017
     534      58.5610
     535      57.7910
     536      55.4093
     537      54.2038
     538      54.0564
     539      60.1870
     540      57.9629
     541      57.6821
     542      56.5379
     543      52.8592
     544      49.8005
     545      51.4682
     546      50.1547
     547      49.8464
     548      52.1262
     549      55.6276
     550      55.1261
     551      53.3050
     552      54.5420
     553      54.1373
     554      51.1546
     555      48.4782
     556      48.3901
     557      52.4933
     558      54.8585
     559      54.6870
     560      54.8757
     561      56.5085
     562      55.5979
     563      51.7714
     564      49.7079
     565      49.1454
     566      49.9545
     567      50.7958
     568      52.4204
     569      58.3341
     570      56.2671
     571      56.2219
     572      54.4532
     573      53.3768
     574      55.8942
     575      57.0638
     576      56.1653
     577      52.7352
     578      57.6822
     579      59.6491
     580      62.9403
     581      63.6169
     582      63.2813
     583      60.3262
     584      61.1360
     585      59.9000
     586      55.6179
     587      60.0102
     588      62.4620
     589      62.9715
     590      58.4050
     591      62.7659
     592      59.8216
     593      63.9789
     594      61.4495
     595      64.6345
     596      61.5200
     597      63.4034
     598      62.4519
     599      59.2405
     600      61.7584
     601      61.0700
     602      59.3297
     603      60.3181
     604      60.1843
     605      62.2322
     606      61.2192
     607      58.5249
     608      56.9585
     609      55.4592
     610      55.6354
     611      56.4142
     612      55.5915
     613      55.0311
     614      53.3340
     615      59.8337
     616      54.1433
     617      56.2821
     618      56.7224
     619      56.5784
     620      56.0288
     621      56.1597
     622      57.2192
     623      56.7349
     624      57.2264
     625      54.8211
     626      59.3351
     627      59.5891
     628      60.7070
     629      64.6214
     630      63.1004
     631      57.9775
     632      61.7085
     633      58.7784
     634      57.9040
     635      59.1383
     636      53.6753
     637      52.5100
     638      50.3222
     639      50.8941
     640      54.8034
     641      55.1319
     642      50.9123
     643      57.9663
     644      58.8806
     645      57.0229
     646      58.7447
     647      58.6349
     648      52.2592
     649      55.7461
     650      54.3002
     651      53.4177
     652      54.0301
     653      50.9030
     654      52.4095
     655      51.3905
     656      49.2337
     657      48.8118
     658      46.4046
     659      47.1421
     660      47.0420
     661      46.9340
     662      50.3997
     663      49.3088
     664      50.8351
     665      49.0917
     666      52.0898
     667      47.8411
     668      46.8444
     669      46.2250
     670      44.8288
     671      47.9546
     672      48.3513
     673      49.5100
     674      48.5530
     675      45.0307
     676      47.0265
     677      45.2056
     678      46.8770
     679      47.9718
     680      47.1380
     681      50.0403
     682      49.0141
     683      50.1285
     684      47.5381
     685      46.4069
     686      48.1271
     687      49.9944
     688      48.9961
     689      46.0295
     690      45.5365
     691      47.8610
     692      47.9260
     693      48.2662
     694      49.4389
     695      49.2822
     696      49.0100
     697      48.4537
     698      50.6906
     699      47.4958
     700      44.8858
     701      46.6220
     702      45.1371
     703      45.5511
     704      46.3629
     705      46.6393
     706      48.2297
     707      46.3461
     708      45.4264
     709      42.0196
     710      45.1705
     711      42.8032
     712      45.1532
     713      47.5843
     714      49.4186
     715      52.2125
     716      50.1575
     717      55.0475
     718      46.5304
     719      52.6463
     720      50.1545
     721      48.4891
     722      48.1664
     723      49.5301
     724      52.6742
     725      52.2654
     726      48.3429
     727      50.2005
     728      48.3464
     729      49.1825
     730      48.2246
     731      46.0974
     732      46.2126
     733      47.6254
     734      46.6727
     735      48.9579
     736      47.5016
     737      46.5868
     738      45.6936
     739      45.3685
     740      50.1875
     741      52.1844
     742      50.8869
     743      51.2075
     744      50.4183
     745      48.5243
     746      51.4174
     747      50.6086
     748      44.5381
     749      49.3455
     750      48.9826
     751      44.8678
     752      45.3694
     753      45.4212
     754      45.0646
     755      45.5595
     756      47.1233
     757      45.8224
     758      44.5819
     759      43.9252
     760      45.9585
     761      47.4728
     762      46.8524
     763      45.6258
     764      47.1148
     765      47.1106
     766      49.2387
     767      46.9927
     768      45.9210
     769      48.8560
     770      50.2007
     771      50.8152
     772      52.8697
     773      54.2208
     774      52.7080
     775      52.7803
     776      54.4266
     777      51.2891
     778      50.9291
     779      50.6594
     780      49.4488
     781      50.0774
     782      50.0046
     783      50.6169
     784      51.4094
     785      53.6724
     786      50.9822
     787      51.7335
     788      49.1980
     789      49.8876
     790      48.3655
     791      50.6354
     792      50.5825
     793      52.9963
     794      51.3742
     795      48.2404
     796      50.1746
     797      48.3515
     798      50.5340
     799      48.3569
     800      48.0328
     801      47.5084
     802      48.8139
     803      49.9600
     804      47.3443
     805      47.4603
     806      47.9377
     807      45.7809
     808      51.2880
     809      51.0477
     810      49.9747
     811      49.5544
     812      51.2894
     813      49.0153
     814      50.2172
     815      46.7517
     816      49.0187
     817      46.9453
     818      48.4152
     819      46.0748
     820      45.1428
     821      44.2487
     822      45.2778
     823      47.8565
     824      47.8268
     825      47.4589
     826      47.7848
     827      47.8230
     828      47.7162
     829      46.7982
     830      45.4352
     831      47.1780
     832      45.6568
     833      45.4828
     834      45.9868
     835      48.1673
     836      48.3706
     837      49.0239
     838      46.6457
     839      45.4975
     840      44.7889
     841      43.9253
     842      44.5777
     843      41.2947
     844      40.9015
     845      43.3056
     846      47.0294
     847      45.8757
     848      47.6538
     849      45.9570
     850      45.3932
     851      42.2842
     852      44.5293
     853      47.4497
     854      47.3745
     855      48.6466
     856      46.0891
     857      45.9274
     858      48.0614
     859      51.1341
     860      48.0416
     861      45.7537
     862      48.5727
     863      45.0680
     864      41.4229
     865      43.8261
     866      46.3582
     867      44.4909
     868      46.0862
     869      45.9441
     870      44.7402
     871      43.0866
     872      45.0279
     873      42.6212
     874      43.2778
     875      47.1395
     876      45.0285
     877      44.9846
     878      44.5858
     879      45.5787
     880      46.0829
     881      45.3879
     882      46.0444
     883      45.1181
     884      47.3439
     885      49.4610
     886      48.3914
     887      50.4078
     888      46.7377
     889      49.7170
     890      49.4696
     891      50.1203
     892      49.1987
     893      53.3892
     894      54.4406
     895      53.3087
     896      52.3808
     897      50.7011
     898      51.3639
     899      51.9300
     900      48.2422
     901      47.0085
     902      47.7162
     903      47.3630
     904      45.7117
     905      45.6738
     906      47.1252
     907      46.0255
     908      45.3606
     909      45.9330
     910      46.6830
     911      52.7584
     912      49.6983
     913      51.7711
     914      49.9895
     915      49.1669
     916      47.3963
     917      48.2107
     918      47.6304
     919      52.5187
     920      49.6736
     921      48.3029
     922      49.0776
     923      51.1269
     924      46.0833
     925      44.7408
     926      46.1986
     927      47.4657
     928      46.4640
     929      45.4418
     930      48.0768
     931      45.6139
     932      45.1606
     933      45.2040
     934      47.6656
     935      46.6749
     936      48.1657
     937      46.4167
     938      47.7229
     939      45.1726
     940      46.4085
     941      47.7480
     942      45.3350
     943      45.3645
     944      45.3086
     945      44.8662
     946      46.3024
     947      47.6362
     948      45.6438
     949      45.7927
     950      41.9689
     951      43.1504
     952      43.4168
     953      42.2278
     954      43.4609
     955      44.0831
     956      44.6407
     957      43.2402
     958      44.1800
     959      44.1851
     960      41.3871
     961      41.9027
     962      43.8127
     963      44.9599
     964      44.0732
     965      44.2302
     966      44.6758
     967      44.0160
     968      42.9969
     969      44.2143
     970      44.1501
     971      42.2615
     972      42.3519
     973      44.8083
     974      43.6367
     975      42.4743
     976      42.1621
     977      42.3442
     978      43.2834
     979      44.5435
     980      46.2162
     981      44.0344
     982      43.0154
     983      41.6787
     984      40.7366
     985      41.7571
     986      41.1109
     987      43.5312
     988      44.4141
     989      42.7549
     990      41.2145
     991      42.1139
     992      41.9081
     993      42.8489
     994      43.9888
     995      42.2038
     996      41.9642
     997      40.9142
     998      44.3550
     999      43.0834
    1000      43.7470
    1001      42.1720
    1002      43.9672
    1003      44.0834
    1004      40.6843
    1005      42.0297
    1006      43.6974
    1007      42.8049
    1008      42.8818
    1009      43.5921
    1010      42.5963
    1011      42.4217
    1012      40.2537
    1013      41.6046
    1014      43.8180
    1015      43.0691
    1016      42.6432
    1017      42.9164
    1018      41.7330
    1019      43.4711
    1020      43.0014
    1021      44.6659
    1022      43.6926
    1023      42.6922
    1024      44.0445
    1025      43.0525
    1026      43.9537
    1027      43.2365
    1028      43.4355
    1029      43.0698
    1030      44.2900
    1031      46.0580
    1032      43.6565
    1033      42.8354
    1034      42.7815
    1035      43.3816
    1036      43.4587
    1037      43.3379
    1038      43.8896
    1039      42.9971
    1040      45.3010
    1041      42.5893
    1042      41.9346
    1043      42.8915
    1044      42.8653
    1045      43.7241
    1046      43.5883
    1047      44.6624
    1048      42.2576
    1049      42.4556
    1050      44.8634
    1051      42.2081
    1052      43.4750
    1053      43.1185
    1054      42.1831
    1055      40.2436
    1056      41.1218
    1057      43.7658
    1058      42.9491
    1059      46.7767
    1060      44.9640
    1061      44.8740
    1062      43.4872
    1063      43.2648
    1064      44.9185
    1065      41.9193
    1066      43.7395
    1067      44.8550
    1068      45.8626
    1069      44.2691
    1070      44.0219
    1071      44.1823
    1072      44.4006
    1073      44.5391
    1074      44.1776
    1075      44.3845
    1076      43.4441
    1077      45.2464
    1078      44.6310
    1079      44.7521
    1080      44.1337
    1081      43.2181
    1082      42.2755
    1083      43.9340
    1084      44.0068
    1085      42.2157
    1086      42.1332
    1087      43.7656
    1088      44.3935
    1089      46.3343
    1090      45.0068
    1091      42.7329
    1092      42.8053
    1093      43.4372
    1094      43.0848
    1095      44.7467
    1096      44.6395
    1097      44.9967
    1098      45.5633
    1099      43.0158
    1100      42.6218
    1101      42.3332
    1102      42.5166
    1103      41.6315
    1104      40.1940
    1105      43.2763
    1106      44.3676
    1107      45.9754
    1108      45.4990
    1109      43.2772
    1110      42.5566
    1111      42.9244
    1112      42.2225
    1113      43.5995
    1114      42.5320
    1115      41.1764
    1116      43.5849
    1117      42.7599
    1118      43.1479
    1119      44.4570
    1120      45.3232
    1121      43.0099
    1122      41.8484
    1123      40.2287
    1124      45.4181
    1125      44.1509
    1126      42.8586
    1127      44.5714
    1128      44.3406
    1129      44.8673
    1130      42.7947
    1131      43.7856
    1132      44.1947
    1133      41.8100
    1134      44.0916
    1135      42.8086
    1136      42.2706
    1137      43.3745
    1138      42.1061
    1139      42.0244
    1140      41.2318
    1141      42.1480
    1142      43.6428
    1143      43.0623
    1144      41.6736
    1145      43.4809
    1146      45.3663
    1147      47.4173
    1148      46.7221
    1149      46.8005
    1150      46.3080
    1151      45.5660
    1152      47.0974
    1153      45.4821
    1154      43.4691
    1155      43.2574
    1156      43.4779
    1157      44.8234
    1158      44.9219
    1159      44.8883
    1160      43.1315
    1161      44.0535
    1162      45.8420
    1163      45.9474
    1164      48.2903
    1165      50.5402
    1166      52.1134
    1167      56.0867
    1168      52.0991
    1169      49.6859
    1170      47.1886
    1171      47.7389
    1172      45.8107
    1173      45.9856
    1174      47.3735
    1175      47.9201
    1176      48.7072
    1177      47.4241
    1178      49.3001
    1179      52.4199
    1180      56.4740
    1181      56.8636
    1182      57.5251
    1183      56.3495
    1184      57.9241
    1185      60.3210
    1186      59.8962
    1187      62.1289
    1188      60.3130
    1189      58.4041
    1190      62.2711
    1191      65.5119
    1192      67.5178
    1193      67.0433
    1194      67.1051
    1195      63.6931
    1196      62.0173
    1197      60.2909
    1198      59.6080
    1199      62.0325
    1200      58.4884
    1201      57.0141
    1202      54.8952
    1203      52.7606
    1204      48.9080
    1205      48.7214
    1206      47.2685
    1207      48.1336
    1208      47.0189
    1209      49.6020
    1210      46.8268
    1211      47.5182
    1212      49.8290
    1213      49.0221
    1214      47.9547
    1215      45.7499
    1216      47.2384
    1217      47.9919
    1218      51.1700
    1219      50.2369
    1220      48.3466
    1221      45.1149
    1222      51.4895
    1223      53.6467
    1224      52.8444
    1225      52.8511
    1226      49.8511
    1227      51.2278
    1228      49.8484
    1229      52.5464
    1230      50.0251
    1231      51.6431
    1232      49.6308
    1233      47.8670
    1234      46.7342
    1235      45.3953
    1236      47.5431
    1237      47.1705
    1238      44.1888
    1239      44.2747
    1240      45.5371
    1241      46.6062
    1242      48.6052
    1243      47.8320
    1244      47.2794
    1245      48.0131
    1246      46.6137
    1247      42.1360
    1248      43.8439
    1249      42.7069
    1250      44.3464
    1251      40.9278
    1252      42.4959
    1253      43.2556
    1254      43.8457
    1255      44.1891
    1256      44.4845
    1257      44.0035
    1258      44.8174
    1259      45.9731
    1260      43.9081
    1261      44.8818
    1262      45.9260
    1263      46.8053
    1264      46.1156
    1265      47.8900
    1266      48.6665
    1267      46.6002
    1268      48.8141
    1269      46.6902
    1270      49.5008
    1271      46.8902
    1272      45.3612
    1273      46.2277
    1274      46.3135
    1275      47.8581
    1276      44.2023
    1277      46.2276
    1278      47.5133
    1279      46.2003
    1280      44.6864
    1281      46.7825
    1282      47.7071
    1283      48.6330
    1284      47.8999
    1285      49.2610
    1286      49.0740
    1287      50.1847
    1288      50.3038
    1289      51.3416
    1290      46.6322
    1291      46.1077
    1292      45.0749
    1293      45.8276
    1294      45.4106
    1295      42.0703
    1296      43.9367
    1297      47.3817
    1298      47.8759
    1299      47.6129
    1300      46.5531
    1301      45.6319
    1302      46.8227
    1303      45.5182
    1304      47.1761
    1305      44.8945
    1306      46.4919
    1307      44.2357
    1308      44.3405
    1309      44.2259
    1310      44.3863
    1311      45.8746
    1312      44.8382
    1313      42.3261
    1314      44.8662
    1315      43.7354
    1316      42.9153
    1317      45.6489
    1318      43.5035
    1319      45.2692
    1320      43.3049
    1321      43.3566
    1322      46.1555
    1323      44.2542
    1324      44.6008
    1325      44.5432
    1326      44.3770
    1327      45.6231
    1328      45.2916
    1329      44.0702
    1330      45.7095
    1331      42.8179
    1332      43.4077
    1333      45.9026
    1334      43.4889
    1335      44.4763
    1336      42.9529
    1337      46.2776
    1338      44.4290
    1339      43.5216
    1340      43.6235
    1341      43.1363
    1342      42.2151
    1343      45.2040
    1344      44.1321
    1345      46.2994
    1346      42.9488
    1347      45.1102
    1348      45.4789
    1349      46.3828
    1350      45.0372
    1351      46.7328
    1352      44.4481
    1353      44.1183
    1354      44.9583
    1355      43.6491
    1356      43.3469
    1357      45.9708
    1358      44.7824
    1359      44.0895
    1360      44.4067
    1361      46.0252
    1362      44.9159
    1363      43.2868
    1364      44.6111
    1365      44.3121
    1366      45.1198
    1367      43.5928
    1368      43.7902
    1369      43.5465
    1370      44.9441
    1371      43.6384
    1372      45.5393
    1373      44.9926
    1374      46.9621
    1375      47.1951
    1376      44.9197
    1377      45.6723
    1378      45.6638
    1379      45.6275
    1380      44.8118
    1381      47.2402
    1382      45.9939
    1383      45.7704
    1384      44.6163
    1385      45.7052
    1386      42.9772
    1387      43.3540
    1388      43.7264
    1389      43.9667
    1390      43.9141
    1391      43.2145
    1392      42.7284
    1393      43.3380
    1394      45.4891
    1395      43.1072
    1396      44.1824
    1397      44.0837
    1398      45.8185
    1399      47.2278
    1400      47.5520
    1401      51.7895
    1402      48.3328
    1403      46.6873
    1404      46.1671
    1405      46.3986
    1406      47.3796
    1407      47.6797
    1408      46.6969
    1409      43.8233
    1410      44.6547
    1411      47.1019
    1412      46.3042
    1413      48.3705
    1414      52.4754
    1415      51.4010
    1416      51.0024
    1417      51.1603
    1418      55.5404
    1419      52.8134
    1420      55.6130
    1421      56.3241
    1422      55.0216
    1423      47.1312
    1424      49.7615
    1425      52.3242
    1426      47.5402
    1427      46.8859
    1428      47.0699
    1429      44.5656
    1430      43.1757
    1431      46.0141
    1432      44.0756
    1433      43.8385
    1434      44.0289
    1435      45.8189
    1436      46.0998
    1437      45.8524
    1438      49.5033
    1439      46.1871
    1440      47.6143
    1441      48.1131
    1442      46.0982
    1443      45.7840
    1444      46.4179
    1445      44.6967
    1446      45.9860
    1447      46.3825
    1448      44.7161
    1449      44.7553
    1450      45.7405
    1451      45.8727
    1452      46.4299
    1453      43.5876
    1454      44.6690
    1455      48.2864
    1456      45.1777
    1457      47.8493
    1458      45.8300
    1459      45.6305
    1460      42.2820
    1461      44.4035
    1462      43.6427
    1463      44.6922
    1464      44.4218
    1465      44.4778
    1466      46.2473
    1467      44.0689
    1468      45.5617
    1469      44.2621
    1470      46.2752
    1471      44.9004
    1472      42.6189
    1473      44.4016
    1474      44.4633
    1475      43.8216
    1476      44.1095
    1477      42.7198
    1478      44.3096
    1479      43.6120
    1480      45.9236
    1481      44.7618
    1482      44.2591
    1483      44.6742
    1484      46.8444
    1485      47.6209
    1486      48.2819
    1487      45.0371
    1488      47.3199
    1489      45.2350
    1490      45.3519
    1491      42.2346
    1492      42.2806
    1493      42.5441
    1494      43.2084
    1495      45.6870
    1496      46.9006
    1497      45.5115
    1498      46.3119
    1499      43.7576
    1500      42.7696
    1501      42.7449
    1502      42.7405
    1503      41.7935
    1504      45.0833
    1505      44.3185
    1506      44.4339
    1507      44.7864
    1508      48.0311
    1509      44.5798
    1510      43.3985
    1511      47.6980
    1512      44.8571
    1513      42.7317
    1514      43.3168
    1515      40.8120
    1516      41.8925
    1517      45.0186
    1518      45.7151
    1519      42.0210
    1520      45.6970
    1521      47.3298
    1522      46.6491
    1523      49.4070
    1524      49.3173
    1525      48.5675
    1526      47.7336
    1527      47.3800
    1528      49.9324
    1529      47.7645
    1530      49.5482
    1531      51.2091
    1532      46.5238
    1533      43.2957
    1534      45.3140
    1535      46.0871
    1536      48.2640
    1537      50.3105
    1538      48.8085
    1539      47.2864
    1540      44.1151
    1541      44.9019
    1542      49.0565
    1543      49.8196
    1544      48.5401
    1545      48.6696
    1546      50.6925
    1547      47.7106
    1548      51.2238
    1549      53.9838
    1550      49.7052
    1551      51.1423
    1552      52.1277
    1553      52.5416
    1554      50.8458
    1555      50.7840
    1556      54.3279
    1557      52.2993
    1558      52.7426
    1559      52.6626
    1560      52.2824
    1561      54.2558
    1562      51.0410
    1563      52.2707
    1564      52.5696
    1565      50.0003
    1566      49.8798
    1567      49.5633
    1568      47.9485
    1569      48.3208
    1570      48.4319
    1571      48.4847
    1572      45.7106
    1573      45.3046
    1574      46.4923
    1575      46.1115
    1576      45.8662
    1577      44.5623
    1578      44.8981
    1579      45.2255
    1580      44.9981
    1581      46.8277
    1582      48.5609
    1583      47.6971
    1584      46.1355
    1585      45.2223
    1586      48.5034
    1587      45.7094
    1588      47.4493
    1589      52.1588
    1590      51.3279
    1591      51.7560
    1592      54.4138
    1593      56.6257
    1594      56.4029
    1595      55.8093
    1596      54.8444
    1597      53.5116
    1598      51.1178
    1599      53.2302
    1600      52.3402
    1601      52.2861
    1602      49.8196
    1603      51.4721
    1604      54.3146
    1605      52.0036
    1606      51.1118
    1607      53.0307
    1608      51.9059
    1609      51.9576
    1610      53.9916
    1611      54.6923
    1612      53.4581
    1613      54.3538
    1614      55.1971
    1615      51.0192
    1616      50.8381
    1617      55.0859
    1618      56.4859
    1619      56.3752
    1620      54.8514
    1621      55.0347
    1622      56.8527
    1623      54.5495
    1624      54.4798
    1625      56.8571
    1626      53.4596
    1627      51.9936
    1628      47.1840
    1629      48.3601
    1630      48.6735
    1631      47.3207
    1632      48.1816
    1633      48.8499
    1634      50.0454
    1635      47.3252
    1636      45.7782
    1637      48.3696
    1638      47.1157
    1639      47.5365
    1640      46.3406
    1641      51.9410
    1642      53.7418
    1643      47.0381
    1644      49.7900
    1645      47.8570
    1646      47.6503
    1647      46.7790
    1648      46.2640
    1649      47.0051
    1650      48.0108
    1651      47.1412
    1652      45.9233
    1653      45.4690
    1654      44.8511
    1655      44.1504
    1656      44.7093
    1657      45.7569
    1658      45.7935
    1659      48.3105
    1660      45.6061
    1661      46.0631
    1662      49.6761
    1663      50.7503
    1664      49.0874
    1665      51.3650
    1666      47.8112
    1667      44.1432
    1668      45.9055
    1669      45.9003
    1670      46.4784
    1671      45.3100
    1672      43.7341
    1673      44.6877
    1674      45.1226
    1675      44.3829
    1676      44.3565
    1677      44.2005
    1678      42.8486
    1679      43.9159
    1680      44.6195
    1681      41.2761
    1682      43.5242
    1683      42.3852
    1684      42.5924
    1685      45.0651
    1686      43.8093
    1687      42.9542
    1688      45.1535
    1689      44.3065
    1690      45.3826
    1691      44.0800
    1692      46.0364
    1693      44.0189
    1694      45.2058
    1695      44.6679
    1696      43.5614
    1697      45.6962
    1698      41.1723
    1699      42.9732
    1700      42.0970
    1701      42.7103
    1702      41.7538
    1703      41.4691
    1704      42.3997
    1705      41.9301
    1706      42.1826
    1707      45.5703
    1708      44.2470
    1709      40.4078
    1710      42.4978
    1711      40.3643
    1712      43.7467
    1713      42.9137
    1714      41.9670
    1715      44.5528
    1716      43.2803
    1717      43.4343
    1718      43.6595
    1719      41.9671
    1720      43.1221
    1721      43.1651
    1722      42.8735
    1723      44.8474
    1724      43.9981
    1725      47.8038
    1726      44.4267
    1727      41.6355
    1728      39.5950
    1729      42.1118
    1730      40.9746
    1731      41.7282
    1732      43.0317
    1733      42.0337
    1734      40.8585
    1735      41.5708
    1736      40.7378
    1737      41.9354
    1738      40.0217
    1739      40.0182
    1740      40.2785
    1741      38.9212
    1742      40.5122
    1743      40.1674
    1744      39.3116
    1745      39.3170
    1746      39.7354
    1747      40.1605
    1748      38.1086
    1749      39.9393
    1750      38.9293
    1751      38.6833
    1752      40.3802
    1753      40.2535
    1754      40.4633
    1755      39.8410
    1756      40.7441
    1757      40.2614
    1758      38.9046
    1759      38.7881
    1760      38.6618
    1761      40.3953
    1762      39.1836
    1763      39.2989
    1764      38.5074
    1765      40.5805
    1766      40.0018
    1767      42.8590
    1768      39.6518
    1769      40.6869
    1770      38.6756
    1771      39.3218
    1772      39.8708
    1773      41.1162
    1774      41.5682
    1775      40.6241
    1776      40.3554
    1777      39.3390
    1778      39.6915
    1779      40.7957
    1780      41.1933
    1781      39.9724
    1782      39.9269
    1783      39.4809
    1784      38.6706
    1785      39.1393
    1786      39.9187
    1787      40.4986
    1788      39.8434
    1789      40.6607
    1790      39.3227
    1791      40.8490
    1792      40.5172
    1793      43.1267
    1794      40.6879
    1795      40.4186
    1796      40.4732
    1797      39.2475
    1798      41.4909
    1799      40.3868
    1800      41.9873
    1801      40.6417
    1802      40.3278
    1803      39.4180
    1804      40.6974
    1805      38.9189
    1806      40.8447
    1807      40.4927
    1808      40.2925
    1809      40.1012
    1810      41.3474
    1811      41.8286
    1812      40.7357
    1813      40.4534
    1814      40.3936
    1815      40.6965
    1816      40.7463
    1817      40.3707
    1818      40.1317
    1819      41.2555
    1820      40.6092
    1821      39.6351
    1822      37.7688
    1823      39.5281
    1824      39.4605
    1825      38.9027
    1826      40.5311
    1827      41.1324
    1828      39.3711
    1829      40.6133
    1830      39.6009
    1831      39.9583
    1832      38.8664
    1833      41.5190
    1834      40.1239
    1835      41.4755
    1836      39.5248
    1837      40.6263
    1838      40.2092
    1839      39.9536
    1840      40.8953
    1841      41.4950
    1842      40.9413
    1843      41.0715
    1844      41.9462
    1845      40.9823
    1846      40.2226
    1847      39.9269
    1848      40.5550
    1849      41.6973
    1850      40.9484
    1851      41.2233
    1852      39.9878
    1853      41.9567
    1854      40.2045
    1855      39.4917
    1856      40.0138
    1857      40.7818
    1858      41.1338
    1859      40.1837
    1860      39.5840
    1861      40.4206
    1862      41.7646
    1863      40.1651
    1864      39.2019
    1865      39.4050
    1866      40.3189
    1867      39.8449
    1868      41.1159
    1869      40.4114
    1870      41.6395
    1871      40.9905
    1872      42.2746
    1873      39.7379
    1874      39.2271
    1875      40.0253
    1876      39.6061
    1877      40.0105
    1878      40.8114
    1879      39.8146
    1880      41.5181
    1881      40.3954
    1882      41.3436
    1883      41.3856
    1884      40.0487
    1885      39.7674
    1886      41.5451
    1887      41.3840
    1888      39.8552
    1889      39.7485
    1890      39.5469
    1891      40.1773
    1892      40.9808
    1893      39.1519
    1894      39.9725
    1895      41.8899
    1896      40.9876
    1897      39.3235
    1898      41.2660
    1899      40.6747
    1900      39.9045
    1901      40.7936
    1902      41.4415
    1903      41.0510
    1904      41.2510
    1905      39.2284
    1906      40.3886
    1907      39.9482
    1908      40.9575
    1909      40.6391
    1910      41.9868
    1911      41.5156
    1912      40.4447
    1913      38.6378
    1914      39.3661
    1915      39.1189
    1916      39.4222
    1917      40.0842
    1918      40.0078
    1919      39.4130
    1920      39.0522
    1921      39.0775
    1922      39.4325
    1923      39.1541
    1924      39.8868
    1925      40.1492
    1926      39.6543
    1927      40.7999
    1928      41.1318
    1929      39.3581
    1930      39.1921
    1931      39.6017
    1932      39.7253
    1933      40.1540
    1934      40.8595
    1935      39.9728
    1936      40.6956
    1937      40.7570
    1938      40.8439
    1939      40.2483
    1940      42.3912
    1941      39.8140
    1942      38.9726
    1943      41.3847
    1944      40.5914
    1945      39.1377
    1946      38.9794
    1947      38.7514
    1948      40.7584
    1949      39.6032
    1950      40.5439
    1951      41.2006
    1952      39.7889
    1953      40.6477
    1954      41.1485
    1955      41.9756
    1956      41.6238
    1957      40.4354
    1958      40.4040
    1959      40.7045
    1960      40.1749
    1961      42.3527
    1962      39.3877
    1963      40.0999
    1964      39.9726
    1965      38.7061
    1966      40.9323
    1967      40.3728
    1968      41.3407
    1969      40.5062
    1970      39.7053
    1971      40.5457
    1972      41.2039
    1973      42.4022
    1974      39.5016
    1975      41.3765
    1976      42.0216
    1977      41.9592
    1978      39.1914
    1979      39.2321
    1980      40.8511
    1981      40.4408
    1982      41.0193
    1983      40.9554
    1984      39.3273
    1985      39.7490
    1986      41.0664
    1987      40.0388
    1988      41.4840
    1989      43.4189
    1990      39.8362
    1991      39.5606
    1992      40.2513
    1993      37.9278
    1994      40.3061
    1995      38.7811
    1996      37.7581
    1997      38.8094
    1998      39.4751
    1999      41.1152
    2000      39.7715
