#Frame     end-to-end
       1      35.6658
       2      37.4690
       3      36.8366
       4      38.1053
       5      37.9131
       6      39.6786
       7      39.1640
       8      39.1830
       9      37.8161
      10      36.9234
      11      36.9652
      12      36.7883
      13      36.1101
      14      36.4774
      15      37.6409
      16      38.5506
      17      38.2933
      18      35.6035
      19      35.8912
      20      36.1147
      21      36.0728
      22      36.5770
      23      37.5536
      24      36.3036
      25      35.0091
      26      37.3546
      27      38.8183
      28      40.1275
      29      35.8694
      30      35.6904
      31      33.7044
      32      34.7739
      33      33.9707
      34      34.6428
      35      33.1957
      36      32.8952
      37      33.8752
      38      32.2128
      39      34.7184
      40      35.8609
      41      37.9301
      42      37.8035
      43      36.9594
      44      37.7336
      45      35.3089
      46      33.5946
      47      36.4646
      48      35.8593
      49      35.0786
      50      37.1733
      51      34.9841
      52      36.3553
      53      35.6411
      54      35.2160
      55      37.9791
      56      36.0267
      57      35.1349
      58      32.4417
      59      34.7269
      60      33.3374
      61      32.8580
      62      34.6462
      63      34.0213
      64      33.2882
      65      33.3492
      66      35.3443
      67      35.4587
      68      37.6320
      69      39.6175
      70      38.5722
      71      37.7517
      72      37.3468
      73      37.1634
      74      39.8639
      75      36.5587
      76      35.2852
      77      37.1751
      78      40.1397
      79      37.9490
      80      34.7575
      81      37.1456
      82      37.0488
      83      39.2269
      84      36.7739
      85      38.6238
      86      36.6118
      87      34.6212
      88      36.7461
      89      37.1377
      90      34.8278
      91      36.1790
      92      37.6821
      93      36.5480
      94      34.4241
      95      35.3333
      96      34.5382
      97      35.0785
      98      35.1331
      99      35.3044
     100      34.1383
     101      34.0424
     102      33.5350
     103      34.7151
     104      33.9601
     105      34.4850
     106      35.6608
     107      33.4761
     108      35.6441
     109      36.2601
     110      33.6135
     111      35.9222
     112      35.0857
     113      35.1540
     114      35.5553
     115      33.9899
     116      37.0598
     117      37.7869
     118      36.8487
     119      36.4635
     120      34.9426
     121      34.4400
     122      35.2229
     123      34.1539
     124      33.6062
     125      33.9025
     126      35.2583
     127      35.3865
     128      35.2013
     129      35.5205
     130      35.9105
     131      36.5768
     132      36.7003
     133      38.3668
     134      38.3086
     135      38.9269
     136      36.7800
     137      39.9054
     138      40.7451
     139      41.8669
     140      48.3638
     141      44.0080
     142      41.4614
     143      45.0111
     144      41.0545
     145      39.7962
     146      36.6762
     147      38.0893
     148      35.5775
     149      35.2184
     150      37.1058
     151      37.6338
     152      37.7977
     153      35.4716
     154      34.4893
     155      33.6821
     156      34.5659
     157      34.0514
     158      35.3293
     159      34.8555
     160      34.3682
     161      37.4220
     162      34.8675
     163      34.7743
     164      34.1573
     165      33.5844
     166      32.0781
     167      34.2411
     168      34.6866
     169      35.4827
     170      36.5450
     171      36.0169
     172      34.5193
     173      38.3394
     174      34.3936
     175      34.7356
     176      33.1864
     177      32.2418
     178      33.5253
     179      35.8111
     180      35.5077
     181      36.1200
     182      38.2355
     183      36.1379
     184      35.0158
     185      37.3461
     186      35.6808
     187      36.3366
     188      38.8230
     189      40.6157
     190      36.8335
     191      35.5266
     192      35.8672
     193      36.3230
     194      37.6474
     195      35.5354
     196      35.0044
     197      34.8129
     198      35.4942
     199      36.3969
     200      36.2190
     201      34.7009
     202      36.3951
     203      34.6848
     204      35.9391
     205      34.2892
     206      34.0287
     207      33.0939
     208      34.8724
     209      34.3194
     210      35.5806
     211      36.5332
     212      34.6741
     213      35.9286
     214      36.6638
     215      35.6282
     216      34.2278
     217      34.5631
     218      33.3656
     219      34.9828
     220      35.9359
     221      35.2406
     222      34.0454
     223      35.6631
     224      33.7122
     225      35.7212
     226      36.6592
     227      37.0903
     228      36.3272
     229      34.3009
     230      37.3737
     231      35.7629
     232      35.0906
     233      35.8804
     234      36.1773
     235      35.0027
     236      34.2330
     237      35.2983
     238      36.6033
     239      38.5094
     240      36.1087
     241      35.5389
     242      35.4975
     243      34.6686
     244      35.0226
     245      36.2464
     246      34.0869
     247      32.7313
     248      32.4089
     249      33.1361
     250      32.9229
     251      35.8556
     252      36.5598
     253      37.7247
     254      36.9123
     255      38.3578
     256      38.2371
     257      36.4671
     258      34.7638
     259      33.9509
     260      36.0881
     261      36.5634
     262      38.3989
     263      35.1880
     264      35.0348
     265      34.9429
     266      34.3292
     267      34.5141
     268      34.5321
     269      37.2899
     270      39.6076
     271      38.1764
     272      37.7274
     273      36.5655
     274      37.3262
     275      36.3400
     276      38.0962
     277      34.2852
     278      33.2537
     279      37.5774
     280      35.4631
     281      36.6556
     282      35.7002
     283      34.9545
     284      36.6599
     285      33.6615
     286      35.0515
     287      36.4761
     288      37.3623
     289      35.2963
     290      35.7518
     291      33.9798
     292      34.8875
     293      35.3641
     294      35.2033
     295      34.0423
     296      36.2761
     297      36.4606
     298      34.6543
     299      34.5545
     300      35.8591
     301      33.9176
     302      38.4134
     303      37.9084
     304      46.9678
     305      47.1091
     306      48.9570
     307      45.3615
     308      47.2046
     309      50.5040
     310      52.5244
     311      57.8383
     312      62.6268
     313      64.4159
     314      65.3330
     315      64.9925
     316      61.7133
     317      61.8564
     318      55.5901
     319      57.2573
     320      59.5367
     321      60.4570
     322      58.4130
     323      59.0502
     324      62.0801
     325      62.7517
     326      61.5084
     327      58.7243
     328      53.4689
     329      53.1872
     330      54.7045
     331      50.5548
     332      52.6845
     333      53.3113
     334      53.4390
     335      55.9262
     336      51.9659
     337      53.9295
     338      51.1571
     339      52.1226
     340      46.6908
     341      42.3698
     342      44.9219
     343      44.9619
     344      43.1960
     345      48.3199
     346      45.8085
     347      45.3287
     348      46.7628
     349      47.7844
     350      45.7183
     351      41.5081
     352      46.4276
     353      46.7784
     354      44.7103
     355      45.2222
     356      43.4748
     357      42.6387
     358      43.4321
     359      42.9253
     360      48.3233
     361      45.7645
     362      48.5565
     363      41.5678
     364      44.1641
     365      43.9237
     366      42.8865
     367      47.2424
     368      47.1334
     369      50.2578
     370      48.9132
     371      54.8690
     372      49.5663
     373      45.1448
     374      44.8248
     375      43.8700
     376      44.6254
     377      39.7351
     378      39.8557
     379      39.8672
     380      36.3937
     381      37.8331
     382      33.7522
     383      34.1903
     384      33.1672
     385      32.9079
     386      32.3531
     387      32.7148
     388      34.7305
     389      34.1403
     390      34.9590
     391      33.6925
     392      34.2236
     393      33.3957
     394      33.3034
     395      33.6766
     396      34.2654
     397      34.5725
     398      33.3748
     399      31.5962
     400      31.8625
     401      33.6854
     402      33.7081
     403      36.4822
     404      38.2986
     405      35.7166
     406      35.6829
     407      39.4104
     408      41.3363
     409      39.9142
     410      36.7390
     411      39.5362
     412      39.8877
     413      36.9951
     414      38.3507
     415      35.0733
     416      35.5468
     417      36.5030
     418      36.4259
     419      35.4720
     420      35.4105
     421      34.9408
     422      33.8851
     423      34.0083
     424      34.2622
     425      32.5578
     426      33.2533
     427      31.1652
     428      35.8480
     429      36.1222
     430      38.3003
     431      37.0952
     432      35.3178
     433      35.1086
     434      36.1963
     435      36.9428
     436      37.7973
     437      38.7759
     438      38.4680
     439      39.7771
     440      38.9505
     441      39.2217
     442      36.0020
     443      40.0859
     444      39.2841
     445      37.8665
     446      38.6071
     447      37.2237
     448      38.3294
     449      35.3450
     450      38.2696
     451      39.0100
     452      39.2440
     453      38.7054
     454      41.2028
     455      40.7683
     456      41.7560
     457      39.4990
     458      39.4338
     459      40.8036
     460      40.1691
     461      39.4291
     462      40.5566
     463      41.3313
     464      38.2385
     465      40.7852
     466      38.8368
     467      34.4495
     468      34.8255
     469      36.2243
     470      35.9902
     471      39.8558
     472      40.7023
     473      41.8663
     474      45.4091
     475      45.6757
     476      47.5824
     477      53.1961
     478      52.8234
     479      46.5047
     480      46.3963
     481      45.3421
     482      50.6415
     483      49.5648
     484      55.0737
     485      53.7851
     486      54.7456
     487      52.5891
     488      51.9522
     489      55.4858
     490      58.4162
     491      57.0683
     492      55.3088
     493      54.4235
     494      55.7709
     495      57.4330
     496      56.3581
     497      58.2855
     498      53.0956
     499      56.7914
     500      53.2660
     501      49.0513
     502      46.7929
     503      47.5297
     504      44.6791
     505      47.2246
     506      47.2397
     507      44.1398
     508      44.7808
     509      43.2471
     510      44.6223
     511      42.4403
     512      43.0137
     513      41.7386
     514      38.5920
     515      36.0646
     516      36.0185
     517      36.6965
     518      35.7675
     519      37.3235
     520      37.3264
     521      37.7615
     522      39.8896
     523      41.4755
     524      45.0851
     525      42.4714
     526      44.3291
     527      40.4612
     528      45.5447
     529      40.2529
     530      40.4886
     531      39.3409
     532      43.0688
     533      42.5343
     534      40.2362
     535      37.1463
     536      38.9417
     537      39.8957
     538      38.1863
     539      38.2968
     540      40.4536
     541      38.3922
     542      40.0800
     543      38.0224
     544      38.4714
     545      40.2888
     546      39.1439
     547      38.2091
     548      37.6575
     549      36.6063
     550      34.3016
     551      36.2511
     552      36.0529
     553      36.4697
     554      36.0895
     555      34.3772
     556      34.7848
     557      37.3237
     558      38.1907
     559      35.7855
     560      34.2002
     561      36.5261
     562      34.4982
     563      35.7897
     564      35.6266
     565      34.0388
     566      37.3953
     567      35.1965
     568      34.7761
     569      32.3634
     570      32.3864
     571      35.2990
     572      33.2098
     573      36.0930
     574      35.5154
     575      36.1872
     576      37.3866
     577      40.1733
     578      39.6255
     579      36.2233
     580      37.3887
     581      35.6867
     582      36.7477
     583      35.7423
     584      33.1365
     585      34.1823
     586      32.1580
     587      33.2075
     588      33.2650
     589      34.7966
     590      34.5222
     591      36.0978
     592      34.5864
     593      36.7151
     594      35.7012
     595      36.2001
     596      38.0234
     597      37.9274
     598      37.7015
     599      35.1510
     600      32.6361
     601      37.0811
     602      35.9606
     603      35.7223
     604      34.9835
     605      38.6955
     606      37.5799
     607      34.8071
     608      35.3741
     609      35.6832
     610      36.5274
     611      38.5435
     612      36.9166
     613      38.5512
     614      38.4180
     615      37.5642
     616      35.7541
     617      40.7597
     618      46.7022
     619      50.2331
     620      44.5031
     621      48.3078
     622      39.4640
     623      38.2509
     624      37.0139
     625      38.0245
     626      36.8658
     627      39.2540
     628      37.7955
     629      37.3707
     630      35.3645
     631      36.5715
     632      36.9159
     633      37.2303
     634      38.3529
     635      37.0592
     636      34.0500
     637      36.0154
     638      34.0212
     639      35.6412
     640      33.6719
     641      34.5647
     642      35.7890
     643      38.8138
     644      38.4087
     645      37.5204
     646      36.9915
     647      37.1996
     648      38.0931
     649      38.2501
     650      37.5427
     651      37.5119
     652      38.7107
     653      39.0726
     654      35.9521
     655      37.0162
     656      34.4158
     657      32.7625
     658      34.4590
     659      37.9990
     660      35.7606
     661      36.1589
     662      34.6619
     663      36.7600
     664      34.4388
     665      33.7372
     666      37.3612
     667      36.5827
     668      34.2878
     669      34.5415
     670      34.8749
     671      35.1813
     672      35.4152
     673      33.9638
     674      36.8076
     675      36.1884
     676      37.3146
     677      38.1537
     678      36.7526
     679      36.1320
     680      33.1961
     681      33.4924
     682      37.6033
     683      37.2763
     684      33.5907
     685      34.4473
     686      38.5837
     687      35.4233
     688      32.5803
     689      34.4003
     690      36.5274
     691      38.9787
     692      33.6587
     693      35.1772
     694      37.6238
     695      36.6860
     696      36.8549
     697      39.6266
     698      33.4494
     699      33.1178
     700      34.2383
     701      35.1587
     702      36.3149
     703      36.9056
     704      37.9080
     705      38.2083
     706      39.7067
     707      36.5831
     708      38.6594
     709      39.3679
     710      41.2306
     711      37.4979
     712      39.0401
     713      38.1842
     714      38.1083
     715      38.2391
     716      34.0399
     717      34.6409
     718      35.9732
     719      34.4739
     720      34.8731
     721      35.5332
     722      35.2106
     723      34.4000
     724      40.7162
     725      37.0605
     726      39.6979
     727      35.5859
     728      41.1856
     729      43.1635
     730      44.5453
     731      41.9265
     732      41.8596
     733      37.3824
     734      37.1411
     735      41.5936
     736      39.5028
     737      37.5392
     738      37.1271
     739      38.9074
     740      36.5471
     741      38.6945
     742      36.7113
     743      37.2393
     744      37.3752
     745      40.2025
     746      36.8828
     747      35.3917
     748      37.6263
     749      36.4707
     750      40.5945
     751      38.3522
     752      36.3973
     753      35.1953
     754      35.3197
     755      33.9484
     756      32.1491
     757      32.8484
     758      31.9435
     759      35.0500
     760      35.5984
     761      34.2065
     762      36.0073
     763      38.2317
     764      33.7555
     765      35.9006
     766      36.2246
     767      33.3798
     768      34.4526
     769      33.5524
     770      34.7487
     771      36.2617
     772      33.3001
     773      34.4482
     774      36.5716
     775      35.0955
     776      36.9963
     777      37.4628
     778      37.3201
     779      37.9923
     780      33.8628
     781      35.2961
     782      33.5116
     783      34.1309
     784      34.0043
     785      34.8250
     786      35.0735
     787      32.4666
     788      35.8035
     789      35.0421
     790      34.8393
     791      37.5207
     792      34.9802
     793      35.3971
     794      35.2719
     795      32.7692
     796      33.9405
     797      34.4880
     798      35.5410
     799      35.8091
     800      33.9043
     801      35.7657
     802      35.3971
     803      33.6083
     804      38.2361
     805      37.6919
     806      38.1550
     807      37.3162
     808      39.0889
     809      37.8641
     810      40.6433
     811      38.4640
     812      36.0928
     813      37.4097
     814      36.8403
     815      33.8373
     816      34.6048
     817      34.3789
     818      34.8273
     819      35.4593
     820      37.2615
     821      35.0265
     822      34.3176
     823      32.1479
     824      34.1307
     825      39.7190
     826      38.9278
     827      40.8925
     828      38.2585
     829      36.7641
     830      35.3757
     831      36.8411
     832      35.5564
     833      37.8195
     834      38.2078
     835      36.1479
     836      35.4742
     837      35.6851
     838      34.0737
     839      35.9067
     840      36.6420
     841      37.9442
     842      39.4780
     843      38.0905
     844      37.9810
     845      38.2339
     846      37.7623
     847      38.0793
     848      37.5009
     849      37.8421
     850      36.1169
     851      41.9299
     852      40.1533
     853      39.3591
     854      40.9125
     855      40.1834
     856      37.4329
     857      36.1485
     858      34.5095
     859      36.5935
     860      35.9552
     861      40.7770
     862      38.8026
     863      41.3177
     864      37.2844
     865      38.2587
     866      40.0694
     867      41.1973
     868      42.3888
     869      38.0681
     870      37.2282
     871      38.5889
     872      38.1323
     873      36.0911
     874      35.3028
     875      32.9293
     876      35.0987
     877      35.2170
     878      34.7551
     879      35.3081
     880      36.4174
     881      37.4836
     882      36.1052
     883      36.5238
     884      36.8396
     885      37.8194
     886      35.4436
     887      37.9626
     888      35.8790
     889      35.8010
     890      34.7620
     891      36.1315
     892      35.7973
     893      36.7426
     894      37.2969
     895      38.2666
     896      36.9905
     897      36.8839
     898      36.2506
     899      37.2999
     900      38.4193
     901      37.4683
     902      36.1369
     903      36.9052
     904      39.3572
     905      38.0834
     906      38.0688
     907      37.7869
     908      34.2489
     909      36.0758
     910      39.3244
     911      38.5236
     912      39.1474
     913      37.6931
     914      37.1678
     915      37.5549
     916      36.8866
     917      38.6439
     918      35.5863
     919      35.9440
     920      36.3873
     921      36.0639
     922      37.9385
     923      38.1113
     924      38.1526
     925      39.0397
     926      36.2957
     927      40.8048
     928      40.8947
     929      37.8397
     930      35.1242
     931      38.3114
     932      35.3789
     933      38.0443
     934      39.5397
     935      39.7791
     936      37.2439
     937      36.2727
     938      35.8983
     939      35.6926
     940      34.7965
     941      31.7582
     942      34.9464
     943      34.1201
     944      36.6742
     945      34.2962
     946      33.3841
     947      32.3970
     948      32.5454
     949      31.2853
     950      28.3985
     951      30.4864
     952      30.8693
     953      30.2116
     954      29.2881
     955      31.3271
     956      31.9047
     957      30.4251
     958      30.9663
     959      33.1450
     960      32.3321
     961      31.1774
     962      31.7038
     963      32.0019
     964      34.4939
     965      33.6994
     966      34.7329
     967      32.9925
     968      34.2401
     969      34.4185
     970      34.3664
     971      32.3246
     972      33.5635
     973      33.1645
     974      33.3470
     975      36.0513
     976      34.1598
     977      34.6047
     978      33.6008
     979      35.7752
     980      36.3331
     981      35.9364
     982      33.2866
     983      34.2521
     984      36.2357
     985      34.4251
     986      32.4365
     987      35.2737
     988      34.3684
     989      33.6071
     990      31.8963
     991      33.5048
     992      33.8167
     993      32.8334
     994      31.8428
     995      31.9414
     996      34.1661
     997      35.0911
     998      35.1579
     999      36.0611
    1000      36.6826
    1001      35.1210
    1002      35.4217
    1003      36.5111
    1004      35.7717
    1005      34.0974
    1006      34.2818
    1007      33.7526
    1008      35.2725
    1009      34.3365
    1010      33.8269
    1011      34.0465
    1012      35.3867
    1013      35.0735
    1014      34.1189
    1015      35.1497
    1016      33.2146
    1017      32.1561
    1018      32.9154
    1019      33.1091
    1020      36.2602
    1021      37.0131
    1022      39.4930
    1023      37.5636
    1024      37.5570
    1025      36.9213
    1026      37.4099
    1027      37.3199
    1028      34.7456
    1029      36.0978
    1030      36.4496
    1031      37.0330
    1032      35.1913
    1033      35.7001
    1034      35.0877
    1035      35.8770
    1036      35.5962
    1037      37.4502
    1038      38.4796
    1039      35.7562
    1040      39.2487
    1041      41.3245
    1042      40.1502
    1043      39.8162
    1044      44.7909
    1045      40.6808
    1046      43.4146
    1047      43.8609
    1048      45.0739
    1049      42.3796
    1050      39.7788
    1051      39.0344
    1052      36.0830
    1053      38.2224
    1054      38.9885
    1055      36.4088
    1056      36.6689
    1057      38.2964
    1058      35.5485
    1059      38.2690
    1060      33.6982
    1061      35.2638
    1062      34.2889
    1063      33.1142
    1064      32.8658
    1065      31.0103
    1066      31.4034
    1067      32.0290
    1068      29.6591
    1069      30.1862
    1070      28.4974
    1071      28.0191
    1072      31.1819
    1073      29.2570
    1074      30.3221
    1075      29.7196
    1076      32.7267
    1077      31.4916
    1078      32.4074
    1079      33.8114
    1080      35.2138
    1081      36.9632
    1082      36.2323
    1083      35.5047
    1084      35.9277
    1085      32.8012
    1086      32.2179
    1087      30.4984
    1088      34.5521
    1089      34.3874
    1090      32.8031
    1091      32.2306
    1092      36.0952
    1093      31.6247
    1094      29.7480
    1095      31.9305
    1096      35.6128
    1097      36.6327
    1098      34.3288
    1099      35.1423
    1100      35.5134
    1101      34.3035
    1102      32.3744
    1103      32.8677
    1104      34.6816
    1105      34.6327
    1106      37.1252
    1107      36.7288
    1108      37.9604
    1109      36.0005
    1110      39.7408
    1111      36.2985
    1112      35.6424
    1113      34.3566
    1114      37.0576
    1115      41.2060
    1116      33.9416
    1117      35.1762
    1118      36.0805
    1119      37.1678
    1120      37.8726
    1121      39.5831
    1122      38.2836
    1123      37.4840
    1124      35.9525
    1125      35.7304
    1126      34.4990
    1127      34.3149
    1128      32.4591
    1129      31.5150
    1130      32.8144
    1131      32.2744
    1132      32.0957
    1133      33.1099
    1134      34.8613
    1135      34.0950
    1136      36.4311
    1137      36.9752
    1138      40.3853
    1139      37.6660
    1140      36.0759
    1141      37.1084
    1142      39.5973
    1143      37.6598
    1144      38.9364
    1145      37.9773
    1146      38.7637
    1147      39.6053
    1148      35.9257
    1149      37.6002
    1150      35.2663
    1151      32.1450
    1152      33.6131
    1153      32.4546
    1154      31.8849
    1155      31.8466
    1156      35.3171
    1157      34.0561
    1158      33.8049
    1159      34.0848
    1160      32.1730
    1161      33.0148
    1162      33.3295
    1163      32.4859
    1164      32.8506
    1165      33.4416
    1166      34.5207
    1167      34.5324
    1168      35.5602
    1169      37.4104
    1170      34.9503
    1171      35.3696
    1172      34.0817
    1173      34.4046
    1174      36.9141
    1175      34.9649
    1176      34.8263
    1177      37.9060
    1178      35.9667
    1179      35.5821
    1180      34.7102
    1181      34.5677
    1182      32.1801
    1183      32.0903
    1184      34.8169
    1185      34.3494
    1186      33.5489
    1187      34.6232
    1188      33.8593
    1189      33.3203
    1190      35.2435
    1191      33.7355
    1192      36.0877
    1193      35.8691
    1194      37.6690
    1195      36.3902
    1196      36.8457
    1197      35.4273
    1198      33.8270
    1199      35.3904
    1200      32.6158
    1201      33.6712
    1202      29.6393
    1203      32.2971
    1204      32.2828
    1205      31.7079
    1206      30.0378
    1207      32.6719
    1208      29.9296
    1209      30.5003
    1210      32.6038
    1211      30.1723
    1212      31.1099
    1213      30.6562
    1214      32.0538
    1215      32.2386
    1216      33.1729
    1217      34.0081
    1218      33.1162
    1219      31.3269
    1220      33.2302
    1221      31.1000
    1222      32.5621
    1223      31.8412
    1224      32.2690
    1225      32.0950
    1226      30.3544
    1227      31.5685
    1228      30.4542
    1229      30.1354
    1230      31.0408
    1231      30.0200
    1232      31.3036
    1233      32.2175
    1234      31.0104
    1235      29.9435
    1236      31.8560
    1237      31.7286
    1238      31.7715
    1239      31.5013
    1240      32.6638
    1241      31.5337
    1242      31.7906
    1243      32.2475
    1244      32.5042
    1245      32.6651
    1246      31.5658
    1247      30.8638
    1248      30.9078
    1249      33.2519
    1250      29.6641
    1251      30.6197
    1252      30.1777
    1253      29.2845
    1254      30.8150
    1255      32.4042
    1256      32.1435
    1257      33.0937
    1258      31.9541
    1259      33.0842
    1260      31.8689
    1261      32.1519
    1262      31.6442
    1263      31.5132
    1264      33.2927
    1265      31.8873
    1266      32.4027
    1267      29.6464
    1268      32.3353
    1269      31.1451
    1270      31.4739
    1271      31.5293
    1272      33.2994
    1273      32.4573
    1274      32.2860
    1275      31.0917
    1276      32.4419
    1277      31.2432
    1278      31.0107
    1279      29.2501
    1280      32.1291
    1281      33.9248
    1282      33.7419
    1283      31.9507
    1284      32.6177
    1285      32.0822
    1286      32.7116
    1287      30.2380
    1288      33.1220
    1289      33.2998
    1290      31.1273
    1291      33.3488
    1292      32.2572
    1293      33.2638
    1294      32.8560
    1295      33.4061
    1296      32.6903
    1297      33.2486
    1298      31.3614
    1299      31.3376
    1300      33.2891
    1301      31.4931
    1302      31.4904
    1303      32.9406
    1304      33.1587
    1305      32.9225
    1306      33.2291
    1307      32.9182
    1308      32.1355
    1309      33.6153
    1310      32.2841
    1311      32.7300
    1312      31.0553
    1313      32.5263
    1314      31.4072
    1315      31.7427
    1316      32.2632
    1317      31.1637
    1318      32.8123
    1319      32.0890
    1320      31.8742
    1321      31.7242
    1322      32.0765
    1323      32.6679
    1324      32.3910
    1325      31.0056
    1326      31.2028
    1327      31.4149
    1328      32.6024
    1329      33.1199
    1330      31.3333
    1331      30.2468
    1332      31.6823
    1333      31.2765
    1334      31.4547
    1335      31.5332
    1336      31.7084
    1337      31.6120
    1338      30.4965
    1339      30.4226
    1340      31.8096
    1341      29.1785
    1342      32.8985
    1343      31.6063
    1344      30.8035
    1345      34.0120
    1346      33.5663
    1347      31.7685
    1348      31.5397
    1349      33.8268
    1350      32.7857
    1351      32.8433
    1352      31.5823
    1353      32.9872
    1354      31.6421
    1355      32.2804
    1356      30.9933
    1357      31.7691
    1358      32.9760
    1359      34.1464
    1360      31.3153
    1361      30.5181
    1362      30.8075
    1363      30.8012
    1364      31.9122
    1365      32.9322
    1366      33.5058
    1367      33.9728
    1368      32.1440
    1369      33.3928
    1370      31.8912
    1371      32.2183
    1372      31.8248
    1373      32.2191
    1374      32.5363
    1375      32.3087
    1376      32.3018
    1377      32.9695
    1378      33.2814
    1379      32.2054
    1380      32.3275
    1381      29.9297
    1382      31.2511
    1383      34.4189
    1384      34.0079
    1385      31.7506
    1386      33.0002
    1387      32.1665
    1388      32.2484
    1389      31.4963
    1390      32.8075
    1391      32.6846
    1392      32.5617
    1393      33.8414
    1394      33.5661
    1395      30.5998
    1396      32.5800
    1397      32.5744
    1398      31.9662
    1399      31.1580
    1400      30.4834
    1401      30.4163
    1402      30.8553
    1403      32.2211
    1404      31.4539
    1405      31.9803
    1406      31.8253
    1407      32.9463
    1408      31.7957
    1409      32.5280
    1410      30.7298
    1411      34.1611
    1412      32.9686
    1413      32.1861
    1414      33.4247
    1415      30.8447
    1416      32.3349
    1417      32.9915
    1418      31.4785
    1419      33.9424
    1420      31.2932
    1421      30.8320
    1422      30.2989
    1423      30.9702
    1424      33.4235
    1425      34.1145
    1426      31.2505
    1427      31.7886
    1428      31.3682
    1429      30.0304
    1430      30.1289
    1431      33.0988
    1432      31.6251
    1433      31.1082
    1434      31.5598
    1435      31.9527
    1436      30.4402
    1437      30.3071
    1438      30.0788
    1439      30.3864
    1440      29.6602
    1441      30.6286
    1442      29.9679
    1443      30.5158
    1444      28.7307
    1445      28.9207
    1446      30.0051
    1447      29.4371
    1448      32.1457
    1449      31.3320
    1450      30.8726
    1451      32.7966
    1452      33.2863
    1453      33.2183
    1454      31.3060
    1455      32.2390
    1456      31.8987
    1457      31.9499
    1458      31.3444
    1459      29.8466
    1460      31.0008
    1461      29.8674
    1462      30.4445
    1463      30.9729
    1464      31.8487
    1465      31.9278
    1466      30.8564
    1467      32.5810
    1468      32.0102
    1469      31.7126
    1470      31.7278
    1471      31.4671
    1472      31.9592
    1473      30.3064
    1474      30.4596
    1475      31.3104
    1476      30.5088
    1477      31.2983
    1478      30.1225
    1479      31.4161
    1480      29.0572
    1481      29.8795
    1482      29.9050
    1483      30.1947
    1484      31.4206
    1485      30.9009
    1486      30.6211
    1487      32.4308
    1488      32.5191
    1489      30.7029
    1490      31.7728
    1491      29.4926
    1492      29.3947
    1493      32.3631
    1494      31.1079
    1495      31.3713
    1496      30.0931
    1497      31.9896
    1498      31.7251
    1499      29.5756
    1500      31.0109
    1501      30.3786
    1502      30.8674
    1503      30.9924
    1504      31.6746
    1505      31.2837
    1506      30.9504
    1507      30.9463
    1508      30.6971
    1509      30.0594
    1510      32.5065
    1511      31.0115
    1512      30.9237
    1513      32.5301
    1514      29.4301
    1515      31.7307
    1516      31.5641
    1517      31.3615
    1518      31.0591
    1519      31.9829
    1520      33.5009
    1521      32.2068
    1522      31.6670
    1523      32.7206
    1524      31.1755
    1525      31.4101
    1526      31.7012
    1527      31.5525
    1528      31.1423
    1529      31.3090
    1530      32.6353
    1531      33.6398
    1532      31.2180
    1533      32.4894
    1534      32.4322
    1535      32.0922
    1536      33.2825
    1537      32.5013
    1538      32.2103
    1539      32.7264
    1540      34.1327
    1541      33.6525
    1542      32.6547
    1543      32.7508
    1544      32.3413
    1545      32.1319
    1546      31.4105
    1547      31.6072
    1548      32.0422
    1549      31.1603
    1550      32.5437
    1551      31.6297
    1552      32.8947
    1553      32.5554
    1554      31.1440
    1555      32.2953
    1556      33.2266
    1557      31.4185
    1558      32.9711
    1559      31.5729
    1560      34.4802
    1561      31.6764
    1562      32.3056
    1563      32.1881
    1564      33.0444
    1565      33.2575
    1566      32.7809
    1567      32.5806
    1568      31.6640
    1569      33.0773
    1570      33.5052
    1571      31.9587
    1572      32.9522
    1573      32.1153
    1574      33.5213
    1575      33.6962
    1576      30.8104
    1577      33.1203
    1578      34.3756
    1579      32.5974
    1580      32.3033
    1581      33.6749
    1582      32.7072
    1583      31.5387
    1584      32.2603
    1585      31.7167
    1586      33.1069
    1587      32.7665
    1588      33.3898
    1589      33.7150
    1590      29.7140
    1591      30.4473
    1592      31.4312
    1593      29.9524
    1594      30.8143
    1595      29.0945
    1596      31.1580
    1597      30.1199
    1598      31.5075
    1599      32.8281
    1600      33.5417
    1601      31.0989
    1602      31.2871
    1603      32.4128
    1604      32.6379
    1605      30.5529
    1606      32.5453
    1607      32.5810
    1608      32.3064
    1609      32.0570
    1610      32.4064
    1611      30.8068
    1612      31.8356
    1613      32.5830
    1614      32.5283
    1615      31.8111
    1616      31.2248
    1617      30.7944
    1618      29.2630
    1619      30.3837
    1620      31.0636
    1621      30.4042
    1622      32.4861
    1623      32.4286
    1624      30.6919
    1625      32.3689
    1626      33.6348
    1627      32.0621
    1628      31.2324
    1629      32.5828
    1630      32.2421
    1631      32.9142
    1632      32.1439
    1633      31.6152
    1634      31.2109
    1635      33.6381
    1636      32.5833
    1637      31.9102
    1638      32.3067
    1639      32.4839
    1640      30.3644
    1641      31.7762
    1642      31.3115
    1643      32.1955
    1644      32.2562
    1645      32.1123
    1646      31.5357
    1647      30.4234
    1648      30.9382
    1649      30.7004
    1650      30.6644
    1651      30.1972
    1652      31.1074
    1653      31.1049
    1654      32.3375
    1655      30.8571
    1656      31.6475
    1657      32.8151
    1658      30.8928
    1659      31.6795
    1660      30.5103
    1661      30.7559
    1662      28.5101
    1663      29.6495
    1664      31.0011
    1665      30.7118
    1666      32.3081
    1667      31.6114
    1668      30.9156
    1669      32.2676
    1670      30.7408
    1671      29.5505
    1672      29.1685
    1673      31.1896
    1674      30.2450
    1675      30.8751
    1676      30.1451
    1677      32.5786
    1678      31.8246
    1679      31.1007
    1680      33.7924
    1681      30.7644
    1682      33.0857
    1683      33.5149
    1684      32.2226
    1685      30.1874
    1686      31.0458
    1687      31.9007
    1688      30.9019
    1689      31.1328
    1690      30.8262
    1691      31.4332
    1692      30.4426
    1693      30.5537
    1694      31.5139
    1695      30.7142
    1696      29.2937
    1697      30.8767
    1698      31.8573
    1699      30.8588
    1700      29.9333
    1701      31.8124
    1702      31.6338
    1703      29.8992
    1704      30.8429
    1705      30.9659
    1706      30.9900
    1707      31.2137
    1708      30.6412
    1709      29.2061
    1710      30.8111
    1711      31.3734
    1712      34.2697
    1713      32.6611
    1714      31.8528
    1715      31.1555
    1716      32.1809
    1717      31.9549
    1718      31.6904
    1719      32.0579
    1720      33.4454
    1721      34.9987
    1722      34.1021
    1723      29.4997
    1724      30.7182
    1725      31.9657
    1726      31.3231
    1727      29.1566
    1728      30.8909
    1729      31.8110
    1730      30.3386
    1731      30.7651
    1732      30.4095
    1733      29.9473
    1734      28.3658
    1735      29.1581
    1736      30.0395
    1737      29.7946
    1738      29.6812
    1739      28.7872
    1740      30.5386
    1741      29.3960
    1742      30.7279
    1743      29.2128
    1744      30.8230
    1745      31.6593
    1746      31.1410
    1747      32.1877
    1748      31.4771
    1749      28.4299
    1750      31.6738
    1751      31.1022
    1752      32.2945
    1753      31.0270
    1754      30.0188
    1755      32.3065
    1756      29.7610
    1757      31.5509
    1758      30.3288
    1759      32.7949
    1760      28.7369
    1761      30.8749
    1762      30.1685
    1763      31.1101
    1764      30.5058
    1765      31.1962
    1766      29.5601
    1767      31.1590
    1768      31.3599
    1769      30.2892
    1770      32.8383
    1771      30.9455
    1772      30.8999
    1773      30.0433
    1774      29.5032
    1775      30.0722
    1776      29.4664
    1777      31.8299
    1778      32.5472
    1779      31.6041
    1780      32.1425
    1781      32.2199
    1782      31.2625
    1783      31.7403
    1784      31.2852
    1785      31.6555
    1786      33.5822
    1787      32.6049
    1788      32.4167
    1789      31.2719
    1790      32.2806
    1791      31.8701
    1792      32.9226
    1793      31.3646
    1794      32.4097
    1795      32.3334
    1796      32.6005
    1797      32.1433
    1798      31.2077
    1799      30.9712
    1800      31.6567
    1801      32.1317
    1802      32.1911
    1803      30.7841
    1804      31.4933
    1805      33.0529
    1806      31.7107
    1807      32.2913
    1808      31.7870
    1809      32.1757
    1810      31.0658
    1811      31.1222
    1812      30.8540
    1813      32.4300
    1814      30.6532
    1815      30.9493
    1816      31.3687
    1817      33.2183
    1818      31.1137
    1819      32.6243
    1820      32.7368
    1821      31.8994
    1822      31.9429
    1823      33.9769
    1824      33.8554
    1825      32.8527
    1826      32.6714
    1827      32.1376
    1828      34.1248
    1829      35.5448
    1830      32.6879
    1831      32.2406
    1832      32.4388
    1833      31.7526
    1834      33.2508
    1835      34.0112
    1836      31.9463
    1837      32.1499
    1838      33.2738
    1839      33.5135
    1840      31.0818
    1841      31.9355
    1842      30.8588
    1843      30.9509
    1844      31.6901
    1845      33.1227
    1846      30.5608
    1847      32.9653
    1848      32.5242
    1849      33.0844
    1850      32.6544
    1851      33.1312
    1852      33.7220
    1853      31.6764
    1854      31.4858
    1855      36.2779
    1856      33.6892
    1857      33.3014
    1858      31.7990
    1859      33.0985
    1860      33.4323
    1861      31.2950
    1862      31.9544
    1863      34.0981
    1864      32.8625
    1865      33.0718
    1866      31.8569
    1867      33.2334
    1868      31.3481
    1869      31.7099
    1870      30.7647
    1871      31.5082
    1872      33.2974
    1873      33.1440
    1874      34.4275
    1875      31.9277
    1876      33.8294
    1877      32.7108
    1878      33.5302
    1879      34.7627
    1880      33.0796
    1881      31.8893
    1882      33.4088
    1883      31.3944
    1884      31.6273
    1885      32.9351
    1886      34.5953
    1887      34.3826
    1888      32.1880
    1889      32.5443
    1890      31.7959
    1891      31.8352
    1892      32.3576
    1893      33.6319
    1894      33.0176
    1895      33.7514
    1896      33.3852
    1897      33.7514
    1898      32.5879
    1899      32.1729
    1900      34.0475
    1901      35.5540
    1902      32.6189
    1903      32.7765
    1904      34.2201
    1905      33.0412
    1906      32.7990
    1907      32.8626
    1908      32.7297
    1909      31.4618
    1910      31.4924
    1911      32.7162
    1912      32.7822
    1913      33.8394
    1914      32.4644
    1915      32.3326
    1916      33.1337
    1917      31.2666
    1918      32.4180
    1919      31.9020
    1920      33.6250
    1921      33.5521
    1922      33.0439
    1923      33.1797
    1924      33.0868
    1925      34.5813
    1926      33.1276
    1927      32.2532
    1928      33.5995
    1929      32.7061
    1930      30.5657
    1931      32.1660
    1932      31.6125
    1933      31.8469
    1934      34.7071
    1935      33.1455
    1936      30.9212
    1937      31.8059
    1938      29.5981
    1939      31.0006
    1940      30.9953
    1941      32.4623
    1942      30.0447
    1943      30.4203
    1944      30.8208
    1945      31.0897
    1946      32.7272
    1947      32.5661
    1948      32.6055
    1949      32.4504
    1950      32.5496
    1951      32.4610
    1952      32.0702
    1953      31.4155
    1954      32.0923
    1955      31.8882
    1956      31.6193
    1957      31.3499
    1958      30.4640
    1959      31.5357
    1960      32.3488
    1961      32.4375
    1962      30.7150
    1963      32.3782
    1964      32.6669
    1965      32.6929
    1966      33.2080
    1967      30.3586
    1968      30.9359
    1969      32.6178
    1970      29.6514
    1971      30.8599
    1972      30.9815
    1973      31.5718
    1974      30.0903
    1975      31.7161
    1976      31.5953
    1977      31.6952
    1978      29.9059
    1979      30.0963
    1980      29.0549
    1981      30.2964
    1982      29.4949
    1983      30.9027
    1984      30.8318
    1985      31.3187
    1986      31.9728
    1987      32.5193
    1988      30.7710
    1989      32.2189
    1990      31.5924
    1991      31.9432
    1992      30.7074
    1993      30.0523
    1994      30.6377
    1995      32.3068
    1996      29.3986
    1997      31.3691
    1998      32.1617
    1999      33.6197
    2000      31.6949
