#Frame     end-to-end
       1      43.2634
       2      43.6354
       3      43.6943
       4      44.9289
       5      42.2607
       6      43.0693
       7      42.0024
       8      41.6061
       9      42.2905
      10      41.5893
      11      40.7880
      12      42.2475
      13      41.4698
      14      40.9690
      15      42.2247
      16      43.4846
      17      42.6570
      18      41.3343
      19      41.2048
      20      41.1705
      21      43.9994
      22      40.9680
      23      42.3580
      24      42.8125
      25      43.2694
      26      42.8084
      27      41.8006
      28      42.9979
      29      41.6115
      30      42.4201
      31      43.3315
      32      42.4631
      33      43.1898
      34      43.4738
      35      42.5330
      36      42.9430
      37      42.7981
      38      42.8486
      39      42.7311
      40      43.1180
      41      43.8544
      42      42.7415
      43      42.3044
      44      42.0116
      45      42.0272
      46      41.7903
      47      42.2665
      48      42.2617
      49      41.8183
      50      41.1324
      51      43.6601
      52      43.8478
      53      45.0360
      54      44.8765
      55      43.7884
      56      44.1877
      57      44.1638
      58      42.8836
      59      44.4932
      60      44.4556
      61      42.7972
      62      42.7056
      63      42.7753
      64      42.9580
      65      42.0101
      66      41.4118
      67      41.8691
      68      42.7043
      69      44.5733
      70      42.5965
      71      43.5954
      72      44.7184
      73      43.5467
      74      44.1873
      75      44.4651
      76      43.9488
      77      44.8807
      78      44.5807
      79      44.5061
      80      43.9602
      81      45.0884
      82      45.6754
      83      44.3964
      84      44.7962
      85      43.2866
      86      43.3199
      87      41.7821
      88      43.9810
      89      45.0010
      90      43.1229
      91      44.0413
      92      42.4192
      93      42.0046
      94      41.4052
      95      42.4933
      96      42.1078
      97      42.0463
      98      41.7674
      99      42.7894
     100      42.2866
     101      42.2987
     102      40.7548
     103      42.1702
     104      40.2878
     105      41.3647
     106      41.5229
     107      39.7123
     108      42.2569
     109      44.0599
     110      43.3561
     111      41.0900
     112      42.0701
     113      43.0473
     114      41.8847
     115      42.6859
     116      42.3270
     117      41.8597
     118      42.4552
     119      43.5039
     120      44.4312
     121      44.9200
     122      45.6695
     123      45.5304
     124      44.5130
     125      43.5681
     126      43.8501
     127      44.6059
     128      43.6683
     129      43.6934
     130      42.6263
     131      42.5223
     132      42.2452
     133      42.6350
     134      41.5931
     135      43.8193
     136      43.8195
     137      44.3167
     138      42.3209
     139      44.2183
     140      44.0541
     141      43.1905
     142      43.5003
     143      43.0839
     144      41.3508
     145      42.5273
     146      40.3124
     147      41.9109
     148      42.8059
     149      44.5837
     150      43.3002
     151      42.4897
     152      43.0362
     153      43.6586
     154      44.7408
     155      42.7356
     156      41.6398
     157      44.5821
     158      43.3231
     159      42.3663
     160      43.3532
     161      45.2646
     162      44.6067
     163      44.3792
     164      44.2682
     165      44.3751
     166      44.9007
     167      45.4113
     168      44.0439
     169      41.8297
     170      42.4884
     171      42.6054
     172      42.2435
     173      44.6730
     174      41.4252
     175      44.1870
     176      43.4532
     177      43.5851
     178      44.0155
     179      43.1455
     180      44.2921
     181      42.3723
     182      43.7263
     183      44.5691
     184      43.1873
     185      43.9404
     186      43.7964
     187      44.8660
     188      44.5068
     189      43.8113
     190      43.4248
     191      41.8260
     192      44.0920
     193      42.6359
     194      42.9296
     195      42.4495
     196      42.8856
     197      44.0744
     198      42.8297
     199      42.8265
     200      43.0503
     201      43.4700
     202      42.6229
     203      43.2919
     204      41.7061
     205      43.9620
     206      42.5115
     207      43.5474
     208      43.3506
     209      43.7124
     210      41.1832
     211      42.1904
     212      42.3336
     213      41.7506
     214      41.0957
     215      42.5543
     216      41.1619
     217      42.4357
     218      44.6025
     219      44.5297
     220      42.8130
     221      42.5836
     222      43.5310
     223      43.4908
     224      43.1001
     225      43.4438
     226      42.5377
     227      42.4929
     228      41.7520
     229      42.0918
     230      40.8125
     231      41.3190
     232      41.0489
     233      42.5614
     234      39.9957
     235      40.9800
     236      40.6927
     237      41.3765
     238      42.7819
     239      41.9056
     240      42.4377
     241      42.6450
     242      42.2611
     243      43.8997
     244      43.9142
     245      45.4349
     246      44.2455
     247      44.7052
     248      43.5171
     249      43.4939
     250      42.5751
     251      44.2365
     252      44.9074
     253      44.2222
     254      42.9025
     255      44.7462
     256      43.0701
     257      41.4439
     258      43.3754
     259      43.4849
     260      44.6568
     261      45.9680
     262      45.9417
     263      45.6507
     264      45.3531
     265      43.9590
     266      44.3409
     267      44.1200
     268      46.0266
     269      43.4772
     270      46.3300
     271      45.5336
     272      46.1292
     273      45.6971
     274      46.0410
     275      44.2506
     276      46.3135
     277      46.3312
     278      46.4131
     279      42.7967
     280      43.2582
     281      44.5019
     282      43.2836
     283      42.5410
     284      43.8836
     285      44.7779
     286      44.0702
     287      44.1019
     288      44.0246
     289      43.9916
     290      44.3060
     291      42.3588
     292      44.9108
     293      43.6418
     294      42.5198
     295      43.9334
     296      43.6801
     297      44.9731
     298      43.8898
     299      43.8758
     300      42.4717
     301      42.5839
     302      42.8241
     303      43.4948
     304      44.2322
     305      43.9033
     306      44.9112
     307      42.7318
     308      44.2363
     309      43.6492
     310      43.3567
     311      44.1376
     312      43.9279
     313      42.9349
     314      43.8282
     315      44.4658
     316      43.9069
     317      45.4069
     318      44.8341
     319      43.1647
     320      45.7183
     321      45.0624
     322      45.6338
     323      45.4240
     324      45.1827
     325      46.0848
     326      45.3551
     327      45.3137
     328      45.2928
     329      45.2879
     330      45.6453
     331      45.6537
     332      45.2520
     333      45.3938
     334      44.6013
     335      44.5122
     336      45.3798
     337      47.2284
     338      44.4250
     339      45.7759
     340      44.0495
     341      45.1773
     342      44.8029
     343      45.2576
     344      44.5328
     345      46.7084
     346      44.0062
     347      45.9892
     348      45.8944
     349      43.9663
     350      44.6281
     351      44.9667
     352      43.2018
     353      45.7388
     354      43.9685
     355      44.6817
     356      44.3271
     357      44.5827
     358      43.8585
     359      42.5787
     360      45.8520
     361      46.2745
     362      44.1220
     363      43.6953
     364      43.2848
     365      43.6741
     366      42.6097
     367      45.0341
     368      43.8505
     369      45.1158
     370      42.6755
     371      45.8908
     372      45.6323
     373      45.5510
     374      44.4158
     375      42.7612
     376      43.9882
     377      42.4991
     378      43.1807
     379      44.1897
     380      43.2272
     381      42.6898
     382      43.2932
     383      44.4108
     384      42.9756
     385      43.6895
     386      42.3789
     387      41.0051
     388      40.9432
     389      42.5546
     390      39.0502
     391      40.8776
     392      40.6750
     393      41.2587
     394      44.5152
     395      44.4318
     396      48.1349
     397      45.8194
     398      44.1207
     399      43.5958
     400      44.6849
     401      43.4888
     402      43.9364
     403      44.9803
     404      46.1181
     405      44.4615
     406      42.3705
     407      42.0993
     408      42.2698
     409      43.1279
     410      43.3816
     411      42.0435
     412      41.5943
     413      42.3979
     414      40.6920
     415      41.8185
     416      40.9356
     417      42.0131
     418      42.1044
     419      43.2565
     420      44.4026
     421      45.2759
     422      43.8692
     423      45.2301
     424      47.3846
     425      48.4912
     426      48.5237
     427      47.5208
     428      48.9280
     429      48.5330
     430      49.1431
     431      48.2208
     432      47.8659
     433      46.4192
     434      46.6438
     435      48.4249
     436      47.6003
     437      45.0418
     438      44.2110
     439      44.1449
     440      43.0841
     441      44.6972
     442      43.5993
     443      42.3112
     444      43.6774
     445      41.8703
     446      41.0594
     447      45.6962
     448      45.2128
     449      46.9662
     450      46.5838
     451      48.8402
     452      47.6069
     453      47.5814
     454      44.7068
     455      44.3660
     456      43.6697
     457      44.7522
     458      43.6505
     459      43.7969
     460      43.1713
     461      42.5231
     462      44.0130
     463      44.4029
     464      45.7202
     465      42.8704
     466      43.6259
     467      40.8712
     468      43.1573
     469      43.8884
     470      43.2729
     471      46.1749
     472      43.8682
     473      45.4463
     474      44.6687
     475      43.0160
     476      42.5849
     477      42.5686
     478      43.3557
     479      41.2422
     480      42.7970
     481      40.5258
     482      42.4722
     483      40.1700
     484      41.8908
     485      41.5937
     486      40.9172
     487      41.3672
     488      42.4625
     489      42.3116
     490      41.9863
     491      41.7511
     492      42.6090
     493      41.0411
     494      41.1489
     495      40.0271
     496      41.3316
     497      42.3357
     498      43.0820
     499      42.4827
     500      44.0797
     501      43.1006
     502      43.3433
     503      42.8534
     504      44.9356
     505      43.5458
     506      42.7714
     507      45.7777
     508      45.7094
     509      43.4339
     510      43.2206
     511      42.2185
     512      42.0011
     513      44.5191
     514      42.5073
     515      41.6011
     516      42.1125
     517      42.1880
     518      42.9983
     519      43.3442
     520      44.5384
     521      43.2526
     522      44.6721
     523      44.5262
     524      43.5743
     525      40.7092
     526      43.7824
     527      43.2278
     528      42.6589
     529      43.7090
     530      44.2621
     531      45.4817
     532      46.6109
     533      44.7599
     534      43.4242
     535      43.9226
     536      45.7322
     537      44.3277
     538      43.4146
     539      44.6655
     540      42.8072
     541      44.0529
     542      43.9943
     543      44.5648
     544      45.5250
     545      44.3851
     546      44.2493
     547      44.3459
     548      48.7251
     549      47.5054
     550      47.2064
     551      46.1684
     552      47.6992
     553      46.2786
     554      44.2358
     555      45.2564
     556      47.1827
     557      46.4635
     558      46.5791
     559      45.2790
     560      45.3440
     561      44.7405
     562      46.9890
     563      49.1187
     564      50.3512
     565      48.9421
     566      49.1395
     567      46.5197
     568      47.6613
     569      50.0054
     570      48.0843
     571      45.0811
     572      45.4546
     573      45.0102
     574      45.1334
     575      42.1284
     576      42.3672
     577      43.2798
     578      43.1780
     579      42.9257
     580      47.7299
     581      45.3978
     582      44.6612
     583      44.6832
     584      45.1781
     585      46.2436
     586      43.5477
     587      43.6572
     588      44.3319
     589      46.2034
     590      46.3857
     591      45.4327
     592      43.9975
     593      43.5762
     594      41.5047
     595      40.2735
     596      39.3382
     597      42.2802
     598      43.2612
     599      42.6779
     600      42.4911
     601      41.4781
     602      41.8462
     603      45.5085
     604      42.6531
     605      42.6683
     606      42.5595
     607      42.6232
     608      42.6595
     609      43.7928
     610      43.4274
     611      41.7509
     612      42.9658
     613      41.9040
     614      41.5053
     615      41.4681
     616      39.6579
     617      41.2711
     618      41.4978
     619      43.3223
     620      43.4153
     621      42.5146
     622      41.7181
     623      40.0503
     624      41.1468
     625      40.7585
     626      39.8151
     627      39.5406
     628      40.1597
     629      40.2179
     630      40.2063
     631      40.4529
     632      40.1814
     633      41.0599
     634      40.4974
     635      40.4301
     636      40.0171
     637      40.1368
     638      40.6311
     639      39.9648
     640      40.3750
     641      38.9335
     642      39.5464
     643      39.9994
     644      40.5453
     645      40.7133
     646      39.3759
     647      40.2873
     648      39.0581
     649      39.3292
     650      39.2237
     651      39.4238
     652      39.5037
     653      39.8082
     654      39.8429
     655      39.3937
     656      39.2768
     657      39.1053
     658      39.1348
     659      39.0739
     660      38.3062
     661      39.4504
     662      38.5815
     663      39.6666
     664      39.2136
     665      39.3872
     666      40.9831
     667      40.4417
     668      40.6236
     669      40.2280
     670      39.8900
     671      38.9590
     672      39.2953
     673      40.2210
     674      40.7842
     675      39.6240
     676      38.6573
     677      38.0178
     678      40.1763
     679      38.4239
     680      37.9677
     681      40.6388
     682      38.2153
     683      40.3108
     684      40.0091
     685      40.0580
     686      40.6474
     687      39.9207
     688      39.7261
     689      39.4693
     690      39.8441
     691      39.1980
     692      38.8847
     693      38.6180
     694      40.8278
     695      39.8259
     696      38.3957
     697      39.1438
     698      39.4568
     699      39.2024
     700      39.9203
     701      39.5599
     702      39.7503
     703      39.0531
     704      40.1101
     705      39.5454
     706      38.7433
     707      39.7308
     708      39.5068
     709      38.7980
     710      39.6687
     711      40.0400
     712      40.6610
     713      40.0378
     714      40.7464
     715      39.8047
     716      38.7984
     717      38.7070
     718      39.7124
     719      40.7921
     720      39.9052
     721      40.4598
     722      39.7476
     723      39.8524
     724      39.8305
     725      40.7423
     726      40.5288
     727      39.9942
     728      40.0494
     729      38.8884
     730      39.4951
     731      40.3613
     732      40.2776
     733      37.6775
     734      39.8298
     735      40.2678
     736      39.6722
     737      38.8484
     738      39.0507
     739      39.2144
     740      39.3707
     741      39.6646
     742      39.6455
     743      39.7667
     744      40.8008
     745      39.4642
     746      40.6805
     747      41.1985
     748      39.4619
     749      39.6864
     750      40.1482
     751      39.0859
     752      38.8450
     753      39.1812
     754      40.3741
     755      40.7516
     756      41.6073
     757      40.7749
     758      41.4045
     759      41.3798
     760      42.5291
     761      40.3705
     762      43.2427
     763      41.1686
     764      40.0322
     765      40.5049
     766      39.6129
     767      39.8628
     768      39.0634
     769      39.9092
     770      40.3475
     771      39.9192
     772      39.1057
     773      43.6231
     774      41.7107
     775      42.4086
     776      43.3088
     777      44.9754
     778      42.2653
     779      42.0709
     780      42.1122
     781      40.5980
     782      43.5222
     783      42.1036
     784      42.0269
     785      41.7012
     786      42.0869
     787      43.5929
     788      42.2863
     789      41.1621
     790      42.6131
     791      43.2672
     792      40.7197
     793      44.0793
     794      43.8651
     795      44.0244
     796      43.3530
     797      43.9416
     798      41.7450
     799      43.1310
     800      42.7016
     801      42.4078
     802      44.3658
     803      42.7451
     804      43.6280
     805      43.6262
     806      44.3080
     807      44.0087
     808      43.8565
     809      42.6588
     810      42.2627
     811      42.1235
     812      41.5145
     813      41.8388
     814      41.2731
     815      41.2779
     816      42.3434
     817      42.5797
     818      43.0017
     819      43.7619
     820      44.4580
     821      44.7218
     822      44.7309
     823      42.9543
     824      44.4252
     825      44.8701
     826      43.9289
     827      43.6114
     828      42.4010
     829      41.9170
     830      44.0719
     831      42.5832
     832      43.0683
     833      42.1358
     834      43.4841
     835      44.7877
     836      43.5158
     837      46.1496
     838      42.7111
     839      46.3930
     840      44.7649
     841      46.4053
     842      43.1426
     843      44.1735
     844      43.5439
     845      44.3399
     846      44.5602
     847      41.8957
     848      43.0935
     849      43.2282
     850      44.6867
     851      44.0909
     852      43.4555
     853      42.8727
     854      43.2495
     855      43.5586
     856      42.9044
     857      44.6164
     858      42.6563
     859      41.9757
     860      43.6249
     861      41.6177
     862      40.6427
     863      44.4099
     864      44.8289
     865      43.1342
     866      41.1526
     867      43.3339
     868      43.8787
     869      43.4312
     870      45.6996
     871      43.3820
     872      42.0136
     873      42.7247
     874      42.0016
     875      41.2566
     876      40.2163
     877      39.6848
     878      40.6992
     879      40.0168
     880      42.0619
     881      42.3871
     882      41.8582
     883      40.0540
     884      41.8399
     885      42.6109
     886      42.8127
     887      43.2067
     888      43.6325
     889      42.8709
     890      41.6131
     891      42.7269
     892      46.3156
     893      43.8017
     894      44.5076
     895      43.5098
     896      43.6427
     897      43.4368
     898      43.2475
     899      39.8808
     900      39.9302
     901      41.4686
     902      40.2346
     903      39.4613
     904      40.7970
     905      40.9840
     906      41.9484
     907      42.4642
     908      45.0922
     909      40.1231
     910      41.5130
     911      41.0935
     912      39.2898
     913      42.6326
     914      43.6345
     915      43.1885
     916      45.1265
     917      46.2626
     918      46.8840
     919      43.2634
     920      41.8704
     921      43.1628
     922      41.9468
     923      43.6345
     924      41.0169
     925      44.5962
     926      44.4736
     927      48.5109
     928      45.3300
     929      41.7390
     930      40.4635
     931      43.1124
     932      45.1816
     933      49.6351
     934      42.7225
     935      43.4676
     936      45.3172
     937      43.8553
     938      44.5012
     939      45.8823
     940      47.5594
     941      46.5082
     942      48.2703
     943      45.7803
     944      46.8333
     945      48.9818
     946      51.2245
     947      46.6896
     948      48.2693
     949      50.0371
     950      48.4637
     951      50.5302
     952      51.4823
     953      46.7971
     954      44.1166
     955      44.6328
     956      43.9075
     957      45.2833
     958      44.9977
     959      44.9949
     960      46.0864
     961      41.6617
     962      43.5139
     963      42.9281
     964      45.5340
     965      44.1189
     966      43.0299
     967      42.9230
     968      45.3790
     969      44.8855
     970      43.6761
     971      45.4806
     972      44.6064
     973      44.6232
     974      45.2881
     975      41.1485
     976      44.3646
     977      43.2629
     978      41.9739
     979      43.0723
     980      41.6482
     981      43.0417
     982      43.1408
     983      44.9057
     984      47.5609
     985      44.7147
     986      44.8253
     987      45.3871
     988      42.5667
     989      42.8250
     990      45.0163
     991      44.6243
     992      41.3265
     993      44.8099
     994      42.4706
     995      44.4115
     996      43.1701
     997      43.3259
     998      49.0800
     999      43.5654
    1000      44.3940
    1001      45.6181
    1002      46.2064
    1003      45.2478
    1004      47.1833
    1005      47.1859
    1006      47.8853
    1007      44.4478
    1008      44.6282
    1009      44.9109
    1010      45.3872
    1011      45.0136
    1012      43.7662
    1013      43.7770
    1014      44.0494
    1015      43.3131
    1016      42.4026
    1017      45.5503
    1018      41.7954
    1019      42.8737
    1020      43.4333
    1021      45.6481
    1022      45.3278
    1023      46.3078
    1024      45.6924
    1025      42.7262
    1026      42.8853
    1027      42.3334
    1028      43.2245
    1029      42.1255
    1030      41.8881
    1031      42.4920
    1032      43.0609
    1033      43.0265
    1034      43.8303
    1035      42.6735
    1036      42.8730
    1037      42.5260
    1038      41.3911
    1039      42.4161
    1040      41.1552
    1041      43.0472
    1042      43.5833
    1043      42.2762
    1044      43.1946
    1045      41.8430
    1046      40.8139
    1047      43.4198
    1048      43.1851
    1049      42.7981
    1050      42.9822
    1051      44.0831
    1052      44.3068
    1053      44.9788
    1054      42.7978
    1055      42.4647
    1056      43.9871
    1057      43.2756
    1058      44.2738
    1059      43.9573
    1060      43.2721
    1061      42.1372
    1062      42.5107
    1063      42.7270
    1064      41.4359
    1065      43.3120
    1066      42.0453
    1067      40.9416
    1068      42.8411
    1069      43.1473
    1070      43.9728
    1071      41.2209
    1072      43.1609
    1073      43.6808
    1074      43.2914
    1075      43.6634
    1076      44.1039
    1077      41.5224
    1078      43.4263
    1079      42.0177
    1080      40.9692
    1081      40.7716
    1082      43.3694
    1083      39.8298
    1084      42.2370
    1085      43.4536
    1086      40.3085
    1087      42.2000
    1088      40.7702
    1089      41.6994
    1090      42.4522
    1091      43.7245
    1092      44.1152
    1093      43.5560
    1094      41.8020
    1095      40.2537
    1096      42.7787
    1097      40.4096
    1098      41.9946
    1099      45.4041
    1100      46.4493
    1101      43.8942
    1102      44.3879
    1103      44.1373
    1104      44.2669
    1105      44.1942
    1106      44.3790
    1107      41.9628
    1108      42.9902
    1109      40.8177
    1110      42.8291
    1111      43.8067
    1112      42.5212
    1113      45.1331
    1114      45.2976
    1115      42.4456
    1116      44.0247
    1117      42.4101
    1118      44.2221
    1119      44.8790
    1120      43.3132
    1121      43.3926
    1122      41.4847
    1123      40.0718
    1124      41.3092
    1125      41.9933
    1126      43.8673
    1127      43.6338
    1128      43.9421
    1129      42.6205
    1130      41.6835
    1131      40.8888
    1132      39.8289
    1133      39.6247
    1134      39.7013
    1135      39.6102
    1136      39.8732
    1137      40.0305
    1138      40.3791
    1139      41.2164
    1140      40.0543
    1141      39.2160
    1142      38.6572
    1143      39.8015
    1144      40.5886
    1145      41.1928
    1146      40.6486
    1147      40.7893
    1148      44.3343
    1149      42.4373
    1150      43.8944
    1151      42.4773
    1152      44.1747
    1153      44.7793
    1154      44.5044
    1155      43.0441
    1156      43.7792
    1157      42.4306
    1158      45.5082
    1159      42.1751
    1160      45.6558
    1161      44.7368
    1162      45.7670
    1163      49.3269
    1164      43.6785
    1165      46.8417
    1166      45.4930
    1167      42.2496
    1168      42.6308
    1169      43.7587
    1170      40.4673
    1171      41.9198
    1172      42.2260
    1173      40.9840
    1174      43.1713
    1175      42.4402
    1176      43.5247
    1177      43.7452
    1178      46.8056
    1179      46.0011
    1180      45.9110
    1181      43.9094
    1182      45.1961
    1183      43.3845
    1184      44.4205
    1185      43.9156
    1186      44.2545
    1187      42.8715
    1188      45.4868
    1189      41.0940
    1190      43.8576
    1191      45.0515
    1192      44.5770
    1193      44.0222
    1194      44.8310
    1195      42.7619
    1196      45.8831
    1197      47.6602
    1198      42.6766
    1199      44.4137
    1200      43.4399
    1201      45.7565
    1202      44.5140
    1203      45.4846
    1204      42.0982
    1205      43.8846
    1206      43.6835
    1207      44.5803
    1208      45.8659
    1209      44.6914
    1210      43.1805
    1211      46.1798
    1212      45.1553
    1213      43.8654
    1214      44.5784
    1215      43.1237
    1216      41.8789
    1217      43.7323
    1218      45.6946
    1219      46.3369
    1220      43.5955
    1221      46.5576
    1222      44.3601
    1223      47.0266
    1224      47.2049
    1225      48.8882
    1226      48.6790
    1227      47.6316
    1228      47.9294
    1229      49.4402
    1230      46.2032
    1231      46.4041
    1232      46.1280
    1233      48.0204
    1234      47.6664
    1235      45.5222
    1236      48.2153
    1237      47.0273
    1238      47.8062
    1239      46.4387
    1240      47.7535
    1241      43.8118
    1242      46.3010
    1243      46.5031
    1244      44.1599
    1245      47.6691
    1246      46.6295
    1247      48.2681
    1248      45.0802
    1249      43.5566
    1250      46.9036
    1251      44.7103
    1252      43.7398
    1253      45.6208
    1254      44.4191
    1255      44.3775
    1256      43.7261
    1257      46.9491
    1258      46.7057
    1259      47.0751
    1260      43.9430
    1261      44.1162
    1262      43.2031
    1263      42.7703
    1264      43.1600
    1265      43.6786
    1266      42.8264
    1267      45.5281
    1268      47.0092
    1269      41.6291
    1270      41.8161
    1271      45.6377
    1272      44.5146
    1273      41.5786
    1274      42.6828
    1275      41.8806
    1276      43.9342
    1277      45.3523
    1278      42.0920
    1279      41.7508
    1280      43.6945
    1281      43.5293
    1282      42.6762
    1283      42.2762
    1284      44.6308
    1285      45.1090
    1286      46.3974
    1287      43.5029
    1288      44.2570
    1289      44.0375
    1290      42.8515
    1291      43.1415
    1292      44.3818
    1293      41.7278
    1294      40.8494
    1295      42.7624
    1296      44.1644
    1297      41.3539
    1298      41.4285
    1299      42.6413
    1300      40.4274
    1301      42.8293
    1302      40.5072
    1303      42.0898
    1304      42.7879
    1305      43.4958
    1306      42.4777
    1307      42.3961
    1308      43.9910
    1309      43.4980
    1310      40.5539
    1311      43.4825
    1312      43.6783
    1313      42.1015
    1314      46.3958
    1315      44.2845
    1316      43.0022
    1317      44.5911
    1318      42.6895
    1319      44.9567
    1320      47.0081
    1321      43.7981
    1322      45.0386
    1323      44.2014
    1324      44.0731
    1325      45.9799
    1326      45.1897
    1327      47.4945
    1328      45.8480
    1329      43.6665
    1330      42.2088
    1331      41.5914
    1332      46.7010
    1333      44.0952
    1334      42.7460
    1335      43.0128
    1336      40.9441
    1337      40.2789
    1338      42.1389
    1339      41.6193
    1340      41.8763
    1341      41.8927
    1342      42.1447
    1343      44.7806
    1344      41.6564
    1345      42.5621
    1346      42.5363
    1347      42.1734
    1348      43.0625
    1349      42.3909
    1350      43.6438
    1351      42.2168
    1352      42.7005
    1353      40.7316
    1354      41.9738
    1355      39.3181
    1356      40.7909
    1357      40.1102
    1358      40.8737
    1359      41.8752
    1360      41.6718
    1361      43.6935
    1362      41.8190
    1363      40.8034
    1364      42.2763
    1365      41.8812
    1366      40.9908
    1367      40.3272
    1368      41.2733
    1369      39.8987
    1370      41.3437
    1371      39.6922
    1372      38.9732
    1373      41.6105
    1374      41.3489
    1375      41.7360
    1376      43.1191
    1377      44.3661
    1378      42.2213
    1379      41.5508
    1380      43.5102
    1381      39.6577
    1382      40.9265
    1383      44.4145
    1384      41.3667
    1385      45.5718
    1386      43.5258
    1387      43.3576
    1388      44.5703
    1389      41.6469
    1390      43.8259
    1391      43.0212
    1392      41.4453
    1393      41.2860
    1394      40.9726
    1395      40.5005
    1396      41.5699
    1397      41.4708
    1398      41.6944
    1399      42.1463
    1400      40.7556
    1401      43.6245
    1402      41.6004
    1403      43.1124
    1404      39.8607
    1405      38.9227
    1406      40.5867
    1407      42.2058
    1408      39.9286
    1409      41.9390
    1410      39.6434
    1411      43.2990
    1412      42.7001
    1413      43.8994
    1414      41.5430
    1415      43.0033
    1416      42.1243
    1417      45.5326
    1418      42.6696
    1419      41.3668
    1420      41.5160
    1421      44.3327
    1422      40.6211
    1423      42.1680
    1424      40.1022
    1425      41.4061
    1426      41.7397
    1427      42.1799
    1428      42.6430
    1429      43.1409
    1430      43.0746
    1431      41.8510
    1432      40.9916
    1433      42.6230
    1434      42.9901
    1435      42.9746
    1436      42.7723
    1437      42.4496
    1438      41.0254
    1439      43.3860
    1440      42.3704
    1441      43.4371
    1442      42.0876
    1443      41.9694
    1444      41.5403
    1445      41.0765
    1446      42.9800
    1447      43.6171
    1448      40.8917
    1449      45.1226
    1450      41.4286
    1451      42.5599
    1452      42.3615
    1453      41.7331
    1454      43.0199
    1455      44.6422
    1456      40.6714
    1457      42.7749
    1458      41.6991
    1459      42.1635
    1460      42.2342
    1461      42.3744
    1462      42.8512
    1463      44.1486
    1464      41.5779
    1465      43.8239
    1466      43.7916
    1467      43.1195
    1468      42.6173
    1469      39.7183
    1470      39.5712
    1471      41.4660
    1472      42.1983
    1473      41.4389
    1474      44.6053
    1475      42.9109
    1476      45.7433
    1477      46.8070
    1478      45.7989
    1479      42.6971
    1480      43.3222
    1481      43.9566
    1482      46.5156
    1483      42.7040
    1484      43.4948
    1485      46.1259
    1486      43.6233
    1487      44.1635
    1488      44.7290
    1489      48.3939
    1490      47.7661
    1491      45.3133
    1492      47.1608
    1493      42.4666
    1494      42.6726
    1495      45.8257
    1496      42.0447
    1497      41.6998
    1498      41.3173
    1499      42.0176
    1500      42.0292
    1501      42.1452
    1502      42.6406
    1503      44.2335
    1504      42.2574
    1505      42.5433
    1506      44.6613
    1507      43.2266
    1508      45.2520
    1509      44.3320
    1510      46.2421
    1511      44.9900
    1512      44.1950
    1513      40.8325
    1514      42.5083
    1515      40.6807
    1516      42.8237
    1517      43.3401
    1518      43.3345
    1519      43.0790
    1520      42.4014
    1521      44.6341
    1522      44.6167
    1523      46.5685
    1524      43.9816
    1525      44.5653
    1526      42.6948
    1527      42.8737
    1528      46.8500
    1529      51.2097
    1530      46.2672
    1531      44.4843
    1532      44.9213
    1533      41.4745
    1534      44.5492
    1535      43.6750
    1536      43.7564
    1537      45.4462
    1538      43.8151
    1539      44.7239
    1540      42.8842
    1541      43.4462
    1542      43.6554
    1543      44.8365
    1544      44.7398
    1545      45.0470
    1546      42.2929
    1547      42.9018
    1548      44.0167
    1549      43.0694
    1550      45.3558
    1551      43.1992
    1552      42.2497
    1553      41.3572
    1554      44.0385
    1555      43.0525
    1556      45.6790
    1557      43.0320
    1558      43.3261
    1559      46.9923
    1560      43.6737
    1561      44.2680
    1562      43.8217
    1563      43.1870
    1564      42.9599
    1565      39.9688
    1566      41.0376
    1567      41.2746
    1568      43.0157
    1569      42.0847
    1570      42.8504
    1571      39.9601
    1572      41.3764
    1573      41.2243
    1574      42.1217
    1575      44.5452
    1576      45.6863
    1577      42.9483
    1578      41.0143
    1579      40.7699
    1580      39.2926
    1581      41.1491
    1582      42.2733
    1583      42.5400
    1584      42.3549
    1585      44.5951
    1586      43.4210
    1587      41.8687
    1588      42.4890
    1589      41.5849
    1590      42.0560
    1591      43.8169
    1592      45.9675
    1593      46.6490
    1594      47.0206
    1595      45.2695
    1596      43.6652
    1597      42.1896
    1598      43.5824
    1599      44.7593
    1600      41.1042
    1601      42.6925
    1602      41.8773
    1603      40.3394
    1604      43.9808
    1605      42.8152
    1606      41.5896
    1607      42.2132
    1608      42.6007
    1609      43.3400
    1610      42.4406
    1611      41.3432
    1612      40.7778
    1613      42.3099
    1614      42.3167
    1615      43.2157
    1616      44.7350
    1617      45.1102
    1618      43.5740
    1619      42.4683
    1620      44.5152
    1621      43.9241
    1622      44.1227
    1623      45.6817
    1624      44.9283
    1625      42.8728
    1626      43.6059
    1627      44.2774
    1628      46.4749
    1629      47.8449
    1630      46.5746
    1631      44.9313
    1632      45.7069
    1633      43.3914
    1634      43.6935
    1635      45.4586
    1636      44.3196
    1637      43.4280
    1638      43.4827
    1639      44.0822
    1640      39.7771
    1641      40.5768
    1642      40.8670
    1643      43.0448
    1644      43.3555
    1645      42.2137
    1646      42.2853
    1647      41.1501
    1648      41.1835
    1649      41.8020
    1650      40.9527
    1651      43.5025
    1652      43.0266
    1653      45.4473
    1654      43.9028
    1655      45.6416
    1656      42.4458
    1657      41.2658
    1658      44.0146
    1659      42.7772
    1660      42.6866
    1661      43.4496
    1662      42.4787
    1663      46.0621
    1664      44.1929
    1665      42.2945
    1666      44.2843
    1667      42.6643
    1668      43.1830
    1669      42.9553
    1670      42.7304
    1671      44.2784
    1672      44.6283
    1673      42.6049
    1674      44.5442
    1675      43.8623
    1676      42.1791
    1677      45.4522
    1678      44.1685
    1679      44.4308
    1680      41.3601
    1681      42.1095
    1682      45.5371
    1683      45.3232
    1684      43.7822
    1685      42.8978
    1686      43.2534
    1687      42.7264
    1688      43.9280
    1689      42.4648
    1690      43.2716
    1691      41.2474
    1692      41.5679
    1693      42.0553
    1694      41.9054
    1695      41.5110
    1696      43.7213
    1697      43.7482
    1698      43.0794
    1699      41.4576
    1700      41.9023
    1701      44.1304
    1702      43.6708
    1703      44.1901
    1704      43.3506
    1705      44.5442
    1706      45.0512
    1707      44.4804
    1708      42.7785
    1709      42.6997
    1710      43.7062
    1711      41.1049
    1712      43.3486
    1713      41.8015
    1714      44.1876
    1715      43.2526
    1716      42.7250
    1717      42.0353
    1718      42.8882
    1719      42.5614
    1720      41.5031
    1721      42.1340
    1722      40.9273
    1723      43.1507
    1724      42.9819
    1725      42.5717
    1726      44.5174
    1727      43.3673
    1728      44.1529
    1729      42.0955
    1730      42.9721
    1731      44.3506
    1732      42.0310
    1733      43.3739
    1734      42.3292
    1735      43.8853
    1736      43.4525
    1737      41.9710
    1738      41.2767
    1739      41.0111
    1740      41.7038
    1741      44.8158
    1742      40.5592
    1743      42.4069
    1744      42.0152
    1745      40.5424
    1746      41.1597
    1747      40.7479
    1748      42.9411
    1749      41.0779
    1750      42.1349
    1751      42.7449
    1752      41.0549
    1753      40.4721
    1754      41.1920
    1755      43.3145
    1756      40.6591
    1757      43.4859
    1758      43.0743
    1759      43.1980
    1760      41.8737
    1761      40.5591
    1762      42.2446
    1763      41.8509
    1764      41.3366
    1765      41.4186
    1766      41.0398
    1767      39.8671
    1768      42.0504
    1769      41.3773
    1770      41.5822
    1771      41.6501
    1772      40.9397
    1773      41.3843
    1774      40.5486
    1775      41.0047
    1776      42.5705
    1777      40.7936
    1778      41.4867
    1779      39.9772
    1780      44.0007
    1781      41.9229
    1782      44.2122
    1783      44.1589
    1784      43.5166
    1785      44.1935
    1786      42.7534
    1787      42.2533
    1788      41.7933
    1789      42.3156
    1790      43.4339
    1791      43.6891
    1792      42.3870
    1793      40.5424
    1794      41.6084
    1795      41.5136
    1796      44.4316
    1797      43.8769
    1798      44.4805
    1799      44.0834
    1800      43.4498
    1801      43.9529
    1802      43.2826
    1803      44.5417
    1804      46.1143
    1805      44.3544
    1806      44.1932
    1807      43.8202
    1808      44.2206
    1809      45.5527
    1810      45.1160
    1811      43.4865
    1812      41.9384
    1813      41.6301
    1814      43.0486
    1815      44.0512
    1816      41.1851
    1817      42.7736
    1818      43.4824
    1819      41.3932
    1820      44.3547
    1821      42.7412
    1822      44.2076
    1823      43.2969
    1824      45.1819
    1825      42.2127
    1826      43.6304
    1827      44.1544
    1828      42.4640
    1829      44.1341
    1830      44.3308
    1831      41.5701
    1832      41.4630
    1833      44.6839
    1834      44.0208
    1835      42.5590
    1836      42.4713
    1837      41.0682
    1838      43.9315
    1839      43.8103
    1840      41.3416
    1841      41.2757
    1842      42.7012
    1843      41.6064
    1844      43.0562
    1845      41.9402
    1846      41.9283
    1847      42.6755
    1848      43.1569
    1849      42.5524
    1850      42.7395
    1851      42.5359
    1852      42.4455
    1853      44.4299
    1854      44.4173
    1855      44.1943
    1856      44.3469
    1857      45.6297
    1858      42.7499
    1859      43.5925
    1860      43.5826
    1861      44.3942
    1862      42.2005
    1863      44.4232
    1864      43.1422
    1865      40.4926
    1866      42.9740
    1867      42.3416
    1868      42.3735
    1869      46.1447
    1870      44.2777
    1871      41.9232
    1872      43.7431
    1873      43.4550
    1874      42.6529
    1875      43.8075
    1876      45.1595
    1877      42.6497
    1878      42.9527
    1879      43.6570
    1880      45.1854
    1881      41.7200
    1882      43.1281
    1883      41.5329
    1884      42.7352
    1885      40.5049
    1886      43.6367
    1887      43.1133
    1888      42.0443
    1889      42.4457
    1890      41.4151
    1891      42.1875
    1892      45.3352
    1893      42.4447
    1894      42.7571
    1895      43.6184
    1896      43.4529
    1897      44.0825
    1898      44.3242
    1899      42.2147
    1900      43.8122
    1901      39.9733
    1902      42.8690
    1903      47.0549
    1904      45.9193
    1905      46.1040
    1906      44.6647
    1907      43.4645
    1908      44.5630
    1909      43.6676
    1910      46.6813
    1911      45.7769
    1912      42.9752
    1913      43.8035
    1914      41.7301
    1915      43.6350
    1916      42.8999
    1917      45.8946
    1918      43.7513
    1919      41.8512
    1920      41.7483
    1921      44.0158
    1922      45.0434
    1923      46.0662
    1924      44.2304
    1925      46.3697
    1926      44.0369
    1927      43.2245
    1928      44.2127
    1929      42.3889
    1930      43.6857
    1931      42.5209
    1932      42.7435
    1933      43.5758
    1934      42.4576
    1935      42.1539
    1936      43.3785
    1937      42.2226
    1938      42.1248
    1939      43.8446
    1940      43.2753
    1941      44.3299
    1942      42.9877
    1943      42.9762
    1944      44.8779
    1945      46.4238
    1946      45.0551
    1947      43.9480
    1948      41.0784
    1949      42.5970
    1950      43.3558
    1951      42.4599
    1952      43.5482
    1953      44.3645
    1954      44.4364
    1955      43.6434
    1956      43.9444
    1957      43.6016
    1958      43.4232
    1959      43.5049
    1960      44.2259
    1961      43.6459
    1962      43.5420
    1963      43.8099
    1964      44.1461
    1965      43.4474
    1966      43.9658
    1967      45.0796
    1968      42.9159
    1969      43.6896
    1970      42.0027
    1971      43.0580
    1972      44.0105
    1973      44.3430
    1974      46.2828
    1975      45.5550
    1976      45.3642
    1977      43.8249
    1978      43.5142
    1979      44.2860
    1980      46.0189
    1981      45.5762
    1982      44.1292
    1983      44.5466
    1984      45.4618
    1985      43.8979
    1986      43.6340
    1987      42.7053
    1988      42.4820
    1989      43.1018
    1990      44.1687
    1991      41.7381
    1992      41.5746
    1993      41.5417
    1994      42.4431
    1995      41.3194
    1996      42.9878
    1997      42.1516
    1998      42.7716
    1999      43.8432
    2000      46.5698
