#Frame     end-to-end
       1      45.2285
       2      44.8841
       3      43.7070
       4      45.9434
       5      44.9146
       6      45.1222
       7      45.0102
       8      45.4811
       9      44.5619
      10      44.0251
      11      44.4015
      12      43.6964
      13      44.5444
      14      44.3947
      15      44.0041
      16      45.0724
      17      46.1413
      18      45.1793
      19      45.1550
      20      44.8866
      21      45.2900
      22      44.3214
      23      44.5350
      24      43.7188
      25      44.7315
      26      44.8164
      27      46.0341
      28      44.5909
      29      45.1111
      30      44.7090
      31      44.8374
      32      43.4115
      33      44.1314
      34      44.4043
      35      44.0929
      36      44.3779
      37      46.1236
      38      44.9169
      39      45.5571
      40      46.3924
      41      45.8450
      42      45.8311
      43      45.3719
      44      46.1391
      45      45.8934
      46      46.5067
      47      46.1924
      48      47.3415
      49      47.3241
      50      46.3151
      51      46.8925
      52      46.7312
      53      46.9617
      54      45.7309
      55      46.1510
      56      46.2817
      57      46.1278
      58      46.0046
      59      47.2223
      60      45.4676
      61      45.0300
      62      45.8880
      63      46.1252
      64      46.3768
      65      46.8968
      66      45.3178
      67      45.8479
      68      46.3446
      69      46.4857
      70      47.3256
      71      46.7841
      72      46.2187
      73      46.8682
      74      45.6809
      75      47.3656
      76      47.7631
      77      49.0793
      78      47.2525
      79      47.3326
      80      47.1400
      81      47.0244
      82      45.3074
      83      46.3436
      84      46.9866
      85      46.0976
      86      44.9493
      87      46.4992
      88      46.9563
      89      46.3676
      90      45.5869
      91      45.4552
      92      44.8822
      93      45.5022
      94      46.7132
      95      45.7856
      96      48.5550
      97      48.6824
      98      46.0829
      99      47.4687
     100      48.3239
     101      47.4004
     102      47.2166
     103      47.7163
     104      48.0464
     105      46.6170
     106      48.9218
     107      49.9430
     108      49.8503
     109      47.4599
     110      49.7093
     111      49.2730
     112      48.7549
     113      48.7515
     114      46.8459
     115      47.2190
     116      44.1541
     117      45.7279
     118      46.0616
     119      47.6606
     120      48.0343
     121      49.1461
     122      48.6933
     123      48.9304
     124      50.4994
     125      50.0393
     126      49.8785
     127      49.2032
     128      47.9181
     129      48.7918
     130      49.4288
     131      49.8635
     132      47.9960
     133      47.6633
     134      48.9015
     135      47.7082
     136      46.4670
     137      46.6764
     138      49.1227
     139      49.7678
     140      48.8256
     141      49.4657
     142      48.5756
     143      48.8444
     144      46.9961
     145      47.5027
     146      47.6652
     147      46.3498
     148      49.0074
     149      49.7619
     150      47.8913
     151      47.7592
     152      47.6365
     153      46.1562
     154      47.3915
     155      47.7350
     156      47.8627
     157      48.3236
     158      47.3078
     159      48.0253
     160      47.0459
     161      48.2827
     162      46.4326
     163      45.3670
     164      44.4456
     165      43.8692
     166      45.5818
     167      45.9825
     168      46.5454
     169      45.2339
     170      45.6241
     171      46.0694
     172      46.1358
     173      45.3463
     174      46.1846
     175      45.5135
     176      45.3393
     177      44.9443
     178      45.2275
     179      46.8533
     180      46.7900
     181      45.6344
     182      45.4951
     183      47.2935
     184      48.8312
     185      48.6821
     186      49.2785
     187      48.0071
     188      47.4275
     189      47.5840
     190      49.0757
     191      47.7296
     192      48.9437
     193      47.1578
     194      47.2224
     195      47.4588
     196      47.6820
     197      48.1898
     198      48.8232
     199      48.5917
     200      47.8846
     201      47.1121
     202      44.5463
     203      47.4384
     204      45.7761
     205      46.7064
     206      47.5096
     207      46.1856
     208      45.1907
     209      45.5579
     210      45.0631
     211      46.2135
     212      46.3295
     213      47.4423
     214      48.0556
     215      48.7762
     216      50.1108
     217      49.2947
     218      49.6240
     219      48.7837
     220      49.2503
     221      46.8571
     222      46.4092
     223      47.4872
     224      47.3635
     225      46.3361
     226      47.7731
     227      48.2740
     228      46.9160
     229      47.9757
     230      46.8153
     231      49.6508
     232      48.4757
     233      47.5692
     234      49.1394
     235      48.0429
     236      47.9881
     237      46.5957
     238      47.2066
     239      45.6961
     240      48.5281
     241      46.3342
     242      47.1486
     243      48.3628
     244      47.6095
     245      47.1545
     246      47.5053
     247      45.8932
     248      47.3088
     249      49.2810
     250      48.3096
     251      48.3835
     252      47.2381
     253      45.6449
     254      45.9030
     255      45.8926
     256      48.1921
     257      46.8758
     258      47.2985
     259      44.7124
     260      48.6229
     261      46.7795
     262      45.9549
     263      46.6098
     264      47.7856
     265      46.2568
     266      46.9430
     267      46.0764
     268      47.7028
     269      46.3605
     270      45.9523
     271      44.4103
     272      42.4409
     273      45.4695
     274      45.4874
     275      44.9304
     276      45.0854
     277      44.9830
     278      44.1676
     279      44.9618
     280      44.7131
     281      44.6235
     282      45.0717
     283      44.8785
     284      45.0489
     285      44.9654
     286      44.2144
     287      44.1401
     288      43.0432
     289      43.9250
     290      43.7528
     291      45.6063
     292      43.8005
     293      45.9909
     294      44.7079
     295      46.5187
     296      45.7998
     297      44.4781
     298      46.0349
     299      43.6053
     300      44.9512
     301      44.5957
     302      44.3712
     303      43.5221
     304      45.3299
     305      44.1166
     306      44.8154
     307      43.4399
     308      45.3654
     309      43.7495
     310      43.5268
     311      42.7702
     312      42.7536
     313      43.7046
     314      43.1377
     315      43.7035
     316      43.4999
     317      42.9914
     318      42.6334
     319      43.6049
     320      44.3865
     321      43.7771
     322      43.4889
     323      43.7297
     324      43.0791
     325      43.2179
     326      43.4492
     327      44.0727
     328      42.4102
     329      43.4768
     330      42.1796
     331      42.0218
     332      43.1308
     333      41.4484
     334      42.5202
     335      43.0171
     336      43.4977
     337      43.8349
     338      42.8850
     339      41.5356
     340      43.3879
     341      43.6216
     342      43.7600
     343      43.8078
     344      43.1824
     345      43.9948
     346      43.3885
     347      42.6056
     348      43.8673
     349      42.5097
     350      43.2468
     351      42.9625
     352      44.0081
     353      42.6866
     354      42.2834
     355      44.5526
     356      42.5272
     357      42.9998
     358      42.6970
     359      43.3070
     360      43.9902
     361      44.1533
     362      43.4967
     363      44.9660
     364      44.0339
     365      44.4170
     366      44.7485
     367      45.6826
     368      46.0277
     369      43.8554
     370      46.0684
     371      45.3602
     372      43.7049
     373      45.0106
     374      45.5439
     375      44.7721
     376      45.0131
     377      44.9366
     378      45.3771
     379      45.2391
     380      44.9736
     381      44.7995
     382      45.4455
     383      45.8691
     384      45.5049
     385      45.4487
     386      44.8997
     387      44.5300
     388      45.0321
     389      46.0343
     390      44.8501
     391      45.1780
     392      45.1860
     393      45.6746
     394      43.9019
     395      47.2213
     396      44.6556
     397      45.6611
     398      45.7126
     399      43.5175
     400      45.3125
     401      46.0423
     402      44.7930
     403      46.4485
     404      43.6768
     405      45.2933
     406      44.0695
     407      43.0920
     408      45.0672
     409      45.5682
     410      43.8320
     411      44.9938
     412      45.1319
     413      44.7360
     414      45.5169
     415      45.1084
     416      45.6555
     417      46.3766
     418      46.1251
     419      47.2258
     420      43.7218
     421      45.1180
     422      45.2608
     423      44.7905
     424      44.4419
     425      44.4579
     426      44.9948
     427      45.3179
     428      45.0388
     429      44.8510
     430      45.8610
     431      46.9496
     432      46.8280
     433      45.8841
     434      45.4458
     435      45.0015
     436      45.5061
     437      45.6350
     438      44.9270
     439      45.0913
     440      44.9454
     441      45.4849
     442      44.9199
     443      46.0870
     444      46.3707
     445      44.8806
     446      45.1817
     447      45.2024
     448      45.3270
     449      45.3765
     450      45.2230
     451      45.6535
     452      44.5894
     453      45.0588
     454      45.4803
     455      45.3830
     456      45.6549
     457      46.1675
     458      46.0910
     459      44.4270
     460      45.4902
     461      47.2442
     462      45.7764
     463      45.2240
     464      46.4995
     465      46.3582
     466      46.7169
     467      46.3960
     468      46.7403
     469      46.3621
     470      47.2376
     471      46.1360
     472      46.0189
     473      45.8774
     474      45.1282
     475      45.4770
     476      45.3782
     477      45.5598
     478      45.3148
     479      44.6908
     480      45.5167
     481      44.7378
     482      43.1176
     483      43.3589
     484      43.8765
     485      44.2877
     486      44.7793
     487      45.6046
     488      44.9801
     489      44.9178
     490      44.8837
     491      44.8497
     492      44.8812
     493      45.2366
     494      45.3507
     495      45.9159
     496      45.4742
     497      45.7539
     498      45.6692
     499      45.7362
     500      46.8231
     501      45.4602
     502      47.3367
     503      47.2043
     504      46.3987
     505      45.6909
     506      46.0359
     507      46.3635
     508      46.0148
     509      45.3644
     510      46.4373
     511      45.0523
     512      46.1211
     513      45.3953
     514      45.7611
     515      46.2646
     516      46.7615
     517      46.6110
     518      46.6619
     519      45.0413
     520      45.9848
     521      46.5513
     522      45.2269
     523      46.9005
     524      45.0425
     525      46.0120
     526      46.2545
     527      44.7409
     528      46.7240
     529      46.5884
     530      46.5216
     531      46.0985
     532      46.9662
     533      48.5778
     534      46.6104
     535      47.2605
     536      46.4001
     537      47.5289
     538      46.2012
     539      46.6189
     540      45.2164
     541      45.2055
     542      46.0858
     543      45.8032
     544      45.6219
     545      45.3494
     546      45.8961
     547      45.2502
     548      45.2247
     549      45.4432
     550      44.6261
     551      45.0044
     552      45.6414
     553      46.6368
     554      46.9962
     555      45.1092
     556      45.1587
     557      45.7376
     558      44.3124
     559      46.8888
     560      46.4890
     561      47.9323
     562      46.7876
     563      45.9299
     564      47.6701
     565      48.2272
     566      46.5026
     567      45.4463
     568      45.4838
     569      46.6413
     570      46.0543
     571      46.6462
     572      46.8589
     573      46.5939
     574      47.7969
     575      47.9178
     576      46.1697
     577      47.5568
     578      44.5438
     579      44.2996
     580      43.7995
     581      44.7494
     582      45.3990
     583      46.0729
     584      45.2924
     585      45.9527
     586      44.5554
     587      46.6487
     588      46.4456
     589      44.8152
     590      46.1802
     591      45.1943
     592      45.5489
     593      45.1676
     594      45.6427
     595      45.7582
     596      43.7516
     597      45.0869
     598      45.4380
     599      45.8555
     600      45.1653
     601      44.9724
     602      45.2319
     603      47.1869
     604      44.5166
     605      44.5272
     606      45.6386
     607      47.0569
     608      46.6749
     609      48.2385
     610      45.5646
     611      46.6786
     612      47.0623
     613      47.2061
     614      46.0688
     615      46.1842
     616      45.1882
     617      46.3066
     618      45.6511
     619      46.7092
     620      47.0475
     621      47.1014
     622      48.0455
     623      46.7228
     624      44.5774
     625      45.0411
     626      46.5045
     627      45.0619
     628      44.1672
     629      46.6363
     630      45.0619
     631      46.0598
     632      48.2494
     633      46.9033
     634      48.4875
     635      48.7129
     636      47.7140
     637      47.3746
     638      48.1745
     639      48.5179
     640      49.7194
     641      47.6234
     642      47.0345
     643      46.5363
     644      46.3806
     645      46.6708
     646      45.6454
     647      44.0977
     648      44.2576
     649      46.1197
     650      46.0720
     651      46.6066
     652      45.7595
     653      46.8332
     654      46.3190
     655      46.6324
     656      46.2532
     657      46.1671
     658      45.5521
     659      44.7615
     660      45.5336
     661      45.7641
     662      46.9008
     663      46.6180
     664      46.6622
     665      44.7751
     666      47.9507
     667      47.0011
     668      46.6257
     669      46.0974
     670      47.3825
     671      47.2094
     672      46.0460
     673      47.0415
     674      46.9251
     675      47.0543
     676      46.0340
     677      45.3734
     678      45.4955
     679      45.3540
     680      46.1556
     681      45.3647
     682      45.5711
     683      46.0336
     684      45.9042
     685      44.6822
     686      45.1754
     687      45.2634
     688      44.1845
     689      45.1555
     690      43.8374
     691      45.2831
     692      42.6739
     693      43.4725
     694      44.2769
     695      45.3636
     696      43.8682
     697      44.4099
     698      44.4066
     699      45.2500
     700      44.4978
     701      45.3961
     702      45.7299
     703      45.7665
     704      45.4335
     705      45.6820
     706      45.2720
     707      46.0039
     708      45.1774
     709      44.7709
     710      46.5657
     711      45.4350
     712      47.1814
     713      46.4762
     714      45.8644
     715      47.0837
     716      46.6517
     717      46.0099
     718      46.0571
     719      45.8402
     720      45.4792
     721      45.8145
     722      47.1550
     723      45.6319
     724      45.6559
     725      46.1973
     726      46.7367
     727      47.3041
     728      45.6680
     729      46.8712
     730      45.0722
     731      44.4717
     732      45.4405
     733      47.7318
     734      45.7205
     735      45.4458
     736      45.4767
     737      44.6190
     738      44.0128
     739      45.9880
     740      47.0517
     741      45.0065
     742      47.6354
     743      45.9609
     744      44.9043
     745      45.8276
     746      45.9037
     747      45.6853
     748      44.9046
     749      44.3692
     750      44.4577
     751      43.7499
     752      45.1625
     753      43.1707
     754      42.9763
     755      44.5863
     756      44.9180
     757      43.2120
     758      44.5366
     759      44.1833
     760      43.4818
     761      44.7995
     762      44.1642
     763      46.3623
     764      44.8395
     765      46.1534
     766      44.9822
     767      43.8596
     768      44.2094
     769      46.0564
     770      44.7891
     771      44.3521
     772      43.8485
     773      44.7936
     774      44.7367
     775      46.5457
     776      45.3501
     777      45.9130
     778      45.8823
     779      45.1877
     780      44.0840
     781      46.3879
     782      46.8786
     783      46.0127
     784      45.5704
     785      46.5478
     786      46.5407
     787      46.9849
     788      46.3997
     789      44.4534
     790      45.5477
     791      45.6072
     792      45.1976
     793      44.9838
     794      44.5369
     795      45.8414
     796      45.5350
     797      47.1585
     798      45.1707
     799      43.3708
     800      46.0097
     801      45.0932
     802      43.5096
     803      45.0780
     804      44.6018
     805      44.3917
     806      43.7025
     807      44.4974
     808      46.8755
     809      45.3120
     810      46.6991
     811      45.8112
     812      44.9778
     813      45.8100
     814      44.5798
     815      43.7851
     816      44.4026
     817      45.2826
     818      45.4364
     819      44.2772
     820      44.9589
     821      44.6404
     822      44.2255
     823      45.4183
     824      44.7799
     825      44.4059
     826      45.5606
     827      45.5515
     828      44.5505
     829      45.4203
     830      45.2779
     831      44.8867
     832      44.7100
     833      44.9189
     834      43.5462
     835      45.7936
     836      43.8271
     837      44.2761
     838      45.3330
     839      44.4985
     840      44.6115
     841      44.5618
     842      45.7962
     843      45.9739
     844      44.2626
     845      44.0409
     846      45.5067
     847      45.2998
     848      44.6658
     849      44.9407
     850      44.9792
     851      45.2455
     852      44.6211
     853      45.0049
     854      45.4502
     855      45.8714
     856      45.4368
     857      46.2816
     858      46.2094
     859      47.7699
     860      46.6275
     861      45.4406
     862      45.2520
     863      45.7188
     864      45.2122
     865      44.6467
     866      44.5170
     867      45.2600
     868      44.9916
     869      45.0577
     870      46.3841
     871      45.8819
     872      45.0573
     873      45.4227
     874      44.4212
     875      44.9598
     876      43.9455
     877      44.9428
     878      45.3600
     879      44.7195
     880      46.4998
     881      45.6157
     882      45.2653
     883      44.9152
     884      45.8628
     885      46.0258
     886      44.3815
     887      45.8726
     888      45.3018
     889      44.8526
     890      44.7091
     891      44.0872
     892      44.9293
     893      46.4041
     894      44.8355
     895      45.7019
     896      44.8680
     897      44.7840
     898      43.3344
     899      45.1966
     900      45.6091
     901      45.0118
     902      44.7811
     903      43.2814
     904      44.5164
     905      43.1617
     906      44.2871
     907      44.0347
     908      44.1679
     909      45.2607
     910      46.6088
     911      43.6794
     912      45.3566
     913      45.5860
     914      45.4962
     915      47.0189
     916      46.4500
     917      46.3968
     918      47.5210
     919      45.5143
     920      44.7472
     921      46.1706
     922      47.3505
     923      46.1732
     924      45.4030
     925      45.6873
     926      44.7212
     927      44.1757
     928      43.8033
     929      46.8417
     930      44.6366
     931      43.8642
     932      45.7458
     933      45.1183
     934      46.3461
     935      44.2601
     936      44.8551
     937      44.0925
     938      45.4358
     939      45.0239
     940      44.1874
     941      44.2046
     942      44.3210
     943      44.5078
     944      45.1679
     945      45.7433
     946      45.3420
     947      46.5547
     948      46.5087
     949      45.2375
     950      44.2937
     951      46.2081
     952      44.4208
     953      45.8262
     954      45.2111
     955      45.0268
     956      46.8391
     957      45.9904
     958      44.8250
     959      47.3286
     960      45.8800
     961      45.1442
     962      47.2346
     963      46.5487
     964      45.3103
     965      45.2947
     966      44.7780
     967      46.4470
     968      45.4500
     969      45.8658
     970      45.3088
     971      45.0793
     972      44.2071
     973      46.1543
     974      44.6543
     975      44.3145
     976      45.1185
     977      42.7150
     978      44.9220
     979      43.9937
     980      44.3677
     981      44.0335
     982      44.3571
     983      44.4408
     984      43.8151
     985      45.7312
     986      46.2005
     987      45.9323
     988      46.0764
     989      44.9520
     990      44.6836
     991      45.3987
     992      45.8567
     993      45.7872
     994      43.7306
     995      43.3169
     996      43.4883
     997      44.0326
     998      42.7417
     999      41.5839
    1000      42.6772
    1001      42.6669
    1002      43.1440
    1003      43.1946
    1004      42.6154
    1005      41.7476
    1006      42.2398
    1007      44.1351
    1008      43.7041
    1009      45.1593
    1010      44.9384
    1011      46.1673
    1012      44.7332
    1013      45.3108
    1014      44.3204
    1015      44.6146
    1016      44.0382
    1017      43.9619
    1018      44.3939
    1019      43.3573
    1020      45.1905
    1021      43.9019
    1022      43.3404
    1023      44.7469
    1024      44.2602
    1025      44.7455
    1026      43.8196
    1027      45.3730
    1028      42.6399
    1029      43.0940
    1030      44.4120
    1031      43.8347
    1032      44.7930
    1033      44.0443
    1034      44.3580
    1035      43.9846
    1036      45.0470
    1037      44.1291
    1038      43.8260
    1039      43.1334
    1040      43.2406
    1041      43.5942
    1042      43.1260
    1043      42.8413
    1044      42.5692
    1045      43.8908
    1046      42.9941
    1047      42.9699
    1048      42.7940
    1049      42.8044
    1050      43.5333
    1051      42.2682
    1052      41.8935
    1053      43.4087
    1054      43.7771
    1055      42.0589
    1056      43.2521
    1057      43.4019
    1058      43.8368
    1059      44.3825
    1060      43.0997
    1061      43.9953
    1062      44.3131
    1063      44.1216
    1064      44.1085
    1065      43.7654
    1066      44.4817
    1067      44.1709
    1068      43.7393
    1069      42.8608
    1070      42.8475
    1071      43.4733
    1072      43.3650
    1073      44.3029
    1074      43.4544
    1075      43.3270
    1076      43.6520
    1077      42.9773
    1078      43.5705
    1079      44.2157
    1080      44.1733
    1081      44.0129
    1082      42.7156
    1083      41.5816
    1084      43.4121
    1085      43.2062
    1086      43.4559
    1087      42.6718
    1088      42.0553
    1089      44.5628
    1090      43.3768
    1091      42.9538
    1092      43.1838
    1093      43.7092
    1094      42.5633
    1095      43.4717
    1096      43.8480
    1097      43.1142
    1098      42.4493
    1099      43.1899
    1100      41.5743
    1101      42.0055
    1102      43.1225
    1103      42.7547
    1104      42.8857
    1105      42.8127
    1106      43.7205
    1107      43.6166
    1108      43.8133
    1109      43.0794
    1110      42.4116
    1111      42.2997
    1112      41.6540
    1113      42.7183
    1114      42.9666
    1115      42.4714
    1116      43.2505
    1117      42.8878
    1118      44.2515
    1119      43.3921
    1120      43.3929
    1121      44.2202
    1122      43.7559
    1123      44.8382
    1124      42.7753
    1125      43.5601
    1126      43.0455
    1127      43.1943
    1128      42.5706
    1129      42.0764
    1130      44.3347
    1131      44.5143
    1132      42.8533
    1133      42.6765
    1134      42.9981
    1135      43.4008
    1136      44.0944
    1137      43.2852
    1138      41.8217
    1139      43.7245
    1140      43.2788
    1141      44.2738
    1142      43.9049
    1143      43.3502
    1144      43.5759
    1145      44.0281
    1146      44.0817
    1147      41.6175
    1148      43.5789
    1149      43.0184
    1150      42.6117
    1151      41.9756
    1152      42.3995
    1153      43.0266
    1154      43.1315
    1155      43.5264
    1156      43.0435
    1157      42.2955
    1158      43.0099
    1159      43.9535
    1160      43.2261
    1161      43.0828
    1162      43.8231
    1163      42.3857
    1164      42.2981
    1165      42.8361
    1166      43.2024
    1167      42.5328
    1168      43.7673
    1169      41.8953
    1170      42.6987
    1171      42.0063
    1172      42.2360
    1173      42.9124
    1174      43.5237
    1175      42.9472
    1176      43.6808
    1177      42.8126
    1178      43.0480
    1179      43.4132
    1180      43.2002
    1181      42.0311
    1182      41.7897
    1183      41.1578
    1184      42.3195
    1185      42.7912
    1186      41.2065
    1187      43.0694
    1188      42.9991
    1189      42.4723
    1190      42.4255
    1191      43.2732
    1192      42.7672
    1193      42.3633
    1194      42.3609
    1195      43.5055
    1196      43.1265
    1197      41.8623
    1198      43.2274
    1199      44.8373
    1200      43.6536
    1201      43.3751
    1202      42.8964
    1203      42.8148
    1204      42.6312
    1205      42.8048
    1206      43.9200
    1207      43.9999
    1208      43.9904
    1209      43.1349
    1210      44.8953
    1211      43.1913
    1212      43.9939
    1213      43.9484
    1214      44.3454
    1215      42.2263
    1216      43.5686
    1217      42.6679
    1218      43.8553
    1219      43.1562
    1220      42.6002
    1221      43.3841
    1222      43.4869
    1223      42.1439
    1224      43.5305
    1225      45.2165
    1226      44.4293
    1227      44.4053
    1228      43.7169
    1229      43.8399
    1230      44.9167
    1231      45.3985
    1232      44.2592
    1233      44.7619
    1234      45.0244
    1235      45.3043
    1236      44.7294
    1237      43.7429
    1238      43.5783
    1239      43.0342
    1240      44.2642
    1241      44.6521
    1242      44.7884
    1243      44.3982
    1244      43.3799
    1245      44.8875
    1246      42.7990
    1247      45.0030
    1248      43.2333
    1249      44.6088
    1250      44.3456
    1251      44.8424
    1252      43.9090
    1253      44.0351
    1254      44.8509
    1255      44.8845
    1256      44.1861
    1257      45.2703
    1258      45.2653
    1259      44.3145
    1260      45.0127
    1261      44.9982
    1262      44.8087
    1263      43.9489
    1264      43.4657
    1265      44.2790
    1266      44.4726
    1267      43.9446
    1268      46.2893
    1269      44.9873
    1270      44.1139
    1271      44.7923
    1272      44.3135
    1273      44.7847
    1274      44.4383
    1275      45.0072
    1276      44.4688
    1277      44.5910
    1278      44.3825
    1279      42.4749
    1280      45.5911
    1281      45.1346
    1282      44.6305
    1283      44.8631
    1284      44.3896
    1285      44.7936
    1286      44.2007
    1287      43.8554
    1288      45.0813
    1289      44.3138
    1290      44.8965
    1291      44.2271
    1292      44.4022
    1293      45.1468
    1294      45.2510
    1295      45.0422
    1296      43.5823
    1297      44.3803
    1298      44.3228
    1299      43.8155
    1300      44.9572
    1301      44.7485
    1302      46.1233
    1303      45.1183
    1304      43.6003
    1305      43.6264
    1306      42.8791
    1307      43.3060
    1308      43.0123
    1309      43.8519
    1310      41.9528
    1311      41.9500
    1312      43.6094
    1313      44.5224
    1314      43.6965
    1315      42.7868
    1316      43.6009
    1317      44.7372
    1318      43.8854
    1319      42.8101
    1320      42.5792
    1321      42.4778
    1322      43.0194
    1323      43.1108
    1324      43.0833
    1325      42.7477
    1326      42.6625
    1327      42.7596
    1328      42.4903
    1329      42.5099
    1330      43.3947
    1331      42.6004
    1332      43.0485
    1333      43.2617
    1334      42.4344
    1335      44.1977
    1336      43.9092
    1337      43.7182
    1338      43.9740
    1339      42.8701
    1340      43.5400
    1341      43.1873
    1342      44.5994
    1343      43.9801
    1344      44.0013
    1345      42.8662
    1346      42.8342
    1347      42.2864
    1348      42.8946
    1349      43.2363
    1350      43.6381
    1351      43.8252
    1352      42.7067
    1353      43.6558
    1354      44.2471
    1355      43.4472
    1356      42.7150
    1357      43.1609
    1358      43.6006
    1359      43.5417
    1360      42.6497
    1361      42.5275
    1362      42.8905
    1363      43.2562
    1364      43.6632
    1365      43.9637
    1366      43.1600
    1367      43.0324
    1368      43.2929
    1369      42.9665
    1370      44.2558
    1371      43.6769
    1372      43.0560
    1373      43.0794
    1374      44.8606
    1375      42.7651
    1376      43.0868
    1377      43.8413
    1378      44.1940
    1379      43.9908
    1380      43.8099
    1381      44.2229
    1382      43.3633
    1383      43.4752
    1384      42.7115
    1385      42.6168
    1386      41.3784
    1387      42.2670
    1388      42.7409
    1389      44.6370
    1390      44.2703
    1391      43.0005
    1392      43.5598
    1393      44.5571
    1394      42.8990
    1395      44.8770
    1396      43.1068
    1397      43.7719
    1398      43.6543
    1399      44.7429
    1400      43.8736
    1401      44.2094
    1402      42.5267
    1403      42.7703
    1404      43.9526
    1405      44.4426
    1406      43.7750
    1407      43.4414
    1408      44.8559
    1409      45.1140
    1410      44.1119
    1411      44.6158
    1412      45.1534
    1413      45.0543
    1414      47.2110
    1415      47.0315
    1416      44.9473
    1417      45.0683
    1418      46.6906
    1419      47.1649
    1420      44.6462
    1421      46.3129
    1422      45.4946
    1423      46.2568
    1424      46.5333
    1425      47.9473
    1426      49.2197
    1427      50.4113
    1428      48.7584
    1429      48.0478
    1430      48.0344
    1431      50.6295
    1432      56.6543
    1433      56.4453
    1434      57.0566
    1435      56.4905
    1436      53.6691
    1437      48.7380
    1438      50.4139
    1439      50.9879
    1440      49.8915
    1441      47.7329
    1442      49.1204
    1443      49.5369
    1444      48.7978
    1445      47.6810
    1446      47.7232
    1447      46.7732
    1448      47.4666
    1449      46.8542
    1450      47.3054
    1451      48.8961
    1452      48.9122
    1453      49.1289
    1454      47.9136
    1455      48.3841
    1456      47.7210
    1457      49.2446
    1458      46.5610
    1459      47.2684
    1460      48.3204
    1461      49.7420
    1462      48.8694
    1463      48.0937
    1464      50.3105
    1465      50.4181
    1466      48.5252
    1467      46.9265
    1468      46.6903
    1469      46.3704
    1470      48.5085
    1471      47.4381
    1472      48.6088
    1473      46.0654
    1474      47.7858
    1475      48.8908
    1476      47.7809
    1477      48.3582
    1478      50.3890
    1479      47.6411
    1480      48.1060
    1481      47.0307
    1482      47.3896
    1483      48.3386
    1484      49.6434
    1485      49.5670
    1486      49.6943
    1487      48.4004
    1488      47.7042
    1489      48.3442
    1490      47.5451
    1491      48.9554
    1492      49.5070
    1493      48.5371
    1494      48.3101
    1495      47.6138
    1496      48.0882
    1497      47.4154
    1498      47.6368
    1499      48.4489
    1500      47.2165
    1501      48.5859
    1502      47.8673
    1503      46.8450
    1504      47.0984
    1505      47.4944
    1506      47.7559
    1507      46.6959
    1508      47.1782
    1509      47.5454
    1510      48.2621
    1511      48.0466
    1512      46.6122
    1513      46.1837
    1514      46.2850
    1515      47.6067
    1516      47.4920
    1517      49.0686
    1518      48.4427
    1519      48.9331
    1520      47.9075
    1521      47.0586
    1522      47.9348
    1523      48.8296
    1524      47.4470
    1525      47.1709
    1526      46.6436
    1527      46.3703
    1528      46.4462
    1529      45.8708
    1530      47.0694
    1531      48.0038
    1532      47.8387
    1533      47.9469
    1534      48.5695
    1535      48.8199
    1536      48.0763
    1537      48.6551
    1538      49.1442
    1539      47.9569
    1540      49.0112
    1541      46.9781
    1542      47.8562
    1543      48.5229
    1544      49.0849
    1545      47.3600
    1546      48.2581
    1547      47.3760
    1548      48.3083
    1549      48.2564
    1550      47.9163
    1551      47.3506
    1552      47.1573
    1553      48.5483
    1554      47.2921
    1555      47.8013
    1556      48.2264
    1557      47.7636
    1558      47.5454
    1559      48.0280
    1560      49.0674
    1561      48.8914
    1562      47.5777
    1563      47.6420
    1564      47.5925
    1565      47.6699
    1566      46.9538
    1567      48.6960
    1568      46.8620
    1569      48.7606
    1570      48.1360
    1571      48.7293
    1572      48.9027
    1573      47.8823
    1574      48.1281
    1575      49.4104
    1576      48.4460
    1577      47.8709
    1578      49.0058
    1579      48.1725
    1580      48.9433
    1581      49.4469
    1582      49.4642
    1583      50.1668
    1584      49.6125
    1585      48.9064
    1586      48.6324
    1587      49.6926
    1588      48.8020
    1589      48.6768
    1590      49.3497
    1591      48.5534
    1592      49.0829
    1593      47.3468
    1594      47.6845
    1595      49.0509
    1596      48.0617
    1597      48.7794
    1598      48.2499
    1599      49.0388
    1600      47.9989
    1601      49.0369
    1602      48.9843
    1603      48.7850
    1604      49.7945
    1605      48.8549
    1606      47.9722
    1607      48.2792
    1608      48.0847
    1609      47.7288
    1610      47.0705
    1611      47.5757
    1612      49.1213
    1613      49.0724
    1614      49.0627
    1615      48.6577
    1616      47.7085
    1617      47.5540
    1618      48.0790
    1619      47.1898
    1620      49.2267
    1621      47.3819
    1622      46.8311
    1623      47.3107
    1624      48.3888
    1625      47.9665
    1626      49.0913
    1627      48.8627
    1628      47.1557
    1629      48.5476
    1630      46.8249
    1631      47.3280
    1632      46.7686
    1633      49.9624
    1634      49.9195
    1635      48.8351
    1636      49.7478
    1637      49.7517
    1638      50.1496
    1639      48.4988
    1640      48.0987
    1641      47.6409
    1642      48.0057
    1643      47.9799
    1644      48.2442
    1645      49.5342
    1646      49.2952
    1647      49.7754
    1648      47.7778
    1649      48.1488
    1650      48.6285
    1651      47.9185
    1652      48.8973
    1653      48.4887
    1654      48.8650
    1655      48.6335
    1656      48.1363
    1657      47.4346
    1658      48.5651
    1659      48.6727
    1660      48.8067
    1661      47.8413
    1662      48.9010
    1663      47.8000
    1664      49.3031
    1665      48.2582
    1666      48.6041
    1667      48.8392
    1668      47.5370
    1669      49.3143
    1670      49.4344
    1671      47.4593
    1672      49.3128
    1673      47.2494
    1674      48.8233
    1675      48.5402
    1676      47.0384
    1677      47.2535
    1678      46.8882
    1679      48.0970
    1680      47.7462
    1681      47.5713
    1682      48.3496
    1683      48.9634
    1684      47.5277
    1685      48.5948
    1686      49.5925
    1687      49.5045
    1688      48.3171
    1689      49.2156
    1690      48.2167
    1691      48.9346
    1692      49.4845
    1693      49.4481
    1694      47.2331
    1695      48.4135
    1696      48.2117
    1697      47.8779
    1698      48.0584
    1699      47.6331
    1700      45.8031
    1701      46.6463
    1702      47.9068
    1703      46.7993
    1704      49.2957
    1705      46.6041
    1706      48.9991
    1707      49.0210
    1708      48.3319
    1709      48.6504
    1710      48.9534
    1711      49.1957
    1712      49.5835
    1713      48.5989
    1714      49.4613
    1715      48.9424
    1716      49.1541
    1717      49.8440
    1718      48.2630
    1719      49.1772
    1720      46.4964
    1721      47.8232
    1722      48.0649
    1723      47.1399
    1724      46.8236
    1725      47.9868
    1726      47.8121
    1727      47.6824
    1728      47.5496
    1729      47.1457
    1730      46.2510
    1731      46.5582
    1732      47.6849
    1733      48.2118
    1734      47.1520
    1735      47.0179
    1736      47.0499
    1737      47.5134
    1738      47.0957
    1739      48.9181
    1740      48.6662
    1741      48.1164
    1742      48.1252
    1743      48.0407
    1744      48.2558
    1745      46.7557
    1746      48.1976
    1747      47.4445
    1748      47.3872
    1749      48.4297
    1750      46.9153
    1751      47.9746
    1752      47.2631
    1753      47.4171
    1754      48.0869
    1755      47.5729
    1756      48.1140
    1757      46.9048
    1758      47.1515
    1759      47.5217
    1760      49.2883
    1761      47.5783
    1762      48.7853
    1763      49.0912
    1764      47.2844
    1765      48.8642
    1766      50.6276
    1767      48.3704
    1768      48.5874
    1769      49.5638
    1770      47.7590
    1771      46.7544
    1772      48.0625
    1773      48.6392
    1774      48.3804
    1775      48.3245
    1776      48.3491
    1777      48.0201
    1778      46.8939
    1779      47.2906
    1780      47.4510
    1781      46.9499
    1782      47.5378
    1783      48.3255
    1784      47.3468
    1785      47.2820
    1786      47.8733
    1787      47.3988
    1788      48.0495
    1789      48.0975
    1790      47.3758
    1791      48.0129
    1792      47.8685
    1793      47.6900
    1794      47.3851
    1795      47.2523
    1796      48.1437
    1797      48.0952
    1798      49.4584
    1799      48.6729
    1800      49.8092
    1801      47.9685
    1802      46.9180
    1803      48.7381
    1804      47.0369
    1805      47.4159
    1806      48.2486
    1807      47.7213
    1808      47.1698
    1809      47.9650
    1810      48.3042
    1811      47.2633
    1812      47.8529
    1813      47.9951
    1814      49.4639
    1815      47.9862
    1816      47.4462
    1817      47.9443
    1818      48.8720
    1819      49.4061
    1820      48.8436
    1821      49.2289
    1822      49.5899
    1823      49.7401
    1824      49.6845
    1825      48.5335
    1826      48.8609
    1827      47.7406
    1828      48.1703
    1829      48.3578
    1830      47.3967
    1831      49.1124
    1832      46.9790
    1833      47.2549
    1834      47.8301
    1835      47.8070
    1836      48.2717
    1837      47.4852
    1838      47.8184
    1839      49.0851
    1840      48.2925
    1841      49.1894
    1842      48.1485
    1843      49.1455
    1844      49.5420
    1845      49.1278
    1846      48.9164
    1847      48.1709
    1848      48.3709
    1849      48.7254
    1850      49.8390
    1851      47.9755
    1852      48.9956
    1853      48.6254
    1854      48.8800
    1855      48.7163
    1856      49.0204
    1857      48.0348
    1858      48.9632
    1859      48.9835
    1860      48.9762
    1861      47.1778
    1862      48.7806
    1863      48.8461
    1864      48.3606
    1865      48.1510
    1866      48.4334
    1867      48.8266
    1868      50.0449
    1869      48.5712
    1870      49.2147
    1871      49.1551
    1872      48.1797
    1873      49.6410
    1874      48.5400
    1875      47.9898
    1876      49.2839
    1877      48.7670
    1878      49.5408
    1879      49.4262
    1880      47.8475
    1881      49.2564
    1882      48.5322
    1883      49.6298
    1884      47.7661
    1885      47.1409
    1886      48.1430
    1887      48.4013
    1888      47.8276
    1889      48.6475
    1890      47.3528
    1891      48.5789
    1892      47.8615
    1893      47.5412
    1894      49.9250
    1895      48.8086
    1896      49.2128
    1897      49.3874
    1898      49.3647
    1899      47.7843
    1900      50.3240
    1901      48.3077
    1902      48.2141
    1903      49.6386
    1904      49.1247
    1905      48.4755
    1906      47.5376
    1907      47.8753
    1908      48.8350
    1909      48.6646
    1910      49.9122
    1911      48.3039
    1912      48.3649
    1913      47.7999
    1914      48.2131
    1915      48.9563
    1916      49.2261
    1917      47.8445
    1918      48.9828
    1919      48.7333
    1920      48.1610
    1921      48.8279
    1922      49.8762
    1923      49.7845
    1924      50.7622
    1925      49.3757
    1926      49.4065
    1927      48.7580
    1928      47.9476
    1929      48.6737
    1930      48.9561
    1931      48.7549
    1932      48.5872
    1933      48.6889
    1934      48.0346
    1935      49.4900
    1936      48.8474
    1937      48.5643
    1938      48.4241
    1939      48.5733
    1940      49.3231
    1941      48.7771
    1942      47.9590
    1943      49.6649
    1944      50.2448
    1945      47.6580
    1946      48.3911
    1947      48.4218
    1948      47.7320
    1949      47.5926
    1950      48.0024
    1951      48.1238
    1952      48.7982
    1953      48.7356
    1954      49.1813
    1955      48.4742
    1956      49.2290
    1957      49.1338
    1958      51.1072
    1959      48.9606
    1960      49.5415
    1961      49.2458
    1962      48.5950
    1963      50.1328
    1964      47.9968
    1965      48.5424
    1966      49.0546
    1967      49.6183
    1968      48.3759
    1969      49.3437
    1970      48.8845
    1971      47.9301
    1972      47.7947
    1973      49.6155
    1974      49.2541
    1975      48.8574
    1976      48.8128
    1977      49.9548
    1978      48.9213
    1979      50.5239
    1980      49.5851
    1981      49.7022
    1982      50.6970
    1983      50.8151
    1984      50.3506
    1985      49.4680
    1986      50.4956
    1987      51.1787
    1988      50.2470
    1989      49.4213
    1990      49.0240
    1991      50.9990
    1992      50.3162
    1993      50.7215
    1994      50.5779
    1995      51.0370
    1996      49.0469
    1997      49.4856
    1998      48.8507
    1999      47.7503
    2000      49.6295
