#Frame     end-to-end
       1      43.4266
       2      43.0185
       3      40.9711
       4      41.0292
       5      38.4493
       6      37.9639
       7      37.0870
       8      35.9299
       9      35.4792
      10      32.8770
      11      34.3796
      12      34.5245
      13      34.8396
      14      35.1083
      15      35.0957
      16      34.3337
      17      36.4472
      18      34.5723
      19      34.8343
      20      34.1538
      21      33.2012
      22      32.5681
      23      32.4724
      24      33.2355
      25      33.1311
      26      33.7664
      27      32.6953
      28      32.6314
      29      33.1919
      30      32.7252
      31      33.9007
      32      33.8136
      33      33.0922
      34      33.2876
      35      33.1619
      36      34.2949
      37      34.2710
      38      32.6058
      39      32.5355
      40      33.0141
      41      38.5843
      42      35.9652
      43      33.9186
      44      33.7843
      45      32.6595
      46      34.7762
      47      35.0883
      48      32.6429
      49      32.5522
      50      31.6427
      51      33.0070
      52      32.2057
      53      34.0506
      54      33.5901
      55      33.1499
      56      32.2894
      57      33.1280
      58      34.3373
      59      32.7462
      60      35.1816
      61      34.8645
      62      36.9578
      63      40.7416
      64      42.6938
      65      43.9101
      66      39.3085
      67      39.7314
      68      42.5668
      69      43.8718
      70      42.2284
      71      43.4336
      72      43.8593
      73      42.0250
      74      42.4578
      75      46.5351
      76      45.2106
      77      39.4697
      78      39.3542
      79      38.5182
      80      41.5680
      81      37.4117
      82      35.6015
      83      40.4079
      84      39.9568
      85      43.1414
      86      41.5053
      87      43.3396
      88      41.7707
      89      40.4720
      90      45.3978
      91      43.9928
      92      41.6302
      93      38.8322
      94      37.9823
      95      38.7342
      96      36.8384
      97      37.2181
      98      39.6393
      99      41.2373
     100      42.6634
     101      41.8864
     102      39.3219
     103      36.0595
     104      39.5360
     105      39.1460
     106      38.4189
     107      37.7921
     108      39.7709
     109      36.9612
     110      41.4198
     111      41.2190
     112      40.3753
     113      43.5824
     114      48.0477
     115      42.8871
     116      44.7417
     117      44.2137
     118      42.0834
     119      44.1240
     120      40.3356
     121      41.6339
     122      40.5337
     123      43.2488
     124      40.3428
     125      37.8535
     126      43.3920
     127      42.4823
     128      44.0356
     129      49.2937
     130      51.6063
     131      45.6432
     132      49.9544
     133      51.9962
     134      52.3975
     135      56.4054
     136      59.2832
     137      63.8864
     138      60.1850
     139      64.5873
     140      68.0234
     141      60.2620
     142      60.7520
     143      70.5150
     144      72.7966
     145      72.4140
     146      69.2526
     147      71.8856
     148      71.3096
     149      66.1473
     150      66.0214
     151      59.2361
     152      60.5724
     153      65.7220
     154      66.8305
     155      57.8167
     156      61.2809
     157      60.4462
     158      66.2613
     159      68.8232
     160      67.4764
     161      63.9170
     162      63.0316
     163      55.9670
     164      57.9249
     165      57.5039
     166      54.3595
     167      58.2760
     168      54.7830
     169      55.8387
     170      56.2149
     171      62.9517
     172      61.3288
     173      58.7662
     174      63.1337
     175      59.7989
     176      59.1772
     177      66.8438
     178      64.6679
     179      60.9316
     180      60.1120
     181      63.2236
     182      61.4603
     183      58.3050
     184      57.4563
     185      56.0831
     186      51.4447
     187      56.2949
     188      54.7323
     189      53.5239
     190      51.5742
     191      51.1560
     192      50.1170
     193      48.5110
     194      48.6992
     195      46.1799
     196      46.4633
     197      42.4010
     198      41.6272
     199      45.6857
     200      42.1353
     201      40.7208
     202      37.2910
     203      38.5764
     204      37.9171
     205      38.8123
     206      41.1687
     207      41.1135
     208      41.8608
     209      43.1329
     210      44.6777
     211      46.5018
     212      47.3067
     213      46.9849
     214      46.1703
     215      46.0649
     216      47.7516
     217      51.4023
     218      47.6851
     219      51.4929
     220      52.8156
     221      49.6638
     222      49.3278
     223      53.4756
     224      53.5314
     225      54.3895
     226      53.8608
     227      52.6589
     228      50.2503
     229      50.0205
     230      52.9866
     231      53.1119
     232      50.2660
     233      50.1786
     234      47.7943
     235      49.3423
     236      55.6163
     237      58.1427
     238      51.4895
     239      53.5696
     240      52.8803
     241      51.0925
     242      54.3912
     243      54.8891
     244      49.7684
     245      47.6690
     246      43.9483
     247      46.1342
     248      42.8339
     249      50.6008
     250      49.8279
     251      51.8694
     252      53.7559
     253      54.8095
     254      55.6206
     255      58.7007
     256      54.5194
     257      53.7581
     258      51.0434
     259      51.9726
     260      52.8358
     261      52.2044
     262      49.5284
     263      51.7636
     264      49.2572
     265      45.3537
     266      46.6463
     267      51.3744
     268      53.0098
     269      48.7209
     270      49.6274
     271      53.5207
     272      52.0671
     273      50.7141
     274      53.3413
     275      57.0637
     276      55.1701
     277      51.1546
     278      55.0385
     279      54.0776
     280      47.7111
     281      51.4243
     282      56.6861
     283      60.0591
     284      58.8111
     285      62.8881
     286      61.2601
     287      60.8599
     288      61.8588
     289      61.6558
     290      55.2336
     291      56.6834
     292      50.5196
     293      49.8438
     294      50.0356
     295      50.5957
     296      47.0887
     297      47.5577
     298      44.5969
     299      38.9110
     300      41.7312
     301      41.0922
     302      40.2563
     303      37.7383
     304      39.8946
     305      36.9840
     306      37.4769
     307      41.7533
     308      42.7712
     309      44.1325
     310      44.7469
     311      47.0028
     312      46.7687
     313      44.9194
     314      43.3856
     315      46.2593
     316      45.8074
     317      52.7106
     318      54.4081
     319      48.5609
     320      45.7246
     321      46.2563
     322      50.8855
     323      49.0459
     324      49.6749
     325      50.8162
     326      51.1231
     327      54.2452
     328      52.8590
     329      47.6443
     330      45.6943
     331      46.2849
     332      50.4508
     333      50.6539
     334      48.7648
     335      44.1818
     336      42.7779
     337      40.2025
     338      40.5476
     339      40.0617
     340      42.0851
     341      44.3594
     342      47.7296
     343      46.4728
     344      44.7461
     345      50.0002
     346      52.1799
     347      49.3834
     348      47.1254
     349      49.8134
     350      49.5836
     351      47.4698
     352      48.3284
     353      48.4698
     354      49.5177
     355      52.9862
     356      52.6719
     357      54.5046
     358      53.7059
     359      56.7430
     360      51.5411
     361      46.1828
     362      44.6513
     363      43.4566
     364      42.5260
     365      44.2851
     366      41.5925
     367      41.5725
     368      41.7839
     369      40.6144
     370      38.4079
     371      40.5771
     372      37.0780
     373      38.0573
     374      37.0375
     375      40.1164
     376      40.8658
     377      42.2069
     378      44.6133
     379      40.4000
     380      42.9482
     381      42.0131
     382      41.1140
     383      40.2637
     384      42.3855
     385      43.9978
     386      47.0372
     387      46.3651
     388      41.1729
     389      39.7213
     390      40.3865
     391      40.9740
     392      40.3177
     393      41.4813
     394      42.2600
     395      41.7453
     396      47.9365
     397      46.6355
     398      46.8465
     399      45.5107
     400      44.8267
     401      43.4844
     402      46.8518
     403      50.7821
     404      54.5563
     405      56.4102
     406      59.3478
     407      57.7924
     408      53.3340
     409      54.8706
     410      53.2911
     411      53.6478
     412      52.1449
     413      51.7829
     414      57.5723
     415      49.6927
     416      46.8455
     417      44.7865
     418      42.4174
     419      41.2574
     420      40.2083
     421      38.3583
     422      41.0709
     423      40.5986
     424      38.6504
     425      38.3302
     426      38.8377
     427      41.2631
     428      42.3169
     429      41.3597
     430      41.3725
     431      39.7399
     432      42.4877
     433      39.7087
     434      39.1354
     435      42.2976
     436      39.5114
     437      47.3396
     438      47.9948
     439      48.4895
     440      49.6114
     441      51.3284
     442      49.0006
     443      42.5599
     444      43.2612
     445      47.8863
     446      48.2110
     447      44.4835
     448      45.2307
     449      45.8934
     450      47.1232
     451      49.2676
     452      53.7260
     453      57.9258
     454      58.9777
     455      54.1815
     456      47.2929
     457      46.8168
     458      45.0258
     459      50.4261
     460      49.1576
     461      50.5635
     462      48.1276
     463      45.0754
     464      48.1823
     465      49.9293
     466      46.0625
     467      50.2842
     468      48.3679
     469      51.6402
     470      45.1298
     471      48.2069
     472      47.5204
     473      45.1654
     474      44.5074
     475      44.0396
     476      45.3559
     477      44.5023
     478      43.0199
     479      43.6976
     480      44.1421
     481      45.1660
     482      44.1714
     483      46.2768
     484      50.0061
     485      48.9467
     486      50.0419
     487      48.8305
     488      51.4689
     489      50.7581
     490      51.7582
     491      53.0891
     492      50.9165
     493      52.6850
     494      55.0423
     495      56.3595
     496      56.0490
     497      55.7068
     498      54.8950
     499      54.2696
     500      57.0291
     501      57.5588
     502      58.9838
     503      60.9445
     504      62.9612
     505      66.3477
     506      67.9024
     507      63.9714
     508      63.0936
     509      58.7199
     510      61.7652
     511      61.4961
     512      61.7147
     513      63.6601
     514      67.0759
     515      68.4291
     516      66.9258
     517      67.4953
     518      62.4012
     519      67.2621
     520      63.6754
     521      62.6178
     522      57.9637
     523      57.0398
     524      56.7044
     525      61.4261
     526      57.0993
     527      59.6719
     528      61.8805
     529      63.6196
     530      58.2884
     531      57.2660
     532      58.5449
     533      52.4174
     534      54.4314
     535      56.4308
     536      55.2480
     537      52.7380
     538      51.1803
     539      54.1543
     540      57.0056
     541      57.0630
     542      58.7150
     543      61.3868
     544      66.0085
     545      57.9285
     546      57.4611
     547      56.0256
     548      52.2556
     549      51.5561
     550      44.9870
     551      48.7213
     552      50.3155
     553      48.4730
     554      46.8726
     555      50.2217
     556      51.9574
     557      47.7873
     558      49.8970
     559      50.6016
     560      50.6372
     561      52.6033
     562      56.1836
     563      61.0835
     564      60.9270
     565      58.1996
     566      58.1075
     567      56.3245
     568      60.6032
     569      58.9985
     570      55.5783
     571      59.4292
     572      58.9726
     573      56.5549
     574      55.6976
     575      53.1050
     576      53.5128
     577      47.5726
     578      54.3055
     579      53.3570
     580      52.7973
     581      54.5861
     582      53.4612
     583      54.1409
     584      51.5421
     585      52.9592
     586      51.6831
     587      47.6425
     588      46.1174
     589      43.2430
     590      40.3663
     591      38.6879
     592      40.3712
     593      41.5272
     594      38.3036
     595      43.5034
     596      40.4194
     597      36.6076
     598      39.3478
     599      39.8567
     600      38.2673
     601      37.3723
     602      37.7561
     603      38.4132
     604      44.7942
     605      44.0030
     606      50.2056
     607      50.4469
     608      49.0792
     609      48.6229
     610      46.6195
     611      42.4814
     612      40.2849
     613      37.3617
     614      40.3852
     615      43.3026
     616      44.4707
     617      47.1910
     618      44.0879
     619      45.3696
     620      47.1929
     621      44.4280
     622      47.2346
     623      46.3467
     624      49.7298
     625      53.8239
     626      49.6179
     627      44.6512
     628      47.7231
     629      51.6411
     630      47.7627
     631      43.0579
     632      49.1202
     633      45.8586
     634      49.7790
     635      45.2574
     636      47.3273
     637      47.2801
     638      46.7981
     639      51.5603
     640      49.5120
     641      48.5400
     642      46.4134
     643      43.3243
     644      43.2561
     645      50.5642
     646      51.4020
     647      45.9335
     648      47.7711
     649      40.4259
     650      40.0809
     651      41.1794
     652      39.3921
     653      40.3923
     654      39.4841
     655      42.6917
     656      38.0649
     657      38.5971
     658      41.8069
     659      40.8162
     660      39.3345
     661      40.3780
     662      46.1041
     663      44.4043
     664      44.6362
     665      43.2666
     666      45.5559
     667      44.1301
     668      47.5426
     669      44.5784
     670      42.7692
     671      42.9738
     672      47.5728
     673      50.4359
     674      49.3720
     675      55.0278
     676      53.3662
     677      52.1009
     678      50.9861
     679      49.2408
     680      53.2644
     681      49.1164
     682      43.7499
     683      48.0577
     684      54.0867
     685      57.2332
     686      60.2814
     687      57.4982
     688      57.3753
     689      59.1649
     690      57.4223
     691      59.5177
     692      59.5227
     693      59.8456
     694      59.7851
     695      59.7116
     696      61.3187
     697      53.8858
     698      52.2675
     699      47.9972
     700      45.3263
     701      46.6893
     702      48.0766
     703      44.9300
     704      41.8011
     705      40.5940
     706      39.8444
     707      38.0872
     708      38.5174
     709      36.7855
     710      37.9030
     711      42.2175
     712      41.0570
     713      40.3755
     714      42.6768
     715      45.7097
     716      50.1475
     717      47.2066
     718      43.7261
     719      44.3815
     720      43.6908
     721      42.2871
     722      45.3894
     723      45.3391
     724      47.0155
     725      46.3667
     726      44.2804
     727      43.4783
     728      46.5596
     729      46.3151
     730      47.9989
     731      51.7316
     732      53.3966
     733      48.9037
     734      46.4539
     735      47.1733
     736      50.2701
     737      48.2142
     738      49.7124
     739      47.1602
     740      45.3444
     741      41.0415
     742      39.2747
     743      39.6927
     744      40.5186
     745      41.9972
     746      43.2501
     747      41.4983
     748      43.3082
     749      40.1534
     750      42.8550
     751      41.5877
     752      39.7190
     753      41.1625
     754      40.1621
     755      38.4399
     756      40.6740
     757      44.3186
     758      40.5171
     759      40.0253
     760      39.1336
     761      38.5669
     762      38.7272
     763      38.7735
     764      39.1211
     765      38.5765
     766      37.8777
     767      37.4020
     768      37.6276
     769      37.0456
     770      35.8495
     771      36.3621
     772      38.3556
     773      38.1837
     774      38.2175
     775      40.0137
     776      40.0446
     777      38.9170
     778      40.1822
     779      40.2450
     780      40.8019
     781      39.3825
     782      39.3163
     783      39.7178
     784      40.8252
     785      40.3682
     786      37.2707
     787      37.5632
     788      38.8899
     789      38.6456
     790      38.9662
     791      40.6189
     792      39.6201
     793      38.5587
     794      39.7328
     795      38.5709
     796      38.8279
     797      38.5321
     798      37.3542
     799      38.2053
     800      37.2205
     801      38.7016
     802      38.6441
     803      39.6637
     804      39.7919
     805      40.4909
     806      40.9608
     807      40.3901
     808      38.1781
     809      39.7649
     810      40.4474
     811      39.3570
     812      38.4054
     813      38.7841
     814      39.9744
     815      40.9424
     816      41.1112
     817      39.4301
     818      39.3431
     819      42.3781
     820      41.7904
     821      38.3856
     822      40.0237
     823      39.1118
     824      41.2248
     825      38.3950
     826      39.1151
     827      36.7760
     828      37.9896
     829      37.3887
     830      37.0423
     831      36.9569
     832      36.8122
     833      38.8262
     834      36.8754
     835      37.1041
     836      36.7200
     837      36.5014
     838      36.4775
     839      39.1165
     840      37.0779
     841      38.9573
     842      41.5296
     843      41.1835
     844      41.4267
     845      40.7527
     846      42.1289
     847      39.4095
     848      41.6791
     849      40.9854
     850      41.8933
     851      39.9587
     852      40.1720
     853      40.1498
     854      41.5328
     855      40.6039
     856      41.0202
     857      40.9328
     858      40.7430
     859      40.8235
     860      38.7203
     861      40.9602
     862      42.8258
     863      40.3369
     864      37.8395
     865      38.3598
     866      38.7926
     867      39.8996
     868      38.4662
     869      38.2290
     870      39.4301
     871      39.3800
     872      38.5987
     873      42.2580
     874      38.1893
     875      38.8890
     876      39.6186
     877      39.7020
     878      39.6242
     879      39.9975
     880      39.7211
     881      40.2641
     882      40.6349
     883      40.6633
     884      39.8036
     885      41.2078
     886      40.5451
     887      41.2917
     888      39.6918
     889      38.9400
     890      39.6377
     891      41.3245
     892      44.0251
     893      47.5095
     894      44.3367
     895      46.6342
     896      47.6296
     897      46.5683
     898      43.2307
     899      38.4935
     900      35.3618
     901      38.8103
     902      38.3771
     903      35.9808
     904      37.4545
     905      39.1848
     906      39.3294
     907      39.2967
     908      37.8560
     909      38.8879
     910      38.4435
     911      37.7813
     912      36.6988
     913      37.2594
     914      36.5669
     915      39.5755
     916      41.3068
     917      37.0889
     918      38.3968
     919      39.4709
     920      38.3160
     921      36.4028
     922      34.3017
     923      36.0621
     924      35.4835
     925      35.4922
     926      37.5161
     927      40.6033
     928      40.2973
     929      37.1209
     930      36.3271
     931      37.0448
     932      34.0230
     933      35.7018
     934      32.8202
     935      35.5611
     936      36.6426
     937      37.3586
     938      37.3892
     939      36.5782
     940      36.4703
     941      36.6494
     942      36.4264
     943      35.8765
     944      37.9127
     945      36.1066
     946      39.7109
     947      37.9540
     948      37.6230
     949      36.6296
     950      38.1008
     951      38.0783
     952      37.0004
     953      36.3084
     954      36.9371
     955      36.5730
     956      38.3360
     957      38.2796
     958      39.0347
     959      40.8852
     960      38.6769
     961      40.3561
     962      40.1213
     963      38.3819
     964      37.6429
     965      38.0827
     966      37.4676
     967      40.5580
     968      37.4994
     969      37.4473
     970      36.9226
     971      38.0282
     972      36.8111
     973      37.5238
     974      38.1923
     975      37.9151
     976      39.2120
     977      39.3104
     978      39.5217
     979      40.1886
     980      38.4447
     981      38.0454
     982      37.2500
     983      37.2885
     984      36.2823
     985      38.1078
     986      38.7029
     987      36.1304
     988      39.4383
     989      38.7620
     990      39.3641
     991      40.4654
     992      39.8753
     993      38.9348
     994      38.3073
     995      38.0787
     996      38.3601
     997      39.4460
     998      39.9141
     999      39.8910
    1000      37.8156
    1001      38.9208
    1002      39.4781
    1003      38.4191
    1004      38.3632
    1005      39.1716
    1006      38.5004
    1007      40.3040
    1008      38.8520
    1009      36.7018
    1010      37.2097
    1011      37.9775
    1012      37.9374
    1013      36.8946
    1014      38.2461
    1015      39.2159
    1016      36.8571
    1017      38.3351
    1018      37.8870
    1019      37.3466
    1020      39.5933
    1021      38.9217
    1022      38.5600
    1023      39.0497
    1024      38.0959
    1025      37.4080
    1026      36.8656
    1027      37.9490
    1028      37.1672
    1029      37.8942
    1030      36.6191
    1031      37.1842
    1032      35.9315
    1033      37.2210
    1034      35.6796
    1035      35.4132
    1036      37.7039
    1037      39.7832
    1038      40.0257
    1039      38.5864
    1040      39.1030
    1041      39.1472
    1042      37.4023
    1043      38.9860
    1044      36.7720
    1045      36.7335
    1046      38.2227
    1047      40.2092
    1048      39.3815
    1049      40.4674
    1050      38.4222
    1051      38.7642
    1052      39.6606
    1053      40.7586
    1054      40.0408
    1055      40.4616
    1056      39.0484
    1057      39.2312
    1058      39.4755
    1059      40.5229
    1060      42.3677
    1061      40.7493
    1062      39.3973
    1063      38.3698
    1064      39.1778
    1065      41.3004
    1066      41.3340
    1067      40.0395
    1068      40.4846
    1069      42.5182
    1070      41.4050
    1071      42.1870
    1072      41.3511
    1073      40.7423
    1074      39.7856
    1075      39.6174
    1076      39.6888
    1077      37.9498
    1078      39.6437
    1079      38.6590
    1080      40.8317
    1081      40.2697
    1082      35.7253
    1083      40.4752
    1084      40.8078
    1085      37.0486
    1086      39.6124
    1087      39.3329
    1088      43.7331
    1089      42.2212
    1090      43.6342
    1091      48.2494
    1092      48.8898
    1093      46.3294
    1094      44.9363
    1095      46.1030
    1096      43.7675
    1097      45.2411
    1098      44.9132
    1099      43.5695
    1100      48.7517
    1101      42.7352
    1102      42.0473
    1103      42.9740
    1104      41.1305
    1105      40.8822
    1106      42.4249
    1107      43.2772
    1108      42.3792
    1109      43.8200
    1110      43.8679
    1111      41.4710
    1112      44.3593
    1113      45.0151
    1114      40.5585
    1115      45.4221
    1116      44.0071
    1117      41.9106
    1118      45.1658
    1119      43.0341
    1120      40.8051
    1121      41.4849
    1122      44.6789
    1123      45.7419
    1124      44.2578
    1125      45.0416
    1126      44.5456
    1127      42.6243
    1128      40.6678
    1129      39.8019
    1130      39.8464
    1131      40.0743
    1132      37.7089
    1133      37.9498
    1134      41.3608
    1135      42.6348
    1136      43.6936
    1137      44.1810
    1138      46.7425
    1139      46.2125
    1140      48.2147
    1141      54.0750
    1142      55.2633
    1143      52.0949
    1144      56.0112
    1145      53.5197
    1146      54.1255
    1147      55.1061
    1148      55.1409
    1149      53.8106
    1150      57.3553
    1151      59.5239
    1152      58.1738
    1153      51.8884
    1154      49.7532
    1155      45.1905
    1156      42.9484
    1157      42.9401
    1158      41.5359
    1159      41.0929
    1160      42.0866
    1161      40.2498
    1162      42.7202
    1163      41.2660
    1164      40.4229
    1165      39.3627
    1166      38.5287
    1167      39.5478
    1168      39.8322
    1169      41.0003
    1170      39.1516
    1171      38.3511
    1172      40.5925
    1173      40.3063
    1174      40.5450
    1175      39.8692
    1176      39.5598
    1177      40.6426
    1178      41.6941
    1179      39.7691
    1180      39.8473
    1181      38.3484
    1182      38.8628
    1183      40.1720
    1184      40.7233
    1185      42.2474
    1186      41.1186
    1187      38.9084
    1188      40.8435
    1189      44.2247
    1190      42.7283
    1191      45.6809
    1192      41.2444
    1193      42.0916
    1194      43.4992
    1195      44.0839
    1196      43.0796
    1197      43.9430
    1198      43.1764
    1199      40.0967
    1200      39.8384
    1201      39.9697
    1202      40.2408
    1203      40.9408
    1204      39.7599
    1205      41.7264
    1206      40.6209
    1207      42.9547
    1208      42.6937
    1209      41.1602
    1210      43.2296
    1211      42.7638
    1212      43.0403
    1213      43.9665
    1214      42.9135
    1215      43.4028
    1216      41.8204
    1217      43.4521
    1218      44.7463
    1219      43.7282
    1220      41.3877
    1221      42.2141
    1222      41.8191
    1223      39.9711
    1224      39.9732
    1225      41.0224
    1226      40.3685
    1227      41.4190
    1228      40.2569
    1229      39.4796
    1230      42.5998
    1231      40.9626
    1232      42.0765
    1233      41.5525
    1234      41.8143
    1235      40.1780
    1236      40.2030
    1237      42.1751
    1238      41.4234
    1239      38.9000
    1240      40.5930
    1241      41.7394
    1242      40.7178
    1243      39.6204
    1244      40.1171
    1245      39.8411
    1246      40.5990
    1247      41.6352
    1248      41.2452
    1249      38.9819
    1250      40.8937
    1251      41.0978
    1252      43.5851
    1253      40.7477
    1254      43.5737
    1255      42.0523
    1256      41.7816
    1257      41.1089
    1258      41.1593
    1259      40.4957
    1260      42.4341
    1261      39.5250
    1262      39.1470
    1263      40.2838
    1264      37.7059
    1265      38.7128
    1266      40.7907
    1267      41.0689
    1268      40.0352
    1269      39.4194
    1270      41.9969
    1271      38.7081
    1272      41.0525
    1273      42.3897
    1274      39.6367
    1275      37.7804
    1276      37.8143
    1277      38.8753
    1278      39.0154
    1279      39.0894
    1280      37.9608
    1281      38.7984
    1282      41.3789
    1283      41.1414
    1284      39.6943
    1285      40.4974
    1286      38.2210
    1287      38.4695
    1288      40.3369
    1289      40.4927
    1290      37.8709
    1291      41.0189
    1292      38.6814
    1293      41.3932
    1294      38.9139
    1295      37.6121
    1296      38.7696
    1297      38.6516
    1298      38.6139
    1299      37.8298
    1300      36.5719
    1301      40.7275
    1302      41.6863
    1303      42.1973
    1304      41.2198
    1305      40.3129
    1306      43.4185
    1307      39.3879
    1308      42.1029
    1309      39.4950
    1310      39.2898
    1311      38.9200
    1312      41.0325
    1313      40.0008
    1314      38.9597
    1315      40.2345
    1316      40.3778
    1317      41.4251
    1318      40.1526
    1319      41.9307
    1320      42.6580
    1321      38.7832
    1322      40.9953
    1323      43.1371
    1324      40.7090
    1325      41.9763
    1326      41.7106
    1327      42.3194
    1328      41.5491
    1329      39.0308
    1330      40.5102
    1331      39.1888
    1332      40.9706
    1333      39.6214
    1334      41.3445
    1335      41.7151
    1336      40.8138
    1337      39.9011
    1338      40.6541
    1339      39.7861
    1340      41.2085
    1341      41.6839
    1342      44.7529
    1343      47.1311
    1344      49.2565
    1345      52.6511
    1346      52.2757
    1347      50.3391
    1348      49.0037
    1349      49.7729
    1350      47.3755
    1351      47.9678
    1352      47.6545
    1353      47.9634
    1354      45.8266
    1355      46.4065
    1356      42.5309
    1357      46.3937
    1358      43.3033
    1359      44.8716
    1360      41.0477
    1361      41.1727
    1362      38.5087
    1363      42.2736
    1364      41.1547
    1365      41.1991
    1366      39.5356
    1367      40.2515
    1368      37.4746
    1369      37.2210
    1370      37.1847
    1371      37.5248
    1372      36.7694
    1373      39.3557
    1374      38.9854
    1375      40.9030
    1376      39.0224
    1377      37.3362
    1378      38.8372
    1379      40.6311
    1380      39.7321
    1381      39.5805
    1382      40.2833
    1383      40.9219
    1384      39.3533
    1385      40.7824
    1386      39.4978
    1387      40.2852
    1388      38.0156
    1389      36.8760
    1390      37.6649
    1391      36.7712
    1392      35.8848
    1393      37.1841
    1394      37.7159
    1395      36.3981
    1396      38.1727
    1397      38.1141
    1398      38.1817
    1399      38.9557
    1400      36.0018
    1401      38.7160
    1402      37.7446
    1403      37.3430
    1404      38.0169
    1405      38.0133
    1406      37.7307
    1407      39.1849
    1408      37.8110
    1409      40.3984
    1410      36.1670
    1411      38.5174
    1412      38.3718
    1413      40.6784
    1414      41.4540
    1415      39.7314
    1416      43.0593
    1417      42.4188
    1418      42.8588
    1419      42.1296
    1420      43.1488
    1421      41.4472
    1422      42.2932
    1423      41.2256
    1424      41.3875
    1425      38.0850
    1426      38.5237
    1427      39.7331
    1428      39.3118
    1429      36.4841
    1430      36.3944
    1431      40.7457
    1432      39.4249
    1433      38.9218
    1434      39.7042
    1435      37.3268
    1436      39.7695
    1437      40.9528
    1438      39.3832
    1439      35.6181
    1440      38.4211
    1441      38.3028
    1442      38.5385
    1443      37.1036
    1444      37.8843
    1445      39.2590
    1446      38.4687
    1447      38.7359
    1448      38.5979
    1449      39.2494
    1450      40.4651
    1451      39.9291
    1452      41.5440
    1453      38.1050
    1454      41.0131
    1455      39.6755
    1456      38.2736
    1457      39.0874
    1458      39.4081
    1459      40.3121
    1460      40.1025
    1461      40.8077
    1462      41.0835
    1463      39.3425
    1464      39.8117
    1465      39.3972
    1466      38.9077
    1467      37.2355
    1468      39.6371
    1469      39.4955
    1470      40.0732
    1471      39.4551
    1472      40.4337
    1473      40.5240
    1474      39.4342
    1475      38.8608
    1476      40.2212
    1477      39.0646
    1478      38.9232
    1479      39.7591
    1480      40.1332
    1481      39.2916
    1482      40.5233
    1483      38.8325
    1484      40.4020
    1485      40.0851
    1486      39.6025
    1487      40.3978
    1488      40.0149
    1489      39.8340
    1490      38.9319
    1491      41.1260
    1492      41.8393
    1493      41.5384
    1494      43.0015
    1495      43.0586
    1496      43.9679
    1497      42.8079
    1498      42.6926
    1499      45.6314
    1500      42.5614
    1501      38.8406
    1502      42.6458
    1503      40.6533
    1504      40.2082
    1505      38.5071
    1506      40.9401
    1507      41.0598
    1508      37.8264
    1509      38.6698
    1510      37.8883
    1511      38.7402
    1512      38.6607
    1513      41.0578
    1514      39.9477
    1515      41.7583
    1516      38.2953
    1517      39.0957
    1518      40.0882
    1519      41.0281
    1520      40.0429
    1521      41.1538
    1522      40.9044
    1523      38.4671
    1524      38.6305
    1525      38.9258
    1526      39.4885
    1527      44.7430
    1528      42.6238
    1529      41.8530
    1530      42.2068
    1531      42.2047
    1532      38.8226
    1533      37.8805
    1534      39.8856
    1535      38.6219
    1536      38.5921
    1537      38.0817
    1538      36.6985
    1539      36.2343
    1540      38.7311
    1541      36.7943
    1542      38.9812
    1543      38.9314
    1544      37.4993
    1545      39.6923
    1546      39.1622
    1547      38.3593
    1548      38.8264
    1549      38.7436
    1550      37.4889
    1551      36.8730
    1552      39.7598
    1553      38.7270
    1554      39.0653
    1555      38.4901
    1556      38.4086
    1557      37.9281
    1558      39.1920
    1559      39.0593
    1560      38.3351
    1561      38.4576
    1562      39.1484
    1563      39.7244
    1564      41.4821
    1565      40.6491
    1566      40.4242
    1567      40.3100
    1568      38.5602
    1569      38.7276
    1570      37.8729
    1571      37.4532
    1572      38.7661
    1573      38.7386
    1574      41.8124
    1575      41.5177
    1576      42.0806
    1577      41.5442
    1578      40.9235
    1579      41.4424
    1580      38.3842
    1581      42.3677
    1582      41.6716
    1583      41.7053
    1584      38.0080
    1585      39.4081
    1586      36.2458
    1587      38.2299
    1588      37.6254
    1589      39.4864
    1590      38.1181
    1591      38.3017
    1592      38.2818
    1593      39.0024
    1594      37.2692
    1595      38.5542
    1596      38.9156
    1597      37.3081
    1598      37.6683
    1599      37.7557
    1600      39.2699
    1601      37.2675
    1602      37.8055
    1603      39.0771
    1604      40.0534
    1605      38.3468
    1606      37.4009
    1607      38.2437
    1608      37.1036
    1609      37.5789
    1610      37.3012
    1611      37.5690
    1612      38.1030
    1613      38.0851
    1614      40.1751
    1615      40.2837
    1616      40.6179
    1617      38.0209
    1618      41.1255
    1619      42.6790
    1620      43.7290
    1621      42.3987
    1622      37.7664
    1623      37.8705
    1624      40.9846
    1625      39.9733
    1626      41.9463
    1627      40.8548
    1628      40.3876
    1629      40.4101
    1630      39.4904
    1631      42.6523
    1632      40.2269
    1633      39.2336
    1634      39.7478
    1635      40.2952
    1636      39.2684
    1637      40.5667
    1638      39.1864
    1639      35.8115
    1640      35.9297
    1641      36.0200
    1642      34.5645
    1643      36.0900
    1644      37.1934
    1645      37.5459
    1646      38.0171
    1647      39.1947
    1648      37.9022
    1649      40.0716
    1650      41.3270
    1651      40.5637
    1652      39.7892
    1653      41.1232
    1654      39.9649
    1655      41.9576
    1656      40.4399
    1657      40.3280
    1658      41.2373
    1659      44.3280
    1660      43.9962
    1661      40.6916
    1662      42.4124
    1663      40.5277
    1664      38.9019
    1665      39.6433
    1666      39.7678
    1667      36.8527
    1668      37.1120
    1669      38.4354
    1670      37.1401
    1671      37.5901
    1672      38.1377
    1673      39.7747
    1674      38.8656
    1675      39.3773
    1676      38.3647
    1677      36.2402
    1678      37.0642
    1679      40.1050
    1680      42.7239
    1681      40.2747
    1682      40.5478
    1683      41.3554
    1684      42.7032
    1685      39.3106
    1686      39.8327
    1687      37.5672
    1688      37.5437
    1689      36.7287
    1690      37.2523
    1691      36.2251
    1692      37.9882
    1693      35.1729
    1694      38.0163
    1695      38.1515
    1696      36.6053
    1697      35.7815
    1698      34.8954
    1699      34.1934
    1700      36.5386
    1701      36.5320
    1702      35.5929
    1703      37.0370
    1704      37.3000
    1705      36.6870
    1706      36.9489
    1707      36.1669
    1708      38.0952
    1709      38.0064
    1710      37.2467
    1711      36.4692
    1712      37.7220
    1713      39.3193
    1714      42.3452
    1715      42.5519
    1716      45.7221
    1717      46.7021
    1718      47.1955
    1719      48.5138
    1720      43.0220
    1721      43.0580
    1722      43.5846
    1723      41.9621
    1724      40.2635
    1725      37.6351
    1726      38.9151
    1727      37.9096
    1728      42.8520
    1729      42.6794
    1730      42.5044
    1731      42.2950
    1732      42.7025
    1733      45.9361
    1734      43.4211
    1735      40.7204
    1736      41.3802
    1737      40.4853
    1738      42.9081
    1739      40.4014
    1740      43.5243
    1741      45.8734
    1742      45.2938
    1743      47.9807
    1744      44.6048
    1745      48.0365
    1746      45.6529
    1747      42.8339
    1748      44.1698
    1749      43.2183
    1750      49.5011
    1751      50.1878
    1752      48.9902
    1753      47.7055
    1754      44.1905
    1755      42.5176
    1756      48.7881
    1757      54.0902
    1758      48.2835
    1759      46.3564
    1760      50.4823
    1761      52.0967
    1762      47.6483
    1763      45.8061
    1764      44.9688
    1765      39.3840
    1766      38.0848
    1767      38.3761
    1768      39.0163
    1769      37.7322
    1770      35.6874
    1771      38.4785
    1772      37.4761
    1773      38.9142
    1774      38.2575
    1775      38.3013
    1776      36.8478
    1777      36.9626
    1778      37.4815
    1779      38.0232
    1780      38.9182
    1781      37.9346
    1782      36.1629
    1783      38.5372
    1784      39.1425
    1785      40.2837
    1786      39.5955
    1787      39.9117
    1788      36.6892
    1789      36.6888
    1790      35.4091
    1791      37.7250
    1792      36.9302
    1793      38.0613
    1794      36.7485
    1795      38.5800
    1796      38.4850
    1797      37.0595
    1798      37.5938
    1799      34.4654
    1800      36.0749
    1801      36.4636
    1802      36.7476
    1803      34.4715
    1804      34.0708
    1805      35.6056
    1806      35.9718
    1807      35.7413
    1808      35.1259
    1809      35.7679
    1810      34.5735
    1811      34.1044
    1812      35.0024
    1813      35.0087
    1814      35.8291
    1815      35.8658
    1816      35.6689
    1817      37.2101
    1818      38.0158
    1819      39.0437
    1820      38.7336
    1821      36.9531
    1822      38.1441
    1823      37.5627
    1824      38.6038
    1825      40.7331
    1826      41.5732
    1827      42.5121
    1828      39.1395
    1829      38.2442
    1830      40.8048
    1831      39.6816
    1832      39.2890
    1833      37.6248
    1834      40.9384
    1835      40.2694
    1836      37.4186
    1837      38.8080
    1838      36.6874
    1839      38.4446
    1840      39.0515
    1841      39.1956
    1842      36.6276
    1843      37.6073
    1844      38.7819
    1845      39.2371
    1846      37.9114
    1847      37.1891
    1848      38.6778
    1849      38.4822
    1850      39.1121
    1851      39.7030
    1852      38.6058
    1853      36.9240
    1854      38.1129
    1855      40.1367
    1856      40.5492
    1857      40.6173
    1858      41.0725
    1859      40.9796
    1860      38.2174
    1861      39.5406
    1862      41.4968
    1863      41.0724
    1864      40.4820
    1865      41.0352
    1866      39.6380
    1867      40.3759
    1868      41.8595
    1869      41.9114
    1870      40.4741
    1871      40.8035
    1872      41.7645
    1873      39.0865
    1874      37.9735
    1875      39.6097
    1876      40.2854
    1877      43.2788
    1878      39.0494
    1879      40.8532
    1880      41.0271
    1881      40.3994
    1882      40.5639
    1883      40.2355
    1884      40.4699
    1885      41.3466
    1886      44.0482
    1887      45.6797
    1888      44.9305
    1889      47.3764
    1890      45.5365
    1891      46.6498
    1892      48.2886
    1893      47.3564
    1894      47.8728
    1895      47.3560
    1896      47.5025
    1897      47.8178
    1898      46.4469
    1899      46.2523
    1900      48.4635
    1901      51.6932
    1902      52.3785
    1903      51.2406
    1904      48.9083
    1905      48.9679
    1906      53.0719
    1907      47.6886
    1908      48.4810
    1909      47.0588
    1910      49.5037
    1911      55.4831
    1912      51.1930
    1913      54.1323
    1914      55.1090
    1915      53.8421
    1916      51.9778
    1917      52.0116
    1918      50.7898
    1919      56.8959
    1920      57.0169
    1921      59.4882
    1922      55.3259
    1923      58.0702
    1924      59.7415
    1925      58.4556
    1926      58.8145
    1927      56.3881
    1928      58.1829
    1929      60.2123
    1930      59.3187
    1931      57.2637
    1932      59.2085
    1933      60.4705
    1934      56.7813
    1935      57.1468
    1936      57.3543
    1937      55.9110
    1938      51.9696
    1939      52.4991
    1940      49.3081
    1941      51.0965
    1942      50.6389
    1943      50.2302
    1944      44.0425
    1945      43.7103
    1946      41.7386
    1947      40.3017
    1948      41.5118
    1949      41.7120
    1950      43.3377
    1951      40.3111
    1952      41.1852
    1953      40.8904
    1954      40.1643
    1955      39.3645
    1956      41.4645
    1957      42.1179
    1958      40.8265
    1959      38.3520
    1960      42.2812
    1961      43.4054
    1962      44.3615
    1963      40.2465
    1964      40.4640
    1965      40.2037
    1966      41.6476
    1967      41.0006
    1968      38.3819
    1969      40.0269
    1970      37.3229
    1971      36.6068
    1972      37.6815
    1973      38.0540
    1974      38.9462
    1975      34.7189
    1976      38.0288
    1977      38.2884
    1978      39.9317
    1979      41.6252
    1980      39.9678
    1981      36.8956
    1982      36.4851
    1983      36.6858
    1984      36.7420
    1985      36.4071
    1986      38.0295
    1987      36.1000
    1988      37.7921
    1989      36.7453
    1990      35.7935
    1991      37.9256
    1992      38.5280
    1993      40.8795
    1994      40.3474
    1995      40.5997
    1996      35.1951
    1997      38.5936
    1998      38.5791
    1999      37.9942
    2000      35.7330
