#Frame     end-to-end
       1      39.7285
       2      40.0613
       3      40.6431
       4      40.6548
       5      41.0023
       6      40.2732
       7      39.8013
       8      41.4425
       9      41.1211
      10      40.1471
      11      41.0494
      12      40.6997
      13      39.9275
      14      41.4436
      15      43.6835
      16      40.8782
      17      42.2759
      18      42.1971
      19      41.9838
      20      42.5736
      21      40.3706
      22      42.1567
      23      40.9618
      24      40.4379
      25      41.1930
      26      40.8413
      27      42.3744
      28      42.1611
      29      40.0680
      30      41.0276
      31      40.2748
      32      41.1595
      33      41.8965
      34      42.9120
      35      41.3824
      36      42.4734
      37      42.0372
      38      41.7381
      39      42.5903
      40      41.7172
      41      42.3865
      42      42.0199
      43      41.9272
      44      41.5421
      45      41.3229
      46      41.6414
      47      42.3458
      48      43.0003
      49      41.6462
      50      41.7677
      51      42.4098
      52      43.2995
      53      41.1320
      54      40.8680
      55      40.5466
      56      40.4723
      57      41.3506
      58      42.2030
      59      41.0026
      60      40.1284
      61      39.7945
      62      40.2010
      63      40.9224
      64      40.9188
      65      40.4568
      66      41.0048
      67      42.0386
      68      40.7297
      69      39.6901
      70      39.6293
      71      39.4359
      72      39.3519
      73      38.8109
      74      38.1750
      75      39.8198
      76      39.3812
      77      39.0120
      78      38.3758
      79      38.7867
      80      39.1140
      81      38.4545
      82      37.1879
      83      37.5846
      84      39.4617
      85      38.1839
      86      38.9878
      87      39.5180
      88      38.7025
      89      39.5820
      90      40.1963
      91      38.5434
      92      38.3291
      93      38.8429
      94      38.9033
      95      38.7272
      96      38.4704
      97      39.2891
      98      39.1160
      99      39.2550
     100      39.3988
     101      37.1447
     102      39.0705
     103      42.0533
     104      40.9543
     105      40.8816
     106      41.2261
     107      41.6424
     108      41.9433
     109      41.5589
     110      42.1815
     111      42.1810
     112      41.2942
     113      40.6448
     114      40.8743
     115      39.6839
     116      42.0418
     117      40.1828
     118      41.0174
     119      42.7769
     120      41.1580
     121      39.9236
     122      41.1104
     123      42.1206
     124      42.1498
     125      41.7406
     126      41.0548
     127      40.9371
     128      41.5526
     129      43.2376
     130      41.3711
     131      41.1248
     132      40.6651
     133      40.1645
     134      42.8564
     135      41.7675
     136      41.1951
     137      41.0606
     138      40.8431
     139      41.6939
     140      41.9284
     141      42.1106
     142      40.8530
     143      41.4708
     144      41.0391
     145      40.9920
     146      41.7220
     147      42.3537
     148      41.1558
     149      42.1225
     150      43.1425
     151      41.4512
     152      41.4408
     153      41.3389
     154      41.7777
     155      40.2712
     156      40.1344
     157      39.9904
     158      41.7640
     159      39.6575
     160      40.4728
     161      40.8744
     162      40.2501
     163      39.9577
     164      40.6720
     165      41.4132
     166      42.1511
     167      41.4687
     168      41.4795
     169      42.3592
     170      41.0792
     171      39.7732
     172      40.8878
     173      41.6105
     174      40.7156
     175      40.7789
     176      40.4821
     177      40.3739
     178      42.2318
     179      40.8390
     180      40.4267
     181      41.5304
     182      42.6995
     183      42.4292
     184      42.3902
     185      40.4832
     186      41.2593
     187      42.9762
     188      41.4550
     189      41.1183
     190      42.9150
     191      41.6695
     192      40.8151
     193      41.3161
     194      42.1772
     195      42.3214
     196      40.7496
     197      41.0938
     198      41.5553
     199      40.3526
     200      42.5530
     201      41.7367
     202      42.2944
     203      41.2875
     204      41.6667
     205      41.2016
     206      42.3238
     207      42.3163
     208      41.8075
     209      41.0923
     210      42.6599
     211      42.1032
     212      41.8575
     213      41.2281
     214      41.2379
     215      42.5560
     216      40.3623
     217      41.4162
     218      42.0561
     219      42.7948
     220      42.6138
     221      41.5189
     222      41.7455
     223      41.5820
     224      43.1185
     225      41.5916
     226      40.7657
     227      41.6548
     228      41.0040
     229      40.9752
     230      42.0402
     231      43.0719
     232      41.8255
     233      42.5298
     234      40.6971
     235      41.4522
     236      40.8936
     237      39.6941
     238      40.3754
     239      40.3962
     240      39.8419
     241      40.3526
     242      39.8918
     243      40.5943
     244      38.8604
     245      40.5306
     246      41.6338
     247      41.4723
     248      41.3302
     249      42.0319
     250      42.5894
     251      43.1441
     252      44.1928
     253      41.6361
     254      41.8715
     255      42.5543
     256      42.0941
     257      41.2411
     258      41.3572
     259      40.6639
     260      40.8031
     261      41.3213
     262      41.2315
     263      41.3621
     264      41.5093
     265      41.7020
     266      42.0630
     267      40.2625
     268      40.7988
     269      41.4309
     270      40.7587
     271      40.0888
     272      40.5699
     273      40.2506
     274      40.2154
     275      40.5019
     276      41.2533
     277      41.5292
     278      40.9997
     279      40.0230
     280      40.2356
     281      41.4883
     282      40.6354
     283      39.9908
     284      40.9859
     285      39.8940
     286      40.4488
     287      42.0285
     288      40.8084
     289      40.8818
     290      41.1131
     291      41.9190
     292      41.1788
     293      41.0164
     294      40.5839
     295      39.8869
     296      41.5009
     297      40.7946
     298      41.9311
     299      41.3779
     300      40.8730
     301      40.9443
     302      39.8731
     303      40.5932
     304      40.4554
     305      39.4642
     306      40.6654
     307      39.7972
     308      40.3229
     309      40.6814
     310      39.6635
     311      40.4284
     312      40.1367
     313      40.8101
     314      41.0720
     315      41.4353
     316      40.6997
     317      42.2054
     318      41.2124
     319      41.6213
     320      41.0755
     321      41.7324
     322      42.1328
     323      41.4334
     324      41.7394
     325      40.6209
     326      40.8753
     327      40.7033
     328      40.1432
     329      40.3370
     330      40.6847
     331      41.4373
     332      40.8324
     333      41.5682
     334      41.1973
     335      41.6096
     336      41.1065
     337      41.2077
     338      41.6425
     339      42.4787
     340      41.2246
     341      40.9006
     342      42.3791
     343      41.3799
     344      40.8217
     345      42.1962
     346      41.9825
     347      41.0326
     348      40.9708
     349      41.3854
     350      41.7749
     351      41.1947
     352      41.4388
     353      41.8565
     354      42.5562
     355      40.8524
     356      41.0420
     357      40.8767
     358      41.1590
     359      41.0584
     360      41.8005
     361      41.6151
     362      42.0404
     363      41.0196
     364      40.9087
     365      42.2105
     366      41.7585
     367      42.8405
     368      41.2925
     369      42.7039
     370      41.9968
     371      41.6194
     372      41.9264
     373      41.7331
     374      41.5438
     375      41.0728
     376      42.1711
     377      40.7058
     378      41.0799
     379      41.0167
     380      41.8259
     381      41.3239
     382      42.5022
     383      40.8446
     384      42.0106
     385      41.4686
     386      41.9787
     387      41.7728
     388      41.7924
     389      41.6099
     390      42.0536
     391      41.8926
     392      41.7719
     393      41.2715
     394      42.4974
     395      42.0552
     396      41.6022
     397      41.6460
     398      41.7532
     399      42.0131
     400      40.8174
     401      42.0360
     402      41.5948
     403      41.7525
     404      41.8308
     405      41.5594
     406      42.0325
     407      42.1035
     408      41.6610
     409      41.8913
     410      41.5771
     411      41.8557
     412      41.1672
     413      40.1338
     414      41.5777
     415      41.8722
     416      41.5839
     417      41.8265
     418      41.4814
     419      42.0432
     420      42.3739
     421      42.4715
     422      42.1202
     423      42.7022
     424      41.9675
     425      41.6809
     426      41.1835
     427      42.4896
     428      42.2864
     429      42.0937
     430      41.3673
     431      41.9512
     432      41.4014
     433      41.8311
     434      41.3162
     435      41.7389
     436      41.8689
     437      41.5552
     438      42.0887
     439      42.0170
     440      41.9516
     441      41.2126
     442      42.6833
     443      41.4652
     444      43.0922
     445      41.2742
     446      41.0315
     447      41.3356
     448      41.3530
     449      42.0969
     450      42.5558
     451      42.5020
     452      40.8856
     453      41.7014
     454      41.4058
     455      41.7960
     456      41.1256
     457      41.5324
     458      41.8001
     459      42.2642
     460      41.8629
     461      42.4540
     462      41.9370
     463      41.4844
     464      42.1667
     465      41.9877
     466      42.0495
     467      41.9191
     468      41.7595
     469      42.0058
     470      42.7900
     471      41.8613
     472      41.7865
     473      41.5492
     474      42.1161
     475      41.5625
     476      42.0991
     477      41.5445
     478      41.5152
     479      41.8304
     480      41.8496
     481      41.3613
     482      42.1559
     483      40.7959
     484      41.4748
     485      41.9444
     486      41.8394
     487      42.2737
     488      41.4860
     489      41.4212
     490      41.8692
     491      41.5364
     492      41.6032
     493      42.0505
     494      41.2527
     495      41.1021
     496      41.2937
     497      41.7946
     498      41.4012
     499      41.9368
     500      41.7730
     501      42.6356
     502      42.6975
     503      41.8049
     504      41.5101
     505      41.0942
     506      40.6633
     507      41.6321
     508      41.4867
     509      42.0267
     510      42.0448
     511      41.8315
     512      42.3339
     513      42.6513
     514      42.5712
     515      42.4710
     516      42.9673
     517      42.3935
     518      42.0924
     519      41.7901
     520      42.2210
     521      41.9332
     522      43.0555
     523      41.7742
     524      41.9917
     525      42.1079
     526      41.3750
     527      42.3718
     528      41.4157
     529      42.4686
     530      43.3732
     531      41.9893
     532      42.5311
     533      43.0723
     534      43.2463
     535      42.5711
     536      42.6280
     537      42.0981
     538      42.7111
     539      42.5113
     540      42.5374
     541      42.4949
     542      42.7107
     543      41.8084
     544      42.5140
     545      41.8110
     546      42.1785
     547      41.9111
     548      42.2584
     549      42.6014
     550      43.5848
     551      42.4152
     552      42.5907
     553      41.3375
     554      42.4602
     555      42.9672
     556      42.3859
     557      41.9705
     558      41.8287
     559      42.4353
     560      42.0787
     561      42.1209
     562      42.1761
     563      41.5112
     564      41.9656
     565      42.2414
     566      42.3940
     567      41.4036
     568      41.8275
     569      41.9833
     570      42.2595
     571      42.8803
     572      41.4445
     573      43.3024
     574      42.0127
     575      42.4080
     576      42.0891
     577      42.7916
     578      40.8876
     579      41.5744
     580      42.4748
     581      42.1563
     582      42.4721
     583      41.8221
     584      41.8891
     585      42.2290
     586      42.4859
     587      42.2635
     588      41.9500
     589      41.1310
     590      41.9084
     591      43.1463
     592      41.5490
     593      43.1544
     594      42.3127
     595      42.1964
     596      43.2703
     597      42.2831
     598      42.4123
     599      41.6623
     600      42.5024
     601      42.2586
     602      42.3658
     603      42.0093
     604      42.7065
     605      42.9733
     606      43.0333
     607      41.8230
     608      43.0641
     609      43.1335
     610      41.8294
     611      42.0892
     612      41.9692
     613      42.5250
     614      41.7141
     615      42.2570
     616      42.1265
     617      41.9216
     618      41.5842
     619      42.1219
     620      41.9211
     621      42.4125
     622      42.8425
     623      41.3990
     624      42.3100
     625      43.0728
     626      42.3409
     627      43.1097
     628      42.1848
     629      42.9237
     630      43.3754
     631      41.9098
     632      42.4191
     633      42.0498
     634      42.2488
     635      43.3621
     636      42.7284
     637      43.1092
     638      42.7244
     639      42.8509
     640      42.4450
     641      42.8420
     642      42.8890
     643      42.5790
     644      42.5559
     645      42.1222
     646      42.2615
     647      42.1748
     648      41.6511
     649      42.3553
     650      42.1764
     651      42.3509
     652      43.5326
     653      42.2624
     654      42.3483
     655      41.6541
     656      42.3444
     657      43.1704
     658      41.7738
     659      42.1671
     660      41.8384
     661      42.3113
     662      41.8523
     663      41.7310
     664      41.5120
     665      41.9139
     666      42.7896
     667      42.1940
     668      43.0762
     669      42.6869
     670      41.8516
     671      41.5865
     672      42.3401
     673      42.8870
     674      42.6510
     675      42.4560
     676      41.8387
     677      41.5441
     678      43.5512
     679      43.1616
     680      43.0215
     681      42.8242
     682      42.3372
     683      42.6664
     684      42.0982
     685      42.2390
     686      42.0767
     687      42.4849
     688      42.7527
     689      42.8478
     690      42.1488
     691      42.4254
     692      42.7784
     693      42.3686
     694      42.1331
     695      42.1229
     696      41.9230
     697      42.2969
     698      41.5253
     699      41.5615
     700      41.6428
     701      42.1786
     702      41.8211
     703      42.0506
     704      41.9313
     705      42.5175
     706      41.8378
     707      41.5758
     708      41.2328
     709      41.2880
     710      41.2190
     711      41.6949
     712      41.7033
     713      41.4387
     714      42.2998
     715      41.9379
     716      42.3878
     717      41.6865
     718      41.9422
     719      42.7166
     720      42.2519
     721      43.3153
     722      42.8509
     723      42.7273
     724      43.4316
     725      43.2642
     726      42.8241
     727      42.2114
     728      42.2973
     729      42.5759
     730      42.8875
     731      42.6582
     732      42.8406
     733      42.5467
     734      42.6810
     735      42.7620
     736      43.0181
     737      42.9347
     738      42.4122
     739      42.4066
     740      42.5444
     741      42.6517
     742      42.4903
     743      43.0117
     744      42.9342
     745      42.3696
     746      42.4528
     747      41.7375
     748      42.3664
     749      42.7353
     750      42.0588
     751      42.4175
     752      42.8688
     753      43.0979
     754      43.0722
     755      43.0660
     756      43.1396
     757      42.6954
     758      42.4350
     759      43.2391
     760      43.2020
     761      43.0828
     762      43.5140
     763      43.6871
     764      42.1552
     765      42.9379
     766      42.5134
     767      43.0170
     768      42.2793
     769      43.1879
     770      42.8844
     771      43.0646
     772      43.0292
     773      43.7894
     774      43.5686
     775      41.6677
     776      42.3967
     777      42.6082
     778      43.3842
     779      41.7146
     780      42.1457
     781      43.0968
     782      41.8460
     783      42.5345
     784      42.5650
     785      42.4065
     786      42.7053
     787      42.4384
     788      42.3187
     789      42.5498
     790      41.4441
     791      42.5331
     792      41.9462
     793      42.8286
     794      42.6764
     795      42.5611
     796      42.8548
     797      42.7869
     798      42.9051
     799      42.6038
     800      43.0102
     801      41.9458
     802      42.3548
     803      42.4829
     804      42.0446
     805      41.2610
     806      41.1546
     807      41.7041
     808      41.3809
     809      41.1761
     810      41.6318
     811      42.3180
     812      42.2748
     813      42.4119
     814      43.3036
     815      42.8741
     816      43.1979
     817      43.3322
     818      41.9170
     819      42.6022
     820      41.4679
     821      42.3016
     822      41.8751
     823      41.1768
     824      42.1178
     825      41.9035
     826      42.3968
     827      41.3946
     828      41.7179
     829      41.7363
     830      42.2936
     831      42.3105
     832      41.6257
     833      42.1958
     834      41.9596
     835      41.1031
     836      41.7932
     837      42.9540
     838      43.1497
     839      42.4274
     840      41.2073
     841      41.9652
     842      42.9569
     843      42.3970
     844      44.3151
     845      43.3806
     846      44.0368
     847      42.5015
     848      42.6720
     849      41.7368
     850      42.3507
     851      41.4819
     852      41.4951
     853      42.2074
     854      41.7554
     855      41.0889
     856      42.2426
     857      42.5523
     858      41.4403
     859      42.8028
     860      42.5587
     861      42.9906
     862      41.7660
     863      41.9962
     864      42.6587
     865      42.7648
     866      42.5892
     867      42.0006
     868      42.5184
     869      42.7344
     870      42.0278
     871      41.9410
     872      42.1178
     873      40.9063
     874      42.0733
     875      42.0992
     876      42.2375
     877      43.3957
     878      43.1764
     879      43.4007
     880      43.2562
     881      42.7984
     882      42.4320
     883      42.6403
     884      42.2596
     885      42.7149
     886      42.2321
     887      43.4445
     888      43.4199
     889      41.7710
     890      41.4510
     891      42.4697
     892      42.4399
     893      42.6028
     894      42.5007
     895      42.4545
     896      42.7196
     897      42.3248
     898      42.4132
     899      42.4232
     900      42.8244
     901      42.4958
     902      43.2703
     903      41.8434
     904      42.6612
     905      42.8666
     906      41.6837
     907      42.0929
     908      42.4172
     909      41.9009
     910      42.5922
     911      42.8448
     912      44.2591
     913      42.9538
     914      43.2057
     915      42.5531
     916      42.5881
     917      42.7907
     918      42.8734
     919      42.1061
     920      42.4856
     921      43.4981
     922      43.8278
     923      41.9536
     924      43.7178
     925      42.9601
     926      42.2448
     927      42.4887
     928      42.2044
     929      42.9336
     930      42.9273
     931      42.9639
     932      42.9206
     933      42.6790
     934      43.1225
     935      43.1143
     936      42.8993
     937      43.3575
     938      43.1439
     939      43.6673
     940      43.7489
     941      43.6265
     942      42.7248
     943      42.5179
     944      42.8466
     945      42.4119
     946      41.8146
     947      42.3711
     948      42.1606
     949      43.0463
     950      42.8251
     951      42.8159
     952      42.9558
     953      43.2071
     954      43.1951
     955      43.6551
     956      43.9943
     957      43.6101
     958      43.9770
     959      44.7469
     960      42.7042
     961      43.0339
     962      43.6038
     963      42.7041
     964      42.8106
     965      43.7617
     966      43.6743
     967      43.2789
     968      42.7198
     969      43.4981
     970      43.8769
     971      43.2647
     972      43.2052
     973      43.0096
     974      42.9130
     975      43.0536
     976      42.8921
     977      43.4742
     978      42.6149
     979      43.8948
     980      43.9315
     981      43.1548
     982      43.2723
     983      42.4421
     984      42.7887
     985      43.2151
     986      42.9098
     987      43.2458
     988      41.6887
     989      42.4849
     990      41.9783
     991      42.1944
     992      41.4442
     993      41.7492
     994      41.7849
     995      42.9169
     996      42.8148
     997      43.2673
     998      43.3739
     999      42.9202
    1000      43.2451
    1001      44.1163
    1002      44.0830
    1003      44.3774
    1004      44.1743
    1005      44.3552
    1006      44.4930
    1007      45.4162
    1008      44.4446
    1009      45.0969
    1010      44.5793
    1011      43.3681
    1012      43.5740
    1013      44.9315
    1014      43.9830
    1015      44.1429
    1016      43.1783
    1017      44.4540
    1018      45.7681
    1019      45.6468
    1020      45.4471
    1021      44.4048
    1022      44.9081
    1023      44.1162
    1024      43.3502
    1025      42.3646
    1026      42.2191
    1027      41.8501
    1028      42.3582
    1029      42.2166
    1030      42.6056
    1031      42.1023
    1032      41.9790
    1033      42.4181
    1034      42.7130
    1035      43.4291
    1036      42.3753
    1037      42.8827
    1038      43.5336
    1039      43.6571
    1040      41.9627
    1041      42.5391
    1042      42.1149
    1043      42.2412
    1044      43.0514
    1045      43.0712
    1046      42.5854
    1047      42.8878
    1048      42.2300
    1049      43.2973
    1050      44.1408
    1051      43.4215
    1052      42.4037
    1053      42.7366
    1054      42.3600
    1055      42.3311
    1056      41.9482
    1057      42.1366
    1058      42.3639
    1059      43.3690
    1060      43.2472
    1061      42.4074
    1062      41.9091
    1063      41.9929
    1064      41.4919
    1065      42.5801
    1066      42.6933
    1067      42.9232
    1068      43.0331
    1069      42.6984
    1070      43.4605
    1071      42.8312
    1072      42.6392
    1073      42.3757
    1074      42.4160
    1075      42.7829
    1076      42.7574
    1077      42.8434
    1078      42.3965
    1079      42.3191
    1080      42.7065
    1081      42.5545
    1082      42.6279
    1083      42.8203
    1084      42.0717
    1085      42.9878
    1086      43.4336
    1087      42.7316
    1088      42.6458
    1089      42.1790
    1090      42.3654
    1091      42.8727
    1092      42.8836
    1093      42.7775
    1094      43.0727
    1095      42.6739
    1096      43.3150
    1097      43.1668
    1098      42.8931
    1099      42.3796
    1100      42.2371
    1101      42.2868
    1102      42.7425
    1103      42.2252
    1104      41.8725
    1105      42.6018
    1106      41.2149
    1107      41.3086
    1108      41.8840
    1109      41.6769
    1110      41.8940
    1111      42.6534
    1112      41.2415
    1113      41.5971
    1114      41.6142
    1115      42.2471
    1116      43.1985
    1117      41.5875
    1118      42.1360
    1119      41.5180
    1120      42.5210
    1121      42.0216
    1122      42.7015
    1123      41.6101
    1124      41.0301
    1125      41.5975
    1126      41.7662
    1127      42.3546
    1128      41.5595
    1129      42.0772
    1130      42.2105
    1131      42.0936
    1132      41.5366
    1133      42.3067
    1134      41.5682
    1135      40.6151
    1136      40.7953
    1137      41.1305
    1138      41.3856
    1139      41.7309
    1140      41.6243
    1141      42.3659
    1142      41.6979
    1143      41.8670
    1144      41.5851
    1145      41.5981
    1146      41.2946
    1147      40.9487
    1148      42.2696
    1149      42.1555
    1150      40.9250
    1151      41.8245
    1152      41.3613
    1153      42.0008
    1154      42.8446
    1155      41.6305
    1156      41.3285
    1157      41.4308
    1158      42.5414
    1159      43.5021
    1160      42.2963
    1161      42.4397
    1162      42.8077
    1163      41.9718
    1164      42.0651
    1165      42.1723
    1166      41.7192
    1167      41.9356
    1168      42.2910
    1169      42.1702
    1170      41.6158
    1171      41.7911
    1172      42.6204
    1173      42.7722
    1174      42.3045
    1175      41.9171
    1176      41.7702
    1177      41.8775
    1178      42.2829
    1179      43.5922
    1180      43.4163
    1181      42.8013
    1182      42.7761
    1183      41.8865
    1184      42.7775
    1185      42.7822
    1186      42.3887
    1187      42.8370
    1188      42.3567
    1189      42.5899
    1190      41.8543
    1191      42.1501
    1192      42.7861
    1193      42.2859
    1194      42.2267
    1195      41.9651
    1196      41.7403
    1197      41.8243
    1198      40.8712
    1199      41.9986
    1200      41.9245
    1201      42.0611
    1202      41.1695
    1203      42.8244
    1204      42.7460
    1205      42.2271
    1206      42.1791
    1207      42.5012
    1208      41.8596
    1209      41.9377
    1210      41.9121
    1211      42.2422
    1212      41.9364
    1213      41.0991
    1214      41.9161
    1215      42.5950
    1216      42.5513
    1217      41.9576
    1218      41.8875
    1219      42.0311
    1220      41.3822
    1221      41.2571
    1222      41.8527
    1223      42.9088
    1224      41.3004
    1225      41.6752
    1226      41.9007
    1227      42.4670
    1228      42.8746
    1229      42.6491
    1230      42.4382
    1231      41.8245
    1232      42.4462
    1233      42.4138
    1234      41.1965
    1235      42.3830
    1236      41.9403
    1237      42.2547
    1238      41.6231
    1239      42.9094
    1240      42.2831
    1241      41.4737
    1242      41.7883
    1243      41.7287
    1244      42.5018
    1245      41.9653
    1246      42.2165
    1247      42.9803
    1248      42.8401
    1249      42.4335
    1250      43.6154
    1251      41.7592
    1252      42.4151
    1253      42.6413
    1254      42.8570
    1255      41.7307
    1256      42.7800
    1257      42.1515
    1258      42.7078
    1259      41.4553
    1260      41.8574
    1261      42.5453
    1262      42.6858
    1263      42.4339
    1264      41.2232
    1265      41.6132
    1266      41.3986
    1267      41.7043
    1268      41.9073
    1269      41.9826
    1270      42.4280
    1271      42.6141
    1272      42.4270
    1273      42.5334
    1274      42.2401
    1275      42.6113
    1276      42.9607
    1277      42.3970
    1278      42.9100
    1279      42.5613
    1280      42.4533
    1281      42.7147
    1282      41.8082
    1283      42.6524
    1284      42.2403
    1285      41.2879
    1286      41.3437
    1287      41.4913
    1288      41.9727
    1289      42.3013
    1290      41.6109
    1291      41.3356
    1292      40.6505
    1293      40.9551
    1294      40.9158
    1295      40.7804
    1296      41.8145
    1297      42.5021
    1298      40.8575
    1299      40.4379
    1300      40.5363
    1301      41.2766
    1302      40.6752
    1303      40.9909
    1304      41.7576
    1305      41.8861
    1306      40.2054
    1307      41.2925
    1308      40.8167
    1309      40.9134
    1310      40.8467
    1311      41.3296
    1312      41.1663
    1313      40.5393
    1314      41.0781
    1315      40.8184
    1316      40.4822
    1317      40.2532
    1318      40.8264
    1319      40.1552
    1320      40.2760
    1321      40.5253
    1322      41.4782
    1323      39.7040
    1324      39.7822
    1325      40.8405
    1326      40.8536
    1327      40.8604
    1328      40.7167
    1329      41.6885
    1330      40.8231
    1331      40.3064
    1332      41.4543
    1333      40.3643
    1334      41.4441
    1335      40.4746
    1336      39.8217
    1337      40.1089
    1338      39.7523
    1339      40.0410
    1340      40.9329
    1341      41.0551
    1342      41.6390
    1343      40.8495
    1344      40.5632
    1345      40.0384
    1346      40.3590
    1347      41.0347
    1348      41.0099
    1349      41.0504
    1350      40.0833
    1351      39.7578
    1352      40.3657
    1353      40.9592
    1354      41.2817
    1355      40.4063
    1356      40.7377
    1357      41.3189
    1358      40.5122
    1359      40.4789
    1360      40.2487
    1361      40.9682
    1362      40.2956
    1363      40.8464
    1364      40.5422
    1365      39.3242
    1366      40.9116
    1367      40.8381
    1368      40.4232
    1369      41.7071
    1370      40.8323
    1371      41.6604
    1372      42.1633
    1373      41.7168
    1374      41.8815
    1375      41.9443
    1376      42.0561
    1377      42.3164
    1378      43.3824
    1379      43.2271
    1380      41.9876
    1381      42.3090
    1382      40.9514
    1383      42.2243
    1384      41.5696
    1385      41.4881
    1386      41.7405
    1387      42.2687
    1388      41.8612
    1389      42.3740
    1390      42.6498
    1391      41.1645
    1392      42.5870
    1393      41.8815
    1394      41.1501
    1395      42.6510
    1396      41.9375
    1397      41.7850
    1398      44.1624
    1399      42.9952
    1400      43.0179
    1401      42.2916
    1402      41.9990
    1403      42.8860
    1404      42.9405
    1405      43.3260
    1406      42.4026
    1407      41.9282
    1408      42.5953
    1409      42.9501
    1410      42.3124
    1411      42.0325
    1412      42.4251
    1413      42.1227
    1414      41.6957
    1415      42.2305
    1416      41.8338
    1417      42.4748
    1418      42.3501
    1419      42.3676
    1420      42.4019
    1421      42.4495
    1422      42.1368
    1423      41.8964
    1424      42.6278
    1425      41.6412
    1426      42.2145
    1427      41.8706
    1428      41.5519
    1429      41.0699
    1430      41.6238
    1431      41.3665
    1432      41.6729
    1433      41.3736
    1434      41.8772
    1435      42.1844
    1436      41.9224
    1437      41.7181
    1438      42.1513
    1439      42.1381
    1440      42.9140
    1441      42.9628
    1442      42.3848
    1443      42.1660
    1444      42.8558
    1445      42.4463
    1446      43.2864
    1447      42.8975
    1448      42.9737
    1449      43.1078
    1450      42.6640
    1451      42.5261
    1452      43.2799
    1453      41.7736
    1454      40.6309
    1455      41.2519
    1456      41.3192
    1457      41.0603
    1458      41.8792
    1459      40.8497
    1460      40.5326
    1461      41.4231
    1462      40.5790
    1463      40.0358
    1464      41.1688
    1465      40.6567
    1466      41.1713
    1467      40.4642
    1468      41.0037
    1469      41.7976
    1470      41.0794
    1471      40.7158
    1472      40.9320
    1473      41.0149
    1474      41.0490
    1475      42.5071
    1476      42.2742
    1477      41.9505
    1478      40.6571
    1479      41.1465
    1480      41.9336
    1481      41.2980
    1482      40.7511
    1483      40.8368
    1484      40.5552
    1485      42.1433
    1486      41.2906
    1487      41.7537
    1488      42.4935
    1489      41.5390
    1490      41.5011
    1491      41.0610
    1492      40.4021
    1493      42.0137
    1494      41.5367
    1495      41.5750
    1496      40.9311
    1497      41.9314
    1498      40.9897
    1499      40.4552
    1500      41.6811
    1501      41.8555
    1502      41.1210
    1503      41.4596
    1504      41.1070
    1505      40.2494
    1506      40.6170
    1507      40.6878
    1508      40.5387
    1509      41.1961
    1510      40.7205
    1511      40.4162
    1512      40.7517
    1513      39.5887
    1514      40.9655
    1515      41.7537
    1516      41.6870
    1517      41.1163
    1518      42.2697
    1519      40.8537
    1520      41.0883
    1521      40.8673
    1522      40.7712
    1523      41.0114
    1524      40.1722
    1525      40.4053
    1526      41.1559
    1527      41.3514
    1528      40.1869
    1529      41.6044
    1530      41.4875
    1531      41.8281
    1532      40.5489
    1533      41.5595
    1534      41.0812
    1535      40.7795
    1536      41.7286
    1537      41.9303
    1538      42.2583
    1539      41.3223
    1540      40.6735
    1541      41.5945
    1542      41.2887
    1543      40.9228
    1544      41.2672
    1545      41.4177
    1546      40.8847
    1547      40.6287
    1548      41.0456
    1549      40.7738
    1550      40.4728
    1551      40.9401
    1552      40.6196
    1553      40.5585
    1554      40.8341
    1555      40.5977
    1556      40.9595
    1557      41.1098
    1558      40.7197
    1559      41.5932
    1560      41.0684
    1561      41.3170
    1562      40.7118
    1563      41.5183
    1564      41.4012
    1565      40.8505
    1566      41.5035
    1567      41.2132
    1568      40.3456
    1569      40.1783
    1570      41.1472
    1571      41.7960
    1572      40.6872
    1573      40.2236
    1574      40.9861
    1575      40.5719
    1576      41.2751
    1577      40.9010
    1578      41.1635
    1579      41.4405
    1580      41.4514
    1581      41.6207
    1582      41.6283
    1583      40.7240
    1584      41.2030
    1585      40.7975
    1586      41.8970
    1587      40.8307
    1588      41.4355
    1589      40.7541
    1590      40.4016
    1591      40.3603
    1592      40.1667
    1593      39.8778
    1594      40.1281
    1595      40.1638
    1596      39.2875
    1597      40.0302
    1598      39.1133
    1599      38.2897
    1600      39.4812
    1601      39.6943
    1602      40.5131
    1603      41.3157
    1604      40.1064
    1605      40.0538
    1606      40.9839
    1607      39.8192
    1608      40.2938
    1609      39.4096
    1610      40.1193
    1611      41.1931
    1612      40.4277
    1613      39.9206
    1614      39.5813
    1615      41.8379
    1616      40.2467
    1617      40.6044
    1618      41.1721
    1619      40.0095
    1620      38.9105
    1621      39.8207
    1622      39.7885
    1623      40.4288
    1624      39.8546
    1625      39.8646
    1626      39.3180
    1627      38.1941
    1628      39.4399
    1629      40.6608
    1630      39.3991
    1631      39.4990
    1632      39.2003
    1633      39.1441
    1634      39.1592
    1635      39.0342
    1636      39.0565
    1637      38.6212
    1638      38.5217
    1639      38.9713
    1640      38.4172
    1641      38.8378
    1642      38.7250
    1643      38.7840
    1644      39.3870
    1645      39.4571
    1646      39.3303
    1647      39.8966
    1648      38.6484
    1649      39.6215
    1650      38.7660
    1651      39.2984
    1652      38.9831
    1653      39.4699
    1654      38.8728
    1655      39.5998
    1656      39.7116
    1657      39.3861
    1658      38.5375
    1659      39.2476
    1660      39.3017
    1661      39.1037
    1662      38.0605
    1663      39.5541
    1664      39.3286
    1665      40.1332
    1666      40.3227
    1667      39.5716
    1668      39.6905
    1669      40.4846
    1670      40.3720
    1671      39.8050
    1672      40.0574
    1673      39.8461
    1674      40.0960
    1675      40.1840
    1676      40.2674
    1677      40.4333
    1678      40.0950
    1679      40.2954
    1680      40.8408
    1681      40.8807
    1682      40.0943
    1683      39.2684
    1684      39.4827
    1685      40.5655
    1686      39.0323
    1687      39.2100
    1688      39.2773
    1689      39.7249
    1690      39.7518
    1691      39.5414
    1692      39.3779
    1693      39.6878
    1694      39.7127
    1695      38.7045
    1696      39.8396
    1697      40.0056
    1698      41.1443
    1699      39.2040
    1700      40.0772
    1701      40.3491
    1702      40.2486
    1703      40.2018
    1704      40.6250
    1705      39.8244
    1706      40.4830
    1707      40.2437
    1708      40.6296
    1709      40.4938
    1710      39.9274
    1711      40.0002
    1712      39.5840
    1713      39.9036
    1714      39.0803
    1715      39.7589
    1716      39.9015
    1717      39.1628
    1718      39.3970
    1719      39.2766
    1720      39.8779
    1721      39.6954
    1722      39.4870
    1723      39.9546
    1724      39.8253
    1725      39.2617
    1726      40.7760
    1727      40.3998
    1728      41.0215
    1729      39.9613
    1730      40.7898
    1731      40.3517
    1732      40.6504
    1733      40.6622
    1734      39.9958
    1735      41.0185
    1736      39.6219
    1737      40.1540
    1738      40.8793
    1739      40.0632
    1740      39.9914
    1741      39.8587
    1742      40.8497
    1743      40.5163
    1744      41.3872
    1745      41.3164
    1746      40.4553
    1747      40.8497
    1748      41.4985
    1749      40.5609
    1750      41.0570
    1751      40.4487
    1752      39.3935
    1753      39.0380
    1754      39.1273
    1755      39.0118
    1756      39.6271
    1757      39.6526
    1758      39.0861
    1759      39.3282
    1760      39.2684
    1761      40.0806
    1762      39.8574
    1763      40.0017
    1764      39.4661
    1765      39.4376
    1766      38.9973
    1767      39.6669
    1768      39.5479
    1769      38.5187
    1770      38.9360
    1771      38.9723
    1772      38.6309
    1773      38.3663
    1774      39.0234
    1775      39.4776
    1776      39.4073
    1777      38.8422
    1778      38.1091
    1779      39.9911
    1780      39.0620
    1781      38.9089
    1782      38.4996
    1783      39.9299
    1784      39.0263
    1785      39.1282
    1786      39.4910
    1787      39.0173
    1788      39.0374
    1789      39.3377
    1790      39.4325
    1791      39.6179
    1792      38.7049
    1793      38.7069
    1794      38.9327
    1795      38.6731
    1796      39.5451
    1797      39.1110
    1798      40.2074
    1799      40.4539
    1800      40.6358
    1801      41.3899
    1802      40.1698
    1803      40.9040
    1804      40.7524
    1805      39.6420
    1806      39.9201
    1807      40.5735
    1808      39.7302
    1809      41.3265
    1810      40.0257
    1811      40.0295
    1812      40.1619
    1813      39.1475
    1814      39.7582
    1815      40.1042
    1816      39.3180
    1817      40.0411
    1818      39.2913
    1819      39.5285
    1820      39.8055
    1821      39.4519
    1822      39.7631
    1823      39.8076
    1824      39.8825
    1825      39.3827
    1826      38.5316
    1827      38.8738
    1828      39.1194
    1829      40.3669
    1830      40.1097
    1831      40.1268
    1832      39.9650
    1833      38.6656
    1834      40.4249
    1835      41.0854
    1836      40.9937
    1837      41.0736
    1838      40.9853
    1839      39.9306
    1840      40.5159
    1841      40.7582
    1842      38.9580
    1843      39.6871
    1844      39.8289
    1845      39.8373
    1846      39.8709
    1847      39.7570
    1848      39.5802
    1849      40.3169
    1850      40.0643
    1851      39.5876
    1852      40.1568
    1853      39.9649
    1854      39.8850
    1855      39.3559
    1856      39.6145
    1857      40.4555
    1858      39.2052
    1859      38.9356
    1860      39.9123
    1861      38.7638
    1862      39.0478
    1863      39.0954
    1864      39.1433
    1865      38.5153
    1866      39.7685
    1867      38.8900
    1868      38.4940
    1869      39.0469
    1870      38.0834
    1871      38.4057
    1872      39.5983
    1873      38.9751
    1874      39.5467
    1875      38.9402
    1876      39.4748
    1877      39.5100
    1878      40.4037
    1879      40.8516
    1880      39.6992
    1881      39.7695
    1882      40.9287
    1883      39.6899
    1884      38.9945
    1885      39.6724
    1886      41.0641
    1887      40.4407
    1888      39.2633
    1889      39.4425
    1890      38.9935
    1891      37.7902
    1892      37.9334
    1893      38.7924
    1894      40.2196
    1895      39.4816
    1896      40.7160
    1897      39.4442
    1898      39.3125
    1899      39.3707
    1900      39.6979
    1901      38.7695
    1902      38.6633
    1903      38.9745
    1904      38.3239
    1905      39.3100
    1906      39.0353
    1907      38.5179
    1908      38.9405
    1909      40.2787
    1910      39.8000
    1911      39.2559
    1912      38.7701
    1913      39.3747
    1914      38.9353
    1915      39.9010
    1916      38.8732
    1917      39.5189
    1918      38.9503
    1919      39.8502
    1920      38.7022
    1921      39.4205
    1922      38.9264
    1923      39.6874
    1924      40.2471
    1925      40.2771
    1926      39.6736
    1927      39.5291
    1928      39.4047
    1929      39.2101
    1930      39.4660
    1931      39.0303
    1932      39.4348
    1933      40.0013
    1934      40.0830
    1935      39.5142
    1936      39.2604
    1937      40.1095
    1938      38.8883
    1939      39.3577
    1940      39.7222
    1941      38.8546
    1942      39.6391
    1943      38.9431
    1944      39.4038
    1945      39.6705
    1946      40.2007
    1947      39.8702
    1948      39.1090
    1949      39.4284
    1950      38.3126
    1951      39.1148
    1952      38.9856
    1953      38.7695
    1954      38.8819
    1955      39.4262
    1956      38.2375
    1957      39.0154
    1958      39.5434
    1959      39.4569
    1960      38.9105
    1961      39.1026
    1962      37.9642
    1963      38.0103
    1964      39.1961
    1965      40.0717
    1966      38.8448
    1967      38.8533
    1968      39.2635
    1969      39.5631
    1970      38.8222
    1971      39.4670
    1972      39.7387
    1973      39.6316
    1974      39.9195
    1975      40.2167
    1976      39.2531
    1977      39.9714
    1978      40.4797
    1979      40.2272
    1980      40.0413
    1981      39.4331
    1982      39.9026
    1983      39.3153
    1984      39.5073
    1985      38.9995
    1986      38.8743
    1987      39.5252
    1988      39.1016
    1989      39.1465
    1990      40.1234
    1991      40.3143
    1992      39.7310
    1993      39.5015
    1994      40.0608
    1995      40.1335
    1996      40.0338
    1997      39.9225
    1998      38.7242
    1999      39.3745
    2000      40.0503
