#Frame     end-to-end
       1      37.8447
       2      37.8580
       3      38.7794
       4      39.2506
       5      38.6680
       6      38.2859
       7      38.1952
       8      37.9933
       9      37.5085
      10      37.9949
      11      37.9573
      12      38.1257
      13      37.4352
      14      37.0236
      15      37.6398
      16      38.4197
      17      37.6041
      18      38.2025
      19      37.5948
      20      38.6029
      21      37.6506
      22      36.8813
      23      39.5976
      24      37.9958
      25      38.4399
      26      38.3307
      27      39.0761
      28      38.7898
      29      37.4732
      30      38.8664
      31      37.7444
      32      38.8079
      33      38.2671
      34      39.0723
      35      39.3080
      36      39.0644
      37      39.7832
      38      37.3877
      39      38.6041
      40      37.6155
      41      38.1218
      42      38.1308
      43      38.3948
      44      39.0872
      45      40.4194
      46      39.4327
      47      40.7545
      48      39.7642
      49      39.7390
      50      39.7134
      51      39.9051
      52      39.9664
      53      39.2331
      54      39.5510
      55      39.3165
      56      38.5163
      57      37.8942
      58      38.8109
      59      39.6938
      60      39.8841
      61      39.8415
      62      40.4279
      63      41.4179
      64      41.4627
      65      42.5969
      66      41.6114
      67      41.4041
      68      40.3042
      69      39.6033
      70      40.3141
      71      40.0118
      72      40.8084
      73      42.1053
      74      41.6850
      75      41.8908
      76      41.6024
      77      40.6654
      78      41.8394
      79      41.7934
      80      41.0021
      81      41.6016
      82      41.0918
      83      41.1867
      84      39.8398
      85      39.5413
      86      40.6523
      87      41.0499
      88      41.3551
      89      41.3667
      90      41.1084
      91      42.7790
      92      42.7444
      93      41.0946
      94      40.1900
      95      40.7185
      96      40.2783
      97      41.6210
      98      42.7226
      99      42.0114
     100      40.1269
     101      40.6748
     102      42.1441
     103      41.3723
     104      41.8261
     105      42.1637
     106      41.4592
     107      42.0554
     108      41.3111
     109      41.0458
     110      41.3909
     111      42.8307
     112      42.6072
     113      41.8575
     114      40.9868
     115      40.9027
     116      42.9092
     117      43.5885
     118      42.2746
     119      41.3105
     120      40.8711
     121      41.0426
     122      40.3741
     123      42.8750
     124      40.7286
     125      40.7806
     126      42.4364
     127      42.4104
     128      40.5289
     129      39.9999
     130      40.8547
     131      42.3390
     132      42.6432
     133      44.3321
     134      41.1780
     135      40.3786
     136      41.4481
     137      40.0607
     138      40.3502
     139      39.0600
     140      37.8338
     141      39.5315
     142      41.4542
     143      41.1001
     144      40.7390
     145      41.3400
     146      41.2487
     147      43.2069
     148      43.4880
     149      42.5418
     150      42.3370
     151      42.3533
     152      42.0490
     153      40.1339
     154      40.8385
     155      40.5564
     156      42.2287
     157      41.7313
     158      42.2918
     159      42.0789
     160      41.6249
     161      40.6977
     162      39.0195
     163      40.0483
     164      38.6133
     165      39.4896
     166      39.5436
     167      40.2557
     168      39.2605
     169      39.8671
     170      38.7144
     171      41.2645
     172      39.8642
     173      38.8262
     174      39.6728
     175      40.2592
     176      41.0673
     177      41.5408
     178      42.1435
     179      41.4539
     180      40.8217
     181      41.0822
     182      41.7732
     183      41.8420
     184      41.4978
     185      42.7899
     186      39.8770
     187      40.5141
     188      39.8559
     189      39.9249
     190      40.5151
     191      40.5938
     192      40.7465
     193      39.2342
     194      39.5301
     195      39.4836
     196      40.3533
     197      38.4711
     198      40.6307
     199      38.7652
     200      39.1949
     201      39.0635
     202      38.1351
     203      38.7415
     204      40.1309
     205      41.6150
     206      39.4660
     207      40.1068
     208      40.1246
     209      38.9914
     210      40.0477
     211      39.9561
     212      40.4555
     213      40.7734
     214      40.6661
     215      39.3552
     216      39.7441
     217      39.7060
     218      40.3797
     219      42.1904
     220      40.9984
     221      43.3666
     222      41.9457
     223      42.9753
     224      42.5525
     225      41.1021
     226      42.1612
     227      40.8005
     228      41.2796
     229      40.6031
     230      41.0348
     231      41.6531
     232      42.1810
     233      40.7763
     234      42.6144
     235      40.5627
     236      41.7979
     237      40.8130
     238      41.7578
     239      41.7714
     240      40.9099
     241      40.8939
     242      41.7723
     243      42.7487
     244      42.2128
     245      42.4213
     246      42.5205
     247      40.4273
     248      41.0620
     249      41.2768
     250      40.5425
     251      41.8485
     252      41.1738
     253      40.6653
     254      40.5387
     255      42.5866
     256      41.8308
     257      41.2710
     258      41.4649
     259      41.1385
     260      41.0742
     261      42.1223
     262      40.9189
     263      42.6092
     264      41.8878
     265      41.7836
     266      41.8966
     267      41.7754
     268      41.2021
     269      41.7248
     270      41.6294
     271      41.5086
     272      40.4503
     273      41.0692
     274      41.1959
     275      40.4597
     276      42.2401
     277      42.1574
     278      41.6300
     279      42.8748
     280      41.8653
     281      42.4870
     282      40.7764
     283      42.5353
     284      43.7222
     285      42.4972
     286      44.0789
     287      43.7469
     288      40.8946
     289      41.0703
     290      42.5198
     291      41.5647
     292      43.2300
     293      43.0128
     294      42.4467
     295      44.7755
     296      41.0782
     297      42.0897
     298      43.1887
     299      42.0737
     300      41.2952
     301      40.2382
     302      40.1796
     303      41.3689
     304      41.1483
     305      41.7568
     306      43.1703
     307      43.1604
     308      43.3933
     309      42.4370
     310      43.1836
     311      43.0282
     312      41.7499
     313      41.5040
     314      43.1988
     315      40.6837
     316      43.3731
     317      42.5319
     318      42.6848
     319      42.0879
     320      43.6862
     321      43.4600
     322      41.7161
     323      41.8952
     324      42.3701
     325      44.0192
     326      42.5067
     327      43.1512
     328      43.3109
     329      41.2499
     330      42.1614
     331      41.6299
     332      42.9415
     333      42.0038
     334      40.1809
     335      39.9452
     336      42.0530
     337      40.5578
     338      39.0862
     339      40.0248
     340      39.8653
     341      40.8846
     342      40.4684
     343      39.3974
     344      40.7306
     345      39.7409
     346      39.5440
     347      39.8374
     348      40.4909
     349      40.8475
     350      39.3840
     351      42.2656
     352      43.5642
     353      42.4113
     354      43.6151
     355      40.0299
     356      42.1146
     357      39.6488
     358      40.4165
     359      40.7937
     360      40.9566
     361      42.3241
     362      41.6749
     363      40.7379
     364      41.1202
     365      39.7144
     366      39.7604
     367      40.1497
     368      40.9643
     369      41.5092
     370      40.2600
     371      41.2889
     372      40.5167
     373      39.9963
     374      41.0898
     375      38.9536
     376      40.3060
     377      41.7774
     378      41.2142
     379      41.0957
     380      41.1835
     381      41.4291
     382      41.3363
     383      39.7877
     384      41.4469
     385      41.4203
     386      42.0925
     387      41.7719
     388      41.8569
     389      41.3612
     390      41.2335
     391      41.8293
     392      39.9088
     393      40.4896
     394      41.8581
     395      40.8345
     396      40.7314
     397      41.6952
     398      42.2119
     399      41.2482
     400      41.4766
     401      42.4305
     402      41.9618
     403      41.7089
     404      41.7133
     405      41.3474
     406      41.1210
     407      41.8005
     408      41.1053
     409      40.9157
     410      40.1520
     411      40.7461
     412      41.3090
     413      40.3915
     414      40.7387
     415      41.2279
     416      41.2218
     417      41.5550
     418      42.0852
     419      41.0846
     420      40.6622
     421      41.0992
     422      41.7625
     423      42.1114
     424      41.5111
     425      42.4490
     426      41.7356
     427      41.1200
     428      40.8412
     429      41.3808
     430      40.7619
     431      40.7260
     432      40.4818
     433      41.3728
     434      40.9349
     435      40.2233
     436      39.8311
     437      40.4278
     438      40.5268
     439      41.4487
     440      41.2717
     441      40.3174
     442      40.7639
     443      40.3062
     444      40.0175
     445      40.4862
     446      40.1830
     447      40.8905
     448      41.4116
     449      40.5836
     450      40.3141
     451      41.2530
     452      39.8488
     453      40.3931
     454      41.0366
     455      40.1534
     456      40.3654
     457      41.4747
     458      39.4298
     459      39.5117
     460      39.4257
     461      40.7703
     462      39.9652
     463      40.6474
     464      40.6415
     465      41.1189
     466      41.4245
     467      41.7110
     468      41.5289
     469      40.6049
     470      41.5833
     471      41.7728
     472      40.8704
     473      39.6436
     474      40.1546
     475      40.0406
     476      40.3630
     477      39.5967
     478      39.2429
     479      41.1866
     480      41.0389
     481      41.1696
     482      41.3551
     483      42.1100
     484      41.1535
     485      42.8272
     486      41.6479
     487      40.4948
     488      42.1619
     489      41.1567
     490      39.9887
     491      41.2945
     492      41.4551
     493      41.1856
     494      41.2675
     495      40.8832
     496      41.7281
     497      38.6339
     498      40.6150
     499      42.4470
     500      40.5619
     501      41.6150
     502      42.0202
     503      41.7251
     504      41.5973
     505      41.2519
     506      40.2876
     507      40.3934
     508      41.5413
     509      41.6657
     510      40.9413
     511      40.5710
     512      40.8363
     513      39.8902
     514      41.1864
     515      41.2638
     516      41.0853
     517      41.5827
     518      40.4302
     519      40.1657
     520      40.8023
     521      41.1626
     522      41.5373
     523      41.7523
     524      40.9396
     525      41.0392
     526      41.2614
     527      41.0678
     528      41.0690
     529      40.1031
     530      40.0376
     531      39.7563
     532      39.8296
     533      40.5543
     534      41.9767
     535      40.3733
     536      39.6041
     537      39.6528
     538      40.5607
     539      39.1033
     540      38.7404
     541      39.1949
     542      39.8337
     543      40.4724
     544      39.9558
     545      39.4000
     546      40.5287
     547      39.8775
     548      41.2291
     549      42.4131
     550      41.1770
     551      40.9314
     552      40.0552
     553      41.7268
     554      40.5718
     555      40.7223
     556      39.8552
     557      39.7883
     558      41.0405
     559      40.5454
     560      40.9087
     561      41.4704
     562      40.5127
     563      41.8009
     564      42.4149
     565      41.7752
     566      42.1422
     567      42.2976
     568      40.3306
     569      40.9109
     570      41.5465
     571      41.4848
     572      40.3803
     573      40.5658
     574      40.7806
     575      41.1019
     576      41.3751
     577      41.1103
     578      40.8364
     579      41.6268
     580      40.3892
     581      41.6301
     582      40.7500
     583      42.2405
     584      42.0135
     585      42.7903
     586      42.1493
     587      41.9992
     588      41.7533
     589      41.4311
     590      42.4744
     591      42.7276
     592      41.9395
     593      41.3273
     594      42.1109
     595      41.5885
     596      41.7454
     597      41.6831
     598      40.6147
     599      40.6559
     600      41.1663
     601      40.5483
     602      40.7574
     603      41.3155
     604      40.3407
     605      40.2038
     606      41.4962
     607      40.3058
     608      40.1207
     609      40.8403
     610      40.7793
     611      41.0071
     612      40.0776
     613      40.6300
     614      40.4748
     615      40.7768
     616      41.0785
     617      40.8942
     618      41.6554
     619      40.8298
     620      41.1211
     621      40.5166
     622      41.5450
     623      40.4043
     624      40.7569
     625      40.1030
     626      41.2025
     627      41.1645
     628      41.4542
     629      42.0738
     630      40.7343
     631      40.6821
     632      40.9300
     633      41.4656
     634      40.6961
     635      41.3148
     636      41.3462
     637      40.3178
     638      41.2766
     639      40.6089
     640      40.3996
     641      40.6651
     642      39.8033
     643      40.0560
     644      40.9439
     645      40.8888
     646      40.9549
     647      41.0171
     648      40.2496
     649      40.0786
     650      40.7620
     651      39.0031
     652      39.5042
     653      39.6287
     654      38.5656
     655      38.7405
     656      39.0032
     657      38.8728
     658      40.3221
     659      40.1219
     660      40.8427
     661      39.9872
     662      40.2202
     663      39.2017
     664      41.7520
     665      41.2797
     666      41.9868
     667      40.4154
     668      41.7940
     669      41.4709
     670      42.4480
     671      40.5018
     672      41.5058
     673      42.2836
     674      43.6317
     675      42.0940
     676      41.8618
     677      42.3220
     678      40.7443
     679      42.0718
     680      42.3391
     681      41.8533
     682      42.9831
     683      42.0489
     684      41.3552
     685      41.2519
     686      40.9203
     687      41.8620
     688      42.0587
     689      41.6602
     690      41.7553
     691      40.4702
     692      42.4727
     693      41.9498
     694      41.7185
     695      43.0052
     696      42.4958
     697      41.4328
     698      41.4795
     699      41.6080
     700      42.4795
     701      41.8339
     702      41.6485
     703      42.0787
     704      41.5412
     705      41.6426
     706      42.1440
     707      42.4096
     708      42.2001
     709      42.3904
     710      42.6209
     711      41.2134
     712      41.8802
     713      40.0396
     714      41.0129
     715      40.0427
     716      41.6074
     717      41.1682
     718      41.3590
     719      41.2562
     720      40.4536
     721      40.8497
     722      41.8023
     723      40.7103
     724      41.0113
     725      40.8249
     726      40.2025
     727      40.6377
     728      41.1892
     729      39.5592
     730      39.6257
     731      40.1008
     732      39.3447
     733      40.2749
     734      41.6714
     735      40.2574
     736      39.2178
     737      39.9238
     738      39.9415
     739      40.8067
     740      39.7746
     741      40.7360
     742      41.3872
     743      40.7304
     744      41.3047
     745      39.9659
     746      40.5445
     747      40.0420
     748      38.9215
     749      40.3030
     750      41.2083
     751      39.5827
     752      40.3407
     753      41.3462
     754      41.3462
     755      40.7934
     756      40.3914
     757      39.4900
     758      40.0718
     759      39.9196
     760      41.0577
     761      41.0314
     762      39.8364
     763      39.8022
     764      39.5794
     765      39.3618
     766      40.7522
     767      40.0304
     768      40.2050
     769      41.2127
     770      42.3141
     771      41.5998
     772      41.0913
     773      41.3840
     774      41.7677
     775      41.5938
     776      41.2503
     777      41.0013
     778      41.9525
     779      41.6514
     780      40.3294
     781      41.9094
     782      41.5266
     783      41.8863
     784      42.1640
     785      41.9521
     786      41.5596
     787      41.2486
     788      40.9861
     789      41.2914
     790      41.6695
     791      40.6798
     792      40.1127
     793      40.4007
     794      42.6709
     795      41.5617
     796      41.1256
     797      42.2892
     798      41.2491
     799      41.5386
     800      40.7068
     801      40.6288
     802      40.3597
     803      42.3941
     804      42.0124
     805      40.6970
     806      41.7795
     807      40.4464
     808      41.1008
     809      41.5557
     810      41.7903
     811      41.8771
     812      41.0780
     813      42.7114
     814      41.1391
     815      42.0274
     816      41.8047
     817      41.0243
     818      41.7588
     819      41.8142
     820      41.8397
     821      41.1465
     822      41.4059
     823      42.0072
     824      42.6786
     825      41.9173
     826      41.1868
     827      42.8926
     828      42.3182
     829      42.6460
     830      42.7454
     831      43.7521
     832      41.3522
     833      41.7624
     834      41.5988
     835      40.6572
     836      41.1837
     837      40.8663
     838      40.9352
     839      41.1354
     840      40.6181
     841      40.4785
     842      41.6011
     843      42.2258
     844      41.2480
     845      42.9563
     846      42.6073
     847      41.4928
     848      41.4007
     849      41.5438
     850      41.5049
     851      41.7955
     852      41.2018
     853      41.7459
     854      40.7282
     855      42.1370
     856      41.3238
     857      41.8072
     858      41.3408
     859      41.7643
     860      41.9964
     861      42.2492
     862      40.9429
     863      40.4471
     864      41.5050
     865      41.1394
     866      41.0593
     867      42.0066
     868      41.2472
     869      42.3572
     870      42.6079
     871      41.2950
     872      41.6283
     873      42.7371
     874      41.9579
     875      42.7588
     876      42.8463
     877      41.6568
     878      42.1427
     879      42.0630
     880      42.5021
     881      43.1096
     882      42.3162
     883      42.4671
     884      41.6462
     885      41.9305
     886      42.8463
     887      43.2173
     888      40.9590
     889      41.7644
     890      40.8944
     891      41.8368
     892      41.4803
     893      42.4934
     894      41.1962
     895      42.2792
     896      41.6627
     897      42.2300
     898      41.7067
     899      41.1265
     900      42.3010
     901      41.4263
     902      41.7171
     903      41.9566
     904      41.4796
     905      41.8235
     906      40.9318
     907      42.0006
     908      42.8020
     909      41.6641
     910      41.9559
     911      42.2625
     912      42.5672
     913      42.3972
     914      42.5720
     915      42.6048
     916      42.1591
     917      40.8023
     918      40.3331
     919      40.6928
     920      40.4323
     921      40.2832
     922      40.1593
     923      40.7311
     924      41.1499
     925      40.2657
     926      39.9419
     927      40.2056
     928      41.4576
     929      40.6991
     930      40.8794
     931      41.5138
     932      41.2023
     933      41.0249
     934      40.0505
     935      40.9187
     936      40.7790
     937      41.7425
     938      41.2280
     939      40.5420
     940      40.1598
     941      42.7275
     942      41.7033
     943      42.1517
     944      41.6849
     945      41.0898
     946      42.4772
     947      41.5208
     948      41.1083
     949      43.2343
     950      41.7832
     951      41.6745
     952      40.8615
     953      42.0308
     954      41.0143
     955      41.1254
     956      41.1156
     957      41.5384
     958      41.1635
     959      41.9962
     960      41.8591
     961      42.3546
     962      43.6608
     963      42.0795
     964      41.8679
     965      41.0573
     966      42.9357
     967      42.3272
     968      42.5528
     969      41.8891
     970      42.0385
     971      41.9737
     972      43.0235
     973      43.6958
     974      43.3131
     975      41.9608
     976      41.3666
     977      42.7228
     978      42.2697
     979      43.1839
     980      41.5441
     981      42.7891
     982      41.7456
     983      41.5891
     984      42.3468
     985      42.5653
     986      41.7596
     987      42.3085
     988      42.4968
     989      41.6886
     990      42.5867
     991      41.9361
     992      42.3694
     993      41.5555
     994      39.8990
     995      41.2855
     996      41.9745
     997      42.1748
     998      42.6600
     999      41.1068
    1000      42.3332
    1001      42.6662
    1002      42.5526
    1003      42.1211
    1004      42.0043
    1005      42.7130
    1006      42.0282
    1007      42.2962
    1008      41.8657
    1009      41.5601
    1010      42.5762
    1011      42.6395
    1012      43.2192
    1013      42.1976
    1014      41.8738
    1015      41.1488
    1016      41.2671
    1017      41.8904
    1018      42.2124
    1019      42.2362
    1020      40.7717
    1021      42.8711
    1022      42.6628
    1023      43.1424
    1024      43.3825
    1025      42.8929
    1026      42.7499
    1027      41.9876
    1028      41.9567
    1029      41.7283
    1030      42.5019
    1031      42.6050
    1032      42.5620
    1033      42.6211
    1034      42.2249
    1035      42.7197
    1036      41.6563
    1037      40.4345
    1038      40.7572
    1039      41.5909
    1040      41.9184
    1041      41.5387
    1042      41.4685
    1043      41.9979
    1044      41.8953
    1045      42.2365
    1046      41.3650
    1047      41.4823
    1048      41.2962
    1049      41.2338
    1050      41.6315
    1051      41.2997
    1052      40.5411
    1053      41.0135
    1054      42.8467
    1055      41.8341
    1056      41.5373
    1057      41.2958
    1058      41.4226
    1059      41.5596
    1060      42.7388
    1061      41.1514
    1062      42.3624
    1063      41.5139
    1064      41.0759
    1065      41.4870
    1066      43.0376
    1067      41.0008
    1068      41.5323
    1069      41.9461
    1070      41.2207
    1071      42.5229
    1072      42.4531
    1073      42.6410
    1074      42.9755
    1075      43.3841
    1076      43.3434
    1077      43.6063
    1078      42.0810
    1079      41.8170
    1080      42.9218
    1081      41.3904
    1082      41.3954
    1083      41.6746
    1084      42.2935
    1085      42.1700
    1086      42.3015
    1087      42.7475
    1088      42.2939
    1089      41.5110
    1090      41.9133
    1091      42.2720
    1092      41.8806
    1093      41.3527
    1094      41.7538
    1095      42.0228
    1096      41.8965
    1097      41.3975
    1098      41.5728
    1099      41.6222
    1100      41.5842
    1101      41.9895
    1102      41.1799
    1103      41.4800
    1104      41.8881
    1105      40.6327
    1106      41.4933
    1107      40.8834
    1108      40.5204
    1109      41.7369
    1110      42.2121
    1111      41.1331
    1112      41.1934
    1113      41.5264
    1114      41.1168
    1115      41.4950
    1116      42.0058
    1117      40.6798
    1118      42.7541
    1119      41.0577
    1120      41.8998
    1121      42.4385
    1122      42.3297
    1123      42.1780
    1124      41.3972
    1125      41.9062
    1126      43.6860
    1127      42.4464
    1128      43.1982
    1129      42.4364
    1130      42.0118
    1131      41.9914
    1132      41.5614
    1133      42.2734
    1134      42.8193
    1135      42.4095
    1136      41.9523
    1137      41.0672
    1138      42.0863
    1139      42.3544
    1140      42.3917
    1141      41.1695
    1142      41.9946
    1143      42.4655
    1144      42.0906
    1145      43.3386
    1146      42.6641
    1147      43.1856
    1148      43.5182
    1149      42.5666
    1150      41.8946
    1151      42.5178
    1152      42.3951
    1153      41.8068
    1154      41.9737
    1155      42.3334
    1156      41.3686
    1157      40.9086
    1158      41.7272
    1159      41.2734
    1160      41.4992
    1161      40.0657
    1162      41.0393
    1163      40.5745
    1164      40.0728
    1165      39.6896
    1166      40.5638
    1167      40.4645
    1168      41.9259
    1169      39.9689
    1170      40.4880
    1171      39.6113
    1172      40.5834
    1173      40.4001
    1174      41.8482
    1175      41.0063
    1176      40.6844
    1177      41.3110
    1178      40.7488
    1179      40.8245
    1180      41.4085
    1181      40.2658
    1182      39.5591
    1183      41.4093
    1184      40.5282
    1185      40.0891
    1186      40.1708
    1187      40.2788
    1188      40.1624
    1189      39.7989
    1190      41.0556
    1191      40.3798
    1192      40.8576
    1193      40.6564
    1194      40.1849
    1195      40.0264
    1196      41.9653
    1197      42.4740
    1198      43.4785
    1199      43.2275
    1200      42.8267
    1201      42.9200
    1202      42.9700
    1203      42.3808
    1204      43.5665
    1205      43.4862
    1206      43.7402
    1207      42.0531
    1208      44.4250
    1209      41.4001
    1210      43.0790
    1211      42.4698
    1212      43.0723
    1213      41.5565
    1214      42.4201
    1215      42.0894
    1216      43.0381
    1217      42.1429
    1218      42.2187
    1219      42.4746
    1220      43.5186
    1221      44.3548
    1222      41.2153
    1223      42.3174
    1224      42.0109
    1225      44.2406
    1226      43.6211
    1227      41.3257
    1228      43.3770
    1229      42.1897
    1230      42.3646
    1231      44.3015
    1232      41.9639
    1233      42.4241
    1234      42.8352
    1235      43.9170
    1236      43.4158
    1237      43.2871
    1238      41.7524
    1239      42.1211
    1240      43.9566
    1241      42.2953
    1242      41.1052
    1243      41.3893
    1244      43.7562
    1245      42.7520
    1246      43.5217
    1247      42.0213
    1248      42.4463
    1249      41.7338
    1250      42.3345
    1251      43.5487
    1252      43.3894
    1253      44.8815
    1254      43.1347
    1255      42.9126
    1256      44.0772
    1257      44.2463
    1258      44.3637
    1259      42.2703
    1260      41.7527
    1261      42.0461
    1262      42.7039
    1263      43.9278
    1264      42.5538
    1265      43.6715
    1266      42.5524
    1267      40.6706
    1268      40.4668
    1269      40.9927
    1270      42.0410
    1271      41.5741
    1272      40.7535
    1273      41.3991
    1274      40.4221
    1275      40.7296
    1276      40.2653
    1277      41.9570
    1278      41.8041
    1279      41.1130
    1280      41.2633
    1281      40.9340
    1282      40.8549
    1283      41.4454
    1284      39.9252
    1285      39.5080
    1286      42.0850
    1287      40.8442
    1288      40.8798
    1289      41.5591
    1290      40.0531
    1291      40.9684
    1292      40.9766
    1293      39.9509
    1294      39.7874
    1295      41.4180
    1296      41.7809
    1297      41.6732
    1298      40.8091
    1299      41.9769
    1300      42.2581
    1301      41.3857
    1302      43.5441
    1303      41.3375
    1304      40.9428
    1305      41.3606
    1306      40.5422
    1307      40.2150
    1308      39.7709
    1309      41.2613
    1310      40.7401
    1311      39.8735
    1312      40.2981
    1313      39.5947
    1314      39.9244
    1315      39.8480
    1316      40.0993
    1317      39.0197
    1318      40.2835
    1319      39.4802
    1320      40.3676
    1321      40.9004
    1322      41.4090
    1323      39.5207
    1324      40.8347
    1325      40.2137
    1326      40.7353
    1327      39.8592
    1328      40.7368
    1329      41.4668
    1330      41.2012
    1331      40.6717
    1332      40.8496
    1333      40.3011
    1334      40.8954
    1335      40.4813
    1336      40.4498
    1337      39.8681
    1338      40.7409
    1339      40.3167
    1340      40.5752
    1341      40.9990
    1342      41.5387
    1343      40.9052
    1344      39.5825
    1345      40.1815
    1346      40.0704
    1347      41.3790
    1348      41.2865
    1349      39.2800
    1350      40.8569
    1351      40.3631
    1352      40.7441
    1353      40.3614
    1354      40.3784
    1355      40.4600
    1356      40.4132
    1357      40.3492
    1358      39.4644
    1359      39.4341
    1360      40.3438
    1361      39.4748
    1362      39.9522
    1363      39.4351
    1364      40.5440
    1365      39.7940
    1366      39.7504
    1367      39.5809
    1368      39.8028
    1369      39.7654
    1370      39.7122
    1371      40.4745
    1372      40.5214
    1373      40.2056
    1374      40.7018
    1375      39.5429
    1376      40.5903
    1377      41.2185
    1378      40.8521
    1379      40.1346
    1380      40.7588
    1381      41.5287
    1382      40.5141
    1383      40.6346
    1384      40.7021
    1385      41.6812
    1386      40.1599
    1387      41.2395
    1388      40.0595
    1389      40.5331
    1390      39.7206
    1391      40.0391
    1392      39.6574
    1393      40.4095
    1394      39.8650
    1395      39.8750
    1396      40.1029
    1397      40.1834
    1398      40.1354
    1399      40.9073
    1400      39.7171
    1401      40.2460
    1402      39.6588
    1403      40.2684
    1404      40.5248
    1405      39.7325
    1406      40.2584
    1407      39.1041
    1408      39.8946
    1409      40.2276
    1410      39.5446
    1411      39.1632
    1412      39.0015
    1413      40.2947
    1414      38.7832
    1415      39.4133
    1416      39.1758
    1417      39.9205
    1418      39.6877
    1419      41.5319
    1420      40.9138
    1421      40.0751
    1422      40.0490
    1423      40.2321
    1424      39.8096
    1425      39.6034
    1426      40.4209
    1427      39.7215
    1428      40.3356
    1429      40.8541
    1430      40.4547
    1431      39.9876
    1432      41.1885
    1433      40.2678
    1434      40.1850
    1435      40.4705
    1436      39.6359
    1437      39.9799
    1438      40.6489
    1439      40.1012
    1440      40.6804
    1441      40.1414
    1442      41.3881
    1443      41.3506
    1444      40.8460
    1445      41.0157
    1446      39.8617
    1447      40.7501
    1448      39.9522
    1449      40.9302
    1450      40.2177
    1451      40.8729
    1452      40.5527
    1453      41.6347
    1454      41.0729
    1455      40.7514
    1456      41.0526
    1457      41.4646
    1458      41.6263
    1459      42.0846
    1460      42.2793
    1461      42.2190
    1462      41.0573
    1463      40.8040
    1464      41.8770
    1465      41.4021
    1466      41.7650
    1467      41.5270
    1468      42.6449
    1469      42.2164
    1470      40.9506
    1471      40.4398
    1472      41.4216
    1473      41.3993
    1474      40.6937
    1475      41.1127
    1476      40.1315
    1477      42.0797
    1478      41.2752
    1479      41.0131
    1480      40.1923
    1481      40.3137
    1482      40.1205
    1483      39.5611
    1484      39.5678
    1485      41.0256
    1486      41.8638
    1487      40.3831
    1488      40.4899
    1489      39.5160
    1490      40.9541
    1491      40.0358
    1492      39.7651
    1493      40.7221
    1494      39.9545
    1495      39.5163
    1496      39.8463
    1497      39.6597
    1498      40.1342
    1499      41.2271
    1500      40.1680
    1501      41.2682
    1502      40.4242
    1503      40.8235
    1504      40.3138
    1505      40.5679
    1506      40.5559
    1507      40.2780
    1508      40.3043
    1509      39.8225
    1510      39.9827
    1511      39.7039
    1512      40.3451
    1513      40.8072
    1514      39.9550
    1515      39.4708
    1516      40.5033
    1517      39.9944
    1518      40.0054
    1519      40.1824
    1520      40.7394
    1521      40.2393
    1522      40.3360
    1523      40.1857
    1524      40.4231
    1525      39.9283
    1526      40.4995
    1527      40.8074
    1528      40.3754
    1529      40.5183
    1530      40.7275
    1531      40.8685
    1532      40.6251
    1533      40.6324
    1534      39.9050
    1535      39.8637
    1536      40.8565
    1537      40.4561
    1538      40.2327
    1539      40.5085
    1540      41.0176
    1541      40.2643
    1542      40.7776
    1543      40.5377
    1544      40.5859
    1545      40.5360
    1546      41.1188
    1547      40.2304
    1548      39.6160
    1549      39.7083
    1550      40.1992
    1551      41.1749
    1552      41.0148
    1553      40.1597
    1554      40.0981
    1555      39.1492
    1556      40.5691
    1557      40.0116
    1558      39.5069
    1559      39.5785
    1560      40.0522
    1561      40.0810
    1562      40.3248
    1563      40.1619
    1564      40.3144
    1565      40.6424
    1566      39.8835
    1567      40.6870
    1568      40.5460
    1569      41.4825
    1570      40.2019
    1571      39.8145
    1572      40.5910
    1573      40.4139
    1574      40.8358
    1575      41.5963
    1576      40.6512
    1577      41.5327
    1578      40.6008
    1579      40.6831
    1580      40.4638
    1581      41.7737
    1582      41.4272
    1583      41.3272
    1584      40.8336
    1585      40.7746
    1586      40.9454
    1587      41.2760
    1588      40.8257
    1589      40.2535
    1590      40.2153
    1591      41.6450
    1592      41.3796
    1593      40.5735
    1594      41.0009
    1595      40.6607
    1596      41.4487
    1597      42.0384
    1598      41.0699
    1599      41.3314
    1600      40.6701
    1601      41.0486
    1602      40.9119
    1603      41.1509
    1604      40.8501
    1605      41.3763
    1606      41.1531
    1607      42.0269
    1608      41.1725
    1609      41.0146
    1610      41.3833
    1611      42.3324
    1612      42.2072
    1613      41.0225
    1614      40.9940
    1615      41.3611
    1616      39.9322
    1617      41.2846
    1618      40.8921
    1619      41.2043
    1620      41.0081
    1621      40.6249
    1622      40.8824
    1623      40.7813
    1624      40.6392
    1625      41.0571
    1626      40.8011
    1627      40.6397
    1628      40.9082
    1629      41.5913
    1630      41.0718
    1631      40.7026
    1632      40.4024
    1633      41.0125
    1634      40.4849
    1635      40.4531
    1636      40.5253
    1637      40.8957
    1638      40.9694
    1639      41.0716
    1640      41.3910
    1641      41.1748
    1642      40.5453
    1643      40.0092
    1644      41.4762
    1645      41.7295
    1646      41.7007
    1647      41.8099
    1648      41.4720
    1649      41.5356
    1650      40.6055
    1651      40.7816
    1652      40.6705
    1653      40.8807
    1654      41.0150
    1655      40.8802
    1656      40.9462
    1657      41.0015
    1658      41.3947
    1659      41.1445
    1660      40.9843
    1661      41.2830
    1662      41.6505
    1663      40.9426
    1664      40.8270
    1665      40.9031
    1666      41.1528
    1667      41.2206
    1668      40.8071
    1669      41.1325
    1670      41.8456
    1671      41.2955
    1672      41.4455
    1673      41.1857
    1674      41.0213
    1675      42.3624
    1676      40.5365
    1677      39.8572
    1678      40.6548
    1679      41.4143
    1680      41.9943
    1681      41.7744
    1682      41.2965
    1683      41.2029
    1684      41.8930
    1685      40.7926
    1686      40.6336
    1687      41.0399
    1688      41.2288
    1689      40.9477
    1690      41.3963
    1691      40.8190
    1692      41.2841
    1693      41.3646
    1694      41.1902
    1695      40.6734
    1696      41.7058
    1697      40.8477
    1698      40.5406
    1699      40.3224
    1700      40.9058
    1701      39.3266
    1702      40.0184
    1703      41.1628
    1704      41.1496
    1705      41.0045
    1706      40.3379
    1707      40.1785
    1708      39.8123
    1709      40.7590
    1710      40.3203
    1711      41.1849
    1712      40.8725
    1713      40.5442
    1714      40.5476
    1715      39.1527
    1716      38.4051
    1717      40.1906
    1718      40.8962
    1719      39.7626
    1720      39.3532
    1721      39.8263
    1722      39.4262
    1723      40.1549
    1724      38.6675
    1725      40.4948
    1726      39.1894
    1727      39.4969
    1728      39.1000
    1729      41.0915
    1730      39.8991
    1731      40.1925
    1732      39.8251
    1733      38.9341
    1734      40.1654
    1735      38.9089
    1736      39.0689
    1737      38.6695
    1738      38.3325
    1739      39.8289
    1740      39.1724
    1741      39.7520
    1742      40.2011
    1743      40.2945
    1744      40.2310
    1745      39.1911
    1746      40.5084
    1747      40.2777
    1748      40.9661
    1749      40.8877
    1750      41.4158
    1751      41.1318
    1752      40.7947
    1753      39.9794
    1754      40.5610
    1755      40.2460
    1756      39.6244
    1757      40.1673
    1758      39.1363
    1759      40.3392
    1760      39.7220
    1761      39.6610
    1762      39.0617
    1763      39.1728
    1764      39.1671
    1765      39.6393
    1766      39.7825
    1767      41.6716
    1768      41.0702
    1769      40.3768
    1770      41.2850
    1771      39.8420
    1772      39.1892
    1773      39.2968
    1774      39.4670
    1775      39.3375
    1776      39.8010
    1777      39.5572
    1778      39.1329
    1779      40.6949
    1780      40.3245
    1781      39.8721
    1782      39.8120
    1783      39.0226
    1784      39.3473
    1785      39.1524
    1786      39.8943
    1787      39.6325
    1788      39.8813
    1789      40.1906
    1790      39.2178
    1791      39.4956
    1792      39.9338
    1793      40.5670
    1794      40.4943
    1795      40.6467
    1796      40.6353
    1797      39.8284
    1798      40.6440
    1799      40.1721
    1800      40.0940
    1801      39.9295
    1802      40.4935
    1803      40.4061
    1804      40.2024
    1805      40.6532
    1806      39.9515
    1807      39.9083
    1808      41.8580
    1809      40.7410
    1810      42.0841
    1811      40.5848
    1812      40.4602
    1813      40.4287
    1814      40.6420
    1815      41.6240
    1816      40.5083
    1817      41.1390
    1818      40.7550
    1819      40.6498
    1820      40.9097
    1821      40.5292
    1822      40.0763
    1823      40.1796
    1824      40.8511
    1825      40.9173
    1826      40.3849
    1827      40.7901
    1828      39.8736
    1829      40.8455
    1830      40.9021
    1831      40.2914
    1832      38.6429
    1833      39.6683
    1834      39.1280
    1835      40.0018
    1836      40.4068
    1837      40.6101
    1838      40.4618
    1839      40.7632
    1840      41.0787
    1841      39.7496
    1842      39.8819
    1843      39.6915
    1844      40.1818
    1845      40.7704
    1846      41.0002
    1847      40.0387
    1848      39.9195
    1849      40.5687
    1850      40.1890
    1851      41.1732
    1852      39.2018
    1853      40.6832
    1854      40.4045
    1855      41.3898
    1856      40.3694
    1857      40.2454
    1858      39.4940
    1859      40.2255
    1860      40.1867
    1861      39.6202
    1862      40.1115
    1863      40.6887
    1864      39.9683
    1865      42.7661
    1866      41.1900
    1867      39.9392
    1868      39.5161
    1869      41.7231
    1870      42.1137
    1871      41.3766
    1872      40.2935
    1873      41.2522
    1874      40.8164
    1875      42.0893
    1876      40.8047
    1877      40.0356
    1878      39.5851
    1879      39.9138
    1880      40.8639
    1881      39.8983
    1882      40.2247
    1883      39.9335
    1884      39.1552
    1885      39.6105
    1886      39.8978
    1887      39.9513
    1888      40.3809
    1889      39.8281
    1890      40.6780
    1891      40.8960
    1892      40.2199
    1893      41.3459
    1894      40.8377
    1895      40.9838
    1896      40.4168
    1897      40.1478
    1898      41.4478
    1899      41.1453
    1900      40.9367
    1901      40.6601
    1902      41.4779
    1903      40.0423
    1904      40.4314
    1905      40.5684
    1906      39.3103
    1907      39.7121
    1908      39.7677
    1909      40.3636
    1910      40.0444
    1911      40.4175
    1912      40.8812
    1913      41.4147
    1914      40.5762
    1915      40.5802
    1916      41.2665
    1917      40.5710
    1918      40.8499
    1919      39.6673
    1920      40.1410
    1921      39.9434
    1922      40.1646
    1923      40.1014
    1924      39.5527
    1925      39.5207
    1926      40.5616
    1927      40.0286
    1928      40.8466
    1929      39.6365
    1930      39.9842
    1931      40.0775
    1932      40.5344
    1933      40.4796
    1934      39.9546
    1935      40.5929
    1936      40.5033
    1937      40.3417
    1938      39.9651
    1939      40.0015
    1940      40.0673
    1941      39.9054
    1942      40.0933
    1943      39.2233
    1944      40.1784
    1945      40.6254
    1946      40.1556
    1947      40.4907
    1948      41.2676
    1949      40.5348
    1950      40.9659
    1951      40.7197
    1952      40.3513
    1953      40.1003
    1954      40.5051
    1955      40.2833
    1956      40.6816
    1957      40.0164
    1958      40.9852
    1959      40.2838
    1960      39.7783
    1961      39.3615
    1962      40.4666
    1963      39.8335
    1964      41.1828
    1965      39.8260
    1966      40.6104
    1967      39.5163
    1968      39.7984
    1969      39.8312
    1970      40.6417
    1971      40.1800
    1972      40.0009
    1973      39.9223
    1974      40.6615
    1975      40.0270
    1976      39.8830
    1977      38.8861
    1978      39.7434
    1979      39.3962
    1980      40.2394
    1981      40.2843
    1982      40.3884
    1983      40.3695
    1984      39.9330
    1985      39.4475
    1986      39.1629
    1987      40.1606
    1988      40.0767
    1989      39.6851
    1990      39.6434
    1991      39.5944
    1992      41.0492
    1993      40.2705
    1994      40.5733
    1995      40.4148
    1996      40.2996
    1997      39.6235
    1998      39.9693
    1999      39.9673
    2000      39.9771
