0 0
1 0
2 0
3 0
4 1
5 2
6 0
7 0
8 1
9 0
10 0
11 1
12 0
13 0
14 0
15 0
16 0
17 0
18 0
19 1
20 1
21 0
22 1
23 1
24 2
25 1
26 1
27 0
28 0
29 0
30 0
31 1
32 0
33 1
34 0
35 0
36 0
37 0
38 0
39 2
40 1
41 1
42 0
43 0
44 0
45 0
46 0
47 2
48 1
49 1
50 1
51 0
52 0
53 0
54 1
55 1
56 1
57 0
58 2
59 0
60 0
61 1
62 1
63 0
64 1
65 1
66 0
67 3
68 1
69 1
70 0
71 0
72 0
73 1
74 1
75 0
76 0
77 1
78 0
79 1
80 0
81 1
82 1
83 2
84 1
85 0
86 0
87 2
88 1
89 1
90 2
91 2
92 2
93 2
94 1
95 0
96 1
97 1
98 1
99 0
100 1
101 1
102 1
103 0
104 1
105 1
106 1
107 1
108 1
109 0
110 2
111 1
112 1
113 0
114 0
115 1
116 2
117 1
118 0
119 2
120 0
121 1
122 0
123 0
124 0
125 0
126 0
127 1
128 0
129 0
130 1
131 1
132 1
133 1
134 2
135 0
136 1
137 1
138 0
139 0
140 0
141 0
142 1
143 0
144 0
145 0
146 0
147 2
148 1
149 0
150 0
151 0
152 1
153 0
154 0
155 0
156 1
157 0
158 0
159 0
160 0
161 1
162 1
163 1
164 0
165 1
166 1
167 2
168 1
169 2
170 1
171 0
172 1
173 1
174 0
175 3
176 0
177 1
178 1
179 2
180 1
181 1
182 1
183 2
184 1
185 1
186 1
187 0
188 0
189 1
190 0
191 1
192 0
193 0
194 0
195 0
196 1
197 1
198 0
199 0
200 1
201 1
202 0
203 0
204 0
205 0
206 2
207 1
208 2
209 0
210 1
211 0
212 1
213 1
214 0
215 1
216 0
217 0
218 1
219 1
220 2
221 2
222 0
223 2
224 2
225 1
226 1
227 1
228 1
229 2
230 1
231 2
232 0
233 0
234 1
235 2
236 1
237 1
238 1
239 1
240 0
241 0
242 1
243 1
244 1
245 0
246 1
247 1
248 1
249 1
250 1
251 1
252 1
253 1
254 1
255 1
256 1
257 1
258 1
259 2
260 0
261 1
262 1
263 2
264 2
265 1
266 1
267 1
268 1
269 2
270 1
271 1
272 1
273 1
274 1
275 1
276 1
277 1
278 0
279 1
280 2
281 0
282 1
283 1
284 0
285 1
286 0
287 1
288 0
289 0
290 0
291 0
292 0
293 2
294 0
295 0
296 2
297 1
298 2
299 0
300 1
301 0
302 1
303 1
304 2
305 0
306 1
307 0
308 1
309 0
310 0
311 0
312 0
313 0
314 1
315 1
316 1
317 1
318 1
319 1
320 0
321 0
322 1
323 1
324 1
325 1
326 0
327 0
328 1
329 1
330 1
331 0
332 0
333 0
334 0
335 1
336 0
337 0
338 0
339 0
340 0
341 0
342 0
343 0
344 0
345 0
346 0
347 0
348 0
349 0
350 0
351 0
352 1
353 0
354 0
355 0
356 0
357 0
358 0
359 0
360 0
361 0
362 0
363 0
364 1
365 1
366 1
367 0
368 0
369 0
370 1
371 0
372 0
373 0
374 0
375 0
376 1
377 0
378 0
379 0
380 1
381 0
382 1
383 0
384 1
385 0
386 1
387 0
388 0
389 0
390 1
391 0
392 0
393 0
394 0
395 0
396 0
397 0
398 0
399 0
400 0
401 0
402 0
403 0
404 0
405 0
406 0
407 0
408 0
409 0
410 0
411 1
412 0
413 0
414 0
415 0
416 0
417 0
418 0
419 0
420 1
421 0
422 0
423 0
424 0
425 0
426 0
427 0
428 0
429 0
430 0
431 0
432 0
433 1
434 0
435 1
436 1
437 0
438 0
439 0
440 1
441 0
442 0
443 0
444 0
445 0
446 0
447 0
448 0
449 1
450 0
451 1
452 0
453 0
454 0
455 0
456 0
457 0
458 0
459 0
460 0
461 0
462 0
463 0
464 0
465 0
466 0
467 0
468 0
469 0
470 0
471 0
472 0
473 0
474 0
475 0
476 0
477 0
478 0
479 0
480 0
481 0
482 0
483 0
484 0
485 0
486 0
487 0
488 0
489 1
490 0
491 0
492 1
493 0
494 0
495 0
496 1
497 0
498 1
499 0
500 0
501 0
502 0
503 0
504 0
505 0
506 0
507 0
508 1
509 0
510 0
511 0
512 0
513 0
514 0
515 0
516 0
517 1
518 1
519 2
520 1
521 1
522 0
523 1
524 1
525 1
526 1
527 1
528 1
529 0
530 0
531 1
532 1
533 1
534 0
535 0
536 0
537 0
538 1
539 2
540 0
541 1
542 1
543 0
544 1
545 0
546 0
547 2
548 1
549 0
550 0
551 1
552 1
553 0
554 0
555 1
556 1
557 0
558 0
559 1
560 1
561 1
562 0
563 0
564 1
565 1
566 1
567 0
568 1
569 0
570 1
571 0
572 0
573 0
574 0
575 0
576 0
577 0
578 2
579 0
580 1
581 2
582 1
583 1
584 0
585 0
586 0
587 0
588 0
589 0
590 0
591 0
592 1
593 1
594 0
595 1
596 0
597 0
598 1
599 0
600 1
601 0
602 2
603 1
604 1
605 2
606 2
607 2
608 1
609 1
610 0
611 1
612 1
613 3
614 1
615 1
616 0
617 0
618 0
619 0
620 0
621 0
622 0
623 0
624 0
625 0
626 0
627 0
628 0
629 0
630 0
631 0
632 0
633 0
634 0
635 0
636 0
637 0
638 0
639 0
640 0
641 0
642 0
643 0
644 0
645 0
646 0
647 0
648 0
649 0
650 0
651 0
652 0
653 0
654 0
655 0
656 0
657 0
658 0
659 0
660 0
661 0
662 0
663 0
664 0
665 0
666 0
667 0
668 0
669 0
670 0
671 0
672 0
673 0
674 0
675 0
676 0
677 0
678 0
679 0
680 0
681 0
682 0
683 0
684 0
685 0
686 0
687 0
688 0
689 0
690 1
691 0
692 0
693 0
694 0
695 0
696 0
697 0
698 1
699 1
700 0
701 0
702 0
703 2
704 1
705 1
706 0
707 0
708 0
709 0
710 0
711 0
712 0
713 1
714 0
715 0
716 0
717 1
718 1
719 0
720 0
721 0
722 0
723 0
724 0
725 0
726 0
727 0
728 0
729 0
730 0
731 0
732 0
733 0
734 0
735 0
736 0
737 0
738 0
739 1
740 0
741 0
742 0
743 1
744 1
745 0
746 0
747 0
748 0
749 1
750 1
751 1
752 1
753 1
754 1
755 1
756 1
757 1
758 0
759 0
760 1
761 2
762 1
763 1
764 0
765 0
766 1
767 0
768 1
769 1
770 0
771 1
772 1
773 1
774 1
775 1
776 0
777 0
778 0
779 3
780 2
781 2
782 3
783 3
784 2
785 2
786 1
787 2
788 2
789 2
790 2
791 3
792 0
793 1
794 1
795 2
796 2
797 2
798 3
799 2
800 2
801 3
802 3
803 1
804 1
805 3
806 3
807 2
808 2
809 2
810 2
811 3
812 3
813 2
814 2
815 2
816 1
817 1
818 0
819 2
820 1
821 1
822 1
823 1
824 2
825 1
826 1
827 2
828 1
829 1
830 1
831 2
832 2
833 1
834 3
835 1
836 2
837 1
838 2
839 1
840 1
841 0
842 1
843 1
844 1
845 1
846 0
847 1
848 1
849 1
850 1
851 2
852 1
853 1
854 0
855 1
856 1
857 1
858 1
859 1
860 1
861 0
862 1
863 1
864 1
865 0
866 1
867 1
868 1
869 1
870 1
871 0
872 0
873 1
874 1
875 1
876 1
877 1
878 1
879 2
880 1
881 2
882 2
883 1
884 2
885 3
886 2
887 3
888 3
889 1
890 2
891 1
892 2
893 2
894 0
895 2
896 3
897 1
898 2
899 1
900 2
901 2
902 2
903 1
904 2
905 4
906 1
907 3
908 0
909 2
910 1
911 1
912 1
913 0
914 2
915 0
916 2
917 1
918 1
919 1
920 1
921 1
922 1
923 1
924 2
925 0
926 1
927 1
928 1
929 0
930 0
931 1
932 1
933 1
934 1
935 1
936 1
937 1
938 0
939 1
940 0
941 0
942 1
943 1
944 1
945 1
946 1
947 1
948 1
949 0
950 0
951 1
952 1
953 1
954 1
955 1
956 1
957 2
958 1
959 2
960 1
961 1
962 1
963 2
964 1
965 2
966 3
967 2
968 2
969 2
970 0
971 2
972 3
973 1
974 2
975 1
976 2
977 1
978 1
979 0
980 1
981 1
982 1
983 0
984 1
985 1
986 1
987 2
988 1
989 2
990 2
991 0
992 0
993 1
994 0
995 1
996 1
997 1
998 2
999 2
1000 1
1001 1
1002 1
1003 0
1004 2
1005 1
1006 1
1007 1
1008 1
1009 1
1010 0
1011 1
1012 1
1013 1
1014 0
1015 2
1016 2
1017 1
1018 1
1019 2
1020 1
1021 0
1022 0
1023 1
1024 1
1025 1
1026 1
1027 1
1028 1
1029 2
1030 1
1031 1
1032 1
1033 1
1034 1
1035 1
1036 1
1037 1
1038 1
1039 2
1040 0
1041 0
1042 1
1043 1
1044 1
1045 1
1046 1
1047 1
1048 1
1049 2
1050 1
1051 1
1052 1
1053 1
1054 1
1055 1
1056 3
1057 1
1058 1
1059 1
1060 1
1061 1
1062 1
1063 1
1064 0
1065 1
1066 2
1067 2
1068 2
1069 1
1070 1
1071 1
1072 2
1073 2
1074 1
1075 1
1076 1
1077 2
1078 0
1079 1
1080 2
1081 1
1082 3
1083 2
1084 2
1085 1
1086 1
1087 1
1088 2
1089 2
1090 3
1091 4
1092 4
1093 2
1094 0
1095 2
1096 1
1097 0
1098 2
1099 1
1100 0
1101 1
1102 1
1103 2
1104 3
1105 3
1106 1
1107 3
1108 2
1109 1
1110 3
1111 2
1112 2
1113 0
1114 0
1115 0
1116 0
1117 0
1118 0
1119 0
1120 0
1121 0
1122 1
1123 0
1124 0
1125 0
1126 0
1127 0
1128 1
1129 0
1130 0
1131 0
1132 0
1133 1
1134 0
1135 0
1136 0
1137 0
1138 0
1139 0
1140 0
1141 0
1142 0
1143 0
1144 0
1145 0
1146 0
1147 0
1148 0
1149 0
1150 0
1151 0
1152 1
1153 0
1154 0
1155 0
1156 0
1157 0
1158 1
1159 0
1160 0
1161 0
1162 0
1163 2
1164 1
1165 2
1166 0
1167 0
1168 1
1169 1
1170 0
1171 0
1172 0
1173 0
1174 0
1175 1
1176 1
1177 1
1178 0
1179 1
1180 1
1181 0
1182 1
1183 1
1184 2
1185 0
1186 1
1187 2
1188 1
1189 0
1190 1
1191 1
1192 1
1193 0
1194 0
1195 0
1196 0
1197 0
1198 1
1199 0
1200 2
1201 2
1202 2
1203 1
1204 2
1205 1
1206 1
1207 1
1208 2
1209 1
1210 2
1211 2
1212 2
1213 2
1214 1
1215 2
1216 1
1217 1
1218 1
1219 0
1220 2
1221 1
1222 1
1223 1
1224 1
1225 1
1226 0
1227 0
1228 0
1229 0
1230 1
1231 1
1232 1
1233 1
1234 1
1235 1
1236 2
1237 2
1238 1
1239 1
1240 1
1241 2
1242 1
1243 1
1244 1
1245 0
1246 0
1247 0
1248 1
1249 1
1250 1
1251 0
1252 1
1253 1
1254 1
1255 0
1256 1
1257 2
1258 0
1259 0
1260 2
1261 1
1262 1
1263 2
1264 2
1265 1
1266 2
1267 1
1268 0
1269 1
1270 2
1271 1
1272 1
1273 1
1274 1
1275 1
1276 1
1277 0
1278 1
1279 1
1280 1
1281 0
1282 1
1283 2
1284 1
1285 1
1286 1
1287 1
1288 2
1289 2
1290 1
1291 1
1292 1
1293 1
1294 0
1295 1
1296 1
1297 1
1298 0
1299 1
1300 2
1301 1
1302 1
1303 1
1304 1
1305 1
1306 1
1307 1
1308 1
1309 1
1310 0
1311 1
1312 0
1313 1
1314 1
1315 1
1316 1
1317 0
1318 2
1319 1
1320 1
1321 0
1322 2
1323 0
1324 1
1325 1
1326 0
1327 0
1328 1
1329 1
1330 1
1331 1
1332 1
1333 1
1334 1
1335 0
1336 1
1337 2
1338 1
1339 1
1340 1
1341 1
1342 1
1343 1
1344 1
1345 1
1346 1
1347 2
1348 3
1349 1
1350 2
1351 1
1352 0
1353 1
1354 1
1355 1
1356 0
1357 0
1358 1
1359 2
1360 0
1361 2
1362 0
1363 1
1364 2
1365 1
1366 0
1367 1
1368 0
1369 1
1370 2
1371 1
1372 0
1373 1
1374 1
1375 0
1376 0
1377 0
1378 1
1379 0
1380 0
1381 1
1382 1
1383 0
1384 1
1385 1
1386 0
1387 0
1388 0
1389 0
1390 0
1391 0
1392 0
1393 0
1394 1
1395 0
1396 0
1397 0
1398 1
1399 1
1400 0
1401 1
1402 2
1403 0
1404 1
1405 0
1406 1
1407 0
1408 1
1409 1
1410 1
1411 3
1412 0
1413 1
1414 0
1415 1
1416 1
1417 1
1418 1
1419 0
1420 0
1421 0
1422 0
1423 0
1424 0
1425 0
1426 0
1427 1
1428 1
1429 1
1430 1
1431 1
1432 1
1433 1
1434 2
1435 2
1436 1
1437 0
1438 1
1439 1
1440 1
1441 1
1442 0
1443 2
1444 3
1445 1
1446 1
1447 1
1448 2
1449 2
1450 0
1451 2
1452 2
1453 1
1454 1
1455 1
1456 1
1457 2
1458 1
1459 1
1460 0
1461 1
1462 1
1463 1
1464 1
1465 1
1466 1
1467 2
1468 0
1469 0
1470 1
1471 1
1472 2
1473 0
1474 2
1475 3
1476 2
1477 1
1478 1
1479 1
1480 0
1481 1
1482 1
1483 1
1484 0
1485 0
1486 0
1487 0
1488 0
1489 0
1490 0
1491 0
1492 0
1493 0
1494 0
1495 0
1496 0
1497 0
1498 0
1499 0
1500 0
1501 0
1502 0
1503 0
1504 0
1505 0
1506 0
1507 0
1508 0
1509 0
1510 1
1511 0
1512 0
1513 1
1514 0
1515 0
1516 1
1517 0
1518 0
1519 1
1520 0
1521 0
1522 1
1523 0
1524 0
1525 0
1526 0
1527 0
1528 0
1529 0
1530 0
1531 0
1532 1
1533 0
1534 2
1535 2
1536 0
1537 0
1538 0
1539 1
1540 0
1541 1
1542 0
1543 1
1544 0
1545 0
1546 0
1547 0
1548 0
1549 0
1550 1
1551 1
1552 0
1553 0
1554 0
1555 1
1556 0
1557 0
1558 0
1559 0
1560 0
1561 0
1562 0
1563 0
1564 0
1565 0
1566 0
1567 0
1568 0
1569 0
1570 0
1571 0
1572 1
1573 1
1574 1
1575 0
1576 0
1577 1
1578 0
1579 0
1580 1
1581 1
1582 0
1583 0
1584 0
1585 0
1586 0
1587 0
1588 0
1589 0
1590 0
1591 0
1592 0
1593 0
1594 0
1595 0
1596 0
1597 1
1598 1
1599 0
1600 1
1601 1
1602 1
1603 0
1604 0
1605 0
1606 1
1607 3
1608 0
1609 0
1610 1
1611 0
1612 1
1613 1
1614 1
1615 1
1616 1
1617 1
1618 1
1619 2
1620 2
1621 2
1622 1
1623 1
1624 1
1625 1
1626 1
1627 0
1628 1
1629 1
1630 0
1631 1
1632 2
1633 1
1634 1
1635 1
1636 0
1637 1
1638 1
1639 1
1640 0
1641 1
1642 1
1643 2
1644 1
1645 1
1646 1
1647 2
1648 1
1649 2
1650 0
1651 1
1652 1
1653 2
1654 2
1655 0
1656 1
1657 2
1658 0
1659 1
1660 0
1661 2
1662 1
1663 1
1664 0
1665 0
1666 1
1667 1
1668 2
1669 1
1670 1
1671 1
1672 1
1673 1
1674 1
1675 0
1676 1
1677 1
1678 0
1679 1
1680 0
1681 1
1682 2
1683 0
1684 1
1685 1
1686 1
1687 2
1688 2
1689 1
1690 0
1691 0
1692 2
1693 1
1694 2
1695 2
1696 1
1697 2
1698 1
1699 1
1700 1
1701 2
1702 0
1703 1
1704 0
1705 0
1706 1
1707 1
1708 1
1709 0
1710 1
1711 1
1712 1
1713 2
1714 0
1715 2
1716 1
1717 2
1718 1
1719 1
1720 1
1721 1
1722 1
1723 1
1724 0
1725 1
1726 1
1727 2
1728 1
1729 2
1730 0
1731 0
1732 0
1733 1
1734 0
1735 0
1736 0
1737 0
1738 0
1739 0
1740 0
1741 1
1742 0
1743 1
1744 1
1745 2
1746 1
1747 2
1748 1
1749 1
1750 1
1751 2
1752 2
1753 2
1754 1
1755 0
1756 0
1757 1
1758 1
1759 1
1760 0
1761 2
1762 1
1763 1
1764 2
1765 1
1766 2
1767 0
1768 0
1769 0
1770 3
1771 2
1772 2
1773 0
1774 2
1775 1
1776 0
1777 0
1778 1
1779 2
1780 2
1781 2
1782 2
1783 1
1784 0
1785 1
1786 2
1787 1
1788 3
1789 0
1790 2
1791 1
1792 1
1793 2
1794 2
1795 3
1796 0
1797 1
1798 2
1799 1
1800 1
1801 1
1802 1
1803 1
1804 1
1805 1
1806 0
1807 1
1808 1
1809 2
1810 0
1811 1
1812 1
1813 0
1814 1
1815 1
1816 0
1817 2
1818 2
1819 1
1820 2
1821 1
1822 0
1823 1
1824 1
1825 1
1826 1
1827 2
1828 0
1829 0
1830 1
1831 1
1832 1
1833 1
1834 1
1835 1
1836 2
1837 1
1838 0
1839 0
1840 0
1841 0
1842 0
1843 1
1844 0
1845 0
1846 2
1847 1
1848 0
1849 1
1850 1
1851 1
1852 0
1853 0
1854 2
1855 0
1856 1
1857 1
1858 2
1859 2
1860 1
1861 2
1862 2
1863 3
1864 1
1865 1
1866 2
1867 1
1868 2
1869 2
1870 2
1871 0
1872 0
1873 3
1874 1
1875 1
1876 3
1877 0
1878 1
1879 0
1880 0
1881 0
1882 0
1883 0
1884 0
1885 0
1886 0
1887 0
1888 0
1889 0
1890 0
1891 0
1892 0
1893 0
1894 0
1895 0
1896 0
1897 0
1898 0
1899 0
1900 0
1901 0
1902 0
1903 0
1904 0
1905 0
1906 0
1907 1
1908 1
1909 1
1910 0
1911 0
1912 0
1913 0
1914 0
1915 0
1916 0
1917 0
1918 1
1919 0
1920 1
1921 0
1922 0
1923 0
1924 0
1925 1
1926 1
1927 0
1928 0
1929 0
1930 0
1931 0
1932 0
1933 0
1934 1
1935 1
1936 1
1937 0
1938 1
1939 0
1940 0
1941 1
1942 0
1943 1
1944 0
1945 0
1946 0
1947 0
1948 1
1949 0
1950 0
1951 1
1952 1
1953 0
1954 1
1955 2
1956 1
1957 2
1958 0
1959 0
1960 1
1961 2
1962 1
1963 1
1964 3
1965 1
1966 1
1967 1
1968 1
1969 1
1970 0
1971 0
1972 0
1973 1
1974 1
1975 0
1976 0
1977 0
1978 1
1979 1
1980 0
1981 0
1982 0
1983 0
1984 1
1985 1
1986 1
1987 1
1988 1
1989 1
1990 0
1991 0
1992 0
1993 0
1994 0
1995 0
1996 0
1997 0
1998 1
1999 0
