0 0
1 1
2 1
3 0
4 1
5 0
6 1
7 2
8 1
9 1
10 0
11 0
12 1
13 1
14 2
15 2
16 2
17 0
18 3
19 1
20 1
21 1
22 1
23 1
24 2
25 0
26 1
27 0
28 0
29 1
30 0
31 0
32 1
33 0
34 0
35 0
36 0
37 0
38 0
39 0
40 1
41 0
42 2
43 1
44 0
45 3
46 2
47 2
48 2
49 3
50 2
51 2
52 2
53 2
54 1
55 3
56 2
57 0
58 3
59 2
60 2
61 2
62 0
63 3
64 3
65 1
66 0
67 0
68 0
69 0
70 0
71 2
72 0
73 0
74 1
75 0
76 0
77 3
78 0
79 1
80 1
81 0
82 3
83 1
84 3
85 0
86 3
87 0
88 2
89 1
90 0
91 0
92 1
93 1
94 1
95 1
96 0
97 0
98 0
99 0
100 0
101 0
102 0
103 0
104 0
105 0
106 1
107 1
108 0
109 0
110 1
111 4
112 0
113 0
114 0
115 1
116 1
117 1
118 3
119 0
120 0
121 1
122 1
123 1
124 3
125 0
126 1
127 1
128 2
129 0
130 2
131 1
132 1
133 1
134 4
135 0
136 2
137 5
138 2
139 3
140 2
141 3
142 1
143 1
144 1
145 1
146 2
147 1
148 1
149 1
150 1
151 1
152 1
153 1
154 1
155 1
156 2
157 1
158 1
159 0
160 1
161 1
162 0
163 2
164 1
165 0
166 1
167 1
168 2
169 1
170 0
171 2
172 1
173 4
174 1
175 1
176 1
177 0
178 1
179 2
180 1
181 1
182 1
183 3
184 3
185 2
186 4
187 2
188 1
189 1
190 0
191 3
192 1
193 3
194 2
195 1
196 3
197 1
198 3
199 1
200 3
201 2
202 4
203 4
204 2
205 2
206 3
207 2
208 1
209 0
210 0
211 4
212 1
213 3
214 2
215 2
216 1
217 2
218 1
219 2
220 2
221 1
222 4
223 3
224 1
225 0
226 1
227 2
228 0
229 2
230 1
231 1
232 1
233 0
234 1
235 3
236 1
237 3
238 2
239 2
240 1
241 1
242 1
243 3
244 1
245 1
246 2
247 1
248 1
249 1
250 1
251 2
252 1
253 2
254 1
255 2
256 3
257 1
258 2
259 1
260 0
261 2
262 0
263 1
264 2
265 3
266 1
267 2
268 0
269 1
270 3
271 1
272 1
273 2
274 0
275 0
276 0
277 0
278 1
279 0
280 0
281 1
282 1
283 2
284 2
285 2
286 1
287 0
288 1
289 2
290 4
291 0
292 1
293 1
294 2
295 2
296 0
297 2
298 1
299 1
300 1
301 1
302 1
303 3
304 3
305 2
306 2
307 0
308 1
309 2
310 1
311 2
312 3
313 1
314 1
315 1
316 0
317 1
318 1
319 2
320 1
321 1
322 1
323 1
324 0
325 3
326 2
327 0
328 0
329 2
330 1
331 1
332 1
333 3
334 2
335 0
336 2
337 2
338 1
339 3
340 1
341 2
342 1
343 3
344 4
345 3
346 2
347 2
348 1
349 2
350 1
351 2
352 1
353 1
354 0
355 0
356 1
357 0
358 1
359 0
360 0
361 4
362 1
363 1
364 2
365 2
366 3
367 1
368 1
369 0
370 0
371 1
372 0
373 1
374 1
375 1
376 2
377 0
378 0
379 1
380 2
381 0
382 1
383 2
384 2
385 1
386 0
387 1
388 1
389 3
390 1
391 1
392 1
393 2
394 2
395 3
396 1
397 0
398 0
399 2
400 1
401 0
402 2
403 0
404 1
405 1
406 1
407 1
408 2
409 4
410 0
411 2
412 2
413 2
414 2
415 2
416 2
417 1
418 0
419 0
420 0
421 0
422 0
423 0
424 2
425 0
426 0
427 2
428 0
429 1
430 1
431 2
432 1
433 1
434 2
435 2
436 1
437 1
438 3
439 0
440 3
441 4
442 2
443 2
444 1
445 1
446 2
447 2
448 0
449 1
450 2
451 1
452 1
453 3
454 4
455 4
456 2
457 2
458 2
459 3
460 3
461 2
462 3
463 3
464 1
465 2
466 4
467 1
468 2
469 3
470 1
471 1
472 2
473 2
474 1
475 3
476 1
477 2
478 0
479 2
480 1
481 1
482 3
483 2
484 2
485 1
486 1
487 2
488 3
489 2
490 4
491 2
492 2
493 2
494 3
495 3
496 2
497 3
498 2
499 1
500 3
501 2
502 3
503 1
504 2
505 2
506 1
507 2
508 2
509 2
510 1
511 3
512 2
513 2
514 2
515 1
516 2
517 2
518 3
519 1
520 2
521 1
522 2
523 1
524 2
525 2
526 1
527 0
528 2
529 2
530 1
531 1
532 4
533 1
534 1
535 0
536 2
537 0
538 2
539 2
540 2
541 2
542 2
543 2
544 2
545 3
546 2
547 1
548 1
549 0
550 0
551 1
552 1
553 0
554 0
555 1
556 1
557 1
558 3
559 1
560 1
561 0
562 0
563 1
564 2
565 2
566 2
567 2
568 2
569 1
570 2
571 1
572 3
573 1
574 1
575 0
576 0
577 0
578 2
579 2
580 0
581 2
582 1
583 0
584 1
585 1
586 1
587 1
588 1
589 1
590 2
591 1
592 1
593 1
594 1
595 1
596 1
597 0
598 1
599 1
600 1
601 0
602 1
603 0
604 0
605 0
606 0
607 0
608 0
609 0
610 0
611 0
612 1
613 0
614 0
615 1
616 0
617 1
618 0
619 1
620 1
621 0
622 0
623 0
624 3
625 1
626 2
627 2
628 2
629 1
630 4
631 2
632 0
633 2
634 4
635 2
636 1
637 1
638 1
639 1
640 1
641 1
642 1
643 1
644 2
645 3
646 0
647 0
648 2
649 2
650 0
651 1
652 0
653 1
654 0
655 2
656 1
657 3
658 2
659 2
660 1
661 1
662 2
663 1
664 3
665 1
666 2
667 1
668 3
669 1
670 2
671 2
672 3
673 1
674 3
675 2
676 2
677 3
678 3
679 2
680 3
681 2
682 2
683 1
684 1
685 1
686 0
687 0
688 2
689 3
690 3
691 3
692 0
693 0
694 0
695 0
696 0
697 1
698 0
699 0
700 0
701 0
702 1
703 1
704 2
705 1
706 2
707 2
708 1
709 1
710 1
711 2
712 1
713 2
714 1
715 4
716 0
717 0
718 0
719 1
720 0
721 0
722 2
723 3
724 0
725 2
726 1
727 0
728 3
729 2
730 1
731 2
732 2
733 2
734 1
735 1
736 1
737 1
738 1
739 2
740 0
741 1
742 3
743 2
744 1
745 1
746 0
747 3
748 1
749 2
750 2
751 1
752 3
753 2
754 2
755 2
756 1
757 1
758 1
759 2
760 2
761 3
762 3
763 3
764 1
765 2
766 3
767 2
768 1
769 3
770 3
771 3
772 1
773 0
774 3
775 2
776 4
777 1
778 1
779 2
780 0
781 1
782 2
783 2
784 1
785 0
786 2
787 2
788 1
789 1
790 3
791 2
792 3
793 1
794 1
795 2
796 1
797 1
798 1
799 0
800 3
801 1
802 1
803 1
804 1
805 0
806 2
807 0
808 1
809 1
810 0
811 1
812 1
813 0
814 1
815 0
816 0
817 0
818 1
819 1
820 1
821 0
822 1
823 0
824 1
825 2
826 1
827 1
828 2
829 0
830 0
831 1
832 2
833 0
834 1
835 0
836 0
837 0
838 0
839 1
840 1
841 0
842 0
843 0
844 0
845 0
846 1
847 1
848 1
849 0
850 1
851 1
852 2
853 3
854 2
855 3
856 1
857 0
858 1
859 0
860 2
861 3
862 0
863 0
864 2
865 2
866 1
867 0
868 0
869 0
870 0
871 1
872 2
873 1
874 1
875 0
876 1
877 0
878 1
879 0
880 0
881 1
882 1
883 1
884 1
885 1
886 1
887 1
888 0
889 0
890 1
891 1
892 1
893 1
894 1
895 1
896 1
897 1
898 1
899 1
900 2
901 1
902 0
903 0
904 1
905 1
906 1
907 0
908 0
909 0
910 0
911 0
912 1
913 0
914 0
915 0
916 1
917 1
918 1
919 1
920 0
921 1
922 1
923 0
924 3
925 1
926 0
927 0
928 0
929 2
930 1
931 3
932 0
933 0
934 1
935 1
936 1
937 1
938 2
939 0
940 0
941 0
942 0
943 0
944 0
945 0
946 1
947 4
948 1
949 3
950 2
951 1
952 1
953 2
954 1
955 2
956 1
957 2
958 0
959 1
960 1
961 1
962 0
963 1
964 1
965 3
966 3
967 2
968 3
969 3
970 4
971 4
972 1
973 1
974 3
975 1
976 0
977 2
978 2
979 0
980 2
981 1
982 0
983 1
984 0
985 2
986 2
987 1
988 2
989 1
990 1
991 0
992 2
993 1
994 1
995 1
996 1
997 0
998 2
999 3
1000 2
1001 1
1002 1
1003 0
1004 1
1005 0
1006 4
1007 3
1008 1
1009 0
1010 1
1011 1
1012 2
1013 1
1014 1
1015 2
1016 0
1017 2
1018 0
1019 0
1020 0
1021 0
1022 1
1023 0
1024 0
1025 1
1026 2
1027 2
1028 1
1029 0
1030 2
1031 0
1032 2
1033 0
1034 0
1035 0
1036 1
1037 0
1038 2
1039 0
1040 0
1041 1
1042 1
1043 0
1044 0
1045 0
1046 0
1047 1
1048 1
1049 1
1050 2
1051 1
1052 2
1053 1
1054 1
1055 0
1056 0
1057 1
1058 0
1059 1
1060 0
1061 0
1062 1
1063 0
1064 0
1065 0
1066 0
1067 0
1068 1
1069 0
1070 0
1071 1
1072 1
1073 1
1074 2
1075 1
1076 1
1077 2
1078 1
1079 1
1080 2
1081 1
1082 1
1083 1
1084 0
1085 0
1086 1
1087 1
1088 0
1089 0
1090 2
1091 0
1092 0
1093 0
1094 2
1095 1
1096 1
1097 2
1098 0
1099 1
1100 0
1101 1
1102 1
1103 2
1104 0
1105 1
1106 1
1107 0
1108 1
1109 1
1110 0
1111 0
1112 0
1113 0
1114 0
1115 1
1116 2
1117 1
1118 1
1119 2
1120 1
1121 1
1122 1
1123 0
1124 0
1125 0
1126 0
1127 0
1128 0
1129 1
1130 2
1131 0
1132 0
1133 1
1134 0
1135 0
1136 1
1137 1
1138 0
1139 1
1140 0
1141 0
1142 0
1143 3
1144 0
1145 0
1146 0
1147 0
1148 1
1149 0
1150 0
1151 1
1152 1
1153 2
1154 0
1155 0
1156 0
1157 2
1158 2
1159 0
1160 0
1161 2
1162 1
1163 1
1164 1
1165 0
1166 0
1167 0
1168 2
1169 2
1170 0
1171 0
1172 0
1173 1
1174 1
1175 2
1176 2
1177 3
1178 4
1179 2
1180 1
1181 2
1182 0
1183 1
1184 1
1185 0
1186 0
1187 0
1188 1
1189 0
1190 1
1191 0
1192 0
1193 1
1194 0
1195 1
1196 0
1197 1
1198 3
1199 2
1200 1
1201 3
1202 4
1203 2
1204 2
1205 2
1206 2
1207 2
1208 4
1209 3
1210 3
1211 2
1212 2
1213 4
1214 4
1215 4
1216 3
1217 3
1218 0
1219 2
1220 3
1221 4
1222 3
1223 1
1224 0
1225 0
1226 1
1227 1
1228 0
1229 1
1230 0
1231 1
1232 0
1233 2
1234 2
1235 1
1236 2
1237 2
1238 0
1239 1
1240 0
1241 0
1242 1
1243 4
1244 0
1245 0
1246 0
1247 1
1248 1
1249 3
1250 1
1251 2
1252 2
1253 1
1254 1
1255 1
1256 0
1257 0
1258 0
1259 1
1260 1
1261 0
1262 2
1263 1
1264 0
1265 0
1266 0
1267 0
1268 0
1269 2
1270 0
1271 0
1272 1
1273 0
1274 0
1275 1
1276 1
1277 2
1278 0
1279 0
1280 0
1281 1
1282 2
1283 2
1284 1
1285 1
1286 0
1287 3
1288 1
1289 0
1290 1
1291 1
1292 0
1293 2
1294 0
1295 0
1296 1
1297 0
1298 0
1299 0
1300 0
1301 1
1302 0
1303 1
1304 1
1305 1
1306 1
1307 1
1308 1
1309 0
1310 2
1311 3
1312 3
1313 3
1314 3
1315 1
1316 1
1317 1
1318 2
1319 2
1320 2
1321 2
1322 2
1323 3
1324 1
1325 0
1326 0
1327 1
1328 2
1329 0
1330 1
1331 0
1332 0
1333 0
1334 0
1335 2
1336 0
1337 0
1338 0
1339 0
1340 0
1341 1
1342 1
1343 0
1344 1
1345 1
1346 0
1347 2
1348 1
1349 0
1350 1
1351 0
1352 2
1353 1
1354 1
1355 1
1356 0
1357 1
1358 1
1359 1
1360 0
1361 0
1362 0
1363 1
1364 2
1365 0
1366 0
1367 2
1368 0
1369 0
1370 1
1371 0
1372 1
1373 0
1374 0
1375 0
1376 0
1377 0
1378 0
1379 0
1380 0
1381 0
1382 1
1383 1
1384 2
1385 1
1386 1
1387 0
1388 1
1389 1
1390 0
1391 0
1392 0
1393 1
1394 2
1395 1
1396 0
1397 0
1398 1
1399 1
1400 0
1401 1
1402 0
1403 2
1404 1
1405 1
1406 0
1407 0
1408 1
1409 0
1410 0
1411 1
1412 0
1413 0
1414 1
1415 1
1416 1
1417 0
1418 3
1419 3
1420 0
1421 0
1422 1
1423 2
1424 3
1425 0
1426 0
1427 1
1428 0
1429 1
1430 2
1431 1
1432 0
1433 1
1434 0
1435 1
1436 0
1437 0
1438 1
1439 1
1440 2
1441 0
1442 1
1443 1
1444 0
1445 0
1446 1
1447 0
1448 0
1449 0
1450 3
1451 0
1452 3
1453 3
1454 1
1455 1
1456 2
1457 3
1458 4
1459 3
1460 1
1461 3
1462 0
1463 1
1464 0
1465 2
1466 1
1467 0
1468 1
1469 1
1470 0
1471 1
1472 0
1473 2
1474 2
1475 0
1476 1
1477 0
1478 1
1479 0
1480 0
1481 2
1482 1
1483 1
1484 1
1485 1
1486 0
1487 0
1488 1
1489 0
1490 0
1491 2
1492 0
1493 3
1494 0
1495 0
1496 1
1497 1
1498 2
1499 3
1500 1
1501 1
1502 0
1503 0
1504 1
1505 0
1506 0
1507 1
1508 0
1509 1
1510 1
1511 1
1512 3
1513 2
1514 1
1515 1
1516 0
1517 1
1518 1
1519 0
1520 1
1521 0
1522 1
1523 0
1524 1
1525 1
1526 1
1527 1
1528 1
1529 2
1530 1
1531 2
1532 2
1533 1
1534 3
1535 2
1536 0
1537 1
1538 0
1539 2
1540 2
1541 1
1542 0
1543 0
1544 0
1545 1
1546 3
1547 1
1548 2
1549 0
1550 1
1551 1
1552 0
1553 2
1554 2
1555 1
1556 0
1557 1
1558 1
1559 1
1560 0
1561 2
1562 1
1563 1
1564 0
1565 1
1566 0
1567 1
1568 2
1569 2
1570 2
1571 2
1572 0
1573 3
1574 0
1575 1
1576 0
1577 1
1578 0
1579 2
1580 3
1581 1
1582 2
1583 0
1584 0
1585 0
1586 0
1587 0
1588 0
1589 0
1590 0
1591 2
1592 0
1593 1
1594 2
1595 2
1596 1
1597 0
1598 1
1599 1
1600 1
1601 0
1602 1
1603 2
1604 1
1605 0
1606 1
1607 1
1608 0
1609 1
1610 1
1611 0
1612 1
1613 1
1614 2
1615 0
1616 0
1617 0
1618 1
1619 2
1620 2
1621 2
1622 1
1623 1
1624 0
1625 0
1626 2
1627 0
1628 2
1629 1
1630 2
1631 2
1632 2
1633 1
1634 1
1635 1
1636 1
1637 1
1638 2
1639 0
1640 2
1641 0
1642 0
1643 0
1644 0
1645 0
1646 1
1647 0
1648 0
1649 0
1650 0
1651 0
1652 0
1653 1
1654 3
1655 2
1656 0
1657 0
1658 0
1659 0
1660 1
1661 1
1662 1
1663 1
1664 1
1665 1
1666 3
1667 0
1668 3
1669 0
1670 2
1671 1
1672 3
1673 1
1674 1
1675 2
1676 1
1677 1
1678 2
1679 2
1680 2
1681 2
1682 1
1683 2
1684 2
1685 2
1686 1
1687 0
1688 1
1689 0
1690 1
1691 1
1692 0
1693 2
1694 1
1695 2
1696 0
1697 2
1698 1
1699 2
1700 2
1701 0
1702 2
1703 2
1704 2
1705 0
1706 3
1707 3
1708 0
1709 0
1710 1
1711 0
1712 1
1713 2
1714 1
1715 2
1716 3
1717 2
1718 1
1719 2
1720 2
1721 2
1722 2
1723 2
1724 1
1725 0
1726 3
1727 2
1728 3
1729 4
1730 4
1731 4
1732 2
1733 2
1734 6
1735 4
1736 1
1737 4
1738 0
1739 3
1740 2
1741 2
1742 3
1743 2
1744 0
1745 1
1746 2
1747 4
1748 2
1749 3
1750 2
1751 4
1752 3
1753 2
1754 5
1755 5
1756 5
1757 6
1758 4
1759 4
1760 3
1761 2
1762 1
1763 1
1764 0
1765 0
1766 0
1767 0
1768 0
1769 0
1770 2
1771 0
1772 1
1773 0
1774 0
1775 0
1776 0
1777 0
1778 1
1779 0
1780 0
1781 0
1782 0
1783 0
1784 0
1785 0
1786 0
1787 0
1788 0
1789 0
1790 0
1791 0
1792 1
1793 0
1794 0
1795 2
1796 0
1797 2
1798 1
1799 0
1800 1
1801 1
1802 0
1803 2
1804 3
1805 2
1806 0
1807 1
1808 3
1809 1
1810 1
1811 0
1812 1
1813 1
1814 0
1815 0
1816 1
1817 0
1818 1
1819 2
1820 3
1821 2
1822 1
1823 2
1824 2
1825 0
1826 2
1827 0
1828 1
1829 1
1830 1
1831 1
1832 0
1833 1
1834 0
1835 1
1836 2
1837 1
1838 0
1839 3
1840 2
1841 3
1842 4
1843 7
1844 3
1845 3
1846 2
1847 3
1848 4
1849 1
1850 2
1851 0
1852 1
1853 0
1854 1
1855 0
1856 0
1857 1
1858 2
1859 3
1860 0
1861 2
1862 0
1863 0
1864 1
1865 1
1866 1
1867 1
1868 1
1869 2
1870 2
1871 1
1872 0
1873 0
1874 1
1875 0
1876 0
1877 0
1878 0
1879 0
1880 0
1881 0
1882 0
1883 1
1884 0
1885 1
1886 1
1887 0
1888 0
1889 0
1890 1
1891 1
1892 0
1893 0
1894 0
1895 1
1896 2
1897 1
1898 1
1899 1
1900 1
1901 0
1902 1
1903 1
1904 2
1905 1
1906 0
1907 1
1908 1
1909 1
1910 0
1911 3
1912 1
1913 0
1914 1
1915 2
1916 2
1917 0
1918 0
1919 0
1920 1
1921 1
1922 2
1923 2
1924 0
1925 2
1926 2
1927 4
1928 0
1929 1
1930 2
1931 4
1932 4
1933 3
1934 2
1935 2
1936 1
1937 1
1938 1
1939 2
1940 1
1941 0
1942 1
1943 2
1944 1
1945 2
1946 1
1947 0
1948 3
1949 3
1950 0
1951 0
1952 1
1953 0
1954 0
1955 0
1956 1
1957 0
1958 0
1959 0
1960 1
1961 1
1962 1
1963 0
1964 0
1965 0
1966 0
1967 0
1968 0
1969 1
1970 2
1971 1
1972 1
1973 1
1974 0
1975 1
1976 2
1977 1
1978 2
1979 1
1980 1
1981 1
1982 0
1983 0
1984 1
1985 0
1986 1
1987 1
1988 1
1989 1
1990 1
1991 1
1992 0
1993 0
1994 0
1995 1
1996 1
1997 0
1998 1
1999 2
