0 1
1 0
2 1
3 0
4 1
5 2
6 1
7 0
8 0
9 0
10 0
11 0
12 1
13 0
14 0
15 2
16 0
17 2
18 1
19 0
20 0
21 0
22 0
23 0
24 2
25 0
26 1
27 0
28 0
29 0
30 0
31 0
32 0
33 0
34 0
35 0
36 0
37 0
38 2
39 0
40 0
41 0
42 0
43 0
44 1
45 0
46 0
47 1
48 0
49 0
50 0
51 0
52 0
53 0
54 0
55 1
56 0
57 0
58 0
59 0
60 0
61 0
62 1
63 1
64 0
65 0
66 0
67 0
68 0
69 0
70 0
71 1
72 0
73 0
74 0
75 0
76 0
77 0
78 0
79 0
80 0
81 0
82 0
83 0
84 0
85 0
86 0
87 0
88 0
89 1
90 0
91 0
92 0
93 0
94 0
95 0
96 0
97 0
98 0
99 0
100 0
101 0
102 0
103 0
104 0
105 0
106 1
107 0
108 0
109 0
110 1
111 1
112 0
113 0
114 0
115 0
116 0
117 0
118 0
119 0
120 1
121 0
122 0
123 0
124 2
125 2
126 1
127 1
128 1
129 1
130 0
131 0
132 0
133 0
134 0
135 0
136 0
137 0
138 0
139 0
140 0
141 0
142 0
143 0
144 0
145 1
146 1
147 1
148 1
149 0
150 1
151 1
152 0
153 1
154 0
155 1
156 1
157 0
158 0
159 0
160 0
161 0
162 0
163 0
164 0
165 0
166 0
167 1
168 2
169 0
170 0
171 1
172 2
173 1
174 2
175 1
176 0
177 0
178 2
179 2
180 1
181 0
182 1
183 1
184 2
185 1
186 0
187 0
188 0
189 0
190 0
191 0
192 0
193 0
194 2
195 1
196 1
197 2
198 0
199 1
200 1
201 0
202 0
203 1
204 1
205 1
206 1
207 0
208 0
209 1
210 0
211 0
212 0
213 1
214 0
215 0
216 0
217 0
218 0
219 0
220 0
221 0
222 0
223 0
224 0
225 0
226 2
227 0
228 1
229 0
230 0
231 0
232 0
233 0
234 0
235 0
236 1
237 1
238 2
239 2
240 1
241 0
242 2
243 2
244 2
245 0
246 1
247 0
248 0
249 2
250 2
251 1
252 0
253 2
254 1
255 1
256 2
257 2
258 2
259 0
260 2
261 0
262 1
263 2
264 1
265 1
266 2
267 2
268 2
269 1
270 2
271 1
272 1
273 2
274 2
275 2
276 1
277 2
278 0
279 2
280 1
281 1
282 2
283 3
284 3
285 3
286 2
287 2
288 1
289 1
290 0
291 2
292 3
293 2
294 3
295 5
296 5
297 3
298 5
299 3
300 1
301 2
302 3
303 3
304 2
305 2
306 2
307 2
308 2
309 1
310 1
311 2
312 2
313 2
314 2
315 2
316 1
317 1
318 0
319 0
320 0
321 0
322 0
323 0
324 0
325 0
326 0
327 0
328 0
329 1
330 1
331 0
332 0
333 0
334 0
335 0
336 0
337 0
338 0
339 0
340 0
341 0
342 0
343 0
344 1
345 1
346 0
347 0
348 0
349 0
350 0
351 0
352 0
353 0
354 0
355 0
356 0
357 0
358 0
359 0
360 0
361 0
362 0
363 0
364 0
365 0
366 0
367 2
368 2
369 0
370 0
371 0
372 0
373 0
374 0
375 0
376 0
377 0
378 0
379 0
380 0
381 0
382 0
383 0
384 0
385 0
386 0
387 0
388 0
389 0
390 0
391 0
392 0
393 0
394 2
395 1
396 1
397 0
398 3
399 1
400 1
401 0
402 0
403 0
404 0
405 0
406 0
407 0
408 0
409 0
410 0
411 0
412 0
413 0
414 0
415 0
416 0
417 0
418 0
419 2
420 0
421 0
422 0
423 0
424 0
425 0
426 0
427 0
428 2
429 1
430 0
431 2
432 1
433 2
434 0
435 2
436 3
437 0
438 3
439 2
440 2
441 1
442 1
443 2
444 2
445 0
446 0
447 0
448 0
449 0
450 1
451 0
452 0
453 0
454 0
455 0
456 0
457 0
458 0
459 0
460 0
461 0
462 0
463 0
464 0
465 0
466 0
467 0
468 0
469 0
470 0
471 1
472 2
473 2
474 3
475 0
476 1
477 1
478 0
479 0
480 0
481 0
482 0
483 0
484 0
485 0
486 0
487 0
488 1
489 1
490 1
491 1
492 1
493 1
494 0
495 0
496 0
497 0
498 0
499 0
500 0
501 0
502 1
503 0
504 2
505 3
506 1
507 1
508 1
509 1
510 1
511 0
512 0
513 1
514 1
515 1
516 1
517 1
518 0
519 0
520 2
521 1
522 0
523 1
524 1
525 1
526 1
527 1
528 1
529 1
530 1
531 3
532 1
533 0
534 0
535 0
536 0
537 0
538 0
539 0
540 0
541 0
542 0
543 1
544 1
545 0
546 0
547 0
548 1
549 0
550 1
551 1
552 0
553 1
554 0
555 0
556 0
557 0
558 0
559 1
560 1
561 1
562 0
563 0
564 0
565 0
566 0
567 0
568 0
569 0
570 1
571 0
572 0
573 0
574 1
575 0
576 0
577 0
578 0
579 1
580 1
581 1
582 3
583 1
584 3
585 1
586 0
587 3
588 2
589 2
590 1
591 1
592 2
593 2
594 2
595 2
596 2
597 0
598 1
599 1
600 1
601 0
602 0
603 1
604 0
605 1
606 1
607 1
608 1
609 1
610 1
611 2
612 2
613 1
614 1
615 2
616 2
617 1
618 0
619 1
620 0
621 0
622 0
623 0
624 0
625 1
626 1
627 1
628 1
629 2
630 2
631 1
632 1
633 2
634 3
635 0
636 1
637 3
638 3
639 1
640 1
641 0
642 0
643 0
644 0
645 1
646 3
647 0
648 3
649 2
650 3
651 1
652 1
653 2
654 0
655 1
656 1
657 1
658 1
659 2
660 1
661 1
662 1
663 2
664 1
665 1
666 1
667 2
668 0
669 2
670 0
671 1
672 2
673 2
674 2
675 2
676 1
677 2
678 2
679 0
680 2
681 1
682 0
683 0
684 1
685 1
686 1
687 2
688 1
689 1
690 1
691 1
692 0
693 1
694 0
695 0
696 0
697 0
698 1
699 0
700 1
701 2
702 0
703 1
704 0
705 0
706 0
707 0
708 0
709 0
710 0
711 0
712 1
713 2
714 1
715 0
716 0
717 0
718 3
719 2
720 2
721 1
722 1
723 1
724 1
725 0
726 0
727 1
728 1
729 1
730 2
731 2
732 0
733 1
734 1
735 2
736 3
737 0
738 0
739 0
740 0
741 0
742 0
743 1
744 1
745 2
746 0
747 0
748 0
749 0
750 0
751 0
752 0
753 0
754 0
755 1
756 2
757 1
758 2
759 3
760 3
761 1
762 2
763 1
764 1
765 2
766 0
767 1
768 1
769 1
770 1
771 1
772 1
773 0
774 1
775 1
776 0
777 1
778 1
779 1
780 1
781 1
782 1
783 1
784 1
785 1
786 1
787 1
788 1
789 1
790 2
791 1
792 1
793 0
794 0
795 0
796 1
797 0
798 0
799 0
800 0
801 0
802 0
803 0
804 0
805 0
806 0
807 0
808 0
809 0
810 0
811 0
812 0
813 0
814 0
815 0
816 0
817 0
818 0
819 0
820 0
821 0
822 0
823 0
824 0
825 1
826 0
827 0
828 0
829 1
830 1
831 1
832 0
833 0
834 1
835 3
836 0
837 0
838 0
839 0
840 0
841 0
842 0
843 0
844 0
845 0
846 0
847 0
848 1
849 0
850 1
851 1
852 1
853 1
854 1
855 1
856 2
857 1
858 0
859 0
860 0
861 0
862 0
863 0
864 0
865 1
866 1
867 1
868 0
869 0
870 0
871 0
872 0
873 0
874 0
875 0
876 0
877 0
878 0
879 0
880 0
881 0
882 0
883 0
884 0
885 0
886 0
887 0
888 0
889 0
890 0
891 0
892 0
893 0
894 0
895 0
896 0
897 0
898 0
899 0
900 0
901 0
902 0
903 0
904 0
905 0
906 0
907 0
908 0
909 0
910 0
911 0
912 0
913 0
914 0
915 0
916 0
917 0
918 0
919 0
920 0
921 0
922 0
923 0
924 0
925 0
926 0
927 0
928 0
929 0
930 0
931 0
932 0
933 0
934 0
935 0
936 0
937 0
938 0
939 0
940 0
941 0
942 0
943 0
944 0
945 0
946 0
947 0
948 0
949 0
950 0
951 0
952 0
953 0
954 0
955 0
956 0
957 0
958 0
959 0
960 0
961 0
962 0
963 0
964 0
965 0
966 0
967 0
968 0
969 0
970 1
971 0
972 2
973 2
974 0
975 2
976 1
977 1
978 1
979 3
980 2
981 0
982 0
983 0
984 2
985 1
986 0
987 1
988 0
989 0
990 1
991 1
992 2
993 2
994 0
995 1
996 0
997 1
998 1
999 0
1000 1
1001 1
1002 1
1003 1
1004 3
1005 2
1006 0
1007 0
1008 2
1009 2
1010 0
1011 1
1012 1
1013 1
1014 1
1015 1
1016 1
1017 1
1018 1
1019 1
1020 1
1021 0
1022 1
1023 2
1024 1
1025 0
1026 1
1027 0
1028 0
1029 1
1030 2
1031 0
1032 1
1033 0
1034 1
1035 1
1036 1
1037 1
1038 0
1039 2
1040 0
1041 0
1042 1
1043 1
1044 2
1045 1
1046 2
1047 1
1048 2
1049 1
1050 1
1051 0
1052 2
1053 1
1054 0
1055 1
1056 0
1057 1
1058 1
1059 0
1060 2
1061 0
1062 1
1063 1
1064 1
1065 1
1066 1
1067 1
1068 2
1069 1
1070 0
1071 0
1072 2
1073 1
1074 1
1075 0
1076 1
1077 1
1078 1
1079 1
1080 0
1081 0
1082 0
1083 0
1084 0
1085 0
1086 0
1087 0
1088 0
1089 0
1090 0
1091 1
1092 0
1093 1
1094 1
1095 1
1096 0
1097 1
1098 1
1099 2
1100 1
1101 0
1102 0
1103 1
1104 3
1105 2
1106 2
1107 0
1108 2
1109 0
1110 1
1111 0
1112 0
1113 1
1114 1
1115 1
1116 2
1117 2
1118 0
1119 0
1120 1
1121 0
1122 0
1123 0
1124 1
1125 0
1126 0
1127 2
1128 0
1129 0
1130 2
1131 3
1132 1
1133 1
1134 2
1135 2
1136 0
1137 1
1138 1
1139 0
1140 1
1141 2
1142 3
1143 2
1144 1
1145 2
1146 2
1147 1
1148 1
1149 0
1150 1
1151 2
1152 0
1153 0
1154 1
1155 0
1156 0
1157 1
1158 2
1159 1
1160 1
1161 1
1162 1
1163 1
1164 2
1165 1
1166 0
1167 2
1168 1
1169 2
1170 0
1171 1
1172 1
1173 2
1174 0
1175 0
1176 0
1177 0
1178 2
1179 0
1180 2
1181 2
1182 0
1183 0
1184 1
1185 1
1186 2
1187 0
1188 0
1189 0
1190 0
1191 0
1192 0
1193 0
1194 0
1195 0
1196 0
1197 0
1198 0
1199 1
1200 0
1201 2
1202 0
1203 1
1204 1
1205 1
1206 2
1207 0
1208 2
1209 2
1210 0
1211 0
1212 0
1213 0
1214 0
1215 0
1216 0
1217 0
1218 0
1219 0
1220 0
1221 0
1222 0
1223 0
1224 1
1225 0
1226 0
1227 0
1228 0
1229 0
1230 0
1231 0
1232 0
1233 1
1234 0
1235 0
1236 0
1237 0
1238 1
1239 0
1240 0
1241 0
1242 0
1243 0
1244 0
1245 0
1246 0
1247 0
1248 0
1249 0
1250 0
1251 0
1252 0
1253 0
1254 2
1255 1
1256 1
1257 2
1258 0
1259 0
1260 0
1261 1
1262 0
1263 0
1264 1
1265 2
1266 1
1267 0
1268 0
1269 0
1270 0
1271 0
1272 2
1273 0
1274 0
1275 0
1276 1
1277 0
1278 1
1279 0
1280 1
1281 0
1282 0
1283 1
1284 1
1285 0
1286 1
1287 1
1288 2
1289 1
1290 0
1291 1
1292 1
1293 1
1294 1
1295 2
1296 1
1297 3
1298 3
1299 1
1300 0
1301 2
1302 3
1303 0
1304 2
1305 0
1306 0
1307 1
1308 1
1309 0
1310 0
1311 1
1312 1
1313 1
1314 0
1315 1
1316 1
1317 2
1318 1
1319 0
1320 0
1321 1
1322 0
1323 1
1324 1
1325 0
1326 1
1327 1
1328 3
1329 1
1330 2
1331 3
1332 1
1333 0
1334 1
1335 0
1336 1
1337 0
1338 3
1339 2
1340 1
1341 1
1342 1
1343 1
1344 2
1345 1
1346 1
1347 1
1348 0
1349 0
1350 1
1351 1
1352 1
1353 0
1354 1
1355 1
1356 0
1357 1
1358 0
1359 0
1360 0
1361 0
1362 0
1363 0
1364 0
1365 0
1366 0
1367 0
1368 0
1369 0
1370 0
1371 0
1372 0
1373 0
1374 0
1375 0
1376 0
1377 2
1378 0
1379 1
1380 0
1381 0
1382 1
1383 0
1384 1
1385 0
1386 1
1387 2
1388 1
1389 2
1390 1
1391 2
1392 0
1393 1
1394 1
1395 1
1396 2
1397 0
1398 1
1399 1
1400 1
1401 0
1402 1
1403 1
1404 1
1405 0
1406 1
1407 2
1408 1
1409 1
1410 1
1411 0
1412 1
1413 2
1414 0
1415 1
1416 0
1417 2
1418 0
1419 1
1420 1
1421 1
1422 0
1423 0
1424 1
1425 2
1426 3
1427 1
1428 2
1429 0
1430 0
1431 0
1432 0
1433 1
1434 1
1435 1
1436 0
1437 1
1438 1
1439 0
1440 1
1441 0
1442 0
1443 2
1444 0
1445 1
1446 1
1447 0
1448 0
1449 1
1450 0
1451 0
1452 0
1453 0
1454 0
1455 0
1456 0
1457 0
1458 0
1459 0
1460 0
1461 0
1462 1
1463 1
1464 1
1465 1
1466 2
1467 0
1468 1
1469 0
1470 0
1471 1
1472 1
1473 3
1474 0
1475 1
1476 1
1477 1
1478 0
1479 2
1480 1
1481 1
1482 1
1483 3
1484 0
1485 0
1486 0
1487 1
1488 1
1489 1
1490 1
1491 1
1492 0
1493 0
1494 2
1495 1
1496 1
1497 1
1498 1
1499 0
1500 2
1501 1
1502 1
1503 2
1504 1
1505 0
1506 0
1507 2
1508 2
1509 1
1510 1
1511 3
1512 1
1513 1
1514 1
1515 1
1516 1
1517 1
1518 2
1519 0
1520 1
1521 1
1522 0
1523 1
1524 1
1525 1
1526 0
1527 2
1528 0
1529 1
1530 2
1531 1
1532 0
1533 2
1534 0
1535 0
1536 2
1537 1
1538 0
1539 1
1540 0
1541 1
1542 1
1543 0
1544 0
1545 0
1546 0
1547 0
1548 1
1549 0
1550 1
1551 1
1552 1
1553 0
1554 1
1555 1
1556 1
1557 2
1558 2
1559 2
1560 0
1561 2
1562 0
1563 1
1564 0
1565 0
1566 1
1567 1
1568 1
1569 1
1570 1
1571 0
1572 1
1573 1
1574 1
1575 0
1576 0
1577 0
1578 0
1579 0
1580 0
1581 0
1582 0
1583 1
1584 2
1585 2
1586 1
1587 1
1588 0
1589 1
1590 1
1591 1
1592 0
1593 0
1594 2
1595 3
1596 0
1597 0
1598 2
1599 1
1600 4
1601 3
1602 1
1603 0
1604 2
1605 2
1606 0
1607 0
1608 0
1609 0
1610 0
1611 0
1612 0
1613 0
1614 1
1615 1
1616 2
1617 0
1618 2
1619 3
1620 2
1621 2
1622 2
1623 2
1624 0
1625 0
1626 0
1627 1
1628 1
1629 0
1630 1
1631 1
1632 1
1633 1
1634 0
1635 1
1636 1
1637 2
1638 2
1639 1
1640 0
1641 2
1642 1
1643 0
1644 0
1645 1
1646 0
1647 0
1648 0
1649 0
1650 0
1651 1
1652 2
1653 1
1654 1
1655 1
1656 1
1657 1
1658 2
1659 2
1660 0
1661 0
1662 0
1663 0
1664 0
1665 2
1666 0
1667 0
1668 0
1669 2
1670 2
1671 0
1672 0
1673 0
1674 0
1675 1
1676 0
1677 1
1678 0
1679 1
1680 0
1681 0
1682 0
1683 0
1684 0
1685 0
1686 0
1687 0
1688 0
1689 0
1690 0
1691 0
1692 0
1693 0
1694 0
1695 0
1696 0
1697 0
1698 0
1699 0
1700 0
1701 0
1702 2
1703 2
1704 0
1705 0
1706 0
1707 0
1708 0
1709 0
1710 0
1711 0
1712 0
1713 0
1714 0
1715 0
1716 0
1717 0
1718 0
1719 0
1720 0
1721 0
1722 0
1723 0
1724 0
1725 0
1726 0
1727 0
1728 0
1729 0
1730 0
1731 0
1732 0
1733 0
1734 0
1735 0
1736 0
1737 0
1738 0
1739 0
1740 0
1741 0
1742 0
1743 0
1744 0
1745 0
1746 0
1747 0
1748 0
1749 0
1750 0
1751 0
1752 0
1753 0
1754 0
1755 0
1756 0
1757 0
1758 0
1759 0
1760 0
1761 0
1762 0
1763 0
1764 0
1765 0
1766 0
1767 0
1768 0
1769 0
1770 0
1771 0
1772 0
1773 0
1774 0
1775 0
1776 0
1777 0
1778 0
1779 0
1780 0
1781 0
1782 0
1783 0
1784 0
1785 0
1786 0
1787 0
1788 0
1789 0
1790 0
1791 0
1792 0
1793 0
1794 0
1795 0
1796 0
1797 0
1798 0
1799 0
1800 0
1801 0
1802 0
1803 0
1804 0
1805 0
1806 0
1807 0
1808 0
1809 0
1810 0
1811 0
1812 0
1813 0
1814 0
1815 0
1816 0
1817 0
1818 0
1819 0
1820 0
1821 0
1822 0
1823 0
1824 0
1825 0
1826 0
1827 0
1828 0
1829 0
1830 0
1831 0
1832 0
1833 0
1834 0
1835 0
1836 0
1837 0
1838 0
1839 0
1840 0
1841 0
1842 0
1843 0
1844 0
1845 0
1846 0
1847 0
1848 0
1849 0
1850 0
1851 0
1852 0
1853 0
1854 0
1855 0
1856 0
1857 0
1858 0
1859 0
1860 0
1861 0
1862 0
1863 0
1864 0
1865 0
1866 0
1867 0
1868 0
1869 0
1870 0
1871 0
1872 0
1873 0
1874 0
1875 0
1876 0
1877 0
1878 0
1879 0
1880 0
1881 0
1882 0
1883 0
1884 0
1885 0
1886 0
1887 0
1888 0
1889 0
1890 0
1891 0
1892 0
1893 0
1894 0
1895 0
1896 0
1897 0
1898 0
1899 0
1900 0
1901 0
1902 0
1903 0
1904 0
1905 0
1906 0
1907 0
1908 0
1909 0
1910 0
1911 0
1912 0
1913 0
1914 0
1915 0
1916 0
1917 0
1918 0
1919 0
1920 0
1921 0
1922 0
1923 0
1924 0
1925 0
1926 0
1927 0
1928 0
1929 0
1930 0
1931 0
1932 0
1933 0
1934 0
1935 0
1936 0
1937 0
1938 0
1939 0
1940 0
1941 0
1942 0
1943 0
1944 0
1945 0
1946 0
1947 0
1948 0
1949 0
1950 0
1951 0
1952 0
1953 0
1954 0
1955 0
1956 0
1957 0
1958 0
1959 0
1960 0
1961 0
1962 0
1963 0
1964 0
1965 0
1966 0
1967 0
1968 0
1969 0
1970 0
1971 0
1972 0
1973 0
1974 0
1975 0
1976 0
1977 0
1978 0
1979 0
1980 0
1981 0
1982 0
1983 0
1984 0
1985 0
1986 0
1987 0
1988 0
1989 0
1990 0
1991 0
1992 0
1993 0
1994 0
1995 0
1996 0
1997 0
1998 0
1999 0
