0 0
1 0
2 0
3 0
4 0
5 0
6 0
7 0
8 0
9 0
10 0
11 1
12 1
13 0
14 0
15 0
16 0
17 0
18 0
19 0
20 0
21 0
22 0
23 0
24 0
25 0
26 2
27 2
28 2
29 2
30 2
31 2
32 2
33 2
34 2
35 2
36 3
37 2
38 2
39 2
40 2
41 2
42 1
43 1
44 3
45 3
46 3
47 1
48 2
49 3
50 1
51 1
52 2
53 2
54 1
55 1
56 1
57 2
58 2
59 0
60 1
61 2
62 3
63 2
64 2
65 2
66 1
67 1
68 1
69 1
70 1
71 1
72 1
73 1
74 2
75 1
76 1
77 0
78 0
79 0
80 1
81 1
82 0
83 2
84 1
85 0
86 1
87 2
88 3
89 1
90 1
91 1
92 1
93 1
94 1
95 1
96 2
97 2
98 1
99 2
100 2
101 2
102 2
103 1
104 1
105 1
106 1
107 1
108 1
109 1
110 0
111 1
112 2
113 1
114 1
115 1
116 2
117 1
118 2
119 2
120 1
121 2
122 0
123 1
124 1
125 1
126 1
127 2
128 2
129 1
130 2
131 1
132 1
133 1
134 1
135 2
136 1
137 1
138 1
139 3
140 2
141 2
142 1
143 1
144 1
145 1
146 1
147 2
148 1
149 2
150 1
151 1
152 2
153 1
154 2
155 1
156 2
157 2
158 2
159 1
160 2
161 2
162 3
163 2
164 1
165 2
166 2
167 1
168 2
169 2
170 2
171 2
172 1
173 1
174 1
175 1
176 2
177 2
178 2
179 2
180 1
181 2
182 1
183 2
184 1
185 1
186 1
187 3
188 2
189 0
190 1
191 0
192 1
193 1
194 1
195 1
196 1
197 1
198 1
199 1
200 1
201 2
202 1
203 1
204 1
205 1
206 1
207 2
208 1
209 1
210 0
211 1
212 1
213 1
214 1
215 1
216 0
217 1
218 1
219 1
220 1
221 1
222 1
223 1
224 0
225 1
226 1
227 1
228 2
229 1
230 1
231 1
232 1
233 1
234 1
235 1
236 1
237 0
238 2
239 2
240 2
241 1
242 3
243 1
244 1
245 2
246 1
247 1
248 2
249 3
250 1
251 2
252 2
253 2
254 3
255 2
256 3
257 2
258 0
259 2
260 2
261 2
262 2
263 2
264 2
265 1
266 1
267 1
268 1
269 1
270 2
271 1
272 2
273 2
274 1
275 2
276 2
277 3
278 2
279 1
280 3
281 1
282 1
283 2
284 1
285 1
286 1
287 1
288 0
289 1
290 0
291 0
292 0
293 2
294 2
295 1
296 2
297 1
298 2
299 1
300 1
301 2
302 2
303 2
304 3
305 1
306 2
307 2
308 3
309 1
310 3
311 2
312 1
313 0
314 2
315 1
316 2
317 2
318 1
319 2
320 2
321 2
322 1
323 1
324 1
325 2
326 3
327 2
328 2
329 2
330 1
331 3
332 2
333 3
334 1
335 2
336 1
337 2
338 1
339 1
340 1
341 2
342 2
343 2
344 1
345 2
346 1
347 2
348 1
349 0
350 1
351 1
352 2
353 1
354 1
355 2
356 3
357 2
358 1
359 1
360 2
361 2
362 1
363 3
364 1
365 1
366 1
367 1
368 1
369 1
370 1
371 1
372 1
373 1
374 1
375 3
376 1
377 1
378 3
379 2
380 2
381 1
382 3
383 2
384 0
385 2
386 2
387 1
388 1
389 2
390 1
391 2
392 3
393 1
394 1
395 1
396 2
397 2
398 1
399 1
400 2
401 1
402 1
403 1
404 1
405 1
406 2
407 1
408 0
409 1
410 2
411 2
412 1
413 1
414 1
415 2
416 2
417 2
418 0
419 3
420 1
421 0
422 1
423 1
424 1
425 1
426 0
427 1
428 1
429 1
430 1
431 1
432 2
433 0
434 2
435 1
436 1
437 0
438 1
439 3
440 2
441 1
442 1
443 1
444 2
445 1
446 2
447 2
448 1
449 2
450 4
451 3
452 2
453 2
454 1
455 2
456 1
457 1
458 0
459 1
460 2
461 1
462 1
463 1
464 1
465 2
466 2
467 1
468 1
469 3
470 1
471 2
472 1
473 1
474 0
475 0
476 0
477 1
478 1
479 1
480 1
481 1
482 1
483 1
484 1
485 2
486 1
487 2
488 1
489 1
490 2
491 2
492 2
493 0
494 1
495 1
496 2
497 2
498 1
499 1
500 1
501 1
502 2
503 1
504 1
505 1
506 2
507 2
508 1
509 1
510 1
511 2
512 1
513 2
514 3
515 1
516 2
517 2
518 1
519 1
520 3
521 1
522 1
523 2
524 2
525 1
526 1
527 3
528 1
529 3
530 1
531 1
532 0
533 0
534 1
535 1
536 1
537 0
538 1
539 1
540 1
541 1
542 2
543 2
544 0
545 2
546 1
547 0
548 1
549 1
550 2
551 1
552 0
553 1
554 0
555 0
556 0
557 0
558 0
559 0
560 0
561 0
562 1
563 1
564 0
565 1
566 0
567 0
568 0
569 1
570 0
571 0
572 1
573 0
574 1
575 1
576 0
577 1
578 1
579 1
580 1
581 0
582 1
583 0
584 1
585 1
586 1
587 1
588 1
589 0
590 0
591 1
592 1
593 1
594 1
595 1
596 1
597 0
598 1
599 0
600 1
601 0
602 1
603 1
604 0
605 1
606 0
607 0
608 0
609 0
610 1
611 1
612 1
613 0
614 0
615 0
616 0
617 0
618 2
619 3
620 1
621 2
622 1
623 2
624 1
625 2
626 1
627 3
628 1
629 0
630 2
631 1
632 1
633 1
634 2
635 0
636 2
637 2
638 1
639 0
640 2
641 3
642 2
643 1
644 0
645 1
646 1
647 3
648 2
649 2
650 2
651 3
652 0
653 2
654 0
655 1
656 2
657 1
658 2
659 2
660 3
661 2
662 1
663 2
664 1
665 2
666 2
667 0
668 2
669 1
670 1
671 2
672 2
673 2
674 2
675 1
676 2
677 0
678 1
679 1
680 1
681 0
682 2
683 2
684 2
685 2
686 2
687 2
688 2
689 1
690 1
691 2
692 1
693 1
694 1
695 1
696 1
697 1
698 3
699 3
700 2
701 1
702 2
703 0
704 0
705 1
706 1
707 1
708 2
709 1
710 1
711 1
712 1
713 1
714 1
715 2
716 1
717 1
718 3
719 1
720 2
721 1
722 1
723 1
724 2
725 0
726 2
727 3
728 1
729 1
730 1
731 1
732 3
733 1
734 1
735 1
736 1
737 0
738 1
739 1
740 2
741 2
742 2
743 2
744 3
745 2
746 1
747 2
748 3
749 1
750 2
751 3
752 2
753 2
754 1
755 1
756 2
757 2
758 1
759 1
760 1
761 1
762 2
763 1
764 1
765 2
766 2
767 2
768 0
769 1
770 2
771 1
772 0
773 2
774 2
775 3
776 2
777 1
778 2
779 0
780 1
781 1
782 2
783 0
784 1
785 1
786 1
787 1
788 2
789 2
790 1
791 1
792 2
793 1
794 1
795 2
796 1
797 3
798 0
799 1
800 1
801 1
802 1
803 1
804 2
805 2
806 1
807 1
808 1
809 1
810 1
811 1
812 2
813 1
814 0
815 2
816 1
817 1
818 2
819 2
820 0
821 1
822 1
823 1
824 1
825 4
826 1
827 2
828 1
829 0
830 1
831 1
832 1
833 2
834 2
835 1
836 3
837 2
838 1
839 0
840 1
841 2
842 2
843 1
844 2
845 0
846 2
847 1
848 2
849 1
850 1
851 2
852 0
853 1
854 1
855 4
856 0
857 2
858 0
859 0
860 2
861 1
862 0
863 3
864 2
865 2
866 3
867 3
868 1
869 0
870 2
871 2
872 0
873 0
874 1
875 0
876 1
877 1
878 3
879 3
880 1
881 3
882 2
883 2
884 1
885 2
886 3
887 1
888 1
889 1
890 2
891 3
892 2
893 2
894 1
895 2
896 2
897 2
898 1
899 2
900 1
901 1
902 0
903 1
904 0
905 2
906 1
907 1
908 1
909 3
910 1
911 2
912 1
913 0
914 1
915 1
916 0
917 2
918 1
919 1
920 1
921 1
922 1
923 1
924 1
925 1
926 0
927 2
928 1
929 1
930 2
931 1
932 2
933 2
934 3
935 1
936 1
937 1
938 2
939 3
940 2
941 1
942 1
943 1
944 1
945 2
946 1
947 0
948 0
949 1
950 0
951 1
952 0
953 0
954 0
955 0
956 2
957 2
958 1
959 4
960 2
961 1
962 2
963 1
964 2
965 2
966 1
967 1
968 3
969 1
970 0
971 1
972 2
973 1
974 2
975 2
976 2
977 1
978 0
979 1
980 2
981 1
982 3
983 2
984 1
985 2
986 2
987 2
988 1
989 1
990 1
991 2
992 1
993 2
994 1
995 1
996 2
997 1
998 3
999 1
1000 1
1001 2
1002 3
1003 0
1004 1
1005 1
1006 1
1007 1
1008 2
1009 2
1010 1
1011 1
1012 1
1013 2
1014 1
1015 2
1016 1
1017 2
1018 3
1019 1
1020 2
1021 2
1022 1
1023 2
1024 2
1025 1
1026 1
1027 2
1028 2
1029 3
1030 1
1031 1
1032 1
1033 2
1034 1
1035 2
1036 3
1037 0
1038 2
1039 2
1040 1
1041 3
1042 2
1043 2
1044 2
1045 2
1046 2
1047 2
1048 1
1049 1
1050 1
1051 1
1052 1
1053 2
1054 0
1055 0
1056 2
1057 0
1058 0
1059 2
1060 0
1061 3
1062 1
1063 1
1064 2
1065 1
1066 2
1067 1
1068 1
1069 1
1070 1
1071 1
1072 3
1073 1
1074 1
1075 2
1076 1
1077 1
1078 2
1079 2
1080 1
1081 0
1082 1
1083 0
1084 3
1085 0
1086 1
1087 1
1088 1
1089 1
1090 1
1091 1
1092 3
1093 2
1094 1
1095 1
1096 1
1097 2
1098 2
1099 2
1100 0
1101 1
1102 1
1103 1
1104 0
1105 2
1106 1
1107 1
1108 2
1109 1
1110 1
1111 1
1112 1
1113 1
1114 0
1115 3
1116 2
1117 0
1118 2
1119 2
1120 1
1121 1
1122 2
1123 1
1124 2
1125 2
1126 1
1127 1
1128 2
1129 2
1130 2
1131 2
1132 1
1133 2
1134 1
1135 0
1136 2
1137 1
1138 1
1139 1
1140 2
1141 1
1142 2
1143 2
1144 2
1145 2
1146 2
1147 1
1148 0
1149 4
1150 2
1151 3
1152 0
1153 0
1154 1
1155 1
1156 1
1157 1
1158 1
1159 1
1160 1
1161 1
1162 2
1163 0
1164 1
1165 1
1166 1
1167 0
1168 1
1169 1
1170 0
1171 0
1172 0
1173 0
1174 1
1175 1
1176 1
1177 4
1178 1
1179 1
1180 1
1181 0
1182 2
1183 0
1184 0
1185 1
1186 1
1187 2
1188 0
1189 1
1190 3
1191 2
1192 2
1193 2
1194 2
1195 2
1196 2
1197 1
1198 1
1199 1
1200 2
1201 2
1202 1
1203 1
1204 1
1205 1
1206 1
1207 2
1208 1
1209 0
1210 0
1211 0
1212 1
1213 1
1214 1
1215 0
1216 3
1217 0
1218 0
1219 2
1220 1
1221 1
1222 2
1223 2
1224 2
1225 2
1226 2
1227 2
1228 1
1229 3
1230 1
1231 1
1232 1
1233 1
1234 3
1235 1
1236 1
1237 1
1238 1
1239 2
1240 1
1241 1
1242 1
1243 0
1244 1
1245 2
1246 3
1247 2
1248 0
1249 1
1250 1
1251 0
1252 2
1253 1
1254 2
1255 1
1256 1
1257 2
1258 1
1259 0
1260 2
1261 1
1262 1
1263 1
1264 1
1265 2
1266 2
1267 2
1268 1
1269 0
1270 2
1271 2
1272 2
1273 3
1274 1
1275 1
1276 2
1277 1
1278 1
1279 1
1280 1
1281 2
1282 1
1283 1
1284 0
1285 2
1286 2
1287 1
1288 2
1289 1
1290 0
1291 2
1292 3
1293 0
1294 2
1295 1
1296 2
1297 1
1298 1
1299 1
1300 1
1301 2
1302 2
1303 1
1304 0
1305 1
1306 1
1307 1
1308 2
1309 1
1310 0
1311 2
1312 3
1313 2
1314 1
1315 0
1316 0
1317 0
1318 1
1319 1
1320 1
1321 0
1322 2
1323 2
1324 0
1325 0
1326 4
1327 2
1328 3
1329 3
1330 1
1331 1
1332 2
1333 2
1334 2
1335 1
1336 1
1337 1
1338 2
1339 4
1340 2
1341 2
1342 1
1343 2
1344 2
1345 1
1346 1
1347 1
1348 0
1349 1
1350 2
1351 1
1352 2
1353 3
1354 2
1355 3
1356 1
1357 1
1358 1
1359 0
1360 3
1361 4
1362 1
1363 2
1364 2
1365 2
1366 2
1367 1
1368 1
1369 3
1370 2
1371 2
1372 4
1373 2
1374 3
1375 2
1376 2
1377 5
1378 2
1379 2
1380 2
1381 1
1382 2
1383 2
1384 3
1385 0
1386 2
1387 2
1388 2
1389 1
1390 2
1391 2
1392 1
1393 2
1394 2
1395 2
1396 0
1397 1
1398 2
1399 2
1400 1
1401 1
1402 0
1403 1
1404 4
1405 1
1406 1
1407 0
1408 2
1409 1
1410 1
1411 2
1412 3
1413 2
1414 3
1415 1
1416 2
1417 3
1418 2
1419 0
1420 2
1421 1
1422 1
1423 0
1424 2
1425 1
1426 1
1427 0
1428 0
1429 2
1430 2
1431 1
1432 1
1433 1
1434 0
1435 2
1436 1
1437 2
1438 1
1439 2
1440 2
1441 2
1442 2
1443 3
1444 1
1445 1
1446 1
1447 1
1448 1
1449 2
1450 2
1451 2
1452 0
1453 1
1454 1
1455 1
1456 1
1457 2
1458 2
1459 1
1460 1
1461 2
1462 1
1463 1
1464 1
1465 1
1466 2
1467 0
1468 2
1469 2
1470 2
1471 2
1472 2
1473 4
1474 2
1475 2
1476 1
1477 1
1478 2
1479 2
1480 0
1481 1
1482 2
1483 2
1484 1
1485 1
1486 0
1487 2
1488 2
1489 2
1490 0
1491 4
1492 2
1493 0
1494 1
1495 1
1496 2
1497 3
1498 2
1499 1
1500 1
1501 2
1502 2
1503 1
1504 0
1505 0
1506 1
1507 0
1508 1
1509 2
1510 1
1511 3
1512 2
1513 1
1514 1
1515 3
1516 1
1517 1
1518 2
1519 0
1520 2
1521 3
1522 2
1523 3
1524 0
1525 2
1526 1
1527 2
1528 1
1529 2
1530 2
1531 3
1532 2
1533 2
1534 2
1535 0
1536 1
1537 2
1538 2
1539 2
1540 2
1541 1
1542 1
1543 1
1544 0
1545 2
1546 2
1547 2
1548 0
1549 1
1550 2
1551 1
1552 1
1553 2
1554 0
1555 0
1556 1
1557 1
1558 2
1559 1
1560 0
1561 1
1562 0
1563 1
1564 1
1565 1
1566 0
1567 1
1568 1
1569 2
1570 1
1571 1
1572 0
1573 2
1574 1
1575 1
1576 1
1577 1
1578 1
1579 1
1580 2
1581 3
1582 2
1583 1
1584 1
1585 2
1586 2
1587 1
1588 1
1589 2
1590 1
1591 3
1592 2
1593 2
1594 2
1595 2
1596 2
1597 3
1598 1
1599 2
1600 1
1601 2
1602 3
1603 2
1604 3
1605 3
1606 1
1607 2
1608 1
1609 2
1610 0
1611 1
1612 1
1613 1
1614 2
1615 2
1616 3
1617 1
1618 3
1619 0
1620 1
1621 1
1622 2
1623 1
1624 1
1625 2
1626 1
1627 1
1628 2
1629 1
1630 1
1631 0
1632 2
1633 1
1634 3
1635 1
1636 2
1637 2
1638 1
1639 1
1640 2
1641 1
1642 2
1643 2
1644 2
1645 2
1646 2
1647 1
1648 1
1649 1
1650 1
1651 2
1652 2
1653 1
1654 1
1655 1
1656 2
1657 2
1658 1
1659 2
1660 1
1661 1
1662 1
1663 2
1664 1
1665 2
1666 1
1667 2
1668 1
1669 3
1670 2
1671 2
1672 2
1673 1
1674 2
1675 2
1676 2
1677 1
1678 1
1679 2
1680 3
1681 2
1682 2
1683 1
1684 1
1685 2
1686 2
1687 1
1688 2
1689 1
1690 2
1691 1
1692 2
1693 2
1694 2
1695 2
1696 1
1697 1
1698 1
1699 1
1700 2
1701 1
1702 3
1703 2
1704 0
1705 2
1706 2
1707 1
1708 1
1709 0
1710 2
1711 1
1712 1
1713 2
1714 2
1715 2
1716 2
1717 0
1718 1
1719 2
1720 1
1721 2
1722 2
1723 2
1724 2
1725 2
1726 1
1727 1
1728 0
1729 1
1730 1
1731 2
1732 1
1733 2
1734 2
1735 3
1736 2
1737 2
1738 2
1739 1
1740 1
1741 2
1742 2
1743 1
1744 2
1745 2
1746 1
1747 2
1748 2
1749 2
1750 2
1751 0
1752 1
1753 2
1754 1
1755 1
1756 1
1757 1
1758 1
1759 2
1760 1
1761 1
1762 2
1763 2
1764 2
1765 1
1766 3
1767 1
1768 1
1769 1
1770 1
1771 1
1772 2
1773 2
1774 1
1775 2
1776 1
1777 1
1778 2
1779 0
1780 1
1781 2
1782 1
1783 1
1784 2
1785 2
1786 2
1787 1
1788 2
1789 1
1790 2
1791 1
1792 1
1793 2
1794 2
1795 1
1796 2
1797 2
1798 2
1799 1
1800 2
1801 2
1802 1
1803 3
1804 1
1805 1
1806 2
1807 1
1808 2
1809 2
1810 1
1811 2
1812 2
1813 2
1814 2
1815 1
1816 2
1817 0
1818 2
1819 2
1820 1
1821 2
1822 2
1823 1
1824 2
1825 2
1826 3
1827 2
1828 2
1829 3
1830 2
1831 1
1832 0
1833 1
1834 2
1835 1
1836 0
1837 1
1838 2
1839 0
1840 2
1841 2
1842 0
1843 0
1844 1
1845 1
1846 2
1847 1
1848 2
1849 2
1850 0
1851 2
1852 3
1853 2
1854 1
1855 2
1856 1
1857 2
1858 1
1859 1
1860 1
1861 2
1862 2
1863 2
1864 2
1865 2
1866 1
1867 1
1868 0
1869 1
1870 1
1871 2
1872 2
1873 2
1874 1
1875 1
1876 1
1877 0
1878 2
1879 2
1880 1
1881 2
1882 2
1883 1
1884 1
1885 2
1886 3
1887 2
1888 2
1889 2
1890 1
1891 3
1892 1
1893 2
1894 3
1895 1
1896 1
1897 2
1898 2
1899 1
1900 2
1901 2
1902 2
1903 1
1904 1
1905 1
1906 1
1907 3
1908 2
1909 1
1910 1
1911 1
1912 3
1913 3
1914 1
1915 2
1916 2
1917 1
1918 2
1919 1
1920 1
1921 3
1922 2
1923 2
1924 2
1925 2
1926 1
1927 1
1928 1
1929 1
1930 3
1931 2
1932 2
1933 2
1934 1
1935 2
1936 1
1937 1
1938 0
1939 2
1940 3
1941 2
1942 1
1943 1
1944 0
1945 1
1946 1
1947 0
1948 1
1949 1
1950 1
1951 1
1952 2
1953 2
1954 1
1955 1
1956 0
1957 2
1958 1
1959 2
1960 2
1961 1
1962 3
1963 2
1964 2
1965 2
1966 0
1967 2
1968 1
1969 2
1970 2
1971 1
1972 1
1973 1
1974 1
1975 1
1976 2
1977 2
1978 1
1979 2
1980 1
1981 2
1982 1
1983 1
1984 2
1985 0
1986 0
1987 4
1988 2
1989 1
1990 1
1991 0
1992 1
1993 2
1994 0
1995 2
1996 1
1997 2
1998 2
1999 1
