0 1
1 2
2 2
3 1
4 2
5 2
6 0
7 1
8 0
9 1
10 0
11 1
12 1
13 1
14 0
15 0
16 1
17 0
18 1
19 0
20 0
21 0
22 0
23 1
24 0
25 0
26 2
27 0
28 0
29 1
30 0
31 0
32 0
33 1
34 0
35 0
36 0
37 0
38 1
39 1
40 2
41 1
42 1
43 0
44 0
45 0
46 0
47 0
48 0
49 0
50 1
51 0
52 0
53 0
54 0
55 1
56 1
57 1
58 1
59 1
60 1
61 0
62 0
63 2
64 2
65 2
66 2
67 2
68 2
69 1
70 2
71 2
72 1
73 2
74 3
75 1
76 0
77 2
78 3
79 2
80 1
81 3
82 1
83 1
84 2
85 1
86 2
87 2
88 2
89 1
90 2
91 2
92 0
93 1
94 1
95 1
96 1
97 2
98 1
99 1
100 1
101 1
102 1
103 1
104 1
105 1
106 1
107 1
108 1
109 2
110 1
111 1
112 1
113 0
114 2
115 1
116 1
117 1
118 1
119 1
120 1
121 2
122 2
123 1
124 1
125 4
126 1
127 1
128 1
129 2
130 2
131 0
132 0
133 2
134 1
135 1
136 3
137 1
138 2
139 1
140 0
141 2
142 1
143 1
144 2
145 1
146 1
147 3
148 1
149 1
150 2
151 2
152 1
153 3
154 1
155 2
156 1
157 1
158 2
159 0
160 0
161 1
162 1
163 2
164 1
165 2
166 2
167 1
168 1
169 2
170 2
171 1
172 0
173 0
174 1
175 1
176 1
177 1
178 0
179 3
180 2
181 2
182 4
183 2
184 1
185 1
186 0
187 1
188 1
189 1
190 1
191 0
192 1
193 1
194 0
195 0
196 1
197 1
198 1
199 1
200 1
201 1
202 0
203 1
204 1
205 0
206 1
207 0
208 1
209 1
210 3
211 2
212 2
213 3
214 3
215 1
216 1
217 1
218 1
219 0
220 1
221 3
222 2
223 1
224 1
225 1
226 1
227 1
228 1
229 1
230 1
231 1
232 2
233 3
234 2
235 2
236 3
237 2
238 3
239 4
240 1
241 2
242 3
243 1
244 3
245 1
246 3
247 1
248 3
249 3
250 2
251 3
252 1
253 2
254 2
255 1
256 2
257 2
258 3
259 2
260 3
261 3
262 3
263 1
264 2
265 3
266 1
267 4
268 1
269 1
270 1
271 1
272 1
273 1
274 1
275 0
276 2
277 0
278 2
279 1
280 1
281 1
282 2
283 2
284 3
285 1
286 0
287 1
288 1
289 0
290 1
291 0
292 0
293 2
294 2
295 1
296 2
297 1
298 2
299 2
300 2
301 2
302 0
303 0
304 0
305 1
306 1
307 1
308 2
309 0
310 1
311 0
312 0
313 1
314 1
315 1
316 0
317 0
318 0
319 1
320 0
321 0
322 0
323 0
324 0
325 0
326 0
327 0
328 0
329 0
330 0
331 0
332 0
333 0
334 0
335 0
336 0
337 0
338 0
339 0
340 0
341 0
342 0
343 0
344 0
345 0
346 0
347 0
348 0
349 0
350 0
351 0
352 0
353 0
354 0
355 0
356 0
357 0
358 0
359 0
360 0
361 2
362 0
363 1
364 0
365 0
366 0
367 0
368 0
369 0
370 1
371 0
372 0
373 0
374 0
375 0
376 0
377 0
378 0
379 0
380 0
381 0
382 0
383 0
384 0
385 0
386 0
387 0
388 0
389 0
390 0
391 0
392 0
393 0
394 0
395 0
396 0
397 0
398 0
399 0
400 0
401 0
402 0
403 0
404 0
405 0
406 0
407 0
408 0
409 0
410 0
411 0
412 0
413 0
414 0
415 0
416 1
417 1
418 0
419 0
420 0
421 0
422 0
423 0
424 1
425 1
426 0
427 0
428 0
429 0
430 0
431 0
432 0
433 0
434 0
435 0
436 0
437 0
438 0
439 0
440 0
441 0
442 0
443 0
444 0
445 0
446 0
447 0
448 0
449 0
450 0
451 0
452 2
453 0
454 0
455 0
456 0
457 2
458 1
459 0
460 0
461 0
462 0
463 0
464 0
465 0
466 0
467 0
468 1
469 0
470 1
471 0
472 2
473 0
474 0
475 0
476 0
477 0
478 0
479 1
480 1
481 1
482 0
483 2
484 2
485 0
486 0
487 0
488 0
489 0
490 0
491 0
492 0
493 0
494 0
495 0
496 0
497 0
498 0
499 0
500 0
501 0
502 0
503 0
504 0
505 0
506 0
507 0
508 0
509 0
510 0
511 0
512 0
513 0
514 0
515 0
516 0
517 0
518 0
519 0
520 0
521 0
522 0
523 0
524 0
525 0
526 0
527 0
528 0
529 0
530 0
531 0
532 0
533 0
534 0
535 0
536 0
537 0
538 0
539 0
540 0
541 0
542 0
543 0
544 0
545 0
546 0
547 0
548 0
549 0
550 0
551 0
552 0
553 0
554 0
555 0
556 0
557 0
558 0
559 0
560 1
561 0
562 1
563 0
564 0
565 0
566 0
567 0
568 0
569 0
570 0
571 0
572 0
573 0
574 0
575 0
576 0
577 0
578 0
579 0
580 0
581 0
582 0
583 0
584 0
585 0
586 0
587 0
588 0
589 0
590 0
591 0
592 0
593 0
594 0
595 0
596 0
597 0
598 0
599 0
600 0
601 0
602 0
603 0
604 0
605 0
606 0
607 0
608 0
609 0
610 0
611 0
612 0
613 0
614 0
615 0
616 0
617 1
618 1
619 1
620 1
621 1
622 1
623 0
624 0
625 1
626 2
627 0
628 0
629 0
630 0
631 0
632 0
633 0
634 0
635 0
636 0
637 0
638 0
639 0
640 0
641 1
642 0
643 0
644 0
645 0
646 0
647 0
648 0
649 0
650 0
651 0
652 0
653 0
654 0
655 0
656 0
657 0
658 0
659 0
660 0
661 0
662 0
663 0
664 0
665 0
666 0
667 0
668 0
669 0
670 0
671 0
672 0
673 0
674 0
675 0
676 0
677 0
678 0
679 0
680 0
681 0
682 0
683 0
684 0
685 0
686 0
687 0
688 0
689 1
690 1
691 1
692 0
693 0
694 0
695 1
696 1
697 1
698 1
699 1
700 0
701 0
702 1
703 1
704 2
705 1
706 0
707 0
708 2
709 0
710 0
711 1
712 0
713 0
714 0
715 0
716 0
717 1
718 1
719 1
720 0
721 0
722 0
723 0
724 0
725 0
726 0
727 0
728 0
729 0
730 0
731 0
732 0
733 3
734 0
735 1
736 1
737 2
738 1
739 0
740 0
741 0
742 0
743 0
744 0
745 0
746 0
747 0
748 0
749 0
750 0
751 0
752 0
753 2
754 3
755 0
756 0
757 1
758 1
759 3
760 0
761 1
762 3
763 2
764 4
765 4
766 0
767 2
768 0
769 3
770 0
771 1
772 1
773 0
774 2
775 0
776 2
777 1
778 2
779 2
780 2
781 1
782 1
783 2
784 2
785 1
786 3
787 1
788 1
789 3
790 2
791 0
792 1
793 1
794 1
795 1
796 1
797 1
798 2
799 2
800 3
801 2
802 1
803 1
804 1
805 2
806 2
807 2
808 0
809 1
810 1
811 0
812 1
813 1
814 0
815 1
816 1
817 1
818 1
819 1
820 1
821 1
822 1
823 1
824 1
825 1
826 0
827 0
828 1
829 1
830 1
831 1
832 1
833 0
834 1
835 1
836 1
837 0
838 2
839 3
840 1
841 2
842 1
843 1
844 1
845 1
846 0
847 1
848 1
849 2
850 2
851 1
852 1
853 1
854 1
855 1
856 2
857 2
858 1
859 1
860 1
861 1
862 2
863 1
864 1
865 2
866 1
867 2
868 1
869 0
870 2
871 1
872 1
873 2
874 2
875 1
876 2
877 1
878 1
879 1
880 1
881 1
882 2
883 2
884 3
885 1
886 2
887 0
888 3
889 1
890 1
891 0
892 0
893 0
894 0
895 1
896 2
897 2
898 3
899 2
900 2
901 2
902 1
903 0
904 2
905 2
906 2
907 3
908 0
909 2
910 2
911 1
912 3
913 1
914 1
915 1
916 1
917 4
918 3
919 2
920 2
921 1
922 0
923 1
924 2
925 1
926 2
927 2
928 1
929 2
930 2
931 2
932 1
933 0
934 2
935 3
936 1
937 1
938 3
939 2
940 0
941 1
942 1
943 1
944 1
945 2
946 1
947 1
948 2
949 1
950 2
951 1
952 1
953 1
954 2
955 2
956 2
957 1
958 2
959 2
960 2
961 1
962 2
963 2
964 2
965 2
966 2
967 2
968 3
969 2
970 1
971 2
972 1
973 2
974 2
975 3
976 3
977 2
978 1
979 3
980 2
981 2
982 1
983 2
984 2
985 1
986 2
987 2
988 3
989 2
990 2
991 2
992 2
993 2
994 3
995 2
996 2
997 1
998 2
999 2
1000 0
1001 3
1002 3
1003 2
1004 2
1005 2
1006 2
1007 2
1008 2
1009 3
1010 2
1011 1
1012 2
1013 1
1014 4
1015 1
1016 1
1017 2
1018 2
1019 1
1020 3
1021 1
1022 1
1023 1
1024 2
1025 2
1026 2
1027 3
1028 3
1029 2
1030 1
1031 2
1032 1
1033 1
1034 1
1035 1
1036 3
1037 2
1038 1
1039 1
1040 1
1041 3
1042 2
1043 2
1044 1
1045 2
1046 1
1047 1
1048 1
1049 2
1050 3
1051 5
1052 1
1053 1
1054 3
1055 1
1056 1
1057 2
1058 2
1059 2
1060 2
1061 0
1062 2
1063 0
1064 2
1065 2
1066 1
1067 0
1068 2
1069 3
1070 1
1071 1
1072 3
1073 1
1074 3
1075 4
1076 1
1077 2
1078 3
1079 2
1080 1
1081 1
1082 1
1083 1
1084 1
1085 1
1086 2
1087 1
1088 3
1089 1
1090 1
1091 1
1092 2
1093 1
1094 1
1095 3
1096 1
1097 2
1098 1
1099 1
1100 1
1101 1
1102 1
1103 1
1104 0
1105 1
1106 1
1107 1
1108 1
1109 1
1110 1
1111 2
1112 1
1113 1
1114 0
1115 0
1116 2
1117 1
1118 1
1119 2
1120 3
1121 2
1122 1
1123 2
1124 1
1125 1
1126 1
1127 3
1128 3
1129 2
1130 1
1131 1
1132 1
1133 0
1134 1
1135 1
1136 1
1137 2
1138 1
1139 1
1140 1
1141 1
1142 1
1143 1
1144 1
1145 1
1146 0
1147 0
1148 1
1149 1
1150 0
1151 1
1152 2
1153 1
1154 1
1155 1
1156 0
1157 1
1158 1
1159 1
1160 1
1161 1
1162 1
1163 2
1164 1
1165 1
1166 1
1167 1
1168 0
1169 0
1170 1
1171 1
1172 0
1173 1
1174 1
1175 1
1176 0
1177 1
1178 1
1179 2
1180 1
1181 1
1182 1
1183 1
1184 2
1185 0
1186 1
1187 0
1188 1
1189 1
1190 1
1191 0
1192 3
1193 0
1194 3
1195 1
1196 0
1197 1
1198 2
1199 2
1200 1
1201 1
1202 1
1203 1
1204 2
1205 1
1206 2
1207 1
1208 2
1209 0
1210 1
1211 1
1212 0
1213 0
1214 0
1215 0
1216 0
1217 0
1218 0
1219 0
1220 0
1221 0
1222 0
1223 0
1224 0
1225 0
1226 0
1227 0
1228 0
1229 0
1230 0
1231 0
1232 0
1233 0
1234 0
1235 0
1236 0
1237 0
1238 0
1239 0
1240 0
1241 0
1242 0
1243 0
1244 0
1245 0
1246 0
1247 0
1248 0
1249 0
1250 0
1251 0
1252 0
1253 0
1254 0
1255 0
1256 0
1257 0
1258 0
1259 0
1260 0
1261 0
1262 0
1263 0
1264 0
1265 0
1266 0
1267 0
1268 0
1269 0
1270 0
1271 0
1272 0
1273 0
1274 0
1275 0
1276 0
1277 0
1278 0
1279 0
1280 0
1281 0
1282 0
1283 0
1284 0
1285 0
1286 1
1287 0
1288 0
1289 0
1290 1
1291 0
1292 1
1293 1
1294 0
1295 2
1296 1
1297 0
1298 1
1299 0
1300 1
1301 0
1302 0
1303 0
1304 1
1305 0
1306 0
1307 0
1308 1
1309 1
1310 0
1311 0
1312 0
1313 1
1314 1
1315 0
1316 1
1317 1
1318 0
1319 2
1320 0
1321 0
1322 0
1323 0
1324 1
1325 1
1326 2
1327 0
1328 0
1329 0
1330 0
1331 0
1332 1
1333 0
1334 0
1335 0
1336 0
1337 1
1338 0
1339 1
1340 0
1341 0
1342 1
1343 0
1344 0
1345 0
1346 1
1347 0
1348 0
1349 0
1350 0
1351 1
1352 0
1353 0
1354 0
1355 0
1356 0
1357 1
1358 0
1359 1
1360 1
1361 1
1362 0
1363 0
1364 0
1365 0
1366 0
1367 0
1368 0
1369 0
1370 0
1371 0
1372 0
1373 0
1374 0
1375 0
1376 0
1377 0
1378 0
1379 0
1380 0
1381 0
1382 0
1383 0
1384 1
1385 0
1386 0
1387 0
1388 0
1389 0
1390 0
1391 0
1392 0
1393 0
1394 0
1395 0
1396 0
1397 0
1398 0
1399 0
1400 0
1401 0
1402 0
1403 0
1404 0
1405 0
1406 0
1407 0
1408 0
1409 0
1410 0
1411 0
1412 0
1413 0
1414 0
1415 0
1416 0
1417 0
1418 0
1419 0
1420 0
1421 0
1422 1
1423 1
1424 0
1425 0
1426 0
1427 0
1428 0
1429 0
1430 0
1431 0
1432 0
1433 0
1434 0
1435 0
1436 0
1437 0
1438 0
1439 0
1440 0
1441 0
1442 0
1443 0
1444 0
1445 0
1446 0
1447 1
1448 0
1449 0
1450 0
1451 0
1452 0
1453 0
1454 0
1455 0
1456 0
1457 0
1458 0
1459 0
1460 0
1461 0
1462 0
1463 0
1464 0
1465 0
1466 0
1467 0
1468 0
1469 0
1470 0
1471 0
1472 0
1473 0
1474 0
1475 0
1476 0
1477 0
1478 0
1479 0
1480 0
1481 0
1482 0
1483 0
1484 0
1485 0
1486 0
1487 0
1488 0
1489 0
1490 0
1491 0
1492 0
1493 0
1494 0
1495 0
1496 0
1497 0
1498 0
1499 0
1500 0
1501 0
1502 0
1503 0
1504 0
1505 0
1506 0
1507 0
1508 0
1509 0
1510 0
1511 0
1512 0
1513 0
1514 0
1515 0
1516 2
1517 1
1518 0
1519 0
1520 1
1521 1
1522 1
1523 0
1524 2
1525 0
1526 0
1527 0
1528 0
1529 0
1530 0
1531 0
1532 0
1533 0
1534 0
1535 0
1536 0
1537 0
1538 0
1539 0
1540 0
1541 0
1542 0
1543 0
1544 1
1545 3
1546 0
1547 0
1548 0
1549 0
1550 0
1551 2
1552 0
1553 2
1554 0
1555 0
1556 0
1557 0
1558 0
1559 0
1560 0
1561 0
1562 0
1563 0
1564 0
1565 0
1566 0
1567 0
1568 0
1569 0
1570 0
1571 0
1572 0
1573 0
1574 0
1575 1
1576 0
1577 0
1578 0
1579 0
1580 0
1581 0
1582 0
1583 0
1584 0
1585 0
1586 0
1587 0
1588 0
1589 0
1590 0
1591 0
1592 0
1593 0
1594 0
1595 0
1596 0
1597 0
1598 0
1599 0
1600 2
1601 2
1602 1
1603 0
1604 1
1605 0
1606 0
1607 0
1608 0
1609 0
1610 0
1611 0
1612 0
1613 0
1614 0
1615 0
1616 0
1617 0
1618 0
1619 0
1620 0
1621 0
1622 0
1623 0
1624 0
1625 1
1626 0
1627 2
1628 1
1629 0
1630 0
1631 0
1632 0
1633 1
1634 1
1635 0
1636 1
1637 1
1638 0
1639 1
1640 1
1641 1
1642 1
1643 0
1644 2
1645 0
1646 1
1647 1
1648 0
1649 2
1650 1
1651 2
1652 0
1653 0
1654 0
1655 0
1656 1
1657 0
1658 1
1659 1
1660 1
1661 1
1662 1
1663 1
1664 1
1665 1
1666 1
1667 0
1668 1
1669 0
1670 1
1671 1
1672 1
1673 1
1674 0
1675 1
1676 1
1677 2
1678 1
1679 1
1680 1
1681 2
1682 0
1683 1
1684 1
1685 2
1686 2
1687 1
1688 3
1689 2
1690 0
1691 3
1692 0
1693 0
1694 0
1695 0
1696 0
1697 0
1698 0
1699 0
1700 0
1701 0
1702 0
1703 0
1704 2
1705 2
1706 2
1707 1
1708 1
1709 1
1710 1
1711 1
1712 0
1713 0
1714 0
1715 0
1716 2
1717 1
1718 1
1719 0
1720 0
1721 0
1722 0
1723 0
1724 1
1725 0
1726 0
1727 1
1728 1
1729 1
1730 1
1731 2
1732 1
1733 0
1734 1
1735 0
1736 2
1737 1
1738 1
1739 0
1740 0
1741 0
1742 2
1743 0
1744 2
1745 3
1746 4
1747 2
1748 3
1749 2
1750 2
1751 1
1752 3
1753 2
1754 1
1755 2
1756 2
1757 3
1758 3
1759 2
1760 3
1761 2
1762 2
1763 1
1764 1
1765 1
1766 1
1767 1
1768 1
1769 2
1770 2
1771 1
1772 2
1773 2
1774 2
1775 1
1776 3
1777 1
1778 1
1779 3
1780 3
1781 3
1782 4
1783 2
1784 1
1785 2
1786 2
1787 1
1788 4
1789 1
1790 2
1791 1
1792 2
1793 1
1794 2
1795 3
1796 2
1797 3
1798 2
1799 3
1800 3
1801 0
1802 3
1803 2
1804 2
1805 1
1806 2
1807 2
1808 2
1809 4
1810 2
1811 2
1812 1
1813 2
1814 2
1815 2
1816 0
1817 2
1818 1
1819 1
1820 1
1821 1
1822 1
1823 0
1824 1
1825 2
1826 3
1827 1
1828 1
1829 1
1830 2
1831 1
1832 1
1833 2
1834 2
1835 1
1836 1
1837 1
1838 1
1839 0
1840 0
1841 2
1842 0
1843 1
1844 3
1845 3
1846 1
1847 2
1848 2
1849 1
1850 1
1851 2
1852 1
1853 0
1854 0
1855 0
1856 1
1857 2
1858 1
1859 3
1860 0
1861 1
1862 0
1863 1
1864 2
1865 1
1866 0
1867 2
1868 0
1869 0
1870 0
1871 0
1872 0
1873 0
1874 0
1875 1
1876 1
1877 0
1878 1
1879 1
1880 1
1881 1
1882 1
1883 1
1884 1
1885 1
1886 1
1887 2
1888 0
1889 1
1890 0
1891 0
1892 1
1893 1
1894 1
1895 1
1896 0
1897 0
1898 0
1899 1
1900 2
1901 2
1902 0
1903 3
1904 1
1905 2
1906 3
1907 1
1908 1
1909 1
1910 1
1911 0
1912 2
1913 1
1914 0
1915 2
1916 2
1917 0
1918 1
1919 1
1920 2
1921 2
1922 0
1923 0
1924 0
1925 0
1926 0
1927 1
1928 1
1929 2
1930 2
1931 0
1932 0
1933 0
1934 0
1935 1
1936 2
1937 2
1938 1
1939 1
1940 1
1941 0
1942 1
1943 2
1944 1
1945 2
1946 2
1947 3
1948 1
1949 4
1950 1
1951 2
1952 1
1953 2
1954 1
1955 2
1956 2
1957 2
1958 2
1959 1
1960 4
1961 0
1962 3
1963 1
1964 2
1965 3
1966 2
1967 1
1968 2
1969 2
1970 2
1971 2
1972 1
1973 1
1974 3
1975 2
1976 2
1977 3
1978 2
1979 2
1980 2
1981 0
1982 1
1983 0
1984 0
1985 0
1986 0
1987 1
1988 2
1989 0
1990 0
1991 2
1992 1
1993 1
1994 1
1995 1
1996 0
1997 2
1998 1
1999 1
