0 0
1 0
2 0
3 0
4 0
5 0
6 0
7 0
8 0
9 0
10 0
11 0
12 0
13 0
14 2
15 0
16 1
17 1
18 1
19 0
20 0
21 1
22 0
23 0
24 2
25 1
26 3
27 3
28 2
29 2
30 3
31 3
32 2
33 2
34 0
35 2
36 1
37 1
38 1
39 2
40 1
41 1
42 1
43 2
44 2
45 1
46 1
47 2
48 2
49 2
50 2
51 2
52 2
53 2
54 2
55 1
56 2
57 1
58 1
59 0
60 2
61 2
62 2
63 3
64 1
65 2
66 2
67 1
68 0
69 0
70 1
71 0
72 0
73 2
74 1
75 1
76 0
77 2
78 2
79 2
80 2
81 2
82 2
83 2
84 2
85 2
86 1
87 0
88 0
89 0
90 0
91 0
92 0
93 0
94 0
95 0
96 0
97 0
98 1
99 1
100 1
101 0
102 1
103 1
104 0
105 1
106 2
107 0
108 1
109 1
110 0
111 1
112 2
113 2
114 1
115 1
116 1
117 0
118 1
119 1
120 1
121 1
122 1
123 1
124 1
125 0
126 1
127 1
128 1
129 1
130 1
131 1
132 1
133 0
134 1
135 1
136 1
137 1
138 1
139 1
140 1
141 1
142 1
143 1
144 1
145 1
146 0
147 1
148 1
149 1
150 0
151 0
152 1
153 1
154 1
155 1
156 1
157 1
158 1
159 1
160 0
161 0
162 1
163 1
164 0
165 0
166 0
167 0
168 0
169 0
170 0
171 0
172 0
173 0
174 0
175 0
176 0
177 0
178 0
179 0
180 0
181 0
182 0
183 0
184 0
185 0
186 1
187 0
188 0
189 0
190 0
191 0
192 0
193 1
194 2
195 2
196 1
197 1
198 2
199 2
200 2
201 0
202 2
203 1
204 0
205 1
206 2
207 0
208 1
209 1
210 2
211 1
212 2
213 2
214 1
215 3
216 2
217 1
218 1
219 2
220 1
221 1
222 2
223 1
224 1
225 0
226 0
227 0
228 0
229 0
230 0
231 0
232 0
233 0
234 0
235 1
236 1
237 0
238 0
239 0
240 0
241 0
242 0
243 0
244 0
245 0
246 0
247 0
248 0
249 1
250 1
251 0
252 0
253 0
254 1
255 0
256 0
257 0
258 0
259 0
260 0
261 1
262 2
263 2
264 1
265 1
266 1
267 2
268 2
269 1
270 1
271 3
272 3
273 0
274 3
275 2
276 2
277 1
278 2
279 1
280 2
281 2
282 2
283 1
284 1
285 1
286 2
287 2
288 3
289 0
290 3
291 1
292 2
293 0
294 1
295 3
296 1
297 2
298 1
299 2
300 2
301 2
302 0
303 2
304 1
305 2
306 2
307 2
308 1
309 2
310 1
311 1
312 2
313 2
314 0
315 2
316 1
317 2
318 2
319 2
320 2
321 1
322 1
323 2
324 2
325 2
326 2
327 2
328 2
329 1
330 1
331 1
332 2
333 2
334 2
335 2
336 2
337 2
338 2
339 2
340 2
341 2
342 1
343 2
344 2
345 3
346 2
347 1
348 1
349 2
350 2
351 2
352 2
353 2
354 3
355 1
356 2
357 1
358 2
359 2
360 1
361 1
362 2
363 1
364 1
365 2
366 2
367 3
368 2
369 3
370 2
371 2
372 3
373 1
374 1
375 2
376 3
377 1
378 3
379 2
380 2
381 2
382 0
383 2
384 2
385 0
386 2
387 2
388 2
389 2
390 1
391 1
392 2
393 2
394 1
395 1
396 0
397 1
398 3
399 2
400 0
401 1
402 1
403 2
404 1
405 3
406 2
407 1
408 1
409 1
410 1
411 1
412 2
413 1
414 1
415 1
416 3
417 2
418 1
419 2
420 1
421 2
422 1
423 2
424 1
425 1
426 2
427 1
428 2
429 2
430 2
431 3
432 1
433 2
434 2
435 2
436 0
437 1
438 1
439 1
440 0
441 0
442 1
443 2
444 1
445 2
446 0
447 2
448 1
449 1
450 2
451 2
452 2
453 1
454 1
455 1
456 1
457 1
458 1
459 2
460 2
461 1
462 1
463 2
464 2
465 1
466 3
467 3
468 2
469 0
470 2
471 3
472 1
473 1
474 1
475 1
476 2
477 2
478 2
479 0
480 1
481 2
482 3
483 2
484 1
485 3
486 1
487 1
488 0
489 2
490 0
491 2
492 1
493 1
494 2
495 2
496 2
497 2
498 0
499 2
500 2
501 2
502 2
503 0
504 0
505 1
506 2
507 0
508 1
509 1
510 1
511 2
512 2
513 2
514 1
515 1
516 0
517 0
518 1
519 0
520 1
521 1
522 2
523 2
524 2
525 2
526 2
527 2
528 2
529 2
530 3
531 2
532 1
533 2
534 2
535 2
536 2
537 2
538 2
539 1
540 2
541 2
542 2
543 1
544 1
545 0
546 1
547 3
548 1
549 1
550 2
551 2
552 1
553 2
554 1
555 2
556 1
557 2
558 2
559 1
560 1
561 1
562 2
563 2
564 2
565 2
566 2
567 2
568 3
569 2
570 3
571 1
572 2
573 1
574 3
575 2
576 1
577 2
578 2
579 2
580 3
581 2
582 1
583 1
584 2
585 2
586 2
587 3
588 3
589 1
590 2
591 1
592 2
593 1
594 1
595 3
596 1
597 2
598 1
599 1
600 1
601 2
602 1
603 1
604 1
605 1
606 2
607 2
608 2
609 2
610 2
611 2
612 1
613 1
614 1
615 0
616 2
617 1
618 1
619 2
620 1
621 2
622 1
623 1
624 2
625 2
626 1
627 1
628 2
629 1
630 2
631 2
632 2
633 1
634 2
635 2
636 0
637 2
638 2
639 1
640 1
641 1
642 3
643 2
644 1
645 1
646 2
647 0
648 2
649 2
650 1
651 1
652 1
653 2
654 2
655 1
656 2
657 1
658 2
659 1
660 1
661 1
662 2
663 2
664 1
665 0
666 2
667 1
668 2
669 2
670 0
671 1
672 1
673 3
674 2
675 2
676 1
677 1
678 2
679 1
680 2
681 1
682 2
683 2
684 0
685 0
686 2
687 3
688 2
689 1
690 2
691 1
692 2
693 1
694 1
695 2
696 2
697 2
698 2
699 2
700 2
701 1
702 2
703 2
704 0
705 2
706 3
707 1
708 1
709 2
710 3
711 1
712 1
713 0
714 0
715 2
716 2
717 1
718 2
719 2
720 1
721 0
722 1
723 1
724 1
725 2
726 1
727 0
728 1
729 1
730 0
731 1
732 2
733 2
734 0
735 3
736 1
737 1
738 1
739 1
740 0
741 1
742 0
743 0
744 1
745 0
746 0
747 1
748 2
749 1
750 1
751 0
752 1
753 2
754 0
755 0
756 1
757 0
758 1
759 1
760 0
761 1
762 1
763 2
764 1
765 0
766 1
767 1
768 0
769 1
770 2
771 1
772 1
773 2
774 1
775 1
776 1
777 0
778 1
779 1
780 1
781 1
782 1
783 0
784 0
785 0
786 2
787 2
788 0
789 1
790 2
791 1
792 1
793 3
794 1
795 2
796 0
797 2
798 2
799 3
800 2
801 0
802 1
803 0
804 1
805 0
806 0
807 0
808 1
809 1
810 0
811 2
812 1
813 3
814 0
815 2
816 0
817 1
818 0
819 0
820 0
821 0
822 0
823 3
824 0
825 0
826 1
827 1
828 1
829 0
830 0
831 0
832 2
833 0
834 2
835 0
836 1
837 2
838 0
839 0
840 0
841 0
842 3
843 2
844 0
845 1
846 1
847 1
848 1
849 0
850 1
851 0
852 0
853 0
854 0
855 1
856 0
857 0
858 0
859 1
860 0
861 0
862 0
863 1
864 1
865 1
866 2
867 0
868 0
869 1
870 3
871 1
872 1
873 1
874 0
875 3
876 1
877 2
878 0
879 2
880 2
881 0
882 1
883 1
884 1
885 1
886 1
887 0
888 1
889 1
890 0
891 1
892 0
893 0
894 1
895 1
896 0
897 0
898 0
899 1
900 1
901 2
902 3
903 0
904 1
905 1
906 1
907 0
908 2
909 2
910 1
911 0
912 2
913 0
914 0
915 0
916 1
917 0
918 0
919 0
920 0
921 1
922 1
923 1
924 1
925 1
926 1
927 1
928 0
929 1
930 0
931 2
932 1
933 1
934 3
935 0
936 2
937 1
938 0
939 2
940 0
941 0
942 0
943 0
944 1
945 1
946 0
947 1
948 3
949 0
950 1
951 0
952 1
953 0
954 1
955 2
956 0
957 0
958 2
959 0
960 1
961 1
962 1
963 0
964 0
965 1
966 0
967 0
968 0
969 0
970 0
971 0
972 2
973 0
974 0
975 0
976 1
977 0
978 1
979 0
980 1
981 0
982 1
983 1
984 1
985 1
986 0
987 0
988 0
989 1
990 0
991 1
992 1
993 0
994 2
995 1
996 1
997 1
998 1
999 1
1000 1
1001 1
1002 1
1003 0
1004 1
1005 1
1006 0
1007 0
1008 1
1009 0
1010 0
1011 0
1012 0
1013 0
1014 0
1015 1
1016 0
1017 1
1018 2
1019 0
1020 0
1021 0
1022 0
1023 2
1024 0
1025 0
1026 1
1027 1
1028 0
1029 1
1030 1
1031 0
1032 0
1033 0
1034 0
1035 0
1036 0
1037 0
1038 0
1039 2
1040 1
1041 2
1042 2
1043 1
1044 2
1045 2
1046 2
1047 3
1048 2
1049 3
1050 3
1051 2
1052 2
1053 0
1054 1
1055 1
1056 1
1057 1
1058 0
1059 0
1060 1
1061 0
1062 0
1063 0
1064 0
1065 0
1066 2
1067 1
1068 1
1069 1
1070 0
1071 1
1072 1
1073 0
1074 0
1075 1
1076 2
1077 0
1078 0
1079 2
1080 0
1081 1
1082 0
1083 1
1084 0
1085 1
1086 0
1087 1
1088 1
1089 1
1090 1
1091 0
1092 0
1093 2
1094 0
1095 0
1096 1
1097 1
1098 2
1099 0
1100 2
1101 1
1102 1
1103 1
1104 1
1105 1
1106 2
1107 1
1108 0
1109 0
1110 0
1111 0
1112 0
1113 0
1114 2
1115 1
1116 0
1117 0
1118 1
1119 0
1120 0
1121 0
1122 1
1123 0
1124 1
1125 0
1126 1
1127 0
1128 0
1129 0
1130 1
1131 1
1132 0
1133 0
1134 0
1135 0
1136 1
1137 1
1138 1
1139 0
1140 0
1141 0
1142 0
1143 1
1144 0
1145 0
1146 0
1147 1
1148 1
1149 0
1150 0
1151 0
1152 0
1153 0
1154 1
1155 0
1156 1
1157 1
1158 2
1159 0
1160 0
1161 0
1162 1
1163 2
1164 0
1165 1
1166 1
1167 1
1168 0
1169 0
1170 0
1171 1
1172 0
1173 1
1174 1
1175 0
1176 0
1177 1
1178 1
1179 1
1180 0
1181 0
1182 0
1183 0
1184 0
1185 0
1186 0
1187 0
1188 1
1189 1
1190 2
1191 2
1192 1
1193 1
1194 1
1195 0
1196 1
1197 2
1198 0
1199 0
1200 1
1201 0
1202 0
1203 0
1204 0
1205 1
1206 1
1207 0
1208 0
1209 1
1210 0
1211 1
1212 0
1213 0
1214 1
1215 0
1216 1
1217 2
1218 0
1219 0
1220 1
1221 0
1222 0
1223 0
1224 1
1225 1
1226 0
1227 0
1228 1
1229 1
1230 1
1231 2
1232 2
1233 1
1234 2
1235 1
1236 1
1237 0
1238 1
1239 2
1240 1
1241 0
1242 2
1243 0
1244 0
1245 0
1246 0
1247 1
1248 0
1249 0
1250 0
1251 1
1252 1
1253 1
1254 1
1255 0
1256 0
1257 0
1258 0
1259 0
1260 0
1261 0
1262 0
1263 1
1264 1
1265 1
1266 0
1267 1
1268 1
1269 1
1270 2
1271 0
1272 1
1273 1
1274 1
1275 1
1276 0
1277 1
1278 1
1279 2
1280 0
1281 0
1282 1
1283 0
1284 0
1285 1
1286 1
1287 1
1288 0
1289 1
1290 0
1291 0
1292 0
1293 1
1294 0
1295 0
1296 1
1297 0
1298 2
1299 1
1300 2
1301 0
1302 1
1303 1
1304 0
1305 0
1306 1
1307 1
1308 1
1309 1
1310 1
1311 1
1312 2
1313 0
1314 0
1315 0
1316 0
1317 0
1318 0
1319 2
1320 0
1321 1
1322 0
1323 0
1324 1
1325 0
1326 0
1327 0
1328 1
1329 1
1330 0
1331 0
1332 2
1333 0
1334 1
1335 0
1336 2
1337 0
1338 1
1339 1
1340 1
1341 0
1342 1
1343 0
1344 2
1345 1
1346 1
1347 1
1348 0
1349 0
1350 1
1351 0
1352 1
1353 1
1354 2
1355 1
1356 0
1357 1
1358 0
1359 1
1360 1
1361 0
1362 1
1363 0
1364 1
1365 1
1366 1
1367 0
1368 2
1369 1
1370 1
1371 1
1372 0
1373 0
1374 0
1375 1
1376 0
1377 1
1378 1
1379 0
1380 1
1381 0
1382 0
1383 1
1384 0
1385 0
1386 1
1387 1
1388 1
1389 0
1390 1
1391 1
1392 0
1393 1
1394 0
1395 1
1396 0
1397 1
1398 0
1399 1
1400 1
1401 1
1402 0
1403 0
1404 0
1405 0
1406 0
1407 1
1408 0
1409 0
1410 1
1411 0
1412 0
1413 0
1414 0
1415 1
1416 0
1417 0
1418 1
1419 1
1420 1
1421 1
1422 1
1423 0
1424 0
1425 1
1426 1
1427 0
1428 1
1429 0
1430 1
1431 0
1432 1
1433 0
1434 1
1435 0
1436 0
1437 0
1438 1
1439 1
1440 0
1441 0
1442 0
1443 0
1444 0
1445 0
1446 0
1447 0
1448 0
1449 0
1450 0
1451 0
1452 0
1453 0
1454 0
1455 0
1456 0
1457 0
1458 0
1459 0
1460 0
1461 0
1462 0
1463 0
1464 1
1465 0
1466 0
1467 0
1468 1
1469 2
1470 2
1471 0
1472 0
1473 1
1474 1
1475 1
1476 1
1477 0
1478 0
1479 1
1480 1
1481 1
1482 1
1483 0
1484 1
1485 0
1486 0
1487 0
1488 1
1489 1
1490 0
1491 1
1492 0
1493 0
1494 0
1495 1
1496 0
1497 0
1498 0
1499 0
1500 1
1501 1
1502 0
1503 0
1504 0
1505 1
1506 0
1507 0
1508 1
1509 1
1510 0
1511 0
1512 0
1513 0
1514 0
1515 0
1516 0
1517 0
1518 0
1519 0
1520 0
1521 0
1522 0
1523 1
1524 0
1525 0
1526 0
1527 0
1528 0
1529 0
1530 1
1531 0
1532 1
1533 1
1534 1
1535 0
1536 0
1537 0
1538 1
1539 0
1540 2
1541 2
1542 1
1543 2
1544 1
1545 1
1546 1
1547 1
1548 1
1549 0
1550 1
1551 1
1552 1
1553 1
1554 2
1555 1
1556 1
1557 1
1558 1
1559 1
1560 2
1561 1
1562 1
1563 0
1564 1
1565 1
1566 1
1567 0
1568 0
1569 2
1570 0
1571 0
1572 0
1573 0
1574 0
1575 1
1576 0
1577 0
1578 0
1579 0
1580 0
1581 0
1582 0
1583 0
1584 0
1585 0
1586 0
1587 0
1588 0
1589 1
1590 0
1591 0
1592 0
1593 0
1594 0
1595 0
1596 0
1597 1
1598 0
1599 0
1600 0
1601 0
1602 0
1603 0
1604 0
1605 0
1606 0
1607 0
1608 0
1609 0
1610 1
1611 2
1612 1
1613 0
1614 1
1615 1
1616 1
1617 2
1618 2
1619 0
1620 0
1621 0
1622 0
1623 2
1624 0
1625 0
1626 2
1627 1
1628 0
1629 0
1630 2
1631 2
1632 0
1633 0
1634 0
1635 1
1636 0
1637 0
1638 2
1639 1
1640 0
1641 1
1642 1
1643 0
1644 0
1645 0
1646 0
1647 0
1648 0
1649 0
1650 0
1651 0
1652 0
1653 0
1654 0
1655 0
1656 0
1657 0
1658 0
1659 0
1660 0
1661 1
1662 0
1663 0
1664 3
1665 2
1666 0
1667 0
1668 1
1669 0
1670 0
1671 0
1672 0
1673 1
1674 1
1675 0
1676 0
1677 4
1678 1
1679 0
1680 0
1681 2
1682 0
1683 0
1684 0
1685 1
1686 0
1687 0
1688 1
1689 0
1690 2
1691 0
1692 0
1693 2
1694 0
1695 0
1696 0
1697 0
1698 1
1699 0
1700 0
1701 0
1702 0
1703 0
1704 1
1705 0
1706 3
1707 2
1708 0
1709 2
1710 0
1711 0
1712 2
1713 2
1714 0
1715 0
1716 1
1717 1
1718 2
1719 3
1720 2
1721 0
1722 1
1723 1
1724 1
1725 0
1726 0
1727 0
1728 0
1729 0
1730 0
1731 0
1732 2
1733 2
1734 0
1735 0
1736 1
1737 1
1738 0
1739 1
1740 0
1741 0
1742 0
1743 2
1744 0
1745 2
1746 0
1747 2
1748 0
1749 1
1750 1
1751 2
1752 0
1753 0
1754 0
1755 1
1756 0
1757 2
1758 0
1759 0
1760 1
1761 0
1762 0
1763 1
1764 0
1765 0
1766 0
1767 0
1768 0
1769 0
1770 1
1771 0
1772 0
1773 0
1774 0
1775 0
1776 1
1777 0
1778 1
1779 3
1780 0
1781 2
1782 2
1783 1
1784 1
1785 1
1786 2
1787 1
1788 0
1789 0
1790 0
1791 0
1792 0
1793 0
1794 0
1795 0
1796 0
1797 0
1798 0
1799 1
1800 0
1801 0
1802 0
1803 1
1804 0
1805 0
1806 1
1807 0
1808 0
1809 0
1810 0
1811 1
1812 0
1813 0
1814 1
1815 1
1816 2
1817 1
1818 0
1819 0
1820 1
1821 1
1822 2
1823 0
1824 1
1825 0
1826 1
1827 1
1828 0
1829 1
1830 0
1831 1
1832 0
1833 1
1834 2
1835 1
1836 1
1837 1
1838 1
1839 0
1840 1
1841 2
1842 1
1843 0
1844 1
1845 0
1846 1
1847 2
1848 1
1849 0
1850 0
1851 1
1852 0
1853 0
1854 1
1855 1
1856 0
1857 0
1858 0
1859 1
1860 0
1861 0
1862 1
1863 1
1864 1
1865 0
1866 0
1867 1
1868 1
1869 1
1870 1
1871 1
1872 0
1873 0
1874 1
1875 0
1876 1
1877 0
1878 1
1879 0
1880 1
1881 1
1882 1
1883 0
1884 0
1885 1
1886 1
1887 2
1888 0
1889 0
1890 1
1891 1
1892 0
1893 1
1894 1
1895 1
1896 1
1897 0
1898 1
1899 1
1900 1
1901 1
1902 1
1903 1
1904 1
1905 0
1906 1
1907 1
1908 0
1909 0
1910 1
1911 1
1912 1
1913 1
1914 1
1915 1
1916 1
1917 1
1918 0
1919 1
1920 1
1921 1
1922 0
1923 1
1924 0
1925 1
1926 0
1927 0
1928 0
1929 1
1930 0
1931 1
1932 0
1933 0
1934 1
1935 1
1936 0
1937 0
1938 1
1939 0
1940 1
1941 1
1942 1
1943 1
1944 1
1945 1
1946 1
1947 1
1948 1
1949 1
1950 0
1951 1
1952 1
1953 0
1954 1
1955 0
1956 1
1957 1
1958 0
1959 0
1960 0
1961 1
1962 0
1963 2
1964 1
1965 1
1966 0
1967 0
1968 0
1969 0
1970 0
1971 1
1972 2
1973 1
1974 1
1975 1
1976 1
1977 1
1978 1
1979 1
1980 1
1981 0
1982 1
1983 1
1984 1
1985 1
1986 0
1987 1
1988 1
1989 1
1990 0
1991 1
1992 1
1993 1
1994 0
1995 1
1996 0
1997 0
1998 0
1999 1
