0 0
1 0
2 0
3 0
4 0
5 1
6 1
7 0
8 0
9 0
10 0
11 0
12 0
13 0
14 0
15 0
16 0
17 0
18 0
19 0
20 0
21 0
22 0
23 0
24 0
25 0
26 1
27 0
28 0
29 0
30 0
31 0
32 0
33 0
34 0
35 0
36 1
37 0
38 1
39 0
40 1
41 1
42 1
43 1
44 1
45 0
46 1
47 0
48 1
49 0
50 1
51 0
52 0
53 0
54 0
55 0
56 0
57 0
58 0
59 0
60 0
61 0
62 0
63 1
64 0
65 0
66 0
67 0
68 1
69 0
70 0
71 0
72 0
73 0
74 1
75 0
76 0
77 0
78 0
79 0
80 0
81 0
82 0
83 0
84 2
85 1
86 0
87 0
88 0
89 0
90 0
91 0
92 0
93 0
94 0
95 0
96 1
97 2
98 0
99 0
100 0
101 0
102 0
103 0
104 0
105 0
106 0
107 0
108 0
109 0
110 0
111 1
112 0
113 0
114 0
115 0
116 0
117 0
118 0
119 0
120 1
121 0
122 0
123 0
124 0
125 1
126 0
127 1
128 1
129 0
130 0
131 0
132 0
133 0
134 0
135 0
136 0
137 0
138 0
139 0
140 0
141 0
142 0
143 0
144 0
145 0
146 0
147 0
148 0
149 0
150 0
151 0
152 1
153 0
154 1
155 1
156 0
157 0
158 0
159 1
160 0
161 0
162 0
163 0
164 0
165 0
166 1
167 0
168 0
169 0
170 0
171 0
172 1
173 0
174 0
175 2
176 0
177 0
178 1
179 1
180 0
181 0
182 0
183 1
184 1
185 0
186 0
187 0
188 1
189 1
190 0
191 0
192 0
193 0
194 0
195 0
196 0
197 0
198 0
199 0
200 0
201 0
202 0
203 0
204 0
205 0
206 0
207 0
208 0
209 0
210 0
211 0
212 0
213 0
214 1
215 0
216 0
217 0
218 0
219 0
220 0
221 0
222 0
223 0
224 0
225 0
226 0
227 0
228 0
229 0
230 0
231 0
232 0
233 0
234 0
235 0
236 0
237 0
238 0
239 0
240 0
241 0
242 0
243 0
244 0
245 0
246 0
247 0
248 0
249 0
250 0
251 0
252 0
253 0
254 0
255 0
256 0
257 0
258 0
259 0
260 0
261 0
262 0
263 0
264 0
265 0
266 0
267 0
268 0
269 0
270 0
271 0
272 0
273 0
274 0
275 0
276 0
277 0
278 0
279 0
280 0
281 0
282 0
283 0
284 0
285 0
286 0
287 0
288 0
289 0
290 0
291 0
292 0
293 0
294 0
295 0
296 0
297 0
298 0
299 0
300 0
301 0
302 0
303 2
304 1
305 0
306 0
307 0
308 0
309 0
310 0
311 0
312 0
313 0
314 0
315 0
316 0
317 0
318 0
319 0
320 0
321 0
322 0
323 0
324 0
325 0
326 0
327 0
328 0
329 1
330 0
331 0
332 0
333 0
334 0
335 0
336 0
337 0
338 0
339 0
340 0
341 0
342 0
343 0
344 0
345 0
346 0
347 0
348 0
349 0
350 0
351 0
352 0
353 0
354 0
355 0
356 0
357 0
358 0
359 0
360 0
361 0
362 0
363 0
364 0
365 0
366 0
367 0
368 0
369 0
370 0
371 0
372 0
373 0
374 0
375 0
376 0
377 0
378 0
379 0
380 0
381 0
382 0
383 0
384 0
385 0
386 0
387 0
388 0
389 0
390 0
391 0
392 0
393 0
394 0
395 0
396 0
397 0
398 0
399 0
400 0
401 0
402 0
403 0
404 0
405 0
406 0
407 0
408 0
409 0
410 0
411 0
412 0
413 0
414 0
415 0
416 0
417 0
418 0
419 0
420 0
421 0
422 0
423 0
424 0
425 0
426 0
427 0
428 0
429 0
430 0
431 0
432 0
433 0
434 1
435 0
436 0
437 1
438 0
439 1
440 0
441 1
442 1
443 1
444 0
445 0
446 1
447 1
448 1
449 1
450 0
451 0
452 1
453 1
454 0
455 1
456 0
457 1
458 1
459 1
460 0
461 1
462 0
463 1
464 1
465 1
466 0
467 0
468 1
469 1
470 0
471 1
472 1
473 1
474 1
475 1
476 1
477 1
478 0
479 0
480 0
481 0
482 1
483 1
484 0
485 0
486 0
487 0
488 0
489 0
490 0
491 0
492 0
493 1
494 1
495 1
496 1
497 0
498 0
499 0
500 0
501 0
502 0
503 0
504 0
505 0
506 2
507 0
508 0
509 0
510 0
511 0
512 0
513 0
514 0
515 0
516 1
517 0
518 0
519 0
520 0
521 0
522 0
523 0
524 0
525 0
526 0
527 0
528 0
529 0
530 0
531 0
532 0
533 0
534 0
535 0
536 0
537 0
538 0
539 0
540 0
541 0
542 0
543 0
544 0
545 0
546 0
547 0
548 0
549 0
550 0
551 0
552 0
553 0
554 0
555 0
556 0
557 0
558 0
559 1
560 0
561 0
562 0
563 0
564 0
565 0
566 0
567 0
568 1
569 0
570 0
571 0
572 0
573 0
574 0
575 1
576 0
577 0
578 0
579 0
580 0
581 0
582 0
583 0
584 0
585 0
586 0
587 0
588 0
589 0
590 0
591 0
592 0
593 0
594 0
595 0
596 0
597 0
598 0
599 0
600 0
601 0
602 0
603 1
604 0
605 0
606 0
607 0
608 0
609 0
610 0
611 0
612 0
613 0
614 0
615 0
616 0
617 0
618 0
619 0
620 0
621 0
622 0
623 0
624 0
625 0
626 0
627 0
628 0
629 0
630 0
631 0
632 0
633 0
634 0
635 1
636 0
637 0
638 0
639 0
640 0
641 0
642 0
643 0
644 0
645 0
646 1
647 0
648 0
649 0
650 0
651 0
652 0
653 0
654 0
655 0
656 0
657 0
658 0
659 0
660 0
661 0
662 0
663 0
664 0
665 0
666 0
667 0
668 0
669 0
670 0
671 0
672 0
673 0
674 0
675 0
676 0
677 0
678 0
679 0
680 0
681 0
682 0
683 0
684 0
685 0
686 0
687 0
688 0
689 0
690 0
691 0
692 0
693 0
694 0
695 0
696 0
697 0
698 0
699 0
700 0
701 0
702 0
703 0
704 0
705 0
706 0
707 0
708 0
709 1
710 0
711 0
712 0
713 0
714 0
715 0
716 0
717 0
718 0
719 0
720 0
721 0
722 0
723 0
724 0
725 0
726 1
727 0
728 0
729 0
730 0
731 0
732 0
733 0
734 1
735 0
736 0
737 0
738 1
739 0
740 1
741 0
742 1
743 0
744 0
745 0
746 0
747 0
748 0
749 0
750 0
751 0
752 0
753 0
754 0
755 0
756 0
757 0
758 0
759 0
760 0
761 0
762 0
763 0
764 0
765 0
766 0
767 0
768 0
769 0
770 0
771 0
772 0
773 0
774 0
775 0
776 0
777 0
778 0
779 0
780 0
781 0
782 0
783 0
784 0
785 0
786 0
787 0
788 0
789 0
790 0
791 0
792 0
793 0
794 0
795 0
796 0
797 0
798 0
799 0
800 0
801 0
802 0
803 0
804 0
805 0
806 0
807 0
808 0
809 0
810 0
811 0
812 0
813 0
814 0
815 0
816 0
817 0
818 0
819 0
820 0
821 0
822 0
823 0
824 0
825 0
826 0
827 0
828 0
829 0
830 0
831 0
832 0
833 0
834 0
835 0
836 0
837 0
838 0
839 0
840 0
841 0
842 0
843 0
844 0
845 0
846 0
847 0
848 0
849 0
850 0
851 0
852 0
853 0
854 0
855 0
856 0
857 0
858 0
859 0
860 0
861 0
862 0
863 1
864 1
865 0
866 1
867 1
868 1
869 1
870 1
871 1
872 0
873 0
874 0
875 1
876 0
877 1
878 1
879 0
880 1
881 1
882 1
883 1
884 1
885 1
886 1
887 1
888 1
889 1
890 1
891 0
892 1
893 1
894 1
895 0
896 1
897 1
898 1
899 0
900 0
901 1
902 1
903 1
904 1
905 1
906 0
907 1
908 1
909 1
910 1
911 1
912 1
913 1
914 1
915 1
916 1
917 1
918 1
919 1
920 1
921 0
922 1
923 0
924 1
925 0
926 1
927 0
928 1
929 0
930 1
931 1
932 1
933 1
934 0
935 0
936 0
937 0
938 1
939 0
940 1
941 1
942 0
943 0
944 0
945 0
946 0
947 0
948 0
949 0
950 0
951 0
952 1
953 0
954 1
955 0
956 1
957 0
958 0
959 0
960 1
961 0
962 0
963 0
964 1
965 0
966 1
967 0
968 0
969 0
970 0
971 0
972 0
973 0
974 0
975 0
976 0
977 0
978 0
979 0
980 0
981 1
982 0
983 0
984 1
985 0
986 0
987 1
988 0
989 1
990 1
991 0
992 0
993 0
994 0
995 1
996 0
997 0
998 0
999 0
1000 0
1001 0
1002 0
1003 0
1004 0
1005 0
1006 0
1007 0
1008 0
1009 0
1010 0
1011 0
1012 0
1013 0
1014 0
1015 0
1016 0
1017 0
1018 0
1019 0
1020 0
1021 0
1022 0
1023 0
1024 0
1025 0
1026 0
1027 0
1028 1
1029 1
1030 0
1031 1
1032 0
1033 1
1034 1
1035 0
1036 1
1037 1
1038 1
1039 1
1040 1
1041 1
1042 1
1043 1
1044 1
1045 1
1046 1
1047 1
1048 1
1049 1
1050 0
1051 1
1052 1
1053 1
1054 1
1055 1
1056 2
1057 0
1058 0
1059 1
1060 0
1061 1
1062 0
1063 1
1064 1
1065 0
1066 0
1067 1
1068 1
1069 1
1070 1
1071 0
1072 1
1073 1
1074 0
1075 1
1076 0
1077 0
1078 0
1079 1
1080 1
1081 1
1082 1
1083 1
1084 1
1085 0
1086 1
1087 1
1088 1
1089 1
1090 0
1091 1
1092 1
1093 1
1094 0
1095 1
1096 1
1097 1
1098 0
1099 1
1100 1
1101 1
1102 1
1103 1
1104 1
1105 1
1106 1
1107 1
1108 0
1109 1
1110 1
1111 1
1112 0
1113 1
1114 1
1115 0
1116 0
1117 0
1118 0
1119 0
1120 0
1121 0
1122 0
1123 0
1124 1
1125 1
1126 1
1127 1
1128 1
1129 1
1130 1
1131 1
1132 1
1133 1
1134 1
1135 1
1136 1
1137 0
1138 1
1139 1
1140 1
1141 1
1142 1
1143 0
1144 1
1145 1
1146 1
1147 1
1148 1
1149 1
1150 1
1151 1
1152 1
1153 1
1154 1
1155 1
1156 1
1157 0
1158 1
1159 1
1160 1
1161 0
1162 0
1163 1
1164 1
1165 0
1166 1
1167 1
1168 1
1169 1
1170 1
1171 1
1172 1
1173 1
1174 1
1175 0
1176 1
1177 1
1178 1
1179 1
1180 1
1181 0
1182 1
1183 1
1184 1
1185 0
1186 0
1187 1
1188 1
1189 1
1190 0
1191 1
1192 1
1193 1
1194 0
1195 1
1196 0
1197 1
1198 1
1199 1
1200 1
1201 0
1202 1
1203 1
1204 1
1205 1
1206 1
1207 1
1208 0
1209 1
1210 1
1211 1
1212 1
1213 1
1214 1
1215 1
1216 0
1217 1
1218 2
1219 0
1220 0
1221 0
1222 1
1223 1
1224 0
1225 0
1226 1
1227 0
1228 0
1229 1
1230 1
1231 1
1232 1
1233 2
1234 1
1235 1
1236 1
1237 1
1238 1
1239 1
1240 1
1241 1
1242 1
1243 1
1244 0
1245 0
1246 1
1247 1
1248 1
1249 1
1250 1
1251 0
1252 1
1253 1
1254 0
1255 1
1256 0
1257 0
1258 1
1259 1
1260 0
1261 0
1262 1
1263 1
1264 1
1265 1
1266 1
1267 0
1268 1
1269 1
1270 1
1271 1
1272 1
1273 1
1274 1
1275 1
1276 0
1277 1
1278 1
1279 0
1280 1
1281 0
1282 1
1283 0
1284 1
1285 0
1286 0
1287 1
1288 1
1289 1
1290 1
1291 1
1292 0
1293 1
1294 1
1295 1
1296 1
1297 1
1298 1
1299 1
1300 1
1301 1
1302 0
1303 1
1304 1
1305 1
1306 1
1307 1
1308 1
1309 1
1310 1
1311 1
1312 1
1313 1
1314 1
1315 0
1316 1
1317 1
1318 1
1319 1
1320 1
1321 1
1322 1
1323 1
1324 1
1325 0
1326 1
1327 0
1328 0
1329 1
1330 1
1331 1
1332 1
1333 1
1334 1
1335 1
1336 0
1337 0
1338 0
1339 1
1340 0
1341 0
1342 0
1343 0
1344 0
1345 0
1346 0
1347 0
1348 1
1349 0
1350 0
1351 0
1352 0
1353 0
1354 0
1355 0
1356 0
1357 1
1358 0
1359 0
1360 0
1361 0
1362 0
1363 1
1364 1
1365 0
1366 0
1367 0
1368 0
1369 1
1370 0
1371 0
1372 0
1373 0
1374 1
1375 1
1376 1
1377 1
1378 1
1379 1
1380 1
1381 1
1382 1
1383 1
1384 1
1385 0
1386 1
1387 1
1388 0
1389 1
1390 0
1391 0
1392 1
1393 1
1394 0
1395 1
1396 1
1397 1
1398 0
1399 0
1400 1
1401 1
1402 0
1403 1
1404 0
1405 0
1406 1
1407 0
1408 1
1409 1
1410 1
1411 1
1412 0
1413 0
1414 1
1415 0
1416 1
1417 0
1418 1
1419 0
1420 0
1421 0
1422 0
1423 1
1424 0
1425 0
1426 0
1427 1
1428 1
1429 0
1430 0
1431 1
1432 1
1433 0
1434 1
1435 1
1436 1
1437 0
1438 0
1439 1
1440 1
1441 0
1442 1
1443 1
1444 1
1445 1
1446 1
1447 1
1448 1
1449 1
1450 2
1451 2
1452 1
1453 1
1454 1
1455 1
1456 1
1457 1
1458 1
1459 1
1460 1
1461 1
1462 1
1463 1
1464 1
1465 0
1466 1
1467 0
1468 1
1469 0
1470 0
1471 1
1472 1
1473 0
1474 0
1475 1
1476 1
1477 1
1478 1
1479 1
1480 1
1481 1
1482 1
1483 1
1484 0
1485 0
1486 0
1487 1
1488 1
1489 1
1490 1
1491 1
1492 1
1493 1
1494 1
1495 0
1496 0
1497 0
1498 0
1499 0
1500 0
1501 0
1502 0
1503 0
1504 0
1505 0
1506 0
1507 0
1508 0
1509 0
1510 0
1511 1
1512 0
1513 0
1514 1
1515 0
1516 1
1517 1
1518 1
1519 1
1520 1
1521 1
1522 1
1523 1
1524 1
1525 1
1526 1
1527 1
1528 1
1529 1
1530 1
1531 0
1532 1
1533 1
1534 1
1535 1
1536 1
1537 1
1538 1
1539 1
1540 1
1541 1
1542 1
1543 1
1544 1
1545 1
1546 1
1547 1
1548 1
1549 1
1550 1
1551 1
1552 1
1553 0
1554 1
1555 1
1556 1
1557 1
1558 1
1559 1
1560 1
1561 0
1562 1
1563 1
1564 0
1565 1
1566 1
1567 0
1568 1
1569 1
1570 1
1571 2
1572 1
1573 1
1574 1
1575 1
1576 1
1577 1
1578 0
1579 1
1580 1
1581 1
1582 0
1583 1
1584 0
1585 1
1586 1
1587 1
1588 0
1589 0
1590 1
1591 1
1592 0
1593 1
1594 0
1595 1
1596 1
1597 1
1598 1
1599 0
1600 0
1601 0
1602 1
1603 1
1604 0
1605 1
1606 1
1607 0
1608 1
1609 1
1610 0
1611 0
1612 0
1613 1
1614 0
1615 0
1616 0
1617 1
1618 0
1619 1
1620 1
1621 0
1622 1
1623 1
1624 1
1625 1
1626 1
1627 0
1628 1
1629 1
1630 1
1631 1
1632 0
1633 1
1634 1
1635 0
1636 0
1637 0
1638 1
1639 0
1640 0
1641 0
1642 0
1643 0
1644 1
1645 0
1646 0
1647 0
1648 0
1649 0
1650 1
1651 1
1652 1
1653 0
1654 1
1655 1
1656 0
1657 1
1658 1
1659 1
1660 1
1661 1
1662 0
1663 0
1664 0
1665 1
1666 1
1667 1
1668 1
1669 0
1670 1
1671 1
1672 0
1673 1
1674 1
1675 1
1676 1
1677 1
1678 0
1679 0
1680 1
1681 1
1682 1
1683 1
1684 1
1685 1
1686 1
1687 1
1688 1
1689 1
1690 0
1691 1
1692 1
1693 1
1694 1
1695 0
1696 0
1697 1
1698 0
1699 1
1700 1
1701 1
1702 1
1703 1
1704 1
1705 0
1706 1
1707 1
1708 1
1709 0
1710 0
1711 1
1712 1
1713 0
1714 0
1715 1
1716 1
1717 0
1718 1
1719 1
1720 0
1721 0
1722 1
1723 1
1724 1
1725 1
1726 1
1727 0
1728 1
1729 1
1730 1
1731 1
1732 1
1733 1
1734 1
1735 1
1736 1
1737 1
1738 1
1739 1
1740 1
1741 1
1742 0
1743 1
1744 1
1745 1
1746 1
1747 1
1748 1
1749 0
1750 1
1751 2
1752 1
1753 1
1754 1
1755 1
1756 1
1757 1
1758 1
1759 1
1760 0
1761 1
1762 1
1763 1
1764 1
1765 1
1766 1
1767 1
1768 0
1769 1
1770 1
1771 1
1772 0
1773 1
1774 1
1775 1
1776 1
1777 1
1778 1
1779 1
1780 1
1781 1
1782 1
1783 1
1784 1
1785 1
1786 1
1787 2
1788 1
1789 1
1790 1
1791 1
1792 1
1793 1
1794 1
1795 2
1796 1
1797 1
1798 1
1799 1
1800 1
1801 1
1802 1
1803 1
1804 1
1805 1
1806 1
1807 1
1808 1
1809 1
1810 1
1811 1
1812 1
1813 1
1814 1
1815 1
1816 0
1817 1
1818 1
1819 1
1820 1
1821 1
1822 1
1823 1
1824 1
1825 1
1826 1
1827 1
1828 1
1829 2
1830 1
1831 1
1832 0
1833 1
1834 0
1835 1
1836 1
1837 1
1838 1
1839 1
1840 1
1841 0
1842 1
1843 1
1844 1
1845 1
1846 0
1847 0
1848 1
1849 1
1850 1
1851 1
1852 1
1853 1
1854 1
1855 1
1856 1
1857 1
1858 0
1859 1
1860 1
1861 1
1862 1
1863 1
1864 1
1865 1
1866 1
1867 1
1868 1
1869 1
1870 1
1871 1
1872 1
1873 1
1874 1
1875 1
1876 1
1877 1
1878 1
1879 0
1880 1
1881 1
1882 0
1883 0
1884 0
1885 1
1886 0
1887 1
1888 1
1889 1
1890 0
1891 1
1892 1
1893 1
1894 1
1895 1
1896 1
1897 1
1898 2
1899 1
1900 1
1901 1
1902 1
1903 1
1904 1
1905 1
1906 1
1907 1
1908 1
1909 1
1910 0
1911 0
1912 1
1913 0
1914 0
1915 1
1916 0
1917 0
1918 1
1919 0
1920 1
1921 1
1922 0
1923 1
1924 1
1925 1
1926 1
1927 1
1928 1
1929 0
1930 1
1931 1
1932 1
1933 1
1934 1
1935 1
1936 1
1937 0
1938 1
1939 1
1940 1
1941 1
1942 0
1943 1
1944 1
1945 1
1946 1
1947 1
1948 1
1949 1
1950 1
1951 1
1952 1
1953 1
1954 0
1955 1
1956 1
1957 1
1958 1
1959 1
1960 1
1961 1
1962 1
1963 1
1964 1
1965 1
1966 1
1967 1
1968 1
1969 1
1970 1
1971 1
1972 1
1973 1
1974 1
1975 1
1976 1
1977 1
1978 1
1979 1
1980 1
1981 1
1982 1
1983 1
1984 0
1985 1
1986 1
1987 1
1988 0
1989 1
1990 1
1991 1
1992 0
1993 1
1994 1
1995 1
1996 1
1997 1
1998 1
1999 1
