0 0
1 0
2 1
3 0
4 0
5 1
6 0
7 1
8 0
9 0
10 0
11 0
12 0
13 0
14 0
15 0
16 0
17 0
18 0
19 0
20 0
21 0
22 0
23 0
24 0
25 0
26 0
27 0
28 0
29 1
30 2
31 1
32 1
33 1
34 2
35 3
36 0
37 1
38 0
39 0
40 0
41 0
42 0
43 0
44 0
45 0
46 0
47 1
48 0
49 0
50 1
51 0
52 1
53 0
54 0
55 0
56 1
57 1
58 2
59 1
60 1
61 1
62 1
63 0
64 1
65 1
66 0
67 1
68 1
69 1
70 1
71 0
72 0
73 1
74 1
75 1
76 0
77 0
78 1
79 0
80 1
81 1
82 0
83 0
84 0
85 0
86 1
87 0
88 0
89 0
90 0
91 0
92 0
93 0
94 0
95 0
96 1
97 1
98 1
99 2
100 1
101 5
102 1
103 1
104 2
105 2
106 2
107 2
108 2
109 2
110 3
111 2
112 2
113 2
114 1
115 1
116 0
117 2
118 2
119 2
120 4
121 2
122 2
123 3
124 3
125 2
126 3
127 2
128 2
129 3
130 2
131 2
132 3
133 2
134 2
135 4
136 2
137 3
138 2
139 3
140 3
141 2
142 0
143 3
144 3
145 3
146 1
147 4
148 2
149 2
150 1
151 2
152 2
153 2
154 2
155 3
156 2
157 3
158 2
159 2
160 0
161 2
162 2
163 2
164 3
165 2
166 2
167 1
168 3
169 2
170 0
171 1
172 3
173 2
174 2
175 2
176 3
177 2
178 3
179 2
180 2
181 2
182 2
183 3
184 2
185 1
186 2
187 3
188 2
189 2
190 2
191 3
192 2
193 4
194 2
195 3
196 4
197 1
198 3
199 2
200 2
201 2
202 1
203 3
204 4
205 2
206 3
207 3
208 1
209 2
210 3
211 2
212 1
213 2
214 3
215 2
216 2
217 3
218 3
219 2
220 2
221 2
222 2
223 2
224 3
225 2
226 3
227 3
228 2
229 2
230 3
231 4
232 2
233 2
234 2
235 2
236 2
237 2
238 2
239 2
240 2
241 2
242 1
243 3
244 3
245 1
246 2
247 1
248 2
249 3
250 2
251 2
252 2
253 2
254 4
255 3
256 2
257 1
258 3
259 3
260 1
261 3
262 1
263 3
264 2
265 3
266 3
267 3
268 2
269 3
270 3
271 1
272 2
273 2
274 1
275 2
276 3
277 3
278 2
279 2
280 3
281 2
282 3
283 2
284 3
285 2
286 3
287 2
288 1
289 3
290 1
291 3
292 2
293 2
294 1
295 0
296 0
297 2
298 3
299 0
300 0
301 2
302 1
303 0
304 4
305 1
306 1
307 1
308 0
309 1
310 1
311 0
312 3
313 1
314 2
315 3
316 2
317 2
318 1
319 2
320 3
321 1
322 1
323 3
324 1
325 2
326 4
327 2
328 2
329 2
330 1
331 2
332 2
333 2
334 2
335 0
336 2
337 3
338 1
339 4
340 0
341 3
342 3
343 2
344 2
345 2
346 2
347 2
348 3
349 1
350 2
351 1
352 1
353 1
354 3
355 2
356 2
357 1
358 2
359 3
360 1
361 1
362 3
363 3
364 2
365 1
366 1
367 1
368 3
369 3
370 2
371 2
372 3
373 2
374 1
375 1
376 3
377 0
378 2
379 2
380 3
381 3
382 2
383 3
384 2
385 1
386 2
387 2
388 2
389 2
390 2
391 2
392 2
393 2
394 2
395 4
396 1
397 2
398 2
399 1
400 2
401 2
402 2
403 1
404 2
405 1
406 2
407 2
408 3
409 2
410 1
411 2
412 1
413 0
414 2
415 2
416 2
417 2
418 1
419 2
420 2
421 2
422 1
423 0
424 0
425 0
426 0
427 0
428 0
429 0
430 0
431 0
432 0
433 0
434 0
435 0
436 0
437 0
438 0
439 0
440 0
441 1
442 1
443 0
444 0
445 0
446 0
447 0
448 0
449 0
450 0
451 0
452 0
453 0
454 1
455 0
456 0
457 0
458 0
459 0
460 0
461 0
462 0
463 0
464 1
465 3
466 2
467 0
468 0
469 1
470 1
471 1
472 3
473 0
474 1
475 1
476 2
477 1
478 1
479 1
480 1
481 1
482 0
483 3
484 3
485 3
486 2
487 4
488 2
489 1
490 1
491 2
492 2
493 1
494 1
495 2
496 2
497 1
498 1
499 2
500 2
501 1
502 3
503 3
504 3
505 2
506 3
507 1
508 1
509 1
510 2
511 5
512 1
513 1
514 2
515 2
516 2
517 2
518 4
519 0
520 2
521 1
522 1
523 2
524 1
525 2
526 2
527 2
528 2
529 1
530 2
531 1
532 2
533 2
534 2
535 3
536 2
537 2
538 2
539 2
540 3
541 2
542 2
543 2
544 2
545 2
546 2
547 2
548 2
549 3
550 3
551 2
552 3
553 2
554 3
555 2
556 2
557 3
558 2
559 2
560 3
561 2
562 2
563 2
564 2
565 2
566 3
567 2
568 2
569 3
570 2
571 2
572 1
573 3
574 3
575 2
576 2
577 2
578 1
579 4
580 3
581 3
582 2
583 2
584 2
585 2
586 1
587 2
588 3
589 1
590 2
591 2
592 1
593 2
594 1
595 2
596 3
597 1
598 2
599 1
600 2
601 2
602 2
603 2
604 3
605 2
606 2
607 2
608 2
609 2
610 2
611 2
612 2
613 1
614 3
615 3
616 2
617 3
618 2
619 2
620 1
621 2
622 1
623 4
624 2
625 2
626 2
627 1
628 2
629 2
630 2
631 2
632 2
633 1
634 0
635 2
636 2
637 2
638 0
639 2
640 1
641 2
642 2
643 1
644 2
645 1
646 2
647 1
648 2
649 1
650 2
651 3
652 2
653 3
654 1
655 1
656 2
657 3
658 3
659 0
660 2
661 2
662 4
663 1
664 1
665 1
666 1
667 1
668 1
669 1
670 1
671 3
672 2
673 2
674 2
675 2
676 2
677 0
678 3
679 3
680 2
681 2
682 3
683 2
684 2
685 2
686 2
687 1
688 2
689 2
690 2
691 2
692 3
693 2
694 3
695 1
696 2
697 2
698 2
699 2
700 1
701 2
702 2
703 3
704 2
705 3
706 2
707 3
708 3
709 2
710 1
711 2
712 1
713 3
714 2
715 3
716 2
717 0
718 2
719 2
720 1
721 3
722 1
723 1
724 2
725 1
726 1
727 1
728 2
729 3
730 2
731 2
732 2
733 2
734 1
735 2
736 2
737 2
738 2
739 2
740 1
741 2
742 1
743 3
744 0
745 1
746 1
747 0
748 1
749 2
750 0
751 1
752 1
753 1
754 3
755 2
756 2
757 3
758 1
759 2
760 2
761 2
762 2
763 1
764 3
765 2
766 3
767 2
768 1
769 3
770 3
771 2
772 2
773 2
774 2
775 1
776 2
777 2
778 1
779 2
780 2
781 2
782 2
783 1
784 3
785 1
786 2
787 3
788 1
789 1
790 1
791 1
792 2
793 3
794 2
795 3
796 2
797 2
798 2
799 2
800 1
801 2
802 1
803 1
804 1
805 1
806 1
807 1
808 1
809 1
810 2
811 1
812 1
813 1
814 1
815 1
816 1
817 2
818 1
819 2
820 1
821 1
822 0
823 1
824 0
825 2
826 2
827 1
828 1
829 1
830 2
831 1
832 1
833 2
834 1
835 1
836 1
837 0
838 1
839 1
840 2
841 1
842 1
843 2
844 1
845 1
846 2
847 0
848 0
849 2
850 0
851 1
852 1
853 1
854 1
855 2
856 1
857 1
858 1
859 2
860 1
861 0
862 2
863 2
864 2
865 1
866 1
867 0
868 3
869 2
870 2
871 2
872 3
873 2
874 2
875 2
876 1
877 1
878 1
879 1
880 3
881 1
882 2
883 1
884 0
885 1
886 2
887 1
888 3
889 0
890 2
891 2
892 1
893 0
894 2
895 1
896 2
897 2
898 1
899 1
900 3
901 2
902 2
903 4
904 2
905 0
906 3
907 2
908 0
909 2
910 2
911 4
912 0
913 1
914 2
915 0
916 2
917 2
918 2
919 0
920 2
921 4
922 3
923 2
924 2
925 2
926 0
927 3
928 2
929 2
930 0
931 2
932 2
933 2
934 3
935 0
936 2
937 2
938 1
939 1
940 1
941 1
942 0
943 3
944 1
945 3
946 2
947 3
948 2
949 0
950 1
951 1
952 1
953 2
954 2
955 2
956 1
957 1
958 3
959 1
960 1
961 2
962 1
963 3
964 0
965 2
966 1
967 1
968 1
969 1
970 0
971 2
972 1
973 1
974 1
975 3
976 2
977 2
978 1
979 1
980 1
981 1
982 2
983 1
984 2
985 2
986 2
987 1
988 2
989 1
990 2
991 4
992 2
993 1
994 2
995 2
996 2
997 3
998 2
999 2
1000 0
1001 3
1002 2
1003 4
1004 3
1005 2
1006 2
1007 2
1008 2
1009 0
1010 1
1011 1
1012 1
1013 0
1014 1
1015 1
1016 1
1017 2
1018 1
1019 1
1020 1
1021 1
1022 0
1023 0
1024 2
1025 1
1026 0
1027 1
1028 2
1029 1
1030 2
1031 1
1032 2
1033 2
1034 1
1035 3
1036 1
1037 2
1038 1
1039 1
1040 2
1041 1
1042 3
1043 2
1044 3
1045 1
1046 2
1047 2
1048 1
1049 2
1050 4
1051 1
1052 0
1053 1
1054 2
1055 1
1056 1
1057 2
1058 1
1059 2
1060 3
1061 2
1062 1
1063 2
1064 1
1065 2
1066 2
1067 2
1068 2
1069 2
1070 1
1071 2
1072 2
1073 2
1074 1
1075 4
1076 2
1077 1
1078 2
1079 1
1080 2
1081 1
1082 3
1083 1
1084 2
1085 2
1086 1
1087 1
1088 2
1089 2
1090 2
1091 2
1092 1
1093 1
1094 1
1095 3
1096 0
1097 1
1098 3
1099 1
1100 0
1101 0
1102 2
1103 2
1104 3
1105 2
1106 2
1107 2
1108 1
1109 2
1110 1
1111 3
1112 2
1113 1
1114 1
1115 2
1116 1
1117 3
1118 3
1119 4
1120 2
1121 2
1122 2
1123 2
1124 3
1125 1
1126 1
1127 1
1128 2
1129 1
1130 0
1131 2
1132 3
1133 0
1134 1
1135 1
1136 0
1137 2
1138 2
1139 1
1140 3
1141 2
1142 1
1143 1
1144 1
1145 2
1146 0
1147 0
1148 2
1149 1
1150 2
1151 2
1152 1
1153 3
1154 2
1155 2
1156 2
1157 1
1158 1
1159 1
1160 1
1161 2
1162 1
1163 1
1164 1
1165 1
1166 1
1167 1
1168 1
1169 1
1170 1
1171 1
1172 1
1173 1
1174 1
1175 1
1176 2
1177 1
1178 1
1179 1
1180 1
1181 1
1182 1
1183 0
1184 1
1185 1
1186 1
1187 1
1188 0
1189 2
1190 1
1191 1
1192 0
1193 2
1194 2
1195 3
1196 3
1197 1
1198 3
1199 3
1200 0
1201 2
1202 1
1203 3
1204 3
1205 2
1206 3
1207 2
1208 3
1209 1
1210 2
1211 2
1212 3
1213 2
1214 2
1215 3
1216 3
1217 2
1218 2
1219 2
1220 3
1221 2
1222 3
1223 2
1224 2
1225 2
1226 3
1227 2
1228 2
1229 2
1230 2
1231 0
1232 1
1233 2
1234 1
1235 1
1236 1
1237 1
1238 1
1239 1
1240 1
1241 0
1242 2
1243 1
1244 0
1245 2
1246 2
1247 1
1248 1
1249 1
1250 1
1251 2
1252 2
1253 2
1254 1
1255 3
1256 2
1257 2
1258 1
1259 1
1260 3
1261 3
1262 2
1263 1
1264 1
1265 2
1266 2
1267 1
1268 1
1269 1
1270 1
1271 1
1272 1
1273 2
1274 0
1275 0
1276 0
1277 0
1278 2
1279 0
1280 0
1281 0
1282 0
1283 0
1284 0
1285 0
1286 0
1287 0
1288 2
1289 2
1290 1
1291 2
1292 3
1293 1
1294 1
1295 1
1296 2
1297 1
1298 2
1299 2
1300 2
1301 2
1302 2
1303 1
1304 2
1305 2
1306 2
1307 2
1308 0
1309 1
1310 0
1311 3
1312 1
1313 1
1314 1
1315 1
1316 2
1317 2
1318 1
1319 2
1320 2
1321 1
1322 0
1323 1
1324 2
1325 2
1326 4
1327 2
1328 2
1329 2
1330 1
1331 2
1332 2
1333 2
1334 2
1335 3
1336 2
1337 2
1338 2
1339 2
1340 2
1341 3
1342 2
1343 4
1344 1
1345 2
1346 2
1347 2
1348 3
1349 2
1350 3
1351 2
1352 2
1353 3
1354 2
1355 3
1356 2
1357 2
1358 2
1359 2
1360 2
1361 2
1362 2
1363 2
1364 2
1365 2
1366 2
1367 2
1368 2
1369 3
1370 2
1371 1
1372 2
1373 2
1374 2
1375 2
1376 2
1377 3
1378 2
1379 1
1380 1
1381 2
1382 1
1383 2
1384 2
1385 2
1386 1
1387 2
1388 1
1389 2
1390 2
1391 3
1392 2
1393 1
1394 1
1395 1
1396 2
1397 2
1398 2
1399 2
1400 1
1401 3
1402 3
1403 2
1404 2
1405 2
1406 1
1407 2
1408 1
1409 3
1410 2
1411 2
1412 2
1413 3
1414 2
1415 2
1416 3
1417 1
1418 2
1419 2
1420 2
1421 0
1422 0
1423 1
1424 2
1425 1
1426 1
1427 2
1428 1
1429 2
1430 1
1431 2
1432 2
1433 1
1434 1
1435 2
1436 1
1437 3
1438 0
1439 2
1440 2
1441 1
1442 1
1443 0
1444 2
1445 2
1446 3
1447 1
1448 1
1449 0
1450 1
1451 0
1452 0
1453 0
1454 1
1455 1
1456 2
1457 1
1458 2
1459 2
1460 2
1461 4
1462 2
1463 1
1464 2
1465 3
1466 1
1467 1
1468 1
1469 2
1470 1
1471 1
1472 1
1473 1
1474 3
1475 2
1476 1
1477 2
1478 2
1479 1
1480 1
1481 2
1482 1
1483 1
1484 1
1485 1
1486 1
1487 1
1488 0
1489 2
1490 1
1491 1
1492 2
1493 2
1494 1
1495 2
1496 2
1497 1
1498 2
1499 1
1500 1
1501 1
1502 3
1503 1
1504 3
1505 0
1506 1
1507 3
1508 1
1509 3
1510 2
1511 0
1512 2
1513 2
1514 2
1515 2
1516 1
1517 1
1518 1
1519 2
1520 2
1521 1
1522 0
1523 1
1524 0
1525 0
1526 2
1527 0
1528 2
1529 2
1530 2
1531 0
1532 2
1533 1
1534 1
1535 0
1536 1
1537 1
1538 1
1539 1
1540 1
1541 1
1542 1
1543 1
1544 1
1545 1
1546 0
1547 0
1548 1
1549 1
1550 1
1551 1
1552 1
1553 1
1554 1
1555 1
1556 2
1557 1
1558 1
1559 2
1560 1
1561 1
1562 1
1563 1
1564 1
1565 1
1566 2
1567 1
1568 1
1569 2
1570 3
1571 1
1572 1
1573 1
1574 1
1575 3
1576 1
1577 1
1578 1
1579 2
1580 1
1581 2
1582 2
1583 2
1584 2
1585 2
1586 2
1587 2
1588 1
1589 1
1590 1
1591 3
1592 3
1593 2
1594 2
1595 2
1596 2
1597 1
1598 2
1599 1
1600 1
1601 2
1602 1
1603 2
1604 1
1605 1
1606 2
1607 2
1608 0
1609 2
1610 1
1611 2
1612 2
1613 2
1614 2
1615 2
1616 1
1617 2
1618 2
1619 1
1620 2
1621 1
1622 1
1623 1
1624 0
1625 2
1626 1
1627 4
1628 2
1629 3
1630 2
1631 3
1632 2
1633 3
1634 3
1635 2
1636 2
1637 4
1638 2
1639 2
1640 1
1641 2
1642 1
1643 0
1644 2
1645 0
1646 2
1647 3
1648 2
1649 2
1650 2
1651 3
1652 2
1653 2
1654 2
1655 1
1656 2
1657 2
1658 2
1659 4
1660 2
1661 2
1662 2
1663 4
1664 2
1665 1
1666 2
1667 1
1668 1
1669 2
1670 3
1671 3
1672 1
1673 1
1674 3
1675 1
1676 1
1677 2
1678 3
1679 0
1680 1
1681 2
1682 2
1683 2
1684 3
1685 2
1686 2
1687 0
1688 2
1689 2
1690 2
1691 1
1692 1
1693 2
1694 0
1695 2
1696 2
1697 2
1698 1
1699 2
1700 1
1701 3
1702 3
1703 3
1704 1
1705 2
1706 2
1707 2
1708 3
1709 2
1710 3
1711 2
1712 3
1713 4
1714 2
1715 2
1716 2
1717 2
1718 3
1719 2
1720 1
1721 2
1722 3
1723 0
1724 0
1725 0
1726 2
1727 2
1728 2
1729 2
1730 1
1731 2
1732 2
1733 2
1734 2
1735 1
1736 2
1737 1
1738 2
1739 2
1740 1
1741 1
1742 2
1743 2
1744 1
1745 1
1746 2
1747 2
1748 2
1749 3
1750 2
1751 1
1752 2
1753 2
1754 2
1755 1
1756 3
1757 2
1758 1
1759 2
1760 2
1761 2
1762 2
1763 2
1764 1
1765 1
1766 2
1767 2
1768 1
1769 2
1770 2
1771 2
1772 1
1773 2
1774 2
1775 3
1776 2
1777 1
1778 2
1779 2
1780 2
1781 4
1782 2
1783 1
1784 2
1785 3
1786 2
1787 3
1788 2
1789 1
1790 2
1791 2
1792 1
1793 2
1794 2
1795 2
1796 1
1797 1
1798 0
1799 1
1800 2
1801 0
1802 1
1803 2
1804 3
1805 2
1806 3
1807 2
1808 2
1809 1
1810 3
1811 3
1812 1
1813 2
1814 1
1815 2
1816 2
1817 1
1818 1
1819 2
1820 1
1821 2
1822 2
1823 4
1824 2
1825 1
1826 2
1827 0
1828 1
1829 1
1830 2
1831 1
1832 0
1833 0
1834 0
1835 0
1836 0
1837 1
1838 0
1839 1
1840 2
1841 1
1842 2
1843 2
1844 2
1845 2
1846 1
1847 2
1848 2
1849 3
1850 3
1851 2
1852 2
1853 2
1854 3
1855 2
1856 1
1857 2
1858 2
1859 2
1860 3
1861 3
1862 1
1863 2
1864 2
1865 2
1866 1
1867 2
1868 2
1869 2
1870 1
1871 2
1872 2
1873 2
1874 2
1875 0
1876 1
1877 0
1878 1
1879 2
1880 2
1881 2
1882 3
1883 1
1884 1
1885 2
1886 2
1887 2
1888 2
1889 1
1890 1
1891 2
1892 2
1893 2
1894 2
1895 2
1896 1
1897 2
1898 2
1899 2
1900 2
1901 2
1902 3
1903 2
1904 2
1905 2
1906 2
1907 2
1908 2
1909 4
1910 1
1911 1
1912 1
1913 4
1914 3
1915 1
1916 2
1917 1
1918 1
1919 2
1920 2
1921 2
1922 1
1923 1
1924 0
1925 1
1926 0
1927 0
1928 2
1929 3
1930 1
1931 3
1932 0
1933 0
1934 2
1935 2
1936 3
1937 1
1938 2
1939 3
1940 2
1941 1
1942 1
1943 2
1944 2
1945 3
1946 1
1947 2
1948 2
1949 2
1950 2
1951 2
1952 2
1953 2
1954 3
1955 2
1956 3
1957 1
1958 1
1959 3
1960 3
1961 1
1962 0
1963 0
1964 0
1965 0
1966 0
1967 0
1968 1
1969 0
1970 0
1971 0
1972 0
1973 0
1974 0
1975 0
1976 1
1977 1
1978 0
1979 0
1980 0
1981 0
1982 0
1983 0
1984 1
1985 0
1986 0
1987 0
1988 0
1989 0
1990 0
1991 0
1992 1
1993 0
1994 1
1995 1
1996 1
1997 0
1998 1
1999 1
