0 2
1 2
2 2
3 1
4 3
5 2
6 2
7 2
8 1
9 2
10 1
11 2
12 3
13 2
14 2
15 1
16 2
17 1
18 2
19 2
20 2
21 2
22 4
23 2
24 4
25 2
26 3
27 2
28 1
29 2
30 2
31 2
32 2
33 2
34 1
35 2
36 2
37 4
38 1
39 1
40 0
41 1
42 2
43 0
44 0
45 0
46 0
47 1
48 1
49 1
50 1
51 2
52 2
53 1
54 1
55 2
56 2
57 1
58 3
59 3
60 2
61 2
62 2
63 1
64 1
65 1
66 1
67 1
68 1
69 4
70 2
71 0
72 2
73 1
74 1
75 2
76 2
77 3
78 3
79 3
80 2
81 1
82 2
83 2
84 2
85 1
86 2
87 2
88 0
89 2
90 1
91 3
92 2
93 2
94 1
95 1
96 1
97 2
98 2
99 2
100 2
101 1
102 1
103 1
104 1
105 1
106 1
107 1
108 1
109 0
110 1
111 2
112 0
113 0
114 1
115 2
116 2
117 3
118 3
119 2
120 3
121 3
122 4
123 3
124 4
125 2
126 3
127 1
128 1
129 2
130 1
131 1
132 1
133 3
134 2
135 2
136 1
137 1
138 1
139 1
140 1
141 2
142 2
143 2
144 1
145 2
146 2
147 2
148 2
149 2
150 1
151 2
152 1
153 2
154 3
155 1
156 2
157 2
158 3
159 2
160 2
161 2
162 3
163 2
164 2
165 1
166 2
167 1
168 2
169 1
170 2
171 0
172 2
173 3
174 2
175 2
176 2
177 3
178 2
179 3
180 3
181 1
182 3
183 1
184 2
185 2
186 3
187 2
188 2
189 1
190 1
191 2
192 3
193 3
194 1
195 2
196 1
197 1
198 2
199 1
200 5
201 2
202 2
203 2
204 2
205 2
206 1
207 1
208 2
209 3
210 2
211 2
212 2
213 2
214 2
215 2
216 2
217 1
218 1
219 1
220 2
221 2
222 3
223 2
224 1
225 1
226 2
227 1
228 1
229 2
230 2
231 1
232 2
233 2
234 3
235 2
236 3
237 1
238 1
239 1
240 4
241 0
242 3
243 1
244 1
245 1
246 1
247 1
248 1
249 3
250 2
251 2
252 1
253 0
254 2
255 1
256 1
257 1
258 0
259 0
260 1
261 2
262 0
263 2
264 0
265 1
266 2
267 2
268 2
269 2
270 2
271 2
272 2
273 2
274 2
275 2
276 2
277 2
278 1
279 2
280 2
281 2
282 3
283 3
284 3
285 3
286 1
287 2
288 3
289 1
290 3
291 2
292 3
293 1
294 2
295 1
296 2
297 2
298 3
299 2
300 2
301 1
302 1
303 2
304 1
305 1
306 2
307 2
308 1
309 2
310 2
311 2
312 2
313 1
314 0
315 3
316 1
317 2
318 1
319 2
320 2
321 2
322 4
323 1
324 1
325 1
326 1
327 1
328 0
329 1
330 1
331 1
332 1
333 1
334 1
335 1
336 1
337 2
338 1
339 1
340 1
341 1
342 2
343 1
344 3
345 1
346 0
347 1
348 1
349 1
350 1
351 2
352 1
353 2
354 1
355 2
356 1
357 1
358 1
359 2
360 1
361 1
362 1
363 2
364 1
365 2
366 1
367 1
368 2
369 0
370 1
371 2
372 1
373 3
374 1
375 1
376 2
377 2
378 2
379 1
380 1
381 2
382 2
383 2
384 2
385 2
386 1
387 0
388 1
389 0
390 2
391 2
392 1
393 2
394 2
395 1
396 3
397 2
398 2
399 2
400 1
401 2
402 2
403 3
404 2
405 1
406 2
407 2
408 2
409 2
410 0
411 3
412 2
413 2
414 1
415 1
416 3
417 2
418 2
419 2
420 1
421 2
422 2
423 1
424 1
425 1
426 1
427 0
428 2
429 2
430 1
431 1
432 1
433 2
434 2
435 0
436 1
437 2
438 3
439 0
440 3
441 2
442 3
443 1
444 2
445 2
446 2
447 0
448 1
449 4
450 3
451 0
452 3
453 3
454 2
455 3
456 2
457 3
458 2
459 0
460 3
461 2
462 2
463 0
464 2
465 1
466 1
467 2
468 1
469 2
470 2
471 2
472 2
473 4
474 2
475 2
476 2
477 1
478 1
479 2
480 1
481 2
482 0
483 3
484 1
485 2
486 3
487 2
488 2
489 2
490 2
491 2
492 1
493 2
494 1
495 3
496 2
497 1
498 1
499 1
500 3
501 2
502 3
503 0
504 2
505 3
506 3
507 1
508 1
509 2
510 3
511 2
512 3
513 1
514 0
515 3
516 1
517 2
518 2
519 1
520 2
521 2
522 1
523 2
524 1
525 1
526 1
527 2
528 1
529 1
530 2
531 2
532 2
533 1
534 0
535 4
536 1
537 2
538 2
539 3
540 2
541 1
542 1
543 2
544 0
545 1
546 1
547 1
548 2
549 2
550 2
551 2
552 1
553 1
554 2
555 1
556 2
557 0
558 1
559 1
560 1
561 1
562 1
563 2
564 1
565 1
566 0
567 1
568 2
569 3
570 1
571 1
572 0
573 3
574 2
575 2
576 1
577 1
578 2
579 3
580 3
581 3
582 2
583 2
584 0
585 2
586 2
587 2
588 3
589 1
590 1
591 2
592 0
593 2
594 3
595 1
596 2
597 1
598 2
599 2
600 1
601 2
602 1
603 1
604 0
605 2
606 1
607 3
608 1
609 1
610 1
611 0
612 2
613 1
614 1
615 0
616 1
617 0
618 2
619 2
620 1
621 3
622 1
623 0
624 3
625 2
626 2
627 3
628 1
629 1
630 2
631 2
632 1
633 1
634 2
635 1
636 2
637 2
638 3
639 1
640 1
641 1
642 2
643 1
644 1
645 1
646 1
647 0
648 0
649 2
650 1
651 1
652 1
653 1
654 2
655 2
656 2
657 2
658 1
659 4
660 1
661 4
662 2
663 1
664 3
665 4
666 3
667 3
668 2
669 2
670 1
671 1
672 2
673 2
674 2
675 4
676 1
677 1
678 1
679 1
680 0
681 0
682 1
683 1
684 1
685 1
686 2
687 2
688 3
689 3
690 4
691 2
692 2
693 4
694 2
695 2
696 1
697 4
698 4
699 1
700 2
701 4
702 1
703 1
704 3
705 2
706 2
707 2
708 3
709 5
710 4
711 3
712 1
713 2
714 2
715 3
716 1
717 1
718 3
719 2
720 3
721 1
722 1
723 2
724 2
725 2
726 2
727 2
728 3
729 2
730 2
731 3
732 3
733 0
734 1
735 0
736 0
737 3
738 1
739 3
740 4
741 3
742 2
743 4
744 4
745 3
746 6
747 5
748 5
749 4
750 3
751 3
752 1
753 4
754 3
755 3
756 2
757 2
758 2
759 1
760 3
761 2
762 4
763 4
764 3
765 3
766 5
767 4
768 4
769 3
770 2
771 2
772 4
773 3
774 2
775 3
776 3
777 6
778 3
779 5
780 4
781 5
782 3
783 3
784 5
785 3
786 4
787 4
788 3
789 3
790 3
791 3
792 4
793 4
794 1
795 2
796 3
797 3
798 3
799 2
800 4
801 3
802 3
803 3
804 5
805 2
806 4
807 2
808 3
809 5
810 4
811 3
812 3
813 5
814 4
815 3
816 4
817 0
818 2
819 3
820 2
821 3
822 5
823 4
824 3
825 2
826 3
827 5
828 6
829 4
830 2
831 4
832 3
833 3
834 2
835 3
836 2
837 3
838 3
839 4
840 2
841 4
842 3
843 4
844 4
845 2
846 2
847 3
848 2
849 1
850 4
851 2
852 2
853 3
854 4
855 2
856 4
857 3
858 2
859 3
860 4
861 2
862 4
863 2
864 3
865 4
866 5
867 5
868 4
869 4
870 3
871 2
872 2
873 2
874 4
875 1
876 2
877 3
878 3
879 4
880 2
881 3
882 2
883 3
884 2
885 5
886 1
887 4
888 4
889 3
890 3
891 3
892 2
893 3
894 3
895 2
896 5
897 3
898 4
899 3
900 2
901 4
902 2
903 3
904 4
905 2
906 5
907 4
908 4
909 3
910 2
911 3
912 1
913 3
914 2
915 2
916 3
917 1
918 2
919 3
920 1
921 4
922 5
923 3
924 3
925 3
926 1
927 1
928 1
929 1
930 1
931 2
932 2
933 1
934 2
935 2
936 1
937 1
938 1
939 2
940 2
941 1
942 2
943 1
944 1
945 1
946 1
947 1
948 0
949 1
950 1
951 0
952 2
953 1
954 1
955 0
956 1
957 1
958 1
959 0
960 0
961 1
962 0
963 1
964 2
965 0
966 1
967 1
968 1
969 1
970 1
971 1
972 1
973 2
974 0
975 1
976 1
977 1
978 1
979 0
980 0
981 1
982 1
983 1
984 1
985 0
986 0
987 1
988 0
989 1
990 1
991 0
992 1
993 1
994 1
995 1
996 1
997 2
998 1
999 1
1000 2
1001 1
1002 1
1003 0
1004 2
1005 0
1006 1
1007 2
1008 2
1009 0
1010 1
1011 1
1012 1
1013 1
1014 1
1015 2
1016 1
1017 1
1018 2
1019 1
1020 0
1021 1
1022 0
1023 1
1024 1
1025 0
1026 1
1027 1
1028 2
1029 2
1030 2
1031 2
1032 4
1033 3
1034 2
1035 2
1036 0
1037 3
1038 2
1039 1
1040 2
1041 1
1042 2
1043 1
1044 2
1045 1
1046 4
1047 3
1048 3
1049 1
1050 2
1051 1
1052 2
1053 4
1054 2
1055 4
1056 2
1057 1
1058 2
1059 2
1060 1
1061 1
1062 1
1063 1
1064 2
1065 2
1066 3
1067 3
1068 2
1069 2
1070 4
1071 1
1072 3
1073 2
1074 2
1075 4
1076 3
1077 3
1078 2
1079 1
1080 3
1081 2
1082 1
1083 2
1084 2
1085 3
1086 4
1087 2
1088 3
1089 2
1090 3
1091 2
1092 1
1093 2
1094 1
1095 2
1096 2
1097 2
1098 2
1099 3
1100 2
1101 3
1102 2
1103 3
1104 3
1105 3
1106 2
1107 1
1108 3
1109 3
1110 1
1111 3
1112 2
1113 4
1114 2
1115 3
1116 2
1117 3
1118 0
1119 2
1120 3
1121 4
1122 3
1123 2
1124 2
1125 3
1126 2
1127 2
1128 4
1129 2
1130 2
1131 3
1132 2
1133 3
1134 2
1135 0
1136 1
1137 3
1138 3
1139 1
1140 2
1141 1
1142 3
1143 3
1144 2
1145 2
1146 2
1147 1
1148 2
1149 2
1150 1
1151 2
1152 3
1153 3
1154 2
1155 3
1156 2
1157 3
1158 3
1159 3
1160 3
1161 3
1162 3
1163 3
1164 3
1165 2
1166 2
1167 3
1168 4
1169 2
1170 2
1171 3
1172 4
1173 2
1174 4
1175 1
1176 2
1177 3
1178 3
1179 3
1180 3
1181 2
1182 2
1183 3
1184 2
1185 3
1186 2
1187 1
1188 3
1189 3
1190 4
1191 1
1192 3
1193 1
1194 3
1195 3
1196 3
1197 2
1198 3
1199 4
1200 1
1201 3
1202 2
1203 3
1204 3
1205 4
1206 3
1207 3
1208 2
1209 2
1210 3
1211 2
1212 5
1213 2
1214 2
1215 3
1216 1
1217 2
1218 2
1219 3
1220 2
1221 2
1222 1
1223 2
1224 2
1225 5
1226 3
1227 1
1228 3
1229 2
1230 2
1231 3
1232 3
1233 3
1234 3
1235 2
1236 1
1237 0
1238 1
1239 3
1240 2
1241 2
1242 3
1243 1
1244 2
1245 2
1246 0
1247 4
1248 2
1249 1
1250 2
1251 2
1252 1
1253 4
1254 3
1255 1
1256 2
1257 3
1258 3
1259 2
1260 3
1261 2
1262 2
1263 4
1264 2
1265 3
1266 2
1267 5
1268 2
1269 3
1270 3
1271 2
1272 3
1273 2
1274 3
1275 2
1276 3
1277 2
1278 1
1279 1
1280 2
1281 3
1282 3
1283 3
1284 2
1285 2
1286 1
1287 1
1288 3
1289 3
1290 1
1291 4
1292 2
1293 2
1294 2
1295 2
1296 0
1297 2
1298 2
1299 2
1300 4
1301 3
1302 2
1303 2
1304 4
1305 1
1306 0
1307 2
1308 3
1309 4
1310 3
1311 1
1312 1
1313 2
1314 2
1315 2
1316 2
1317 1
1318 3
1319 2
1320 2
1321 4
1322 1
1323 3
1324 3
1325 1
1326 1
1327 4
1328 4
1329 1
1330 4
1331 3
1332 3
1333 2
1334 3
1335 1
1336 1
1337 1
1338 2
1339 2
1340 3
1341 2
1342 1
1343 0
1344 2
1345 3
1346 2
1347 1
1348 2
1349 3
1350 2
1351 1
1352 2
1353 3
1354 1
1355 3
1356 1
1357 3
1358 0
1359 2
1360 2
1361 3
1362 2
1363 2
1364 2
1365 2
1366 2
1367 2
1368 3
1369 3
1370 2
1371 2
1372 2
1373 2
1374 4
1375 2
1376 2
1377 4
1378 3
1379 2
1380 3
1381 2
1382 2
1383 1
1384 3
1385 4
1386 2
1387 2
1388 2
1389 4
1390 4
1391 2
1392 2
1393 4
1394 2
1395 2
1396 2
1397 2
1398 4
1399 3
1400 2
1401 5
1402 3
1403 4
1404 4
1405 1
1406 3
1407 2
1408 2
1409 2
1410 1
1411 2
1412 2
1413 3
1414 2
1415 2
1416 1
1417 3
1418 3
1419 3
1420 3
1421 2
1422 3
1423 2
1424 1
1425 1
1426 2
1427 2
1428 1
1429 3
1430 3
1431 1
1432 2
1433 1
1434 3
1435 2
1436 2
1437 3
1438 2
1439 3
1440 1
1441 2
1442 1
1443 1
1444 3
1445 3
1446 1
1447 3
1448 2
1449 3
1450 3
1451 2
1452 2
1453 3
1454 3
1455 1
1456 2
1457 2
1458 2
1459 1
1460 2
1461 3
1462 2
1463 2
1464 2
1465 2
1466 2
1467 2
1468 1
1469 2
1470 1
1471 1
1472 2
1473 2
1474 2
1475 2
1476 3
1477 3
1478 2
1479 2
1480 3
1481 3
1482 2
1483 2
1484 3
1485 3
1486 2
1487 2
1488 4
1489 2
1490 2
1491 1
1492 3
1493 1
1494 2
1495 2
1496 3
1497 3
1498 2
1499 3
1500 2
1501 3
1502 1
1503 1
1504 3
1505 2
1506 2
1507 2
1508 1
1509 0
1510 1
1511 2
1512 2
1513 1
1514 2
1515 2
1516 2
1517 3
1518 2
1519 2
1520 4
1521 2
1522 2
1523 2
1524 2
1525 1
1526 2
1527 0
1528 2
1529 4
1530 2
1531 3
1532 3
1533 2
1534 2
1535 3
1536 1
1537 1
1538 2
1539 2
1540 1
1541 2
1542 2
1543 2
1544 2
1545 0
1546 3
1547 4
1548 2
1549 1
1550 1
1551 1
1552 1
1553 2
1554 3
1555 2
1556 4
1557 1
1558 1
1559 2
1560 3
1561 1
1562 2
1563 5
1564 1
1565 2
1566 2
1567 2
1568 1
1569 1
1570 2
1571 2
1572 2
1573 0
1574 1
1575 2
1576 1
1577 2
1578 1
1579 2
1580 2
1581 3
1582 2
1583 2
1584 2
1585 2
1586 2
1587 2
1588 2
1589 1
1590 2
1591 1
1592 3
1593 2
1594 1
1595 1
1596 0
1597 2
1598 3
1599 2
1600 3
1601 2
1602 2
1603 3
1604 3
1605 3
1606 4
1607 2
1608 3
1609 2
1610 3
1611 3
1612 1
1613 0
1614 2
1615 1
1616 3
1617 3
1618 3
1619 2
1620 3
1621 1
1622 2
1623 2
1624 1
1625 3
1626 3
1627 2
1628 2
1629 3
1630 3
1631 2
1632 2
1633 2
1634 2
1635 1
1636 0
1637 3
1638 2
1639 3
1640 2
1641 2
1642 2
1643 2
1644 2
1645 3
1646 1
1647 2
1648 2
1649 2
1650 2
1651 2
1652 3
1653 2
1654 2
1655 1
1656 2
1657 2
1658 3
1659 2
1660 2
1661 1
1662 3
1663 2
1664 1
1665 1
1666 3
1667 3
1668 3
1669 2
1670 3
1671 1
1672 1
1673 2
1674 1
1675 3
1676 2
1677 2
1678 1
1679 1
1680 0
1681 1
1682 1
1683 1
1684 1
1685 1
1686 1
1687 1
1688 1
1689 1
1690 1
1691 1
1692 0
1693 1
1694 1
1695 1
1696 1
1697 1
1698 1
1699 2
1700 2
1701 1
1702 0
1703 3
1704 1
1705 1
1706 1
1707 1
1708 0
1709 1
1710 2
1711 2
1712 1
1713 0
1714 0
1715 1
1716 1
1717 2
1718 2
1719 1
1720 1
1721 1
1722 1
1723 2
1724 2
1725 1
1726 2
1727 2
1728 1
1729 1
1730 1
1731 1
1732 1
1733 1
1734 1
1735 2
1736 2
1737 1
1738 2
1739 3
1740 2
1741 1
1742 1
1743 3
1744 1
1745 3
1746 2
1747 3
1748 2
1749 4
1750 3
1751 1
1752 3
1753 2
1754 2
1755 3
1756 3
1757 2
1758 3
1759 5
1760 2
1761 2
1762 4
1763 2
1764 1
1765 3
1766 2
1767 2
1768 3
1769 3
1770 1
1771 2
1772 2
1773 4
1774 1
1775 1
1776 3
1777 4
1778 2
1779 2
1780 1
1781 2
1782 2
1783 3
1784 3
1785 4
1786 3
1787 3
1788 3
1789 3
1790 2
1791 1
1792 1
1793 2
1794 2
1795 3
1796 2
1797 3
1798 2
1799 2
1800 3
1801 1
1802 2
1803 3
1804 2
1805 4
1806 3
1807 2
1808 3
1809 2
1810 2
1811 1
1812 3
1813 1
1814 2
1815 2
1816 2
1817 1
1818 2
1819 2
1820 3
1821 3
1822 2
1823 2
1824 1
1825 1
1826 2
1827 2
1828 2
1829 2
1830 2
1831 4
1832 2
1833 1
1834 2
1835 1
1836 2
1837 3
1838 1
1839 2
1840 3
1841 3
1842 2
1843 1
1844 2
1845 2
1846 2
1847 2
1848 3
1849 1
1850 1
1851 1
1852 1
1853 2
1854 2
1855 1
1856 3
1857 1
1858 1
1859 2
1860 2
1861 2
1862 2
1863 1
1864 3
1865 1
1866 2
1867 2
1868 3
1869 1
1870 2
1871 2
1872 2
1873 3
1874 2
1875 3
1876 3
1877 3
1878 2
1879 2
1880 2
1881 1
1882 1
1883 2
1884 3
1885 1
1886 3
1887 1
1888 3
1889 2
1890 2
1891 2
1892 0
1893 1
1894 2
1895 2
1896 1
1897 2
1898 1
1899 1
1900 2
1901 2
1902 2
1903 4
1904 2
1905 2
1906 3
1907 3
1908 2
1909 2
1910 2
1911 0
1912 2
1913 2
1914 1
1915 2
1916 1
1917 1
1918 2
1919 1
1920 2
1921 2
1922 0
1923 0
1924 1
1925 4
1926 2
1927 2
1928 3
1929 2
1930 3
1931 1
1932 1
1933 1
1934 2
1935 1
1936 1
1937 2
1938 1
1939 2
1940 2
1941 2
1942 2
1943 1
1944 3
1945 1
1946 2
1947 3
1948 2
1949 2
1950 2
1951 2
1952 5
1953 3
1954 2
1955 2
1956 2
1957 1
1958 2
1959 1
1960 1
1961 3
1962 2
1963 2
1964 1
1965 3
1966 2
1967 2
1968 2
1969 1
1970 2
1971 2
1972 1
1973 3
1974 3
1975 1
1976 2
1977 2
1978 3
1979 3
1980 2
1981 2
1982 2
1983 3
1984 2
1985 2
1986 2
1987 3
1988 2
1989 2
1990 2
1991 2
1992 1
1993 2
1994 2
1995 1
1996 3
1997 1
1998 2
1999 3
