0 2
1 2
2 2
3 2
4 1
5 1
6 2
7 2
8 1
9 2
10 2
11 0
12 0
13 2
14 2
15 2
16 1
17 2
18 2
19 2
20 2
21 2
22 2
23 1
24 3
25 2
26 0
27 2
28 1
29 2
30 2
31 2
32 2
33 3
34 2
35 2
36 3
37 2
38 2
39 2
40 2
41 1
42 2
43 1
44 1
45 1
46 1
47 0
48 2
49 2
50 2
51 2
52 1
53 2
54 0
55 2
56 2
57 3
58 0
59 0
60 1
61 1
62 1
63 1
64 2
65 1
66 2
67 2
68 1
69 2
70 2
71 2
72 2
73 1
74 1
75 2
76 1
77 2
78 0
79 1
80 2
81 0
82 2
83 3
84 2
85 0
86 1
87 0
88 2
89 1
90 2
91 1
92 2
93 2
94 1
95 2
96 1
97 1
98 1
99 2
100 1
101 0
102 0
103 2
104 1
105 2
106 2
107 2
108 2
109 2
110 0
111 0
112 0
113 0
114 0
115 0
116 0
117 0
118 0
119 0
120 0
121 1
122 1
123 2
124 1
125 0
126 0
127 0
128 0
129 0
130 1
131 2
132 0
133 0
134 2
135 2
136 1
137 2
138 2
139 2
140 0
141 0
142 1
143 0
144 0
145 0
146 0
147 0
148 0
149 0
150 0
151 0
152 0
153 0
154 1
155 2
156 1
157 1
158 0
159 0
160 0
161 1
162 1
163 1
164 0
165 1
166 0
167 0
168 0
169 1
170 1
171 1
172 0
173 1
174 1
175 1
176 1
177 0
178 1
179 0
180 0
181 1
182 2
183 1
184 1
185 1
186 1
187 1
188 1
189 0
190 1
191 1
192 1
193 0
194 0
195 1
196 1
197 1
198 0
199 1
200 1
201 0
202 1
203 1
204 1
205 1
206 2
207 0
208 1
209 1
210 0
211 1
212 1
213 1
214 1
215 1
216 1
217 0
218 2
219 1
220 0
221 0
222 0
223 1
224 0
225 2
226 0
227 1
228 0
229 0
230 0
231 1
232 1
233 2
234 1
235 0
236 0
237 1
238 0
239 0
240 0
241 0
242 1
243 1
244 3
245 2
246 2
247 2
248 2
249 1
250 1
251 0
252 1
253 2
254 0
255 0
256 1
257 2
258 2
259 2
260 0
261 2
262 2
263 2
264 2
265 2
266 0
267 1
268 1
269 1
270 1
271 1
272 2
273 0
274 0
275 0
276 0
277 0
278 0
279 0
280 0
281 0
282 0
283 0
284 0
285 0
286 0
287 0
288 0
289 0
290 0
291 2
292 0
293 0
294 1
295 0
296 2
297 1
298 0
299 1
300 1
301 1
302 2
303 1
304 1
305 0
306 1
307 1
308 1
309 2
310 2
311 1
312 1
313 1
314 2
315 1
316 0
317 1
318 1
319 2
320 1
321 2
322 1
323 2
324 2
325 1
326 0
327 0
328 1
329 1
330 1
331 0
332 0
333 0
334 0
335 1
336 2
337 1
338 0
339 2
340 2
341 2
342 1
343 1
344 3
345 2
346 2
347 1
348 1
349 2
350 1
351 2
352 2
353 3
354 1
355 2
356 1
357 0
358 0
359 0
360 1
361 0
362 0
363 1
364 2
365 1
366 1
367 0
368 0
369 1
370 0
371 0
372 0
373 0
374 0
375 0
376 0
377 0
378 0
379 0
380 1
381 0
382 1
383 0
384 0
385 1
386 0
387 0
388 0
389 0
390 0
391 1
392 0
393 0
394 0
395 1
396 0
397 0
398 1
399 1
400 0
401 0
402 0
403 0
404 0
405 1
406 0
407 2
408 0
409 2
410 3
411 2
412 1
413 1
414 1
415 1
416 0
417 0
418 0
419 0
420 0
421 0
422 0
423 0
424 0
425 2
426 1
427 0
428 2
429 1
430 1
431 2
432 2
433 2
434 2
435 1
436 0
437 2
438 2
439 0
440 1
441 1
442 1
443 2
444 2
445 2
446 2
447 2
448 2
449 2
450 0
451 2
452 2
453 1
454 2
455 1
456 2
457 2
458 0
459 0
460 0
461 1
462 2
463 2
464 1
465 2
466 2
467 2
468 0
469 0
470 0
471 2
472 1
473 0
474 3
475 0
476 2
477 2
478 1
479 0
480 2
481 1
482 2
483 2
484 1
485 1
486 2
487 1
488 1
489 2
490 2
491 2
492 2
493 2
494 2
495 2
496 1
497 1
498 2
499 2
500 2
501 2
502 2
503 2
504 2
505 2
506 2
507 1
508 2
509 1
510 3
511 2
512 2
513 1
514 2
515 1
516 1
517 2
518 2
519 2
520 1
521 1
522 0
523 2
524 1
525 1
526 1
527 2
528 2
529 1
530 3
531 1
532 0
533 1
534 1
535 1
536 2
537 2
538 1
539 1
540 0
541 2
542 1
543 2
544 2
545 0
546 0
547 0
548 2
549 1
550 1
551 0
552 1
553 1
554 0
555 1
556 2
557 1
558 2
559 3
560 3
561 2
562 2
563 3
564 2
565 1
566 1
567 0
568 1
569 2
570 2
571 1
572 1
573 2
574 1
575 2
576 1
577 1
578 2
579 2
580 1
581 2
582 1
583 1
584 2
585 0
586 0
587 0
588 1
589 1
590 1
591 1
592 3
593 2
594 0
595 1
596 0
597 1
598 1
599 1
600 1
601 0
602 1
603 1
604 0
605 1
606 2
607 1
608 0
609 2
610 2
611 2
612 0
613 0
614 0
615 1
616 2
617 1
618 0
619 1
620 2
621 2
622 2
623 0
624 2
625 1
626 1
627 1
628 2
629 0
630 1
631 0
632 2
633 2
634 2
635 0
636 2
637 0
638 1
639 0
640 0
641 1
642 0
643 1
644 0
645 0
646 1
647 0
648 0
649 0
650 1
651 1
652 2
653 0
654 1
655 2
656 1
657 1
658 0
659 0
660 1
661 0
662 1
663 0
664 1
665 0
666 1
667 1
668 0
669 0
670 3
671 2
672 3
673 0
674 1
675 0
676 1
677 1
678 0
679 0
680 0
681 0
682 0
683 1
684 1
685 0
686 0
687 0
688 0
689 1
690 0
691 2
692 0
693 2
694 2
695 2
696 2
697 1
698 2
699 2
700 1
701 1
702 0
703 1
704 2
705 0
706 1
707 0
708 0
709 0
710 0
711 0
712 1
713 1
714 0
715 0
716 0
717 0
718 0
719 0
720 0
721 1
722 0
723 1
724 1
725 1
726 0
727 2
728 2
729 1
730 2
731 0
732 1
733 1
734 2
735 0
736 1
737 0
738 1
739 0
740 1
741 1
742 2
743 1
744 1
745 1
746 0
747 0
748 1
749 1
750 0
751 1
752 2
753 1
754 2
755 1
756 0
757 1
758 0
759 1
760 1
761 0
762 1
763 1
764 0
765 0
766 0
767 0
768 0
769 1
770 0
771 0
772 0
773 0
774 0
775 2
776 0
777 1
778 1
779 0
780 2
781 1
782 2
783 2
784 1
785 0
786 0
787 2
788 0
789 1
790 3
791 2
792 1
793 3
794 0
795 1
796 2
797 2
798 0
799 1
800 1
801 2
802 2
803 2
804 2
805 2
806 2
807 2
808 1
809 2
810 2
811 2
812 1
813 2
814 2
815 2
816 2
817 2
818 1
819 2
820 0
821 2
822 1
823 2
824 0
825 2
826 1
827 2
828 1
829 3
830 1
831 1
832 1
833 1
834 2
835 2
836 1
837 2
838 2
839 1
840 1
841 1
842 1
843 2
844 2
845 2
846 0
847 0
848 2
849 1
850 1
851 1
852 2
853 1
854 1
855 1
856 1
857 2
858 2
859 2
860 1
861 2
862 2
863 2
864 1
865 2
866 1
867 2
868 1
869 1
870 3
871 2
872 2
873 0
874 0
875 0
876 0
877 0
878 0
879 0
880 2
881 2
882 1
883 0
884 0
885 1
886 0
887 0
888 0
889 0
890 1
891 0
892 0
893 0
894 0
895 1
896 0
897 0
898 1
899 0
900 0
901 1
902 0
903 1
904 0
905 1
906 1
907 1
908 0
909 3
910 0
911 0
912 0
913 0
914 0
915 1
916 0
917 0
918 1
919 1
920 1
921 0
922 1
923 2
924 1
925 2
926 2
927 2
928 2
929 0
930 2
931 1
932 2
933 2
934 0
935 1
936 2
937 2
938 1
939 2
940 2
941 2
942 2
943 2
944 2
945 1
946 2
947 2
948 2
949 1
950 2
951 2
952 2
953 2
954 2
955 2
956 2
957 2
958 1
959 2
960 0
961 2
962 1
963 2
964 1
965 2
966 2
967 1
968 2
969 1
970 2
971 2
972 2
973 2
974 2
975 2
976 2
977 2
978 2
979 2
980 2
981 1
982 1
983 1
984 2
985 2
986 1
987 2
988 2
989 2
990 1
991 1
992 2
993 2
994 3
995 2
996 1
997 1
998 1
999 2
1000 2
1001 1
1002 2
1003 2
1004 2
1005 2
1006 1
1007 2
1008 2
1009 2
1010 2
1011 1
1012 2
1013 2
1014 1
1015 2
1016 2
1017 1
1018 2
1019 2
1020 1
1021 1
1022 2
1023 2
1024 1
1025 2
1026 2
1027 1
1028 1
1029 2
1030 1
1031 2
1032 2
1033 2
1034 2
1035 1
1036 2
1037 2
1038 1
1039 2
1040 2
1041 2
1042 2
1043 1
1044 2
1045 2
1046 1
1047 1
1048 2
1049 2
1050 0
1051 2
1052 2
1053 1
1054 1
1055 1
1056 1
1057 2
1058 1
1059 0
1060 1
1061 1
1062 0
1063 2
1064 0
1065 1
1066 2
1067 2
1068 2
1069 1
1070 2
1071 1
1072 1
1073 1
1074 1
1075 1
1076 2
1077 1
1078 1
1079 1
1080 2
1081 2
1082 2
1083 3
1084 2
1085 2
1086 1
1087 1
1088 1
1089 2
1090 1
1091 1
1092 1
1093 2
1094 2
1095 1
1096 1
1097 2
1098 1
1099 1
1100 2
1101 1
1102 2
1103 2
1104 1
1105 2
1106 2
1107 2
1108 1
1109 2
1110 1
1111 1
1112 2
1113 0
1114 1
1115 2
1116 2
1117 1
1118 1
1119 1
1120 1
1121 2
1122 2
1123 2
1124 2
1125 2
1126 2
1127 2
1128 0
1129 1
1130 2
1131 1
1132 1
1133 1
1134 2
1135 2
1136 1
1137 1
1138 1
1139 1
1140 2
1141 0
1142 1
1143 2
1144 1
1145 1
1146 2
1147 1
1148 1
1149 2
1150 0
1151 1
1152 2
1153 2
1154 1
1155 2
1156 2
1157 1
1158 2
1159 2
1160 1
1161 2
1162 2
1163 2
1164 1
1165 2
1166 2
1167 1
1168 1
1169 2
1170 2
1171 1
1172 2
1173 2
1174 0
1175 2
1176 1
1177 1
1178 1
1179 1
1180 2
1181 2
1182 0
1183 1
1184 2
1185 2
1186 1
1187 2
1188 1
1189 1
1190 0
1191 1
1192 1
1193 1
1194 2
1195 2
1196 2
1197 2
1198 2
1199 1
1200 1
1201 2
1202 1
1203 1
1204 1
1205 2
1206 2
1207 2
1208 2
1209 2
1210 0
1211 2
1212 2
1213 2
1214 1
1215 0
1216 1
1217 1
1218 1
1219 1
1220 2
1221 2
1222 0
1223 2
1224 2
1225 2
1226 1
1227 2
1228 2
1229 2
1230 2
1231 1
1232 1
1233 2
1234 2
1235 2
1236 2
1237 0
1238 1
1239 1
1240 2
1241 1
1242 2
1243 1
1244 2
1245 2
1246 1
1247 1
1248 2
1249 1
1250 2
1251 1
1252 1
1253 1
1254 2
1255 2
1256 2
1257 2
1258 2
1259 2
1260 1
1261 2
1262 1
1263 2
1264 2
1265 2
1266 2
1267 2
1268 1
1269 2
1270 2
1271 1
1272 2
1273 2
1274 1
1275 1
1276 2
1277 0
1278 1
1279 1
1280 1
1281 2
1282 2
1283 2
1284 1
1285 2
1286 1
1287 1
1288 2
1289 2
1290 3
1291 1
1292 1
1293 2
1294 1
1295 2
1296 2
1297 2
1298 2
1299 1
1300 1
1301 2
1302 2
1303 2
1304 2
1305 1
1306 1
1307 2
1308 1
1309 2
1310 2
1311 1
1312 2
1313 1
1314 1
1315 2
1316 2
1317 2
1318 2
1319 1
1320 2
1321 1
1322 1
1323 2
1324 1
1325 0
1326 2
1327 2
1328 2
1329 2
1330 2
1331 2
1332 2
1333 2
1334 2
1335 2
1336 1
1337 2
1338 2
1339 1
1340 2
1341 2
1342 1
1343 2
1344 2
1345 2
1346 2
1347 2
1348 1
1349 2
1350 2
1351 2
1352 2
1353 2
1354 2
1355 2
1356 2
1357 2
1358 1
1359 0
1360 1
1361 0
1362 1
1363 2
1364 1
1365 1
1366 2
1367 1
1368 2
1369 1
1370 1
1371 2
1372 2
1373 2
1374 2
1375 2
1376 2
1377 2
1378 1
1379 2
1380 2
1381 2
1382 2
1383 2
1384 2
1385 2
1386 2
1387 2
1388 2
1389 2
1390 2
1391 1
1392 2
1393 2
1394 2
1395 2
1396 2
1397 2
1398 2
1399 1
1400 2
1401 1
1402 2
1403 2
1404 1
1405 2
1406 1
1407 2
1408 2
1409 2
1410 0
1411 1
1412 2
1413 2
1414 2
1415 0
1416 2
1417 2
1418 1
1419 1
1420 2
1421 2
1422 1
1423 2
1424 2
1425 2
1426 0
1427 2
1428 2
1429 1
1430 2
1431 1
1432 0
1433 1
1434 2
1435 2
1436 2
1437 1
1438 1
1439 1
1440 2
1441 2
1442 2
1443 2
1444 1
1445 1
1446 1
1447 2
1448 2
1449 2
1450 2
1451 3
1452 2
1453 2
1454 0
1455 2
1456 1
1457 1
1458 1
1459 2
1460 2
1461 2
1462 2
1463 2
1464 2
1465 2
1466 2
1467 2
1468 2
1469 2
1470 1
1471 2
1472 2
1473 2
1474 2
1475 2
1476 2
1477 1
1478 2
1479 2
1480 2
1481 2
1482 2
1483 2
1484 2
1485 2
1486 2
1487 2
1488 1
1489 2
1490 2
1491 1
1492 2
1493 2
1494 1
1495 2
1496 2
1497 1
1498 2
1499 2
1500 2
1501 1
1502 2
1503 2
1504 0
1505 1
1506 2
1507 2
1508 1
1509 1
1510 2
1511 2
1512 2
1513 1
1514 2
1515 2
1516 2
1517 2
1518 2
1519 2
1520 1
1521 2
1522 2
1523 1
1524 2
1525 1
1526 2
1527 2
1528 2
1529 2
1530 1
1531 2
1532 2
1533 1
1534 1
1535 1
1536 2
1537 1
1538 2
1539 1
1540 2
1541 2
1542 1
1543 2
1544 0
1545 1
1546 2
1547 2
1548 2
1549 2
1550 2
1551 1
1552 1
1553 0
1554 2
1555 1
1556 2
1557 1
1558 1
1559 1
1560 1
1561 1
1562 2
1563 1
1564 2
1565 1
1566 0
1567 2
1568 2
1569 1
1570 2
1571 2
1572 2
1573 2
1574 1
1575 1
1576 2
1577 1
1578 2
1579 2
1580 2
1581 2
1582 2
1583 2
1584 1
1585 2
1586 2
1587 2
1588 2
1589 0
1590 2
1591 2
1592 2
1593 2
1594 2
1595 2
1596 1
1597 1
1598 1
1599 2
1600 2
1601 2
1602 2
1603 3
1604 1
1605 2
1606 2
1607 2
1608 1
1609 2
1610 2
1611 3
1612 3
1613 2
1614 2
1615 2
1616 2
1617 2
1618 2
1619 1
1620 1
1621 1
1622 1
1623 1
1624 1
1625 2
1626 2
1627 2
1628 2
1629 2
1630 2
1631 2
1632 1
1633 3
1634 2
1635 2
1636 2
1637 2
1638 1
1639 1
1640 2
1641 2
1642 1
1643 1
1644 1
1645 1
1646 2
1647 2
1648 2
1649 1
1650 1
1651 2
1652 0
1653 2
1654 2
1655 1
1656 1
1657 2
1658 2
1659 1
1660 1
1661 1
1662 2
1663 2
1664 2
1665 2
1666 1
1667 2
1668 2
1669 2
1670 2
1671 2
1672 2
1673 2
1674 2
1675 1
1676 0
1677 0
1678 1
1679 0
1680 1
1681 2
1682 2
1683 1
1684 2
1685 1
1686 3
1687 1
1688 2
1689 2
1690 1
1691 2
1692 2
1693 1
1694 2
1695 1
1696 2
1697 0
1698 1
1699 1
1700 2
1701 1
1702 2
1703 2
1704 2
1705 2
1706 2
1707 1
1708 2
1709 1
1710 1
1711 2
1712 2
1713 1
1714 1
1715 2
1716 2
1717 1
1718 2
1719 2
1720 1
1721 2
1722 1
1723 2
1724 1
1725 2
1726 2
1727 2
1728 0
1729 2
1730 1
1731 2
1732 2
1733 1
1734 1
1735 2
1736 0
1737 2
1738 1
1739 2
1740 2
1741 1
1742 2
1743 1
1744 2
1745 1
1746 2
1747 2
1748 1
1749 1
1750 1
1751 2
1752 1
1753 2
1754 2
1755 2
1756 2
1757 2
1758 2
1759 1
1760 1
1761 1
1762 2
1763 1
1764 1
1765 2
1766 1
1767 0
1768 1
1769 1
1770 1
1771 3
1772 1
1773 1
1774 2
1775 2
1776 2
1777 3
1778 2
1779 2
1780 1
1781 2
1782 2
1783 2
1784 0
1785 2
1786 1
1787 2
1788 2
1789 2
1790 1
1791 2
1792 2
1793 2
1794 1
1795 2
1796 1
1797 2
1798 2
1799 2
1800 1
1801 2
1802 2
1803 2
1804 2
1805 2
1806 2
1807 1
1808 2
1809 2
1810 2
1811 2
1812 2
1813 2
1814 1
1815 0
1816 2
1817 0
1818 2
1819 1
1820 2
1821 1
1822 2
1823 2
1824 2
1825 2
1826 2
1827 1
1828 2
1829 2
1830 1
1831 2
1832 1
1833 2
1834 1
1835 2
1836 2
1837 1
1838 2
1839 2
1840 2
1841 2
1842 2
1843 2
1844 1
1845 2
1846 2
1847 2
1848 1
1849 1
1850 1
1851 2
1852 2
1853 1
1854 2
1855 2
1856 1
1857 1
1858 1
1859 2
1860 2
1861 2
1862 1
1863 2
1864 2
1865 1
1866 1
1867 2
1868 1
1869 1
1870 1
1871 1
1872 2
1873 0
1874 2
1875 2
1876 2
1877 2
1878 2
1879 2
1880 0
1881 2
1882 1
1883 1
1884 1
1885 1
1886 0
1887 1
1888 2
1889 2
1890 1
1891 1
1892 2
1893 2
1894 2
1895 1
1896 0
1897 1
1898 2
1899 2
1900 2
1901 1
1902 2
1903 2
1904 1
1905 1
1906 1
1907 2
1908 1
1909 1
1910 2
1911 1
1912 2
1913 2
1914 2
1915 1
1916 1
1917 2
1918 1
1919 1
1920 1
1921 1
1922 1
1923 2
1924 2
1925 3
1926 3
1927 2
1928 1
1929 2
1930 3
1931 2
1932 2
1933 0
1934 2
1935 2
1936 2
1937 2
1938 2
1939 1
1940 1
1941 2
1942 2
1943 0
1944 2
1945 2
1946 1
1947 2
1948 2
1949 1
1950 2
1951 2
1952 1
1953 2
1954 1
1955 1
1956 1
1957 1
1958 0
1959 2
1960 2
1961 2
1962 2
1963 2
1964 3
1965 1
1966 2
1967 2
1968 2
1969 2
1970 2
1971 2
1972 2
1973 0
1974 2
1975 1
1976 2
1977 1
1978 2
1979 0
1980 0
1981 2
1982 2
1983 2
1984 1
1985 2
1986 2
1987 2
1988 2
1989 0
1990 2
1991 1
1992 1
1993 0
1994 2
1995 2
1996 2
1997 2
1998 1
1999 1
