0 1
1 3
2 3
3 3
4 3
5 2
6 1
7 1
8 3
9 3
10 2
11 1
12 2
13 2
14 3
15 2
16 1
17 2
18 3
19 3
20 3
21 2
22 2
23 2
24 3
25 3
26 3
27 1
28 3
29 4
30 2
31 2
32 4
33 1
34 2
35 2
36 2
37 3
38 3
39 2
40 2
41 1
42 1
43 2
44 1
45 2
46 1
47 1
48 2
49 3
50 1
51 2
52 2
53 2
54 3
55 1
56 3
57 0
58 0
59 2
60 3
61 2
62 2
63 3
64 3
65 0
66 1
67 1
68 1
69 2
70 3
71 3
72 0
73 2
74 2
75 1
76 2
77 2
78 3
79 2
80 2
81 4
82 3
83 2
84 2
85 2
86 2
87 2
88 2
89 1
90 1
91 1
92 2
93 3
94 1
95 2
96 1
97 3
98 2
99 3
100 2
101 2
102 1
103 1
104 1
105 2
106 2
107 0
108 1
109 0
110 1
111 1
112 2
113 3
114 2
115 1
116 1
117 2
118 3
119 2
120 2
121 1
122 1
123 1
124 0
125 1
126 1
127 0
128 0
129 1
130 1
131 1
132 1
133 1
134 1
135 1
136 2
137 0
138 1
139 0
140 1
141 2
142 2
143 1
144 2
145 2
146 3
147 1
148 0
149 0
150 3
151 2
152 1
153 1
154 1
155 1
156 0
157 1
158 1
159 0
160 1
161 1
162 1
163 1
164 2
165 1
166 1
167 2
168 1
169 1
170 0
171 0
172 0
173 2
174 1
175 2
176 1
177 0
178 1
179 2
180 1
181 0
182 1
183 1
184 0
185 1
186 2
187 1
188 3
189 1
190 1
191 0
192 1
193 1
194 1
195 1
196 1
197 1
198 3
199 2
200 1
201 1
202 0
203 0
204 1
205 3
206 0
207 2
208 1
209 0
210 0
211 1
212 1
213 1
214 2
215 0
216 1
217 1
218 0
219 0
220 1
221 1
222 1
223 1
224 0
225 1
226 2
227 1
228 1
229 1
230 2
231 2
232 0
233 1
234 2
235 1
236 2
237 0
238 0
239 0
240 2
241 1
242 1
243 0
244 0
245 0
246 0
247 2
248 0
249 1
250 1
251 0
252 1
253 0
254 2
255 0
256 2
257 3
258 2
259 2
260 1
261 0
262 1
263 0
264 1
265 1
266 0
267 1
268 2
269 2
270 0
271 0
272 1
273 1
274 1
275 0
276 2
277 3
278 1
279 0
280 3
281 0
282 1
283 1
284 2
285 1
286 1
287 0
288 1
289 2
290 1
291 0
292 1
293 0
294 1
295 0
296 1
297 1
298 1
299 1
300 1
301 0
302 2
303 2
304 0
305 1
306 2
307 1
308 1
309 0
310 1
311 1
312 0
313 0
314 1
315 2
316 2
317 0
318 1
319 2
320 0
321 2
322 1
323 1
324 1
325 1
326 2
327 3
328 1
329 0
330 0
331 0
332 1
333 2
334 1
335 1
336 1
337 1
338 1
339 1
340 2
341 3
342 1
343 1
344 0
345 2
346 1
347 0
348 1
349 1
350 1
351 1
352 2
353 1
354 1
355 1
356 1
357 1
358 2
359 1
360 2
361 1
362 0
363 1
364 0
365 0
366 1
367 1
368 2
369 1
370 1
371 1
372 2
373 1
374 0
375 0
376 1
377 0
378 1
379 1
380 1
381 1
382 1
383 0
384 0
385 1
386 1
387 2
388 2
389 1
390 0
391 1
392 1
393 3
394 2
395 1
396 1
397 1
398 1
399 0
400 2
401 1
402 0
403 1
404 0
405 0
406 1
407 1
408 1
409 1
410 2
411 1
412 1
413 1
414 1
415 1
416 1
417 1
418 2
419 1
420 1
421 1
422 1
423 2
424 1
425 3
426 1
427 1
428 2
429 2
430 1
431 1
432 1
433 3
434 0
435 1
436 3
437 3
438 2
439 1
440 1
441 2
442 0
443 1
444 0
445 2
446 1
447 2
448 3
449 3
450 3
451 1
452 0
453 0
454 1
455 2
456 1
457 2
458 3
459 3
460 2
461 3
462 2
463 1
464 0
465 2
466 2
467 1
468 2
469 0
470 0
471 3
472 1
473 1
474 2
475 1
476 2
477 2
478 1
479 0
480 0
481 0
482 1
483 0
484 1
485 2
486 2
487 1
488 2
489 1
490 2
491 1
492 1
493 0
494 1
495 1
496 1
497 3
498 0
499 0
500 1
501 1
502 3
503 3
504 2
505 1
506 1
507 0
508 0
509 1
510 1
511 1
512 0
513 0
514 1
515 1
516 1
517 0
518 0
519 2
520 1
521 1
522 1
523 0
524 1
525 2
526 2
527 1
528 1
529 2
530 1
531 1
532 1
533 2
534 1
535 2
536 2
537 0
538 2
539 1
540 1
541 2
542 0
543 1
544 0
545 0
546 0
547 0
548 0
549 2
550 0
551 0
552 0
553 0
554 0
555 0
556 0
557 1
558 0
559 0
560 0
561 1
562 0
563 2
564 0
565 1
566 1
567 0
568 2
569 0
570 0
571 0
572 0
573 1
574 0
575 0
576 1
577 0
578 0
579 1
580 1
581 0
582 1
583 0
584 0
585 1
586 1
587 1
588 0
589 0
590 0
591 0
592 1
593 1
594 0
595 1
596 1
597 1
598 1
599 0
600 2
601 1
602 0
603 2
604 0
605 0
606 0
607 0
608 1
609 0
610 0
611 1
612 0
613 0
614 3
615 1
616 1
617 0
618 1
619 0
620 1
621 1
622 0
623 0
624 0
625 0
626 0
627 1
628 2
629 0
630 0
631 0
632 1
633 0
634 1
635 0
636 0
637 1
638 1
639 1
640 1
641 0
642 0
643 2
644 0
645 0
646 0
647 0
648 0
649 1
650 0
651 1
652 0
653 0
654 1
655 0
656 0
657 0
658 0
659 3
660 0
661 2
662 1
663 0
664 0
665 0
666 0
667 0
668 0
669 1
670 0
671 1
672 0
673 0
674 2
675 0
676 1
677 2
678 0
679 0
680 0
681 0
682 1
683 1
684 1
685 0
686 0
687 0
688 0
689 0
690 1
691 0
692 0
693 2
694 1
695 1
696 2
697 1
698 2
699 0
700 1
701 1
702 1
703 0
704 0
705 0
706 0
707 2
708 1
709 1
710 1
711 0
712 0
713 1
714 1
715 1
716 0
717 0
718 0
719 0
720 1
721 0
722 1
723 1
724 2
725 1
726 1
727 0
728 0
729 0
730 0
731 0
732 0
733 1
734 0
735 0
736 1
737 0
738 1
739 1
740 0
741 1
742 0
743 0
744 0
745 0
746 1
747 1
748 1
749 1
750 1
751 0
752 0
753 1
754 1
755 0
756 0
757 1
758 1
759 1
760 0
761 2
762 3
763 0
764 0
765 1
766 2
767 1
768 1
769 1
770 2
771 3
772 2
773 0
774 1
775 0
776 2
777 1
778 1
779 0
780 2
781 1
782 0
783 0
784 1
785 0
786 0
787 0
788 0
789 0
790 0
791 1
792 1
793 0
794 0
795 0
796 0
797 1
798 2
799 0
800 0
801 0
802 1
803 0
804 1
805 1
806 1
807 1
808 1
809 1
810 1
811 1
812 0
813 0
814 0
815 0
816 0
817 1
818 0
819 0
820 0
821 0
822 1
823 0
824 0
825 0
826 1
827 1
828 1
829 1
830 0
831 0
832 0
833 0
834 3
835 0
836 1
837 1
838 0
839 1
840 2
841 1
842 2
843 1
844 2
845 2
846 1
847 1
848 0
849 1
850 0
851 0
852 1
853 1
854 1
855 1
856 1
857 0
858 1
859 0
860 0
861 0
862 1
863 1
864 1
865 1
866 1
867 1
868 2
869 2
870 1
871 2
872 1
873 1
874 1
875 1
876 1
877 1
878 1
879 3
880 1
881 1
882 1
883 1
884 1
885 1
886 2
887 1
888 1
889 2
890 1
891 2
892 1
893 2
894 1
895 1
896 2
897 1
898 1
899 1
900 0
901 0
902 1
903 0
904 1
905 1
906 1
907 0
908 1
909 0
910 0
911 1
912 1
913 0
914 1
915 1
916 1
917 1
918 1
919 1
920 1
921 0
922 1
923 0
924 2
925 1
926 0
927 1
928 1
929 1
930 0
931 2
932 1
933 0
934 0
935 1
936 0
937 1
938 1
939 1
940 0
941 0
942 1
943 0
944 1
945 0
946 1
947 1
948 1
949 1
950 1
951 1
952 1
953 1
954 0
955 1
956 0
957 1
958 0
959 1
960 0
961 0
962 1
963 1
964 1
965 1
966 0
967 0
968 1
969 0
970 1
971 0
972 2
973 1
974 2
975 1
976 1
977 1
978 0
979 0
980 1
981 1
982 0
983 0
984 0
985 0
986 1
987 1
988 0
989 0
990 0
991 1
992 1
993 0
994 0
995 0
996 0
997 0
998 0
999 1
1000 1
1001 2
1002 0
1003 1
1004 1
1005 0
1006 0
1007 0
1008 2
1009 0
1010 0
1011 1
1012 0
1013 1
1014 0
1015 0
1016 0
1017 0
1018 0
1019 1
1020 0
1021 0
1022 0
1023 0
1024 1
1025 1
1026 1
1027 0
1028 2
1029 0
1030 0
1031 0
1032 0
1033 2
1034 1
1035 0
1036 0
1037 2
1038 0
1039 0
1040 1
1041 0
1042 1
1043 0
1044 0
1045 0
1046 1
1047 0
1048 0
1049 0
1050 0
1051 1
1052 1
1053 0
1054 1
1055 0
1056 0
1057 0
1058 0
1059 0
1060 1
1061 0
1062 0
1063 0
1064 0
1065 1
1066 0
1067 1
1068 0
1069 0
1070 0
1071 0
1072 0
1073 0
1074 0
1075 2
1076 0
1077 0
1078 0
1079 1
1080 2
1081 1
1082 0
1083 0
1084 0
1085 1
1086 0
1087 0
1088 0
1089 0
1090 1
1091 0
1092 0
1093 0
1094 1
1095 0
1096 1
1097 0
1098 0
1099 0
1100 0
1101 0
1102 1
1103 1
1104 1
1105 0
1106 0
1107 1
1108 0
1109 1
1110 0
1111 0
1112 1
1113 0
1114 1
1115 0
1116 1
1117 0
1118 2
1119 0
1120 0
1121 0
1122 0
1123 1
1124 0
1125 1
1126 1
1127 1
1128 0
1129 0
1130 1
1131 0
1132 0
1133 0
1134 1
1135 0
1136 0
1137 0
1138 0
1139 0
1140 0
1141 0
1142 0
1143 0
1144 0
1145 0
1146 0
1147 0
1148 0
1149 0
1150 0
1151 0
1152 0
1153 0
1154 0
1155 0
1156 1
1157 0
1158 0
1159 0
1160 0
1161 0
1162 0
1163 0
1164 0
1165 0
1166 0
1167 0
1168 1
1169 0
1170 0
1171 0
1172 0
1173 1
1174 0
1175 0
1176 0
1177 1
1178 1
1179 1
1180 1
1181 0
1182 0
1183 0
1184 0
1185 0
1186 0
1187 0
1188 0
1189 0
1190 0
1191 0
1192 0
1193 1
1194 1
1195 1
1196 1
1197 1
1198 0
1199 0
1200 0
1201 0
1202 0
1203 0
1204 0
1205 0
1206 0
1207 0
1208 0
1209 0
1210 0
1211 0
1212 0
1213 1
1214 0
1215 0
1216 0
1217 0
1218 0
1219 0
1220 0
1221 0
1222 0
1223 0
1224 0
1225 0
1226 0
1227 0
1228 0
1229 0
1230 1
1231 0
1232 0
1233 0
1234 0
1235 0
1236 0
1237 0
1238 0
1239 0
1240 0
1241 0
1242 0
1243 0
1244 0
1245 0
1246 0
1247 0
1248 0
1249 0
1250 0
1251 0
1252 0
1253 0
1254 0
1255 0
1256 0
1257 0
1258 0
1259 0
1260 0
1261 0
1262 0
1263 0
1264 0
1265 0
1266 0
1267 0
1268 0
1269 0
1270 1
1271 1
1272 0
1273 0
1274 0
1275 0
1276 0
1277 1
1278 1
1279 1
1280 0
1281 0
1282 0
1283 0
1284 0
1285 0
1286 0
1287 0
1288 0
1289 0
1290 0
1291 0
1292 0
1293 0
1294 0
1295 0
1296 0
1297 0
1298 0
1299 0
1300 0
1301 0
1302 0
1303 0
1304 1
1305 0
1306 0
1307 0
1308 0
1309 0
1310 0
1311 0
1312 0
1313 0
1314 0
1315 0
1316 0
1317 1
1318 1
1319 0
1320 0
1321 0
1322 0
1323 0
1324 0
1325 0
1326 0
1327 0
1328 0
1329 0
1330 0
1331 0
1332 0
1333 0
1334 0
1335 0
1336 1
1337 0
1338 1
1339 0
1340 0
1341 0
1342 0
1343 0
1344 0
1345 0
1346 0
1347 0
1348 0
1349 1
1350 0
1351 0
1352 0
1353 0
1354 0
1355 0
1356 0
1357 0
1358 0
1359 0
1360 0
1361 0
1362 0
1363 0
1364 0
1365 2
1366 0
1367 0
1368 0
1369 0
1370 0
1371 0
1372 0
1373 0
1374 0
1375 0
1376 0
1377 0
1378 0
1379 0
1380 1
1381 0
1382 0
1383 0
1384 0
1385 0
1386 1
1387 0
1388 0
1389 0
1390 0
1391 0
1392 0
1393 0
1394 0
1395 0
1396 1
1397 0
1398 0
1399 1
1400 0
1401 1
1402 0
1403 0
1404 1
1405 1
1406 0
1407 0
1408 0
1409 0
1410 0
1411 0
1412 0
1413 0
1414 0
1415 0
1416 0
1417 0
1418 0
1419 0
1420 0
1421 0
1422 0
1423 0
1424 0
1425 0
1426 0
1427 0
1428 0
1429 0
1430 0
1431 0
1432 0
1433 0
1434 0
1435 0
1436 0
1437 0
1438 0
1439 0
1440 1
1441 0
1442 0
1443 0
1444 0
1445 0
1446 0
1447 0
1448 0
1449 0
1450 0
1451 0
1452 0
1453 0
1454 0
1455 0
1456 0
1457 0
1458 0
1459 1
1460 0
1461 0
1462 0
1463 0
1464 0
1465 0
1466 0
1467 0
1468 0
1469 0
1470 0
1471 1
1472 0
1473 0
1474 0
1475 0
1476 0
1477 0
1478 0
1479 1
1480 0
1481 1
1482 0
1483 0
1484 0
1485 0
1486 0
1487 0
1488 0
1489 0
1490 0
1491 0
1492 0
1493 0
1494 0
1495 0
1496 1
1497 0
1498 0
1499 0
1500 0
1501 0
1502 2
1503 1
1504 2
1505 0
1506 1
1507 0
1508 0
1509 0
1510 1
1511 0
1512 2
1513 0
1514 0
1515 0
1516 0
1517 1
1518 1
1519 0
1520 0
1521 0
1522 0
1523 0
1524 0
1525 0
1526 0
1527 0
1528 0
1529 0
1530 0
1531 0
1532 0
1533 0
1534 0
1535 0
1536 0
1537 0
1538 0
1539 0
1540 1
1541 0
1542 0
1543 0
1544 0
1545 1
1546 0
1547 0
1548 0
1549 0
1550 0
1551 0
1552 0
1553 0
1554 0
1555 0
1556 0
1557 0
1558 1
1559 0
1560 0
1561 0
1562 2
1563 0
1564 0
1565 1
1566 1
1567 0
1568 0
1569 0
1570 0
1571 0
1572 0
1573 1
1574 0
1575 0
1576 0
1577 0
1578 0
1579 1
1580 0
1581 0
1582 0
1583 0
1584 0
1585 0
1586 0
1587 1
1588 0
1589 0
1590 0
1591 0
1592 0
1593 0
1594 0
1595 0
1596 0
1597 0
1598 0
1599 0
1600 0
1601 0
1602 0
1603 0
1604 1
1605 0
1606 0
1607 0
1608 1
1609 0
1610 0
1611 1
1612 0
1613 0
1614 1
1615 0
1616 0
1617 0
1618 0
1619 0
1620 0
1621 0
1622 1
1623 0
1624 0
1625 0
1626 0
1627 2
1628 0
1629 1
1630 0
1631 0
1632 1
1633 0
1634 0
1635 1
1636 1
1637 0
1638 1
1639 0
1640 1
1641 0
1642 0
1643 1
1644 0
1645 1
1646 0
1647 0
1648 0
1649 0
1650 1
1651 0
1652 1
1653 1
1654 1
1655 0
1656 1
1657 0
1658 1
1659 0
1660 1
1661 0
1662 0
1663 1
1664 1
1665 0
1666 0
1667 1
1668 1
1669 1
1670 0
1671 0
1672 2
1673 0
1674 0
1675 1
1676 0
1677 1
1678 0
1679 0
1680 0
1681 1
1682 0
1683 0
1684 0
1685 0
1686 0
1687 0
1688 0
1689 0
1690 0
1691 0
1692 0
1693 1
1694 0
1695 0
1696 0
1697 1
1698 0
1699 3
1700 0
1701 1
1702 1
1703 0
1704 0
1705 3
1706 0
1707 0
1708 2
1709 1
1710 0
1711 1
1712 0
1713 2
1714 1
1715 0
1716 1
1717 0
1718 0
1719 1
1720 0
1721 1
1722 2
1723 0
1724 1
1725 0
1726 0
1727 1
1728 0
1729 0
1730 0
1731 0
1732 2
1733 0
1734 0
1735 0
1736 1
1737 0
1738 0
1739 0
1740 0
1741 0
1742 0
1743 1
1744 1
1745 0
1746 0
1747 0
1748 0
1749 0
1750 0
1751 0
1752 0
1753 0
1754 0
1755 0
1756 0
1757 0
1758 0
1759 0
1760 0
1761 1
1762 0
1763 0
1764 0
1765 0
1766 0
1767 0
1768 0
1769 0
1770 0
1771 0
1772 0
1773 0
1774 0
1775 0
1776 0
1777 1
1778 0
1779 0
1780 0
1781 0
1782 0
1783 0
1784 0
1785 0
1786 0
1787 0
1788 0
1789 0
1790 0
1791 0
1792 0
1793 0
1794 0
1795 0
1796 0
1797 0
1798 0
1799 0
1800 0
1801 0
1802 1
1803 0
1804 0
1805 0
1806 1
1807 2
1808 1
1809 0
1810 0
1811 1
1812 0
1813 0
1814 0
1815 0
1816 0
1817 0
1818 0
1819 0
1820 0
1821 0
1822 1
1823 0
1824 0
1825 0
1826 0
1827 0
1828 0
1829 0
1830 0
1831 1
1832 0
1833 0
1834 0
1835 0
1836 0
1837 1
1838 1
1839 0
1840 0
1841 0
1842 0
1843 0
1844 0
1845 0
1846 0
1847 0
1848 0
1849 1
1850 0
1851 0
1852 0
1853 1
1854 0
1855 0
1856 1
1857 0
1858 0
1859 0
1860 0
1861 0
1862 0
1863 0
1864 0
1865 0
1866 0
1867 0
1868 0
1869 0
1870 0
1871 1
1872 0
1873 0
1874 0
1875 0
1876 0
1877 0
1878 0
1879 1
1880 0
1881 0
1882 0
1883 0
1884 0
1885 0
1886 1
1887 0
1888 0
1889 0
1890 0
1891 0
1892 1
1893 1
1894 1
1895 0
1896 0
1897 0
1898 0
1899 0
1900 0
1901 0
1902 0
1903 0
1904 1
1905 1
1906 0
1907 1
1908 0
1909 0
1910 0
1911 0
1912 0
1913 1
1914 0
1915 0
1916 0
1917 0
1918 0
1919 0
1920 1
1921 0
1922 0
1923 1
1924 0
1925 0
1926 0
1927 0
1928 0
1929 0
1930 0
1931 0
1932 0
1933 0
1934 0
1935 0
1936 0
1937 0
1938 0
1939 0
1940 0
1941 0
1942 0
1943 0
1944 0
1945 0
1946 0
1947 0
1948 0
1949 0
1950 0
1951 0
1952 0
1953 0
1954 0
1955 0
1956 0
1957 0
1958 0
1959 0
1960 0
1961 0
1962 0
1963 0
1964 0
1965 0
1966 0
1967 0
1968 0
1969 0
1970 0
1971 0
1972 0
1973 0
1974 0
1975 0
1976 0
1977 0
1978 0
1979 0
1980 0
1981 0
1982 0
1983 0
1984 0
1985 0
1986 0
1987 0
1988 0
1989 0
1990 1
1991 0
1992 0
1993 0
1994 0
1995 0
1996 0
1997 0
1998 0
1999 0
