0 0
1 1
2 0
3 0
4 1
5 0
6 0
7 0
8 1
9 1
10 0
11 1
12 0
13 0
14 1
15 0
16 2
17 1
18 0
19 0
20 1
21 1
22 1
23 0
24 1
25 1
26 1
27 1
28 0
29 0
30 1
31 1
32 0
33 1
34 1
35 1
36 0
37 1
38 2
39 1
40 2
41 1
42 0
43 1
44 1
45 0
46 0
47 0
48 1
49 0
50 0
51 0
52 1
53 0
54 1
55 1
56 0
57 0
58 0
59 0
60 0
61 1
62 1
63 0
64 1
65 0
66 2
67 0
68 1
69 0
70 0
71 1
72 0
73 1
74 0
75 0
76 0
77 1
78 0
79 1
80 1
81 0
82 0
83 0
84 0
85 0
86 0
87 1
88 1
89 0
90 1
91 0
92 1
93 0
94 0
95 1
96 0
97 1
98 1
99 0
100 1
101 0
102 2
103 1
104 0
105 1
106 0
107 1
108 1
109 1
110 1
111 1
112 0
113 1
114 0
115 2
116 0
117 1
118 0
119 1
120 0
121 0
122 0
123 0
124 1
125 0
126 0
127 1
128 1
129 1
130 0
131 2
132 1
133 4
134 0
135 1
136 0
137 0
138 1
139 0
140 0
141 1
142 1
143 1
144 1
145 1
146 0
147 0
148 0
149 1
150 1
151 2
152 1
153 0
154 1
155 0
156 1
157 1
158 1
159 1
160 0
161 1
162 0
163 2
164 1
165 0
166 2
167 1
168 0
169 0
170 1
171 0
172 0
173 0
174 0
175 0
176 0
177 0
178 0
179 0
180 1
181 1
182 0
183 1
184 0
185 1
186 1
187 1
188 1
189 2
190 0
191 0
192 0
193 0
194 1
195 1
196 0
197 0
198 0
199 0
200 2
201 1
202 2
203 4
204 2
205 1
206 1
207 0
208 1
209 0
210 0
211 1
212 1
213 1
214 1
215 1
216 3
217 1
218 0
219 0
220 1
221 2
222 0
223 0
224 0
225 1
226 2
227 1
228 1
229 1
230 0
231 0
232 0
233 0
234 2
235 0
236 0
237 0
238 0
239 0
240 0
241 0
242 1
243 0
244 0
245 0
246 1
247 0
248 1
249 2
250 0
251 0
252 0
253 0
254 3
255 0
256 0
257 0
258 0
259 0
260 1
261 0
262 0
263 0
264 0
265 2
266 0
267 2
268 1
269 3
270 0
271 2
272 1
273 2
274 0
275 0
276 1
277 1
278 0
279 2
280 1
281 0
282 0
283 1
284 3
285 0
286 0
287 0
288 0
289 1
290 0
291 1
292 1
293 0
294 1
295 0
296 0
297 0
298 0
299 0
300 0
301 0
302 1
303 1
304 1
305 0
306 0
307 1
308 2
309 1
310 1
311 1
312 0
313 2
314 0
315 0
316 1
317 1
318 2
319 0
320 1
321 0
322 2
323 0
324 1
325 1
326 1
327 0
328 0
329 0
330 1
331 0
332 0
333 0
334 0
335 0
336 1
337 0
338 0
339 1
340 0
341 0
342 0
343 0
344 0
345 0
346 0
347 0
348 0
349 0
350 0
351 0
352 1
353 0
354 0
355 0
356 0
357 0
358 0
359 1
360 1
361 0
362 0
363 0
364 1
365 0
366 0
367 0
368 0
369 1
370 0
371 0
372 0
373 0
374 0
375 0
376 0
377 0
378 0
379 0
380 0
381 0
382 0
383 0
384 0
385 1
386 0
387 0
388 0
389 0
390 1
391 0
392 0
393 1
394 0
395 0
396 0
397 0
398 0
399 0
400 0
401 0
402 0
403 0
404 0
405 0
406 0
407 0
408 0
409 0
410 0
411 1
412 1
413 1
414 0
415 1
416 1
417 1
418 0
419 0
420 0
421 0
422 1
423 1
424 1
425 1
426 0
427 0
428 0
429 0
430 0
431 0
432 0
433 0
434 0
435 0
436 0
437 0
438 0
439 0
440 0
441 0
442 0
443 0
444 0
445 0
446 0
447 0
448 0
449 0
450 0
451 0
452 0
453 0
454 0
455 1
456 0
457 1
458 1
459 0
460 0
461 0
462 0
463 0
464 0
465 0
466 0
467 0
468 0
469 0
470 1
471 1
472 0
473 1
474 0
475 1
476 0
477 0
478 0
479 0
480 1
481 1
482 0
483 0
484 1
485 0
486 0
487 0
488 0
489 0
490 0
491 1
492 1
493 0
494 0
495 0
496 0
497 0
498 0
499 0
500 0
501 1
502 0
503 0
504 0
505 0
506 0
507 0
508 0
509 0
510 0
511 1
512 0
513 0
514 0
515 0
516 1
517 0
518 0
519 1
520 0
521 0
522 0
523 1
524 1
525 1
526 1
527 1
528 0
529 0
530 0
531 0
532 0
533 0
534 0
535 1
536 1
537 1
538 0
539 0
540 0
541 0
542 1
543 1
544 1
545 0
546 0
547 0
548 0
549 1
550 0
551 1
552 0
553 0
554 0
555 0
556 1
557 0
558 0
559 0
560 0
561 1
562 0
563 1
564 0
565 0
566 0
567 0
568 0
569 0
570 0
571 0
572 0
573 0
574 2
575 1
576 0
577 1
578 2
579 0
580 0
581 0
582 0
583 0
584 0
585 1
586 0
587 0
588 0
589 0
590 0
591 0
592 1
593 1
594 1
595 0
596 0
597 0
598 0
599 0
600 0
601 0
602 0
603 0
604 0
605 1
606 1
607 1
608 1
609 1
610 1
611 1
612 0
613 1
614 0
615 0
616 1
617 0
618 1
619 0
620 0
621 0
622 0
623 0
624 0
625 0
626 0
627 0
628 0
629 1
630 1
631 0
632 1
633 0
634 0
635 1
636 1
637 1
638 2
639 1
640 1
641 1
642 1
643 1
644 1
645 0
646 0
647 0
648 0
649 0
650 0
651 0
652 0
653 0
654 2
655 1
656 0
657 0
658 1
659 0
660 0
661 0
662 0
663 1
664 0
665 1
666 0
667 2
668 1
669 0
670 1
671 1
672 0
673 0
674 0
675 0
676 0
677 0
678 2
679 1
680 0
681 2
682 1
683 1
684 1
685 0
686 0
687 1
688 1
689 2
690 0
691 1
692 1
693 1
694 0
695 1
696 0
697 0
698 0
699 0
700 0
701 0
702 1
703 1
704 1
705 1
706 2
707 0
708 1
709 1
710 0
711 0
712 1
713 1
714 1
715 1
716 0
717 1
718 2
719 1
720 0
721 0
722 1
723 1
724 1
725 0
726 1
727 0
728 0
729 0
730 1
731 0
732 1
733 1
734 2
735 0
736 2
737 1
738 0
739 1
740 0
741 0
742 0
743 1
744 0
745 0
746 1
747 1
748 1
749 1
750 0
751 0
752 0
753 1
754 0
755 0
756 0
757 1
758 1
759 1
760 1
761 1
762 1
763 0
764 0
765 0
766 1
767 0
768 1
769 1
770 0
771 1
772 1
773 0
774 0
775 0
776 0
777 0
778 0
779 0
780 1
781 1
782 1
783 1
784 1
785 1
786 1
787 1
788 1
789 1
790 0
791 0
792 2
793 1
794 0
795 0
796 0
797 0
798 1
799 1
800 0
801 1
802 0
803 1
804 0
805 1
806 1
807 0
808 0
809 1
810 1
811 0
812 0
813 1
814 1
815 0
816 1
817 0
818 0
819 0
820 1
821 0
822 0
823 0
824 0
825 1
826 0
827 0
828 0
829 0
830 1
831 0
832 2
833 0
834 0
835 0
836 0
837 1
838 0
839 0
840 0
841 1
842 0
843 0
844 1
845 2
846 0
847 1
848 0
849 1
850 2
851 0
852 1
853 1
854 0
855 1
856 0
857 0
858 0
859 0
860 1
861 2
862 0
863 1
864 0
865 0
866 1
867 0
868 2
869 1
870 0
871 0
872 0
873 1
874 0
875 1
876 0
877 1
878 0
879 0
880 1
881 0
882 1
883 1
884 1
885 0
886 2
887 0
888 1
889 0
890 0
891 0
892 1
893 1
894 1
895 1
896 2
897 0
898 0
899 1
900 0
901 2
902 0
903 1
904 1
905 0
906 1
907 0
908 1
909 0
910 1
911 0
912 1
913 1
914 1
915 1
916 1
917 0
918 0
919 3
920 0
921 2
922 2
923 2
924 1
925 0
926 0
927 0
928 2
929 2
930 3
931 2
932 0
933 1
934 2
935 0
936 0
937 2
938 0
939 1
940 1
941 0
942 1
943 1
944 1
945 1
946 2
947 3
948 1
949 2
950 1
951 0
952 1
953 2
954 1
955 0
956 1
957 1
958 2
959 0
960 0
961 2
962 0
963 1
964 1
965 1
966 1
967 2
968 0
969 1
970 1
971 1
972 0
973 3
974 2
975 2
976 2
977 1
978 1
979 1
980 2
981 1
982 1
983 2
984 1
985 2
986 2
987 0
988 0
989 2
990 2
991 2
992 1
993 1
994 0
995 2
996 2
997 3
998 1
999 1
1000 1
1001 2
1002 1
1003 1
1004 3
1005 2
1006 0
1007 1
1008 2
1009 1
1010 1
1011 1
1012 2
1013 2
1014 2
1015 1
1016 2
1017 0
1018 2
1019 2
1020 1
1021 1
1022 2
1023 1
1024 2
1025 0
1026 0
1027 1
1028 2
1029 2
1030 2
1031 1
1032 0
1033 1
1034 1
1035 2
1036 2
1037 1
1038 1
1039 1
1040 3
1041 2
1042 2
1043 1
1044 2
1045 0
1046 1
1047 0
1048 3
1049 0
1050 2
1051 3
1052 2
1053 1
1054 1
1055 2
1056 1
1057 2
1058 0
1059 1
1060 1
1061 2
1062 2
1063 2
1064 1
1065 0
1066 0
1067 1
1068 1
1069 0
1070 0
1071 0
1072 0
1073 0
1074 0
1075 1
1076 1
1077 0
1078 2
1079 1
1080 0
1081 0
1082 1
1083 1
1084 1
1085 0
1086 0
1087 1
1088 0
1089 1
1090 0
1091 1
1092 0
1093 0
1094 0
1095 0
1096 1
1097 1
1098 0
1099 0
1100 0
1101 2
1102 1
1103 0
1104 1
1105 0
1106 0
1107 1
1108 1
1109 0
1110 0
1111 0
1112 0
1113 1
1114 1
1115 1
1116 1
1117 2
1118 0
1119 1
1120 0
1121 0
1122 0
1123 0
1124 0
1125 0
1126 0
1127 0
1128 0
1129 0
1130 0
1131 0
1132 0
1133 0
1134 0
1135 0
1136 1
1137 1
1138 1
1139 0
1140 0
1141 1
1142 2
1143 1
1144 0
1145 1
1146 1
1147 1
1148 0
1149 1
1150 1
1151 0
1152 1
1153 0
1154 0
1155 1
1156 1
1157 1
1158 0
1159 0
1160 0
1161 0
1162 1
1163 0
1164 0
1165 1
1166 0
1167 0
1168 1
1169 0
1170 0
1171 0
1172 0
1173 0
1174 0
1175 0
1176 0
1177 0
1178 0
1179 0
1180 0
1181 0
1182 0
1183 0
1184 0
1185 0
1186 0
1187 0
1188 0
1189 0
1190 0
1191 0
1192 0
1193 0
1194 0
1195 0
1196 0
1197 0
1198 0
1199 0
1200 0
1201 0
1202 1
1203 0
1204 0
1205 1
1206 0
1207 0
1208 0
1209 0
1210 0
1211 3
1212 0
1213 0
1214 0
1215 1
1216 0
1217 3
1218 2
1219 1
1220 2
1221 1
1222 0
1223 1
1224 0
1225 0
1226 0
1227 0
1228 0
1229 1
1230 0
1231 1
1232 0
1233 0
1234 0
1235 0
1236 0
1237 1
1238 0
1239 1
1240 1
1241 1
1242 0
1243 1
1244 0
1245 1
1246 0
1247 0
1248 0
1249 0
1250 0
1251 0
1252 0
1253 1
1254 0
1255 2
1256 0
1257 2
1258 0
1259 0
1260 1
1261 2
1262 0
1263 2
1264 1
1265 0
1266 1
1267 1
1268 0
1269 0
1270 0
1271 0
1272 1
1273 1
1274 1
1275 1
1276 0
1277 0
1278 1
1279 1
1280 1
1281 1
1282 1
1283 0
1284 1
1285 1
1286 1
1287 0
1288 0
1289 1
1290 1
1291 0
1292 0
1293 1
1294 0
1295 0
1296 1
1297 1
1298 1
1299 1
1300 0
1301 1
1302 3
1303 1
1304 3
1305 2
1306 2
1307 1
1308 1
1309 1
1310 1
1311 0
1312 2
1313 0
1314 0
1315 2
1316 0
1317 1
1318 1
1319 0
1320 0
1321 0
1322 2
1323 1
1324 1
1325 0
1326 0
1327 1
1328 0
1329 1
1330 0
1331 1
1332 1
1333 0
1334 0
1335 1
1336 0
1337 0
1338 0
1339 1
1340 1
1341 0
1342 0
1343 1
1344 0
1345 1
1346 0
1347 0
1348 2
1349 1
1350 1
1351 0
1352 0
1353 1
1354 1
1355 1
1356 0
1357 0
1358 0
1359 1
1360 0
1361 0
1362 1
1363 0
1364 2
1365 1
1366 0
1367 0
1368 0
1369 0
1370 0
1371 1
1372 0
1373 0
1374 2
1375 0
1376 1
1377 1
1378 1
1379 0
1380 0
1381 0
1382 0
1383 1
1384 2
1385 0
1386 3
1387 0
1388 1
1389 0
1390 0
1391 1
1392 0
1393 0
1394 0
1395 1
1396 0
1397 1
1398 0
1399 1
1400 0
1401 1
1402 1
1403 0
1404 0
1405 0
1406 0
1407 0
1408 0
1409 0
1410 0
1411 1
1412 1
1413 0
1414 0
1415 0
1416 0
1417 0
1418 1
1419 1
1420 0
1421 0
1422 0
1423 1
1424 0
1425 1
1426 0
1427 1
1428 0
1429 1
1430 0
1431 0
1432 1
1433 1
1434 1
1435 0
1436 0
1437 1
1438 0
1439 1
1440 0
1441 1
1442 1
1443 1
1444 1
1445 1
1446 0
1447 1
1448 1
1449 0
1450 0
1451 1
1452 0
1453 0
1454 0
1455 1
1456 0
1457 1
1458 0
1459 1
1460 0
1461 0
1462 0
1463 0
1464 0
1465 0
1466 0
1467 0
1468 0
1469 1
1470 1
1471 0
1472 0
1473 0
1474 0
1475 0
1476 0
1477 0
1478 1
1479 2
1480 1
1481 1
1482 0
1483 1
1484 0
1485 0
1486 0
1487 0
1488 1
1489 0
1490 1
1491 0
1492 1
1493 0
1494 1
1495 2
1496 0
1497 1
1498 0
1499 0
1500 0
1501 0
1502 0
1503 1
1504 1
1505 1
1506 2
1507 1
1508 0
1509 2
1510 0
1511 2
1512 1
1513 1
1514 1
1515 2
1516 0
1517 1
1518 2
1519 2
1520 1
1521 0
1522 0
1523 2
1524 0
1525 0
1526 0
1527 3
1528 0
1529 0
1530 1
1531 1
1532 0
1533 0
1534 0
1535 1
1536 1
1537 2
1538 0
1539 2
1540 1
1541 1
1542 1
1543 0
1544 1
1545 0
1546 1
1547 0
1548 0
1549 0
1550 0
1551 0
1552 0
1553 0
1554 2
1555 1
1556 2
1557 0
1558 0
1559 1
1560 1
1561 1
1562 1
1563 1
1564 1
1565 0
1566 2
1567 0
1568 1
1569 1
1570 0
1571 0
1572 1
1573 0
1574 0
1575 0
1576 0
1577 0
1578 1
1579 1
1580 1
1581 1
1582 1
1583 1
1584 0
1585 0
1586 1
1587 1
1588 0
1589 0
1590 0
1591 0
1592 0
1593 0
1594 3
1595 1
1596 1
1597 0
1598 0
1599 1
1600 1
1601 0
1602 0
1603 0
1604 0
1605 1
1606 0
1607 1
1608 1
1609 1
1610 1
1611 0
1612 1
1613 0
1614 1
1615 0
1616 0
1617 2
1618 0
1619 1
1620 0
1621 0
1622 0
1623 0
1624 3
1625 1
1626 0
1627 0
1628 0
1629 0
1630 0
1631 0
1632 0
1633 0
1634 0
1635 0
1636 0
1637 1
1638 0
1639 1
1640 1
1641 0
1642 0
1643 0
1644 0
1645 0
1646 1
1647 0
1648 0
1649 1
1650 1
1651 0
1652 0
1653 2
1654 1
1655 1
1656 0
1657 1
1658 0
1659 2
1660 1
1661 0
1662 1
1663 1
1664 0
1665 0
1666 0
1667 0
1668 1
1669 1
1670 1
1671 1
1672 0
1673 0
1674 0
1675 0
1676 1
1677 0
1678 0
1679 1
1680 1
1681 1
1682 1
1683 0
1684 0
1685 0
1686 1
1687 0
1688 0
1689 0
1690 0
1691 0
1692 0
1693 0
1694 1
1695 1
1696 0
1697 0
1698 0
1699 0
1700 0
1701 0
1702 0
1703 0
1704 1
1705 2
1706 0
1707 1
1708 0
1709 1
1710 1
1711 0
1712 1
1713 1
1714 0
1715 1
1716 1
1717 0
1718 0
1719 0
1720 1
1721 2
1722 1
1723 1
1724 0
1725 1
1726 0
1727 0
1728 3
1729 1
1730 0
1731 1
1732 0
1733 2
1734 0
1735 0
1736 1
1737 0
1738 1
1739 0
1740 1
1741 1
1742 0
1743 1
1744 0
1745 0
1746 1
1747 0
1748 1
1749 1
1750 0
1751 1
1752 0
1753 1
1754 0
1755 0
1756 1
1757 0
1758 1
1759 1
1760 2
1761 1
1762 1
1763 0
1764 0
1765 0
1766 1
1767 0
1768 1
1769 1
1770 1
1771 1
1772 1
1773 1
1774 0
1775 1
1776 1
1777 0
1778 0
1779 0
1780 0
1781 0
1782 0
1783 1
1784 1
1785 0
1786 1
1787 0
1788 1
1789 0
1790 1
1791 0
1792 1
1793 1
1794 0
1795 0
1796 1
1797 0
1798 1
1799 1
1800 0
1801 1
1802 0
1803 1
1804 0
1805 0
1806 1
1807 0
1808 0
1809 0
1810 1
1811 0
1812 1
1813 1
1814 1
1815 1
1816 0
1817 1
1818 1
1819 0
1820 0
1821 1
1822 1
1823 1
1824 1
1825 0
1826 0
1827 0
1828 0
1829 0
1830 1
1831 1
1832 1
1833 0
1834 0
1835 0
1836 1
1837 0
1838 1
1839 0
1840 1
1841 0
1842 0
1843 2
1844 1
1845 1
1846 2
1847 0
1848 0
1849 1
1850 1
1851 0
1852 1
1853 1
1854 0
1855 1
1856 1
1857 1
1858 2
1859 3
1860 1
1861 1
1862 2
1863 2
1864 1
1865 1
1866 0
1867 1
1868 1
1869 0
1870 2
1871 1
1872 1
1873 0
1874 0
1875 0
1876 0
1877 1
1878 0
1879 2
1880 0
1881 1
1882 1
1883 1
1884 1
1885 0
1886 1
1887 0
1888 1
1889 1
1890 1
1891 1
1892 1
1893 0
1894 0
1895 1
1896 1
1897 1
1898 1
1899 1
1900 0
1901 0
1902 1
1903 0
1904 0
1905 0
1906 0
1907 0
1908 0
1909 0
1910 0
1911 2
1912 1
1913 1
1914 2
1915 1
1916 3
1917 0
1918 1
1919 2
1920 1
1921 2
1922 0
1923 0
1924 1
1925 1
1926 1
1927 1
1928 0
1929 0
1930 1
1931 0
1932 1
1933 0
1934 0
1935 0
1936 1
1937 1
1938 0
1939 0
1940 1
1941 0
1942 0
1943 1
1944 1
1945 1
1946 1
1947 0
1948 1
1949 1
1950 2
1951 1
1952 1
1953 0
1954 1
1955 1
1956 2
1957 1
1958 0
1959 1
1960 0
1961 0
1962 0
1963 1
1964 0
1965 1
1966 1
1967 0
1968 0
1969 0
1970 1
1971 1
1972 0
1973 1
1974 0
1975 0
1976 1
1977 1
1978 1
1979 1
1980 1
1981 1
1982 0
1983 0
1984 0
1985 0
1986 1
1987 0
1988 0
1989 1
1990 0
1991 1
1992 1
1993 1
1994 1
1995 0
1996 1
1997 1
1998 2
1999 0
