0 0
1 1
2 0
3 0
4 0
5 1
6 0
7 0
8 2
9 0
10 0
11 0
12 0
13 0
14 0
15 1
16 0
17 0
18 0
19 2
20 0
21 0
22 0
23 1
24 1
25 0
26 0
27 0
28 0
29 0
30 0
31 1
32 0
33 1
34 1
35 0
36 0
37 0
38 0
39 0
40 0
41 0
42 0
43 0
44 0
45 0
46 0
47 0
48 0
49 2
50 0
51 0
52 0
53 1
54 0
55 1
56 1
57 2
58 1
59 1
60 0
61 1
62 0
63 0
64 0
65 0
66 1
67 0
68 0
69 1
70 0
71 0
72 0
73 1
74 0
75 0
76 0
77 0
78 0
79 1
80 1
81 0
82 0
83 0
84 0
85 0
86 0
87 0
88 0
89 0
90 0
91 0
92 0
93 0
94 1
95 0
96 0
97 1
98 0
99 0
100 1
101 1
102 0
103 1
104 0
105 0
106 0
107 0
108 0
109 0
110 0
111 0
112 0
113 1
114 0
115 0
116 0
117 0
118 0
119 0
120 0
121 0
122 1
123 0
124 1
125 1
126 0
127 0
128 0
129 1
130 0
131 1
132 0
133 0
134 0
135 0
136 0
137 0
138 0
139 0
140 0
141 0
142 0
143 0
144 0
145 0
146 0
147 2
148 1
149 0
150 0
151 0
152 0
153 0
154 0
155 0
156 0
157 1
158 0
159 0
160 0
161 0
162 1
163 0
164 0
165 0
166 0
167 0
168 0
169 1
170 0
171 1
172 1
173 0
174 0
175 0
176 0
177 0
178 0
179 1
180 0
181 0
182 0
183 1
184 0
185 0
186 0
187 0
188 0
189 0
190 0
191 1
192 0
193 0
194 2
195 0
196 0
197 0
198 0
199 0
200 0
201 0
202 0
203 0
204 1
205 0
206 0
207 0
208 0
209 0
210 1
211 0
212 0
213 1
214 0
215 0
216 0
217 0
218 0
219 0
220 0
221 0
222 0
223 0
224 1
225 0
226 0
227 0
228 1
229 0
230 0
231 1
232 0
233 0
234 0
235 0
236 0
237 0
238 0
239 0
240 0
241 1
242 0
243 1
244 1
245 0
246 0
247 1
248 0
249 0
250 0
251 0
252 1
253 0
254 0
255 0
256 0
257 0
258 0
259 0
260 0
261 0
262 0
263 0
264 0
265 1
266 0
267 0
268 1
269 1
270 2
271 0
272 1
273 1
274 1
275 1
276 2
277 0
278 1
279 1
280 2
281 0
282 1
283 1
284 0
285 0
286 2
287 1
288 0
289 2
290 1
291 2
292 1
293 1
294 1
295 0
296 1
297 2
298 1
299 0
300 1
301 1
302 0
303 0
304 0
305 0
306 1
307 1
308 1
309 2
310 1
311 0
312 2
313 2
314 2
315 1
316 1
317 1
318 0
319 1
320 2
321 1
322 1
323 0
324 0
325 0
326 0
327 1
328 0
329 0
330 0
331 0
332 0
333 0
334 1
335 0
336 1
337 0
338 0
339 0
340 0
341 0
342 0
343 0
344 0
345 2
346 2
347 1
348 1
349 0
350 1
351 1
352 0
353 0
354 0
355 0
356 0
357 0
358 1
359 1
360 0
361 0
362 0
363 1
364 2
365 0
366 2
367 0
368 0
369 1
370 2
371 0
372 1
373 1
374 0
375 0
376 1
377 1
378 1
379 1
380 0
381 2
382 1
383 1
384 1
385 1
386 0
387 0
388 1
389 1
390 1
391 1
392 0
393 1
394 1
395 1
396 2
397 0
398 1
399 0
400 1
401 0
402 2
403 0
404 2
405 0
406 0
407 0
408 0
409 0
410 0
411 1
412 0
413 1
414 1
415 0
416 1
417 0
418 1
419 1
420 1
421 0
422 1
423 1
424 0
425 2
426 0
427 0
428 0
429 1
430 0
431 1
432 1
433 1
434 2
435 0
436 1
437 1
438 1
439 0
440 1
441 0
442 1
443 0
444 2
445 0
446 0
447 1
448 1
449 2
450 2
451 1
452 0
453 1
454 1
455 1
456 1
457 0
458 0
459 0
460 0
461 0
462 1
463 0
464 1
465 0
466 0
467 0
468 1
469 2
470 1
471 0
472 1
473 0
474 0
475 1
476 1
477 0
478 1
479 1
480 0
481 0
482 0
483 1
484 1
485 1
486 2
487 1
488 1
489 0
490 0
491 0
492 1
493 1
494 0
495 1
496 1
497 0
498 0
499 1
500 0
501 1
502 0
503 2
504 1
505 0
506 1
507 1
508 0
509 1
510 1
511 0
512 0
513 1
514 1
515 1
516 0
517 0
518 0
519 0
520 0
521 0
522 0
523 0
524 0
525 0
526 0
527 0
528 0
529 1
530 0
531 1
532 1
533 0
534 1
535 0
536 2
537 0
538 0
539 1
540 1
541 1
542 1
543 0
544 1
545 0
546 0
547 1
548 0
549 1
550 1
551 0
552 0
553 0
554 0
555 2
556 1
557 0
558 1
559 2
560 0
561 1
562 0
563 2
564 0
565 1
566 1
567 2
568 0
569 0
570 1
571 1
572 1
573 0
574 0
575 1
576 3
577 1
578 1
579 0
580 0
581 1
582 0
583 0
584 0
585 0
586 0
587 2
588 0
589 0
590 0
591 1
592 0
593 1
594 0
595 2
596 0
597 0
598 1
599 1
600 1
601 0
602 1
603 1
604 0
605 0
606 1
607 1
608 1
609 1
610 3
611 0
612 0
613 1
614 2
615 2
616 1
617 1
618 1
619 1
620 2
621 1
622 0
623 0
624 0
625 1
626 1
627 1
628 0
629 1
630 1
631 2
632 1
633 0
634 1
635 1
636 1
637 0
638 0
639 0
640 0
641 0
642 0
643 0
644 0
645 0
646 0
647 0
648 0
649 0
650 0
651 0
652 0
653 0
654 0
655 0
656 0
657 0
658 0
659 0
660 0
661 0
662 1
663 0
664 0
665 0
666 0
667 0
668 0
669 0
670 0
671 0
672 0
673 0
674 1
675 0
676 0
677 0
678 0
679 0
680 0
681 1
682 0
683 0
684 0
685 0
686 2
687 0
688 1
689 1
690 1
691 0
692 0
693 0
694 0
695 0
696 0
697 0
698 0
699 0
700 0
701 0
702 0
703 0
704 1
705 0
706 0
707 0
708 0
709 0
710 0
711 0
712 0
713 0
714 0
715 0
716 0
717 0
718 0
719 1
720 0
721 1
722 0
723 0
724 0
725 0
726 0
727 0
728 0
729 0
730 1
731 0
732 0
733 0
734 0
735 1
736 0
737 0
738 0
739 0
740 0
741 0
742 0
743 0
744 0
745 0
746 1
747 0
748 0
749 0
750 0
751 0
752 0
753 1
754 0
755 0
756 0
757 0
758 0
759 0
760 0
761 0
762 0
763 0
764 0
765 0
766 0
767 0
768 0
769 0
770 0
771 0
772 0
773 0
774 0
775 0
776 0
777 0
778 0
779 0
780 0
781 0
782 0
783 0
784 0
785 0
786 0
787 0
788 0
789 0
790 0
791 0
792 0
793 0
794 0
795 0
796 0
797 0
798 0
799 0
800 0
801 0
802 0
803 0
804 0
805 0
806 0
807 0
808 1
809 0
810 0
811 0
812 0
813 0
814 0
815 0
816 0
817 0
818 0
819 0
820 0
821 0
822 0
823 0
824 0
825 0
826 0
827 0
828 0
829 0
830 0
831 0
832 0
833 0
834 0
835 0
836 1
837 0
838 0
839 0
840 0
841 0
842 0
843 0
844 0
845 0
846 0
847 0
848 0
849 0
850 0
851 0
852 1
853 0
854 0
855 0
856 0
857 0
858 1
859 0
860 0
861 0
862 0
863 0
864 0
865 0
866 0
867 0
868 0
869 0
870 0
871 0
872 0
873 1
874 1
875 0
876 0
877 0
878 0
879 0
880 0
881 0
882 0
883 1
884 0
885 0
886 0
887 0
888 0
889 0
890 0
891 0
892 0
893 0
894 1
895 0
896 0
897 0
898 0
899 0
900 0
901 0
902 0
903 0
904 0
905 0
906 0
907 0
908 0
909 0
910 0
911 0
912 0
913 0
914 0
915 0
916 0
917 0
918 0
919 0
920 1
921 1
922 1
923 1
924 1
925 1
926 1
927 2
928 1
929 2
930 1
931 1
932 1
933 1
934 0
935 1
936 1
937 1
938 0
939 1
940 1
941 0
942 1
943 1
944 2
945 1
946 1
947 1
948 2
949 0
950 1
951 1
952 1
953 1
954 1
955 1
956 1
957 1
958 2
959 1
960 1
961 2
962 2
963 1
964 2
965 1
966 2
967 1
968 1
969 1
970 2
971 0
972 2
973 1
974 0
975 1
976 1
977 1
978 1
979 3
980 1
981 1
982 1
983 1
984 0
985 1
986 1
987 2
988 1
989 1
990 0
991 1
992 1
993 0
994 2
995 1
996 1
997 1
998 1
999 1
1000 1
1001 1
1002 1
1003 2
1004 0
1005 1
1006 1
1007 1
1008 2
1009 1
1010 1
1011 1
1012 2
1013 1
1014 1
1015 1
1016 1
1017 1
1018 2
1019 1
1020 2
1021 1
1022 1
1023 1
1024 1
1025 1
1026 0
1027 1
1028 3
1029 2
1030 1
1031 1
1032 1
1033 1
1034 1
1035 0
1036 1
1037 1
1038 1
1039 1
1040 1
1041 2
1042 1
1043 1
1044 0
1045 2
1046 2
1047 1
1048 1
1049 1
1050 1
1051 2
1052 1
1053 1
1054 1
1055 1
1056 0
1057 1
1058 1
1059 1
1060 2
1061 2
1062 2
1063 1
1064 1
1065 1
1066 1
1067 1
1068 2
1069 2
1070 0
1071 1
1072 1
1073 0
1074 1
1075 1
1076 2
1077 1
1078 0
1079 1
1080 1
1081 1
1082 1
1083 1
1084 1
1085 1
1086 1
1087 3
1088 1
1089 0
1090 2
1091 0
1092 0
1093 1
1094 1
1095 1
1096 1
1097 0
1098 1
1099 1
1100 1
1101 1
1102 2
1103 1
1104 0
1105 2
1106 1
1107 1
1108 1
1109 2
1110 0
1111 1
1112 0
1113 0
1114 1
1115 1
1116 2
1117 1
1118 1
1119 1
1120 1
1121 0
1122 2
1123 1
1124 0
1125 0
1126 1
1127 1
1128 1
1129 2
1130 4
1131 0
1132 1
1133 1
1134 1
1135 1
1136 0
1137 1
1138 1
1139 0
1140 0
1141 0
1142 1
1143 0
1144 1
1145 0
1146 2
1147 1
1148 0
1149 0
1150 0
1151 1
1152 1
1153 1
1154 1
1155 0
1156 1
1157 1
1158 2
1159 1
1160 0
1161 2
1162 1
1163 0
1164 1
1165 1
1166 0
1167 1
1168 1
1169 0
1170 2
1171 1
1172 1
1173 0
1174 0
1175 2
1176 2
1177 1
1178 1
1179 2
1180 0
1181 1
1182 1
1183 0
1184 0
1185 0
1186 0
1187 0
1188 0
1189 0
1190 1
1191 2
1192 0
1193 2
1194 2
1195 1
1196 1
1197 1
1198 1
1199 1
1200 2
1201 0
1202 2
1203 3
1204 3
1205 1
1206 1
1207 2
1208 1
1209 1
1210 0
1211 1
1212 1
1213 0
1214 1
1215 2
1216 1
1217 0
1218 0
1219 1
1220 0
1221 0
1222 1
1223 1
1224 1
1225 1
1226 2
1227 1
1228 0
1229 1
1230 1
1231 1
1232 1
1233 1
1234 0
1235 1
1236 0
1237 0
1238 1
1239 1
1240 0
1241 1
1242 2
1243 2
1244 0
1245 0
1246 1
1247 0
1248 0
1249 0
1250 0
1251 0
1252 0
1253 0
1254 0
1255 0
1256 1
1257 0
1258 0
1259 0
1260 0
1261 0
1262 0
1263 0
1264 1
1265 0
1266 0
1267 0
1268 0
1269 0
1270 0
1271 0
1272 0
1273 0
1274 0
1275 0
1276 0
1277 0
1278 0
1279 0
1280 0
1281 0
1282 0
1283 0
1284 0
1285 0
1286 0
1287 0
1288 0
1289 0
1290 0
1291 0
1292 0
1293 0
1294 0
1295 0
1296 0
1297 0
1298 0
1299 0
1300 0
1301 0
1302 0
1303 0
1304 0
1305 0
1306 0
1307 0
1308 0
1309 0
1310 0
1311 0
1312 0
1313 0
1314 0
1315 0
1316 0
1317 0
1318 0
1319 1
1320 0
1321 0
1322 0
1323 0
1324 0
1325 0
1326 0
1327 0
1328 0
1329 0
1330 0
1331 0
1332 0
1333 0
1334 1
1335 0
1336 0
1337 1
1338 0
1339 0
1340 0
1341 0
1342 0
1343 0
1344 0
1345 0
1346 0
1347 0
1348 1
1349 0
1350 0
1351 0
1352 0
1353 0
1354 0
1355 0
1356 0
1357 0
1358 0
1359 0
1360 0
1361 0
1362 0
1363 0
1364 0
1365 0
1366 0
1367 0
1368 0
1369 0
1370 0
1371 0
1372 0
1373 0
1374 0
1375 0
1376 1
1377 0
1378 0
1379 0
1380 0
1381 0
1382 0
1383 0
1384 0
1385 0
1386 0
1387 0
1388 1
1389 0
1390 0
1391 0
1392 0
1393 0
1394 0
1395 0
1396 0
1397 0
1398 1
1399 0
1400 0
1401 0
1402 0
1403 0
1404 0
1405 0
1406 0
1407 1
1408 0
1409 0
1410 0
1411 0
1412 0
1413 0
1414 0
1415 0
1416 0
1417 0
1418 0
1419 0
1420 0
1421 0
1422 0
1423 0
1424 0
1425 0
1426 0
1427 0
1428 0
1429 0
1430 0
1431 0
1432 0
1433 0
1434 0
1435 0
1436 0
1437 0
1438 1
1439 0
1440 0
1441 0
1442 0
1443 0
1444 0
1445 0
1446 0
1447 0
1448 0
1449 0
1450 0
1451 0
1452 0
1453 0
1454 0
1455 0
1456 0
1457 0
1458 1
1459 0
1460 0
1461 0
1462 0
1463 0
1464 0
1465 0
1466 0
1467 0
1468 0
1469 0
1470 0
1471 0
1472 0
1473 0
1474 1
1475 1
1476 0
1477 0
1478 0
1479 0
1480 0
1481 0
1482 0
1483 0
1484 0
1485 0
1486 0
1487 0
1488 0
1489 0
1490 0
1491 0
1492 0
1493 1
1494 0
1495 0
1496 0
1497 0
1498 0
1499 0
1500 1
1501 1
1502 1
1503 0
1504 0
1505 0
1506 0
1507 0
1508 0
1509 0
1510 0
1511 0
1512 0
1513 0
1514 0
1515 0
1516 0
1517 0
1518 1
1519 0
1520 0
1521 0
1522 0
1523 0
1524 0
1525 0
1526 0
1527 0
1528 0
1529 0
1530 0
1531 0
1532 0
1533 0
1534 0
1535 0
1536 0
1537 0
1538 0
1539 0
1540 1
1541 0
1542 0
1543 0
1544 0
1545 0
1546 0
1547 0
1548 1
1549 2
1550 0
1551 0
1552 1
1553 1
1554 1
1555 0
1556 1
1557 0
1558 1
1559 0
1560 1
1561 1
1562 1
1563 2
1564 0
1565 0
1566 2
1567 0
1568 0
1569 1
1570 0
1571 1
1572 1
1573 1
1574 0
1575 1
1576 0
1577 1
1578 0
1579 0
1580 0
1581 0
1582 0
1583 0
1584 1
1585 0
1586 0
1587 2
1588 2
1589 1
1590 0
1591 0
1592 2
1593 1
1594 1
1595 1
1596 0
1597 0
1598 1
1599 1
1600 0
1601 0
1602 1
1603 0
1604 2
1605 0
1606 1
1607 2
1608 0
1609 1
1610 2
1611 1
1612 0
1613 1
1614 0
1615 0
1616 1
1617 0
1618 2
1619 0
1620 0
1621 2
1622 1
1623 2
1624 0
1625 1
1626 1
1627 3
1628 0
1629 2
1630 1
1631 1
1632 1
1633 0
1634 1
1635 0
1636 1
1637 1
1638 0
1639 0
1640 0
1641 0
1642 0
1643 0
1644 0
1645 1
1646 0
1647 0
1648 1
1649 0
1650 1
1651 1
1652 0
1653 0
1654 0
1655 2
1656 0
1657 0
1658 1
1659 0
1660 0
1661 0
1662 0
1663 1
1664 1
1665 1
1666 0
1667 2
1668 1
1669 2
1670 0
1671 0
1672 0
1673 0
1674 1
1675 1
1676 0
1677 0
1678 1
1679 0
1680 2
1681 1
1682 2
1683 0
1684 1
1685 1
1686 1
1687 1
1688 1
1689 0
1690 0
1691 0
1692 1
1693 2
1694 0
1695 0
1696 0
1697 1
1698 1
1699 2
1700 1
1701 1
1702 0
1703 0
1704 0
1705 0
1706 0
1707 0
1708 0
1709 0
1710 0
1711 0
1712 1
1713 1
1714 0
1715 1
1716 0
1717 0
1718 0
1719 0
1720 2
1721 0
1722 0
1723 0
1724 0
1725 0
1726 0
1727 0
1728 0
1729 0
1730 0
1731 0
1732 0
1733 0
1734 0
1735 0
1736 1
1737 0
1738 0
1739 0
1740 0
1741 0
1742 0
1743 0
1744 0
1745 0
1746 0
1747 1
1748 0
1749 0
1750 0
1751 0
1752 0
1753 0
1754 1
1755 0
1756 0
1757 0
1758 0
1759 0
1760 0
1761 0
1762 0
1763 0
1764 0
1765 0
1766 0
1767 0
1768 0
1769 0
1770 0
1771 0
1772 0
1773 0
1774 0
1775 0
1776 1
1777 1
1778 0
1779 0
1780 0
1781 0
1782 0
1783 1
1784 0
1785 0
1786 0
1787 0
1788 0
1789 0
1790 0
1791 0
1792 0
1793 0
1794 0
1795 0
1796 0
1797 0
1798 0
1799 0
1800 0
1801 0
1802 0
1803 0
1804 0
1805 0
1806 0
1807 0
1808 0
1809 0
1810 0
1811 0
1812 0
1813 0
1814 0
1815 1
1816 0
1817 0
1818 0
1819 0
1820 0
1821 0
1822 0
1823 0
1824 0
1825 0
1826 0
1827 0
1828 0
1829 0
1830 0
1831 0
1832 0
1833 0
1834 1
1835 0
1836 0
1837 0
1838 0
1839 0
1840 0
1841 0
1842 0
1843 0
1844 0
1845 1
1846 0
1847 0
1848 0
1849 0
1850 0
1851 0
1852 0
1853 0
1854 0
1855 0
1856 0
1857 0
1858 0
1859 0
1860 0
1861 0
1862 0
1863 0
1864 0
1865 0
1866 0
1867 0
1868 0
1869 1
1870 1
1871 0
1872 1
1873 0
1874 0
1875 0
1876 0
1877 0
1878 0
1879 0
1880 0
1881 0
1882 0
1883 0
1884 0
1885 0
1886 0
1887 0
1888 0
1889 0
1890 0
1891 0
1892 0
1893 1
1894 0
1895 0
1896 0
1897 0
1898 0
1899 0
1900 0
1901 0
1902 1
1903 0
1904 0
1905 0
1906 0
1907 0
1908 0
1909 1
1910 0
1911 1
1912 1
1913 1
1914 1
1915 0
1916 1
1917 0
1918 0
1919 0
1920 0
1921 0
1922 0
1923 1
1924 1
1925 1
1926 1
1927 0
1928 1
1929 0
1930 1
1931 1
1932 0
1933 0
1934 1
1935 0
1936 1
1937 2
1938 1
1939 0
1940 1
1941 0
1942 0
1943 0
1944 0
1945 1
1946 1
1947 1
1948 0
1949 0
1950 0
1951 0
1952 0
1953 0
1954 0
1955 0
1956 0
1957 0
1958 0
1959 0
1960 0
1961 0
1962 0
1963 0
1964 0
1965 0
1966 0
1967 0
1968 0
1969 0
1970 0
1971 0
1972 0
1973 0
1974 0
1975 0
1976 0
1977 0
1978 1
1979 1
1980 0
1981 0
1982 0
1983 1
1984 0
1985 0
1986 0
1987 0
1988 0
1989 0
1990 1
1991 0
1992 0
1993 1
1994 0
1995 0
1996 0
1997 0
1998 0
1999 0
