0 2
1 2
2 3
3 3
4 0
5 3
6 2
7 1
8 2
9 2
10 0
11 0
12 5
13 1
14 3
15 1
16 0
17 1
18 0
19 1
20 0
21 0
22 0
23 0
24 0
25 0
26 1
27 0
28 0
29 0
30 0
31 0
32 0
33 0
34 0
35 0
36 0
37 0
38 0
39 0
40 0
41 0
42 0
43 0
44 0
45 0
46 0
47 1
48 0
49 0
50 0
51 1
52 1
53 1
54 0
55 0
56 1
57 0
58 1
59 1
60 2
61 1
62 0
63 1
64 0
65 1
66 0
67 1
68 1
69 1
70 0
71 0
72 1
73 0
74 0
75 0
76 0
77 0
78 0
79 0
80 0
81 0
82 1
83 1
84 0
85 1
86 1
87 1
88 1
89 2
90 1
91 1
92 0
93 1
94 0
95 0
96 1
97 3
98 1
99 1
100 1
101 0
102 1
103 1
104 1
105 1
106 3
107 3
108 2
109 2
110 1
111 1
112 1
113 2
114 1
115 0
116 1
117 1
118 0
119 0
120 0
121 0
122 0
123 1
124 0
125 0
126 0
127 0
128 0
129 1
130 0
131 0
132 0
133 2
134 0
135 0
136 2
137 2
138 1
139 1
140 1
141 1
142 1
143 0
144 1
145 0
146 0
147 1
148 0
149 0
150 0
151 0
152 0
153 0
154 0
155 0
156 2
157 2
158 2
159 1
160 0
161 2
162 1
163 1
164 3
165 0
166 1
167 3
168 3
169 3
170 1
171 0
172 1
173 0
174 1
175 1
176 0
177 0
178 2
179 1
180 0
181 0
182 1
183 1
184 0
185 0
186 1
187 1
188 2
189 1
190 2
191 1
192 2
193 1
194 1
195 2
196 1
197 0
198 1
199 1
200 0
201 1
202 1
203 0
204 0
205 1
206 2
207 1
208 1
209 1
210 2
211 0
212 1
213 1
214 1
215 1
216 0
217 1
218 1
219 1
220 1
221 1
222 1
223 1
224 0
225 2
226 1
227 2
228 2
229 1
230 1
231 1
232 1
233 2
234 1
235 1
236 2
237 0
238 1
239 3
240 2
241 0
242 1
243 0
244 1
245 0
246 0
247 1
248 1
249 2
250 0
251 0
252 0
253 1
254 0
255 0
256 1
257 0
258 1
259 1
260 1
261 0
262 1
263 0
264 1
265 0
266 0
267 0
268 0
269 0
270 0
271 0
272 0
273 0
274 1
275 0
276 0
277 0
278 0
279 0
280 0
281 0
282 0
283 0
284 0
285 0
286 0
287 0
288 0
289 0
290 0
291 0
292 0
293 0
294 0
295 0
296 0
297 0
298 0
299 0
300 0
301 0
302 0
303 0
304 0
305 0
306 0
307 0
308 0
309 0
310 0
311 0
312 0
313 0
314 0
315 0
316 0
317 0
318 0
319 0
320 0
321 0
322 0
323 0
324 0
325 0
326 0
327 0
328 0
329 0
330 0
331 0
332 0
333 0
334 0
335 0
336 0
337 0
338 0
339 0
340 0
341 0
342 0
343 0
344 0
345 0
346 0
347 0
348 0
349 0
350 0
351 0
352 0
353 0
354 0
355 0
356 0
357 0
358 0
359 0
360 0
361 0
362 0
363 0
364 0
365 0
366 0
367 0
368 0
369 0
370 0
371 0
372 0
373 0
374 0
375 0
376 0
377 0
378 0
379 0
380 0
381 0
382 0
383 0
384 0
385 0
386 0
387 0
388 0
389 0
390 0
391 0
392 0
393 0
394 0
395 0
396 0
397 0
398 0
399 0
400 0
401 0
402 0
403 0
404 0
405 0
406 0
407 0
408 0
409 0
410 0
411 0
412 0
413 0
414 0
415 0
416 0
417 0
418 0
419 0
420 0
421 0
422 0
423 0
424 0
425 0
426 0
427 0
428 0
429 0
430 0
431 0
432 0
433 0
434 0
435 0
436 0
437 0
438 0
439 0
440 0
441 0
442 0
443 0
444 0
445 0
446 0
447 0
448 0
449 0
450 0
451 0
452 0
453 0
454 0
455 0
456 0
457 0
458 0
459 0
460 0
461 0
462 0
463 0
464 0
465 0
466 0
467 0
468 0
469 0
470 0
471 0
472 0
473 0
474 0
475 0
476 0
477 0
478 0
479 0
480 0
481 0
482 0
483 0
484 0
485 0
486 0
487 0
488 0
489 0
490 0
491 0
492 0
493 0
494 0
495 0
496 0
497 0
498 0
499 0
500 0
501 0
502 0
503 0
504 0
505 0
506 0
507 0
508 0
509 0
510 0
511 0
512 0
513 0
514 0
515 0
516 0
517 0
518 0
519 0
520 0
521 0
522 0
523 0
524 0
525 0
526 0
527 0
528 0
529 0
530 0
531 0
532 0
533 0
534 0
535 0
536 0
537 0
538 0
539 0
540 0
541 0
542 0
543 0
544 0
545 0
546 0
547 0
548 0
549 0
550 0
551 0
552 0
553 0
554 0
555 0
556 0
557 0
558 0
559 0
560 0
561 0
562 0
563 0
564 0
565 0
566 0
567 0
568 0
569 0
570 0
571 0
572 0
573 0
574 0
575 0
576 0
577 0
578 0
579 0
580 0
581 0
582 0
583 0
584 0
585 0
586 0
587 0
588 1
589 2
590 3
591 1
592 0
593 0
594 3
595 1
596 3
597 1
598 3
599 3
600 3
601 3
602 3
603 3
604 2
605 0
606 0
607 0
608 1
609 1
610 1
611 1
612 1
613 1
614 0
615 1
616 1
617 1
618 1
619 0
620 3
621 3
622 3
623 1
624 3
625 4
626 3
627 4
628 3
629 3
630 3
631 3
632 3
633 2
634 4
635 3
636 3
637 4
638 4
639 3
640 3
641 3
642 3
643 3
644 4
645 2
646 2
647 4
648 2
649 3
650 3
651 2
652 4
653 3
654 3
655 3
656 2
657 3
658 4
659 3
660 4
661 2
662 4
663 3
664 2
665 3
666 3
667 3
668 3
669 4
670 2
671 3
672 3
673 3
674 4
675 2
676 3
677 2
678 1
679 4
680 3
681 2
682 2
683 3
684 2
685 4
686 3
687 3
688 3
689 3
690 3
691 3
692 3
693 2
694 4
695 3
696 3
697 3
698 3
699 4
700 3
701 2
702 3
703 3
704 3
705 2
706 4
707 3
708 4
709 2
710 4
711 3
712 1
713 3
714 3
715 3
716 3
717 3
718 2
719 3
720 2
721 3
722 1
723 3
724 2
725 3
726 3
727 2
728 3
729 2
730 3
731 4
732 3
733 3
734 2
735 3
736 3
737 1
738 1
739 5
740 3
741 3
742 4
743 3
744 1
745 2
746 3
747 3
748 3
749 4
750 3
751 2
752 3
753 4
754 3
755 1
756 3
757 4
758 3
759 4
760 3
761 1
762 2
763 1
764 3
765 4
766 4
767 2
768 2
769 1
770 1
771 1
772 4
773 1
774 1
775 1
776 3
777 3
778 4
779 3
780 2
781 3
782 3
783 3
784 2
785 3
786 3
787 3
788 3
789 1
790 3
791 3
792 1
793 2
794 4
795 2
796 3
797 2
798 3
799 3
800 3
801 3
802 3
803 4
804 2
805 3
806 3
807 3
808 2
809 4
810 3
811 3
812 3
813 3
814 4
815 4
816 3
817 4
818 4
819 2
820 3
821 3
822 4
823 3
824 4
825 3
826 3
827 2
828 3
829 4
830 3
831 3
832 4
833 3
834 3
835 1
836 3
837 2
838 2
839 1
840 4
841 4
842 2
843 5
844 3
845 2
846 3
847 2
848 3
849 3
850 3
851 3
852 3
853 2
854 3
855 3
856 3
857 3
858 4
859 2
860 2
861 2
862 3
863 1
864 1
865 3
866 4
867 3
868 3
869 3
870 3
871 4
872 2
873 3
874 3
875 4
876 4
877 4
878 2
879 3
880 3
881 2
882 3
883 3
884 3
885 3
886 1
887 3
888 3
889 2
890 2
891 3
892 4
893 3
894 4
895 2
896 3
897 3
898 3
899 2
900 3
901 4
902 4
903 3
904 4
905 3
906 2
907 2
908 4
909 3
910 1
911 3
912 4
913 3
914 3
915 1
916 0
917 3
918 1
919 3
920 2
921 1
922 2
923 2
924 1
925 2
926 1
927 2
928 1
929 2
930 2
931 1
932 1
933 1
934 1
935 0
936 1
937 1
938 1
939 1
940 1
941 1
942 1
943 0
944 1
945 1
946 1
947 1
948 0
949 2
950 1
951 1
952 3
953 2
954 2
955 1
956 2
957 4
958 2
959 0
960 2
961 2
962 2
963 2
964 1
965 2
966 2
967 3
968 1
969 2
970 3
971 2
972 2
973 1
974 2
975 1
976 3
977 3
978 2
979 1
980 3
981 3
982 3
983 1
984 1
985 4
986 4
987 2
988 4
989 2
990 3
991 4
992 3
993 2
994 3
995 3
996 2
997 2
998 3
999 1
1000 4
1001 3
1002 2
1003 0
1004 4
1005 4
1006 3
1007 3
1008 2
1009 2
1010 4
1011 1
1012 1
1013 2
1014 4
1015 2
1016 3
1017 2
1018 1
1019 2
1020 1
1021 1
1022 1
1023 2
1024 0
1025 1
1026 4
1027 1
1028 1
1029 0
1030 1
1031 0
1032 0
1033 0
1034 0
1035 0
1036 0
1037 0
1038 0
1039 0
1040 0
1041 0
1042 0
1043 0
1044 0
1045 0
1046 0
1047 0
1048 0
1049 0
1050 0
1051 0
1052 0
1053 0
1054 0
1055 0
1056 0
1057 0
1058 0
1059 0
1060 0
1061 0
1062 0
1063 0
1064 0
1065 0
1066 0
1067 1
1068 0
1069 2
1070 2
1071 0
1072 0
1073 0
1074 0
1075 0
1076 0
1077 0
1078 0
1079 0
1080 0
1081 0
1082 0
1083 0
1084 1
1085 0
1086 1
1087 0
1088 0
1089 3
1090 3
1091 3
1092 2
1093 3
1094 3
1095 2
1096 3
1097 3
1098 2
1099 3
1100 4
1101 2
1102 4
1103 3
1104 3
1105 3
1106 4
1107 2
1108 3
1109 3
1110 3
1111 3
1112 4
1113 4
1114 1
1115 4
1116 2
1117 3
1118 4
1119 0
1120 4
1121 3
1122 3
1123 2
1124 2
1125 3
1126 3
1127 4
1128 2
1129 3
1130 3
1131 3
1132 3
1133 4
1134 3
1135 3
1136 2
1137 3
1138 4
1139 3
1140 3
1141 1
1142 3
1143 3
1144 2
1145 3
1146 3
1147 4
1148 0
1149 0
1150 0
1151 1
1152 1
1153 2
1154 0
1155 2
1156 0
1157 0
1158 0
1159 1
1160 0
1161 0
1162 0
1163 0
1164 0
1165 0
1166 0
1167 0
1168 0
1169 0
1170 0
1171 0
1172 0
1173 0
1174 0
1175 1
1176 1
1177 0
1178 0
1179 0
1180 0
1181 0
1182 0
1183 0
1184 0
1185 0
1186 0
1187 0
1188 0
1189 0
1190 0
1191 0
1192 0
1193 0
1194 0
1195 0
1196 0
1197 0
1198 0
1199 0
1200 0
1201 0
1202 0
1203 0
1204 0
1205 0
1206 0
1207 0
1208 0
1209 0
1210 0
1211 0
1212 0
1213 0
1214 0
1215 0
1216 0
1217 0
1218 0
1219 0
1220 0
1221 0
1222 0
1223 0
1224 0
1225 0
1226 0
1227 0
1228 0
1229 0
1230 0
1231 0
1232 0
1233 0
1234 0
1235 0
1236 0
1237 0
1238 0
1239 0
1240 0
1241 0
1242 0
1243 0
1244 0
1245 0
1246 0
1247 0
1248 0
1249 0
1250 0
1251 0
1252 0
1253 0
1254 0
1255 0
1256 0
1257 0
1258 0
1259 0
1260 0
1261 0
1262 0
1263 0
1264 0
1265 0
1266 0
1267 0
1268 0
1269 0
1270 0
1271 0
1272 0
1273 0
1274 0
1275 0
1276 0
1277 0
1278 0
1279 0
1280 0
1281 0
1282 0
1283 0
1284 0
1285 0
1286 0
1287 0
1288 0
1289 0
1290 0
1291 0
1292 0
1293 0
1294 0
1295 0
1296 0
1297 0
1298 0
1299 0
1300 0
1301 0
1302 0
1303 0
1304 0
1305 0
1306 0
1307 0
1308 0
1309 0
1310 0
1311 0
1312 0
1313 1
1314 0
1315 0
1316 0
1317 0
1318 0
1319 0
1320 0
1321 0
1322 0
1323 0
1324 0
1325 0
1326 0
1327 0
1328 0
1329 0
1330 0
1331 0
1332 0
1333 0
1334 0
1335 0
1336 0
1337 0
1338 0
1339 0
1340 0
1341 0
1342 0
1343 0
1344 0
1345 0
1346 0
1347 0
1348 0
1349 0
1350 0
1351 0
1352 0
1353 0
1354 0
1355 0
1356 0
1357 0
1358 0
1359 0
1360 0
1361 0
1362 0
1363 0
1364 0
1365 0
1366 0
1367 0
1368 0
1369 0
1370 0
1371 0
1372 0
1373 0
1374 0
1375 0
1376 0
1377 0
1378 0
1379 0
1380 0
1381 0
1382 0
1383 0
1384 0
1385 0
1386 0
1387 0
1388 0
1389 0
1390 0
1391 0
1392 0
1393 0
1394 0
1395 0
1396 0
1397 0
1398 0
1399 0
1400 0
1401 0
1402 0
1403 0
1404 0
1405 0
1406 0
1407 0
1408 0
1409 0
1410 0
1411 0
1412 0
1413 0
1414 0
1415 0
1416 0
1417 0
1418 0
1419 0
1420 0
1421 0
1422 0
1423 0
1424 0
1425 0
1426 0
1427 0
1428 0
1429 0
1430 0
1431 0
1432 0
1433 0
1434 0
1435 0
1436 0
1437 0
1438 0
1439 0
1440 0
1441 0
1442 1
1443 1
1444 2
1445 0
1446 0
1447 1
1448 1
1449 0
1450 1
1451 0
1452 1
1453 1
1454 0
1455 1
1456 0
1457 0
1458 0
1459 0
1460 0
1461 0
1462 0
1463 0
1464 0
1465 0
1466 0
1467 0
1468 0
1469 0
1470 1
1471 1
1472 1
1473 1
1474 1
1475 3
1476 4
1477 1
1478 2
1479 3
1480 0
1481 1
1482 1
1483 4
1484 3
1485 3
1486 3
1487 2
1488 1
1489 3
1490 3
1491 3
1492 3
1493 2
1494 3
1495 3
1496 3
1497 1
1498 2
1499 2
1500 1
1501 3
1502 4
1503 3
1504 3
1505 3
1506 3
1507 2
1508 3
1509 3
1510 3
1511 3
1512 3
1513 3
1514 3
1515 4
1516 3
1517 2
1518 2
1519 1
1520 3
1521 3
1522 2
1523 3
1524 3
1525 3
1526 2
1527 3
1528 3
1529 3
1530 3
1531 1
1532 5
1533 3
1534 3
1535 3
1536 2
1537 3
1538 2
1539 3
1540 2
1541 2
1542 1
1543 3
1544 0
1545 1
1546 1
1547 0
1548 0
1549 0
1550 0
1551 0
1552 0
1553 0
1554 1
1555 0
1556 0
1557 0
1558 0
1559 0
1560 0
1561 0
1562 0
1563 0
1564 1
1565 0
1566 0
1567 0
1568 1
1569 0
1570 0
1571 1
1572 2
1573 2
1574 1
1575 0
1576 1
1577 1
1578 1
1579 1
1580 1
1581 0
1582 1
1583 1
1584 3
1585 3
1586 3
1587 1
1588 0
1589 3
1590 3
1591 1
1592 0
1593 3
1594 3
1595 2
1596 3
1597 3
1598 2
1599 4
1600 4
1601 4
1602 3
1603 3
1604 2
1605 2
1606 3
1607 3
1608 0
1609 1
1610 1
1611 1
1612 0
1613 1
1614 1
1615 1
1616 2
1617 1
1618 1
1619 4
1620 2
1621 0
1622 0
1623 1
1624 0
1625 1
1626 1
1627 0
1628 0
1629 0
1630 0
1631 0
1632 0
1633 0
1634 0
1635 3
1636 3
1637 2
1638 4
1639 4
1640 3
1641 4
1642 3
1643 3
1644 3
1645 4
1646 2
1647 4
1648 3
1649 3
1650 2
1651 3
1652 3
1653 4
1654 3
1655 3
1656 3
1657 4
1658 3
1659 2
1660 3
1661 3
1662 3
1663 3
1664 3
1665 3
1666 3
1667 3
1668 4
1669 3
1670 2
1671 4
1672 4
1673 3
1674 3
1675 1
1676 1
1677 4
1678 3
1679 3
1680 3
1681 3
1682 3
1683 2
1684 3
1685 3
1686 2
1687 3
1688 4
1689 3
1690 4
1691 3
1692 5
1693 3
1694 3
1695 2
1696 2
1697 4
1698 2
1699 3
1700 2
1701 3
1702 3
1703 3
1704 3
1705 1
1706 5
1707 2
1708 3
1709 2
1710 4
1711 3
1712 3
1713 3
1714 2
1715 4
1716 3
1717 3
1718 2
1719 3
1720 3
1721 3
1722 3
1723 3
1724 3
1725 2
1726 3
1727 4
1728 2
1729 3
1730 2
1731 2
1732 3
1733 3
1734 2
1735 3
1736 3
1737 2
1738 3
1739 3
1740 3
1741 4
1742 4
1743 3
1744 3
1745 0
1746 3
1747 3
1748 1
1749 2
1750 0
1751 1
1752 1
1753 1
1754 3
1755 2
1756 3
1757 4
1758 0
1759 3
1760 2
1761 4
1762 2
1763 0
1764 1
1765 1
1766 3
1767 2
1768 3
1769 2
1770 3
1771 3
1772 3
1773 3
1774 1
1775 3
1776 3
1777 3
1778 4
1779 2
1780 4
1781 2
1782 3
1783 3
1784 2
1785 3
1786 2
1787 3
1788 2
1789 1
1790 3
1791 3
1792 3
1793 4
1794 3
1795 3
1796 3
1797 2
1798 1
1799 2
1800 3
1801 3
1802 2
1803 2
1804 3
1805 4
1806 3
1807 0
1808 2
1809 3
1810 3
1811 2
1812 3
1813 2
1814 2
1815 2
1816 2
1817 1
1818 0
1819 1
1820 0
1821 1
1822 1
1823 1
1824 1
1825 1
1826 2
1827 1
1828 1
1829 1
1830 0
1831 1
1832 0
1833 3
1834 3
1835 3
1836 4
1837 3
1838 3
1839 3
1840 3
1841 3
1842 3
1843 3
1844 4
1845 1
1846 3
1847 3
1848 2
1849 3
1850 2
1851 1
1852 2
1853 4
1854 2
1855 3
1856 1
1857 3
1858 2
1859 3
1860 1
1861 2
1862 2
1863 3
1864 2
1865 2
1866 4
1867 3
1868 4
1869 4
1870 3
1871 2
1872 2
1873 2
1874 2
1875 2
1876 3
1877 2
1878 3
1879 3
1880 2
1881 2
1882 1
1883 3
1884 3
1885 2
1886 3
1887 3
1888 3
1889 3
1890 2
1891 3
1892 2
1893 1
1894 2
1895 3
1896 3
1897 4
1898 3
1899 1
1900 2
1901 2
1902 3
1903 4
1904 2
1905 2
1906 2
1907 1
1908 3
1909 2
1910 3
1911 3
1912 1
1913 1
1914 1
1915 0
1916 1
1917 0
1918 1
1919 1
1920 3
1921 2
1922 1
1923 3
1924 2
1925 3
1926 3
1927 4
1928 0
1929 3
1930 3
1931 3
1932 4
1933 4
1934 2
1935 3
1936 3
1937 4
1938 2
1939 4
1940 3
1941 3
1942 3
1943 3
1944 2
1945 1
1946 3
1947 1
1948 2
1949 5
1950 0
1951 2
1952 2
1953 3
1954 3
1955 1
1956 2
1957 3
1958 3
1959 3
1960 2
1961 2
1962 3
1963 2
1964 1
1965 2
1966 4
1967 3
1968 2
1969 3
1970 3
1971 3
1972 2
1973 3
1974 3
1975 2
1976 3
1977 3
1978 2
1979 1
1980 0
1981 1
1982 1
1983 1
1984 1
1985 3
1986 1
1987 3
1988 2
1989 4
1990 1
1991 1
1992 0
1993 0
1994 2
1995 1
1996 0
1997 1
1998 3
1999 1
