0 0
1 0
2 0
3 0
4 1
5 0
6 0
7 0
8 0
9 0
10 0
11 0
12 0
13 0
14 0
15 0
16 0
17 0
18 0
19 0
20 0
21 0
22 0
23 0
24 0
25 0
26 0
27 0
28 0
29 0
30 0
31 0
32 0
33 0
34 1
35 1
36 0
37 2
38 1
39 1
40 1
41 0
42 1
43 2
44 0
45 1
46 1
47 0
48 1
49 2
50 1
51 0
52 0
53 0
54 0
55 0
56 0
57 0
58 0
59 0
60 0
61 0
62 0
63 0
64 0
65 0
66 0
67 0
68 0
69 1
70 1
71 1
72 2
73 1
74 0
75 0
76 0
77 0
78 0
79 0
80 1
81 2
82 2
83 1
84 2
85 0
86 0
87 0
88 4
89 2
90 0
91 0
92 0
93 0
94 0
95 0
96 0
97 0
98 0
99 0
100 0
101 1
102 0
103 1
104 0
105 0
106 0
107 0
108 2
109 0
110 0
111 0
112 0
113 0
114 0
115 0
116 0
117 0
118 0
119 0
120 0
121 0
122 0
123 0
124 0
125 0
126 1
127 0
128 0
129 0
130 0
131 0
132 2
133 1
134 0
135 0
136 1
137 1
138 1
139 0
140 0
141 0
142 0
143 0
144 0
145 0
146 0
147 0
148 0
149 0
150 0
151 0
152 0
153 0
154 0
155 0
156 0
157 0
158 0
159 0
160 0
161 0
162 0
163 0
164 0
165 0
166 0
167 2
168 2
169 0
170 0
171 1
172 0
173 1
174 1
175 1
176 1
177 1
178 2
179 0
180 0
181 0
182 0
183 0
184 0
185 0
186 0
187 1
188 0
189 0
190 0
191 0
192 1
193 1
194 1
195 0
196 0
197 0
198 0
199 1
200 1
201 0
202 2
203 4
204 1
205 0
206 2
207 1
208 1
209 1
210 1
211 1
212 1
213 0
214 1
215 1
216 0
217 1
218 1
219 1
220 0
221 1
222 1
223 0
224 1
225 1
226 1
227 1
228 1
229 0
230 0
231 0
232 1
233 1
234 2
235 1
236 1
237 4
238 0
239 3
240 1
241 2
242 0
243 2
244 1
245 2
246 3
247 3
248 3
249 2
250 1
251 2
252 1
253 1
254 1
255 1
256 2
257 0
258 0
259 0
260 0
261 0
262 2
263 0
264 0
265 1
266 1
267 0
268 0
269 0
270 0
271 1
272 2
273 0
274 0
275 1
276 0
277 1
278 1
279 1
280 0
281 0
282 0
283 0
284 1
285 1
286 2
287 3
288 1
289 1
290 0
291 2
292 2
293 1
294 2
295 1
296 1
297 3
298 1
299 1
300 1
301 1
302 2
303 0
304 1
305 1
306 2
307 3
308 0
309 1
310 1
311 1
312 3
313 1
314 2
315 0
316 2
317 2
318 1
319 1
320 1
321 0
322 1
323 0
324 1
325 2
326 1
327 0
328 1
329 1
330 2
331 1
332 0
333 2
334 1
335 1
336 2
337 1
338 1
339 1
340 1
341 1
342 0
343 1
344 1
345 1
346 1
347 1
348 1
349 1
350 0
351 1
352 1
353 1
354 2
355 2
356 0
357 1
358 1
359 1
360 2
361 1
362 2
363 1
364 1
365 3
366 1
367 1
368 1
369 1
370 1
371 1
372 1
373 1
374 1
375 0
376 1
377 1
378 1
379 1
380 1
381 0
382 2
383 1
384 1
385 1
386 2
387 2
388 1
389 1
390 2
391 1
392 2
393 1
394 1
395 1
396 1
397 2
398 2
399 1
400 0
401 1
402 1
403 4
404 1
405 2
406 1
407 1
408 1
409 2
410 2
411 1
412 1
413 1
414 0
415 1
416 1
417 2
418 3
419 0
420 1
421 1
422 0
423 1
424 0
425 0
426 1
427 0
428 2
429 1
430 2
431 0
432 1
433 2
434 0
435 2
436 0
437 1
438 0
439 1
440 1
441 1
442 2
443 1
444 1
445 1
446 2
447 1
448 2
449 1
450 1
451 1
452 3
453 0
454 1
455 1
456 2
457 0
458 2
459 1
460 1
461 1
462 1
463 1
464 1
465 1
466 2
467 2
468 1
469 1
470 3
471 1
472 2
473 1
474 2
475 1
476 1
477 0
478 1
479 1
480 1
481 1
482 1
483 1
484 2
485 3
486 2
487 1
488 1
489 1
490 1
491 2
492 1
493 1
494 1
495 1
496 0
497 2
498 0
499 1
500 1
501 1
502 1
503 1
504 1
505 1
506 1
507 0
508 1
509 1
510 1
511 1
512 1
513 1
514 1
515 2
516 1
517 2
518 1
519 1
520 1
521 2
522 1
523 0
524 0
525 1
526 1
527 1
528 1
529 1
530 1
531 2
532 1
533 1
534 0
535 1
536 0
537 2
538 0
539 2
540 2
541 1
542 1
543 2
544 0
545 1
546 1
547 2
548 0
549 2
550 0
551 0
552 1
553 1
554 0
555 1
556 1
557 2
558 1
559 2
560 2
561 2
562 1
563 1
564 0
565 1
566 1
567 1
568 1
569 0
570 0
571 2
572 2
573 1
574 1
575 1
576 0
577 1
578 1
579 1
580 0
581 2
582 0
583 2
584 1
585 1
586 1
587 1
588 1
589 1
590 1
591 0
592 2
593 3
594 2
595 0
596 1
597 1
598 2
599 2
600 1
601 1
602 1
603 0
604 1
605 2
606 1
607 1
608 1
609 2
610 2
611 1
612 1
613 1
614 1
615 0
616 1
617 1
618 1
619 1
620 0
621 2
622 0
623 1
624 1
625 1
626 2
627 0
628 3
629 2
630 2
631 1
632 3
633 1
634 1
635 3
636 2
637 2
638 1
639 3
640 0
641 1
642 1
643 1
644 1
645 1
646 2
647 2
648 1
649 1
650 0
651 1
652 1
653 1
654 1
655 1
656 0
657 1
658 2
659 3
660 2
661 1
662 2
663 2
664 1
665 2
666 2
667 1
668 1
669 2
670 2
671 1
672 1
673 1
674 0
675 1
676 0
677 2
678 1
679 1
680 1
681 1
682 0
683 1
684 2
685 1
686 2
687 1
688 1
689 0
690 1
691 1
692 2
693 1
694 2
695 1
696 0
697 0
698 0
699 0
700 0
701 3
702 2
703 2
704 2
705 1
706 2
707 0
708 1
709 1
710 1
711 2
712 1
713 3
714 1
715 2
716 1
717 1
718 1
719 1
720 2
721 2
722 1
723 1
724 1
725 0
726 2
727 2
728 1
729 1
730 2
731 1
732 1
733 0
734 1
735 2
736 1
737 0
738 1
739 0
740 1
741 1
742 1
743 1
744 1
745 1
746 2
747 0
748 4
749 2
750 2
751 1
752 1
753 1
754 1
755 1
756 1
757 2
758 2
759 1
760 1
761 1
762 2
763 0
764 1
765 1
766 1
767 1
768 0
769 1
770 1
771 1
772 2
773 2
774 1
775 2
776 0
777 1
778 1
779 2
780 1
781 1
782 1
783 1
784 1
785 1
786 1
787 2
788 1
789 2
790 1
791 1
792 0
793 1
794 0
795 2
796 1
797 1
798 2
799 1
800 1
801 1
802 1
803 1
804 1
805 1
806 1
807 2
808 2
809 2
810 1
811 1
812 1
813 1
814 2
815 1
816 1
817 1
818 1
819 1
820 2
821 0
822 1
823 0
824 1
825 1
826 1
827 1
828 1
829 2
830 1
831 1
832 1
833 2
834 2
835 2
836 1
837 1
838 2
839 1
840 2
841 0
842 1
843 3
844 1
845 1
846 1
847 0
848 1
849 1
850 0
851 1
852 0
853 1
854 1
855 1
856 1
857 1
858 0
859 1
860 1
861 2
862 1
863 1
864 1
865 2
866 0
867 1
868 1
869 1
870 1
871 1
872 1
873 1
874 1
875 1
876 1
877 1
878 2
879 1
880 0
881 1
882 2
883 0
884 1
885 1
886 1
887 0
888 1
889 0
890 0
891 2
892 0
893 1
894 2
895 2
896 1
897 2
898 1
899 1
900 1
901 1
902 0
903 1
904 2
905 0
906 0
907 1
908 1
909 2
910 0
911 1
912 2
913 1
914 1
915 2
916 1
917 1
918 2
919 0
920 1
921 0
922 1
923 1
924 0
925 1
926 0
927 0
928 1
929 1
930 1
931 1
932 1
933 1
934 1
935 1
936 0
937 0
938 1
939 1
940 1
941 1
942 1
943 1
944 1
945 1
946 1
947 3
948 1
949 2
950 1
951 2
952 1
953 1
954 1
955 1
956 1
957 0
958 1
959 1
960 1
961 1
962 0
963 1
964 2
965 2
966 1
967 0
968 1
969 1
970 1
971 1
972 1
973 1
974 2
975 2
976 0
977 1
978 2
979 1
980 1
981 1
982 0
983 2
984 2
985 2
986 1
987 1
988 1
989 1
990 1
991 1
992 1
993 0
994 1
995 1
996 1
997 2
998 0
999 1
1000 0
1001 1
1002 0
1003 1
1004 1
1005 1
1006 2
1007 1
1008 1
1009 0
1010 1
1011 2
1012 0
1013 1
1014 1
1015 0
1016 2
1017 1
1018 1
1019 3
1020 1
1021 0
1022 0
1023 1
1024 1
1025 0
1026 0
1027 0
1028 1
1029 0
1030 0
1031 1
1032 1
1033 0
1034 1
1035 0
1036 0
1037 2
1038 1
1039 0
1040 0
1041 1
1042 0
1043 2
1044 1
1045 1
1046 0
1047 1
1048 2
1049 1
1050 0
1051 2
1052 0
1053 0
1054 1
1055 1
1056 0
1057 1
1058 2
1059 1
1060 1
1061 1
1062 1
1063 1
1064 0
1065 0
1066 0
1067 0
1068 1
1069 0
1070 2
1071 2
1072 0
1073 1
1074 0
1075 1
1076 0
1077 1
1078 2
1079 0
1080 2
1081 1
1082 1
1083 1
1084 2
1085 1
1086 3
1087 1
1088 1
1089 1
1090 0
1091 1
1092 0
1093 1
1094 0
1095 1
1096 0
1097 1
1098 1
1099 0
1100 1
1101 0
1102 2
1103 1
1104 1
1105 1
1106 3
1107 0
1108 1
1109 3
1110 1
1111 1
1112 1
1113 2
1114 1
1115 1
1116 1
1117 2
1118 1
1119 1
1120 1
1121 1
1122 1
1123 1
1124 1
1125 1
1126 1
1127 1
1128 1
1129 1
1130 2
1131 1
1132 2
1133 1
1134 1
1135 1
1136 1
1137 1
1138 1
1139 1
1140 1
1141 2
1142 1
1143 1
1144 2
1145 0
1146 1
1147 1
1148 1
1149 1
1150 1
1151 1
1152 1
1153 1
1154 1
1155 2
1156 2
1157 1
1158 1
1159 0
1160 0
1161 1
1162 0
1163 0
1164 0
1165 0
1166 0
1167 1
1168 2
1169 2
1170 1
1171 2
1172 1
1173 1
1174 2
1175 1
1176 1
1177 2
1178 2
1179 2
1180 1
1181 1
1182 1
1183 1
1184 1
1185 1
1186 0
1187 1
1188 2
1189 3
1190 1
1191 1
1192 1
1193 0
1194 1
1195 0
1196 0
1197 0
1198 1
1199 1
1200 1
1201 1
1202 0
1203 1
1204 1
1205 1
1206 1
1207 0
1208 0
1209 0
1210 0
1211 1
1212 0
1213 1
1214 0
1215 0
1216 0
1217 1
1218 0
1219 0
1220 1
1221 1
1222 1
1223 2
1224 0
1225 1
1226 0
1227 2
1228 0
1229 0
1230 1
1231 0
1232 1
1233 1
1234 1
1235 1
1236 1
1237 2
1238 1
1239 2
1240 1
1241 0
1242 2
1243 1
1244 0
1245 1
1246 1
1247 3
1248 1
1249 1
1250 1
1251 1
1252 1
1253 1
1254 3
1255 1
1256 0
1257 1
1258 2
1259 1
1260 1
1261 1
1262 1
1263 1
1264 2
1265 1
1266 1
1267 3
1268 2
1269 1
1270 1
1271 2
1272 1
1273 1
1274 0
1275 1
1276 1
1277 1
1278 1
1279 1
1280 2
1281 3
1282 1
1283 0
1284 1
1285 2
1286 1
1287 1
1288 0
1289 0
1290 2
1291 3
1292 2
1293 1
1294 1
1295 1
1296 1
1297 1
1298 1
1299 0
1300 2
1301 2
1302 2
1303 1
1304 1
1305 2
1306 0
1307 0
1308 1
1309 2
1310 1
1311 1
1312 1
1313 1
1314 1
1315 0
1316 0
1317 1
1318 1
1319 2
1320 1
1321 1
1322 2
1323 1
1324 1
1325 2
1326 1
1327 1
1328 2
1329 2
1330 1
1331 2
1332 1
1333 1
1334 1
1335 1
1336 2
1337 2
1338 1
1339 2
1340 1
1341 1
1342 1
1343 0
1344 2
1345 1
1346 1
1347 1
1348 2
1349 1
1350 0
1351 2
1352 1
1353 2
1354 1
1355 0
1356 1
1357 1
1358 0
1359 2
1360 2
1361 0
1362 3
1363 2
1364 1
1365 1
1366 1
1367 1
1368 1
1369 2
1370 2
1371 1
1372 2
1373 0
1374 1
1375 2
1376 1
1377 1
1378 1
1379 1
1380 1
1381 1
1382 3
1383 2
1384 1
1385 3
1386 1
1387 1
1388 2
1389 1
1390 1
1391 2
1392 1
1393 2
1394 1
1395 1
1396 0
1397 1
1398 1
1399 1
1400 0
1401 0
1402 2
1403 1
1404 1
1405 2
1406 1
1407 1
1408 1
1409 1
1410 1
1411 2
1412 1
1413 1
1414 1
1415 1
1416 2
1417 1
1418 2
1419 1
1420 1
1421 2
1422 0
1423 1
1424 2
1425 2
1426 1
1427 1
1428 0
1429 0
1430 1
1431 2
1432 1
1433 0
1434 0
1435 1
1436 2
1437 1
1438 0
1439 1
1440 2
1441 1
1442 2
1443 1
1444 1
1445 1
1446 2
1447 2
1448 0
1449 1
1450 1
1451 0
1452 1
1453 2
1454 1
1455 1
1456 1
1457 1
1458 2
1459 1
1460 1
1461 2
1462 2
1463 2
1464 1
1465 1
1466 0
1467 3
1468 1
1469 1
1470 1
1471 0
1472 0
1473 1
1474 3
1475 2
1476 1
1477 1
1478 1
1479 1
1480 1
1481 1
1482 1
1483 0
1484 0
1485 1
1486 2
1487 1
1488 0
1489 1
1490 2
1491 2
1492 1
1493 1
1494 1
1495 1
1496 0
1497 1
1498 2
1499 2
1500 1
1501 0
1502 1
1503 1
1504 0
1505 0
1506 1
1507 1
1508 1
1509 1
1510 1
1511 2
1512 1
1513 1
1514 2
1515 2
1516 0
1517 1
1518 1
1519 2
1520 0
1521 1
1522 1
1523 0
1524 0
1525 1
1526 1
1527 1
1528 1
1529 0
1530 1
1531 0
1532 1
1533 1
1534 0
1535 1
1536 1
1537 3
1538 0
1539 1
1540 2
1541 0
1542 0
1543 1
1544 1
1545 2
1546 2
1547 1
1548 1
1549 0
1550 2
1551 1
1552 3
1553 0
1554 2
1555 2
1556 1
1557 1
1558 1
1559 1
1560 1
1561 1
1562 1
1563 1
1564 1
1565 1
1566 1
1567 1
1568 0
1569 1
1570 1
1571 2
1572 1
1573 1
1574 1
1575 1
1576 1
1577 2
1578 0
1579 1
1580 3
1581 0
1582 1
1583 2
1584 1
1585 1
1586 1
1587 0
1588 0
1589 1
1590 1
1591 0
1592 0
1593 2
1594 0
1595 0
1596 1
1597 1
1598 1
1599 1
1600 1
1601 1
1602 1
1603 1
1604 2
1605 1
1606 1
1607 0
1608 1
1609 1
1610 1
1611 2
1612 1
1613 1
1614 1
1615 0
1616 1
1617 1
1618 3
1619 2
1620 3
1621 1
1622 2
1623 1
1624 1
1625 2
1626 1
1627 1
1628 2
1629 3
1630 1
1631 1
1632 2
1633 1
1634 1
1635 2
1636 2
1637 1
1638 0
1639 1
1640 0
1641 1
1642 2
1643 1
1644 1
1645 1
1646 1
1647 1
1648 1
1649 1
1650 1
1651 1
1652 1
1653 0
1654 1
1655 2
1656 0
1657 1
1658 1
1659 2
1660 2
1661 1
1662 0
1663 2
1664 2
1665 1
1666 2
1667 0
1668 1
1669 1
1670 1
1671 1
1672 1
1673 3
1674 1
1675 1
1676 1
1677 0
1678 0
1679 2
1680 1
1681 1
1682 1
1683 1
1684 0
1685 1
1686 1
1687 1
1688 2
1689 2
1690 1
1691 2
1692 2
1693 0
1694 1
1695 1
1696 2
1697 1
1698 1
1699 1
1700 1
1701 2
1702 0
1703 2
1704 0
1705 0
1706 1
1707 1
1708 2
1709 2
1710 0
1711 1
1712 1
1713 0
1714 1
1715 0
1716 3
1717 2
1718 2
1719 1
1720 1
1721 0
1722 1
1723 2
1724 1
1725 1
1726 1
1727 1
1728 1
1729 1
1730 1
1731 1
1732 2
1733 2
1734 1
1735 2
1736 0
1737 1
1738 0
1739 1
1740 2
1741 2
1742 3
1743 3
1744 2
1745 2
1746 2
1747 1
1748 4
1749 3
1750 2
1751 2
1752 2
1753 1
1754 2
1755 1
1756 1
1757 2
1758 2
1759 1
1760 2
1761 1
1762 2
1763 2
1764 1
1765 1
1766 1
1767 3
1768 2
1769 2
1770 1
1771 1
1772 1
1773 2
1774 1
1775 1
1776 2
1777 2
1778 2
1779 1
1780 2
1781 2
1782 1
1783 1
1784 2
1785 1
1786 1
1787 1
1788 1
1789 1
1790 1
1791 0
1792 1
1793 0
1794 1
1795 1
1796 2
1797 1
1798 0
1799 0
1800 0
1801 1
1802 1
1803 0
1804 0
1805 2
1806 1
1807 1
1808 2
1809 2
1810 1
1811 2
1812 0
1813 1
1814 1
1815 2
1816 1
1817 1
1818 1
1819 2
1820 1
1821 1
1822 1
1823 1
1824 1
1825 1
1826 1
1827 2
1828 0
1829 0
1830 1
1831 1
1832 1
1833 1
1834 0
1835 1
1836 2
1837 1
1838 1
1839 0
1840 0
1841 2
1842 1
1843 1
1844 1
1845 1
1846 2
1847 2
1848 1
1849 1
1850 2
1851 2
1852 0
1853 0
1854 2
1855 0
1856 2
1857 2
1858 2
1859 1
1860 1
1861 1
1862 1
1863 1
1864 1
1865 1
1866 0
1867 2
1868 2
1869 2
1870 2
1871 0
1872 0
1873 2
1874 2
1875 2
1876 1
1877 1
1878 1
1879 2
1880 1
1881 0
1882 1
1883 1
1884 2
1885 2
1886 2
1887 2
1888 0
1889 2
1890 2
1891 2
1892 0
1893 1
1894 1
1895 1
1896 1
1897 2
1898 1
1899 2
1900 3
1901 2
1902 1
1903 1
1904 1
1905 1
1906 2
1907 1
1908 1
1909 1
1910 1
1911 2
1912 1
1913 1
1914 1
1915 1
1916 1
1917 0
1918 1
1919 2
1920 1
1921 0
1922 2
1923 3
1924 1
1925 1
1926 2
1927 2
1928 1
1929 1
1930 2
1931 2
1932 0
1933 2
1934 2
1935 1
1936 2
1937 1
1938 1
1939 1
1940 1
1941 1
1942 1
1943 2
1944 0
1945 1
1946 1
1947 2
1948 2
1949 2
1950 1
1951 2
1952 2
1953 1
1954 2
1955 2
1956 2
1957 1
1958 2
1959 0
1960 3
1961 2
1962 1
1963 3
1964 1
1965 2
1966 2
1967 3
1968 1
1969 2
1970 1
1971 1
1972 1
1973 2
1974 1
1975 2
1976 1
1977 1
1978 1
1979 1
1980 1
1981 0
1982 1
1983 1
1984 2
1985 1
1986 1
1987 1
1988 2
1989 1
1990 0
1991 2
1992 1
1993 1
1994 1
1995 1
1996 2
1997 1
1998 2
1999 2
