0 0
1 0
2 0
3 0
4 0
5 1
6 1
7 0
8 1
9 1
10 1
11 1
12 1
13 3
14 1
15 1
16 1
17 0
18 1
19 1
20 0
21 0
22 0
23 1
24 1
25 2
26 0
27 2
28 3
29 2
30 1
31 0
32 0
33 0
34 0
35 0
36 0
37 0
38 0
39 0
40 0
41 0
42 0
43 0
44 0
45 0
46 0
47 0
48 0
49 0
50 0
51 0
52 0
53 0
54 0
55 0
56 0
57 1
58 3
59 2
60 0
61 0
62 1
63 0
64 0
65 0
66 2
67 0
68 1
69 1
70 0
71 2
72 1
73 0
74 0
75 0
76 0
77 0
78 0
79 0
80 0
81 0
82 0
83 0
84 0
85 0
86 0
87 0
88 0
89 0
90 0
91 0
92 0
93 1
94 0
95 0
96 0
97 0
98 0
99 0
100 0
101 0
102 0
103 0
104 2
105 1
106 1
107 0
108 0
109 0
110 1
111 0
112 1
113 2
114 0
115 1
116 1
117 1
118 0
119 1
120 0
121 1
122 2
123 0
124 1
125 0
126 0
127 0
128 0
129 0
130 0
131 0
132 0
133 0
134 0
135 0
136 0
137 0
138 1
139 0
140 0
141 2
142 0
143 1
144 0
145 0
146 1
147 2
148 0
149 0
150 0
151 1
152 0
153 1
154 1
155 1
156 0
157 2
158 0
159 2
160 1
161 2
162 0
163 2
164 1
165 0
166 2
167 0
168 0
169 0
170 0
171 2
172 1
173 3
174 1
175 1
176 2
177 0
178 1
179 0
180 0
181 0
182 1
183 2
184 0
185 0
186 0
187 0
188 0
189 0
190 1
191 0
192 0
193 0
194 0
195 0
196 1
197 1
198 2
199 1
200 1
201 1
202 1
203 0
204 0
205 0
206 0
207 0
208 1
209 1
210 0
211 0
212 1
213 0
214 0
215 1
216 1
217 1
218 1
219 0
220 2
221 1
222 2
223 1
224 1
225 1
226 0
227 0
228 0
229 0
230 1
231 0
232 2
233 1
234 0
235 0
236 0
237 0
238 0
239 0
240 0
241 0
242 0
243 0
244 0
245 2
246 1
247 0
248 1
249 0
250 0
251 2
252 0
253 1
254 2
255 0
256 0
257 0
258 0
259 0
260 0
261 0
262 0
263 0
264 2
265 2
266 2
267 3
268 1
269 0
270 1
271 1
272 2
273 0
274 2
275 1
276 1
277 0
278 0
279 2
280 1
281 2
282 0
283 1
284 1
285 1
286 0
287 0
288 0
289 1
290 0
291 1
292 4
293 1
294 4
295 0
296 2
297 1
298 0
299 0
300 1
301 1
302 0
303 0
304 2
305 0
306 0
307 0
308 1
309 1
310 0
311 0
312 0
313 0
314 1
315 1
316 1
317 1
318 1
319 1
320 0
321 0
322 0
323 0
324 1
325 0
326 0
327 0
328 0
329 0
330 0
331 0
332 0
333 1
334 0
335 0
336 1
337 1
338 2
339 1
340 0
341 1
342 0
343 0
344 0
345 0
346 1
347 0
348 1
349 0
350 0
351 0
352 1
353 1
354 1
355 0
356 0
357 0
358 0
359 1
360 0
361 0
362 1
363 0
364 0
365 1
366 1
367 1
368 1
369 0
370 0
371 0
372 0
373 0
374 0
375 0
376 0
377 0
378 1
379 1
380 0
381 0
382 1
383 0
384 0
385 0
386 0
387 0
388 1
389 1
390 0
391 1
392 1
393 1
394 1
395 0
396 0
397 0
398 0
399 0
400 1
401 1
402 1
403 0
404 0
405 0
406 1
407 0
408 0
409 1
410 0
411 0
412 0
413 0
414 1
415 1
416 2
417 0
418 0
419 0
420 0
421 0
422 0
423 0
424 0
425 1
426 0
427 0
428 0
429 0
430 1
431 0
432 0
433 0
434 0
435 0
436 1
437 0
438 0
439 0
440 0
441 0
442 0
443 0
444 1
445 0
446 2
447 0
448 0
449 1
450 0
451 0
452 0
453 1
454 1
455 1
456 0
457 1
458 1
459 3
460 2
461 3
462 1
463 1
464 1
465 1
466 0
467 0
468 0
469 1
470 0
471 0
472 0
473 0
474 0
475 1
476 0
477 0
478 0
479 0
480 0
481 0
482 0
483 0
484 0
485 0
486 0
487 2
488 1
489 2
490 1
491 2
492 0
493 0
494 0
495 1
496 0
497 1
498 1
499 2
500 0
501 0
502 1
503 2
504 0
505 2
506 1
507 0
508 2
509 1
510 1
511 1
512 1
513 3
514 1
515 1
516 1
517 0
518 0
519 1
520 0
521 0
522 0
523 0
524 1
525 0
526 1
527 0
528 2
529 0
530 0
531 0
532 0
533 0
534 1
535 2
536 0
537 2
538 1
539 1
540 1
541 0
542 0
543 0
544 0
545 0
546 0
547 0
548 0
549 0
550 0
551 1
552 2
553 0
554 0
555 1
556 1
557 1
558 0
559 2
560 0
561 1
562 0
563 1
564 0
565 0
566 0
567 0
568 1
569 0
570 0
571 1
572 0
573 0
574 0
575 0
576 0
577 0
578 2
579 1
580 0
581 0
582 0
583 2
584 0
585 1
586 1
587 1
588 0
589 1
590 0
591 1
592 0
593 1
594 0
595 1
596 0
597 0
598 1
599 1
600 4
601 3
602 0
603 0
604 0
605 0
606 0
607 1
608 1
609 2
610 2
611 1
612 1
613 2
614 1
615 0
616 0
617 0
618 0
619 0
620 1
621 1
622 1
623 0
624 0
625 2
626 1
627 1
628 1
629 1
630 1
631 2
632 0
633 1
634 0
635 0
636 0
637 0
638 1
639 0
640 0
641 1
642 0
643 0
644 1
645 1
646 0
647 1
648 1
649 2
650 2
651 1
652 2
653 0
654 1
655 1
656 1
657 1
658 1
659 0
660 1
661 2
662 1
663 0
664 0
665 1
666 1
667 1
668 1
669 1
670 1
671 1
672 2
673 1
674 1
675 2
676 2
677 2
678 1
679 1
680 1
681 0
682 2
683 2
684 0
685 0
686 3
687 1
688 0
689 0
690 0
691 0
692 0
693 3
694 1
695 2
696 0
697 0
698 0
699 0
700 0
701 0
702 0
703 0
704 0
705 0
706 0
707 1
708 2
709 0
710 0
711 0
712 1
713 2
714 0
715 0
716 0
717 1
718 2
719 1
720 2
721 1
722 2
723 0
724 0
725 2
726 1
727 1
728 1
729 0
730 1
731 1
732 0
733 1
734 1
735 1
736 0
737 1
738 1
739 2
740 1
741 1
742 1
743 1
744 1
745 0
746 1
747 1
748 1
749 1
750 0
751 1
752 1
753 1
754 1
755 1
756 2
757 2
758 3
759 2
760 1
761 1
762 1
763 1
764 1
765 0
766 1
767 1
768 0
769 0
770 0
771 0
772 1
773 1
774 0
775 1
776 1
777 1
778 0
779 1
780 0
781 0
782 0
783 0
784 0
785 0
786 0
787 1
788 0
789 1
790 2
791 0
792 2
793 1
794 1
795 2
796 0
797 2
798 0
799 0
800 0
801 1
802 1
803 1
804 1
805 0
806 0
807 0
808 0
809 0
810 0
811 0
812 0
813 0
814 0
815 0
816 0
817 0
818 1
819 1
820 1
821 2
822 0
823 0
824 2
825 1
826 1
827 0
828 1
829 2
830 1
831 1
832 0
833 1
834 0
835 0
836 2
837 0
838 1
839 1
840 0
841 1
842 0
843 1
844 1
845 1
846 0
847 0
848 0
849 0
850 0
851 0
852 2
853 1
854 0
855 0
856 1
857 0
858 0
859 1
860 0
861 1
862 0
863 0
864 0
865 1
866 0
867 1
868 0
869 0
870 0
871 0
872 0
873 0
874 0
875 0
876 0
877 1
878 1
879 0
880 0
881 0
882 0
883 0
884 0
885 0
886 0
887 0
888 0
889 1
890 0
891 0
892 0
893 0
894 0
895 0
896 0
897 0
898 0
899 0
900 0
901 0
902 0
903 0
904 0
905 0
906 0
907 1
908 0
909 0
910 0
911 0
912 0
913 0
914 1
915 0
916 0
917 0
918 0
919 0
920 0
921 0
922 0
923 0
924 0
925 0
926 0
927 0
928 0
929 0
930 0
931 0
932 0
933 0
934 0
935 0
936 0
937 0
938 0
939 0
940 0
941 0
942 0
943 0
944 0
945 0
946 1
947 0
948 1
949 0
950 1
951 0
952 1
953 1
954 0
955 1
956 2
957 0
958 0
959 0
960 1
961 0
962 0
963 0
964 0
965 0
966 0
967 0
968 0
969 0
970 0
971 0
972 2
973 1
974 1
975 0
976 0
977 0
978 0
979 0
980 0
981 0
982 0
983 0
984 0
985 0
986 0
987 1
988 1
989 1
990 1
991 2
992 2
993 2
994 1
995 1
996 2
997 1
998 0
999 0
1000 0
1001 0
1002 0
1003 0
1004 0
1005 0
1006 0
1007 0
1008 0
1009 0
1010 0
1011 0
1012 0
1013 0
1014 0
1015 0
1016 0
1017 0
1018 0
1019 0
1020 0
1021 0
1022 0
1023 0
1024 0
1025 0
1026 0
1027 0
1028 0
1029 0
1030 0
1031 0
1032 0
1033 0
1034 0
1035 0
1036 0
1037 0
1038 0
1039 0
1040 0
1041 0
1042 0
1043 0
1044 1
1045 2
1046 2
1047 0
1048 1
1049 0
1050 0
1051 1
1052 0
1053 1
1054 0
1055 0
1056 0
1057 1
1058 1
1059 1
1060 0
1061 0
1062 1
1063 2
1064 1
1065 0
1066 0
1067 0
1068 0
1069 0
1070 0
1071 0
1072 0
1073 0
1074 0
1075 0
1076 0
1077 0
1078 0
1079 0
1080 0
1081 1
1082 0
1083 0
1084 0
1085 1
1086 0
1087 0
1088 1
1089 0
1090 0
1091 0
1092 0
1093 0
1094 0
1095 1
1096 1
1097 0
1098 1
1099 1
1100 1
1101 0
1102 0
1103 0
1104 2
1105 3
1106 2
1107 2
1108 1
1109 2
1110 2
1111 1
1112 3
1113 1
1114 1
1115 0
1116 0
1117 0
1118 0
1119 0
1120 1
1121 1
1122 2
1123 1
1124 1
1125 0
1126 0
1127 0
1128 0
1129 0
1130 1
1131 1
1132 0
1133 1
1134 1
1135 0
1136 0
1137 0
1138 0
1139 1
1140 0
1141 0
1142 0
1143 0
1144 1
1145 1
1146 2
1147 3
1148 2
1149 0
1150 0
1151 1
1152 1
1153 0
1154 2
1155 1
1156 0
1157 1
1158 0
1159 0
1160 1
1161 1
1162 1
1163 1
1164 1
1165 0
1166 0
1167 0
1168 0
1169 2
1170 1
1171 0
1172 0
1173 0
1174 0
1175 0
1176 0
1177 0
1178 0
1179 0
1180 0
1181 0
1182 0
1183 0
1184 0
1185 0
1186 1
1187 1
1188 1
1189 3
1190 0
1191 1
1192 0
1193 1
1194 0
1195 2
1196 1
1197 0
1198 0
1199 1
1200 1
1201 1
1202 1
1203 0
1204 0
1205 0
1206 0
1207 0
1208 0
1209 0
1210 0
1211 2
1212 0
1213 1
1214 1
1215 1
1216 1
1217 1
1218 0
1219 1
1220 1
1221 0
1222 0
1223 0
1224 0
1225 0
1226 0
1227 0
1228 0
1229 1
1230 0
1231 2
1232 2
1233 0
1234 0
1235 1
1236 1
1237 1
1238 2
1239 1
1240 3
1241 1
1242 0
1243 1
1244 0
1245 0
1246 0
1247 1
1248 0
1249 0
1250 0
1251 0
1252 0
1253 1
1254 1
1255 0
1256 1
1257 2
1258 1
1259 0
1260 1
1261 1
1262 1
1263 0
1264 2
1265 0
1266 1
1267 1
1268 0
1269 0
1270 1
1271 0
1272 2
1273 2
1274 1
1275 0
1276 0
1277 1
1278 0
1279 0
1280 1
1281 2
1282 2
1283 1
1284 2
1285 2
1286 2
1287 0
1288 0
1289 0
1290 0
1291 0
1292 1
1293 1
1294 0
1295 0
1296 1
1297 0
1298 0
1299 2
1300 0
1301 0
1302 1
1303 0
1304 0
1305 1
1306 0
1307 0
1308 0
1309 1
1310 0
1311 0
1312 1
1313 1
1314 0
1315 0
1316 0
1317 1
1318 0
1319 0
1320 2
1321 0
1322 0
1323 1
1324 0
1325 1
1326 1
1327 0
1328 0
1329 0
1330 0
1331 1
1332 0
1333 0
1334 0
1335 0
1336 0
1337 0
1338 0
1339 1
1340 0
1341 0
1342 1
1343 0
1344 0
1345 0
1346 1
1347 1
1348 0
1349 1
1350 1
1351 0
1352 2
1353 0
1354 0
1355 0
1356 0
1357 0
1358 0
1359 0
1360 0
1361 0
1362 0
1363 1
1364 1
1365 2
1366 1
1367 0
1368 0
1369 0
1370 0
1371 0
1372 0
1373 0
1374 0
1375 0
1376 0
1377 0
1378 0
1379 0
1380 0
1381 1
1382 0
1383 0
1384 0
1385 0
1386 2
1387 1
1388 0
1389 0
1390 0
1391 0
1392 0
1393 0
1394 0
1395 1
1396 0
1397 2
1398 3
1399 0
1400 0
1401 0
1402 1
1403 0
1404 0
1405 0
1406 0
1407 0
1408 0
1409 0
1410 0
1411 0
1412 0
1413 0
1414 1
1415 1
1416 1
1417 1
1418 1
1419 1
1420 2
1421 2
1422 1
1423 1
1424 0
1425 1
1426 1
1427 1
1428 0
1429 0
1430 0
1431 1
1432 1
1433 1
1434 0
1435 1
1436 1
1437 0
1438 0
1439 1
1440 1
1441 1
1442 2
1443 0
1444 1
1445 1
1446 2
1447 1
1448 1
1449 0
1450 2
1451 0
1452 1
1453 0
1454 1
1455 2
1456 1
1457 1
1458 1
1459 0
1460 2
1461 0
1462 2
1463 0
1464 0
1465 0
1466 1
1467 2
1468 2
1469 0
1470 1
1471 0
1472 1
1473 2
1474 1
1475 0
1476 2
1477 1
1478 1
1479 0
1480 0
1481 1
1482 0
1483 0
1484 0
1485 0
1486 0
1487 0
1488 1
1489 0
1490 1
1491 0
1492 1
1493 0
1494 1
1495 1
1496 0
1497 0
1498 1
1499 0
1500 3
1501 0
1502 0
1503 1
1504 0
1505 0
1506 1
1507 0
1508 0
1509 0
1510 0
1511 0
1512 3
1513 0
1514 0
1515 1
1516 1
1517 2
1518 2
1519 1
1520 1
1521 1
1522 0
1523 0
1524 0
1525 2
1526 2
1527 1
1528 0
1529 1
1530 1
1531 1
1532 1
1533 0
1534 0
1535 0
1536 0
1537 0
1538 1
1539 0
1540 0
1541 0
1542 1
1543 1
1544 2
1545 1
1546 0
1547 1
1548 2
1549 0
1550 0
1551 0
1552 0
1553 0
1554 0
1555 0
1556 2
1557 0
1558 0
1559 0
1560 0
1561 0
1562 0
1563 0
1564 0
1565 0
1566 0
1567 0
1568 0
1569 0
1570 0
1571 1
1572 3
1573 0
1574 2
1575 2
1576 0
1577 3
1578 2
1579 1
1580 3
1581 1
1582 1
1583 1
1584 1
1585 1
1586 0
1587 0
1588 0
1589 0
1590 0
1591 1
1592 1
1593 0
1594 0
1595 1
1596 0
1597 2
1598 0
1599 1
1600 1
1601 1
1602 2
1603 2
1604 1
1605 0
1606 2
1607 2
1608 0
1609 3
1610 3
1611 1
1612 2
1613 1
1614 2
1615 1
1616 1
1617 0
1618 0
1619 0
1620 1
1621 1
1622 1
1623 2
1624 1
1625 1
1626 1
1627 0
1628 1
1629 1
1630 1
1631 3
1632 1
1633 2
1634 0
1635 1
1636 2
1637 1
1638 0
1639 0
1640 0
1641 0
1642 1
1643 0
1644 0
1645 1
1646 0
1647 1
1648 0
1649 2
1650 1
1651 2
1652 1
1653 0
1654 1
1655 1
1656 1
1657 1
1658 1
1659 1
1660 1
1661 1
1662 1
1663 2
1664 1
1665 0
1666 0
1667 0
1668 1
1669 0
1670 1
1671 2
1672 2
1673 1
1674 0
1675 1
1676 0
1677 3
1678 1
1679 3
1680 1
1681 1
1682 0
1683 3
1684 1
1685 3
1686 2
1687 1
1688 1
1689 0
1690 0
1691 0
1692 0
1693 1
1694 0
1695 0
1696 0
1697 2
1698 1
1699 0
1700 0
1701 0
1702 1
1703 0
1704 1
1705 1
1706 1
1707 1
1708 0
1709 0
1710 0
1711 1
1712 0
1713 0
1714 0
1715 0
1716 1
1717 1
1718 0
1719 0
1720 0
1721 0
1722 0
1723 0
1724 0
1725 0
1726 0
1727 1
1728 0
1729 1
1730 0
1731 1
1732 0
1733 1
1734 3
1735 0
1736 0
1737 1
1738 0
1739 0
1740 1
1741 1
1742 4
1743 1
1744 0
1745 1
1746 1
1747 0
1748 2
1749 1
1750 0
1751 0
1752 2
1753 0
1754 0
1755 0
1756 1
1757 0
1758 0
1759 0
1760 0
1761 0
1762 1
1763 1
1764 1
1765 2
1766 0
1767 1
1768 3
1769 0
1770 0
1771 0
1772 1
1773 1
1774 2
1775 0
1776 0
1777 0
1778 1
1779 0
1780 0
1781 0
1782 0
1783 0
1784 1
1785 1
1786 0
1787 0
1788 0
1789 0
1790 0
1791 1
1792 0
1793 0
1794 0
1795 0
1796 0
1797 0
1798 0
1799 0
1800 0
1801 1
1802 1
1803 0
1804 1
1805 1
1806 2
1807 1
1808 0
1809 0
1810 0
1811 0
1812 1
1813 0
1814 0
1815 0
1816 0
1817 0
1818 1
1819 0
1820 0
1821 1
1822 0
1823 0
1824 0
1825 0
1826 0
1827 0
1828 1
1829 0
1830 0
1831 0
1832 2
1833 1
1834 1
1835 1
1836 2
1837 1
1838 2
1839 1
1840 1
1841 1
1842 1
1843 0
1844 0
1845 1
1846 1
1847 1
1848 1
1849 1
1850 1
1851 1
1852 2
1853 1
1854 1
1855 1
1856 1
1857 2
1858 1
1859 1
1860 1
1861 1
1862 1
1863 1
1864 1
1865 1
1866 1
1867 2
1868 2
1869 1
1870 2
1871 1
1872 1
1873 1
1874 1
1875 2
1876 0
1877 1
1878 1
1879 3
1880 1
1881 2
1882 1
1883 2
1884 1
1885 1
1886 0
1887 1
1888 1
1889 1
1890 1
1891 1
1892 1
1893 1
1894 1
1895 1
1896 1
1897 1
1898 1
1899 1
1900 2
1901 2
1902 0
1903 1
1904 1
1905 1
1906 2
1907 1
1908 1
1909 1
1910 1
1911 1
1912 0
1913 0
1914 2
1915 0
1916 1
1917 1
1918 1
1919 1
1920 1
1921 2
1922 1
1923 1
1924 2
1925 1
1926 1
1927 0
1928 2
1929 2
1930 0
1931 1
1932 0
1933 1
1934 0
1935 1
1936 1
1937 2
1938 1
1939 1
1940 1
1941 0
1942 1
1943 2
1944 2
1945 2
1946 0
1947 0
1948 1
1949 1
1950 0
1951 1
1952 2
1953 2
1954 0
1955 1
1956 1
1957 2
1958 2
1959 1
1960 0
1961 2
1962 1
1963 1
1964 1
1965 1
1966 2
1967 0
1968 1
1969 1
1970 1
1971 1
1972 1
1973 1
1974 1
1975 2
1976 1
1977 0
1978 0
1979 1
1980 1
1981 0
1982 1
1983 1
1984 0
1985 2
1986 1
1987 0
1988 1
1989 1
1990 1
1991 0
1992 1
1993 1
1994 1
1995 1
1996 1
1997 1
1998 1
1999 1
