0 0
1 0
2 1
3 1
4 1
5 1
6 0
7 0
8 0
9 1
10 1
11 0
12 0
13 0
14 1
15 0
16 0
17 1
18 0
19 0
20 0
21 0
22 1
23 1
24 1
25 1
26 1
27 0
28 0
29 0
30 0
31 0
32 0
33 0
34 0
35 0
36 0
37 0
38 0
39 0
40 0
41 0
42 0
43 0
44 0
45 0
46 0
47 0
48 0
49 0
50 0
51 0
52 0
53 0
54 0
55 0
56 0
57 0
58 0
59 0
60 0
61 0
62 0
63 0
64 0
65 0
66 0
67 0
68 0
69 0
70 0
71 0
72 0
73 0
74 1
75 0
76 0
77 1
78 1
79 1
80 1
81 0
82 0
83 0
84 0
85 0
86 0
87 0
88 0
89 0
90 0
91 0
92 1
93 1
94 0
95 0
96 0
97 0
98 1
99 0
100 0
101 0
102 0
103 0
104 0
105 0
106 0
107 0
108 0
109 0
110 0
111 0
112 0
113 0
114 0
115 0
116 0
117 0
118 0
119 0
120 0
121 0
122 0
123 0
124 0
125 0
126 0
127 0
128 0
129 0
130 0
131 0
132 0
133 0
134 0
135 0
136 0
137 0
138 0
139 0
140 0
141 0
142 0
143 0
144 0
145 0
146 0
147 0
148 0
149 0
150 0
151 0
152 0
153 0
154 0
155 0
156 0
157 0
158 0
159 0
160 0
161 0
162 0
163 0
164 0
165 0
166 0
167 0
168 0
169 0
170 0
171 0
172 0
173 1
174 0
175 0
176 1
177 0
178 0
179 0
180 0
181 0
182 0
183 0
184 0
185 0
186 0
187 0
188 0
189 0
190 1
191 1
192 1
193 1
194 0
195 1
196 1
197 1
198 1
199 1
200 1
201 2
202 1
203 1
204 1
205 1
206 1
207 1
208 1
209 0
210 0
211 1
212 1
213 1
214 1
215 0
216 0
217 1
218 1
219 1
220 1
221 0
222 0
223 0
224 0
225 0
226 0
227 0
228 0
229 0
230 0
231 0
232 0
233 0
234 0
235 1
236 0
237 1
238 1
239 0
240 1
241 1
242 1
243 0
244 0
245 0
246 0
247 0
248 0
249 0
250 0
251 0
252 0
253 0
254 0
255 0
256 0
257 0
258 0
259 0
260 0
261 0
262 0
263 0
264 0
265 0
266 0
267 0
268 0
269 0
270 0
271 0
272 0
273 0
274 0
275 0
276 0
277 0
278 0
279 0
280 0
281 0
282 0
283 0
284 0
285 0
286 0
287 0
288 0
289 0
290 0
291 0
292 0
293 0
294 0
295 0
296 0
297 1
298 0
299 0
300 0
301 0
302 0
303 0
304 0
305 0
306 0
307 0
308 0
309 0
310 0
311 0
312 0
313 0
314 0
315 0
316 0
317 0
318 0
319 0
320 0
321 0
322 0
323 0
324 0
325 0
326 0
327 0
328 0
329 0
330 0
331 0
332 0
333 0
334 0
335 0
336 0
337 0
338 0
339 0
340 0
341 0
342 0
343 0
344 0
345 0
346 0
347 0
348 0
349 0
350 0
351 0
352 0
353 0
354 0
355 0
356 0
357 0
358 0
359 0
360 0
361 0
362 0
363 0
364 0
365 1
366 0
367 1
368 0
369 1
370 0
371 0
372 0
373 1
374 0
375 0
376 1
377 0
378 0
379 1
380 1
381 1
382 0
383 1
384 0
385 0
386 1
387 1
388 0
389 0
390 0
391 0
392 0
393 1
394 1
395 1
396 1
397 1
398 1
399 1
400 0
401 0
402 0
403 0
404 1
405 0
406 1
407 1
408 1
409 1
410 1
411 0
412 0
413 1
414 0
415 0
416 0
417 1
418 0
419 0
420 1
421 0
422 0
423 1
424 1
425 1
426 1
427 1
428 1
429 1
430 1
431 1
432 1
433 0
434 0
435 1
436 1
437 1
438 1
439 1
440 1
441 1
442 1
443 0
444 1
445 1
446 2
447 1
448 0
449 2
450 1
451 1
452 0
453 1
454 1
455 0
456 1
457 2
458 0
459 1
460 1
461 0
462 1
463 2
464 1
465 1
466 0
467 1
468 0
469 2
470 1
471 0
472 1
473 1
474 1
475 0
476 1
477 2
478 0
479 0
480 1
481 1
482 2
483 0
484 1
485 1
486 2
487 1
488 0
489 0
490 1
491 1
492 1
493 1
494 0
495 1
496 2
497 1
498 1
499 1
500 1
501 0
502 1
503 1
504 2
505 1
506 1
507 0
508 1
509 1
510 0
511 0
512 1
513 1
514 1
515 0
516 1
517 1
518 1
519 1
520 1
521 1
522 1
523 1
524 1
525 1
526 1
527 1
528 0
529 1
530 1
531 1
532 1
533 1
534 1
535 1
536 1
537 1
538 1
539 1
540 1
541 1
542 1
543 1
544 1
545 1
546 1
547 0
548 0
549 1
550 1
551 1
552 1
553 0
554 2
555 1
556 0
557 1
558 1
559 2
560 1
561 1
562 1
563 0
564 0
565 0
566 2
567 0
568 2
569 1
570 1
571 1
572 0
573 0
574 1
575 0
576 0
577 1
578 1
579 0
580 2
581 1
582 1
583 1
584 0
585 1
586 1
587 2
588 1
589 1
590 0
591 1
592 0
593 1
594 1
595 1
596 0
597 1
598 1
599 1
600 2
601 1
602 1
603 1
604 1
605 1
606 2
607 1
608 1
609 1
610 0
611 2
612 0
613 2
614 1
615 1
616 2
617 1
618 1
619 0
620 1
621 1
622 1
623 1
624 1
625 2
626 1
627 0
628 1
629 0
630 0
631 0
632 1
633 0
634 0
635 0
636 1
637 0
638 0
639 1
640 1
641 2
642 0
643 0
644 0
645 0
646 0
647 0
648 0
649 0
650 0
651 0
652 0
653 0
654 0
655 0
656 0
657 0
658 0
659 0
660 0
661 0
662 0
663 0
664 0
665 0
666 0
667 0
668 0
669 1
670 0
671 0
672 0
673 0
674 0
675 0
676 0
677 0
678 0
679 0
680 0
681 0
682 0
683 0
684 0
685 1
686 1
687 0
688 0
689 0
690 0
691 1
692 1
693 0
694 0
695 0
696 0
697 0
698 1
699 1
700 1
701 1
702 0
703 0
704 0
705 0
706 0
707 0
708 0
709 0
710 0
711 0
712 0
713 0
714 0
715 0
716 0
717 0
718 0
719 0
720 0
721 0
722 0
723 0
724 0
725 0
726 0
727 0
728 0
729 0
730 0
731 0
732 0
733 0
734 0
735 0
736 0
737 0
738 0
739 0
740 0
741 0
742 0
743 0
744 0
745 0
746 0
747 0
748 0
749 0
750 0
751 0
752 0
753 0
754 0
755 0
756 0
757 0
758 0
759 0
760 0
761 0
762 0
763 0
764 0
765 0
766 0
767 0
768 0
769 0
770 0
771 0
772 0
773 0
774 0
775 0
776 0
777 0
778 0
779 0
780 0
781 0
782 0
783 0
784 0
785 0
786 0
787 1
788 1
789 1
790 1
791 1
792 1
793 0
794 1
795 0
796 1
797 0
798 0
799 0
800 0
801 0
802 1
803 1
804 0
805 0
806 0
807 0
808 0
809 0
810 0
811 1
812 1
813 0
814 0
815 1
816 0
817 1
818 0
819 0
820 1
821 1
822 1
823 0
824 0
825 1
826 1
827 1
828 1
829 0
830 1
831 1
832 1
833 1
834 1
835 1
836 1
837 1
838 1
839 1
840 1
841 0
842 1
843 1
844 2
845 0
846 1
847 0
848 1
849 0
850 1
851 1
852 1
853 1
854 1
855 1
856 1
857 1
858 1
859 1
860 0
861 0
862 1
863 1
864 1
865 0
866 0
867 1
868 1
869 1
870 1
871 1
872 1
873 1
874 1
875 1
876 1
877 1
878 1
879 0
880 0
881 1
882 0
883 1
884 0
885 1
886 1
887 0
888 0
889 0
890 0
891 1
892 0
893 1
894 1
895 0
896 0
897 1
898 0
899 0
900 1
901 1
902 1
903 1
904 0
905 0
906 1
907 0
908 0
909 1
910 1
911 1
912 0
913 1
914 1
915 1
916 0
917 0
918 1
919 1
920 0
921 0
922 0
923 0
924 0
925 0
926 0
927 0
928 0
929 1
930 1
931 1
932 1
933 1
934 1
935 1
936 1
937 1
938 0
939 1
940 1
941 1
942 1
943 1
944 1
945 1
946 1
947 1
948 1
949 1
950 0
951 1
952 0
953 1
954 1
955 1
956 1
957 1
958 1
959 1
960 0
961 1
962 1
963 1
964 1
965 1
966 1
967 0
968 1
969 1
970 1
971 1
972 0
973 0
974 1
975 1
976 0
977 1
978 1
979 1
980 1
981 1
982 1
983 1
984 1
985 1
986 1
987 1
988 1
989 1
990 0
991 1
992 1
993 0
994 1
995 1
996 1
997 1
998 0
999 1
1000 1
1001 1
1002 1
1003 1
1004 1
1005 1
1006 0
1007 0
1008 0
1009 1
1010 1
1011 1
1012 0
1013 1
1014 1
1015 1
1016 1
1017 1
1018 0
1019 0
1020 1
1021 0
1022 1
1023 0
1024 1
1025 1
1026 0
1027 1
1028 1
1029 0
1030 1
1031 0
1032 1
1033 1
1034 1
1035 0
1036 1
1037 0
1038 0
1039 0
1040 1
1041 1
1042 1
1043 1
1044 1
1045 1
1046 0
1047 1
1048 1
1049 0
1050 1
1051 1
1052 0
1053 0
1054 0
1055 0
1056 0
1057 0
1058 0
1059 0
1060 0
1061 0
1062 0
1063 0
1064 0
1065 0
1066 0
1067 0
1068 0
1069 0
1070 0
1071 0
1072 0
1073 0
1074 0
1075 0
1076 0
1077 1
1078 0
1079 0
1080 0
1081 0
1082 0
1083 0
1084 0
1085 0
1086 0
1087 1
1088 0
1089 1
1090 0
1091 0
1092 0
1093 0
1094 0
1095 0
1096 0
1097 0
1098 0
1099 0
1100 0
1101 0
1102 0
1103 0
1104 0
1105 0
1106 0
1107 1
1108 0
1109 0
1110 0
1111 0
1112 0
1113 0
1114 0
1115 0
1116 0
1117 0
1118 0
1119 0
1120 0
1121 0
1122 0
1123 0
1124 0
1125 0
1126 0
1127 0
1128 1
1129 1
1130 0
1131 0
1132 0
1133 0
1134 0
1135 1
1136 0
1137 0
1138 0
1139 0
1140 0
1141 0
1142 0
1143 0
1144 0
1145 0
1146 0
1147 0
1148 0
1149 0
1150 0
1151 0
1152 0
1153 0
1154 0
1155 0
1156 1
1157 0
1158 1
1159 1
1160 1
1161 1
1162 1
1163 0
1164 0
1165 1
1166 1
1167 0
1168 0
1169 0
1170 1
1171 0
1172 1
1173 0
1174 0
1175 0
1176 0
1177 0
1178 0
1179 1
1180 0
1181 0
1182 0
1183 0
1184 0
1185 0
1186 1
1187 0
1188 0
1189 0
1190 0
1191 1
1192 0
1193 0
1194 0
1195 0
1196 0
1197 0
1198 0
1199 0
1200 0
1201 0
1202 0
1203 0
1204 1
1205 0
1206 1
1207 0
1208 0
1209 0
1210 0
1211 0
1212 0
1213 0
1214 0
1215 0
1216 0
1217 0
1218 0
1219 0
1220 0
1221 0
1222 0
1223 0
1224 0
1225 0
1226 0
1227 0
1228 0
1229 0
1230 0
1231 0
1232 0
1233 0
1234 0
1235 0
1236 0
1237 0
1238 0
1239 1
1240 1
1241 1
1242 1
1243 1
1244 1
1245 0
1246 0
1247 0
1248 0
1249 0
1250 0
1251 0
1252 0
1253 0
1254 1
1255 1
1256 1
1257 1
1258 1
1259 0
1260 0
1261 0
1262 0
1263 0
1264 0
1265 0
1266 0
1267 0
1268 0
1269 0
1270 0
1271 1
1272 0
1273 0
1274 0
1275 1
1276 0
1277 0
1278 0
1279 0
1280 0
1281 0
1282 0
1283 0
1284 0
1285 0
1286 0
1287 0
1288 0
1289 0
1290 0
1291 0
1292 0
1293 0
1294 0
1295 0
1296 0
1297 0
1298 0
1299 0
1300 0
1301 0
1302 0
1303 0
1304 0
1305 0
1306 0
1307 0
1308 0
1309 0
1310 0
1311 0
1312 0
1313 0
1314 0
1315 0
1316 0
1317 0
1318 0
1319 0
1320 0
1321 0
1322 0
1323 0
1324 0
1325 0
1326 0
1327 0
1328 0
1329 0
1330 0
1331 0
1332 0
1333 0
1334 0
1335 0
1336 0
1337 0
1338 0
1339 0
1340 0
1341 0
1342 0
1343 0
1344 0
1345 0
1346 0
1347 0
1348 0
1349 0
1350 0
1351 0
1352 0
1353 0
1354 0
1355 0
1356 0
1357 0
1358 0
1359 0
1360 0
1361 0
1362 0
1363 0
1364 0
1365 0
1366 0
1367 0
1368 0
1369 0
1370 0
1371 0
1372 0
1373 0
1374 0
1375 0
1376 0
1377 0
1378 0
1379 0
1380 0
1381 0
1382 0
1383 0
1384 0
1385 0
1386 0
1387 0
1388 0
1389 0
1390 0
1391 0
1392 0
1393 0
1394 0
1395 0
1396 0
1397 0
1398 0
1399 0
1400 0
1401 0
1402 0
1403 0
1404 0
1405 0
1406 0
1407 0
1408 0
1409 0
1410 0
1411 0
1412 0
1413 0
1414 0
1415 0
1416 0
1417 0
1418 0
1419 0
1420 0
1421 0
1422 0
1423 0
1424 0
1425 0
1426 0
1427 0
1428 0
1429 0
1430 0
1431 0
1432 0
1433 0
1434 0
1435 0
1436 1
1437 1
1438 1
1439 1
1440 1
1441 1
1442 1
1443 1
1444 1
1445 0
1446 1
1447 1
1448 1
1449 0
1450 1
1451 0
1452 1
1453 1
1454 1
1455 0
1456 0
1457 1
1458 1
1459 1
1460 1
1461 0
1462 1
1463 1
1464 0
1465 1
1466 0
1467 1
1468 0
1469 1
1470 1
1471 0
1472 1
1473 1
1474 0
1475 0
1476 1
1477 0
1478 0
1479 1
1480 1
1481 1
1482 1
1483 1
1484 1
1485 0
1486 0
1487 0
1488 0
1489 0
1490 0
1491 0
1492 0
1493 1
1494 1
1495 1
1496 0
1497 1
1498 1
1499 1
1500 1
1501 0
1502 1
1503 1
1504 0
1505 0
1506 1
1507 0
1508 1
1509 1
1510 1
1511 1
1512 1
1513 1
1514 0
1515 1
1516 1
1517 1
1518 1
1519 1
1520 1
1521 1
1522 2
1523 0
1524 0
1525 1
1526 0
1527 0
1528 0
1529 0
1530 0
1531 0
1532 1
1533 0
1534 0
1535 1
1536 1
1537 1
1538 1
1539 1
1540 0
1541 0
1542 0
1543 1
1544 1
1545 1
1546 0
1547 0
1548 0
1549 0
1550 1
1551 0
1552 0
1553 0
1554 0
1555 0
1556 0
1557 0
1558 0
1559 0
1560 1
1561 0
1562 0
1563 1
1564 0
1565 0
1566 0
1567 0
1568 0
1569 0
1570 0
1571 0
1572 0
1573 0
1574 0
1575 0
1576 0
1577 0
1578 0
1579 0
1580 0
1581 0
1582 0
1583 0
1584 0
1585 0
1586 0
1587 0
1588 0
1589 0
1590 0
1591 0
1592 0
1593 0
1594 0
1595 0
1596 1
1597 0
1598 0
1599 1
1600 0
1601 0
1602 0
1603 0
1604 0
1605 0
1606 0
1607 0
1608 0
1609 0
1610 0
1611 0
1612 0
1613 0
1614 0
1615 0
1616 0
1617 0
1618 0
1619 0
1620 0
1621 0
1622 1
1623 0
1624 0
1625 0
1626 0
1627 0
1628 0
1629 0
1630 0
1631 0
1632 0
1633 0
1634 0
1635 0
1636 0
1637 0
1638 0
1639 0
1640 0
1641 0
1642 0
1643 0
1644 0
1645 0
1646 0
1647 0
1648 0
1649 0
1650 0
1651 0
1652 0
1653 0
1654 0
1655 0
1656 0
1657 0
1658 0
1659 0
1660 0
1661 0
1662 0
1663 0
1664 0
1665 0
1666 0
1667 0
1668 0
1669 0
1670 0
1671 0
1672 0
1673 0
1674 0
1675 0
1676 0
1677 1
1678 0
1679 1
1680 0
1681 1
1682 1
1683 1
1684 0
1685 0
1686 0
1687 1
1688 1
1689 0
1690 0
1691 1
1692 0
1693 0
1694 1
1695 1
1696 0
1697 1
1698 0
1699 1
1700 1
1701 0
1702 0
1703 0
1704 0
1705 0
1706 0
1707 0
1708 0
1709 0
1710 0
1711 0
1712 0
1713 0
1714 0
1715 0
1716 0
1717 0
1718 0
1719 0
1720 0
1721 0
1722 0
1723 0
1724 0
1725 0
1726 0
1727 0
1728 0
1729 0
1730 0
1731 0
1732 0
1733 0
1734 0
1735 0
1736 0
1737 0
1738 0
1739 0
1740 0
1741 0
1742 0
1743 0
1744 0
1745 0
1746 0
1747 0
1748 0
1749 0
1750 0
1751 0
1752 0
1753 0
1754 0
1755 0
1756 1
1757 0
1758 0
1759 0
1760 0
1761 0
1762 0
1763 0
1764 0
1765 0
1766 0
1767 1
1768 0
1769 0
1770 0
1771 0
1772 0
1773 0
1774 0
1775 0
1776 0
1777 0
1778 0
1779 0
1780 0
1781 0
1782 0
1783 0
1784 0
1785 0
1786 0
1787 1
1788 0
1789 0
1790 0
1791 0
1792 0
1793 0
1794 0
1795 0
1796 0
1797 0
1798 0
1799 0
1800 0
1801 0
1802 0
1803 0
1804 0
1805 0
1806 0
1807 0
1808 0
1809 0
1810 0
1811 0
1812 0
1813 0
1814 0
1815 0
1816 0
1817 0
1818 0
1819 0
1820 0
1821 0
1822 0
1823 0
1824 0
1825 0
1826 0
1827 0
1828 0
1829 0
1830 2
1831 0
1832 0
1833 0
1834 1
1835 1
1836 1
1837 1
1838 1
1839 1
1840 0
1841 0
1842 0
1843 1
1844 0
1845 1
1846 1
1847 1
1848 1
1849 1
1850 1
1851 1
1852 1
1853 1
1854 0
1855 0
1856 1
1857 0
1858 1
1859 1
1860 0
1861 1
1862 1
1863 1
1864 1
1865 2
1866 1
1867 1
1868 1
1869 1
1870 1
1871 1
1872 1
1873 1
1874 1
1875 0
1876 1
1877 1
1878 1
1879 0
1880 0
1881 0
1882 1
1883 1
1884 0
1885 0
1886 1
1887 1
1888 0
1889 0
1890 0
1891 0
1892 0
1893 0
1894 0
1895 0
1896 0
1897 0
1898 0
1899 0
1900 0
1901 0
1902 0
1903 0
1904 0
1905 0
1906 0
1907 0
1908 0
1909 0
1910 0
1911 0
1912 0
1913 0
1914 0
1915 0
1916 1
1917 0
1918 0
1919 0
1920 0
1921 0
1922 0
1923 0
1924 1
1925 0
1926 1
1927 0
1928 1
1929 1
1930 1
1931 1
1932 1
1933 0
1934 0
1935 0
1936 0
1937 1
1938 1
1939 0
1940 1
1941 1
1942 1
1943 0
1944 0
1945 1
1946 1
1947 1
1948 0
1949 0
1950 1
1951 1
1952 1
1953 1
1954 1
1955 1
1956 1
1957 1
1958 1
1959 1
1960 1
1961 0
1962 0
1963 1
1964 1
1965 1
1966 1
1967 1
1968 0
1969 1
1970 1
1971 1
1972 1
1973 1
1974 0
1975 1
1976 0
1977 1
1978 1
1979 1
1980 0
1981 0
1982 0
1983 0
1984 0
1985 0
1986 0
1987 0
1988 0
1989 0
1990 0
1991 0
1992 0
1993 0
1994 0
1995 0
1996 0
1997 0
1998 0
1999 0
