0 0
1 2
2 0
3 1
4 1
5 1
6 0
7 0
8 0
9 0
10 0
11 0
12 0
13 0
14 0
15 0
16 0
17 0
18 0
19 0
20 0
21 0
22 0
23 0
24 0
25 0
26 0
27 0
28 0
29 0
30 0
31 0
32 0
33 0
34 0
35 0
36 0
37 0
38 1
39 0
40 0
41 0
42 0
43 0
44 0
45 0
46 0
47 0
48 0
49 0
50 0
51 0
52 0
53 0
54 0
55 0
56 0
57 0
58 0
59 0
60 0
61 0
62 0
63 0
64 0
65 0
66 0
67 0
68 2
69 1
70 0
71 0
72 1
73 1
74 2
75 1
76 0
77 0
78 0
79 1
80 2
81 1
82 1
83 0
84 2
85 2
86 0
87 0
88 0
89 0
90 0
91 2
92 0
93 0
94 0
95 0
96 0
97 0
98 0
99 0
100 0
101 0
102 0
103 0
104 0
105 0
106 0
107 0
108 0
109 0
110 0
111 0
112 0
113 0
114 0
115 0
116 0
117 0
118 0
119 1
120 0
121 0
122 0
123 0
124 0
125 0
126 0
127 0
128 0
129 0
130 0
131 0
132 1
133 0
134 2
135 1
136 0
137 0
138 0
139 0
140 0
141 0
142 0
143 1
144 2
145 0
146 2
147 2
148 0
149 2
150 0
151 1
152 2
153 1
154 1
155 1
156 2
157 1
158 1
159 2
160 0
161 0
162 0
163 0
164 0
165 0
166 0
167 0
168 0
169 0
170 1
171 1
172 0
173 0
174 0
175 1
176 0
177 0
178 0
179 1
180 0
181 0
182 0
183 0
184 0
185 0
186 0
187 0
188 0
189 0
190 0
191 0
192 0
193 0
194 0
195 0
196 0
197 0
198 0
199 0
200 0
201 0
202 0
203 0
204 0
205 0
206 0
207 0
208 0
209 0
210 0
211 0
212 0
213 0
214 0
215 0
216 0
217 0
218 0
219 0
220 0
221 0
222 0
223 0
224 0
225 0
226 0
227 0
228 0
229 0
230 0
231 0
232 0
233 0
234 0
235 0
236 0
237 0
238 0
239 0
240 0
241 0
242 0
243 0
244 0
245 0
246 0
247 0
248 0
249 0
250 0
251 0
252 0
253 0
254 0
255 0
256 0
257 0
258 1
259 0
260 1
261 1
262 0
263 0
264 0
265 0
266 0
267 0
268 0
269 0
270 0
271 0
272 0
273 0
274 0
275 0
276 0
277 0
278 0
279 0
280 0
281 0
282 0
283 1
284 1
285 0
286 0
287 0
288 0
289 0
290 0
291 0
292 0
293 0
294 0
295 0
296 0
297 0
298 0
299 0
300 1
301 0
302 0
303 0
304 0
305 0
306 0
307 0
308 0
309 0
310 0
311 0
312 0
313 0
314 0
315 0
316 0
317 0
318 1
319 0
320 1
321 0
322 0
323 1
324 2
325 0
326 1
327 0
328 0
329 0
330 1
331 1
332 0
333 2
334 0
335 0
336 1
337 1
338 0
339 0
340 2
341 1
342 1
343 2
344 2
345 1
346 0
347 3
348 1
349 0
350 0
351 0
352 0
353 1
354 1
355 1
356 1
357 1
358 1
359 0
360 1
361 1
362 2
363 1
364 1
365 0
366 1
367 1
368 0
369 1
370 1
371 0
372 3
373 1
374 1
375 0
376 0
377 0
378 2
379 3
380 1
381 2
382 2
383 2
384 2
385 1
386 1
387 2
388 2
389 1
390 2
391 1
392 0
393 0
394 0
395 0
396 0
397 0
398 0
399 0
400 2
401 0
402 2
403 0
404 2
405 2
406 2
407 0
408 1
409 2
410 1
411 2
412 2
413 1
414 1
415 0
416 1
417 1
418 0
419 0
420 2
421 3
422 0
423 0
424 3
425 1
426 2
427 2
428 2
429 2
430 1
431 1
432 2
433 2
434 2
435 2
436 2
437 3
438 2
439 2
440 1
441 2
442 2
443 2
444 1
445 3
446 2
447 2
448 2
449 1
450 1
451 1
452 2
453 1
454 2
455 3
456 2
457 2
458 2
459 3
460 2
461 0
462 1
463 1
464 1
465 1
466 1
467 0
468 0
469 0
470 1
471 0
472 0
473 0
474 3
475 0
476 2
477 2
478 2
479 0
480 1
481 0
482 0
483 0
484 0
485 0
486 0
487 0
488 0
489 0
490 0
491 0
492 0
493 0
494 0
495 0
496 0
497 2
498 0
499 1
500 0
501 0
502 0
503 0
504 2
505 0
506 0
507 0
508 0
509 0
510 0
511 0
512 2
513 4
514 0
515 0
516 1
517 1
518 0
519 3
520 1
521 1
522 2
523 1
524 2
525 2
526 0
527 1
528 0
529 1
530 0
531 0
532 0
533 0
534 0
535 0
536 0
537 0
538 0
539 0
540 0
541 0
542 0
543 1
544 0
545 0
546 2
547 1
548 1
549 0
550 2
551 2
552 1
553 2
554 1
555 1
556 1
557 2
558 1
559 1
560 2
561 2
562 1
563 2
564 0
565 1
566 1
567 0
568 1
569 1
570 2
571 2
572 2
573 2
574 3
575 1
576 2
577 3
578 1
579 2
580 2
581 2
582 2
583 2
584 3
585 2
586 2
587 2
588 2
589 1
590 2
591 2
592 1
593 2
594 0
595 0
596 0
597 0
598 0
599 2
600 2
601 3
602 2
603 1
604 0
605 2
606 2
607 2
608 2
609 2
610 2
611 0
612 2
613 3
614 2
615 1
616 1
617 1
618 3
619 1
620 1
621 1
622 0
623 0
624 0
625 0
626 0
627 0
628 0
629 1
630 0
631 0
632 0
633 0
634 0
635 0
636 0
637 2
638 0
639 1
640 1
641 0
642 1
643 1
644 2
645 2
646 0
647 1
648 1
649 0
650 0
651 0
652 0
653 0
654 0
655 0
656 0
657 0
658 1
659 1
660 2
661 1
662 1
663 0
664 0
665 0
666 0
667 0
668 0
669 0
670 0
671 0
672 0
673 0
674 0
675 0
676 0
677 0
678 2
679 0
680 0
681 1
682 0
683 0
684 0
685 0
686 0
687 0
688 0
689 0
690 3
691 1
692 1
693 3
694 1
695 1
696 0
697 0
698 0
699 1
700 1
701 1
702 1
703 1
704 1
705 1
706 0
707 1
708 1
709 1
710 0
711 0
712 1
713 0
714 0
715 1
716 0
717 0
718 0
719 1
720 0
721 0
722 1
723 0
724 1
725 2
726 0
727 0
728 0
729 0
730 0
731 0
732 0
733 0
734 0
735 0
736 0
737 0
738 0
739 0
740 1
741 1
742 1
743 0
744 0
745 0
746 0
747 0
748 0
749 0
750 2
751 2
752 2
753 2
754 2
755 1
756 2
757 2
758 3
759 2
760 3
761 1
762 1
763 1
764 0
765 0
766 0
767 0
768 0
769 0
770 0
771 0
772 0
773 0
774 0
775 0
776 0
777 0
778 0
779 0
780 2
781 2
782 2
783 2
784 3
785 3
786 3
787 2
788 2
789 2
790 2
791 2
792 0
793 1
794 1
795 1
796 0
797 1
798 2
799 1
800 2
801 1
802 1
803 1
804 0
805 2
806 1
807 2
808 1
809 1
810 0
811 1
812 1
813 1
814 3
815 1
816 1
817 1
818 2
819 2
820 1
821 2
822 2
823 2
824 1
825 2
826 2
827 1
828 1
829 3
830 1
831 1
832 0
833 0
834 1
835 1
836 1
837 0
838 2
839 2
840 1
841 1
842 2
843 3
844 1
845 0
846 0
847 0
848 1
849 2
850 2
851 0
852 2
853 2
854 0
855 0
856 0
857 0
858 0
859 0
860 0
861 0
862 1
863 0
864 1
865 0
866 0
867 1
868 2
869 1
870 2
871 0
872 2
873 1
874 1
875 1
876 0
877 0
878 0
879 0
880 0
881 0
882 0
883 0
884 0
885 0
886 0
887 0
888 0
889 0
890 1
891 0
892 1
893 1
894 0
895 1
896 1
897 2
898 2
899 1
900 2
901 0
902 2
903 1
904 0
905 1
906 2
907 1
908 1
909 1
910 3
911 0
912 2
913 0
914 0
915 0
916 1
917 1
918 1
919 2
920 0
921 1
922 2
923 0
924 2
925 2
926 2
927 3
928 1
929 0
930 0
931 0
932 1
933 2
934 0
935 1
936 2
937 2
938 2
939 0
940 1
941 2
942 1
943 1
944 2
945 2
946 1
947 1
948 2
949 2
950 0
951 1
952 0
953 0
954 0
955 0
956 0
957 0
958 0
959 0
960 0
961 0
962 0
963 0
964 0
965 0
966 0
967 0
968 0
969 0
970 0
971 0
972 0
973 0
974 0
975 0
976 0
977 0
978 0
979 0
980 0
981 0
982 0
983 0
984 0
985 2
986 0
987 0
988 0
989 0
990 0
991 0
992 0
993 0
994 0
995 0
996 0
997 0
998 0
999 0
1000 0
1001 0
1002 0
1003 0
1004 0
1005 0
1006 1
1007 1
1008 1
1009 1
1010 0
1011 0
1012 0
1013 0
1014 0
1015 0
1016 0
1017 0
1018 0
1019 3
1020 1
1021 0
1022 0
1023 2
1024 1
1025 1
1026 0
1027 0
1028 0
1029 0
1030 0
1031 0
1032 0
1033 0
1034 1
1035 0
1036 0
1037 0
1038 1
1039 0
1040 1
1041 0
1042 2
1043 2
1044 1
1045 2
1046 1
1047 1
1048 1
1049 1
1050 1
1051 0
1052 1
1053 1
1054 0
1055 0
1056 0
1057 0
1058 2
1059 0
1060 0
1061 0
1062 0
1063 0
1064 0
1065 0
1066 0
1067 0
1068 0
1069 0
1070 0
1071 0
1072 0
1073 0
1074 0
1075 0
1076 2
1077 2
1078 0
1079 0
1080 0
1081 0
1082 0
1083 0
1084 0
1085 0
1086 0
1087 0
1088 0
1089 0
1090 0
1091 0
1092 0
1093 0
1094 0
1095 0
1096 1
1097 1
1098 2
1099 2
1100 1
1101 3
1102 2
1103 0
1104 2
1105 0
1106 0
1107 0
1108 0
1109 0
1110 0
1111 0
1112 0
1113 0
1114 0
1115 0
1116 0
1117 0
1118 0
1119 0
1120 0
1121 0
1122 0
1123 0
1124 0
1125 0
1126 0
1127 0
1128 0
1129 0
1130 0
1131 1
1132 0
1133 1
1134 0
1135 0
1136 0
1137 0
1138 0
1139 0
1140 0
1141 0
1142 0
1143 0
1144 0
1145 0
1146 0
1147 0
1148 0
1149 0
1150 2
1151 2
1152 2
1153 2
1154 2
1155 0
1156 0
1157 0
1158 0
1159 0
1160 0
1161 0
1162 2
1163 0
1164 0
1165 0
1166 0
1167 0
1168 0
1169 0
1170 0
1171 0
1172 0
1173 0
1174 0
1175 3
1176 0
1177 0
1178 0
1179 0
1180 1
1181 1
1182 0
1183 0
1184 0
1185 0
1186 0
1187 1
1188 3
1189 0
1190 0
1191 2
1192 1
1193 1
1194 1
1195 2
1196 2
1197 1
1198 0
1199 2
1200 2
1201 2
1202 0
1203 0
1204 0
1205 2
1206 2
1207 0
1208 0
1209 0
1210 0
1211 2
1212 2
1213 2
1214 1
1215 2
1216 0
1217 0
1218 0
1219 0
1220 0
1221 0
1222 0
1223 0
1224 0
1225 0
1226 0
1227 0
1228 0
1229 2
1230 0
1231 0
1232 0
1233 0
1234 0
1235 0
1236 0
1237 0
1238 0
1239 1
1240 0
1241 1
1242 2
1243 1
1244 2
1245 1
1246 1
1247 1
1248 0
1249 0
1250 0
1251 0
1252 0
1253 1
1254 0
1255 0
1256 3
1257 2
1258 2
1259 2
1260 2
1261 2
1262 1
1263 1
1264 2
1265 2
1266 1
1267 2
1268 1
1269 2
1270 1
1271 1
1272 0
1273 0
1274 0
1275 0
1276 0
1277 0
1278 0
1279 0
1280 0
1281 0
1282 0
1283 2
1284 0
1285 0
1286 0
1287 0
1288 0
1289 0
1290 0
1291 0
1292 2
1293 0
1294 0
1295 0
1296 0
1297 0
1298 0
1299 0
1300 0
1301 0
1302 0
1303 0
1304 0
1305 0
1306 0
1307 0
1308 0
1309 1
1310 2
1311 2
1312 0
1313 0
1314 0
1315 0
1316 0
1317 0
1318 0
1319 0
1320 0
1321 0
1322 0
1323 0
1324 0
1325 0
1326 0
1327 0
1328 0
1329 0
1330 1
1331 1
1332 0
1333 0
1334 0
1335 0
1336 1
1337 0
1338 0
1339 0
1340 0
1341 0
1342 0
1343 0
1344 1
1345 0
1346 0
1347 0
1348 0
1349 1
1350 3
1351 0
1352 0
1353 1
1354 0
1355 0
1356 0
1357 0
1358 1
1359 0
1360 0
1361 0
1362 0
1363 0
1364 0
1365 0
1366 0
1367 0
1368 0
1369 0
1370 1
1371 0
1372 0
1373 0
1374 0
1375 0
1376 0
1377 0
1378 0
1379 0
1380 0
1381 1
1382 0
1383 0
1384 0
1385 0
1386 0
1387 0
1388 0
1389 0
1390 1
1391 0
1392 0
1393 0
1394 0
1395 0
1396 0
1397 0
1398 0
1399 0
1400 0
1401 0
1402 0
1403 0
1404 0
1405 0
1406 3
1407 0
1408 0
1409 1
1410 0
1411 0
1412 1
1413 1
1414 0
1415 2
1416 0
1417 1
1418 1
1419 0
1420 0
1421 0
1422 1
1423 0
1424 0
1425 1
1426 0
1427 1
1428 1
1429 1
1430 0
1431 2
1432 1
1433 3
1434 1
1435 3
1436 1
1437 2
1438 0
1439 1
1440 0
1441 0
1442 0
1443 0
1444 0
1445 0
1446 0
1447 0
1448 0
1449 0
1450 0
1451 0
1452 0
1453 0
1454 0
1455 0
1456 0
1457 0
1458 0
1459 0
1460 0
1461 0
1462 0
1463 0
1464 0
1465 0
1466 0
1467 0
1468 0
1469 0
1470 0
1471 0
1472 0
1473 0
1474 2
1475 1
1476 3
1477 0
1478 2
1479 2
1480 1
1481 1
1482 1
1483 0
1484 2
1485 0
1486 0
1487 0
1488 0
1489 1
1490 0
1491 1
1492 2
1493 0
1494 1
1495 1
1496 2
1497 0
1498 1
1499 0
1500 0
1501 0
1502 2
1503 0
1504 0
1505 0
1506 0
1507 0
1508 0
1509 0
1510 0
1511 1
1512 0
1513 2
1514 1
1515 2
1516 0
1517 0
1518 0
1519 0
1520 0
1521 0
1522 2
1523 0
1524 0
1525 0
1526 0
1527 0
1528 0
1529 0
1530 0
1531 0
1532 0
1533 0
1534 0
1535 0
1536 0
1537 0
1538 0
1539 0
1540 0
1541 0
1542 1
1543 0
1544 0
1545 0
1546 0
1547 2
1548 0
1549 0
1550 0
1551 0
1552 0
1553 0
1554 0
1555 0
1556 0
1557 0
1558 0
1559 0
1560 1
1561 0
1562 0
1563 2
1564 1
1565 1
1566 0
1567 1
1568 1
1569 0
1570 2
1571 1
1572 1
1573 1
1574 2
1575 2
1576 3
1577 1
1578 0
1579 0
1580 0
1581 0
1582 0
1583 1
1584 1
1585 1
1586 2
1587 1
1588 2
1589 2
1590 2
1591 1
1592 1
1593 2
1594 2
1595 2
1596 2
1597 1
1598 3
1599 3
1600 0
1601 2
1602 2
1603 0
1604 1
1605 2
1606 1
1607 1
1608 1
1609 2
1610 2
1611 0
1612 2
1613 2
1614 1
1615 1
1616 2
1617 2
1618 2
1619 3
1620 4
1621 2
1622 1
1623 2
1624 2
1625 3
1626 1
1627 2
1628 0
1629 1
1630 1
1631 1
1632 1
1633 0
1634 2
1635 2
1636 2
1637 2
1638 2
1639 2
1640 1
1641 3
1642 2
1643 2
1644 3
1645 2
1646 2
1647 2
1648 2
1649 2
1650 1
1651 2
1652 1
1653 2
1654 1
1655 0
1656 0
1657 1
1658 1
1659 2
1660 1
1661 1
1662 0
1663 3
1664 0
1665 2
1666 1
1667 1
1668 0
1669 1
1670 2
1671 1
1672 3
1673 1
1674 2
1675 1
1676 1
1677 0
1678 1
1679 2
1680 2
1681 3
1682 1
1683 2
1684 2
1685 0
1686 1
1687 1
1688 1
1689 1
1690 2
1691 2
1692 1
1693 1
1694 1
1695 0
1696 1
1697 1
1698 1
1699 0
1700 1
1701 1
1702 1
1703 1
1704 1
1705 0
1706 2
1707 0
1708 0
1709 0
1710 0
1711 0
1712 0
1713 0
1714 0
1715 0
1716 0
1717 0
1718 0
1719 0
1720 0
1721 0
1722 0
1723 0
1724 2
1725 2
1726 2
1727 0
1728 0
1729 1
1730 1
1731 0
1732 2
1733 1
1734 1
1735 1
1736 0
1737 0
1738 0
1739 0
1740 0
1741 0
1742 0
1743 0
1744 0
1745 0
1746 0
1747 1
1748 3
1749 2
1750 0
1751 1
1752 2
1753 2
1754 2
1755 0
1756 0
1757 0
1758 0
1759 0
1760 0
1761 0
1762 0
1763 0
1764 0
1765 0
1766 0
1767 0
1768 0
1769 0
1770 0
1771 0
1772 0
1773 0
1774 0
1775 0
1776 0
1777 0
1778 0
1779 0
1780 0
1781 0
1782 0
1783 0
1784 0
1785 0
1786 1
1787 1
1788 0
1789 1
1790 1
1791 0
1792 0
1793 0
1794 0
1795 0
1796 3
1797 1
1798 3
1799 1
1800 3
1801 0
1802 0
1803 0
1804 0
1805 0
1806 0
1807 0
1808 0
1809 0
1810 0
1811 0
1812 0
1813 0
1814 1
1815 2
1816 2
1817 1
1818 0
1819 1
1820 1
1821 2
1822 2
1823 2
1824 2
1825 2
1826 1
1827 0
1828 2
1829 1
1830 1
1831 2
1832 2
1833 1
1834 1
1835 1
1836 1
1837 1
1838 0
1839 0
1840 0
1841 0
1842 0
1843 3
1844 1
1845 2
1846 3
1847 1
1848 2
1849 2
1850 1
1851 3
1852 1
1853 2
1854 1
1855 0
1856 2
1857 3
1858 2
1859 4
1860 3
1861 2
1862 2
1863 1
1864 2
1865 2
1866 1
1867 2
1868 1
1869 1
1870 2
1871 2
1872 1
1873 2
1874 1
1875 1
1876 2
1877 3
1878 2
1879 2
1880 1
1881 2
1882 2
1883 0
1884 3
1885 2
1886 2
1887 1
1888 2
1889 2
1890 2
1891 2
1892 2
1893 1
1894 3
1895 2
1896 2
1897 2
1898 2
1899 0
1900 2
1901 2
1902 2
1903 3
1904 1
1905 1
1906 1
1907 2
1908 2
1909 3
1910 2
1911 2
1912 1
1913 1
1914 0
1915 1
1916 1
1917 1
1918 1
1919 1
1920 2
1921 0
1922 0
1923 0
1924 1
1925 0
1926 1
1927 0
1928 0
1929 0
1930 0
1931 0
1932 0
1933 0
1934 0
1935 0
1936 0
1937 0
1938 0
1939 0
1940 2
1941 2
1942 1
1943 2
1944 2
1945 2
1946 2
1947 2
1948 2
1949 1
1950 3
1951 3
1952 3
1953 3
1954 3
1955 3
1956 4
1957 2
1958 3
1959 4
1960 2
1961 4
1962 2
1963 1
1964 1
1965 1
1966 0
1967 0
1968 0
1969 0
1970 0
1971 0
1972 0
1973 0
1974 0
1975 0
1976 0
1977 0
1978 0
1979 0
1980 0
1981 0
1982 0
1983 0
1984 0
1985 0
1986 0
1987 0
1988 0
1989 0
1990 0
1991 0
1992 0
1993 0
1994 0
1995 0
1996 0
1997 0
1998 0
1999 0
