0 2
1 1
2 2
3 0
4 1
5 1
6 1
7 0
8 1
9 1
10 1
11 1
12 2
13 1
14 2
15 0
16 2
17 1
18 2
19 1
20 1
21 1
22 1
23 0
24 1
25 0
26 1
27 1
28 0
29 1
30 0
31 0
32 1
33 1
34 1
35 0
36 1
37 1
38 0
39 1
40 1
41 0
42 0
43 0
44 0
45 0
46 0
47 0
48 0
49 0
50 1
51 1
52 0
53 1
54 0
55 1
56 0
57 1
58 2
59 1
60 1
61 1
62 2
63 1
64 2
65 0
66 0
67 0
68 0
69 0
70 0
71 0
72 1
73 1
74 1
75 0
76 1
77 1
78 1
79 1
80 0
81 0
82 0
83 1
84 1
85 1
86 0
87 0
88 0
89 0
90 0
91 0
92 0
93 0
94 0
95 0
96 0
97 0
98 0
99 0
100 0
101 1
102 0
103 1
104 0
105 0
106 1
107 0
108 0
109 0
110 0
111 1
112 0
113 0
114 0
115 1
116 0
117 0
118 1
119 2
120 0
121 1
122 1
123 0
124 0
125 0
126 0
127 0
128 0
129 0
130 0
131 1
132 0
133 0
134 0
135 0
136 0
137 0
138 1
139 1
140 0
141 0
142 0
143 0
144 0
145 0
146 1
147 0
148 0
149 0
150 0
151 0
152 0
153 0
154 0
155 0
156 0
157 0
158 0
159 0
160 1
161 0
162 0
163 0
164 1
165 0
166 0
167 0
168 0
169 1
170 1
171 0
172 0
173 1
174 1
175 1
176 1
177 1
178 1
179 0
180 0
181 1
182 0
183 0
184 0
185 0
186 1
187 0
188 0
189 0
190 2
191 0
192 0
193 0
194 0
195 0
196 0
197 0
198 0
199 1
200 0
201 1
202 0
203 0
204 0
205 0
206 0
207 0
208 0
209 0
210 0
211 0
212 0
213 1
214 1
215 0
216 0
217 0
218 0
219 0
220 0
221 0
222 1
223 1
224 2
225 3
226 1
227 0
228 0
229 1
230 1
231 1
232 0
233 0
234 1
235 1
236 0
237 1
238 1
239 0
240 0
241 1
242 1
243 2
244 1
245 1
246 0
247 1
248 2
249 0
250 0
251 1
252 1
253 2
254 1
255 1
256 1
257 0
258 0
259 3
260 2
261 1
262 0
263 1
264 0
265 0
266 1
267 0
268 1
269 0
270 0
271 1
272 0
273 1
274 1
275 1
276 2
277 0
278 1
279 1
280 1
281 0
282 0
283 1
284 1
285 1
286 1
287 0
288 0
289 1
290 0
291 0
292 1
293 0
294 0
295 0
296 0
297 1
298 0
299 0
300 0
301 0
302 0
303 0
304 1
305 0
306 1
307 1
308 1
309 0
310 0
311 0
312 1
313 1
314 0
315 1
316 1
317 0
318 0
319 0
320 0
321 0
322 0
323 0
324 1
325 0
326 1
327 1
328 0
329 0
330 0
331 1
332 0
333 0
334 0
335 0
336 0
337 1
338 0
339 0
340 0
341 0
342 1
343 1
344 0
345 0
346 0
347 0
348 0
349 1
350 0
351 0
352 0
353 0
354 0
355 1
356 0
357 1
358 0
359 2
360 1
361 0
362 1
363 1
364 1
365 1
366 2
367 2
368 1
369 1
370 0
371 1
372 1
373 1
374 1
375 1
376 1
377 0
378 0
379 0
380 0
381 1
382 1
383 2
384 1
385 0
386 1
387 2
388 1
389 2
390 1
391 1
392 0
393 2
394 1
395 1
396 1
397 1
398 1
399 0
400 1
401 1
402 1
403 2
404 1
405 1
406 1
407 2
408 1
409 0
410 1
411 2
412 1
413 1
414 1
415 1
416 0
417 1
418 1
419 1
420 1
421 1
422 1
423 1
424 1
425 1
426 1
427 0
428 1
429 1
430 1
431 1
432 0
433 0
434 1
435 0
436 0
437 0
438 2
439 1
440 0
441 1
442 0
443 0
444 1
445 1
446 0
447 1
448 0
449 0
450 1
451 0
452 0
453 0
454 0
455 0
456 0
457 1
458 1
459 0
460 0
461 0
462 0
463 1
464 2
465 0
466 1
467 0
468 1
469 1
470 0
471 0
472 0
473 0
474 1
475 0
476 0
477 0
478 0
479 0
480 1
481 1
482 1
483 1
484 0
485 1
486 1
487 0
488 1
489 0
490 0
491 0
492 0
493 0
494 1
495 0
496 0
497 0
498 2
499 0
500 1
501 0
502 1
503 0
504 0
505 1
506 0
507 1
508 0
509 0
510 0
511 0
512 0
513 0
514 1
515 0
516 1
517 0
518 0
519 1
520 0
521 0
522 0
523 0
524 0
525 0
526 0
527 0
528 1
529 0
530 0
531 2
532 0
533 0
534 0
535 0
536 1
537 0
538 1
539 1
540 1
541 0
542 0
543 0
544 1
545 0
546 0
547 0
548 1
549 1
550 0
551 0
552 0
553 0
554 0
555 0
556 0
557 0
558 0
559 0
560 0
561 0
562 0
563 0
564 1
565 0
566 0
567 0
568 0
569 0
570 0
571 1
572 0
573 0
574 0
575 0
576 1
577 0
578 0
579 1
580 1
581 1
582 0
583 0
584 0
585 0
586 0
587 0
588 0
589 0
590 0
591 0
592 0
593 1
594 0
595 1
596 0
597 1
598 0
599 1
600 0
601 1
602 1
603 0
604 1
605 1
606 0
607 0
608 1
609 0
610 0
611 0
612 0
613 0
614 0
615 0
616 0
617 0
618 0
619 1
620 1
621 1
622 0
623 1
624 0
625 0
626 1
627 0
628 0
629 0
630 0
631 0
632 0
633 0
634 0
635 1
636 0
637 1
638 0
639 0
640 0
641 1
642 1
643 1
644 1
645 0
646 1
647 0
648 1
649 0
650 0
651 1
652 0
653 0
654 0
655 0
656 1
657 1
658 0
659 0
660 1
661 1
662 0
663 1
664 1
665 1
666 0
667 1
668 0
669 0
670 0
671 1
672 0
673 1
674 1
675 0
676 0
677 0
678 0
679 1
680 2
681 1
682 1
683 0
684 2
685 1
686 2
687 0
688 0
689 1
690 0
691 1
692 1
693 1
694 1
695 1
696 0
697 1
698 0
699 2
700 1
701 1
702 0
703 0
704 1
705 1
706 0
707 2
708 1
709 1
710 0
711 0
712 0
713 0
714 0
715 1
716 0
717 1
718 0
719 1
720 0
721 0
722 1
723 0
724 0
725 0
726 2
727 0
728 0
729 0
730 0
731 0
732 0
733 0
734 0
735 0
736 0
737 0
738 0
739 0
740 2
741 1
742 1
743 1
744 0
745 0
746 0
747 0
748 1
749 1
750 0
751 1
752 0
753 1
754 0
755 0
756 0
757 0
758 0
759 0
760 0
761 0
762 0
763 0
764 0
765 0
766 0
767 0
768 0
769 0
770 0
771 0
772 0
773 0
774 0
775 0
776 0
777 1
778 2
779 0
780 0
781 0
782 0
783 0
784 1
785 0
786 1
787 2
788 1
789 1
790 1
791 1
792 1
793 2
794 1
795 1
796 1
797 1
798 0
799 1
800 0
801 1
802 2
803 1
804 1
805 1
806 0
807 1
808 2
809 0
810 0
811 1
812 1
813 1
814 1
815 1
816 1
817 0
818 1
819 1
820 1
821 0
822 0
823 1
824 0
825 0
826 2
827 1
828 1
829 2
830 1
831 2
832 1
833 0
834 1
835 1
836 0
837 1
838 1
839 1
840 1
841 1
842 1
843 1
844 1
845 1
846 1
847 1
848 0
849 2
850 2
851 1
852 1
853 0
854 1
855 1
856 1
857 1
858 1
859 1
860 1
861 0
862 1
863 1
864 0
865 1
866 2
867 1
868 2
869 0
870 1
871 1
872 1
873 1
874 0
875 1
876 1
877 1
878 1
879 1
880 1
881 1
882 1
883 1
884 2
885 1
886 1
887 1
888 1
889 0
890 0
891 0
892 1
893 0
894 0
895 1
896 0
897 1
898 0
899 1
900 2
901 1
902 1
903 1
904 0
905 1
906 1
907 1
908 1
909 3
910 4
911 1
912 1
913 2
914 1
915 1
916 1
917 1
918 1
919 0
920 1
921 0
922 0
923 1
924 2
925 1
926 3
927 0
928 0
929 0
930 1
931 0
932 0
933 0
934 0
935 0
936 0
937 0
938 0
939 0
940 0
941 0
942 0
943 0
944 0
945 0
946 0
947 1
948 0
949 0
950 0
951 0
952 0
953 0
954 0
955 0
956 0
957 0
958 0
959 0
960 0
961 0
962 0
963 0
964 0
965 0
966 0
967 0
968 0
969 0
970 0
971 0
972 0
973 0
974 0
975 0
976 0
977 0
978 0
979 0
980 0
981 0
982 0
983 0
984 0
985 0
986 1
987 0
988 1
989 0
990 0
991 0
992 0
993 0
994 0
995 0
996 0
997 0
998 0
999 0
1000 0
1001 0
1002 1
1003 0
1004 1
1005 0
1006 1
1007 0
1008 0
1009 0
1010 0
1011 0
1012 0
1013 0
1014 0
1015 0
1016 0
1017 0
1018 0
1019 1
1020 0
1021 0
1022 0
1023 0
1024 0
1025 0
1026 1
1027 0
1028 0
1029 0
1030 1
1031 0
1032 0
1033 0
1034 0
1035 0
1036 0
1037 0
1038 0
1039 0
1040 0
1041 0
1042 0
1043 0
1044 0
1045 1
1046 0
1047 0
1048 0
1049 0
1050 0
1051 0
1052 1
1053 1
1054 0
1055 0
1056 0
1057 0
1058 0
1059 0
1060 0
1061 0
1062 0
1063 0
1064 0
1065 0
1066 0
1067 1
1068 0
1069 0
1070 0
1071 0
1072 0
1073 0
1074 0
1075 0
1076 0
1077 1
1078 0
1079 0
1080 2
1081 1
1082 1
1083 1
1084 0
1085 0
1086 0
1087 0
1088 0
1089 0
1090 0
1091 0
1092 0
1093 0
1094 0
1095 0
1096 0
1097 0
1098 0
1099 0
1100 0
1101 0
1102 0
1103 0
1104 0
1105 0
1106 0
1107 0
1108 0
1109 0
1110 0
1111 0
1112 0
1113 0
1114 0
1115 0
1116 0
1117 0
1118 0
1119 0
1120 0
1121 0
1122 0
1123 0
1124 1
1125 0
1126 0
1127 0
1128 0
1129 0
1130 0
1131 0
1132 0
1133 0
1134 0
1135 0
1136 0
1137 0
1138 0
1139 0
1140 0
1141 0
1142 0
1143 0
1144 0
1145 0
1146 0
1147 0
1148 0
1149 0
1150 0
1151 0
1152 0
1153 0
1154 0
1155 0
1156 0
1157 0
1158 0
1159 0
1160 0
1161 1
1162 0
1163 0
1164 0
1165 1
1166 0
1167 0
1168 0
1169 0
1170 0
1171 0
1172 0
1173 0
1174 0
1175 0
1176 0
1177 0
1178 1
1179 0
1180 0
1181 0
1182 0
1183 0
1184 0
1185 0
1186 0
1187 0
1188 0
1189 0
1190 0
1191 2
1192 0
1193 0
1194 0
1195 0
1196 0
1197 0
1198 0
1199 0
1200 0
1201 0
1202 0
1203 0
1204 0
1205 0
1206 0
1207 0
1208 0
1209 0
1210 0
1211 0
1212 0
1213 0
1214 0
1215 0
1216 0
1217 0
1218 0
1219 0
1220 0
1221 0
1222 0
1223 0
1224 0
1225 0
1226 0
1227 0
1228 0
1229 0
1230 1
1231 0
1232 0
1233 0
1234 0
1235 0
1236 0
1237 0
1238 0
1239 0
1240 0
1241 0
1242 0
1243 0
1244 0
1245 0
1246 0
1247 0
1248 0
1249 0
1250 0
1251 0
1252 0
1253 0
1254 0
1255 0
1256 0
1257 0
1258 0
1259 0
1260 0
1261 0
1262 0
1263 0
1264 1
1265 0
1266 0
1267 0
1268 0
1269 0
1270 0
1271 0
1272 0
1273 0
1274 0
1275 0
1276 0
1277 0
1278 0
1279 0
1280 0
1281 1
1282 0
1283 0
1284 0
1285 0
1286 0
1287 0
1288 0
1289 0
1290 0
1291 0
1292 0
1293 0
1294 0
1295 0
1296 0
1297 1
1298 0
1299 0
1300 1
1301 1
1302 0
1303 0
1304 0
1305 0
1306 0
1307 0
1308 0
1309 0
1310 0
1311 0
1312 0
1313 0
1314 0
1315 0
1316 1
1317 1
1318 0
1319 2
1320 1
1321 1
1322 0
1323 0
1324 2
1325 0
1326 0
1327 0
1328 1
1329 0
1330 3
1331 0
1332 0
1333 1
1334 1
1335 0
1336 2
1337 1
1338 1
1339 0
1340 1
1341 0
1342 1
1343 1
1344 1
1345 1
1346 1
1347 0
1348 0
1349 0
1350 1
1351 2
1352 0
1353 1
1354 0
1355 2
1356 2
1357 0
1358 1
1359 1
1360 2
1361 2
1362 1
1363 0
1364 2
1365 1
1366 3
1367 0
1368 2
1369 2
1370 1
1371 1
1372 1
1373 1
1374 1
1375 1
1376 1
1377 1
1378 0
1379 1
1380 1
1381 0
1382 0
1383 0
1384 0
1385 0
1386 0
1387 1
1388 0
1389 0
1390 0
1391 0
1392 0
1393 0
1394 0
1395 0
1396 1
1397 0
1398 0
1399 0
1400 0
1401 0
1402 0
1403 0
1404 2
1405 1
1406 1
1407 2
1408 2
1409 0
1410 1
1411 0
1412 0
1413 0
1414 0
1415 0
1416 0
1417 0
1418 0
1419 0
1420 0
1421 0
1422 0
1423 0
1424 1
1425 0
1426 1
1427 1
1428 0
1429 1
1430 0
1431 1
1432 0
1433 1
1434 1
1435 0
1436 0
1437 1
1438 1
1439 2
1440 2
1441 1
1442 1
1443 1
1444 1
1445 1
1446 3
1447 1
1448 0
1449 0
1450 0
1451 1
1452 1
1453 1
1454 1
1455 1
1456 2
1457 2
1458 2
1459 2
1460 0
1461 1
1462 0
1463 1
1464 1
1465 1
1466 2
1467 0
1468 0
1469 2
1470 1
1471 1
1472 2
1473 0
1474 2
1475 1
1476 0
1477 2
1478 1
1479 0
1480 0
1481 0
1482 0
1483 0
1484 0
1485 0
1486 0
1487 1
1488 0
1489 1
1490 2
1491 1
1492 1
1493 1
1494 1
1495 2
1496 1
1497 0
1498 1
1499 1
1500 0
1501 1
1502 0
1503 1
1504 0
1505 1
1506 1
1507 2
1508 0
1509 2
1510 1
1511 1
1512 0
1513 0
1514 1
1515 0
1516 0
1517 1
1518 0
1519 0
1520 3
1521 1
1522 2
1523 2
1524 0
1525 1
1526 1
1527 1
1528 0
1529 2
1530 1
1531 0
1532 1
1533 0
1534 0
1535 0
1536 0
1537 0
1538 1
1539 0
1540 0
1541 1
1542 0
1543 0
1544 0
1545 0
1546 0
1547 1
1548 1
1549 2
1550 0
1551 1
1552 0
1553 0
1554 0
1555 0
1556 0
1557 0
1558 0
1559 0
1560 0
1561 0
1562 0
1563 0
1564 0
1565 0
1566 1
1567 0
1568 0
1569 0
1570 0
1571 0
1572 0
1573 0
1574 0
1575 0
1576 0
1577 0
1578 0
1579 2
1580 0
1581 0
1582 0
1583 0
1584 0
1585 1
1586 0
1587 0
1588 0
1589 0
1590 0
1591 0
1592 0
1593 0
1594 0
1595 1
1596 0
1597 0
1598 0
1599 1
1600 0
1601 0
1602 0
1603 0
1604 0
1605 0
1606 1
1607 0
1608 0
1609 0
1610 0
1611 0
1612 0
1613 1
1614 0
1615 0
1616 0
1617 0
1618 0
1619 0
1620 0
1621 0
1622 0
1623 0
1624 0
1625 0
1626 0
1627 0
1628 0
1629 0
1630 0
1631 0
1632 0
1633 0
1634 0
1635 0
1636 0
1637 0
1638 0
1639 0
1640 0
1641 0
1642 0
1643 0
1644 0
1645 0
1646 0
1647 0
1648 1
1649 0
1650 0
1651 0
1652 0
1653 1
1654 1
1655 0
1656 1
1657 1
1658 2
1659 0
1660 0
1661 1
1662 2
1663 0
1664 0
1665 1
1666 0
1667 1
1668 2
1669 0
1670 1
1671 2
1672 0
1673 0
1674 1
1675 0
1676 0
1677 1
1678 0
1679 0
1680 0
1681 0
1682 1
1683 1
1684 0
1685 2
1686 1
1687 0
1688 0
1689 0
1690 0
1691 2
1692 0
1693 1
1694 0
1695 0
1696 0
1697 0
1698 1
1699 0
1700 0
1701 1
1702 0
1703 0
1704 0
1705 0
1706 0
1707 0
1708 0
1709 0
1710 0
1711 0
1712 0
1713 0
1714 0
1715 1
1716 0
1717 0
1718 0
1719 0
1720 0
1721 0
1722 0
1723 0
1724 0
1725 0
1726 0
1727 0
1728 0
1729 0
1730 0
1731 0
1732 0
1733 0
1734 0
1735 0
1736 0
1737 0
1738 0
1739 0
1740 0
1741 0
1742 0
1743 0
1744 0
1745 0
1746 0
1747 0
1748 1
1749 1
1750 0
1751 0
1752 0
1753 0
1754 0
1755 0
1756 0
1757 0
1758 0
1759 0
1760 0
1761 0
1762 0
1763 0
1764 1
1765 0
1766 1
1767 0
1768 0
1769 0
1770 0
1771 0
1772 0
1773 0
1774 3
1775 1
1776 1
1777 0
1778 0
1779 0
1780 0
1781 2
1782 0
1783 1
1784 0
1785 1
1786 0
1787 0
1788 0
1789 1
1790 0
1791 0
1792 0
1793 0
1794 0
1795 1
1796 0
1797 0
1798 1
1799 2
1800 0
1801 0
1802 1
1803 0
1804 0
1805 1
1806 1
1807 0
1808 1
1809 1
1810 0
1811 1
1812 0
1813 1
1814 0
1815 0
1816 0
1817 0
1818 0
1819 0
1820 0
1821 0
1822 0
1823 0
1824 0
1825 0
1826 0
1827 0
1828 0
1829 0
1830 0
1831 1
1832 0
1833 0
1834 0
1835 0
1836 0
1837 0
1838 1
1839 0
1840 2
1841 1
1842 0
1843 1
1844 0
1845 1
1846 2
1847 0
1848 1
1849 2
1850 0
1851 1
1852 1
1853 1
1854 2
1855 2
1856 0
1857 1
1858 1
1859 1
1860 0
1861 2
1862 2
1863 1
1864 1
1865 0
1866 1
1867 1
1868 0
1869 1
1870 0
1871 1
1872 1
1873 1
1874 1
1875 0
1876 1
1877 1
1878 1
1879 1
1880 1
1881 0
1882 1
1883 0
1884 0
1885 0
1886 0
1887 0
1888 1
1889 1
1890 0
1891 0
1892 0
1893 0
1894 0
1895 0
1896 0
1897 0
1898 0
1899 0
1900 0
1901 0
1902 0
1903 0
1904 0
1905 0
1906 0
1907 0
1908 0
1909 0
1910 0
1911 0
1912 0
1913 0
1914 0
1915 0
1916 0
1917 0
1918 0
1919 0
1920 0
1921 0
1922 0
1923 0
1924 0
1925 0
1926 0
1927 0
1928 0
1929 0
1930 0
1931 0
1932 0
1933 0
1934 0
1935 0
1936 0
1937 0
1938 0
1939 0
1940 0
1941 0
1942 0
1943 0
1944 0
1945 0
1946 0
1947 0
1948 0
1949 0
1950 0
1951 0
1952 0
1953 0
1954 0
1955 1
1956 0
1957 1
1958 0
1959 0
1960 0
1961 0
1962 0
1963 0
1964 0
1965 0
1966 0
1967 0
1968 0
1969 0
1970 0
1971 0
1972 0
1973 0
1974 0
1975 0
1976 0
1977 0
1978 0
1979 0
1980 0
1981 0
1982 0
1983 0
1984 0
1985 0
1986 0
1987 0
1988 0
1989 0
1990 0
1991 0
1992 0
1993 1
1994 1
1995 0
1996 1
1997 0
1998 0
1999 0
