0 0
1 0
2 0
3 0
4 0
5 0
6 0
7 0
8 0
9 0
10 1
11 0
12 1
13 2
14 0
15 0
16 0
17 0
18 0
19 0
20 0
21 0
22 2
23 1
24 1
25 2
26 0
27 2
28 0
29 0
30 0
31 2
32 1
33 1
34 1
35 0
36 2
37 3
38 2
39 2
40 2
41 0
42 0
43 3
44 1
45 2
46 1
47 3
48 0
49 0
50 1
51 2
52 0
53 0
54 0
55 0
56 0
57 0
58 0
59 0
60 0
61 0
62 0
63 0
64 0
65 0
66 0
67 0
68 0
69 0
70 0
71 0
72 0
73 0
74 0
75 0
76 0
77 0
78 0
79 0
80 0
81 0
82 0
83 0
84 0
85 0
86 0
87 0
88 0
89 0
90 0
91 0
92 0
93 0
94 0
95 0
96 0
97 1
98 1
99 1
100 1
101 1
102 0
103 1
104 1
105 3
106 1
107 2
108 0
109 0
110 2
111 1
112 0
113 0
114 1
115 1
116 1
117 1
118 1
119 1
120 2
121 0
122 1
123 1
124 0
125 1
126 1
127 0
128 2
129 1
130 1
131 0
132 1
133 2
134 2
135 2
136 0
137 1
138 3
139 1
140 1
141 1
142 2
143 2
144 0
145 1
146 2
147 0
148 1
149 1
150 2
151 1
152 2
153 2
154 2
155 0
156 2
157 1
158 1
159 2
160 1
161 2
162 1
163 2
164 1
165 3
166 2
167 1
168 1
169 2
170 2
171 2
172 1
173 2
174 0
175 1
176 2
177 1
178 3
179 2
180 2
181 0
182 5
183 1
184 3
185 0
186 1
187 1
188 3
189 2
190 2
191 2
192 2
193 3
194 3
195 2
196 1
197 1
198 3
199 1
200 1
201 1
202 1
203 1
204 2
205 1
206 2
207 1
208 2
209 1
210 2
211 2
212 2
213 2
214 2
215 2
216 2
217 2
218 2
219 2
220 3
221 1
222 1
223 2
224 2
225 3
226 2
227 2
228 2
229 1
230 2
231 3
232 2
233 2
234 2
235 2
236 1
237 1
238 2
239 1
240 3
241 2
242 1
243 2
244 2
245 2
246 2
247 2
248 2
249 2
250 3
251 1
252 3
253 2
254 2
255 2
256 3
257 2
258 3
259 1
260 2
261 1
262 3
263 2
264 2
265 3
266 3
267 1
268 1
269 1
270 0
271 0
272 0
273 2
274 2
275 0
276 0
277 0
278 1
279 2
280 0
281 1
282 0
283 0
284 0
285 0
286 0
287 0
288 1
289 0
290 0
291 0
292 0
293 0
294 0
295 0
296 0
297 0
298 0
299 0
300 0
301 1
302 2
303 1
304 1
305 1
306 0
307 0
308 0
309 0
310 0
311 0
312 1
313 0
314 0
315 0
316 0
317 0
318 0
319 0
320 0
321 0
322 0
323 0
324 0
325 0
326 0
327 0
328 0
329 0
330 0
331 0
332 0
333 0
334 0
335 0
336 0
337 0
338 2
339 2
340 1
341 0
342 0
343 0
344 0
345 0
346 0
347 0
348 0
349 0
350 0
351 0
352 0
353 0
354 0
355 0
356 0
357 0
358 0
359 1
360 1
361 1
362 1
363 0
364 3
365 0
366 2
367 1
368 2
369 1
370 1
371 1
372 1
373 1
374 2
375 2
376 0
377 1
378 0
379 1
380 0
381 1
382 1
383 1
384 2
385 1
386 2
387 1
388 2
389 1
390 1
391 2
392 2
393 2
394 2
395 1
396 1
397 3
398 2
399 1
400 2
401 2
402 1
403 1
404 1
405 1
406 2
407 1
408 0
409 1
410 1
411 2
412 2
413 3
414 2
415 2
416 1
417 0
418 0
419 1
420 1
421 0
422 0
423 1
424 3
425 1
426 1
427 1
428 1
429 1
430 1
431 2
432 2
433 2
434 1
435 1
436 2
437 2
438 1
439 3
440 1
441 1
442 2
443 2
444 0
445 2
446 1
447 1
448 4
449 3
450 2
451 4
452 2
453 2
454 1
455 2
456 2
457 2
458 3
459 1
460 1
461 2
462 3
463 2
464 3
465 3
466 1
467 2
468 2
469 0
470 0
471 3
472 1
473 2
474 1
475 1
476 2
477 1
478 2
479 3
480 3
481 3
482 1
483 2
484 3
485 3
486 2
487 2
488 2
489 3
490 1
491 2
492 2
493 1
494 2
495 2
496 3
497 0
498 3
499 3
500 1
501 1
502 1
503 2
504 0
505 1
506 1
507 2
508 2
509 3
510 1
511 1
512 4
513 1
514 0
515 3
516 3
517 1
518 0
519 2
520 0
521 1
522 0
523 1
524 0
525 1
526 0
527 1
528 0
529 0
530 0
531 0
532 2
533 0
534 1
535 1
536 0
537 1
538 1
539 1
540 1
541 1
542 1
543 1
544 1
545 1
546 1
547 1
548 1
549 2
550 1
551 1
552 2
553 1
554 1
555 0
556 1
557 1
558 1
559 0
560 2
561 1
562 1
563 0
564 1
565 1
566 1
567 0
568 0
569 0
570 1
571 1
572 1
573 1
574 0
575 1
576 1
577 2
578 1
579 2
580 2
581 1
582 1
583 2
584 1
585 0
586 1
587 1
588 1
589 1
590 1
591 1
592 1
593 1
594 0
595 1
596 0
597 0
598 1
599 1
600 1
601 0
602 1
603 1
604 1
605 0
606 0
607 1
608 1
609 1
610 1
611 1
612 1
613 0
614 0
615 1
616 0
617 1
618 1
619 0
620 2
621 1
622 0
623 1
624 2
625 0
626 0
627 1
628 3
629 2
630 1
631 1
632 2
633 4
634 2
635 1
636 2
637 0
638 1
639 0
640 0
641 0
642 0
643 0
644 1
645 1
646 1
647 2
648 0
649 1
650 1
651 1
652 1
653 1
654 1
655 1
656 1
657 1
658 1
659 2
660 1
661 0
662 2
663 1
664 1
665 0
666 1
667 1
668 1
669 1
670 1
671 0
672 1
673 1
674 1
675 0
676 1
677 0
678 1
679 1
680 0
681 1
682 0
683 2
684 1
685 1
686 1
687 4
688 1
689 2
690 2
691 2
692 1
693 0
694 1
695 1
696 0
697 1
698 1
699 1
700 0
701 1
702 0
703 0
704 1
705 1
706 1
707 1
708 1
709 2
710 1
711 1
712 0
713 0
714 0
715 0
716 1
717 1
718 1
719 2
720 1
721 1
722 1
723 2
724 1
725 1
726 1
727 0
728 1
729 1
730 1
731 1
732 3
733 1
734 1
735 0
736 0
737 0
738 0
739 0
740 1
741 0
742 0
743 1
744 1
745 1
746 1
747 0
748 1
749 0
750 0
751 1
752 1
753 1
754 1
755 1
756 1
757 1
758 0
759 1
760 0
761 0
762 3
763 2
764 1
765 1
766 1
767 1
768 0
769 1
770 2
771 3
772 1
773 0
774 1
775 3
776 4
777 2
778 2
779 1
780 1
781 3
782 4
783 3
784 1
785 2
786 2
787 1
788 4
789 3
790 3
791 1
792 3
793 2
794 2
795 1
796 3
797 3
798 3
799 3
800 2
801 4
802 3
803 2
804 1
805 2
806 0
807 1
808 1
809 1
810 1
811 1
812 1
813 1
814 1
815 1
816 1
817 1
818 1
819 1
820 1
821 1
822 0
823 1
824 1
825 1
826 2
827 2
828 0
829 1
830 1
831 1
832 1
833 1
834 0
835 2
836 0
837 1
838 0
839 0
840 0
841 1
842 2
843 2
844 1
845 2
846 1
847 1
848 2
849 1
850 2
851 1
852 0
853 0
854 0
855 2
856 0
857 1
858 3
859 1
860 2
861 1
862 2
863 1
864 2
865 2
866 0
867 1
868 1
869 1
870 1
871 1
872 0
873 1
874 1
875 0
876 0
877 0
878 1
879 1
880 0
881 1
882 0
883 2
884 1
885 1
886 1
887 1
888 1
889 1
890 2
891 1
892 0
893 1
894 2
895 2
896 1
897 0
898 2
899 1
900 1
901 1
902 6
903 1
904 1
905 0
906 0
907 1
908 1
909 1
910 1
911 2
912 1
913 2
914 0
915 1
916 0
917 3
918 2
919 2
920 1
921 2
922 3
923 1
924 2
925 2
926 2
927 2
928 4
929 3
930 1
931 1
932 1
933 2
934 1
935 0
936 0
937 0
938 0
939 1
940 1
941 1
942 2
943 1
944 0
945 0
946 0
947 0
948 0
949 0
950 0
951 0
952 0
953 1
954 1
955 1
956 1
957 0
958 0
959 0
960 0
961 0
962 0
963 1
964 1
965 2
966 3
967 2
968 2
969 1
970 1
971 0
972 2
973 0
974 3
975 3
976 3
977 2
978 0
979 1
980 1
981 0
982 3
983 2
984 1
985 1
986 1
987 1
988 2
989 1
990 1
991 1
992 2
993 1
994 0
995 1
996 2
997 1
998 0
999 0
1000 0
1001 0
1002 1
1003 2
1004 0
1005 1
1006 1
1007 1
1008 1
1009 0
1010 1
1011 2
1012 1
1013 3
1014 3
1015 2
1016 1
1017 4
1018 1
1019 1
1020 3
1021 2
1022 2
1023 2
1024 0
1025 1
1026 1
1027 1
1028 1
1029 0
1030 0
1031 1
1032 2
1033 1
1034 1
1035 1
1036 1
1037 2
1038 2
1039 1
1040 2
1041 2
1042 0
1043 0
1044 0
1045 0
1046 0
1047 0
1048 0
1049 0
1050 0
1051 0
1052 0
1053 0
1054 0
1055 1
1056 1
1057 3
1058 1
1059 1
1060 1
1061 1
1062 2
1063 1
1064 1
1065 1
1066 2
1067 2
1068 1
1069 1
1070 1
1071 2
1072 1
1073 2
1074 3
1075 2
1076 1
1077 2
1078 2
1079 1
1080 1
1081 1
1082 1
1083 1
1084 1
1085 3
1086 2
1087 1
1088 1
1089 0
1090 0
1091 0
1092 0
1093 0
1094 0
1095 1
1096 0
1097 2
1098 2
1099 1
1100 0
1101 1
1102 0
1103 0
1104 2
1105 1
1106 0
1107 0
1108 1
1109 0
1110 1
1111 1
1112 1
1113 0
1114 0
1115 1
1116 1
1117 2
1118 1
1119 2
1120 2
1121 1
1122 0
1123 1
1124 1
1125 1
1126 1
1127 0
1128 0
1129 0
1130 1
1131 1
1132 1
1133 2
1134 1
1135 1
1136 1
1137 2
1138 1
1139 0
1140 1
1141 0
1142 0
1143 1
1144 2
1145 0
1146 0
1147 0
1148 2
1149 0
1150 0
1151 0
1152 0
1153 0
1154 0
1155 0
1156 0
1157 0
1158 0
1159 0
1160 0
1161 0
1162 0
1163 0
1164 0
1165 0
1166 0
1167 0
1168 0
1169 0
1170 0
1171 0
1172 0
1173 0
1174 0
1175 0
1176 0
1177 0
1178 0
1179 0
1180 0
1181 0
1182 0
1183 0
1184 0
1185 0
1186 0
1187 0
1188 0
1189 0
1190 0
1191 0
1192 0
1193 0
1194 0
1195 0
1196 0
1197 0
1198 0
1199 0
1200 0
1201 0
1202 0
1203 0
1204 0
1205 0
1206 0
1207 0
1208 0
1209 0
1210 0
1211 0
1212 0
1213 0
1214 0
1215 0
1216 0
1217 0
1218 0
1219 0
1220 0
1221 0
1222 0
1223 0
1224 0
1225 0
1226 0
1227 0
1228 0
1229 0
1230 0
1231 0
1232 0
1233 0
1234 0
1235 0
1236 0
1237 0
1238 0
1239 0
1240 0
1241 0
1242 0
1243 0
1244 0
1245 0
1246 0
1247 0
1248 0
1249 0
1250 0
1251 0
1252 0
1253 0
1254 0
1255 0
1256 0
1257 0
1258 0
1259 0
1260 0
1261 0
1262 0
1263 0
1264 0
1265 0
1266 0
1267 0
1268 0
1269 0
1270 0
1271 0
1272 0
1273 0
1274 0
1275 0
1276 0
1277 0
1278 0
1279 0
1280 0
1281 0
1282 0
1283 0
1284 0
1285 0
1286 0
1287 0
1288 0
1289 0
1290 0
1291 0
1292 0
1293 0
1294 0
1295 0
1296 0
1297 0
1298 0
1299 0
1300 0
1301 0
1302 0
1303 0
1304 0
1305 0
1306 0
1307 0
1308 0
1309 0
1310 0
1311 0
1312 0
1313 0
1314 0
1315 0
1316 0
1317 0
1318 0
1319 2
1320 0
1321 0
1322 0
1323 2
1324 1
1325 1
1326 1
1327 2
1328 1
1329 1
1330 2
1331 2
1332 2
1333 2
1334 1
1335 2
1336 0
1337 1
1338 2
1339 4
1340 1
1341 1
1342 0
1343 2
1344 1
1345 1
1346 0
1347 1
1348 3
1349 2
1350 1
1351 1
1352 1
1353 1
1354 0
1355 0
1356 2
1357 2
1358 3
1359 2
1360 1
1361 1
1362 2
1363 3
1364 1
1365 1
1366 1
1367 1
1368 2
1369 1
1370 1
1371 2
1372 0
1373 1
1374 2
1375 1
1376 1
1377 2
1378 1
1379 1
1380 1
1381 1
1382 4
1383 2
1384 1
1385 2
1386 1
1387 2
1388 1
1389 2
1390 2
1391 1
1392 1
1393 2
1394 0
1395 1
1396 2
1397 1
1398 0
1399 2
1400 0
1401 0
1402 0
1403 0
1404 0
1405 1
1406 2
1407 3
1408 1
1409 1
1410 1
1411 2
1412 0
1413 0
1414 1
1415 1
1416 1
1417 0
1418 1
1419 4
1420 1
1421 1
1422 1
1423 2
1424 0
1425 4
1426 2
1427 1
1428 1
1429 2
1430 2
1431 1
1432 2
1433 2
1434 4
1435 3
1436 1
1437 1
1438 1
1439 3
1440 4
1441 1
1442 1
1443 1
1444 2
1445 1
1446 2
1447 1
1448 1
1449 3
1450 1
1451 1
1452 1
1453 1
1454 1
1455 1
1456 1
1457 0
1458 1
1459 1
1460 2
1461 2
1462 1
1463 2
1464 1
1465 0
1466 1
1467 1
1468 1
1469 2
1470 2
1471 1
1472 2
1473 2
1474 1
1475 3
1476 2
1477 2
1478 2
1479 4
1480 2
1481 0
1482 1
1483 2
1484 1
1485 2
1486 2
1487 1
1488 2
1489 2
1490 2
1491 2
1492 2
1493 1
1494 2
1495 2
1496 3
1497 2
1498 2
1499 3
1500 2
1501 2
1502 2
1503 1
1504 2
1505 1
1506 1
1507 2
1508 1
1509 1
1510 1
1511 2
1512 2
1513 2
1514 3
1515 1
1516 1
1517 2
1518 1
1519 2
1520 2
1521 2
1522 2
1523 2
1524 1
1525 1
1526 1
1527 2
1528 2
1529 2
1530 2
1531 2
1532 0
1533 0
1534 0
1535 1
1536 2
1537 2
1538 1
1539 1
1540 1
1541 0
1542 1
1543 0
1544 2
1545 2
1546 1
1547 3
1548 1
1549 1
1550 1
1551 0
1552 1
1553 1
1554 0
1555 1
1556 1
1557 2
1558 3
1559 2
1560 2
1561 2
1562 3
1563 2
1564 3
1565 1
1566 2
1567 2
1568 2
1569 2
1570 2
1571 1
1572 2
1573 1
1574 2
1575 2
1576 2
1577 2
1578 1
1579 1
1580 2
1581 3
1582 1
1583 2
1584 2
1585 3
1586 2
1587 3
1588 0
1589 2
1590 2
1591 3
1592 2
1593 2
1594 2
1595 2
1596 1
1597 2
1598 2
1599 2
1600 2
1601 2
1602 1
1603 1
1604 1
1605 3
1606 1
1607 2
1608 2
1609 0
1610 1
1611 2
1612 2
1613 2
1614 2
1615 2
1616 2
1617 1
1618 2
1619 2
1620 2
1621 2
1622 4
1623 2
1624 3
1625 3
1626 1
1627 2
1628 2
1629 2
1630 2
1631 2
1632 2
1633 2
1634 2
1635 2
1636 2
1637 1
1638 2
1639 4
1640 3
1641 1
1642 2
1643 1
1644 4
1645 2
1646 3
1647 2
1648 2
1649 2
1650 1
1651 1
1652 3
1653 1
1654 2
1655 1
1656 3
1657 2
1658 2
1659 0
1660 1
1661 1
1662 2
1663 1
1664 2
1665 1
1666 1
1667 2
1668 1
1669 2
1670 1
1671 3
1672 1
1673 2
1674 2
1675 2
1676 1
1677 2
1678 2
1679 2
1680 2
1681 1
1682 1
1683 1
1684 2
1685 3
1686 1
1687 2
1688 2
1689 2
1690 2
1691 1
1692 1
1693 1
1694 2
1695 0
1696 2
1697 3
1698 3
1699 2
1700 1
1701 1
1702 2
1703 2
1704 2
1705 2
1706 2
1707 3
1708 2
1709 0
1710 0
1711 3
1712 1
1713 2
1714 2
1715 1
1716 2
1717 1
1718 3
1719 1
1720 1
1721 2
1722 0
1723 1
1724 0
1725 0
1726 2
1727 1
1728 1
1729 2
1730 1
1731 1
1732 1
1733 1
1734 2
1735 1
1736 0
1737 0
1738 2
1739 2
1740 3
1741 1
1742 0
1743 1
1744 2
1745 2
1746 1
1747 2
1748 2
1749 1
1750 0
1751 0
1752 2
1753 3
1754 2
1755 2
1756 0
1757 3
1758 0
1759 1
1760 0
1761 0
1762 0
1763 0
1764 1
1765 1
1766 1
1767 1
1768 0
1769 0
1770 0
1771 0
1772 0
1773 0
1774 0
1775 1
1776 0
1777 1
1778 1
1779 0
1780 1
1781 1
1782 1
1783 1
1784 0
1785 1
1786 1
1787 2
1788 2
1789 0
1790 0
1791 2
1792 3
1793 0
1794 1
1795 2
1796 0
1797 0
1798 0
1799 2
1800 0
1801 1
1802 2
1803 0
1804 0
1805 0
1806 1
1807 1
1808 3
1809 0
1810 3
1811 1
1812 2
1813 4
1814 3
1815 2
1816 2
1817 0
1818 3
1819 0
1820 3
1821 1
1822 0
1823 0
1824 0
1825 0
1826 0
1827 1
1828 2
1829 1
1830 1
1831 1
1832 2
1833 0
1834 1
1835 2
1836 1
1837 0
1838 3
1839 1
1840 1
1841 2
1842 2
1843 0
1844 2
1845 2
1846 2
1847 0
1848 0
1849 1
1850 4
1851 0
1852 2
1853 1
1854 0
1855 0
1856 0
1857 0
1858 0
1859 0
1860 1
1861 0
1862 1
1863 1
1864 1
1865 0
1866 0
1867 1
1868 0
1869 0
1870 0
1871 0
1872 0
1873 1
1874 1
1875 2
1876 1
1877 0
1878 1
1879 1
1880 0
1881 0
1882 1
1883 1
1884 1
1885 0
1886 0
1887 0
1888 0
1889 0
1890 0
1891 1
1892 0
1893 0
1894 0
1895 0
1896 0
1897 0
1898 1
1899 1
1900 2
1901 0
1902 0
1903 2
1904 1
1905 0
1906 0
1907 1
1908 1
1909 0
1910 1
1911 0
1912 2
1913 1
1914 3
1915 1
1916 0
1917 0
1918 0
1919 0
1920 2
1921 0
1922 2
1923 1
1924 1
1925 1
1926 2
1927 0
1928 1
1929 1
1930 1
1931 0
1932 1
1933 1
1934 1
1935 1
1936 2
1937 1
1938 1
1939 2
1940 0
1941 0
1942 0
1943 0
1944 0
1945 0
1946 1
1947 1
1948 1
1949 2
1950 1
1951 1
1952 1
1953 0
1954 3
1955 1
1956 1
1957 2
1958 0
1959 1
1960 1
1961 0
1962 2
1963 2
1964 2
1965 0
1966 1
1967 0
1968 0
1969 0
1970 0
1971 1
1972 2
1973 1
1974 1
1975 1
1976 1
1977 0
1978 1
1979 0
1980 2
1981 1
1982 1
1983 0
1984 1
1985 1
1986 1
1987 1
1988 2
1989 1
1990 0
1991 1
1992 0
1993 0
1994 2
1995 1
1996 0
1997 1
1998 2
1999 0
