0 0
1 0
2 0
3 0
4 0
5 0
6 1
7 0
8 0
9 0
10 1
11 0
12 0
13 1
14 0
15 0
16 0
17 0
18 0
19 0
20 0
21 0
22 0
23 0
24 0
25 1
26 0
27 1
28 1
29 0
30 0
31 0
32 0
33 1
34 0
35 0
36 0
37 1
38 1
39 1
40 1
41 1
42 1
43 1
44 1
45 1
46 0
47 0
48 0
49 0
50 0
51 1
52 1
53 0
54 1
55 0
56 0
57 0
58 1
59 1
60 1
61 1
62 1
63 0
64 1
65 1
66 0
67 1
68 0
69 1
70 1
71 0
72 0
73 0
74 0
75 0
76 0
77 0
78 1
79 2
80 2
81 2
82 1
83 1
84 1
85 0
86 1
87 1
88 0
89 0
90 1
91 1
92 0
93 0
94 0
95 0
96 0
97 0
98 1
99 1
100 0
101 1
102 1
103 0
104 1
105 1
106 3
107 3
108 1
109 2
110 1
111 1
112 0
113 1
114 0
115 0
116 0
117 0
118 0
119 0
120 0
121 0
122 0
123 1
124 1
125 0
126 1
127 1
128 1
129 0
130 0
131 0
132 1
133 0
134 0
135 0
136 0
137 0
138 0
139 0
140 0
141 2
142 1
143 0
144 1
145 1
146 0
147 0
148 0
149 0
150 2
151 0
152 1
153 2
154 0
155 1
156 0
157 1
158 2
159 0
160 0
161 0
162 0
163 1
164 1
165 1
166 1
167 0
168 1
169 1
170 1
171 0
172 1
173 1
174 1
175 0
176 0
177 1
178 1
179 1
180 1
181 0
182 2
183 1
184 1
185 0
186 0
187 0
188 1
189 0
190 2
191 0
192 0
193 0
194 1
195 0
196 2
197 1
198 2
199 0
200 0
201 0
202 1
203 1
204 0
205 2
206 0
207 0
208 0
209 0
210 0
211 0
212 0
213 1
214 1
215 2
216 1
217 1
218 2
219 1
220 1
221 1
222 0
223 2
224 1
225 0
226 2
227 0
228 2
229 1
230 0
231 0
232 0
233 0
234 1
235 1
236 0
237 3
238 0
239 1
240 1
241 2
242 3
243 1
244 0
245 0
246 0
247 2
248 1
249 0
250 0
251 0
252 1
253 1
254 1
255 0
256 2
257 2
258 1
259 3
260 0
261 1
262 0
263 1
264 1
265 0
266 0
267 0
268 0
269 0
270 0
271 0
272 0
273 1
274 1
275 1
276 1
277 1
278 1
279 0
280 0
281 1
282 1
283 1
284 1
285 0
286 1
287 1
288 1
289 0
290 1
291 1
292 1
293 1
294 2
295 3
296 1
297 0
298 1
299 3
300 2
301 0
302 2
303 1
304 0
305 0
306 1
307 1
308 1
309 2
310 1
311 1
312 2
313 1
314 1
315 1
316 1
317 0
318 0
319 1
320 1
321 1
322 0
323 0
324 1
325 2
326 1
327 0
328 2
329 1
330 1
331 0
332 0
333 0
334 0
335 0
336 0
337 0
338 1
339 1
340 1
341 2
342 0
343 1
344 1
345 2
346 1
347 1
348 1
349 2
350 1
351 0
352 0
353 1
354 1
355 1
356 2
357 1
358 2
359 0
360 1
361 1
362 1
363 0
364 0
365 1
366 1
367 1
368 0
369 0
370 1
371 1
372 1
373 1
374 2
375 1
376 2
377 0
378 0
379 0
380 1
381 0
382 0
383 3
384 1
385 3
386 1
387 2
388 1
389 0
390 1
391 1
392 2
393 1
394 2
395 1
396 3
397 0
398 0
399 1
400 1
401 1
402 0
403 0
404 3
405 0
406 1
407 4
408 1
409 2
410 0
411 2
412 0
413 2
414 0
415 3
416 1
417 2
418 1
419 1
420 0
421 1
422 1
423 1
424 1
425 0
426 2
427 0
428 1
429 2
430 1
431 2
432 0
433 0
434 1
435 1
436 1
437 1
438 2
439 0
440 1
441 3
442 3
443 2
444 2
445 1
446 2
447 2
448 1
449 1
450 0
451 2
452 2
453 0
454 0
455 2
456 1
457 0
458 2
459 2
460 1
461 1
462 2
463 1
464 1
465 1
466 2
467 2
468 1
469 2
470 0
471 1
472 0
473 1
474 1
475 1
476 1
477 1
478 1
479 2
480 1
481 2
482 1
483 4
484 2
485 1
486 1
487 2
488 0
489 1
490 2
491 0
492 2
493 1
494 0
495 1
496 2
497 1
498 2
499 1
500 1
501 1
502 3
503 1
504 1
505 2
506 1
507 0
508 0
509 2
510 1
511 0
512 0
513 0
514 1
515 1
516 0
517 0
518 0
519 0
520 0
521 0
522 1
523 1
524 0
525 2
526 2
527 1
528 0
529 0
530 1
531 1
532 1
533 1
534 2
535 1
536 1
537 1
538 0
539 1
540 1
541 0
542 2
543 1
544 0
545 0
546 2
547 1
548 2
549 1
550 2
551 2
552 1
553 1
554 2
555 1
556 1
557 0
558 0
559 1
560 2
561 1
562 0
563 1
564 1
565 0
566 0
567 1
568 0
569 0
570 0
571 1
572 0
573 0
574 1
575 1
576 1
577 0
578 0
579 1
580 0
581 1
582 1
583 1
584 1
585 0
586 0
587 1
588 0
589 0
590 0
591 0
592 1
593 0
594 0
595 1
596 1
597 1
598 0
599 0
600 0
601 0
602 0
603 1
604 0
605 0
606 0
607 0
608 0
609 0
610 0
611 0
612 0
613 1
614 0
615 1
616 0
617 0
618 0
619 0
620 0
621 0
622 1
623 0
624 1
625 0
626 0
627 1
628 0
629 0
630 0
631 0
632 0
633 0
634 0
635 0
636 0
637 1
638 1
639 0
640 1
641 0
642 0
643 0
644 1
645 0
646 1
647 0
648 0
649 1
650 0
651 1
652 0
653 1
654 1
655 2
656 0
657 1
658 1
659 0
660 1
661 0
662 1
663 1
664 0
665 1
666 0
667 0
668 1
669 0
670 0
671 0
672 0
673 1
674 0
675 0
676 0
677 0
678 1
679 0
680 1
681 0
682 0
683 1
684 0
685 0
686 0
687 0
688 1
689 0
690 0
691 0
692 1
693 1
694 1
695 0
696 0
697 0
698 0
699 1
700 0
701 1
702 1
703 0
704 0
705 1
706 0
707 0
708 0
709 0
710 0
711 0
712 0
713 0
714 0
715 0
716 0
717 0
718 2
719 1
720 0
721 0
722 0
723 0
724 0
725 0
726 0
727 1
728 0
729 1
730 0
731 0
732 0
733 0
734 0
735 0
736 1
737 0
738 0
739 0
740 0
741 0
742 0
743 0
744 0
745 0
746 0
747 0
748 0
749 0
750 0
751 0
752 0
753 0
754 0
755 0
756 0
757 0
758 1
759 0
760 0
761 0
762 0
763 1
764 0
765 0
766 0
767 0
768 1
769 0
770 0
771 0
772 1
773 1
774 0
775 0
776 0
777 0
778 1
779 0
780 0
781 0
782 1
783 0
784 0
785 2
786 0
787 1
788 1
789 1
790 0
791 0
792 0
793 0
794 1
795 0
796 0
797 0
798 0
799 0
800 0
801 0
802 0
803 0
804 0
805 0
806 0
807 0
808 1
809 1
810 0
811 0
812 0
813 0
814 0
815 0
816 0
817 1
818 1
819 0
820 0
821 0
822 1
823 0
824 0
825 0
826 0
827 0
828 0
829 1
830 0
831 0
832 1
833 0
834 0
835 0
836 0
837 0
838 0
839 1
840 0
841 1
842 1
843 1
844 1
845 0
846 0
847 0
848 1
849 1
850 1
851 1
852 1
853 0
854 1
855 1
856 0
857 0
858 1
859 1
860 0
861 0
862 1
863 1
864 1
865 1
866 1
867 0
868 2
869 0
870 3
871 1
872 1
873 1
874 1
875 1
876 1
877 0
878 1
879 1
880 2
881 0
882 1
883 1
884 2
885 1
886 0
887 0
888 1
889 1
890 2
891 1
892 1
893 0
894 0
895 2
896 2
897 0
898 1
899 1
900 1
901 2
902 2
903 0
904 0
905 0
906 0
907 1
908 0
909 0
910 1
911 0
912 0
913 0
914 1
915 0
916 0
917 1
918 0
919 2
920 2
921 0
922 1
923 1
924 0
925 0
926 0
927 0
928 0
929 1
930 0
931 1
932 1
933 0
934 0
935 0
936 0
937 0
938 1
939 1
940 0
941 0
942 0
943 0
944 0
945 0
946 0
947 0
948 0
949 0
950 0
951 0
952 0
953 0
954 0
955 0
956 0
957 0
958 0
959 0
960 0
961 0
962 0
963 0
964 0
965 0
966 0
967 0
968 1
969 1
970 0
971 1
972 0
973 0
974 0
975 0
976 0
977 0
978 1
979 0
980 0
981 0
982 0
983 0
984 1
985 0
986 1
987 0
988 0
989 1
990 1
991 0
992 1
993 1
994 1
995 0
996 0
997 1
998 0
999 1
1000 0
1001 1
1002 2
1003 1
1004 1
1005 0
1006 1
1007 0
1008 0
1009 0
1010 0
1011 0
1012 0
1013 1
1014 0
1015 1
1016 1
1017 1
1018 2
1019 2
1020 1
1021 0
1022 1
1023 0
1024 1
1025 0
1026 2
1027 1
1028 1
1029 1
1030 0
1031 1
1032 0
1033 1
1034 2
1035 1
1036 0
1037 0
1038 1
1039 2
1040 1
1041 2
1042 2
1043 1
1044 0
1045 1
1046 1
1047 3
1048 1
1049 0
1050 0
1051 1
1052 0
1053 0
1054 1
1055 0
1056 1
1057 2
1058 1
1059 0
1060 0
1061 0
1062 1
1063 2
1064 0
1065 0
1066 0
1067 1
1068 1
1069 0
1070 2
1071 0
1072 0
1073 1
1074 0
1075 0
1076 1
1077 1
1078 1
1079 1
1080 1
1081 0
1082 2
1083 0
1084 0
1085 0
1086 0
1087 0
1088 1
1089 0
1090 1
1091 1
1092 1
1093 0
1094 0
1095 0
1096 0
1097 1
1098 0
1099 0
1100 0
1101 0
1102 0
1103 0
1104 0
1105 0
1106 0
1107 0
1108 0
1109 0
1110 2
1111 0
1112 1
1113 0
1114 0
1115 1
1116 0
1117 1
1118 0
1119 0
1120 2
1121 1
1122 0
1123 0
1124 0
1125 0
1126 0
1127 1
1128 0
1129 1
1130 1
1131 2
1132 1
1133 1
1134 1
1135 0
1136 0
1137 1
1138 0
1139 0
1140 1
1141 1
1142 0
1143 1
1144 1
1145 1
1146 1
1147 0
1148 0
1149 1
1150 0
1151 0
1152 0
1153 0
1154 0
1155 0
1156 0
1157 0
1158 0
1159 1
1160 1
1161 1
1162 0
1163 0
1164 1
1165 1
1166 1
1167 0
1168 0
1169 0
1170 0
1171 0
1172 1
1173 0
1174 2
1175 0
1176 1
1177 0
1178 1
1179 0
1180 1
1181 0
1182 0
1183 1
1184 1
1185 1
1186 0
1187 1
1188 0
1189 1
1190 0
1191 0
1192 0
1193 1
1194 0
1195 0
1196 2
1197 2
1198 0
1199 1
1200 1
1201 1
1202 0
1203 0
1204 2
1205 2
1206 1
1207 0
1208 1
1209 0
1210 0
1211 1
1212 0
1213 2
1214 0
1215 1
1216 0
1217 1
1218 0
1219 1
1220 0
1221 1
1222 1
1223 2
1224 0
1225 0
1226 0
1227 0
1228 0
1229 0
1230 0
1231 0
1232 1
1233 0
1234 0
1235 1
1236 0
1237 0
1238 0
1239 1
1240 0
1241 0
1242 1
1243 0
1244 0
1245 1
1246 0
1247 2
1248 2
1249 1
1250 1
1251 1
1252 1
1253 1
1254 1
1255 1
1256 0
1257 1
1258 0
1259 0
1260 1
1261 1
1262 0
1263 0
1264 1
1265 1
1266 1
1267 1
1268 0
1269 0
1270 0
1271 0
1272 1
1273 1
1274 0
1275 0
1276 1
1277 0
1278 1
1279 2
1280 0
1281 1
1282 2
1283 0
1284 1
1285 0
1286 0
1287 0
1288 1
1289 1
1290 1
1291 0
1292 1
1293 2
1294 2
1295 1
1296 0
1297 0
1298 1
1299 0
1300 0
1301 2
1302 0
1303 1
1304 1
1305 2
1306 1
1307 1
1308 0
1309 1
1310 1
1311 2
1312 1
1313 3
1314 1
1315 1
1316 0
1317 1
1318 2
1319 1
1320 1
1321 0
1322 0
1323 0
1324 1
1325 0
1326 0
1327 0
1328 0
1329 0
1330 0
1331 0
1332 1
1333 1
1334 1
1335 0
1336 0
1337 1
1338 1
1339 1
1340 0
1341 1
1342 0
1343 1
1344 0
1345 0
1346 1
1347 0
1348 0
1349 0
1350 1
1351 0
1352 2
1353 0
1354 1
1355 1
1356 1
1357 2
1358 0
1359 0
1360 0
1361 0
1362 1
1363 1
1364 2
1365 1
1366 1
1367 1
1368 1
1369 0
1370 1
1371 1
1372 1
1373 3
1374 1
1375 1
1376 1
1377 1
1378 0
1379 1
1380 0
1381 1
1382 2
1383 1
1384 1
1385 1
1386 0
1387 1
1388 0
1389 0
1390 1
1391 1
1392 1
1393 1
1394 1
1395 0
1396 0
1397 1
1398 0
1399 1
1400 1
1401 0
1402 0
1403 0
1404 0
1405 0
1406 1
1407 1
1408 1
1409 1
1410 1
1411 0
1412 1
1413 0
1414 0
1415 0
1416 0
1417 0
1418 0
1419 0
1420 0
1421 1
1422 0
1423 0
1424 0
1425 0
1426 0
1427 0
1428 0
1429 0
1430 0
1431 0
1432 0
1433 0
1434 0
1435 0
1436 0
1437 0
1438 0
1439 0
1440 0
1441 0
1442 0
1443 0
1444 0
1445 0
1446 0
1447 0
1448 0
1449 0
1450 0
1451 0
1452 0
1453 0
1454 0
1455 0
1456 0
1457 0
1458 0
1459 0
1460 0
1461 0
1462 0
1463 0
1464 0
1465 0
1466 0
1467 0
1468 0
1469 0
1470 1
1471 0
1472 1
1473 0
1474 0
1475 0
1476 0
1477 0
1478 0
1479 1
1480 0
1481 0
1482 0
1483 1
1484 0
1485 0
1486 0
1487 0
1488 0
1489 0
1490 0
1491 0
1492 0
1493 0
1494 1
1495 0
1496 0
1497 0
1498 0
1499 0
1500 0
1501 0
1502 1
1503 0
1504 0
1505 0
1506 0
1507 0
1508 0
1509 0
1510 0
1511 0
1512 0
1513 0
1514 0
1515 0
1516 0
1517 0
1518 0
1519 1
1520 0
1521 0
1522 0
1523 0
1524 0
1525 0
1526 0
1527 0
1528 0
1529 0
1530 0
1531 0
1532 0
1533 0
1534 0
1535 0
1536 0
1537 0
1538 0
1539 0
1540 0
1541 0
1542 0
1543 0
1544 0
1545 0
1546 1
1547 1
1548 1
1549 1
1550 1
1551 1
1552 2
1553 2
1554 1
1555 1
1556 1
1557 1
1558 1
1559 0
1560 1
1561 1
1562 2
1563 1
1564 1
1565 1
1566 2
1567 0
1568 2
1569 1
1570 2
1571 1
1572 0
1573 1
1574 0
1575 2
1576 0
1577 0
1578 0
1579 1
1580 0
1581 1
1582 0
1583 0
1584 1
1585 1
1586 2
1587 0
1588 1
1589 1
1590 1
1591 1
1592 0
1593 1
1594 0
1595 0
1596 1
1597 0
1598 1
1599 0
1600 0
1601 1
1602 1
1603 0
1604 0
1605 0
1606 1
1607 1
1608 1
1609 1
1610 0
1611 0
1612 0
1613 0
1614 0
1615 1
1616 1
1617 0
1618 1
1619 2
1620 0
1621 0
1622 2
1623 0
1624 1
1625 2
1626 2
1627 2
1628 1
1629 0
1630 0
1631 1
1632 0
1633 1
1634 0
1635 1
1636 1
1637 1
1638 0
1639 1
1640 1
1641 1
1642 0
1643 0
1644 0
1645 0
1646 2
1647 1
1648 0
1649 0
1650 0
1651 0
1652 0
1653 1
1654 1
1655 0
1656 0
1657 1
1658 2
1659 1
1660 1
1661 0
1662 1
1663 1
1664 1
1665 0
1666 1
1667 1
1668 1
1669 0
1670 0
1671 2
1672 1
1673 1
1674 1
1675 0
1676 1
1677 0
1678 1
1679 1
1680 1
1681 1
1682 1
1683 2
1684 3
1685 1
1686 0
1687 0
1688 2
1689 0
1690 0
1691 2
1692 1
1693 1
1694 0
1695 0
1696 1
1697 1
1698 0
1699 1
1700 0
1701 1
1702 1
1703 2
1704 1
1705 0
1706 0
1707 0
1708 1
1709 2
1710 1
1711 2
1712 1
1713 2
1714 1
1715 0
1716 0
1717 1
1718 1
1719 1
1720 2
1721 1
1722 1
1723 1
1724 1
1725 1
1726 0
1727 1
1728 3
1729 1
1730 1
1731 1
1732 0
1733 0
1734 0
1735 0
1736 2
1737 1
1738 0
1739 1
1740 0
1741 1
1742 0
1743 0
1744 0
1745 0
1746 1
1747 1
1748 0
1749 1
1750 2
1751 1
1752 1
1753 1
1754 1
1755 1
1756 0
1757 0
1758 1
1759 1
1760 1
1761 0
1762 0
1763 0
1764 1
1765 0
1766 1
1767 2
1768 1
1769 1
1770 1
1771 1
1772 1
1773 0
1774 1
1775 1
1776 1
1777 1
1778 1
1779 1
1780 1
1781 1
1782 2
1783 1
1784 0
1785 1
1786 0
1787 0
1788 1
1789 0
1790 1
1791 0
1792 0
1793 1
1794 1
1795 1
1796 0
1797 1
1798 2
1799 0
1800 1
1801 0
1802 1
1803 1
1804 1
1805 1
1806 1
1807 1
1808 2
1809 2
1810 0
1811 2
1812 1
1813 1
1814 0
1815 0
1816 1
1817 2
1818 0
1819 2
1820 0
1821 1
1822 1
1823 1
1824 0
1825 0
1826 2
1827 0
1828 1
1829 1
1830 1
1831 1
1832 0
1833 0
1834 0
1835 1
1836 1
1837 1
1838 1
1839 0
1840 2
1841 0
1842 2
1843 2
1844 0
1845 1
1846 1
1847 1
1848 1
1849 0
1850 1
1851 2
1852 1
1853 1
1854 2
1855 1
1856 1
1857 1
1858 1
1859 0
1860 1
1861 1
1862 0
1863 0
1864 1
1865 0
1866 1
1867 0
1868 0
1869 0
1870 1
1871 1
1872 1
1873 1
1874 1
1875 1
1876 1
1877 0
1878 0
1879 2
1880 2
1881 1
1882 1
1883 1
1884 1
1885 1
1886 2
1887 0
1888 1
1889 1
1890 1
1891 2
1892 0
1893 0
1894 1
1895 0
1896 1
1897 0
1898 0
1899 0
1900 0
1901 1
1902 0
1903 0
1904 0
1905 0
1906 0
1907 1
1908 0
1909 1
1910 2
1911 0
1912 0
1913 1
1914 0
1915 1
1916 0
1917 1
1918 1
1919 1
1920 1
1921 1
1922 1
1923 0
1924 1
1925 1
1926 1
1927 1
1928 1
1929 0
1930 1
1931 1
1932 0
1933 0
1934 2
1935 1
1936 1
1937 1
1938 0
1939 1
1940 1
1941 1
1942 2
1943 0
1944 1
1945 0
1946 1
1947 1
1948 1
1949 0
1950 1
1951 1
1952 0
1953 0
1954 1
1955 1
1956 1
1957 0
1958 1
1959 1
1960 1
1961 1
1962 0
1963 1
1964 1
1965 1
1966 0
1967 1
1968 1
1969 0
1970 1
1971 0
1972 1
1973 0
1974 1
1975 0
1976 0
1977 1
1978 0
1979 1
1980 2
1981 0
1982 0
1983 2
1984 1
1985 1
1986 0
1987 1
1988 1
1989 0
1990 1
1991 1
1992 0
1993 0
1994 1
1995 1
1996 1
1997 1
1998 0
1999 1
