0 1
1 2
2 2
3 1
4 2
5 0
6 2
7 1
8 1
9 2
10 1
11 1
12 2
13 1
14 1
15 1
16 2
17 2
18 2
19 2
20 1
21 2
22 2
23 1
24 1
25 2
26 2
27 2
28 2
29 2
30 2
31 1
32 2
33 2
34 2
35 2
36 2
37 2
38 2
39 2
40 2
41 2
42 2
43 2
44 2
45 2
46 2
47 2
48 2
49 2
50 2
51 2
52 2
53 2
54 1
55 1
56 2
57 2
58 2
59 1
60 2
61 2
62 1
63 2
64 1
65 2
66 3
67 2
68 1
69 2
70 2
71 3
72 1
73 2
74 1
75 1
76 1
77 2
78 2
79 1
80 2
81 1
82 2
83 1
84 2
85 2
86 2
87 1
88 1
89 2
90 1
91 2
92 2
93 2
94 1
95 2
96 2
97 0
98 2
99 1
100 2
101 2
102 2
103 2
104 1
105 2
106 1
107 1
108 2
109 1
110 2
111 2
112 2
113 2
114 2
115 2
116 2
117 2
118 2
119 2
120 2
121 2
122 2
123 2
124 2
125 2
126 2
127 2
128 2
129 2
130 1
131 3
132 2
133 2
134 2
135 2
136 2
137 2
138 2
139 2
140 2
141 1
142 2
143 2
144 2
145 2
146 2
147 2
148 2
149 1
150 1
151 3
152 2
153 2
154 2
155 2
156 2
157 2
158 2
159 2
160 1
161 2
162 1
163 2
164 3
165 2
166 2
167 2
168 2
169 2
170 2
171 2
172 2
173 2
174 2
175 2
176 2
177 1
178 2
179 2
180 2
181 3
182 1
183 2
184 2
185 2
186 1
187 2
188 2
189 1
190 2
191 2
192 2
193 2
194 1
195 2
196 2
197 2
198 2
199 1
200 2
201 2
202 2
203 2
204 2
205 2
206 1
207 2
208 1
209 2
210 2
211 2
212 0
213 1
214 1
215 1
216 1
217 1
218 2
219 2
220 1
221 1
222 1
223 2
224 3
225 2
226 2
227 2
228 2
229 1
230 1
231 2
232 2
233 2
234 1
235 2
236 2
237 2
238 1
239 1
240 2
241 2
242 1
243 2
244 2
245 1
246 2
247 2
248 3
249 2
250 2
251 1
252 1
253 2
254 2
255 2
256 2
257 2
258 1
259 2
260 2
261 2
262 2
263 2
264 2
265 2
266 2
267 1
268 2
269 2
270 3
271 1
272 1
273 2
274 2
275 2
276 2
277 1
278 1
279 1
280 1
281 2
282 1
283 1
284 2
285 1
286 2
287 1
288 2
289 2
290 2
291 1
292 2
293 1
294 2
295 2
296 2
297 2
298 2
299 1
300 1
301 2
302 2
303 1
304 2
305 1
306 1
307 2
308 2
309 2
310 2
311 2
312 1
313 2
314 1
315 1
316 2
317 0
318 1
319 2
320 2
321 2
322 2
323 1
324 1
325 2
326 2
327 2
328 1
329 1
330 2
331 2
332 2
333 2
334 1
335 2
336 2
337 2
338 2
339 2
340 2
341 0
342 1
343 2
344 2
345 1
346 2
347 0
348 0
349 2
350 2
351 2
352 1
353 1
354 2
355 2
356 1
357 0
358 2
359 1
360 2
361 2
362 2
363 2
364 2
365 2
366 1
367 1
368 2
369 2
370 3
371 2
372 2
373 2
374 2
375 3
376 1
377 2
378 2
379 3
380 1
381 1
382 2
383 3
384 2
385 2
386 2
387 2
388 2
389 2
390 2
391 2
392 2
393 2
394 1
395 1
396 1
397 1
398 1
399 1
400 1
401 1
402 2
403 2
404 2
405 2
406 1
407 2
408 2
409 2
410 1
411 1
412 3
413 1
414 1
415 1
416 2
417 2
418 2
419 2
420 2
421 1
422 1
423 2
424 2
425 2
426 3
427 2
428 3
429 2
430 1
431 2
432 2
433 1
434 2
435 2
436 1
437 1
438 2
439 2
440 2
441 2
442 2
443 2
444 1
445 3
446 2
447 2
448 2
449 1
450 2
451 1
452 2
453 2
454 1
455 1
456 1
457 2
458 2
459 3
460 2
461 4
462 1
463 2
464 1
465 2
466 2
467 2
468 2
469 2
470 2
471 2
472 2
473 2
474 2
475 1
476 2
477 1
478 2
479 2
480 2
481 2
482 2
483 2
484 2
485 2
486 1
487 2
488 2
489 2
490 2
491 2
492 1
493 2
494 1
495 0
496 1
497 1
498 3
499 2
500 1
501 3
502 2
503 2
504 2
505 2
506 2
507 2
508 2
509 3
510 2
511 2
512 2
513 2
514 1
515 2
516 1
517 2
518 3
519 2
520 2
521 2
522 1
523 2
524 2
525 2
526 1
527 2
528 2
529 2
530 2
531 2
532 3
533 2
534 2
535 2
536 2
537 2
538 2
539 3
540 2
541 2
542 2
543 2
544 1
545 0
546 1
547 2
548 2
549 3
550 2
551 2
552 2
553 1
554 2
555 1
556 2
557 3
558 2
559 2
560 2
561 2
562 2
563 1
564 2
565 3
566 2
567 3
568 2
569 3
570 2
571 3
572 2
573 2
574 2
575 2
576 2
577 2
578 2
579 0
580 2
581 2
582 2
583 1
584 1
585 2
586 2
587 2
588 2
589 2
590 2
591 2
592 3
593 2
594 2
595 2
596 2
597 2
598 3
599 1
600 3
601 2
602 2
603 1
604 2
605 2
606 2
607 2
608 2
609 2
610 2
611 3
612 1
613 2
614 2
615 2
616 2
617 3
618 4
619 3
620 2
621 2
622 2
623 2
624 1
625 2
626 2
627 2
628 2
629 2
630 2
631 2
632 3
633 2
634 2
635 3
636 2
637 1
638 2
639 2
640 3
641 2
642 2
643 2
644 2
645 3
646 2
647 2
648 2
649 2
650 2
651 1
652 2
653 2
654 2
655 2
656 2
657 2
658 2
659 3
660 1
661 2
662 2
663 2
664 2
665 2
666 2
667 2
668 2
669 2
670 2
671 2
672 1
673 2
674 3
675 2
676 2
677 2
678 2
679 2
680 2
681 2
682 2
683 2
684 1
685 1
686 2
687 1
688 2
689 2
690 1
691 3
692 2
693 3
694 3
695 2
696 2
697 2
698 1
699 2
700 2
701 2
702 2
703 2
704 2
705 2
706 2
707 2
708 2
709 2
710 2
711 2
712 2
713 2
714 2
715 2
716 2
717 2
718 2
719 2
720 2
721 2
722 2
723 2
724 1
725 1
726 2
727 2
728 2
729 2
730 1
731 2
732 1
733 3
734 3
735 2
736 2
737 1
738 2
739 2
740 2
741 2
742 2
743 2
744 2
745 2
746 2
747 2
748 1
749 2
750 2
751 2
752 2
753 2
754 2
755 2
756 2
757 2
758 3
759 2
760 2
761 1
762 2
763 1
764 1
765 3
766 2
767 2
768 2
769 2
770 2
771 2
772 2
773 2
774 1
775 2
776 2
777 2
778 1
779 2
780 2
781 2
782 3
783 1
784 2
785 2
786 2
787 2
788 2
789 1
790 2
791 1
792 3
793 2
794 2
795 2
796 2
797 3
798 1
799 2
800 2
801 2
802 1
803 2
804 2
805 2
806 2
807 2
808 2
809 1
810 2
811 2
812 2
813 1
814 1
815 2
816 3
817 2
818 2
819 1
820 2
821 2
822 2
823 3
824 2
825 2
826 2
827 2
828 2
829 2
830 2
831 2
832 1
833 2
834 2
835 1
836 2
837 1
838 1
839 1
840 1
841 2
842 2
843 1
844 2
845 2
846 1
847 1
848 2
849 1
850 1
851 2
852 1
853 2
854 1
855 0
856 2
857 2
858 1
859 2
860 2
861 2
862 2
863 2
864 2
865 1
866 3
867 1
868 2
869 2
870 1
871 1
872 2
873 2
874 3
875 0
876 2
877 1
878 2
879 2
880 0
881 2
882 2
883 2
884 2
885 2
886 2
887 1
888 2
889 1
890 2
891 2
892 3
893 1
894 3
895 2
896 2
897 2
898 3
899 3
900 2
901 2
902 2
903 2
904 2
905 0
906 2
907 2
908 2
909 1
910 1
911 1
912 2
913 2
914 1
915 2
916 1
917 2
918 1
919 1
920 1
921 1
922 2
923 1
924 2
925 2
926 3
927 2
928 1
929 1
930 1
931 1
932 1
933 1
934 1
935 2
936 2
937 1
938 2
939 2
940 2
941 2
942 1
943 2
944 2
945 1
946 1
947 2
948 1
949 2
950 2
951 2
952 1
953 2
954 1
955 2
956 2
957 2
958 2
959 2
960 2
961 1
962 1
963 2
964 0
965 2
966 2
967 1
968 2
969 1
970 1
971 2
972 2
973 1
974 2
975 2
976 0
977 1
978 1
979 2
980 2
981 1
982 1
983 1
984 3
985 1
986 1
987 1
988 2
989 0
990 0
991 2
992 2
993 2
994 2
995 2
996 2
997 2
998 2
999 2
1000 1
1001 3
1002 2
1003 2
1004 2
1005 1
1006 2
1007 2
1008 2
1009 2
1010 3
1011 2
1012 2
1013 1
1014 3
1015 0
1016 1
1017 2
1018 1
1019 2
1020 2
1021 2
1022 2
1023 2
1024 2
1025 2
1026 2
1027 2
1028 1
1029 2
1030 2
1031 2
1032 2
1033 2
1034 1
1035 2
1036 1
1037 1
1038 0
1039 0
1040 0
1041 0
1042 0
1043 0
1044 0
1045 0
1046 1
1047 1
1048 0
1049 1
1050 1
1051 2
1052 1
1053 2
1054 2
1055 2
1056 2
1057 2
1058 1
1059 1
1060 2
1061 2
1062 2
1063 3
1064 2
1065 2
1066 1
1067 1
1068 1
1069 1
1070 1
1071 0
1072 0
1073 0
1074 0
1075 0
1076 0
1077 0
1078 0
1079 0
1080 0
1081 0
1082 0
1083 0
1084 0
1085 0
1086 0
1087 0
1088 0
1089 0
1090 0
1091 0
1092 0
1093 0
1094 0
1095 0
1096 0
1097 0
1098 0
1099 0
1100 0
1101 0
1102 0
1103 0
1104 0
1105 0
1106 0
1107 0
1108 0
1109 0
1110 0
1111 0
1112 0
1113 0
1114 0
1115 0
1116 0
1117 0
1118 0
1119 0
1120 0
1121 0
1122 0
1123 0
1124 0
1125 0
1126 0
1127 0
1128 0
1129 0
1130 0
1131 0
1132 0
1133 0
1134 0
1135 0
1136 0
1137 0
1138 0
1139 0
1140 0
1141 0
1142 0
1143 0
1144 0
1145 0
1146 0
1147 0
1148 0
1149 0
1150 0
1151 0
1152 0
1153 0
1154 0
1155 0
1156 0
1157 0
1158 0
1159 0
1160 0
1161 0
1162 0
1163 0
1164 0
1165 0
1166 0
1167 0
1168 0
1169 0
1170 0
1171 0
1172 0
1173 0
1174 0
1175 0
1176 0
1177 0
1178 1
1179 0
1180 0
1181 0
1182 0
1183 0
1184 0
1185 0
1186 0
1187 0
1188 0
1189 0
1190 0
1191 0
1192 0
1193 0
1194 1
1195 1
1196 1
1197 0
1198 0
1199 0
1200 0
1201 0
1202 0
1203 0
1204 0
1205 1
1206 0
1207 0
1208 0
1209 0
1210 0
1211 0
1212 0
1213 0
1214 0
1215 0
1216 0
1217 1
1218 1
1219 1
1220 1
1221 0
1222 1
1223 1
1224 1
1225 1
1226 1
1227 1
1228 1
1229 1
1230 1
1231 1
1232 1
1233 0
1234 1
1235 0
1236 1
1237 1
1238 1
1239 1
1240 0
1241 1
1242 1
1243 0
1244 0
1245 0
1246 0
1247 1
1248 1
1249 1
1250 1
1251 1
1252 1
1253 1
1254 1
1255 1
1256 1
1257 1
1258 1
1259 1
1260 0
1261 1
1262 1
1263 1
1264 1
1265 1
1266 1
1267 1
1268 1
1269 0
1270 1
1271 0
1272 1
1273 1
1274 1
1275 1
1276 1
1277 1
1278 1
1279 1
1280 1
1281 0
1282 0
1283 0
1284 1
1285 1
1286 1
1287 0
1288 0
1289 1
1290 0
1291 0
1292 1
1293 1
1294 0
1295 0
1296 0
1297 0
1298 0
1299 0
1300 1
1301 0
1302 0
1303 0
1304 0
1305 0
1306 0
1307 0
1308 0
1309 0
1310 0
1311 0
1312 0
1313 1
1314 1
1315 1
1316 2
1317 1
1318 1
1319 1
1320 1
1321 1
1322 1
1323 1
1324 1
1325 1
1326 0
1327 0
1328 0
1329 0
1330 0
1331 0
1332 0
1333 0
1334 0
1335 0
1336 0
1337 0
1338 0
1339 0
1340 0
1341 0
1342 0
1343 0
1344 0
1345 0
1346 0
1347 0
1348 0
1349 0
1350 0
1351 0
1352 0
1353 0
1354 0
1355 0
1356 0
1357 0
1358 0
1359 0
1360 0
1361 0
1362 0
1363 0
1364 0
1365 0
1366 0
1367 0
1368 0
1369 0
1370 0
1371 0
1372 0
1373 0
1374 0
1375 0
1376 0
1377 0
1378 0
1379 0
1380 0
1381 0
1382 0
1383 0
1384 0
1385 0
1386 0
1387 0
1388 0
1389 0
1390 0
1391 0
1392 0
1393 0
1394 0
1395 0
1396 0
1397 0
1398 0
1399 0
1400 0
1401 0
1402 0
1403 0
1404 0
1405 0
1406 0
1407 0
1408 0
1409 0
1410 0
1411 0
1412 0
1413 0
1414 0
1415 0
1416 0
1417 0
1418 0
1419 0
1420 0
1421 0
1422 0
1423 0
1424 0
1425 0
1426 0
1427 0
1428 0
1429 0
1430 0
1431 0
1432 0
1433 0
1434 0
1435 0
1436 0
1437 0
1438 0
1439 0
1440 0
1441 0
1442 0
1443 0
1444 0
1445 0
1446 0
1447 0
1448 0
1449 0
1450 0
1451 0
1452 0
1453 0
1454 0
1455 0
1456 0
1457 0
1458 0
1459 0
1460 0
1461 0
1462 0
1463 0
1464 0
1465 0
1466 0
1467 0
1468 0
1469 0
1470 0
1471 0
1472 0
1473 0
1474 0
1475 0
1476 0
1477 0
1478 0
1479 0
1480 0
1481 0
1482 0
1483 0
1484 0
1485 0
1486 0
1487 0
1488 0
1489 0
1490 0
1491 0
1492 0
1493 0
1494 0
1495 0
1496 0
1497 0
1498 0
1499 0
1500 0
1501 0
1502 0
1503 0
1504 0
1505 0
1506 0
1507 0
1508 0
1509 0
1510 0
1511 0
1512 0
1513 0
1514 0
1515 0
1516 0
1517 0
1518 0
1519 0
1520 0
1521 0
1522 0
1523 0
1524 0
1525 0
1526 0
1527 0
1528 0
1529 0
1530 0
1531 0
1532 0
1533 0
1534 0
1535 1
1536 0
1537 1
1538 0
1539 0
1540 0
1541 0
1542 0
1543 0
1544 1
1545 0
1546 0
1547 0
1548 0
1549 1
1550 0
1551 0
1552 0
1553 0
1554 0
1555 0
1556 0
1557 0
1558 0
1559 0
1560 0
1561 0
1562 0
1563 0
1564 0
1565 0
1566 0
1567 0
1568 0
1569 0
1570 1
1571 0
1572 0
1573 0
1574 0
1575 0
1576 0
1577 0
1578 0
1579 0
1580 0
1581 0
1582 0
1583 0
1584 0
1585 0
1586 1
1587 1
1588 0
1589 0
1590 0
1591 0
1592 0
1593 0
1594 0
1595 0
1596 0
1597 0
1598 1
1599 0
1600 1
1601 1
1602 1
1603 1
1604 0
1605 1
1606 1
1607 1
1608 1
1609 1
1610 1
1611 1
1612 0
1613 1
1614 1
1615 1
1616 0
1617 0
1618 1
1619 1
1620 1
1621 0
1622 0
1623 0
1624 0
1625 0
1626 0
1627 0
1628 0
1629 0
1630 0
1631 0
1632 0
1633 0
1634 0
1635 0
1636 0
1637 0
1638 0
1639 0
1640 0
1641 0
1642 0
1643 0
1644 0
1645 0
1646 0
1647 0
1648 0
1649 0
1650 0
1651 0
1652 0
1653 0
1654 1
1655 1
1656 2
1657 2
1658 1
1659 0
1660 2
1661 1
1662 0
1663 1
1664 0
1665 0
1666 0
1667 0
1668 1
1669 1
1670 0
1671 1
1672 1
1673 1
1674 1
1675 1
1676 1
1677 1
1678 1
1679 0
1680 0
1681 1
1682 1
1683 1
1684 1
1685 1
1686 1
1687 1
1688 1
1689 2
1690 1
1691 1
1692 0
1693 0
1694 1
1695 1
1696 0
1697 1
1698 1
1699 1
1700 0
1701 1
1702 0
1703 2
1704 1
1705 1
1706 0
1707 1
1708 0
1709 1
1710 1
1711 1
1712 0
1713 1
1714 1
1715 1
1716 0
1717 1
1718 1
1719 1
1720 1
1721 1
1722 0
1723 0
1724 0
1725 1
1726 1
1727 1
1728 0
1729 1
1730 0
1731 0
1732 0
1733 1
1734 1
1735 1
1736 1
1737 0
1738 0
1739 0
1740 1
1741 1
1742 1
1743 1
1744 1
1745 0
1746 1
1747 0
1748 0
1749 1
1750 0
1751 0
1752 0
1753 0
1754 0
1755 0
1756 0
1757 1
1758 1
1759 1
1760 1
1761 1
1762 1
1763 1
1764 1
1765 0
1766 0
1767 0
1768 0
1769 0
1770 0
1771 0
1772 1
1773 0
1774 1
1775 0
1776 0
1777 0
1778 0
1779 0
1780 0
1781 0
1782 0
1783 0
1784 0
1785 0
1786 1
1787 0
1788 1
1789 1
1790 2
1791 0
1792 0
1793 1
1794 0
1795 0
1796 1
1797 0
1798 1
1799 0
1800 0
1801 0
1802 0
1803 0
1804 0
1805 0
1806 0
1807 0
1808 0
1809 0
1810 0
1811 1
1812 0
1813 0
1814 0
1815 0
1816 0
1817 0
1818 0
1819 1
1820 0
1821 0
1822 1
1823 0
1824 0
1825 0
1826 1
1827 0
1828 0
1829 0
1830 0
1831 1
1832 0
1833 0
1834 0
1835 0
1836 0
1837 0
1838 1
1839 0
1840 0
1841 0
1842 0
1843 0
1844 0
1845 0
1846 0
1847 0
1848 0
1849 0
1850 0
1851 0
1852 0
1853 0
1854 0
1855 0
1856 0
1857 0
1858 0
1859 0
1860 0
1861 0
1862 0
1863 0
1864 0
1865 0
1866 0
1867 0
1868 0
1869 0
1870 0
1871 0
1872 0
1873 0
1874 0
1875 0
1876 0
1877 0
1878 0
1879 0
1880 0
1881 1
1882 0
1883 0
1884 1
1885 0
1886 0
1887 0
1888 0
1889 0
1890 0
1891 0
1892 0
1893 0
1894 0
1895 0
1896 0
1897 0
1898 0
1899 0
1900 0
1901 0
1902 0
1903 0
1904 0
1905 0
1906 0
1907 0
1908 1
1909 0
1910 0
1911 0
1912 0
1913 0
1914 0
1915 0
1916 0
1917 0
1918 0
1919 0
1920 0
1921 0
1922 0
1923 1
1924 0
1925 0
1926 0
1927 0
1928 0
1929 0
1930 0
1931 0
1932 0
1933 0
1934 0
1935 0
1936 0
1937 0
1938 0
1939 0
1940 0
1941 0
1942 0
1943 0
1944 0
1945 0
1946 0
1947 1
1948 0
1949 0
1950 0
1951 0
1952 0
1953 0
1954 0
1955 0
1956 1
1957 1
1958 0
1959 0
1960 0
1961 0
1962 0
1963 1
1964 0
1965 0
1966 0
1967 0
1968 0
1969 0
1970 0
1971 0
1972 0
1973 0
1974 0
1975 0
1976 0
1977 0
1978 0
1979 0
1980 0
1981 0
1982 0
1983 0
1984 0
1985 0
1986 0
1987 0
1988 1
1989 0
1990 0
1991 0
1992 0
1993 0
1994 1
1995 0
1996 0
1997 0
1998 0
1999 0
