0 1
1 1
2 0
3 0
4 1
5 0
6 0
7 0
8 1
9 0
10 0
11 0
12 0
13 0
14 0
15 0
16 1
17 2
18 1
19 1
20 1
21 1
22 1
23 2
24 1
25 1
26 1
27 0
28 2
29 0
30 1
31 0
32 0
33 0
34 0
35 0
36 0
37 0
38 0
39 0
40 0
41 0
42 0
43 0
44 0
45 0
46 0
47 0
48 1
49 0
50 0
51 0
52 0
53 1
54 0
55 0
56 1
57 0
58 0
59 1
60 1
61 0
62 0
63 1
64 1
65 1
66 1
67 1
68 1
69 0
70 1
71 1
72 1
73 1
74 1
75 1
76 1
77 1
78 2
79 0
80 2
81 2
82 0
83 1
84 1
85 1
86 1
87 1
88 1
89 1
90 2
91 1
92 1
93 1
94 2
95 1
96 1
97 1
98 2
99 1
100 0
101 1
102 1
103 1
104 1
105 1
106 1
107 1
108 0
109 0
110 0
111 1
112 1
113 1
114 1
115 1
116 1
117 0
118 1
119 2
120 0
121 1
122 1
123 2
124 1
125 1
126 1
127 1
128 1
129 1
130 1
131 1
132 1
133 3
134 1
135 1
136 1
137 1
138 1
139 1
140 1
141 1
142 1
143 1
144 1
145 1
146 2
147 1
148 1
149 2
150 2
151 1
152 1
153 1
154 3
155 0
156 1
157 2
158 1
159 2
160 2
161 0
162 1
163 1
164 1
165 1
166 1
167 2
168 1
169 1
170 1
171 1
172 1
173 0
174 1
175 0
176 0
177 2
178 2
179 2
180 2
181 2
182 1
183 0
184 1
185 1
186 1
187 2
188 0
189 0
190 2
191 1
192 3
193 1
194 0
195 1
196 3
197 2
198 2
199 0
200 2
201 2
202 1
203 1
204 2
205 0
206 2
207 2
208 1
209 2
210 1
211 1
212 1
213 2
214 1
215 2
216 1
217 1
218 1
219 1
220 1
221 2
222 1
223 2
224 1
225 1
226 1
227 3
228 1
229 2
230 1
231 1
232 0
233 1
234 3
235 3
236 2
237 2
238 1
239 1
240 1
241 0
242 0
243 0
244 0
245 2
246 0
247 1
248 0
249 0
250 0
251 0
252 0
253 0
254 0
255 0
256 1
257 1
258 0
259 0
260 1
261 2
262 1
263 1
264 1
265 1
266 0
267 1
268 0
269 0
270 0
271 0
272 0
273 0
274 0
275 0
276 0
277 0
278 0
279 0
280 0
281 0
282 0
283 0
284 0
285 0
286 0
287 0
288 0
289 0
290 0
291 0
292 0
293 0
294 0
295 0
296 0
297 0
298 0
299 0
300 0
301 0
302 0
303 0
304 0
305 0
306 0
307 0
308 1
309 0
310 0
311 0
312 0
313 0
314 0
315 0
316 0
317 2
318 1
319 3
320 2
321 0
322 1
323 0
324 0
325 0
326 0
327 0
328 0
329 0
330 0
331 0
332 0
333 0
334 0
335 0
336 0
337 0
338 0
339 0
340 0
341 0
342 0
343 0
344 0
345 0
346 0
347 0
348 0
349 0
350 0
351 0
352 0
353 0
354 0
355 0
356 0
357 0
358 0
359 0
360 1
361 1
362 0
363 1
364 2
365 1
366 1
367 0
368 0
369 1
370 0
371 3
372 1
373 2
374 0
375 0
376 1
377 1
378 1
379 1
380 0
381 0
382 2
383 1
384 0
385 1
386 0
387 0
388 0
389 0
390 0
391 0
392 0
393 0
394 0
395 0
396 0
397 0
398 0
399 0
400 0
401 0
402 0
403 0
404 0
405 0
406 0
407 0
408 0
409 0
410 0
411 0
412 0
413 0
414 0
415 0
416 0
417 0
418 0
419 0
420 0
421 0
422 0
423 0
424 0
425 0
426 0
427 0
428 0
429 0
430 0
431 0
432 0
433 0
434 0
435 0
436 0
437 0
438 0
439 0
440 0
441 0
442 0
443 0
444 0
445 0
446 0
447 0
448 0
449 0
450 0
451 0
452 0
453 0
454 0
455 0
456 0
457 0
458 0
459 0
460 0
461 0
462 0
463 0
464 0
465 0
466 0
467 0
468 0
469 0
470 0
471 0
472 0
473 0
474 0
475 0
476 0
477 0
478 0
479 0
480 0
481 0
482 0
483 0
484 0
485 0
486 0
487 0
488 0
489 0
490 0
491 0
492 0
493 0
494 0
495 0
496 0
497 0
498 0
499 0
500 0
501 0
502 0
503 0
504 0
505 0
506 0
507 0
508 0
509 0
510 0
511 0
512 0
513 1
514 3
515 0
516 0
517 2
518 2
519 2
520 1
521 2
522 0
523 0
524 1
525 1
526 0
527 0
528 1
529 2
530 1
531 1
532 0
533 3
534 0
535 0
536 0
537 1
538 2
539 0
540 0
541 2
542 2
543 1
544 2
545 2
546 3
547 1
548 0
549 1
550 0
551 1
552 3
553 2
554 0
555 1
556 0
557 2
558 2
559 1
560 1
561 1
562 1
563 1
564 2
565 1
566 1
567 0
568 1
569 1
570 3
571 2
572 2
573 1
574 2
575 1
576 1
577 2
578 2
579 2
580 2
581 1
582 1
583 1
584 1
585 1
586 1
587 1
588 1
589 0
590 0
591 0
592 0
593 0
594 0
595 0
596 0
597 0
598 0
599 2
600 0
601 0
602 1
603 1
604 1
605 0
606 1
607 0
608 0
609 0
610 0
611 2
612 1
613 1
614 1
615 1
616 0
617 1
618 0
619 0
620 0
621 0
622 2
623 0
624 1
625 0
626 1
627 2
628 0
629 0
630 0
631 0
632 0
633 0
634 0
635 1
636 0
637 1
638 2
639 1
640 0
641 1
642 1
643 0
644 0
645 1
646 2
647 1
648 0
649 1
650 1
651 1
652 0
653 1
654 0
655 0
656 0
657 0
658 1
659 0
660 1
661 0
662 0
663 1
664 2
665 1
666 1
667 0
668 0
669 0
670 0
671 1
672 1
673 2
674 1
675 1
676 2
677 0
678 2
679 3
680 2
681 0
682 2
683 1
684 2
685 1
686 1
687 2
688 1
689 0
690 1
691 1
692 1
693 1
694 0
695 1
696 0
697 0
698 0
699 0
700 2
701 0
702 2
703 1
704 1
705 1
706 0
707 0
708 1
709 1
710 0
711 1
712 1
713 2
714 3
715 1
716 1
717 1
718 1
719 1
720 1
721 0
722 1
723 1
724 0
725 2
726 1
727 3
728 0
729 0
730 1
731 2
732 2
733 1
734 1
735 2
736 1
737 1
738 3
739 2
740 1
741 0
742 2
743 1
744 1
745 2
746 1
747 3
748 1
749 1
750 0
751 0
752 1
753 1
754 1
755 3
756 0
757 1
758 1
759 2
760 0
761 1
762 0
763 0
764 1
765 2
766 2
767 1
768 1
769 1
770 2
771 1
772 2
773 1
774 1
775 0
776 1
777 1
778 2
779 2
780 1
781 0
782 0
783 1
784 0
785 1
786 1
787 1
788 3
789 1
790 3
791 0
792 2
793 0
794 1
795 1
796 1
797 0
798 0
799 2
800 0
801 0
802 0
803 0
804 1
805 1
806 2
807 1
808 3
809 1
810 2
811 0
812 1
813 0
814 0
815 1
816 0
817 0
818 0
819 0
820 0
821 0
822 2
823 0
824 1
825 0
826 0
827 0
828 0
829 1
830 0
831 0
832 0
833 0
834 0
835 0
836 0
837 0
838 0
839 0
840 1
841 1
842 0
843 0
844 1
845 0
846 0
847 2
848 1
849 0
850 0
851 0
852 0
853 0
854 0
855 0
856 0
857 0
858 0
859 0
860 0
861 0
862 0
863 0
864 0
865 0
866 0
867 0
868 0
869 0
870 0
871 0
872 0
873 0
874 0
875 0
876 0
877 0
878 0
879 1
880 2
881 0
882 1
883 1
884 1
885 0
886 0
887 0
888 0
889 1
890 0
891 1
892 0
893 0
894 0
895 0
896 0
897 1
898 0
899 0
900 0
901 0
902 0
903 0
904 0
905 0
906 0
907 0
908 0
909 1
910 0
911 0
912 0
913 0
914 1
915 1
916 1
917 1
918 3
919 0
920 0
921 1
922 2
923 0
924 0
925 0
926 0
927 0
928 0
929 0
930 1
931 0
932 0
933 0
934 0
935 1
936 0
937 1
938 1
939 2
940 3
941 1
942 1
943 1
944 1
945 0
946 1
947 0
948 0
949 3
950 2
951 0
952 0
953 0
954 0
955 0
956 1
957 0
958 0
959 0
960 1
961 0
962 0
963 0
964 0
965 0
966 0
967 0
968 0
969 0
970 0
971 0
972 0
973 0
974 0
975 0
976 0
977 0
978 0
979 0
980 0
981 0
982 0
983 0
984 1
985 1
986 1
987 0
988 0
989 0
990 0
991 0
992 0
993 1
994 1
995 0
996 1
997 0
998 0
999 1
1000 1
1001 1
1002 1
1003 1
1004 1
1005 1
1006 0
1007 0
1008 0
1009 0
1010 0
1011 0
1012 0
1013 0
1014 0
1015 0
1016 0
1017 0
1018 0
1019 0
1020 0
1021 0
1022 0
1023 0
1024 0
1025 0
1026 0
1027 0
1028 0
1029 0
1030 0
1031 0
1032 0
1033 0
1034 0
1035 0
1036 0
1037 0
1038 0
1039 0
1040 0
1041 0
1042 0
1043 0
1044 0
1045 0
1046 0
1047 0
1048 0
1049 2
1050 1
1051 1
1052 0
1053 1
1054 2
1055 3
1056 0
1057 2
1058 1
1059 0
1060 1
1061 0
1062 0
1063 0
1064 0
1065 0
1066 0
1067 0
1068 0
1069 0
1070 0
1071 2
1072 1
1073 0
1074 0
1075 0
1076 0
1077 0
1078 0
1079 1
1080 1
1081 0
1082 0
1083 2
1084 0
1085 1
1086 1
1087 2
1088 0
1089 1
1090 1
1091 0
1092 1
1093 1
1094 1
1095 1
1096 0
1097 0
1098 0
1099 1
1100 3
1101 1
1102 1
1103 1
1104 1
1105 2
1106 0
1107 0
1108 1
1109 1
1110 0
1111 0
1112 0
1113 0
1114 0
1115 0
1116 0
1117 0
1118 1
1119 0
1120 0
1121 1
1122 0
1123 0
1124 0
1125 0
1126 0
1127 0
1128 0
1129 1
1130 1
1131 0
1132 1
1133 0
1134 0
1135 0
1136 1
1137 0
1138 0
1139 0
1140 0
1141 0
1142 0
1143 0
1144 0
1145 0
1146 0
1147 0
1148 0
1149 0
1150 0
1151 0
1152 0
1153 0
1154 0
1155 0
1156 0
1157 0
1158 0
1159 0
1160 0
1161 0
1162 0
1163 0
1164 0
1165 0
1166 0
1167 0
1168 0
1169 0
1170 0
1171 0
1172 0
1173 0
1174 0
1175 0
1176 0
1177 0
1178 0
1179 0
1180 0
1181 0
1182 0
1183 0
1184 0
1185 0
1186 0
1187 0
1188 0
1189 0
1190 0
1191 0
1192 0
1193 0
1194 0
1195 0
1196 0
1197 0
1198 0
1199 0
1200 0
1201 0
1202 0
1203 0
1204 0
1205 0
1206 0
1207 0
1208 0
1209 0
1210 0
1211 0
1212 0
1213 0
1214 0
1215 0
1216 0
1217 0
1218 0
1219 0
1220 0
1221 0
1222 0
1223 0
1224 0
1225 0
1226 0
1227 0
1228 0
1229 0
1230 0
1231 0
1232 0
1233 0
1234 0
1235 0
1236 0
1237 0
1238 0
1239 0
1240 0
1241 0
1242 0
1243 0
1244 0
1245 0
1246 0
1247 0
1248 0
1249 0
1250 0
1251 0
1252 0
1253 0
1254 0
1255 0
1256 0
1257 0
1258 0
1259 0
1260 0
1261 0
1262 0
1263 0
1264 0
1265 0
1266 0
1267 0
1268 0
1269 0
1270 0
1271 0
1272 0
1273 0
1274 0
1275 0
1276 0
1277 0
1278 0
1279 0
1280 0
1281 0
1282 0
1283 0
1284 0
1285 0
1286 0
1287 0
1288 0
1289 0
1290 0
1291 0
1292 0
1293 0
1294 0
1295 0
1296 0
1297 0
1298 0
1299 0
1300 0
1301 0
1302 0
1303 0
1304 0
1305 0
1306 0
1307 0
1308 0
1309 0
1310 0
1311 0
1312 0
1313 0
1314 0
1315 0
1316 0
1317 0
1318 0
1319 0
1320 0
1321 0
1322 0
1323 0
1324 0
1325 1
1326 2
1327 1
1328 1
1329 2
1330 1
1331 0
1332 0
1333 0
1334 0
1335 0
1336 0
1337 0
1338 0
1339 1
1340 1
1341 2
1342 0
1343 0
1344 0
1345 0
1346 0
1347 1
1348 1
1349 0
1350 0
1351 0
1352 2
1353 2
1354 1
1355 0
1356 0
1357 0
1358 0
1359 0
1360 0
1361 0
1362 0
1363 0
1364 0
1365 0
1366 0
1367 0
1368 0
1369 0
1370 1
1371 1
1372 1
1373 2
1374 1
1375 1
1376 1
1377 2
1378 1
1379 1
1380 0
1381 1
1382 1
1383 0
1384 0
1385 0
1386 0
1387 0
1388 1
1389 0
1390 0
1391 0
1392 0
1393 0
1394 0
1395 0
1396 0
1397 0
1398 0
1399 0
1400 0
1401 0
1402 0
1403 0
1404 0
1405 0
1406 0
1407 0
1408 0
1409 0
1410 0
1411 0
1412 0
1413 0
1414 0
1415 0
1416 0
1417 0
1418 0
1419 0
1420 0
1421 0
1422 0
1423 0
1424 0
1425 0
1426 0
1427 0
1428 0
1429 0
1430 0
1431 0
1432 0
1433 0
1434 0
1435 0
1436 1
1437 0
1438 0
1439 0
1440 0
1441 0
1442 2
1443 1
1444 0
1445 0
1446 0
1447 0
1448 1
1449 1
1450 1
1451 1
1452 1
1453 0
1454 0
1455 1
1456 0
1457 0
1458 1
1459 0
1460 1
1461 1
1462 1
1463 0
1464 1
1465 0
1466 0
1467 0
1468 0
1469 0
1470 0
1471 0
1472 0
1473 0
1474 0
1475 0
1476 0
1477 0
1478 0
1479 0
1480 0
1481 0
1482 0
1483 0
1484 0
1485 0
1486 0
1487 1
1488 1
1489 0
1490 0
1491 0
1492 0
1493 0
1494 0
1495 1
1496 0
1497 0
1498 0
1499 0
1500 0
1501 0
1502 0
1503 0
1504 0
1505 0
1506 0
1507 1
1508 1
1509 0
1510 0
1511 1
1512 0
1513 0
1514 0
1515 0
1516 0
1517 0
1518 0
1519 0
1520 0
1521 0
1522 0
1523 0
1524 0
1525 0
1526 0
1527 0
1528 0
1529 1
1530 0
1531 0
1532 0
1533 0
1534 0
1535 1
1536 0
1537 1
1538 0
1539 0
1540 0
1541 1
1542 0
1543 0
1544 0
1545 0
1546 0
1547 1
1548 0
1549 0
1550 1
1551 0
1552 0
1553 0
1554 0
1555 1
1556 0
1557 0
1558 0
1559 0
1560 0
1561 0
1562 1
1563 0
1564 1
1565 1
1566 0
1567 1
1568 2
1569 1
1570 1
1571 0
1572 1
1573 4
1574 2
1575 2
1576 3
1577 3
1578 1
1579 0
1580 1
1581 2
1582 1
1583 1
1584 2
1585 1
1586 1
1587 1
1588 2
1589 3
1590 0
1591 0
1592 2
1593 1
1594 3
1595 2
1596 2
1597 1
1598 2
1599 1
1600 3
1601 2
1602 1
1603 2
1604 2
1605 0
1606 2
1607 2
1608 2
1609 3
1610 2
1611 3
1612 1
1613 1
1614 2
1615 1
1616 3
1617 1
1618 2
1619 2
1620 2
1621 1
1622 2
1623 0
1624 3
1625 0
1626 3
1627 0
1628 0
1629 1
1630 1
1631 1
1632 3
1633 3
1634 1
1635 2
1636 1
1637 1
1638 3
1639 1
1640 2
1641 1
1642 1
1643 1
1644 0
1645 0
1646 0
1647 2
1648 1
1649 0
1650 1
1651 1
1652 0
1653 2
1654 1
1655 1
1656 1
1657 1
1658 1
1659 1
1660 1
1661 1
1662 1
1663 1
1664 1
1665 0
1666 0
1667 0
1668 0
1669 1
1670 1
1671 1
1672 2
1673 1
1674 1
1675 1
1676 2
1677 2
1678 0
1679 2
1680 1
1681 2
1682 2
1683 2
1684 2
1685 0
1686 2
1687 1
1688 1
1689 1
1690 1
1691 0
1692 0
1693 1
1694 0
1695 1
1696 0
1697 1
1698 1
1699 1
1700 0
1701 1
1702 1
1703 1
1704 1
1705 1
1706 1
1707 2
1708 1
1709 0
1710 0
1711 0
1712 1
1713 0
1714 0
1715 0
1716 1
1717 0
1718 2
1719 1
1720 0
1721 0
1722 0
1723 0
1724 0
1725 1
1726 0
1727 0
1728 0
1729 0
1730 0
1731 0
1732 1
1733 0
1734 1
1735 0
1736 1
1737 1
1738 0
1739 0
1740 0
1741 0
1742 0
1743 0
1744 0
1745 0
1746 0
1747 0
1748 0
1749 0
1750 0
1751 0
1752 0
1753 0
1754 1
1755 1
1756 0
1757 0
1758 0
1759 0
1760 0
1761 0
1762 0
1763 1
1764 1
1765 0
1766 0
1767 0
1768 0
1769 0
1770 0
1771 0
1772 0
1773 0
1774 0
1775 0
1776 0
1777 0
1778 0
1779 0
1780 0
1781 0
1782 0
1783 0
1784 0
1785 0
1786 0
1787 0
1788 0
1789 0
1790 0
1791 0
1792 0
1793 2
1794 0
1795 1
1796 0
1797 0
1798 0
1799 0
1800 0
1801 0
1802 0
1803 0
1804 0
1805 0
1806 0
1807 0
1808 0
1809 0
1810 0
1811 0
1812 0
1813 0
1814 0
1815 0
1816 0
1817 0
1818 0
1819 0
1820 0
1821 0
1822 0
1823 0
1824 0
1825 0
1826 0
1827 0
1828 0
1829 0
1830 0
1831 0
1832 0
1833 0
1834 0
1835 0
1836 0
1837 1
1838 0
1839 1
1840 0
1841 0
1842 2
1843 1
1844 1
1845 2
1846 2
1847 2
1848 3
1849 1
1850 2
1851 1
1852 2
1853 0
1854 0
1855 1
1856 2
1857 1
1858 1
1859 1
1860 1
1861 2
1862 1
1863 2
1864 1
1865 2
1866 1
1867 2
1868 3
1869 2
1870 1
1871 2
1872 2
1873 1
1874 1
1875 1
1876 2
1877 0
1878 2
1879 3
1880 1
1881 1
1882 1
1883 1
1884 1
1885 1
1886 2
1887 0
1888 1
1889 1
1890 1
1891 0
1892 1
1893 1
1894 1
1895 0
1896 2
1897 2
1898 2
1899 1
1900 1
1901 1
1902 1
1903 2
1904 1
1905 2
1906 4
1907 1
1908 2
1909 2
1910 2
1911 3
1912 2
1913 1
1914 1
1915 1
1916 1
1917 2
1918 1
1919 2
1920 1
1921 2
1922 1
1923 1
1924 2
1925 1
1926 1
1927 1
1928 2
1929 0
1930 0
1931 1
1932 1
1933 2
1934 0
1935 2
1936 2
1937 2
1938 0
1939 2
1940 0
1941 2
1942 2
1943 1
1944 2
1945 2
1946 2
1947 0
1948 3
1949 0
1950 0
1951 1
1952 0
1953 1
1954 1
1955 1
1956 1
1957 0
1958 1
1959 1
1960 1
1961 2
1962 2
1963 3
1964 1
1965 2
1966 1
1967 1
1968 1
1969 0
1970 2
1971 0
1972 2
1973 1
1974 1
1975 1
1976 1
1977 2
1978 0
1979 1
1980 1
1981 2
1982 0
1983 1
1984 1
1985 1
1986 0
1987 0
1988 0
1989 1
1990 0
1991 1
1992 0
1993 2
1994 0
1995 1
1996 2
1997 0
1998 0
1999 2
