0 0
1 0
2 0
3 0
4 0
5 0
6 0
7 0
8 0
9 0
10 0
11 0
12 0
13 0
14 0
15 0
16 0
17 0
18 0
19 0
20 0
21 0
22 0
23 0
24 0
25 0
26 0
27 0
28 0
29 0
30 0
31 0
32 0
33 0
34 0
35 0
36 0
37 0
38 0
39 0
40 0
41 0
42 0
43 0
44 0
45 0
46 0
47 0
48 0
49 0
50 0
51 0
52 0
53 0
54 0
55 0
56 0
57 0
58 0
59 0
60 0
61 0
62 0
63 0
64 0
65 0
66 0
67 0
68 0
69 1
70 1
71 1
72 1
73 0
74 1
75 0
76 0
77 0
78 0
79 0
80 0
81 0
82 0
83 1
84 0
85 0
86 0
87 0
88 0
89 1
90 0
91 1
92 0
93 0
94 0
95 0
96 0
97 0
98 0
99 0
100 0
101 0
102 0
103 0
104 0
105 0
106 0
107 0
108 0
109 0
110 0
111 0
112 0
113 0
114 0
115 0
116 0
117 0
118 0
119 0
120 0
121 0
122 0
123 0
124 0
125 0
126 0
127 0
128 0
129 0
130 0
131 0
132 0
133 0
134 0
135 0
136 0
137 0
138 0
139 0
140 0
141 0
142 0
143 0
144 0
145 0
146 0
147 0
148 0
149 0
150 0
151 0
152 0
153 0
154 0
155 0
156 0
157 0
158 0
159 0
160 0
161 0
162 0
163 0
164 0
165 0
166 0
167 0
168 0
169 0
170 0
171 0
172 0
173 0
174 0
175 0
176 0
177 0
178 0
179 0
180 0
181 0
182 0
183 0
184 0
185 0
186 0
187 0
188 0
189 0
190 0
191 0
192 0
193 0
194 0
195 0
196 0
197 0
198 0
199 0
200 0
201 0
202 0
203 0
204 0
205 0
206 0
207 1
208 1
209 1
210 0
211 0
212 0
213 0
214 0
215 0
216 0
217 0
218 0
219 0
220 0
221 0
222 0
223 0
224 0
225 0
226 0
227 0
228 0
229 0
230 0
231 1
232 1
233 0
234 0
235 0
236 0
237 0
238 0
239 0
240 0
241 0
242 0
243 0
244 0
245 0
246 0
247 0
248 0
249 0
250 0
251 0
252 0
253 0
254 0
255 0
256 0
257 0
258 0
259 0
260 0
261 0
262 0
263 0
264 0
265 0
266 0
267 0
268 0
269 0
270 0
271 0
272 0
273 0
274 0
275 0
276 0
277 0
278 0
279 0
280 0
281 0
282 0
283 0
284 0
285 0
286 0
287 0
288 0
289 0
290 0
291 0
292 0
293 0
294 0
295 0
296 0
297 0
298 1
299 0
300 0
301 0
302 0
303 0
304 0
305 0
306 0
307 0
308 0
309 0
310 0
311 0
312 0
313 0
314 0
315 0
316 0
317 0
318 0
319 0
320 0
321 0
322 0
323 0
324 0
325 0
326 0
327 0
328 0
329 0
330 0
331 0
332 0
333 0
334 0
335 0
336 0
337 0
338 0
339 0
340 0
341 0
342 0
343 0
344 0
345 0
346 0
347 0
348 0
349 0
350 0
351 0
352 0
353 0
354 0
355 0
356 0
357 0
358 0
359 0
360 0
361 1
362 1
363 0
364 0
365 0
366 0
367 0
368 0
369 0
370 0
371 0
372 0
373 0
374 0
375 0
376 0
377 0
378 0
379 0
380 0
381 0
382 0
383 0
384 0
385 0
386 0
387 0
388 0
389 0
390 0
391 0
392 0
393 0
394 0
395 0
396 0
397 0
398 0
399 0
400 0
401 0
402 0
403 0
404 0
405 0
406 0
407 0
408 0
409 0
410 0
411 0
412 0
413 0
414 0
415 0
416 0
417 0
418 0
419 0
420 0
421 0
422 0
423 0
424 0
425 0
426 0
427 0
428 0
429 0
430 0
431 0
432 0
433 0
434 0
435 0
436 0
437 0
438 0
439 0
440 0
441 0
442 0
443 0
444 0
445 0
446 0
447 0
448 0
449 0
450 0
451 0
452 0
453 0
454 0
455 0
456 0
457 0
458 0
459 0
460 0
461 0
462 0
463 0
464 0
465 0
466 0
467 0
468 0
469 0
470 0
471 0
472 0
473 0
474 0
475 0
476 0
477 0
478 0
479 0
480 0
481 0
482 0
483 0
484 0
485 0
486 0
487 0
488 0
489 0
490 0
491 0
492 0
493 0
494 0
495 0
496 0
497 0
498 0
499 0
500 0
501 0
502 0
503 0
504 0
505 0
506 0
507 0
508 0
509 0
510 0
511 0
512 0
513 0
514 0
515 0
516 0
517 0
518 0
519 0
520 0
521 0
522 0
523 0
524 0
525 0
526 0
527 0
528 0
529 0
530 0
531 0
532 0
533 0
534 0
535 0
536 0
537 0
538 0
539 0
540 0
541 0
542 0
543 0
544 0
545 0
546 0
547 0
548 0
549 0
550 0
551 0
552 0
553 0
554 0
555 0
556 0
557 0
558 0
559 0
560 0
561 0
562 0
563 0
564 0
565 0
566 0
567 0
568 0
569 0
570 0
571 0
572 0
573 0
574 0
575 0
576 0
577 0
578 0
579 0
580 0
581 0
582 0
583 0
584 0
585 0
586 0
587 0
588 0
589 0
590 0
591 0
592 0
593 0
594 0
595 0
596 0
597 0
598 0
599 0
600 0
601 0
602 0
603 0
604 0
605 0
606 0
607 0
608 0
609 0
610 0
611 0
612 0
613 0
614 0
615 0
616 0
617 0
618 0
619 0
620 0
621 0
622 0
623 0
624 0
625 0
626 0
627 0
628 0
629 0
630 0
631 0
632 0
633 0
634 0
635 0
636 0
637 0
638 0
639 0
640 0
641 0
642 0
643 0
644 0
645 0
646 0
647 0
648 0
649 0
650 0
651 0
652 0
653 0
654 0
655 0
656 0
657 0
658 1
659 1
660 1
661 1
662 1
663 1
664 0
665 0
666 0
667 0
668 0
669 0
670 0
671 0
672 0
673 0
674 0
675 0
676 0
677 0
678 0
679 0
680 0
681 0
682 0
683 0
684 0
685 0
686 0
687 0
688 0
689 0
690 0
691 0
692 0
693 0
694 0
695 0
696 0
697 0
698 0
699 0
700 0
701 0
702 0
703 0
704 0
705 0
706 0
707 0
708 0
709 0
710 0
711 0
712 0
713 0
714 0
715 0
716 0
717 0
718 0
719 0
720 0
721 0
722 0
723 0
724 0
725 0
726 0
727 0
728 0
729 0
730 0
731 0
732 0
733 0
734 0
735 0
736 0
737 0
738 0
739 0
740 0
741 0
742 0
743 0
744 0
745 0
746 0
747 0
748 0
749 0
750 0
751 0
752 0
753 0
754 0
755 0
756 0
757 0
758 0
759 0
760 0
761 0
762 0
763 0
764 0
765 0
766 0
767 0
768 0
769 0
770 0
771 0
772 0
773 0
774 0
775 0
776 0
777 0
778 0
779 0
780 0
781 0
782 0
783 0
784 0
785 0
786 0
787 0
788 0
789 0
790 0
791 0
792 0
793 0
794 0
795 0
796 0
797 0
798 0
799 0
800 0
801 0
802 0
803 0
804 0
805 0
806 0
807 0
808 0
809 0
810 0
811 0
812 0
813 0
814 0
815 0
816 0
817 0
818 0
819 0
820 0
821 0
822 0
823 0
824 0
825 0
826 0
827 0
828 0
829 0
830 0
831 0
832 0
833 0
834 0
835 0
836 0
837 0
838 0
839 0
840 0
841 0
842 0
843 0
844 0
845 0
846 0
847 0
848 0
849 0
850 0
851 0
852 0
853 0
854 0
855 0
856 0
857 0
858 0
859 0
860 0
861 0
862 0
863 0
864 0
865 0
866 0
867 0
868 0
869 0
870 0
871 0
872 0
873 0
874 0
875 0
876 0
877 0
878 0
879 0
880 0
881 0
882 0
883 0
884 0
885 0
886 0
887 0
888 0
889 0
890 0
891 0
892 0
893 0
894 0
895 0
896 0
897 0
898 0
899 0
900 0
901 0
902 0
903 0
904 0
905 0
906 0
907 0
908 0
909 0
910 0
911 0
912 0
913 0
914 0
915 0
916 0
917 0
918 0
919 0
920 0
921 0
922 0
923 0
924 0
925 0
926 0
927 0
928 0
929 0
930 0
931 0
932 0
933 0
934 0
935 0
936 0
937 0
938 0
939 0
940 0
941 0
942 0
943 0
944 0
945 0
946 0
947 0
948 0
949 0
950 0
951 0
952 0
953 0
954 0
955 1
956 0
957 1
958 1
959 1
960 1
961 0
962 2
963 1
964 1
965 2
966 1
967 1
968 1
969 1
970 2
971 1
972 0
973 3
974 1
975 1
976 2
977 1
978 1
979 0
980 1
981 0
982 1
983 1
984 1
985 1
986 1
987 2
988 0
989 1
990 1
991 2
992 2
993 2
994 1
995 1
996 1
997 1
998 2
999 2
1000 1
1001 1
1002 1
1003 1
1004 1
1005 0
1006 0
1007 0
1008 0
1009 0
1010 0
1011 0
1012 0
1013 0
1014 0
1015 0
1016 0
1017 1
1018 2
1019 1
1020 1
1021 2
1022 1
1023 1
1024 2
1025 1
1026 2
1027 1
1028 2
1029 0
1030 1
1031 1
1032 1
1033 0
1034 1
1035 2
1036 2
1037 2
1038 0
1039 0
1040 0
1041 1
1042 1
1043 0
1044 2
1045 1
1046 3
1047 2
1048 1
1049 1
1050 1
1051 2
1052 1
1053 1
1054 2
1055 1
1056 1
1057 1
1058 1
1059 1
1060 1
1061 2
1062 1
1063 1
1064 1
1065 1
1066 1
1067 1
1068 1
1069 1
1070 2
1071 1
1072 1
1073 0
1074 2
1075 2
1076 2
1077 1
1078 1
1079 0
1080 2
1081 3
1082 0
1083 1
1084 1
1085 1
1086 1
1087 2
1088 1
1089 1
1090 1
1091 2
1092 2
1093 2
1094 2
1095 1
1096 2
1097 2
1098 1
1099 1
1100 2
1101 2
1102 0
1103 0
1104 0
1105 1
1106 1
1107 1
1108 1
1109 1
1110 2
1111 0
1112 1
1113 1
1114 2
1115 1
1116 1
1117 1
1118 0
1119 2
1120 2
1121 1
1122 1
1123 2
1124 2
1125 1
1126 2
1127 1
1128 1
1129 2
1130 1
1131 1
1132 0
1133 0
1134 0
1135 0
1136 0
1137 0
1138 0
1139 0
1140 1
1141 1
1142 1
1143 1
1144 1
1145 2
1146 2
1147 2
1148 1
1149 2
1150 2
1151 1
1152 2
1153 2
1154 3
1155 2
1156 2
1157 3
1158 2
1159 1
1160 3
1161 1
1162 2
1163 1
1164 1
1165 2
1166 2
1167 2
1168 2
1169 3
1170 1
1171 1
1172 1
1173 1
1174 2
1175 1
1176 3
1177 1
1178 0
1179 1
1180 2
1181 1
1182 2
1183 1
1184 1
1185 1
1186 1
1187 1
1188 2
1189 1
1190 1
1191 2
1192 2
1193 1
1194 1
1195 1
1196 2
1197 0
1198 1
1199 1
1200 2
1201 0
1202 0
1203 0
1204 0
1205 0
1206 0
1207 0
1208 0
1209 0
1210 0
1211 0
1212 0
1213 0
1214 0
1215 0
1216 0
1217 0
1218 0
1219 0
1220 0
1221 0
1222 0
1223 0
1224 0
1225 0
1226 0
1227 0
1228 0
1229 0
1230 0
1231 0
1232 0
1233 0
1234 0
1235 0
1236 0
1237 0
1238 0
1239 0
1240 0
1241 0
1242 0
1243 0
1244 0
1245 0
1246 0
1247 0
1248 0
1249 0
1250 0
1251 2
1252 1
1253 1
1254 2
1255 1
1256 2
1257 1
1258 0
1259 0
1260 0
1261 0
1262 0
1263 0
1264 0
1265 0
1266 0
1267 0
1268 0
1269 0
1270 0
1271 0
1272 0
1273 0
1274 0
1275 0
1276 0
1277 0
1278 0
1279 0
1280 0
1281 0
1282 0
1283 0
1284 0
1285 0
1286 0
1287 0
1288 0
1289 0
1290 0
1291 0
1292 0
1293 0
1294 0
1295 0
1296 0
1297 0
1298 0
1299 0
1300 0
1301 0
1302 0
1303 0
1304 0
1305 0
1306 0
1307 0
1308 0
1309 0
1310 0
1311 0
1312 0
1313 0
1314 0
1315 0
1316 0
1317 0
1318 0
1319 0
1320 0
1321 0
1322 0
1323 0
1324 0
1325 0
1326 0
1327 0
1328 0
1329 0
1330 0
1331 0
1332 0
1333 0
1334 0
1335 0
1336 0
1337 0
1338 0
1339 0
1340 0
1341 1
1342 0
1343 0
1344 2
1345 0
1346 1
1347 0
1348 0
1349 0
1350 0
1351 0
1352 0
1353 0
1354 0
1355 0
1356 0
1357 0
1358 0
1359 0
1360 0
1361 0
1362 0
1363 0
1364 0
1365 0
1366 0
1367 0
1368 0
1369 0
1370 0
1371 0
1372 0
1373 0
1374 0
1375 0
1376 0
1377 0
1378 0
1379 0
1380 1
1381 0
1382 1
1383 0
1384 0
1385 0
1386 0
1387 0
1388 0
1389 0
1390 0
1391 0
1392 0
1393 0
1394 0
1395 0
1396 0
1397 0
1398 0
1399 0
1400 0
1401 0
1402 0
1403 0
1404 0
1405 0
1406 0
1407 0
1408 0
1409 0
1410 0
1411 0
1412 0
1413 0
1414 0
1415 0
1416 0
1417 0
1418 0
1419 0
1420 0
1421 0
1422 0
1423 0
1424 0
1425 0
1426 0
1427 0
1428 0
1429 0
1430 0
1431 0
1432 0
1433 0
1434 0
1435 0
1436 0
1437 0
1438 0
1439 0
1440 0
1441 0
1442 0
1443 0
1444 0
1445 0
1446 0
1447 0
1448 0
1449 1
1450 1
1451 1
1452 1
1453 3
1454 1
1455 3
1456 1
1457 1
1458 1
1459 0
1460 1
1461 1
1462 2
1463 2
1464 0
1465 0
1466 0
1467 2
1468 1
1469 2
1470 0
1471 2
1472 1
1473 2
1474 2
1475 2
1476 0
1477 2
1478 1
1479 2
1480 2
1481 3
1482 2
1483 2
1484 1
1485 1
1486 1
1487 2
1488 2
1489 2
1490 2
1491 2
1492 1
1493 2
1494 3
1495 2
1496 1
1497 2
1498 1
1499 1
1500 2
1501 2
1502 1
1503 2
1504 1
1505 1
1506 1
1507 1
1508 1
1509 1
1510 3
1511 2
1512 2
1513 1
1514 2
1515 2
1516 2
1517 1
1518 1
1519 1
1520 1
1521 1
1522 1
1523 2
1524 2
1525 1
1526 1
1527 1
1528 3
1529 1
1530 1
1531 1
1532 2
1533 2
1534 1
1535 1
1536 2
1537 1
1538 1
1539 0
1540 1
1541 0
1542 2
1543 1
1544 2
1545 2
1546 0
1547 2
1548 3
1549 1
1550 2
1551 1
1552 1
1553 3
1554 2
1555 1
1556 1
1557 1
1558 1
1559 1
1560 1
1561 1
1562 2
1563 1
1564 2
1565 2
1566 1
1567 1
1568 1
1569 1
1570 1
1571 1
1572 1
1573 2
1574 1
1575 1
1576 1
1577 1
1578 0
1579 1
1580 0
1581 0
1582 0
1583 0
1584 1
1585 1
1586 1
1587 1
1588 0
1589 1
1590 0
1591 2
1592 2
1593 2
1594 2
1595 1
1596 3
1597 2
1598 3
1599 1
1600 3
1601 3
1602 2
1603 2
1604 1
1605 1
1606 1
1607 2
1608 1
1609 1
1610 1
1611 2
1612 2
1613 2
1614 2
1615 2
1616 2
1617 1
1618 2
1619 1
1620 1
1621 1
1622 0
1623 1
1624 1
1625 1
1626 2
1627 2
1628 1
1629 1
1630 2
1631 1
1632 2
1633 1
1634 1
1635 1
1636 1
1637 2
1638 1
1639 1
1640 1
1641 2
1642 1
1643 2
1644 1
1645 1
1646 1
1647 2
1648 2
1649 1
1650 1
1651 1
1652 1
1653 1
1654 2
1655 1
1656 2
1657 1
1658 1
1659 2
1660 1
1661 1
1662 2
1663 1
1664 2
1665 1
1666 1
1667 1
1668 2
1669 2
1670 2
1671 2
1672 3
1673 1
1674 2
1675 2
1676 1
1677 2
1678 1
1679 1
1680 2
1681 2
1682 2
1683 1
1684 1
1685 1
1686 2
1687 1
1688 2
1689 2
1690 2
1691 2
1692 2
1693 2
1694 2
1695 2
1696 2
1697 2
1698 2
1699 2
1700 1
1701 0
1702 1
1703 1
1704 2
1705 1
1706 2
1707 2
1708 2
1709 2
1710 2
1711 2
1712 1
1713 2
1714 1
1715 1
1716 1
1717 1
1718 2
1719 0
1720 2
1721 2
1722 2
1723 2
1724 2
1725 1
1726 2
1727 2
1728 4
1729 2
1730 2
1731 2
1732 1
1733 2
1734 1
1735 1
1736 1
1737 2
1738 1
1739 2
1740 1
1741 1
1742 2
1743 2
1744 2
1745 0
1746 3
1747 1
1748 1
1749 1
1750 2
1751 1
1752 1
1753 1
1754 1
1755 1
1756 0
1757 1
1758 1
1759 2
1760 1
1761 3
1762 2
1763 3
1764 2
1765 1
1766 1
1767 1
1768 2
1769 3
1770 2
1771 3
1772 3
1773 1
1774 0
1775 2
1776 2
1777 2
1778 2
1779 2
1780 1
1781 1
1782 3
1783 2
1784 2
1785 1
1786 1
1787 1
1788 0
1789 1
1790 2
1791 4
1792 3
1793 2
1794 2
1795 2
1796 1
1797 1
1798 1
1799 2
1800 3
1801 2
1802 2
1803 2
1804 0
1805 3
1806 1
1807 3
1808 1
1809 1
1810 2
1811 1
1812 1
1813 2
1814 1
1815 2
1816 1
1817 3
1818 0
1819 1
1820 1
1821 2
1822 0
1823 1
1824 1
1825 3
1826 2
1827 1
1828 2
1829 1
1830 1
1831 2
1832 0
1833 2
1834 0
1835 1
1836 2
1837 1
1838 1
1839 2
1840 2
1841 1
1842 2
1843 1
1844 2
1845 1
1846 2
1847 0
1848 1
1849 1
1850 0
1851 2
1852 3
1853 2
1854 1
1855 0
1856 1
1857 2
1858 1
1859 2
1860 2
1861 2
1862 2
1863 2
1864 1
1865 2
1866 2
1867 2
1868 0
1869 2
1870 2
1871 1
1872 2
1873 3
1874 1
1875 0
1876 1
1877 3
1878 1
1879 1
1880 2
1881 2
1882 2
1883 1
1884 0
1885 1
1886 1
1887 2
1888 1
1889 1
1890 1
1891 2
1892 2
1893 2
1894 1
1895 0
1896 1
1897 1
1898 3
1899 1
1900 1
1901 1
1902 2
1903 2
1904 1
1905 1
1906 2
1907 1
1908 1
1909 0
1910 1
1911 1
1912 1
1913 1
1914 1
1915 2
1916 2
1917 1
1918 1
1919 1
1920 2
1921 2
1922 0
1923 2
1924 2
1925 3
1926 1
1927 2
1928 1
1929 0
1930 1
1931 2
1932 1
1933 1
1934 1
1935 2
1936 2
1937 2
1938 1
1939 1
1940 1
1941 2
1942 1
1943 2
1944 1
1945 1
1946 1
1947 1
1948 1
1949 1
1950 1
1951 1
1952 3
1953 1
1954 1
1955 1
1956 2
1957 1
1958 1
1959 2
1960 1
1961 2
1962 2
1963 2
1964 1
1965 1
1966 1
1967 1
1968 1
1969 1
1970 1
1971 1
1972 1
1973 1
1974 1
1975 1
1976 1
1977 2
1978 2
1979 1
1980 1
1981 1
1982 2
1983 2
1984 1
1985 1
1986 2
1987 1
1988 2
1989 2
1990 2
1991 0
1992 1
1993 1
1994 0
1995 1
1996 2
1997 2
1998 2
1999 2
