0 2
1 2
2 2
3 2
4 1
5 2
6 2
7 2
8 1
9 1
10 3
11 2
12 1
13 3
14 2
15 2
16 1
17 1
18 2
19 0
20 0
21 0
22 1
23 0
24 0
25 0
26 0
27 1
28 1
29 1
30 3
31 0
32 2
33 0
34 1
35 1
36 0
37 0
38 0
39 0
40 0
41 0
42 0
43 0
44 0
45 0
46 0
47 0
48 0
49 0
50 0
51 0
52 0
53 0
54 0
55 0
56 0
57 0
58 0
59 0
60 0
61 0
62 0
63 0
64 0
65 0
66 0
67 0
68 0
69 0
70 0
71 1
72 0
73 0
74 0
75 0
76 0
77 0
78 0
79 0
80 1
81 0
82 0
83 0
84 1
85 0
86 0
87 1
88 0
89 0
90 0
91 0
92 0
93 0
94 0
95 0
96 2
97 0
98 0
99 0
100 1
101 0
102 2
103 0
104 1
105 1
106 1
107 0
108 0
109 1
110 2
111 1
112 0
113 0
114 1
115 1
116 0
117 1
118 1
119 1
120 0
121 0
122 0
123 0
124 1
125 0
126 0
127 1
128 0
129 0
130 0
131 0
132 0
133 0
134 0
135 0
136 0
137 0
138 1
139 0
140 0
141 0
142 0
143 1
144 0
145 0
146 1
147 1
148 2
149 1
150 1
151 0
152 0
153 1
154 0
155 0
156 0
157 0
158 0
159 0
160 1
161 0
162 1
163 0
164 0
165 1
166 2
167 1
168 1
169 1
170 1
171 0
172 1
173 2
174 1
175 1
176 2
177 2
178 1
179 1
180 1
181 1
182 0
183 0
184 2
185 1
186 1
187 1
188 1
189 2
190 2
191 1
192 1
193 2
194 0
195 1
196 1
197 0
198 1
199 1
200 0
201 1
202 1
203 0
204 0
205 0
206 0
207 0
208 1
209 0
210 0
211 2
212 0
213 0
214 0
215 0
216 1
217 0
218 0
219 0
220 0
221 0
222 1
223 0
224 0
225 0
226 0
227 1
228 1
229 0
230 0
231 0
232 1
233 0
234 1
235 1
236 0
237 0
238 1
239 1
240 1
241 0
242 2
243 0
244 0
245 1
246 0
247 1
248 1
249 0
250 1
251 0
252 0
253 0
254 0
255 1
256 1
257 0
258 1
259 1
260 0
261 0
262 1
263 0
264 0
265 0
266 0
267 1
268 1
269 1
270 0
271 0
272 2
273 0
274 0
275 1
276 1
277 1
278 0
279 1
280 1
281 1
282 1
283 1
284 0
285 0
286 1
287 0
288 1
289 2
290 0
291 0
292 0
293 0
294 1
295 0
296 4
297 0
298 2
299 1
300 0
301 1
302 1
303 0
304 0
305 1
306 1
307 0
308 1
309 0
310 0
311 0
312 0
313 0
314 1
315 1
316 2
317 1
318 1
319 1
320 0
321 1
322 0
323 0
324 1
325 0
326 1
327 1
328 1
329 1
330 1
331 0
332 1
333 1
334 0
335 1
336 0
337 0
338 1
339 1
340 0
341 0
342 1
343 0
344 1
345 1
346 0
347 1
348 0
349 0
350 1
351 0
352 1
353 0
354 1
355 1
356 0
357 1
358 1
359 0
360 0
361 1
362 1
363 0
364 0
365 1
366 1
367 1
368 1
369 2
370 1
371 1
372 0
373 1
374 1
375 0
376 1
377 0
378 1
379 1
380 1
381 0
382 0
383 1
384 1
385 1
386 1
387 0
388 0
389 1
390 0
391 0
392 0
393 0
394 2
395 1
396 1
397 1
398 0
399 1
400 1
401 0
402 1
403 0
404 0
405 1
406 0
407 1
408 1
409 1
410 1
411 0
412 0
413 1
414 1
415 0
416 0
417 1
418 1
419 1
420 2
421 0
422 1
423 1
424 0
425 0
426 1
427 1
428 0
429 1
430 1
431 1
432 2
433 1
434 0
435 1
436 1
437 0
438 1
439 1
440 1
441 1
442 1
443 1
444 0
445 2
446 1
447 0
448 0
449 0
450 2
451 1
452 0
453 1
454 1
455 0
456 0
457 0
458 1
459 2
460 1
461 1
462 2
463 1
464 3
465 1
466 3
467 1
468 1
469 1
470 0
471 2
472 0
473 0
474 2
475 1
476 1
477 0
478 0
479 1
480 1
481 1
482 2
483 0
484 1
485 0
486 0
487 2
488 0
489 1
490 1
491 0
492 1
493 0
494 1
495 0
496 1
497 0
498 0
499 0
500 0
501 0
502 1
503 3
504 2
505 1
506 2
507 1
508 0
509 2
510 0
511 0
512 1
513 0
514 1
515 0
516 0
517 0
518 0
519 1
520 2
521 1
522 0
523 1
524 0
525 0
526 1
527 1
528 0
529 2
530 1
531 0
532 1
533 0
534 1
535 0
536 2
537 0
538 1
539 0
540 0
541 1
542 2
543 0
544 1
545 0
546 1
547 0
548 2
549 0
550 0
551 1
552 1
553 0
554 0
555 1
556 0
557 1
558 0
559 0
560 0
561 2
562 1
563 2
564 0
565 0
566 0
567 0
568 1
569 1
570 1
571 1
572 0
573 0
574 1
575 1
576 1
577 0
578 1
579 1
580 2
581 1
582 0
583 0
584 1
585 1
586 0
587 2
588 2
589 1
590 2
591 0
592 1
593 0
594 1
595 0
596 0
597 1
598 0
599 0
600 0
601 2
602 0
603 1
604 2
605 2
606 0
607 0
608 1
609 1
610 0
611 0
612 0
613 0
614 1
615 0
616 0
617 0
618 0
619 0
620 1
621 0
622 0
623 2
624 0
625 0
626 0
627 1
628 1
629 1
630 1
631 0
632 0
633 1
634 1
635 0
636 0
637 0
638 1
639 0
640 0
641 0
642 1
643 0
644 0
645 1
646 1
647 0
648 1
649 0
650 1
651 0
652 0
653 0
654 0
655 0
656 1
657 0
658 1
659 0
660 1
661 1
662 1
663 0
664 1
665 1
666 0
667 0
668 1
669 1
670 0
671 0
672 1
673 0
674 1
675 0
676 0
677 0
678 1
679 1
680 0
681 0
682 0
683 1
684 1
685 0
686 1
687 1
688 0
689 1
690 0
691 0
692 1
693 0
694 0
695 0
696 0
697 0
698 1
699 0
700 0
701 0
702 1
703 0
704 0
705 0
706 0
707 1
708 1
709 0
710 0
711 0
712 0
713 0
714 1
715 0
716 1
717 0
718 0
719 0
720 1
721 0
722 1
723 1
724 1
725 0
726 0
727 0
728 0
729 0
730 0
731 0
732 1
733 1
734 0
735 0
736 0
737 1
738 0
739 1
740 1
741 0
742 1
743 0
744 1
745 1
746 0
747 0
748 0
749 0
750 1
751 0
752 0
753 1
754 0
755 1
756 1
757 0
758 1
759 1
760 2
761 1
762 2
763 2
764 0
765 0
766 0
767 1
768 1
769 0
770 1
771 0
772 1
773 1
774 0
775 1
776 1
777 2
778 1
779 1
780 0
781 0
782 0
783 0
784 1
785 2
786 1
787 1
788 0
789 1
790 1
791 1
792 1
793 0
794 0
795 1
796 0
797 0
798 0
799 1
800 0
801 1
802 1
803 0
804 1
805 1
806 0
807 1
808 0
809 0
810 0
811 0
812 0
813 1
814 1
815 0
816 0
817 0
818 1
819 0
820 0
821 0
822 1
823 1
824 0
825 0
826 0
827 1
828 0
829 0
830 2
831 1
832 0
833 0
834 0
835 0
836 1
837 1
838 0
839 1
840 0
841 0
842 0
843 1
844 0
845 1
846 0
847 1
848 1
849 1
850 0
851 0
852 0
853 1
854 0
855 1
856 0
857 1
858 1
859 0
860 0
861 0
862 0
863 1
864 1
865 0
866 1
867 1
868 0
869 0
870 1
871 0
872 1
873 0
874 0
875 1
876 1
877 0
878 0
879 1
880 1
881 0
882 0
883 0
884 0
885 1
886 0
887 1
888 0
889 1
890 0
891 2
892 1
893 1
894 2
895 0
896 0
897 1
898 1
899 0
900 0
901 1
902 0
903 1
904 0
905 0
906 0
907 0
908 2
909 0
910 0
911 2
912 0
913 0
914 1
915 0
916 0
917 0
918 1
919 0
920 1
921 0
922 1
923 0
924 0
925 1
926 0
927 1
928 0
929 1
930 0
931 2
932 0
933 1
934 0
935 0
936 0
937 0
938 2
939 0
940 1
941 1
942 0
943 0
944 1
945 0
946 1
947 0
948 1
949 0
950 0
951 1
952 1
953 0
954 0
955 0
956 0
957 0
958 0
959 1
960 1
961 1
962 1
963 1
964 1
965 2
966 1
967 0
968 2
969 1
970 0
971 0
972 2
973 2
974 1
975 2
976 1
977 1
978 1
979 1
980 1
981 2
982 2
983 0
984 1
985 1
986 1
987 1
988 0
989 1
990 0
991 1
992 2
993 0
994 1
995 1
996 1
997 1
998 0
999 0
1000 0
1001 1
1002 2
1003 1
1004 1
1005 2
1006 1
1007 1
1008 1
1009 1
1010 1
1011 0
1012 0
1013 0
1014 0
1015 1
1016 2
1017 2
1018 2
1019 2
1020 1
1021 0
1022 0
1023 0
1024 0
1025 0
1026 0
1027 0
1028 0
1029 1
1030 0
1031 1
1032 1
1033 1
1034 0
1035 0
1036 1
1037 3
1038 1
1039 1
1040 0
1041 1
1042 1
1043 0
1044 2
1045 2
1046 2
1047 0
1048 1
1049 2
1050 1
1051 0
1052 1
1053 1
1054 2
1055 0
1056 0
1057 1
1058 0
1059 1
1060 1
1061 1
1062 1
1063 1
1064 1
1065 0
1066 1
1067 1
1068 1
1069 1
1070 0
1071 0
1072 0
1073 1
1074 1
1075 0
1076 1
1077 1
1078 0
1079 0
1080 1
1081 1
1082 0
1083 1
1084 1
1085 1
1086 1
1087 2
1088 1
1089 1
1090 1
1091 3
1092 1
1093 1
1094 2
1095 0
1096 0
1097 2
1098 1
1099 1
1100 1
1101 0
1102 1
1103 1
1104 1
1105 0
1106 1
1107 2
1108 2
1109 0
1110 0
1111 0
1112 0
1113 2
1114 1
1115 0
1116 1
1117 0
1118 1
1119 0
1120 2
1121 1
1122 1
1123 2
1124 0
1125 0
1126 2
1127 2
1128 1
1129 1
1130 1
1131 0
1132 2
1133 1
1134 1
1135 1
1136 1
1137 1
1138 2
1139 1
1140 2
1141 1
1142 0
1143 2
1144 1
1145 0
1146 0
1147 1
1148 0
1149 1
1150 0
1151 0
1152 1
1153 1
1154 1
1155 1
1156 2
1157 0
1158 1
1159 1
1160 1
1161 2
1162 1
1163 2
1164 0
1165 0
1166 1
1167 3
1168 0
1169 1
1170 2
1171 0
1172 1
1173 3
1174 1
1175 0
1176 0
1177 0
1178 2
1179 0
1180 1
1181 1
1182 2
1183 1
1184 1
1185 0
1186 0
1187 1
1188 1
1189 2
1190 1
1191 1
1192 1
1193 0
1194 2
1195 2
1196 0
1197 1
1198 1
1199 0
1200 1
1201 1
1202 2
1203 0
1204 1
1205 0
1206 0
1207 1
1208 1
1209 0
1210 1
1211 1
1212 0
1213 1
1214 1
1215 0
1216 1
1217 1
1218 1
1219 0
1220 1
1221 2
1222 1
1223 0
1224 1
1225 1
1226 0
1227 0
1228 1
1229 0
1230 1
1231 0
1232 0
1233 1
1234 1
1235 2
1236 2
1237 2
1238 1
1239 1
1240 0
1241 0
1242 1
1243 0
1244 1
1245 0
1246 0
1247 1
1248 1
1249 1
1250 2
1251 1
1252 1
1253 1
1254 1
1255 0
1256 0
1257 1
1258 0
1259 2
1260 0
1261 1
1262 1
1263 0
1264 1
1265 1
1266 2
1267 2
1268 1
1269 2
1270 1
1271 2
1272 1
1273 2
1274 0
1275 1
1276 0
1277 2
1278 1
1279 2
1280 0
1281 0
1282 0
1283 1
1284 1
1285 1
1286 3
1287 1
1288 1
1289 1
1290 0
1291 1
1292 1
1293 0
1294 2
1295 1
1296 0
1297 2
1298 2
1299 1
1300 2
1301 1
1302 0
1303 0
1304 0
1305 1
1306 1
1307 1
1308 1
1309 1
1310 0
1311 1
1312 1
1313 0
1314 1
1315 1
1316 0
1317 2
1318 1
1319 1
1320 2
1321 2
1322 2
1323 2
1324 2
1325 1
1326 1
1327 3
1328 0
1329 1
1330 1
1331 1
1332 1
1333 2
1334 1
1335 0
1336 1
1337 0
1338 1
1339 0
1340 1
1341 0
1342 0
1343 2
1344 1
1345 0
1346 0
1347 0
1348 1
1349 1
1350 0
1351 1
1352 1
1353 1
1354 1
1355 0
1356 1
1357 0
1358 2
1359 1
1360 1
1361 1
1362 1
1363 0
1364 1
1365 0
1366 1
1367 2
1368 2
1369 1
1370 0
1371 1
1372 0
1373 1
1374 2
1375 1
1376 0
1377 0
1378 1
1379 0
1380 1
1381 1
1382 0
1383 1
1384 0
1385 1
1386 0
1387 1
1388 1
1389 1
1390 1
1391 0
1392 1
1393 1
1394 1
1395 1
1396 1
1397 1
1398 2
1399 0
1400 0
1401 2
1402 1
1403 2
1404 0
1405 1
1406 1
1407 0
1408 0
1409 1
1410 1
1411 1
1412 1
1413 0
1414 0
1415 0
1416 1
1417 2
1418 1
1419 0
1420 1
1421 0
1422 1
1423 0
1424 0
1425 0
1426 3
1427 0
1428 0
1429 2
1430 0
1431 0
1432 0
1433 2
1434 1
1435 1
1436 1
1437 0
1438 1
1439 1
1440 1
1441 0
1442 0
1443 2
1444 1
1445 1
1446 0
1447 1
1448 0
1449 2
1450 1
1451 1
1452 2
1453 0
1454 1
1455 0
1456 1
1457 0
1458 1
1459 0
1460 1
1461 0
1462 1
1463 0
1464 1
1465 1
1466 1
1467 1
1468 2
1469 1
1470 2
1471 1
1472 0
1473 0
1474 1
1475 0
1476 0
1477 0
1478 1
1479 0
1480 1
1481 0
1482 0
1483 0
1484 1
1485 0
1486 3
1487 0
1488 0
1489 1
1490 1
1491 1
1492 2
1493 0
1494 1
1495 0
1496 0
1497 0
1498 1
1499 1
1500 0
1501 1
1502 0
1503 0
1504 1
1505 0
1506 1
1507 1
1508 1
1509 0
1510 1
1511 1
1512 0
1513 1
1514 1
1515 1
1516 1
1517 3
1518 1
1519 1
1520 1
1521 0
1522 0
1523 0
1524 0
1525 0
1526 1
1527 1
1528 1
1529 1
1530 0
1531 1
1532 1
1533 1
1534 0
1535 2
1536 1
1537 0
1538 1
1539 0
1540 1
1541 1
1542 2
1543 2
1544 1
1545 1
1546 0
1547 0
1548 0
1549 0
1550 0
1551 0
1552 0
1553 0
1554 0
1555 1
1556 1
1557 0
1558 2
1559 0
1560 0
1561 0
1562 1
1563 0
1564 1
1565 1
1566 0
1567 1
1568 1
1569 1
1570 0
1571 2
1572 1
1573 0
1574 0
1575 1
1576 1
1577 1
1578 0
1579 1
1580 1
1581 1
1582 1
1583 1
1584 0
1585 0
1586 1
1587 1
1588 1
1589 2
1590 1
1591 2
1592 1
1593 1
1594 1
1595 1
1596 3
1597 2
1598 1
1599 1
1600 1
1601 1
1602 0
1603 0
1604 0
1605 1
1606 0
1607 2
1608 0
1609 1
1610 2
1611 0
1612 2
1613 0
1614 2
1615 0
1616 0
1617 1
1618 1
1619 0
1620 1
1621 0
1622 1
1623 1
1624 1
1625 0
1626 2
1627 1
1628 1
1629 1
1630 1
1631 1
1632 0
1633 2
1634 2
1635 1
1636 1
1637 0
1638 1
1639 1
1640 1
1641 1
1642 0
1643 1
1644 0
1645 1
1646 0
1647 1
1648 1
1649 0
1650 1
1651 1
1652 1
1653 1
1654 1
1655 1
1656 1
1657 1
1658 1
1659 0
1660 1
1661 1
1662 0
1663 1
1664 1
1665 1
1666 0
1667 3
1668 0
1669 1
1670 1
1671 0
1672 0
1673 1
1674 0
1675 2
1676 1
1677 1
1678 1
1679 0
1680 0
1681 1
1682 1
1683 0
1684 0
1685 1
1686 0
1687 0
1688 0
1689 1
1690 0
1691 0
1692 0
1693 0
1694 0
1695 0
1696 0
1697 0
1698 0
1699 0
1700 1
1701 0
1702 0
1703 0
1704 0
1705 0
1706 0
1707 1
1708 0
1709 0
1710 0
1711 0
1712 0
1713 0
1714 0
1715 0
1716 0
1717 0
1718 0
1719 0
1720 0
1721 0
1722 0
1723 0
1724 0
1725 0
1726 1
1727 0
1728 1
1729 0
1730 0
1731 0
1732 1
1733 0
1734 1
1735 1
1736 1
1737 0
1738 0
1739 1
1740 0
1741 1
1742 1
1743 0
1744 0
1745 1
1746 1
1747 0
1748 0
1749 1
1750 0
1751 3
1752 0
1753 1
1754 1
1755 0
1756 0
1757 1
1758 0
1759 1
1760 1
1761 1
1762 1
1763 1
1764 1
1765 0
1766 0
1767 1
1768 1
1769 2
1770 0
1771 0
1772 1
1773 1
1774 1
1775 1
1776 0
1777 1
1778 0
1779 1
1780 1
1781 0
1782 0
1783 1
1784 0
1785 1
1786 1
1787 1
1788 0
1789 1
1790 0
1791 0
1792 0
1793 1
1794 1
1795 0
1796 0
1797 0
1798 1
1799 0
1800 0
1801 1
1802 1
1803 0
1804 2
1805 1
1806 2
1807 1
1808 0
1809 0
1810 0
1811 0
1812 1
1813 0
1814 1
1815 0
1816 0
1817 0
1818 0
1819 0
1820 1
1821 0
1822 1
1823 1
1824 0
1825 1
1826 1
1827 0
1828 0
1829 1
1830 0
1831 0
1832 2
1833 0
1834 0
1835 2
1836 1
1837 0
1838 2
1839 0
1840 1
1841 1
1842 0
1843 0
1844 1
1845 0
1846 2
1847 2
1848 0
1849 1
1850 1
1851 0
1852 1
1853 1
1854 1
1855 1
1856 1
1857 0
1858 1
1859 0
1860 1
1861 0
1862 0
1863 1
1864 0
1865 0
1866 0
1867 0
1868 0
1869 0
1870 0
1871 0
1872 0
1873 0
1874 0
1875 1
1876 0
1877 0
1878 0
1879 1
1880 0
1881 0
1882 2
1883 2
1884 0
1885 1
1886 1
1887 1
1888 0
1889 0
1890 1
1891 0
1892 1
1893 2
1894 0
1895 0
1896 0
1897 2
1898 2
1899 1
1900 2
1901 1
1902 2
1903 1
1904 1
1905 0
1906 0
1907 2
1908 1
1909 1
1910 2
1911 3
1912 3
1913 1
1914 2
1915 2
1916 0
1917 1
1918 0
1919 2
1920 0
1921 0
1922 1
1923 0
1924 0
1925 0
1926 0
1927 0
1928 1
1929 0
1930 1
1931 0
1932 1
1933 0
1934 2
1935 0
1936 0
1937 0
1938 0
1939 0
1940 1
1941 0
1942 0
1943 0
1944 2
1945 1
1946 2
1947 0
1948 0
1949 1
1950 0
1951 0
1952 0
1953 1
1954 0
1955 0
1956 1
1957 1
1958 0
1959 1
1960 0
1961 1
1962 0
1963 1
1964 1
1965 1
1966 1
1967 0
1968 2
1969 0
1970 1
1971 1
1972 2
1973 0
1974 1
1975 2
1976 2
1977 0
1978 0
1979 2
1980 1
1981 0
1982 0
1983 1
1984 1
1985 1
1986 1
1987 1
1988 0
1989 1
1990 1
1991 2
1992 0
1993 0
1994 0
1995 0
1996 1
1997 0
1998 0
1999 1
