0 0
1 0
2 0
3 0
4 0
5 0
6 0
7 1
8 2
9 0
10 0
11 0
12 0
13 0
14 0
15 0
16 0
17 0
18 0
19 0
20 0
21 0
22 0
23 0
24 0
25 0
26 0
27 0
28 0
29 0
30 1
31 1
32 1
33 0
34 2
35 1
36 0
37 1
38 1
39 1
40 1
41 1
42 0
43 1
44 1
45 0
46 2
47 0
48 1
49 0
50 0
51 0
52 0
53 0
54 0
55 0
56 0
57 0
58 0
59 0
60 0
61 0
62 0
63 0
64 0
65 0
66 0
67 0
68 0
69 0
70 0
71 0
72 0
73 1
74 1
75 0
76 0
77 0
78 0
79 0
80 0
81 0
82 0
83 0
84 0
85 0
86 0
87 0
88 0
89 0
90 0
91 0
92 0
93 0
94 0
95 0
96 0
97 1
98 0
99 0
100 0
101 0
102 0
103 1
104 2
105 0
106 1
107 1
108 0
109 1
110 0
111 0
112 0
113 0
114 0
115 0
116 0
117 0
118 0
119 0
120 0
121 0
122 0
123 0
124 0
125 0
126 0
127 0
128 0
129 1
130 0
131 0
132 0
133 1
134 0
135 0
136 0
137 0
138 0
139 0
140 0
141 1
142 0
143 0
144 0
145 0
146 0
147 0
148 1
149 0
150 1
151 2
152 0
153 0
154 0
155 0
156 0
157 0
158 0
159 0
160 0
161 0
162 0
163 0
164 0
165 1
166 0
167 0
168 0
169 0
170 1
171 0
172 0
173 0
174 1
175 0
176 1
177 0
178 0
179 0
180 0
181 0
182 1
183 0
184 0
185 0
186 1
187 0
188 0
189 0
190 0
191 0
192 0
193 0
194 0
195 0
196 0
197 0
198 1
199 0
200 0
201 0
202 0
203 0
204 0
205 0
206 0
207 0
208 0
209 0
210 0
211 0
212 0
213 0
214 0
215 0
216 0
217 0
218 0
219 0
220 0
221 0
222 0
223 0
224 0
225 0
226 0
227 0
228 0
229 0
230 0
231 0
232 0
233 0
234 0
235 0
236 0
237 0
238 0
239 0
240 0
241 0
242 0
243 0
244 0
245 0
246 0
247 0
248 0
249 0
250 0
251 0
252 0
253 0
254 0
255 0
256 0
257 0
258 0
259 0
260 0
261 0
262 0
263 0
264 0
265 0
266 1
267 0
268 0
269 0
270 0
271 0
272 0
273 0
274 0
275 0
276 0
277 0
278 0
279 0
280 0
281 2
282 0
283 0
284 0
285 0
286 0
287 0
288 0
289 0
290 0
291 0
292 0
293 0
294 0
295 0
296 0
297 0
298 0
299 0
300 0
301 1
302 2
303 0
304 0
305 0
306 1
307 1
308 0
309 0
310 1
311 0
312 1
313 1
314 0
315 0
316 0
317 0
318 0
319 0
320 0
321 0
322 0
323 0
324 0
325 0
326 0
327 0
328 0
329 0
330 0
331 0
332 0
333 0
334 0
335 0
336 0
337 0
338 0
339 0
340 0
341 0
342 0
343 0
344 0
345 0
346 0
347 0
348 0
349 0
350 0
351 0
352 0
353 0
354 0
355 0
356 0
357 0
358 0
359 1
360 0
361 1
362 1
363 0
364 0
365 1
366 0
367 0
368 0
369 0
370 0
371 1
372 2
373 1
374 1
375 1
376 2
377 0
378 0
379 0
380 1
381 1
382 3
383 0
384 1
385 1
386 0
387 0
388 0
389 0
390 1
391 0
392 0
393 0
394 2
395 3
396 1
397 0
398 2
399 2
400 1
401 2
402 2
403 0
404 3
405 1
406 2
407 1
408 0
409 2
410 2
411 1
412 0
413 2
414 1
415 0
416 1
417 0
418 1
419 2
420 2
421 2
422 1
423 1
424 1
425 2
426 0
427 0
428 0
429 0
430 1
431 0
432 1
433 1
434 0
435 1
436 1
437 1
438 3
439 0
440 1
441 1
442 2
443 1
444 1
445 2
446 2
447 0
448 1
449 1
450 1
451 1
452 1
453 3
454 1
455 2
456 0
457 0
458 1
459 0
460 1
461 0
462 0
463 0
464 3
465 0
466 2
467 1
468 2
469 0
470 0
471 0
472 1
473 2
474 1
475 1
476 1
477 1
478 1
479 2
480 0
481 1
482 1
483 1
484 1
485 0
486 2
487 0
488 1
489 1
490 1
491 1
492 0
493 1
494 0
495 0
496 0
497 1
498 0
499 1
500 0
501 0
502 1
503 0
504 2
505 1
506 1
507 1
508 0
509 1
510 0
511 2
512 1
513 0
514 0
515 1
516 0
517 1
518 1
519 0
520 0
521 0
522 1
523 0
524 0
525 0
526 0
527 0
528 1
529 0
530 1
531 0
532 0
533 0
534 0
535 0
536 1
537 2
538 1
539 2
540 0
541 0
542 0
543 0
544 0
545 0
546 1
547 1
548 0
549 0
550 1
551 0
552 0
553 0
554 1
555 1
556 0
557 1
558 2
559 0
560 0
561 2
562 1
563 1
564 1
565 0
566 1
567 0
568 1
569 0
570 1
571 1
572 0
573 0
574 2
575 1
576 3
577 0
578 1
579 2
580 2
581 1
582 0
583 0
584 0
585 0
586 2
587 0
588 0
589 0
590 1
591 0
592 1
593 1
594 0
595 2
596 0
597 0
598 0
599 0
600 0
601 0
602 0
603 1
604 0
605 0
606 0
607 0
608 0
609 0
610 0
611 0
612 0
613 1
614 0
615 1
616 2
617 0
618 0
619 0
620 0
621 0
622 1
623 0
624 1
625 0
626 0
627 1
628 0
629 0
630 0
631 0
632 1
633 0
634 0
635 0
636 0
637 0
638 0
639 0
640 0
641 0
642 0
643 0
644 0
645 0
646 0
647 0
648 0
649 0
650 0
651 0
652 0
653 0
654 0
655 0
656 0
657 0
658 0
659 0
660 0
661 0
662 0
663 0
664 0
665 0
666 0
667 0
668 0
669 0
670 0
671 0
672 0
673 0
674 0
675 0
676 0
677 0
678 0
679 0
680 0
681 0
682 1
683 1
684 1
685 0
686 0
687 0
688 0
689 0
690 0
691 0
692 0
693 0
694 0
695 0
696 0
697 0
698 0
699 0
700 0
701 0
702 0
703 0
704 0
705 0
706 0
707 0
708 0
709 0
710 0
711 0
712 0
713 0
714 0
715 0
716 0
717 0
718 0
719 0
720 0
721 0
722 0
723 0
724 0
725 0
726 0
727 0
728 0
729 0
730 0
731 0
732 0
733 0
734 0
735 0
736 0
737 0
738 0
739 0
740 0
741 0
742 0
743 0
744 0
745 0
746 0
747 0
748 0
749 0
750 0
751 0
752 0
753 0
754 0
755 0
756 0
757 0
758 0
759 0
760 0
761 0
762 0
763 0
764 0
765 0
766 0
767 0
768 0
769 0
770 0
771 0
772 0
773 0
774 0
775 0
776 0
777 0
778 0
779 0
780 0
781 0
782 0
783 0
784 0
785 0
786 0
787 0
788 0
789 0
790 0
791 0
792 0
793 0
794 1
795 0
796 2
797 0
798 1
799 1
800 1
801 0
802 0
803 0
804 0
805 0
806 0
807 0
808 1
809 1
810 1
811 1
812 2
813 0
814 1
815 2
816 0
817 1
818 1
819 0
820 1
821 0
822 0
823 1
824 1
825 1
826 1
827 0
828 1
829 0
830 0
831 0
832 2
833 3
834 2
835 2
836 2
837 1
838 2
839 3
840 2
841 2
842 1
843 2
844 0
845 4
846 3
847 1
848 2
849 2
850 4
851 1
852 3
853 4
854 1
855 3
856 1
857 1
858 2
859 3
860 4
861 2
862 4
863 4
864 4
865 1
866 2
867 3
868 3
869 3
870 3
871 2
872 1
873 1
874 0
875 1
876 0
877 0
878 1
879 1
880 1
881 1
882 0
883 0
884 2
885 2
886 0
887 0
888 1
889 0
890 0
891 2
892 2
893 2
894 1
895 2
896 1
897 3
898 1
899 2
900 0
901 4
902 2
903 2
904 2
905 3
906 2
907 1
908 3
909 2
910 1
911 2
912 2
913 1
914 2
915 4
916 1
917 4
918 1
919 2
920 1
921 3
922 2
923 1
924 1
925 2
926 3
927 2
928 1
929 3
930 2
931 3
932 2
933 4
934 3
935 2
936 1
937 0
938 1
939 3
940 3
941 3
942 3
943 2
944 3
945 2
946 1
947 1
948 1
949 3
950 3
951 1
952 3
953 3
954 2
955 1
956 4
957 2
958 3
959 1
960 2
961 1
962 2
963 4
964 2
965 0
966 1
967 3
968 4
969 0
970 2
971 2
972 2
973 1
974 3
975 2
976 2
977 1
978 1
979 2
980 3
981 1
982 3
983 2
984 2
985 2
986 2
987 2
988 2
989 1
990 1
991 3
992 2
993 2
994 1
995 3
996 2
997 1
998 1
999 0
1000 3
1001 2
1002 3
1003 3
1004 3
1005 1
1006 2
1007 1
1008 1
1009 1
1010 0
1011 1
1012 2
1013 3
1014 1
1015 2
1016 3
1017 2
1018 4
1019 2
1020 2
1021 1
1022 1
1023 3
1024 2
1025 2
1026 1
1027 2
1028 1
1029 2
1030 2
1031 2
1032 1
1033 3
1034 1
1035 3
1036 2
1037 2
1038 2
1039 3
1040 2
1041 0
1042 2
1043 2
1044 2
1045 2
1046 3
1047 1
1048 2
1049 2
1050 3
1051 2
1052 1
1053 3
1054 3
1055 2
1056 2
1057 1
1058 2
1059 1
1060 1
1061 2
1062 1
1063 2
1064 2
1065 2
1066 1
1067 2
1068 3
1069 3
1070 0
1071 3
1072 2
1073 2
1074 4
1075 4
1076 3
1077 2
1078 2
1079 3
1080 2
1081 2
1082 2
1083 4
1084 2
1085 2
1086 0
1087 1
1088 2
1089 2
1090 2
1091 2
1092 1
1093 4
1094 2
1095 2
1096 4
1097 3
1098 2
1099 2
1100 2
1101 2
1102 1
1103 3
1104 3
1105 2
1106 2
1107 1
1108 1
1109 2
1110 1
1111 1
1112 2
1113 1
1114 1
1115 0
1116 4
1117 0
1118 4
1119 1
1120 1
1121 1
1122 2
1123 1
1124 2
1125 3
1126 2
1127 2
1128 5
1129 2
1130 2
1131 1
1132 2
1133 0
1134 1
1135 0
1136 1
1137 1
1138 2
1139 1
1140 2
1141 3
1142 1
1143 2
1144 1
1145 3
1146 2
1147 1
1148 1
1149 0
1150 1
1151 2
1152 3
1153 0
1154 1
1155 1
1156 2
1157 2
1158 1
1159 2
1160 2
1161 2
1162 1
1163 1
1164 1
1165 0
1166 1
1167 2
1168 2
1169 2
1170 2
1171 0
1172 2
1173 2
1174 1
1175 1
1176 1
1177 2
1178 2
1179 0
1180 2
1181 1
1182 2
1183 1
1184 1
1185 2
1186 1
1187 1
1188 2
1189 2
1190 1
1191 1
1192 1
1193 2
1194 0
1195 1
1196 2
1197 1
1198 0
1199 1
1200 1
1201 1
1202 1
1203 0
1204 1
1205 0
1206 0
1207 0
1208 0
1209 0
1210 0
1211 0
1212 0
1213 0
1214 0
1215 0
1216 0
1217 0
1218 0
1219 0
1220 0
1221 0
1222 0
1223 0
1224 0
1225 0
1226 0
1227 0
1228 0
1229 0
1230 0
1231 0
1232 0
1233 1
1234 0
1235 2
1236 0
1237 2
1238 1
1239 1
1240 0
1241 0
1242 0
1243 0
1244 0
1245 0
1246 0
1247 0
1248 0
1249 0
1250 0
1251 1
1252 0
1253 0
1254 0
1255 0
1256 0
1257 0
1258 0
1259 0
1260 0
1261 0
1262 0
1263 0
1264 0
1265 0
1266 0
1267 0
1268 0
1269 0
1270 0
1271 0
1272 0
1273 0
1274 0
1275 0
1276 0
1277 0
1278 0
1279 0
1280 1
1281 0
1282 1
1283 0
1284 0
1285 0
1286 0
1287 0
1288 0
1289 0
1290 0
1291 0
1292 0
1293 1
1294 0
1295 0
1296 0
1297 0
1298 0
1299 0
1300 0
1301 0
1302 0
1303 0
1304 0
1305 0
1306 0
1307 0
1308 0
1309 0
1310 0
1311 0
1312 0
1313 0
1314 0
1315 0
1316 0
1317 0
1318 0
1319 0
1320 0
1321 0
1322 0
1323 0
1324 0
1325 0
1326 0
1327 0
1328 0
1329 0
1330 0
1331 0
1332 0
1333 0
1334 0
1335 0
1336 0
1337 0
1338 0
1339 1
1340 2
1341 1
1342 0
1343 1
1344 0
1345 1
1346 0
1347 2
1348 0
1349 0
1350 2
1351 2
1352 1
1353 1
1354 1
1355 1
1356 1
1357 0
1358 1
1359 0
1360 0
1361 1
1362 0
1363 1
1364 0
1365 0
1366 0
1367 0
1368 0
1369 1
1370 0
1371 1
1372 1
1373 0
1374 1
1375 1
1376 0
1377 1
1378 0
1379 0
1380 0
1381 0
1382 1
1383 0
1384 1
1385 1
1386 0
1387 1
1388 0
1389 0
1390 0
1391 0
1392 0
1393 0
1394 1
1395 0
1396 0
1397 0
1398 0
1399 0
1400 0
1401 0
1402 0
1403 0
1404 0
1405 0
1406 0
1407 0
1408 0
1409 1
1410 0
1411 0
1412 0
1413 0
1414 0
1415 0
1416 0
1417 0
1418 0
1419 0
1420 0
1421 0
1422 0
1423 0
1424 0
1425 0
1426 0
1427 0
1428 0
1429 0
1430 0
1431 0
1432 0
1433 0
1434 0
1435 0
1436 1
1437 0
1438 0
1439 0
1440 0
1441 0
1442 0
1443 0
1444 0
1445 0
1446 0
1447 0
1448 0
1449 0
1450 0
1451 0
1452 0
1453 0
1454 0
1455 0
1456 0
1457 0
1458 0
1459 0
1460 0
1461 0
1462 0
1463 0
1464 0
1465 0
1466 0
1467 0
1468 0
1469 0
1470 0
1471 0
1472 0
1473 0
1474 0
1475 0
1476 0
1477 0
1478 0
1479 0
1480 0
1481 0
1482 0
1483 0
1484 0
1485 0
1486 0
1487 0
1488 0
1489 0
1490 0
1491 1
1492 1
1493 0
1494 0
1495 0
1496 0
1497 0
1498 0
1499 1
1500 1
1501 0
1502 1
1503 0
1504 0
1505 0
1506 0
1507 0
1508 1
1509 1
1510 1
1511 1
1512 0
1513 1
1514 1
1515 1
1516 1
1517 0
1518 1
1519 0
1520 0
1521 0
1522 0
1523 0
1524 0
1525 1
1526 1
1527 0
1528 0
1529 0
1530 0
1531 0
1532 1
1533 2
1534 0
1535 1
1536 1
1537 0
1538 0
1539 0
1540 0
1541 0
1542 0
1543 0
1544 0
1545 1
1546 0
1547 1
1548 0
1549 1
1550 0
1551 1
1552 0
1553 1
1554 1
1555 2
1556 0
1557 0
1558 1
1559 0
1560 0
1561 0
1562 0
1563 0
1564 0
1565 0
1566 1
1567 1
1568 1
1569 1
1570 0
1571 0
1572 0
1573 1
1574 1
1575 1
1576 1
1577 0
1578 1
1579 1
1580 0
1581 1
1582 1
1583 1
1584 0
1585 0
1586 1
1587 0
1588 0
1589 0
1590 0
1591 0
1592 0
1593 1
1594 0
1595 0
1596 0
1597 2
1598 1
1599 1
1600 0
1601 0
1602 0
1603 2
1604 1
1605 0
1606 0
1607 1
1608 0
1609 1
1610 0
1611 1
1612 0
1613 0
1614 0
1615 1
1616 0
1617 0
1618 1
1619 1
1620 2
1621 1
1622 0
1623 0
1624 0
1625 1
1626 0
1627 1
1628 0
1629 0
1630 0
1631 1
1632 1
1633 0
1634 1
1635 1
1636 1
1637 0
1638 2
1639 1
1640 1
1641 0
1642 1
1643 1
1644 1
1645 1
1646 1
1647 0
1648 0
1649 1
1650 1
1651 1
1652 1
1653 0
1654 1
1655 1
1656 0
1657 0
1658 0
1659 1
1660 1
1661 1
1662 0
1663 2
1664 1
1665 0
1666 0
1667 0
1668 0
1669 0
1670 1
1671 1
1672 0
1673 1
1674 0
1675 0
1676 1
1677 0
1678 1
1679 0
1680 1
1681 1
1682 0
1683 0
1684 0
1685 1
1686 0
1687 0
1688 0
1689 1
1690 1
1691 0
1692 1
1693 1
1694 1
1695 1
1696 1
1697 0
1698 1
1699 0
1700 1
1701 0
1702 0
1703 1
1704 1
1705 0
1706 0
1707 1
1708 0
1709 0
1710 0
1711 0
1712 0
1713 0
1714 0
1715 1
1716 1
1717 1
1718 0
1719 1
1720 0
1721 0
1722 0
1723 1
1724 0
1725 0
1726 1
1727 0
1728 0
1729 0
1730 0
1731 1
1732 1
1733 0
1734 0
1735 0
1736 1
1737 0
1738 0
1739 1
1740 0
1741 1
1742 0
1743 0
1744 0
1745 0
1746 0
1747 0
1748 1
1749 1
1750 2
1751 0
1752 0
1753 0
1754 0
1755 1
1756 1
1757 1
1758 0
1759 0
1760 1
1761 1
1762 0
1763 1
1764 1
1765 0
1766 1
1767 1
1768 1
1769 1
1770 1
1771 1
1772 0
1773 1
1774 1
1775 0
1776 1
1777 2
1778 0
1779 0
1780 0
1781 0
1782 1
1783 0
1784 1
1785 1
1786 1
1787 1
1788 1
1789 1
1790 0
1791 0
1792 1
1793 1
1794 1
1795 0
1796 1
1797 0
1798 1
1799 0
1800 0
1801 2
1802 1
1803 0
1804 2
1805 1
1806 1
1807 1
1808 0
1809 0
1810 2
1811 1
1812 3
1813 2
1814 1
1815 1
1816 1
1817 1
1818 1
1819 0
1820 1
1821 1
1822 1
1823 0
1824 0
1825 0
1826 0
1827 0
1828 0
1829 1
1830 1
1831 0
1832 1
1833 1
1834 0
1835 1
1836 2
1837 0
1838 1
1839 1
1840 1
1841 1
1842 1
1843 0
1844 1
1845 0
1846 0
1847 0
1848 1
1849 0
1850 0
1851 1
1852 0
1853 1
1854 1
1855 0
1856 2
1857 1
1858 0
1859 1
1860 1
1861 1
1862 2
1863 2
1864 1
1865 1
1866 1
1867 0
1868 1
1869 1
1870 1
1871 1
1872 1
1873 0
1874 0
1875 1
1876 1
1877 2
1878 0
1879 2
1880 0
1881 0
1882 1
1883 0
1884 0
1885 0
1886 0
1887 0
1888 0
1889 1
1890 1
1891 0
1892 0
1893 1
1894 0
1895 2
1896 1
1897 0
1898 0
1899 1
1900 0
1901 1
1902 1
1903 1
1904 1
1905 1
1906 1
1907 1
1908 1
1909 0
1910 1
1911 1
1912 1
1913 0
1914 0
1915 1
1916 0
1917 0
1918 0
1919 0
1920 0
1921 0
1922 0
1923 0
1924 0
1925 0
1926 0
1927 0
1928 0
1929 0
1930 0
1931 0
1932 0
1933 0
1934 0
1935 0
1936 0
1937 0
1938 0
1939 0
1940 0
1941 0
1942 1
1943 2
1944 1
1945 1
1946 1
1947 0
1948 1
1949 1
1950 0
1951 0
1952 1
1953 0
1954 1
1955 0
1956 1
1957 0
1958 0
1959 1
1960 0
1961 0
1962 0
1963 0
1964 1
1965 0
1966 0
1967 0
1968 1
1969 0
1970 1
1971 1
1972 0
1973 0
1974 1
1975 1
1976 1
1977 0
1978 0
1979 0
1980 1
1981 0
1982 1
1983 0
1984 0
1985 0
1986 0
1987 0
1988 1
1989 0
1990 0
1991 0
1992 0
1993 1
1994 2
1995 1
1996 0
1997 1
1998 0
1999 2
