0 1
1 0
2 2
3 0
4 0
5 0
6 2
7 0
8 1
9 0
10 0
11 0
12 0
13 0
14 0
15 1
16 0
17 1
18 0
19 1
20 2
21 2
22 0
23 0
24 3
25 1
26 0
27 1
28 0
29 0
30 0
31 0
32 1
33 0
34 0
35 0
36 0
37 0
38 0
39 0
40 0
41 0
42 2
43 1
44 0
45 3
46 3
47 5
48 0
49 1
50 2
51 0
52 1
53 0
54 0
55 1
56 3
57 1
58 1
59 2
60 0
61 2
62 2
63 1
64 0
65 0
66 0
67 0
68 2
69 1
70 0
71 1
72 3
73 1
74 2
75 0
76 2
77 0
78 1
79 0
80 3
81 0
82 0
83 0
84 0
85 1
86 2
87 1
88 3
89 0
90 0
91 1
92 0
93 1
94 2
95 0
96 0
97 0
98 6
99 3
100 2
101 2
102 2
103 2
104 1
105 2
106 0
107 1
108 2
109 2
110 2
111 2
112 4
113 1
114 0
115 2
116 1
117 1
118 1
119 1
120 1
121 2
122 1
123 1
124 2
125 1
126 1
127 3
128 2
129 0
130 1
131 0
132 1
133 2
134 2
135 0
136 0
137 0
138 0
139 0
140 2
141 0
142 2
143 1
144 2
145 0
146 1
147 0
148 0
149 0
150 0
151 0
152 0
153 1
154 1
155 2
156 2
157 2
158 3
159 1
160 1
161 1
162 3
163 0
164 2
165 2
166 1
167 2
168 3
169 2
170 3
171 3
172 2
173 4
174 2
175 2
176 1
177 1
178 3
179 2
180 2
181 2
182 1
183 5
184 3
185 2
186 2
187 1
188 3
189 2
190 2
191 0
192 2
193 1
194 1
195 3
196 1
197 2
198 1
199 3
200 2
201 3
202 4
203 1
204 4
205 1
206 2
207 2
208 3
209 2
210 1
211 1
212 1
213 2
214 1
215 2
216 2
217 1
218 1
219 2
220 3
221 1
222 2
223 1
224 1
225 2
226 3
227 2
228 2
229 1
230 2
231 2
232 1
233 1
234 1
235 3
236 1
237 2
238 1
239 1
240 1
241 1
242 1
243 1
244 1
245 3
246 1
247 1
248 2
249 2
250 2
251 1
252 1
253 1
254 2
255 2
256 1
257 2
258 1
259 1
260 1
261 3
262 1
263 1
264 2
265 1
266 1
267 1
268 4
269 0
270 3
271 2
272 1
273 2
274 1
275 1
276 0
277 3
278 1
279 1
280 2
281 4
282 1
283 3
284 2
285 2
286 3
287 1
288 3
289 2
290 1
291 2
292 1
293 1
294 3
295 1
296 1
297 1
298 2
299 1
300 2
301 0
302 1
303 2
304 3
305 2
306 1
307 1
308 1
309 1
310 0
311 2
312 1
313 1
314 1
315 2
316 1
317 1
318 1
319 0
320 1
321 1
322 1
323 1
324 1
325 2
326 1
327 2
328 0
329 1
330 2
331 1
332 1
333 1
334 2
335 1
336 1
337 2
338 1
339 2
340 1
341 1
342 1
343 2
344 0
345 2
346 2
347 1
348 2
349 1
350 2
351 1
352 1
353 1
354 2
355 2
356 0
357 1
358 1
359 3
360 1
361 2
362 2
363 1
364 1
365 4
366 4
367 0
368 3
369 2
370 1
371 1
372 2
373 0
374 1
375 2
376 1
377 1
378 1
379 0
380 1
381 0
382 1
383 1
384 1
385 2
386 1
387 0
388 1
389 1
390 0
391 1
392 2
393 2
394 3
395 2
396 4
397 3
398 1
399 2
400 4
401 2
402 2
403 2
404 2
405 2
406 0
407 2
408 1
409 2
410 1
411 3
412 5
413 1
414 3
415 2
416 4
417 1
418 1
419 2
420 1
421 2
422 4
423 2
424 1
425 2
426 2
427 1
428 2
429 2
430 2
431 1
432 2
433 2
434 1
435 3
436 2
437 1
438 2
439 3
440 3
441 3
442 2
443 2
444 3
445 4
446 2
447 2
448 1
449 4
450 3
451 3
452 3
453 4
454 3
455 1
456 1
457 2
458 1
459 2
460 2
461 1
462 1
463 2
464 3
465 3
466 1
467 3
468 2
469 3
470 1
471 2
472 2
473 2
474 3
475 3
476 2
477 1
478 1
479 3
480 3
481 2
482 2
483 4
484 2
485 2
486 1
487 3
488 1
489 3
490 3
491 3
492 2
493 3
494 3
495 1
496 1
497 1
498 2
499 4
500 1
501 3
502 3
503 3
504 4
505 2
506 1
507 3
508 4
509 2
510 2
511 3
512 2
513 1
514 3
515 2
516 2
517 1
518 1
519 3
520 2
521 3
522 2
523 1
524 3
525 3
526 3
527 3
528 2
529 2
530 3
531 3
532 2
533 2
534 2
535 2
536 2
537 3
538 2
539 2
540 1
541 2
542 2
543 4
544 2
545 2
546 3
547 3
548 1
549 2
550 1
551 4
552 5
553 4
554 1
555 2
556 2
557 1
558 2
559 4
560 2
561 3
562 3
563 2
564 3
565 3
566 3
567 2
568 3
569 3
570 3
571 2
572 2
573 5
574 2
575 1
576 4
577 3
578 3
579 3
580 4
581 2
582 2
583 1
584 1
585 3
586 2
587 3
588 3
589 2
590 2
591 3
592 2
593 2
594 3
595 3
596 5
597 3
598 2
599 3
600 3
601 3
602 2
603 2
604 4
605 3
606 3
607 2
608 2
609 3
610 1
611 4
612 3
613 2
614 2
615 1
616 3
617 1
618 1
619 4
620 2
621 1
622 2
623 2
624 3
625 2
626 1
627 3
628 1
629 3
630 2
631 1
632 3
633 1
634 5
635 2
636 2
637 2
638 0
639 2
640 2
641 2
642 2
643 1
644 4
645 5
646 2
647 4
648 1
649 1
650 2
651 2
652 2
653 2
654 2
655 3
656 6
657 2
658 3
659 2
660 4
661 3
662 4
663 3
664 3
665 2
666 2
667 2
668 2
669 2
670 2
671 3
672 1
673 2
674 1
675 3
676 3
677 2
678 2
679 1
680 1
681 2
682 1
683 1
684 4
685 4
686 3
687 3
688 3
689 3
690 1
691 1
692 2
693 1
694 1
695 2
696 1
697 2
698 2
699 1
700 2
701 0
702 2
703 1
704 3
705 2
706 3
707 2
708 3
709 1
710 3
711 2
712 3
713 1
714 1
715 2
716 2
717 2
718 2
719 2
720 2
721 2
722 1
723 3
724 2
725 3
726 1
727 2
728 1
729 3
730 1
731 1
732 1
733 3
734 1
735 2
736 3
737 3
738 3
739 2
740 2
741 1
742 1
743 1
744 1
745 0
746 1
747 2
748 1
749 2
750 4
751 2
752 3
753 2
754 1
755 2
756 4
757 1
758 1
759 3
760 2
761 1
762 1
763 1
764 1
765 1
766 2
767 2
768 3
769 0
770 1
771 1
772 2
773 2
774 1
775 1
776 1
777 1
778 1
779 2
780 2
781 1
782 1
783 3
784 3
785 5
786 3
787 3
788 1
789 2
790 2
791 2
792 3
793 1
794 2
795 1
796 1
797 2
798 4
799 1
800 0
801 2
802 2
803 4
804 3
805 2
806 4
807 3
808 2
809 3
810 2
811 3
812 2
813 3
814 1
815 2
816 1
817 1
818 1
819 1
820 2
821 2
822 2
823 2
824 1
825 3
826 2
827 1
828 2
829 1
830 3
831 2
832 3
833 1
834 3
835 4
836 3
837 2
838 0
839 1
840 2
841 2
842 3
843 4
844 1
845 3
846 1
847 1
848 3
849 4
850 1
851 1
852 2
853 2
854 4
855 3
856 2
857 2
858 3
859 3
860 1
861 2
862 0
863 0
864 1
865 0
866 1
867 0
868 2
869 1
870 1
871 3
872 3
873 2
874 1
875 2
876 4
877 2
878 0
879 1
880 0
881 2
882 1
883 1
884 2
885 1
886 3
887 1
888 1
889 2
890 2
891 2
892 1
893 1
894 2
895 1
896 2
897 1
898 1
899 1
900 1
901 1
902 2
903 1
904 1
905 2
906 1
907 1
908 0
909 2
910 2
911 1
912 1
913 2
914 2
915 3
916 2
917 2
918 2
919 1
920 1
921 2
922 1
923 2
924 1
925 2
926 2
927 3
928 1
929 3
930 2
931 1
932 1
933 1
934 1
935 2
936 2
937 2
938 2
939 2
940 1
941 1
942 1
943 3
944 2
945 3
946 2
947 2
948 1
949 1
950 2
951 1
952 0
953 1
954 1
955 2
956 3
957 2
958 2
959 1
960 2
961 4
962 2
963 1
964 2
965 2
966 1
967 4
968 2
969 2
970 2
971 0
972 1
973 1
974 1
975 1
976 3
977 3
978 1
979 3
980 2
981 1
982 2
983 1
984 3
985 2
986 1
987 3
988 3
989 2
990 5
991 2
992 2
993 2
994 4
995 3
996 3
997 2
998 1
999 4
1000 3
1001 2
1002 2
1003 3
1004 4
1005 2
1006 3
1007 2
1008 3
1009 2
1010 2
1011 2
1012 3
1013 3
1014 1
1015 2
1016 2
1017 2
1018 3
1019 3
1020 3
1021 2
1022 3
1023 2
1024 1
1025 1
1026 3
1027 3
1028 3
1029 1
1030 1
1031 1
1032 4
1033 2
1034 3
1035 3
1036 2
1037 3
1038 1
1039 2
1040 0
1041 3
1042 1
1043 3
1044 3
1045 3
1046 3
1047 2
1048 3
1049 3
1050 3
1051 1
1052 2
1053 3
1054 2
1055 3
1056 0
1057 1
1058 2
1059 2
1060 2
1061 2
1062 1
1063 3
1064 0
1065 2
1066 3
1067 2
1068 3
1069 3
1070 1
1071 2
1072 2
1073 3
1074 2
1075 3
1076 2
1077 1
1078 3
1079 2
1080 1
1081 2
1082 3
1083 1
1084 2
1085 2
1086 1
1087 3
1088 2
1089 2
1090 1
1091 2
1092 1
1093 2
1094 0
1095 2
1096 2
1097 2
1098 2
1099 1
1100 2
1101 2
1102 2
1103 4
1104 2
1105 2
1106 2
1107 3
1108 3
1109 2
1110 2
1111 1
1112 2
1113 2
1114 3
1115 3
1116 1
1117 2
1118 2
1119 3
1120 3
1121 3
1122 1
1123 3
1124 1
1125 1
1126 1
1127 1
1128 2
1129 0
1130 1
1131 1
1132 1
1133 1
1134 1
1135 1
1136 1
1137 1
1138 1
1139 1
1140 2
1141 1
1142 3
1143 3
1144 2
1145 2
1146 2
1147 2
1148 2
1149 1
1150 3
1151 1
1152 2
1153 2
1154 2
1155 1
1156 2
1157 1
1158 2
1159 1
1160 3
1161 2
1162 3
1163 2
1164 1
1165 2
1166 2
1167 2
1168 1
1169 2
1170 3
1171 3
1172 2
1173 0
1174 2
1175 1
1176 2
1177 2
1178 2
1179 1
1180 3
1181 3
1182 2
1183 1
1184 1
1185 1
1186 2
1187 2
1188 3
1189 1
1190 3
1191 1
1192 2
1193 2
1194 3
1195 2
1196 3
1197 1
1198 2
1199 2
1200 1
1201 1
1202 2
1203 1
1204 3
1205 2
1206 3
1207 2
1208 1
1209 1
1210 2
1211 1
1212 2
1213 1
1214 1
1215 1
1216 1
1217 2
1218 2
1219 0
1220 0
1221 3
1222 1
1223 2
1224 2
1225 1
1226 2
1227 2
1228 1
1229 3
1230 3
1231 2
1232 2
1233 2
1234 2
1235 1
1236 2
1237 4
1238 3
1239 2
1240 1
1241 2
1242 2
1243 0
1244 0
1245 1
1246 2
1247 1
1248 3
1249 1
1250 1
1251 2
1252 3
1253 2
1254 1
1255 2
1256 2
1257 2
1258 2
1259 3
1260 2
1261 0
1262 2
1263 2
1264 1
1265 1
1266 3
1267 1
1268 1
1269 2
1270 2
1271 1
1272 2
1273 3
1274 3
1275 1
1276 0
1277 1
1278 1
1279 2
1280 2
1281 1
1282 1
1283 2
1284 2
1285 2
1286 3
1287 1
1288 3
1289 1
1290 2
1291 2
1292 3
1293 1
1294 2
1295 2
1296 2
1297 1
1298 2
1299 3
1300 0
1301 1
1302 2
1303 0
1304 1
1305 2
1306 2
1307 1
1308 1
1309 2
1310 2
1311 1
1312 2
1313 0
1314 2
1315 2
1316 3
1317 3
1318 1
1319 2
1320 2
1321 2
1322 1
1323 2
1324 1
1325 2
1326 4
1327 1
1328 2
1329 2
1330 3
1331 2
1332 2
1333 2
1334 1
1335 3
1336 2
1337 1
1338 3
1339 2
1340 2
1341 1
1342 1
1343 1
1344 2
1345 3
1346 1
1347 1
1348 2
1349 1
1350 1
1351 3
1352 1
1353 1
1354 2
1355 1
1356 2
1357 1
1358 2
1359 1
1360 1
1361 1
1362 2
1363 1
1364 3
1365 1
1366 2
1367 2
1368 1
1369 1
1370 1
1371 1
1372 2
1373 2
1374 2
1375 1
1376 2
1377 3
1378 1
1379 2
1380 2
1381 3
1382 1
1383 2
1384 0
1385 2
1386 2
1387 1
1388 2
1389 1
1390 3
1391 2
1392 3
1393 2
1394 2
1395 1
1396 1
1397 2
1398 1
1399 1
1400 2
1401 2
1402 2
1403 2
1404 2
1405 2
1406 1
1407 2
1408 2
1409 1
1410 1
1411 1
1412 2
1413 1
1414 2
1415 1
1416 4
1417 2
1418 3
1419 2
1420 1
1421 1
1422 1
1423 2
1424 2
1425 1
1426 2
1427 3
1428 1
1429 2
1430 1
1431 3
1432 3
1433 1
1434 2
1435 1
1436 1
1437 2
1438 1
1439 1
1440 3
1441 1
1442 1
1443 1
1444 1
1445 2
1446 3
1447 1
1448 1
1449 1
1450 2
1451 2
1452 1
1453 1
1454 1
1455 0
1456 2
1457 1
1458 2
1459 2
1460 1
1461 2
1462 3
1463 1
1464 4
1465 2
1466 2
1467 2
1468 1
1469 1
1470 2
1471 3
1472 1
1473 2
1474 1
1475 3
1476 1
1477 0
1478 1
1479 1
1480 3
1481 2
1482 2
1483 1
1484 1
1485 1
1486 1
1487 2
1488 1
1489 2
1490 1
1491 1
1492 1
1493 3
1494 2
1495 2
1496 1
1497 3
1498 2
1499 4
1500 4
1501 3
1502 2
1503 2
1504 2
1505 2
1506 1
1507 2
1508 2
1509 2
1510 3
1511 1
1512 2
1513 1
1514 2
1515 2
1516 6
1517 2
1518 1
1519 2
1520 2
1521 2
1522 2
1523 1
1524 2
1525 4
1526 1
1527 4
1528 1
1529 2
1530 2
1531 2
1532 5
1533 2
1534 2
1535 2
1536 2
1537 1
1538 2
1539 2
1540 1
1541 2
1542 2
1543 5
1544 2
1545 5
1546 2
1547 2
1548 2
1549 3
1550 2
1551 3
1552 3
1553 3
1554 1
1555 1
1556 3
1557 4
1558 2
1559 1
1560 2
1561 2
1562 2
1563 3
1564 4
1565 2
1566 2
1567 4
1568 2
1569 4
1570 1
1571 2
1572 2
1573 3
1574 0
1575 2
1576 1
1577 4
1578 2
1579 4
1580 3
1581 2
1582 4
1583 2
1584 5
1585 4
1586 2
1587 3
1588 3
1589 2
1590 2
1591 2
1592 4
1593 1
1594 2
1595 3
1596 2
1597 1
1598 1
1599 3
1600 2
1601 1
1602 2
1603 2
1604 1
1605 3
1606 1
1607 1
1608 2
1609 1
1610 2
1611 3
1612 2
1613 2
1614 1
1615 2
1616 1
1617 2
1618 1
1619 2
1620 3
1621 3
1622 3
1623 3
1624 1
1625 3
1626 3
1627 0
1628 1
1629 4
1630 3
1631 3
1632 1
1633 0
1634 3
1635 1
1636 2
1637 4
1638 2
1639 2
1640 2
1641 0
1642 3
1643 0
1644 1
1645 2
1646 2
1647 0
1648 3
1649 1
1650 3
1651 2
1652 3
1653 1
1654 1
1655 2
1656 2
1657 3
1658 1
1659 2
1660 2
1661 1
1662 2
1663 1
1664 1
1665 1
1666 1
1667 3
1668 2
1669 0
1670 0
1671 0
1672 0
1673 1
1674 0
1675 0
1676 1
1677 1
1678 0
1679 1
1680 0
1681 0
1682 0
1683 0
1684 0
1685 1
1686 0
1687 2
1688 1
1689 0
1690 0
1691 2
1692 2
1693 2
1694 0
1695 2
1696 0
1697 0
1698 1
1699 2
1700 2
1701 0
1702 2
1703 0
1704 0
1705 0
1706 0
1707 2
1708 2
1709 1
1710 2
1711 1
1712 2
1713 2
1714 1
1715 2
1716 2
1717 1
1718 1
1719 0
1720 0
1721 0
1722 0
1723 2
1724 0
1725 1
1726 1
1727 0
1728 0
1729 0
1730 1
1731 2
1732 1
1733 0
1734 0
1735 2
1736 1
1737 0
1738 0
1739 1
1740 0
1741 1
1742 0
1743 0
1744 0
1745 0
1746 2
1747 0
1748 2
1749 1
1750 0
1751 0
1752 0
1753 0
1754 0
1755 1
1756 0
1757 0
1758 2
1759 1
1760 1
1761 0
1762 1
1763 0
1764 0
1765 1
1766 0
1767 0
1768 0
1769 0
1770 0
1771 1
1772 1
1773 1
1774 0
1775 0
1776 0
1777 0
1778 0
1779 0
1780 0
1781 1
1782 2
1783 0
1784 0
1785 1
1786 0
1787 2
1788 0
1789 1
1790 0
1791 1
1792 0
1793 1
1794 0
1795 1
1796 1
1797 1
1798 1
1799 1
1800 0
1801 2
1802 1
1803 2
1804 1
1805 1
1806 1
1807 1
1808 0
1809 1
1810 1
1811 0
1812 1
1813 1
1814 0
1815 0
1816 0
1817 0
1818 2
1819 0
1820 1
1821 1
1822 2
1823 1
1824 0
1825 2
1826 0
1827 0
1828 0
1829 0
1830 2
1831 0
1832 2
1833 1
1834 0
1835 1
1836 1
1837 0
1838 0
1839 0
1840 0
1841 1
1842 1
1843 1
1844 0
1845 1
1846 0
1847 0
1848 0
1849 0
1850 1
1851 0
1852 0
1853 0
1854 1
1855 0
1856 0
1857 0
1858 0
1859 0
1860 0
1861 0
1862 1
1863 1
1864 1
1865 2
1866 1
1867 0
1868 1
1869 0
1870 0
1871 1
1872 1
1873 1
1874 2
1875 2
1876 0
1877 1
1878 2
1879 1
1880 0
1881 1
1882 1
1883 1
1884 1
1885 0
1886 0
1887 1
1888 1
1889 1
1890 0
1891 1
1892 1
1893 1
1894 2
1895 1
1896 1
1897 2
1898 1
1899 1
1900 1
1901 2
1902 1
1903 1
1904 1
1905 1
1906 1
1907 1
1908 0
1909 0
1910 0
1911 0
1912 3
1913 0
1914 1
1915 0
1916 0
1917 0
1918 0
1919 0
1920 0
1921 3
1922 3
1923 1
1924 2
1925 1
1926 2
1927 2
1928 3
1929 3
1930 0
1931 0
1932 0
1933 1
1934 0
1935 0
1936 0
1937 1
1938 1
1939 1
1940 1
1941 3
1942 1
1943 3
1944 0
1945 0
1946 2
1947 2
1948 0
1949 1
1950 1
1951 2
1952 0
1953 1
1954 0
1955 0
1956 0
1957 1
1958 1
1959 1
1960 0
1961 3
1962 1
1963 1
1964 1
1965 1
1966 0
1967 0
1968 0
1969 0
1970 0
1971 0
1972 0
1973 0
1974 0
1975 0
1976 1
1977 1
1978 1
1979 3
1980 1
1981 4
1982 2
1983 1
1984 1
1985 0
1986 1
1987 1
1988 0
1989 0
1990 0
1991 0
1992 1
1993 1
1994 0
1995 0
1996 1
1997 1
1998 1
1999 2
