0 0
1 0
2 0
3 0
4 0
5 0
6 0
7 0
8 0
9 0
10 0
11 0
12 0
13 0
14 0
15 0
16 0
17 0
18 0
19 0
20 0
21 0
22 0
23 0
24 0
25 0
26 0
27 0
28 0
29 0
30 0
31 0
32 0
33 0
34 0
35 0
36 0
37 0
38 0
39 0
40 0
41 0
42 0
43 0
44 0
45 0
46 0
47 0
48 0
49 0
50 0
51 0
52 0
53 0
54 0
55 0
56 0
57 0
58 0
59 0
60 0
61 0
62 0
63 0
64 0
65 0
66 0
67 0
68 0
69 0
70 0
71 0
72 0
73 0
74 0
75 0
76 0
77 0
78 0
79 0
80 0
81 0
82 0
83 0
84 0
85 0
86 0
87 0
88 0
89 0
90 0
91 0
92 0
93 0
94 0
95 0
96 0
97 0
98 0
99 0
100 0
101 0
102 0
103 0
104 0
105 0
106 0
107 0
108 0
109 0
110 0
111 0
112 0
113 0
114 0
115 0
116 0
117 0
118 0
119 0
120 0
121 0
122 0
123 0
124 0
125 0
126 0
127 0
128 0
129 0
130 0
131 0
132 0
133 0
134 0
135 0
136 0
137 0
138 0
139 0
140 0
141 0
142 0
143 0
144 0
145 0
146 0
147 0
148 0
149 0
150 0
151 0
152 0
153 0
154 0
155 0
156 0
157 0
158 0
159 0
160 0
161 0
162 0
163 0
164 0
165 0
166 0
167 0
168 0
169 0
170 0
171 0
172 0
173 0
174 0
175 0
176 0
177 0
178 0
179 0
180 0
181 0
182 0
183 0
184 0
185 0
186 0
187 0
188 0
189 0
190 0
191 0
192 0
193 0
194 0
195 0
196 0
197 0
198 0
199 0
200 0
201 0
202 0
203 0
204 0
205 0
206 0
207 0
208 0
209 0
210 0
211 0
212 0
213 0
214 0
215 0
216 0
217 0
218 0
219 0
220 0
221 0
222 0
223 0
224 0
225 0
226 0
227 0
228 0
229 0
230 0
231 0
232 0
233 0
234 0
235 0
236 0
237 0
238 0
239 0
240 0
241 0
242 0
243 0
244 0
245 0
246 0
247 0
248 0
249 0
250 0
251 0
252 0
253 0
254 0
255 0
256 0
257 0
258 0
259 0
260 0
261 0
262 0
263 0
264 0
265 0
266 0
267 0
268 0
269 0
270 0
271 0
272 0
273 0
274 0
275 0
276 0
277 0
278 0
279 0
280 0
281 0
282 0
283 0
284 0
285 0
286 0
287 0
288 0
289 0
290 0
291 0
292 0
293 0
294 1
295 0
296 0
297 0
298 0
299 0
300 0
301 0
302 0
303 0
304 0
305 0
306 0
307 0
308 0
309 0
310 1
311 0
312 0
313 0
314 0
315 0
316 0
317 0
318 0
319 0
320 1
321 0
322 0
323 0
324 0
325 0
326 0
327 0
328 0
329 0
330 0
331 0
332 0
333 1
334 0
335 0
336 0
337 0
338 0
339 0
340 0
341 0
342 0
343 0
344 0
345 0
346 0
347 0
348 1
349 0
350 0
351 0
352 0
353 0
354 0
355 0
356 1
357 0
358 0
359 0
360 0
361 0
362 0
363 0
364 0
365 0
366 0
367 0
368 0
369 0
370 0
371 0
372 0
373 0
374 0
375 0
376 0
377 0
378 0
379 0
380 0
381 0
382 0
383 0
384 0
385 0
386 0
387 0
388 0
389 0
390 0
391 0
392 0
393 0
394 0
395 0
396 0
397 0
398 0
399 0
400 0
401 0
402 0
403 0
404 0
405 0
406 0
407 0
408 0
409 0
410 0
411 0
412 0
413 0
414 0
415 0
416 1
417 0
418 0
419 0
420 0
421 0
422 0
423 0
424 0
425 0
426 0
427 0
428 0
429 0
430 0
431 0
432 0
433 0
434 0
435 0
436 0
437 0
438 0
439 0
440 0
441 1
442 0
443 0
444 0
445 0
446 0
447 0
448 1
449 0
450 0
451 0
452 0
453 0
454 0
455 0
456 0
457 0
458 0
459 0
460 2
461 0
462 1
463 0
464 1
465 1
466 0
467 1
468 1
469 1
470 1
471 1
472 1
473 2
474 1
475 1
476 1
477 2
478 1
479 1
480 1
481 2
482 1
483 1
484 1
485 0
486 1
487 1
488 1
489 1
490 1
491 1
492 2
493 1
494 3
495 2
496 2
497 0
498 2
499 2
500 0
501 1
502 2
503 1
504 2
505 1
506 1
507 2
508 2
509 2
510 2
511 2
512 2
513 2
514 2
515 1
516 1
517 1
518 1
519 2
520 1
521 1
522 1
523 1
524 1
525 1
526 0
527 0
528 1
529 1
530 1
531 2
532 2
533 1
534 0
535 1
536 2
537 1
538 2
539 1
540 1
541 0
542 1
543 1
544 1
545 2
546 1
547 1
548 2
549 1
550 1
551 1
552 2
553 2
554 2
555 1
556 1
557 1
558 1
559 2
560 1
561 2
562 2
563 1
564 1
565 1
566 1
567 1
568 1
569 1
570 1
571 2
572 1
573 2
574 2
575 1
576 2
577 2
578 3
579 1
580 1
581 2
582 2
583 2
584 2
585 2
586 2
587 1
588 1
589 1
590 3
591 1
592 2
593 2
594 1
595 2
596 0
597 1
598 1
599 1
600 1
601 1
602 1
603 1
604 0
605 1
606 2
607 1
608 0
609 2
610 2
611 1
612 1
613 2
614 1
615 1
616 2
617 0
618 0
619 0
620 2
621 0
622 0
623 2
624 0
625 1
626 1
627 1
628 0
629 0
630 1
631 1
632 1
633 1
634 2
635 2
636 2
637 1
638 1
639 1
640 0
641 0
642 1
643 0
644 0
645 0
646 0
647 0
648 0
649 0
650 0
651 0
652 0
653 1
654 0
655 0
656 0
657 0
658 0
659 0
660 0
661 0
662 1
663 0
664 0
665 0
666 2
667 0
668 1
669 0
670 0
671 1
672 1
673 1
674 1
675 1
676 1
677 1
678 0
679 1
680 1
681 2
682 1
683 0
684 0
685 0
686 0
687 1
688 1
689 0
690 0
691 0
692 0
693 1
694 1
695 1
696 0
697 1
698 0
699 0
700 0
701 0
702 0
703 0
704 0
705 0
706 0
707 1
708 0
709 2
710 0
711 1
712 2
713 1
714 2
715 1
716 1
717 0
718 1
719 1
720 2
721 1
722 1
723 1
724 2
725 2
726 1
727 2
728 1
729 2
730 1
731 2
732 1
733 1
734 1
735 0
736 2
737 1
738 1
739 2
740 1
741 0
742 2
743 1
744 2
745 2
746 2
747 1
748 1
749 0
750 0
751 2
752 0
753 1
754 1
755 1
756 1
757 1
758 2
759 1
760 2
761 2
762 2
763 1
764 1
765 0
766 1
767 2
768 2
769 1
770 1
771 1
772 3
773 1
774 1
775 1
776 0
777 1
778 1
779 1
780 0
781 1
782 1
783 2
784 1
785 2
786 2
787 1
788 2
789 1
790 2
791 1
792 1
793 1
794 1
795 0
796 1
797 2
798 1
799 1
800 1
801 0
802 1
803 0
804 0
805 0
806 1
807 1
808 0
809 1
810 2
811 1
812 2
813 1
814 1
815 0
816 1
817 1
818 1
819 1
820 1
821 1
822 0
823 1
824 1
825 2
826 1
827 1
828 0
829 1
830 0
831 1
832 0
833 1
834 0
835 0
836 1
837 0
838 1
839 0
840 1
841 0
842 1
843 1
844 1
845 1
846 1
847 0
848 1
849 1
850 1
851 0
852 0
853 3
854 1
855 1
856 1
857 1
858 0
859 1
860 0
861 1
862 1
863 2
864 1
865 0
866 1
867 2
868 1
869 1
870 2
871 2
872 0
873 1
874 0
875 1
876 0
877 1
878 1
879 1
880 1
881 1
882 1
883 0
884 1
885 1
886 0
887 1
888 1
889 0
890 1
891 0
892 1
893 1
894 1
895 0
896 1
897 1
898 0
899 1
900 0
901 2
902 0
903 2
904 1
905 1
906 1
907 1
908 0
909 1
910 1
911 1
912 0
913 1
914 1
915 1
916 1
917 1
918 1
919 2
920 1
921 0
922 1
923 1
924 1
925 0
926 2
927 0
928 2
929 1
930 1
931 1
932 2
933 2
934 1
935 1
936 1
937 1
938 1
939 1
940 1
941 1
942 1
943 2
944 1
945 1
946 1
947 1
948 2
949 1
950 0
951 0
952 1
953 1
954 1
955 0
956 2
957 1
958 2
959 1
960 2
961 2
962 2
963 1
964 1
965 1
966 1
967 1
968 1
969 1
970 2
971 1
972 1
973 2
974 1
975 1
976 1
977 1
978 1
979 1
980 1
981 0
982 1
983 1
984 1
985 1
986 1
987 1
988 1
989 2
990 1
991 2
992 3
993 1
994 1
995 1
996 2
997 2
998 3
999 2
1000 1
1001 1
1002 3
1003 1
1004 1
1005 2
1006 2
1007 2
1008 2
1009 2
1010 2
1011 2
1012 2
1013 2
1014 0
1015 3
1016 1
1017 1
1018 1
1019 2
1020 1
1021 2
1022 2
1023 1
1024 2
1025 2
1026 0
1027 2
1028 0
1029 2
1030 1
1031 2
1032 2
1033 1
1034 2
1035 1
1036 1
1037 1
1038 2
1039 2
1040 2
1041 1
1042 1
1043 1
1044 1
1045 1
1046 1
1047 1
1048 1
1049 1
1050 2
1051 2
1052 1
1053 0
1054 1
1055 1
1056 2
1057 1
1058 2
1059 0
1060 1
1061 1
1062 0
1063 1
1064 1
1065 1
1066 1
1067 0
1068 1
1069 0
1070 0
1071 0
1072 0
1073 1
1074 1
1075 1
1076 0
1077 1
1078 1
1079 2
1080 1
1081 0
1082 1
1083 1
1084 0
1085 0
1086 1
1087 0
1088 0
1089 1
1090 1
1091 2
1092 1
1093 1
1094 1
1095 1
1096 0
1097 0
1098 0
1099 2
1100 2
1101 1
1102 1
1103 1
1104 1
1105 1
1106 1
1107 2
1108 0
1109 1
1110 3
1111 2
1112 3
1113 2
1114 2
1115 2
1116 2
1117 2
1118 2
1119 2
1120 0
1121 2
1122 2
1123 2
1124 2
1125 2
1126 1
1127 2
1128 1
1129 1
1130 2
1131 1
1132 1
1133 2
1134 2
1135 0
1136 1
1137 2
1138 0
1139 1
1140 2
1141 1
1142 2
1143 2
1144 2
1145 2
1146 1
1147 1
1148 1
1149 3
1150 1
1151 1
1152 1
1153 2
1154 1
1155 1
1156 2
1157 2
1158 2
1159 3
1160 1
1161 1
1162 2
1163 1
1164 2
1165 2
1166 2
1167 2
1168 1
1169 3
1170 1
1171 1
1172 2
1173 1
1174 0
1175 2
1176 1
1177 1
1178 2
1179 3
1180 3
1181 2
1182 1
1183 2
1184 2
1185 2
1186 2
1187 0
1188 3
1189 2
1190 1
1191 3
1192 1
1193 2
1194 1
1195 2
1196 0
1197 2
1198 1
1199 2
1200 2
1201 1
1202 2
1203 1
1204 1
1205 2
1206 2
1207 2
1208 1
1209 2
1210 2
1211 2
1212 2
1213 1
1214 2
1215 2
1216 2
1217 2
1218 2
1219 1
1220 1
1221 2
1222 2
1223 2
1224 1
1225 2
1226 1
1227 2
1228 1
1229 2
1230 2
1231 2
1232 1
1233 2
1234 2
1235 2
1236 1
1237 2
1238 1
1239 2
1240 2
1241 1
1242 2
1243 2
1244 2
1245 2
1246 2
1247 1
1248 2
1249 1
1250 3
1251 2
1252 2
1253 1
1254 1
1255 2
1256 2
1257 2
1258 2
1259 1
1260 2
1261 1
1262 1
1263 2
1264 0
1265 2
1266 1
1267 2
1268 2
1269 2
1270 2
1271 1
1272 1
1273 1
1274 2
1275 1
1276 2
1277 2
1278 2
1279 2
1280 2
1281 1
1282 2
1283 2
1284 3
1285 1
1286 1
1287 2
1288 3
1289 2
1290 2
1291 2
1292 3
1293 1
1294 2
1295 2
1296 1
1297 2
1298 0
1299 1
1300 2
1301 2
1302 1
1303 2
1304 2
1305 1
1306 2
1307 0
1308 2
1309 1
1310 1
1311 2
1312 2
1313 2
1314 2
1315 2
1316 1
1317 2
1318 1
1319 2
1320 1
1321 2
1322 0
1323 1
1324 1
1325 2
1326 1
1327 1
1328 0
1329 2
1330 1
1331 1
1332 1
1333 1
1334 0
1335 1
1336 1
1337 1
1338 1
1339 2
1340 0
1341 1
1342 1
1343 2
1344 1
1345 2
1346 2
1347 1
1348 2
1349 2
1350 2
1351 2
1352 2
1353 2
1354 2
1355 2
1356 2
1357 2
1358 2
1359 2
1360 2
1361 2
1362 2
1363 2
1364 1
1365 1
1366 2
1367 2
1368 1
1369 1
1370 2
1371 1
1372 1
1373 0
1374 2
1375 2
1376 2
1377 2
1378 2
1379 1
1380 2
1381 1
1382 0
1383 2
1384 1
1385 0
1386 1
1387 1
1388 1
1389 1
1390 1
1391 2
1392 1
1393 1
1394 1
1395 2
1396 1
1397 1
1398 1
1399 1
1400 2
1401 1
1402 0
1403 0
1404 0
1405 0
1406 1
1407 1
1408 1
1409 0
1410 1
1411 1
1412 2
1413 1
1414 1
1415 1
1416 2
1417 1
1418 1
1419 1
1420 1
1421 0
1422 2
1423 1
1424 2
1425 2
1426 1
1427 1
1428 0
1429 1
1430 1
1431 1
1432 0
1433 0
1434 1
1435 1
1436 1
1437 1
1438 1
1439 1
1440 2
1441 1
1442 2
1443 2
1444 1
1445 1
1446 0
1447 2
1448 1
1449 0
1450 0
1451 0
1452 2
1453 2
1454 1
1455 0
1456 1
1457 1
1458 0
1459 1
1460 2
1461 0
1462 1
1463 1
1464 1
1465 2
1466 2
1467 2
1468 2
1469 2
1470 1
1471 1
1472 1
1473 2
1474 2
1475 1
1476 0
1477 1
1478 1
1479 1
1480 0
1481 2
1482 2
1483 3
1484 2
1485 1
1486 2
1487 1
1488 1
1489 1
1490 1
1491 1
1492 1
1493 0
1494 1
1495 1
1496 1
1497 2
1498 2
1499 0
1500 1
1501 1
1502 1
1503 1
1504 0
1505 0
1506 1
1507 0
1508 1
1509 0
1510 1
1511 2
1512 1
1513 1
1514 1
1515 2
1516 1
1517 1
1518 1
1519 0
1520 1
1521 1
1522 2
1523 2
1524 1
1525 1
1526 2
1527 0
1528 1
1529 1
1530 1
1531 1
1532 2
1533 1
1534 1
1535 1
1536 2
1537 1
1538 0
1539 1
1540 1
1541 2
1542 1
1543 1
1544 2
1545 1
1546 2
1547 1
1548 2
1549 1
1550 1
1551 2
1552 1
1553 2
1554 1
1555 2
1556 2
1557 1
1558 2
1559 2
1560 2
1561 2
1562 1
1563 2
1564 1
1565 2
1566 1
1567 2
1568 1
1569 2
1570 1
1571 1
1572 1
1573 2
1574 1
1575 1
1576 0
1577 1
1578 2
1579 2
1580 1
1581 2
1582 2
1583 2
1584 2
1585 2
1586 3
1587 2
1588 2
1589 1
1590 1
1591 1
1592 2
1593 1
1594 2
1595 1
1596 2
1597 2
1598 0
1599 1
1600 2
1601 2
1602 2
1603 1
1604 2
1605 2
1606 2
1607 2
1608 2
1609 0
1610 1
1611 2
1612 2
1613 1
1614 0
1615 2
1616 1
1617 0
1618 1
1619 1
1620 1
1621 1
1622 1
1623 1
1624 1
1625 1
1626 1
1627 1
1628 1
1629 1
1630 1
1631 1
1632 0
1633 1
1634 0
1635 0
1636 1
1637 0
1638 0
1639 1
1640 1
1641 1
1642 1
1643 1
1644 0
1645 1
1646 1
1647 0
1648 1
1649 1
1650 1
1651 1
1652 0
1653 1
1654 1
1655 1
1656 2
1657 1
1658 0
1659 0
1660 1
1661 0
1662 1
1663 1
1664 1
1665 1
1666 1
1667 1
1668 0
1669 1
1670 1
1671 0
1672 1
1673 1
1674 2
1675 1
1676 0
1677 1
1678 1
1679 1
1680 1
1681 1
1682 2
1683 2
1684 1
1685 2
1686 2
1687 2
1688 1
1689 2
1690 2
1691 1
1692 1
1693 2
1694 1
1695 1
1696 1
1697 1
1698 2
1699 1
1700 1
1701 0
1702 2
1703 1
1704 0
1705 1
1706 1
1707 1
1708 0
1709 1
1710 2
1711 2
1712 2
1713 3
1714 1
1715 1
1716 2
1717 2
1718 3
1719 1
1720 2
1721 2
1722 1
1723 0
1724 1
1725 1
1726 1
1727 2
1728 2
1729 2
1730 1
1731 3
1732 1
1733 2
1734 2
1735 2
1736 0
1737 1
1738 2
1739 2
1740 2
1741 3
1742 1
1743 2
1744 2
1745 0
1746 1
1747 1
1748 0
1749 1
1750 1
1751 1
1752 1
1753 1
1754 1
1755 1
1756 0
1757 1
1758 2
1759 0
1760 2
1761 1
1762 2
1763 2
1764 2
1765 2
1766 1
1767 1
1768 1
1769 2
1770 1
1771 0
1772 1
1773 1
1774 1
1775 1
1776 0
1777 0
1778 1
1779 0
1780 1
1781 1
1782 0
1783 1
1784 0
1785 1
1786 1
1787 1
1788 1
1789 1
1790 1
1791 1
1792 0
1793 1
1794 1
1795 1
1796 1
1797 1
1798 0
1799 1
1800 1
1801 2
1802 1
1803 1
1804 2
1805 1
1806 0
1807 1
1808 0
1809 1
1810 1
1811 1
1812 0
1813 2
1814 1
1815 0
1816 1
1817 0
1818 1
1819 1
1820 0
1821 1
1822 1
1823 1
1824 0
1825 1
1826 1
1827 1
1828 1
1829 2
1830 0
1831 1
1832 1
1833 1
1834 1
1835 1
1836 1
1837 1
1838 1
1839 1
1840 1
1841 1
1842 1
1843 1
1844 1
1845 0
1846 1
1847 1
1848 1
1849 1
1850 1
1851 0
1852 1
1853 1
1854 0
1855 1
1856 1
1857 2
1858 0
1859 1
1860 1
1861 1
1862 1
1863 0
1864 1
1865 0
1866 1
1867 1
1868 0
1869 1
1870 1
1871 1
1872 1
1873 1
1874 2
1875 0
1876 1
1877 1
1878 1
1879 1
1880 2
1881 1
1882 1
1883 1
1884 0
1885 1
1886 0
1887 1
1888 0
1889 1
1890 1
1891 1
1892 1
1893 1
1894 1
1895 1
1896 1
1897 1
1898 1
1899 1
1900 1
1901 1
1902 1
1903 2
1904 1
1905 1
1906 1
1907 0
1908 1
1909 0
1910 1
1911 0
1912 1
1913 1
1914 0
1915 1
1916 1
1917 1
1918 1
1919 1
1920 1
1921 0
1922 1
1923 1
1924 1
1925 1
1926 1
1927 1
1928 1
1929 2
1930 1
1931 1
1932 1
1933 0
1934 1
1935 0
1936 0
1937 1
1938 1
1939 1
1940 0
1941 0
1942 1
1943 1
1944 1
1945 1
1946 0
1947 1
1948 1
1949 1
1950 1
1951 1
1952 0
1953 1
1954 0
1955 1
1956 1
1957 1
1958 1
1959 0
1960 0
1961 1
1962 1
1963 1
1964 1
1965 0
1966 2
1967 1
1968 1
1969 1
1970 0
1971 1
1972 1
1973 1
1974 1
1975 2
1976 2
1977 1
1978 1
1979 1
1980 2
1981 1
1982 0
1983 1
1984 0
1985 2
1986 2
1987 1
1988 1
1989 1
1990 2
1991 3
1992 1
1993 1
1994 1
1995 3
1996 2
1997 1
1998 1
1999 2
