0 0
1 0
2 0
3 0
4 0
5 0
6 0
7 1
8 1
9 2
10 2
11 3
12 1
13 0
14 1
15 1
16 1
17 0
18 0
19 0
20 0
21 0
22 1
23 1
24 1
25 3
26 2
27 1
28 1
29 2
30 2
31 1
32 2
33 1
34 1
35 2
36 2
37 1
38 3
39 2
40 1
41 1
42 2
43 2
44 1
45 1
46 2
47 1
48 2
49 2
50 2
51 1
52 2
53 1
54 3
55 1
56 1
57 1
58 1
59 2
60 1
61 0
62 1
63 2
64 2
65 2
66 2
67 2
68 2
69 1
70 1
71 1
72 0
73 0
74 0
75 0
76 0
77 1
78 0
79 1
80 0
81 1
82 1
83 0
84 0
85 0
86 1
87 0
88 0
89 0
90 1
91 2
92 1
93 3
94 1
95 2
96 1
97 1
98 1
99 3
100 2
101 2
102 1
103 2
104 2
105 1
106 2
107 1
108 2
109 2
110 2
111 2
112 1
113 2
114 1
115 3
116 0
117 0
118 0
119 1
120 0
121 2
122 0
123 0
124 1
125 0
126 1
127 1
128 2
129 1
130 0
131 0
132 0
133 1
134 1
135 0
136 1
137 1
138 1
139 1
140 1
141 1
142 1
143 0
144 0
145 1
146 1
147 1
148 1
149 1
150 1
151 1
152 1
153 0
154 1
155 1
156 0
157 2
158 2
159 0
160 1
161 0
162 1
163 0
164 1
165 0
166 1
167 1
168 1
169 1
170 1
171 0
172 0
173 0
174 0
175 0
176 0
177 0
178 0
179 0
180 0
181 0
182 0
183 0
184 0
185 0
186 0
187 1
188 1
189 2
190 0
191 0
192 0
193 3
194 1
195 2
196 0
197 0
198 0
199 0
200 0
201 0
202 1
203 0
204 0
205 0
206 1
207 0
208 0
209 2
210 0
211 1
212 1
213 1
214 0
215 0
216 0
217 0
218 0
219 0
220 0
221 0
222 0
223 0
224 0
225 1
226 1
227 2
228 3
229 2
230 2
231 2
232 0
233 2
234 2
235 3
236 1
237 3
238 2
239 1
240 2
241 3
242 1
243 2
244 2
245 1
246 1
247 3
248 3
249 1
250 1
251 2
252 1
253 2
254 2
255 2
256 1
257 0
258 1
259 2
260 2
261 1
262 1
263 2
264 1
265 0
266 2
267 0
268 1
269 1
270 0
271 0
272 0
273 2
274 1
275 1
276 0
277 1
278 2
279 1
280 1
281 1
282 2
283 3
284 1
285 2
286 2
287 2
288 3
289 2
290 3
291 2
292 2
293 1
294 2
295 1
296 1
297 3
298 2
299 2
300 1
301 1
302 2
303 1
304 1
305 1
306 1
307 1
308 1
309 2
310 2
311 2
312 2
313 2
314 1
315 0
316 1
317 1
318 0
319 1
320 1
321 1
322 1
323 2
324 1
325 2
326 1
327 2
328 2
329 2
330 2
331 2
332 2
333 2
334 2
335 1
336 1
337 2
338 0
339 1
340 1
341 2
342 1
343 0
344 0
345 3
346 0
347 0
348 0
349 1
350 0
351 1
352 0
353 0
354 1
355 1
356 2
357 1
358 2
359 1
360 1
361 2
362 2
363 2
364 2
365 1
366 0
367 1
368 2
369 2
370 1
371 2
372 2
373 1
374 2
375 2
376 1
377 1
378 1
379 1
380 1
381 1
382 2
383 2
384 1
385 1
386 1
387 1
388 0
389 2
390 1
391 1
392 1
393 0
394 1
395 3
396 0
397 0
398 2
399 1
400 2
401 1
402 2
403 1
404 0
405 0
406 1
407 1
408 1
409 2
410 0
411 2
412 1
413 1
414 2
415 2
416 2
417 1
418 0
419 0
420 1
421 1
422 0
423 0
424 0
425 2
426 1
427 1
428 0
429 1
430 0
431 0
432 1
433 1
434 1
435 1
436 2
437 1
438 2
439 0
440 1
441 1
442 1
443 1
444 2
445 0
446 0
447 0
448 0
449 1
450 0
451 1
452 2
453 2
454 0
455 0
456 0
457 0
458 0
459 0
460 0
461 0
462 1
463 1
464 0
465 0
466 0
467 0
468 0
469 0
470 0
471 0
472 0
473 0
474 0
475 0
476 0
477 0
478 0
479 0
480 0
481 0
482 0
483 0
484 0
485 0
486 0
487 0
488 1
489 1
490 0
491 0
492 0
493 0
494 0
495 0
496 0
497 0
498 1
499 0
500 1
501 1
502 0
503 1
504 1
505 0
506 0
507 0
508 0
509 1
510 1
511 0
512 1
513 0
514 1
515 2
516 1
517 1
518 0
519 1
520 1
521 2
522 1
523 1
524 1
525 1
526 1
527 1
528 1
529 1
530 2
531 0
532 0
533 1
534 1
535 0
536 1
537 1
538 0
539 0
540 1
541 0
542 0
543 1
544 0
545 0
546 0
547 1
548 2
549 0
550 0
551 0
552 0
553 0
554 0
555 0
556 0
557 0
558 0
559 2
560 0
561 0
562 0
563 1
564 2
565 0
566 0
567 1
568 0
569 0
570 0
571 0
572 1
573 0
574 1
575 0
576 0
577 3
578 1
579 0
580 0
581 1
582 0
583 0
584 0
585 0
586 0
587 0
588 0
589 0
590 0
591 0
592 0
593 0
594 1
595 1
596 2
597 1
598 1
599 0
600 1
601 0
602 0
603 1
604 0
605 3
606 3
607 2
608 1
609 1
610 1
611 0
612 1
613 1
614 2
615 1
616 0
617 1
618 2
619 1
620 0
621 2
622 2
623 1
624 1
625 1
626 1
627 1
628 0
629 0
630 1
631 1
632 1
633 1
634 2
635 1
636 1
637 1
638 0
639 3
640 3
641 0
642 2
643 1
644 0
645 0
646 1
647 0
648 2
649 2
650 2
651 2
652 3
653 1
654 2
655 3
656 2
657 1
658 2
659 0
660 2
661 3
662 2
663 0
664 0
665 0
666 0
667 2
668 1
669 0
670 0
671 0
672 0
673 0
674 0
675 0
676 0
677 0
678 0
679 0
680 0
681 0
682 1
683 1
684 1
685 2
686 0
687 0
688 1
689 1
690 0
691 0
692 1
693 2
694 0
695 1
696 1
697 2
698 2
699 1
700 0
701 1
702 0
703 0
704 0
705 2
706 1
707 2
708 2
709 1
710 1
711 2
712 1
713 2
714 0
715 3
716 1
717 1
718 1
719 2
720 1
721 2
722 2
723 2
724 1
725 2
726 1
727 1
728 1
729 1
730 1
731 0
732 2
733 0
734 0
735 0
736 1
737 1
738 0
739 0
740 0
741 0
742 0
743 0
744 0
745 0
746 0
747 0
748 0
749 1
750 0
751 0
752 0
753 0
754 0
755 0
756 0
757 0
758 0
759 0
760 0
761 0
762 0
763 0
764 0
765 0
766 0
767 0
768 0
769 0
770 0
771 0
772 0
773 0
774 0
775 0
776 0
777 0
778 0
779 0
780 0
781 0
782 0
783 0
784 0
785 0
786 0
787 2
788 0
789 0
790 1
791 2
792 0
793 0
794 0
795 0
796 0
797 0
798 0
799 0
800 0
801 0
802 0
803 0
804 0
805 0
806 0
807 0
808 0
809 0
810 0
811 0
812 0
813 0
814 0
815 0
816 0
817 0
818 0
819 0
820 0
821 0
822 0
823 0
824 0
825 0
826 2
827 2
828 0
829 3
830 0
831 1
832 1
833 1
834 1
835 0
836 0
837 0
838 0
839 0
840 0
841 0
842 0
843 0
844 3
845 0
846 0
847 2
848 2
849 1
850 0
851 1
852 0
853 3
854 0
855 0
856 0
857 0
858 0
859 0
860 0
861 0
862 0
863 0
864 2
865 1
866 2
867 1
868 2
869 0
870 0
871 0
872 1
873 1
874 1
875 2
876 2
877 1
878 3
879 2
880 1
881 1
882 2
883 2
884 1
885 2
886 1
887 1
888 1
889 2
890 2
891 1
892 1
893 2
894 2
895 2
896 2
897 1
898 2
899 0
900 0
901 0
902 1
903 0
904 0
905 0
906 0
907 0
908 0
909 0
910 0
911 2
912 2
913 2
914 2
915 2
916 2
917 1
918 2
919 2
920 2
921 0
922 1
923 0
924 0
925 0
926 1
927 0
928 0
929 0
930 2
931 0
932 1
933 0
934 2
935 0
936 2
937 0
938 0
939 1
940 0
941 0
942 0
943 1
944 2
945 0
946 2
947 0
948 0
949 0
950 0
951 2
952 0
953 0
954 0
955 0
956 0
957 0
958 0
959 0
960 0
961 0
962 0
963 0
964 0
965 0
966 0
967 0
968 0
969 1
970 0
971 2
972 2
973 3
974 1
975 0
976 1
977 0
978 0
979 1
980 1
981 1
982 2
983 0
984 1
985 1
986 0
987 0
988 0
989 0
990 0
991 1
992 0
993 0
994 0
995 0
996 0
997 1
998 0
999 1
1000 1
1001 0
1002 0
1003 1
1004 0
1005 0
1006 2
1007 1
1008 0
1009 0
1010 1
1011 2
1012 2
1013 2
1014 1
1015 1
1016 1
1017 2
1018 1
1019 1
1020 2
1021 1
1022 1
1023 2
1024 1
1025 1
1026 2
1027 2
1028 2
1029 2
1030 2
1031 1
1032 3
1033 2
1034 2
1035 2
1036 0
1037 0
1038 0
1039 1
1040 0
1041 1
1042 1
1043 1
1044 0
1045 0
1046 0
1047 0
1048 1
1049 0
1050 1
1051 0
1052 0
1053 1
1054 1
1055 2
1056 0
1057 0
1058 2
1059 1
1060 1
1061 1
1062 2
1063 1
1064 1
1065 1
1066 0
1067 0
1068 0
1069 0
1070 0
1071 1
1072 2
1073 1
1074 1
1075 1
1076 1
1077 1
1078 1
1079 0
1080 2
1081 1
1082 1
1083 0
1084 1
1085 1
1086 2
1087 3
1088 1
1089 1
1090 2
1091 1
1092 0
1093 0
1094 1
1095 0
1096 0
1097 0
1098 0
1099 0
1100 0
1101 0
1102 0
1103 0
1104 0
1105 0
1106 0
1107 0
1108 0
1109 0
1110 2
1111 0
1112 1
1113 1
1114 0
1115 1
1116 1
1117 1
1118 2
1119 2
1120 2
1121 1
1122 2
1123 2
1124 1
1125 1
1126 1
1127 1
1128 1
1129 0
1130 1
1131 1
1132 2
1133 1
1134 1
1135 2
1136 1
1137 1
1138 1
1139 1
1140 2
1141 2
1142 1
1143 2
1144 2
1145 1
1146 2
1147 2
1148 2
1149 1
1150 0
1151 1
1152 1
1153 1
1154 1
1155 0
1156 0
1157 0
1158 0
1159 0
1160 0
1161 0
1162 0
1163 0
1164 0
1165 0
1166 0
1167 0
1168 0
1169 0
1170 1
1171 0
1172 0
1173 0
1174 0
1175 0
1176 0
1177 0
1178 0
1179 0
1180 0
1181 0
1182 0
1183 0
1184 0
1185 0
1186 0
1187 0
1188 0
1189 0
1190 0
1191 0
1192 0
1193 0
1194 0
1195 0
1196 0
1197 0
1198 0
1199 0
1200 0
1201 1
1202 0
1203 0
1204 1
1205 0
1206 0
1207 0
1208 0
1209 0
1210 0
1211 0
1212 0
1213 0
1214 1
1215 1
1216 0
1217 0
1218 2
1219 0
1220 0
1221 0
1222 0
1223 0
1224 2
1225 2
1226 1
1227 1
1228 1
1229 3
1230 2
1231 1
1232 1
1233 2
1234 1
1235 2
1236 2
1237 3
1238 2
1239 1
1240 2
1241 2
1242 1
1243 2
1244 2
1245 2
1246 2
1247 2
1248 2
1249 1
1250 0
1251 0
1252 0
1253 0
1254 1
1255 2
1256 2
1257 3
1258 1
1259 1
1260 1
1261 1
1262 2
1263 1
1264 1
1265 2
1266 1
1267 1
1268 2
1269 2
1270 1
1271 2
1272 1
1273 1
1274 2
1275 2
1276 1
1277 1
1278 1
1279 1
1280 2
1281 1
1282 2
1283 1
1284 1
1285 1
1286 2
1287 2
1288 1
1289 2
1290 2
1291 1
1292 1
1293 1
1294 1
1295 1
1296 2
1297 1
1298 1
1299 2
1300 1
1301 0
1302 0
1303 0
1304 0
1305 2
1306 2
1307 2
1308 0
1309 0
1310 0
1311 3
1312 3
1313 1
1314 0
1315 2
1316 2
1317 1
1318 0
1319 0
1320 0
1321 0
1322 1
1323 2
1324 1
1325 3
1326 1
1327 3
1328 1
1329 0
1330 0
1331 2
1332 1
1333 1
1334 1
1335 3
1336 0
1337 0
1338 0
1339 0
1340 0
1341 0
1342 0
1343 0
1344 0
1345 1
1346 0
1347 0
1348 1
1349 1
1350 1
1351 1
1352 0
1353 1
1354 1
1355 2
1356 0
1357 0
1358 0
1359 0
1360 0
1361 0
1362 0
1363 1
1364 0
1365 1
1366 2
1367 1
1368 0
1369 1
1370 1
1371 2
1372 1
1373 1
1374 0
1375 2
1376 1
1377 1
1378 1
1379 2
1380 1
1381 0
1382 1
1383 0
1384 0
1385 1
1386 1
1387 0
1388 0
1389 0
1390 0
1391 0
1392 0
1393 0
1394 0
1395 0
1396 0
1397 0
1398 0
1399 0
1400 0
1401 0
1402 0
1403 0
1404 0
1405 0
1406 0
1407 0
1408 0
1409 0
1410 0
1411 0
1412 0
1413 0
1414 0
1415 0
1416 0
1417 0
1418 0
1419 0
1420 0
1421 0
1422 0
1423 0
1424 0
1425 0
1426 0
1427 0
1428 0
1429 0
1430 0
1431 0
1432 2
1433 1
1434 2
1435 2
1436 1
1437 1
1438 0
1439 0
1440 0
1441 0
1442 0
1443 1
1444 1
1445 0
1446 2
1447 0
1448 0
1449 0
1450 0
1451 0
1452 0
1453 0
1454 0
1455 0
1456 0
1457 0
1458 0
1459 0
1460 0
1461 0
1462 0
1463 0
1464 0
1465 0
1466 0
1467 1
1468 1
1469 0
1470 2
1471 1
1472 0
1473 1
1474 0
1475 0
1476 2
1477 1
1478 1
1479 0
1480 1
1481 2
1482 1
1483 2
1484 1
1485 1
1486 1
1487 0
1488 0
1489 1
1490 3
1491 0
1492 1
1493 1
1494 1
1495 2
1496 2
1497 2
1498 0
1499 1
1500 2
1501 1
1502 2
1503 1
1504 2
1505 1
1506 2
1507 0
1508 1
1509 1
1510 2
1511 1
1512 1
1513 1
1514 0
1515 0
1516 2
1517 1
1518 2
1519 0
1520 0
1521 1
1522 2
1523 0
1524 0
1525 1
1526 1
1527 2
1528 2
1529 1
1530 2
1531 1
1532 2
1533 1
1534 1
1535 0
1536 0
1537 1
1538 1
1539 0
1540 1
1541 1
1542 1
1543 2
1544 0
1545 2
1546 2
1547 0
1548 2
1549 1
1550 1
1551 1
1552 0
1553 0
1554 0
1555 2
1556 0
1557 0
1558 0
1559 0
1560 0
1561 0
1562 0
1563 1
1564 0
1565 1
1566 0
1567 2
1568 1
1569 1
1570 2
1571 1
1572 1
1573 2
1574 1
1575 2
1576 2
1577 3
1578 0
1579 3
1580 2
1581 0
1582 1
1583 3
1584 2
1585 2
1586 2
1587 0
1588 1
1589 1
1590 0
1591 0
1592 0
1593 0
1594 0
1595 2
1596 2
1597 0
1598 0
1599 2
1600 1
1601 2
1602 2
1603 1
1604 1
1605 2
1606 2
1607 1
1608 1
1609 0
1610 0
1611 0
1612 0
1613 0
1614 0
1615 0
1616 0
1617 0
1618 0
1619 0
1620 0
1621 0
1622 0
1623 0
1624 0
1625 1
1626 0
1627 2
1628 0
1629 4
1630 0
1631 1
1632 0
1633 1
1634 1
1635 0
1636 0
1637 1
1638 0
1639 0
1640 0
1641 0
1642 0
1643 0
1644 1
1645 0
1646 1
1647 1
1648 1
1649 2
1650 1
1651 1
1652 1
1653 0
1654 3
1655 0
1656 0
1657 0
1658 2
1659 1
1660 0
1661 0
1662 0
1663 0
1664 0
1665 0
1666 0
1667 0
1668 1
1669 0
1670 0
1671 0
1672 0
1673 0
1674 0
1675 0
1676 0
1677 0
1678 0
1679 0
1680 1
1681 0
1682 0
1683 2
1684 0
1685 1
1686 1
1687 1
1688 2
1689 1
1690 2
1691 1
1692 1
1693 0
1694 1
1695 2
1696 1
1697 1
1698 1
1699 2
1700 0
1701 0
1702 2
1703 0
1704 0
1705 2
1706 0
1707 0
1708 1
1709 3
1710 1
1711 0
1712 3
1713 0
1714 0
1715 0
1716 0
1717 0
1718 0
1719 0
1720 0
1721 0
1722 0
1723 0
1724 0
1725 0
1726 1
1727 1
1728 0
1729 1
1730 0
1731 1
1732 1
1733 0
1734 2
1735 1
1736 1
1737 1
1738 1
1739 1
1740 1
1741 0
1742 3
1743 0
1744 0
1745 0
1746 0
1747 2
1748 0
1749 1
1750 1
1751 1
1752 1
1753 0
1754 0
1755 0
1756 1
1757 1
1758 1
1759 3
1760 0
1761 2
1762 0
1763 1
1764 1
1765 0
1766 0
1767 0
1768 0
1769 0
1770 0
1771 0
1772 0
1773 0
1774 0
1775 0
1776 0
1777 0
1778 0
1779 0
1780 0
1781 1
1782 0
1783 0
1784 0
1785 0
1786 0
1787 0
1788 2
1789 1
1790 0
1791 0
1792 2
1793 1
1794 1
1795 0
1796 0
1797 2
1798 2
1799 0
1800 1
1801 1
1802 1
1803 0
1804 0
1805 2
1806 1
1807 2
1808 1
1809 1
1810 2
1811 4
1812 0
1813 0
1814 0
1815 1
1816 1
1817 1
1818 1
1819 0
1820 1
1821 2
1822 1
1823 1
1824 0
1825 0
1826 2
1827 1
1828 0
1829 2
1830 0
1831 2
1832 1
1833 1
1834 2
1835 1
1836 0
1837 0
1838 1
1839 1
1840 2
1841 1
1842 1
1843 2
1844 2
1845 2
1846 3
1847 2
1848 3
1849 1
1850 0
1851 1
1852 0
1853 1
1854 0
1855 1
1856 0
1857 2
1858 1
1859 0
1860 0
1861 1
1862 1
1863 1
1864 1
1865 0
1866 0
1867 0
1868 1
1869 0
1870 0
1871 0
1872 0
1873 0
1874 0
1875 3
1876 2
1877 2
1878 0
1879 0
1880 0
1881 0
1882 0
1883 1
1884 0
1885 0
1886 1
1887 0
1888 0
1889 0
1890 0
1891 0
1892 0
1893 0
1894 0
1895 2
1896 1
1897 0
1898 1
1899 0
1900 2
1901 0
1902 0
1903 3
1904 2
1905 3
1906 3
1907 3
1908 1
1909 2
1910 2
1911 2
1912 3
1913 1
1914 1
1915 1
1916 2
1917 3
1918 2
1919 2
1920 2
1921 1
1922 2
1923 3
1924 3
1925 2
1926 2
1927 3
1928 3
1929 2
1930 2
1931 3
1932 2
1933 2
1934 2
1935 1
1936 0
1937 1
1938 2
1939 2
1940 1
1941 1
1942 1
1943 2
1944 2
1945 3
1946 1
1947 2
1948 1
1949 1
1950 0
1951 3
1952 3
1953 1
1954 2
1955 0
1956 1
1957 3
1958 1
1959 2
1960 1
1961 0
1962 0
1963 0
1964 1
1965 1
1966 0
1967 0
1968 0
1969 0
1970 0
1971 0
1972 0
1973 0
1974 0
1975 0
1976 0
1977 0
1978 0
1979 0
1980 0
1981 0
1982 0
1983 0
1984 0
1985 0
1986 0
1987 0
1988 0
1989 3
1990 0
1991 1
1992 1
1993 1
1994 0
1995 0
1996 0
1997 0
1998 0
1999 0
