0 1
1 0
2 1
3 1
4 2
5 2
6 2
7 1
8 0
9 1
10 1
11 1
12 0
13 0
14 0
15 0
16 1
17 0
18 1
19 0
20 1
21 0
22 2
23 1
24 0
25 1
26 1
27 2
28 2
29 1
30 1
31 1
32 1
33 2
34 1
35 1
36 0
37 0
38 1
39 2
40 0
41 0
42 2
43 3
44 1
45 1
46 2
47 0
48 1
49 1
50 2
51 0
52 2
53 1
54 2
55 2
56 1
57 2
58 1
59 1
60 0
61 0
62 0
63 0
64 0
65 0
66 0
67 0
68 0
69 1
70 1
71 1
72 0
73 2
74 1
75 1
76 2
77 1
78 3
79 3
80 0
81 0
82 0
83 0
84 1
85 2
86 0
87 0
88 1
89 0
90 2
91 1
92 1
93 2
94 1
95 1
96 1
97 3
98 4
99 3
100 1
101 2
102 1
103 0
104 0
105 0
106 1
107 2
108 1
109 1
110 3
111 2
112 1
113 1
114 2
115 0
116 0
117 0
118 0
119 0
120 1
121 0
122 2
123 1
124 3
125 0
126 0
127 1
128 2
129 1
130 1
131 1
132 1
133 1
134 2
135 1
136 2
137 2
138 1
139 3
140 1
141 0
142 0
143 0
144 0
145 0
146 0
147 0
148 0
149 0
150 0
151 1
152 0
153 0
154 1
155 1
156 1
157 1
158 1
159 2
160 2
161 2
162 2
163 2
164 2
165 2
166 2
167 2
168 2
169 1
170 1
171 2
172 0
173 2
174 1
175 0
176 2
177 1
178 1
179 1
180 1
181 1
182 0
183 1
184 0
185 1
186 0
187 0
188 0
189 0
190 0
191 1
192 0
193 1
194 0
195 1
196 0
197 2
198 1
199 1
200 2
201 2
202 2
203 1
204 2
205 1
206 1
207 2
208 2
209 1
210 2
211 2
212 1
213 1
214 1
215 0
216 1
217 1
218 1
219 0
220 1
221 0
222 0
223 0
224 0
225 0
226 0
227 0
228 0
229 1
230 1
231 2
232 1
233 0
234 0
235 0
236 2
237 0
238 0
239 1
240 1
241 1
242 1
243 1
244 2
245 1
246 2
247 0
248 1
249 1
250 2
251 0
252 0
253 2
254 2
255 1
256 2
257 1
258 1
259 1
260 1
261 2
262 2
263 1
264 1
265 1
266 2
267 0
268 0
269 2
270 2
271 2
272 1
273 0
274 2
275 1
276 0
277 0
278 1
279 1
280 1
281 2
282 1
283 1
284 0
285 0
286 0
287 0
288 0
289 0
290 0
291 0
292 0
293 0
294 0
295 0
296 0
297 0
298 0
299 0
300 0
301 0
302 0
303 0
304 0
305 0
306 0
307 0
308 0
309 0
310 0
311 0
312 0
313 0
314 0
315 0
316 2
317 1
318 2
319 0
320 0
321 2
322 0
323 0
324 0
325 0
326 0
327 0
328 0
329 1
330 2
331 1
332 2
333 1
334 0
335 2
336 1
337 1
338 1
339 1
340 0
341 1
342 1
343 1
344 1
345 1
346 1
347 2
348 2
349 1
350 0
351 2
352 1
353 1
354 2
355 1
356 1
357 2
358 2
359 1
360 2
361 2
362 1
363 1
364 2
365 2
366 1
367 2
368 1
369 1
370 2
371 1
372 1
373 1
374 1
375 0
376 0
377 1
378 2
379 2
380 0
381 2
382 1
383 0
384 1
385 1
386 1
387 1
388 1
389 2
390 2
391 2
392 2
393 1
394 0
395 2
396 1
397 0
398 2
399 1
400 1
401 1
402 1
403 1
404 2
405 1
406 1
407 2
408 1
409 1
410 2
411 1
412 0
413 1
414 2
415 0
416 2
417 1
418 1
419 0
420 2
421 1
422 1
423 2
424 1
425 1
426 2
427 2
428 1
429 0
430 0
431 0
432 2
433 0
434 1
435 2
436 1
437 1
438 1
439 1
440 1
441 0
442 2
443 2
444 3
445 3
446 0
447 1
448 2
449 3
450 2
451 2
452 2
453 1
454 1
455 2
456 2
457 2
458 2
459 1
460 2
461 0
462 2
463 4
464 3
465 3
466 4
467 3
468 3
469 3
470 4
471 4
472 4
473 2
474 1
475 5
476 4
477 3
478 3
479 3
480 3
481 4
482 4
483 4
484 3
485 3
486 3
487 3
488 2
489 1
490 2
491 2
492 2
493 4
494 4
495 3
496 4
497 2
498 5
499 4
500 2
501 3
502 3
503 3
504 3
505 3
506 2
507 4
508 4
509 4
510 4
511 4
512 3
513 3
514 4
515 4
516 5
517 4
518 3
519 3
520 3
521 2
522 2
523 5
524 3
525 3
526 2
527 2
528 2
529 4
530 5
531 4
532 3
533 4
534 4
535 4
536 3
537 3
538 3
539 5
540 2
541 3
542 3
543 3
544 2
545 4
546 3
547 3
548 2
549 2
550 4
551 3
552 2
553 2
554 5
555 3
556 4
557 5
558 4
559 2
560 3
561 4
562 3
563 4
564 4
565 3
566 2
567 3
568 4
569 4
570 4
571 3
572 4
573 2
574 5
575 3
576 4
577 4
578 4
579 3
580 4
581 2
582 3
583 4
584 4
585 3
586 2
587 3
588 3
589 3
590 3
591 3
592 3
593 3
594 2
595 3
596 5
597 2
598 3
599 5
600 3
601 3
602 3
603 3
604 3
605 3
606 3
607 5
608 3
609 3
610 4
611 4
612 4
613 3
614 3
615 3
616 3
617 3
618 3
619 3
620 4
621 4
622 3
623 3
624 4
625 4
626 4
627 4
628 2
629 3
630 1
631 2
632 3
633 2
634 3
635 2
636 4
637 2
638 4
639 4
640 5
641 3
642 4
643 3
644 3
645 2
646 4
647 4
648 3
649 2
650 5
651 2
652 2
653 3
654 2
655 2
656 2
657 2
658 2
659 1
660 4
661 1
662 3
663 1
664 3
665 2
666 1
667 2
668 2
669 3
670 3
671 2
672 0
673 2
674 3
675 2
676 2
677 2
678 3
679 3
680 3
681 2
682 1
683 4
684 2
685 1
686 2
687 3
688 3
689 3
690 0
691 3
692 2
693 1
694 2
695 3
696 2
697 2
698 3
699 2
700 2
701 2
702 1
703 1
704 3
705 4
706 4
707 2
708 3
709 2
710 1
711 2
712 2
713 1
714 4
715 2
716 3
717 4
718 1
719 2
720 3
721 3
722 3
723 3
724 2
725 2
726 3
727 3
728 3
729 2
730 3
731 3
732 3
733 2
734 3
735 4
736 2
737 3
738 2
739 1
740 3
741 4
742 2
743 3
744 2
745 3
746 1
747 2
748 2
749 4
750 4
751 4
752 3
753 2
754 3
755 1
756 2
757 4
758 2
759 3
760 4
761 2
762 3
763 2
764 2
765 4
766 4
767 3
768 3
769 3
770 4
771 4
772 3
773 3
774 3
775 2
776 3
777 5
778 3
779 2
780 4
781 2
782 2
783 2
784 4
785 3
786 2
787 3
788 2
789 3
790 4
791 3
792 4
793 3
794 4
795 3
796 2
797 2
798 3
799 4
800 4
801 3
802 2
803 2
804 4
805 3
806 3
807 4
808 3
809 4
810 3
811 3
812 3
813 5
814 4
815 4
816 3
817 3
818 1
819 3
820 4
821 3
822 4
823 3
824 4
825 5
826 3
827 3
828 4
829 2
830 3
831 3
832 4
833 3
834 3
835 3
836 4
837 4
838 3
839 3
840 4
841 3
842 3
843 4
844 4
845 3
846 4
847 3
848 3
849 3
850 4
851 4
852 4
853 3
854 3
855 2
856 2
857 3
858 3
859 3
860 2
861 2
862 2
863 3
864 3
865 4
866 4
867 3
868 2
869 4
870 3
871 3
872 3
873 2
874 3
875 2
876 4
877 3
878 3
879 3
880 3
881 3
882 4
883 4
884 4
885 3
886 2
887 3
888 3
889 4
890 1
891 4
892 4
893 4
894 3
895 4
896 3
897 5
898 4
899 2
900 4
901 4
902 3
903 3
904 4
905 3
906 4
907 2
908 3
909 3
910 2
911 2
912 4
913 3
914 3
915 2
916 4
917 3
918 3
919 4
920 4
921 4
922 3
923 3
924 2
925 4
926 4
927 3
928 5
929 4
930 4
931 2
932 3
933 3
934 3
935 4
936 2
937 3
938 3
939 4
940 2
941 3
942 3
943 3
944 3
945 4
946 3
947 3
948 4
949 3
950 3
951 4
952 3
953 4
954 5
955 3
956 3
957 4
958 2
959 2
960 1
961 4
962 3
963 4
964 3
965 4
966 2
967 4
968 4
969 3
970 4
971 2
972 4
973 4
974 3
975 4
976 3
977 4
978 3
979 3
980 4
981 3
982 4
983 4
984 3
985 4
986 3
987 4
988 3
989 2
990 4
991 5
992 4
993 3
994 3
995 3
996 3
997 2
998 4
999 2
1000 3
1001 4
1002 3
1003 3
1004 3
1005 3
1006 2
1007 3
1008 3
1009 3
1010 2
1011 3
1012 3
1013 3
1014 4
1015 3
1016 2
1017 4
1018 4
1019 1
1020 4
1021 5
1022 4
1023 4
1024 4
1025 4
1026 2
1027 3
1028 3
1029 3
1030 4
1031 3
1032 3
1033 2
1034 2
1035 4
1036 2
1037 3
1038 3
1039 4
1040 4
1041 1
1042 3
1043 3
1044 2
1045 4
1046 2
1047 4
1048 2
1049 3
1050 2
1051 3
1052 4
1053 2
1054 2
1055 2
1056 3
1057 2
1058 3
1059 3
1060 3
1061 3
1062 4
1063 3
1064 3
1065 3
1066 4
1067 3
1068 1
1069 2
1070 2
1071 4
1072 4
1073 3
1074 2
1075 3
1076 3
1077 3
1078 3
1079 3
1080 1
1081 3
1082 3
1083 4
1084 2
1085 3
1086 4
1087 2
1088 4
1089 3
1090 4
1091 3
1092 2
1093 3
1094 3
1095 4
1096 3
1097 5
1098 3
1099 2
1100 5
1101 3
1102 3
1103 3
1104 4
1105 4
1106 4
1107 3
1108 3
1109 2
1110 1
1111 3
1112 3
1113 5
1114 4
1115 3
1116 3
1117 3
1118 4
1119 3
1120 4
1121 3
1122 3
1123 1
1124 2
1125 3
1126 3
1127 3
1128 3
1129 3
1130 4
1131 3
1132 3
1133 3
1134 4
1135 3
1136 2
1137 1
1138 3
1139 3
1140 3
1141 3
1142 3
1143 3
1144 3
1145 3
1146 3
1147 3
1148 4
1149 3
1150 3
1151 3
1152 3
1153 4
1154 3
1155 3
1156 3
1157 5
1158 3
1159 4
1160 2
1161 3
1162 4
1163 3
1164 3
1165 3
1166 3
1167 4
1168 3
1169 3
1170 4
1171 4
1172 3
1173 3
1174 2
1175 3
1176 4
1177 3
1178 2
1179 3
1180 5
1181 4
1182 2
1183 5
1184 3
1185 4
1186 4
1187 4
1188 3
1189 5
1190 3
1191 2
1192 1
1193 2
1194 3
1195 5
1196 3
1197 4
1198 4
1199 3
1200 3
1201 4
1202 2
1203 3
1204 5
1205 3
1206 4
1207 3
1208 2
1209 3
1210 3
1211 3
1212 2
1213 3
1214 3
1215 3
1216 3
1217 4
1218 2
1219 4
1220 3
1221 4
1222 2
1223 3
1224 3
1225 3
1226 2
1227 3
1228 5
1229 3
1230 2
1231 3
1232 2
1233 3
1234 3
1235 5
1236 2
1237 4
1238 2
1239 4
1240 4
1241 4
1242 4
1243 3
1244 3
1245 3
1246 2
1247 3
1248 4
1249 2
1250 3
1251 3
1252 3
1253 5
1254 4
1255 4
1256 4
1257 4
1258 3
1259 3
1260 4
1261 3
1262 3
1263 4
1264 3
1265 4
1266 3
1267 4
1268 4
1269 3
1270 4
1271 3
1272 3
1273 3
1274 3
1275 3
1276 4
1277 4
1278 4
1279 4
1280 3
1281 2
1282 4
1283 4
1284 3
1285 3
1286 5
1287 2
1288 3
1289 5
1290 4
1291 3
1292 3
1293 2
1294 3
1295 3
1296 3
1297 3
1298 3
1299 2
1300 3
1301 2
1302 4
1303 2
1304 5
1305 3
1306 4
1307 3
1308 3
1309 3
1310 3
1311 3
1312 4
1313 3
1314 2
1315 2
1316 3
1317 3
1318 5
1319 2
1320 4
1321 4
1322 3
1323 4
1324 2
1325 4
1326 4
1327 3
1328 4
1329 3
1330 4
1331 3
1332 3
1333 3
1334 3
1335 3
1336 2
1337 4
1338 3
1339 3
1340 4
1341 3
1342 3
1343 4
1344 2
1345 3
1346 3
1347 4
1348 4
1349 3
1350 2
1351 3
1352 3
1353 3
1354 3
1355 3
1356 3
1357 5
1358 2
1359 3
1360 3
1361 3
1362 3
1363 4
1364 3
1365 3
1366 4
1367 3
1368 3
1369 2
1370 3
1371 3
1372 4
1373 2
1374 3
1375 2
1376 4
1377 3
1378 3
1379 3
1380 3
1381 3
1382 3
1383 2
1384 2
1385 3
1386 3
1387 4
1388 3
1389 5
1390 3
1391 4
1392 3
1393 4
1394 3
1395 3
1396 2
1397 4
1398 4
1399 3
1400 3
1401 4
1402 3
1403 2
1404 3
1405 4
1406 4
1407 3
1408 4
1409 3
1410 4
1411 3
1412 3
1413 3
1414 2
1415 3
1416 3
1417 3
1418 2
1419 3
1420 2
1421 4
1422 4
1423 3
1424 3
1425 4
1426 3
1427 3
1428 2
1429 3
1430 3
1431 3
1432 3
1433 4
1434 2
1435 4
1436 3
1437 4
1438 2
1439 3
1440 3
1441 3
1442 2
1443 3
1444 3
1445 3
1446 3
1447 4
1448 4
1449 2
1450 3
1451 4
1452 5
1453 3
1454 2
1455 2
1456 3
1457 3
1458 3
1459 3
1460 3
1461 3
1462 4
1463 2
1464 3
1465 5
1466 4
1467 3
1468 4
1469 2
1470 4
1471 2
1472 3
1473 3
1474 3
1475 3
1476 3
1477 3
1478 4
1479 2
1480 3
1481 3
1482 3
1483 4
1484 3
1485 2
1486 3
1487 2
1488 4
1489 4
1490 4
1491 3
1492 3
1493 4
1494 5
1495 3
1496 2
1497 4
1498 3
1499 4
1500 4
1501 5
1502 2
1503 2
1504 4
1505 3
1506 3
1507 3
1508 3
1509 3
1510 2
1511 1
1512 3
1513 3
1514 3
1515 4
1516 4
1517 4
1518 4
1519 4
1520 2
1521 3
1522 3
1523 4
1524 3
1525 4
1526 3
1527 2
1528 2
1529 4
1530 3
1531 3
1532 2
1533 2
1534 3
1535 3
1536 3
1537 3
1538 4
1539 3
1540 3
1541 3
1542 2
1543 3
1544 3
1545 4
1546 3
1547 2
1548 3
1549 4
1550 2
1551 4
1552 2
1553 4
1554 5
1555 2
1556 3
1557 3
1558 3
1559 2
1560 3
1561 4
1562 4
1563 3
1564 3
1565 2
1566 3
1567 4
1568 4
1569 3
1570 3
1571 3
1572 4
1573 3
1574 2
1575 4
1576 3
1577 2
1578 1
1579 3
1580 4
1581 3
1582 4
1583 3
1584 3
1585 3
1586 4
1587 3
1588 4
1589 2
1590 3
1591 3
1592 3
1593 4
1594 3
1595 5
1596 3
1597 2
1598 3
1599 3
1600 4
1601 5
1602 3
1603 2
1604 4
1605 4
1606 4
1607 3
1608 3
1609 3
1610 4
1611 3
1612 2
1613 3
1614 3
1615 4
1616 4
1617 3
1618 5
1619 2
1620 4
1621 3
1622 3
1623 4
1624 3
1625 4
1626 4
1627 3
1628 4
1629 3
1630 4
1631 2
1632 3
1633 3
1634 2
1635 5
1636 4
1637 4
1638 3
1639 4
1640 3
1641 2
1642 3
1643 3
1644 4
1645 3
1646 3
1647 4
1648 3
1649 4
1650 2
1651 4
1652 2
1653 4
1654 2
1655 3
1656 3
1657 2
1658 4
1659 3
1660 4
1661 3
1662 3
1663 4
1664 5
1665 2
1666 3
1667 4
1668 4
1669 2
1670 2
1671 4
1672 3
1673 3
1674 3
1675 4
1676 3
1677 3
1678 4
1679 2
1680 5
1681 4
1682 5
1683 3
1684 3
1685 3
1686 3
1687 3
1688 3
1689 4
1690 5
1691 3
1692 2
1693 4
1694 4
1695 3
1696 3
1697 4
1698 3
1699 3
1700 3
1701 3
1702 3
1703 3
1704 4
1705 2
1706 4
1707 2
1708 3
1709 3
1710 3
1711 4
1712 2
1713 4
1714 3
1715 4
1716 3
1717 3
1718 4
1719 4
1720 4
1721 4
1722 4
1723 3
1724 3
1725 4
1726 3
1727 4
1728 4
1729 2
1730 4
1731 3
1732 3
1733 2
1734 4
1735 3
1736 2
1737 3
1738 4
1739 4
1740 3
1741 3
1742 3
1743 3
1744 4
1745 5
1746 2
1747 3
1748 5
1749 4
1750 4
1751 4
1752 4
1753 4
1754 4
1755 5
1756 1
1757 3
1758 3
1759 3
1760 2
1761 4
1762 5
1763 4
1764 3
1765 4
1766 4
1767 4
1768 2
1769 2
1770 2
1771 3
1772 3
1773 4
1774 3
1775 2
1776 4
1777 3
1778 3
1779 3
1780 3
1781 3
1782 3
1783 3
1784 3
1785 3
1786 3
1787 1
1788 5
1789 3
1790 5
1791 4
1792 3
1793 3
1794 4
1795 4
1796 3
1797 4
1798 1
1799 3
1800 2
1801 3
1802 2
1803 3
1804 3
1805 4
1806 3
1807 2
1808 4
1809 5
1810 3
1811 3
1812 3
1813 3
1814 4
1815 4
1816 3
1817 4
1818 4
1819 3
1820 2
1821 4
1822 2
1823 2
1824 3
1825 3
1826 3
1827 4
1828 2
1829 2
1830 4
1831 2
1832 4
1833 2
1834 2
1835 3
1836 3
1837 4
1838 4
1839 3
1840 3
1841 4
1842 4
1843 4
1844 4
1845 3
1846 4
1847 3
1848 1
1849 4
1850 3
1851 4
1852 4
1853 4
1854 3
1855 3
1856 3
1857 2
1858 2
1859 5
1860 3
1861 3
1862 2
1863 4
1864 4
1865 3
1866 3
1867 2
1868 4
1869 4
1870 2
1871 3
1872 3
1873 4
1874 3
1875 3
1876 3
1877 3
1878 5
1879 3
1880 4
1881 3
1882 3
1883 3
1884 4
1885 3
1886 5
1887 2
1888 2
1889 4
1890 3
1891 3
1892 4
1893 3
1894 2
1895 2
1896 2
1897 3
1898 2
1899 4
1900 3
1901 2
1902 3
1903 3
1904 3
1905 4
1906 4
1907 2
1908 2
1909 4
1910 4
1911 3
1912 4
1913 3
1914 3
1915 3
1916 3
1917 3
1918 4
1919 3
1920 3
1921 3
1922 4
1923 3
1924 2
1925 3
1926 4
1927 3
1928 3
1929 4
1930 4
1931 3
1932 4
1933 2
1934 3
1935 3
1936 3
1937 3
1938 2
1939 4
1940 4
1941 4
1942 4
1943 3
1944 3
1945 3
1946 2
1947 4
1948 2
1949 2
1950 3
1951 3
1952 2
1953 2
1954 3
1955 3
1956 3
1957 3
1958 3
1959 3
1960 2
1961 4
1962 2
1963 2
1964 3
1965 2
1966 2
1967 3
1968 4
1969 4
1970 3
1971 2
1972 2
1973 4
1974 3
1975 2
1976 3
1977 3
1978 3
1979 3
1980 2
1981 3
1982 3
1983 3
1984 2
1985 2
1986 4
1987 2
1988 4
1989 2
1990 3
1991 3
1992 4
1993 3
1994 4
1995 2
1996 3
1997 2
1998 2
1999 2
