0 2
1 1
2 0
3 1
4 2
5 1
6 1
7 1
8 1
9 1
10 1
11 2
12 2
13 1
14 0
15 1
16 1
17 1
18 1
19 1
20 2
21 1
22 1
23 1
24 1
25 1
26 1
27 0
28 1
29 1
30 1
31 0
32 1
33 1
34 1
35 1
36 1
37 1
38 1
39 0
40 1
41 1
42 0
43 1
44 1
45 1
46 0
47 2
48 1
49 1
50 2
51 1
52 1
53 1
54 2
55 1
56 1
57 1
58 1
59 1
60 1
61 1
62 0
63 0
64 0
65 1
66 1
67 1
68 1
69 1
70 1
71 1
72 1
73 1
74 1
75 0
76 1
77 1
78 1
79 1
80 0
81 0
82 0
83 2
84 1
85 1
86 1
87 3
88 0
89 1
90 1
91 1
92 1
93 1
94 0
95 1
96 0
97 1
98 0
99 1
100 1
101 0
102 1
103 2
104 0
105 1
106 1
107 0
108 1
109 0
110 1
111 1
112 1
113 0
114 1
115 1
116 0
117 2
118 0
119 0
120 1
121 1
122 2
123 1
124 1
125 1
126 1
127 1
128 2
129 1
130 1
131 1
132 1
133 1
134 1
135 1
136 0
137 0
138 0
139 1
140 1
141 2
142 1
143 2
144 0
145 1
146 2
147 0
148 1
149 1
150 1
151 1
152 0
153 2
154 1
155 1
156 1
157 1
158 2
159 0
160 0
161 1
162 1
163 1
164 1
165 0
166 1
167 1
168 1
169 1
170 1
171 1
172 0
173 1
174 0
175 0
176 2
177 0
178 1
179 1
180 1
181 1
182 1
183 1
184 1
185 2
186 2
187 1
188 1
189 1
190 1
191 1
192 0
193 1
194 0
195 1
196 1
197 1
198 1
199 0
200 1
201 1
202 0
203 0
204 1
205 1
206 0
207 1
208 1
209 2
210 1
211 2
212 1
213 1
214 0
215 0
216 1
217 2
218 0
219 1
220 0
221 1
222 0
223 0
224 2
225 2
226 1
227 1
228 1
229 1
230 1
231 1
232 2
233 2
234 2
235 1
236 1
237 1
238 0
239 1
240 1
241 2
242 1
243 2
244 1
245 1
246 2
247 0
248 0
249 1
250 1
251 1
252 1
253 1
254 1
255 0
256 1
257 2
258 0
259 0
260 0
261 0
262 0
263 0
264 0
265 2
266 1
267 0
268 1
269 0
270 1
271 0
272 0
273 0
274 1
275 1
276 1
277 0
278 1
279 1
280 2
281 1
282 1
283 2
284 1
285 0
286 1
287 1
288 2
289 1
290 1
291 1
292 1
293 2
294 1
295 1
296 1
297 0
298 1
299 0
300 1
301 0
302 1
303 0
304 0
305 0
306 0
307 0
308 2
309 0
310 0
311 0
312 0
313 0
314 0
315 0
316 0
317 1
318 1
319 0
320 0
321 1
322 1
323 2
324 2
325 0
326 2
327 1
328 2
329 2
330 2
331 0
332 0
333 1
334 1
335 1
336 1
337 1
338 2
339 1
340 1
341 0
342 0
343 1
344 0
345 2
346 0
347 2
348 0
349 0
350 0
351 1
352 1
353 1
354 1
355 2
356 0
357 1
358 0
359 0
360 0
361 1
362 0
363 0
364 0
365 0
366 0
367 0
368 0
369 1
370 0
371 2
372 0
373 1
374 2
375 2
376 3
377 2
378 3
379 2
380 2
381 1
382 1
383 2
384 2
385 1
386 1
387 0
388 0
389 0
390 1
391 1
392 1
393 1
394 0
395 0
396 0
397 0
398 0
399 0
400 0
401 0
402 0
403 0
404 1
405 2
406 2
407 2
408 2
409 0
410 0
411 0
412 0
413 0
414 0
415 1
416 0
417 0
418 0
419 0
420 0
421 1
422 2
423 0
424 0
425 1
426 0
427 0
428 1
429 1
430 1
431 1
432 0
433 0
434 1
435 0
436 0
437 0
438 0
439 0
440 0
441 0
442 0
443 0
444 0
445 0
446 0
447 0
448 0
449 0
450 0
451 0
452 0
453 0
454 0
455 0
456 2
457 1
458 0
459 0
460 0
461 0
462 0
463 1
464 0
465 1
466 0
467 0
468 1
469 0
470 1
471 2
472 0
473 0
474 0
475 0
476 0
477 0
478 1
479 0
480 0
481 2
482 1
483 1
484 0
485 2
486 0
487 1
488 0
489 0
490 1
491 0
492 0
493 0
494 0
495 0
496 0
497 3
498 0
499 1
500 3
501 2
502 1
503 2
504 0
505 2
506 2
507 0
508 2
509 1
510 1
511 0
512 1
513 1
514 1
515 1
516 0
517 1
518 1
519 1
520 0
521 0
522 1
523 1
524 2
525 2
526 0
527 0
528 2
529 0
530 1
531 0
532 1
533 0
534 1
535 1
536 1
537 1
538 0
539 1
540 0
541 0
542 1
543 2
544 1
545 0
546 2
547 1
548 1
549 2
550 1
551 1
552 1
553 1
554 2
555 1
556 1
557 1
558 1
559 1
560 1
561 0
562 0
563 1
564 1
565 1
566 0
567 0
568 0
569 0
570 1
571 0
572 0
573 0
574 1
575 1
576 0
577 0
578 2
579 0
580 1
581 1
582 1
583 1
584 1
585 3
586 1
587 0
588 1
589 2
590 1
591 0
592 2
593 1
594 1
595 3
596 0
597 0
598 1
599 0
600 1
601 1
602 1
603 0
604 3
605 1
606 2
607 1
608 2
609 1
610 1
611 2
612 1
613 1
614 0
615 2
616 0
617 0
618 1
619 1
620 3
621 1
622 0
623 1
624 2
625 2
626 0
627 1
628 1
629 1
630 1
631 0
632 1
633 1
634 2
635 1
636 2
637 1
638 1
639 0
640 0
641 0
642 1
643 1
644 2
645 1
646 2
647 1
648 0
649 0
650 0
651 1
652 1
653 1
654 1
655 1
656 1
657 2
658 2
659 2
660 0
661 2
662 2
663 1
664 1
665 1
666 1
667 2
668 1
669 2
670 1
671 1
672 0
673 1
674 1
675 1
676 2
677 2
678 2
679 1
680 0
681 1
682 3
683 1
684 1
685 1
686 1
687 0
688 2
689 1
690 0
691 1
692 1
693 1
694 1
695 0
696 1
697 1
698 1
699 0
700 0
701 1
702 1
703 2
704 1
705 0
706 1
707 1
708 1
709 1
710 0
711 1
712 2
713 1
714 1
715 1
716 1
717 0
718 3
719 1
720 1
721 0
722 1
723 1
724 2
725 0
726 1
727 1
728 1
729 1
730 2
731 2
732 1
733 1
734 1
735 0
736 1
737 1
738 1
739 1
740 0
741 1
742 1
743 0
744 1
745 1
746 1
747 0
748 0
749 1
750 1
751 1
752 1
753 1
754 1
755 1
756 2
757 1
758 2
759 0
760 1
761 1
762 1
763 2
764 1
765 1
766 0
767 2
768 1
769 2
770 1
771 2
772 0
773 2
774 1
775 2
776 2
777 2
778 1
779 2
780 2
781 2
782 1
783 2
784 1
785 1
786 2
787 1
788 1
789 1
790 1
791 1
792 2
793 0
794 1
795 1
796 2
797 1
798 1
799 1
800 2
801 2
802 2
803 2
804 2
805 0
806 1
807 0
808 0
809 0
810 1
811 1
812 0
813 2
814 0
815 1
816 0
817 0
818 0
819 1
820 1
821 0
822 2
823 2
824 1
825 2
826 1
827 1
828 2
829 2
830 1
831 1
832 1
833 2
834 2
835 1
836 1
837 1
838 1
839 2
840 0
841 1
842 1
843 1
844 2
845 1
846 1
847 1
848 1
849 2
850 2
851 2
852 1
853 0
854 2
855 0
856 0
857 2
858 1
859 1
860 2
861 3
862 1
863 1
864 2
865 1
866 1
867 1
868 0
869 0
870 1
871 0
872 1
873 1
874 2
875 1
876 1
877 2
878 2
879 1
880 3
881 1
882 1
883 2
884 2
885 0
886 1
887 1
888 1
889 1
890 0
891 1
892 2
893 1
894 1
895 1
896 1
897 2
898 1
899 1
900 1
901 2
902 1
903 1
904 1
905 1
906 1
907 2
908 0
909 0
910 1
911 0
912 0
913 1
914 1
915 1
916 1
917 0
918 2
919 0
920 1
921 1
922 1
923 1
924 0
925 0
926 1
927 1
928 1
929 1
930 0
931 1
932 2
933 2
934 1
935 1
936 1
937 1
938 1
939 1
940 3
941 1
942 0
943 3
944 3
945 0
946 0
947 1
948 1
949 1
950 1
951 1
952 1
953 1
954 1
955 1
956 1
957 1
958 1
959 1
960 0
961 0
962 0
963 1
964 1
965 0
966 2
967 1
968 2
969 1
970 1
971 1
972 1
973 1
974 1
975 0
976 1
977 2
978 1
979 1
980 1
981 1
982 2
983 1
984 1
985 2
986 1
987 1
988 1
989 1
990 1
991 2
992 0
993 3
994 1
995 1
996 2
997 1
998 1
999 0
1000 0
1001 1
1002 0
1003 2
1004 0
1005 1
1006 0
1007 1
1008 1
1009 1
1010 1
1011 1
1012 1
1013 2
1014 1
1015 1
1016 1
1017 2
1018 0
1019 0
1020 1
1021 2
1022 1
1023 1
1024 1
1025 1
1026 1
1027 0
1028 2
1029 0
1030 1
1031 1
1032 1
1033 1
1034 0
1035 1
1036 1
1037 1
1038 2
1039 2
1040 2
1041 2
1042 1
1043 1
1044 0
1045 1
1046 2
1047 1
1048 1
1049 1
1050 2
1051 2
1052 1
1053 2
1054 0
1055 1
1056 1
1057 1
1058 3
1059 2
1060 1
1061 1
1062 0
1063 0
1064 0
1065 0
1066 1
1067 1
1068 2
1069 1
1070 0
1071 0
1072 0
1073 1
1074 1
1075 1
1076 0
1077 2
1078 0
1079 0
1080 0
1081 2
1082 1
1083 2
1084 1
1085 0
1086 1
1087 1
1088 1
1089 1
1090 1
1091 1
1092 1
1093 1
1094 1
1095 1
1096 0
1097 3
1098 1
1099 1
1100 2
1101 0
1102 1
1103 1
1104 2
1105 1
1106 2
1107 1
1108 1
1109 0
1110 1
1111 1
1112 2
1113 1
1114 1
1115 2
1116 0
1117 1
1118 1
1119 1
1120 1
1121 1
1122 0
1123 1
1124 1
1125 1
1126 1
1127 1
1128 1
1129 1
1130 2
1131 1
1132 1
1133 1
1134 1
1135 2
1136 0
1137 0
1138 2
1139 1
1140 0
1141 0
1142 2
1143 1
1144 2
1145 0
1146 2
1147 0
1148 1
1149 0
1150 0
1151 1
1152 0
1153 1
1154 1
1155 0
1156 2
1157 0
1158 2
1159 0
1160 1
1161 1
1162 0
1163 1
1164 1
1165 1
1166 1
1167 1
1168 2
1169 1
1170 0
1171 2
1172 1
1173 2
1174 0
1175 0
1176 1
1177 2
1178 1
1179 2
1180 1
1181 1
1182 1
1183 2
1184 1
1185 1
1186 1
1187 1
1188 1
1189 1
1190 1
1191 0
1192 1
1193 0
1194 2
1195 1
1196 2
1197 0
1198 0
1199 0
1200 0
1201 0
1202 0
1203 1
1204 1
1205 0
1206 0
1207 1
1208 0
1209 2
1210 0
1211 1
1212 0
1213 0
1214 0
1215 0
1216 2
1217 1
1218 2
1219 0
1220 1
1221 0
1222 1
1223 2
1224 1
1225 4
1226 1
1227 0
1228 0
1229 1
1230 0
1231 1
1232 2
1233 1
1234 1
1235 1
1236 1
1237 2
1238 0
1239 1
1240 2
1241 1
1242 2
1243 2
1244 1
1245 3
1246 2
1247 1
1248 0
1249 0
1250 1
1251 0
1252 0
1253 1
1254 0
1255 1
1256 1
1257 1
1258 1
1259 0
1260 1
1261 0
1262 2
1263 0
1264 0
1265 1
1266 0
1267 0
1268 0
1269 0
1270 0
1271 0
1272 2
1273 0
1274 2
1275 1
1276 2
1277 0
1278 2
1279 2
1280 2
1281 0
1282 0
1283 0
1284 0
1285 0
1286 1
1287 0
1288 0
1289 0
1290 2
1291 2
1292 1
1293 2
1294 1
1295 2
1296 2
1297 2
1298 1
1299 1
1300 1
1301 1
1302 0
1303 0
1304 1
1305 0
1306 0
1307 1
1308 0
1309 1
1310 1
1311 1
1312 1
1313 0
1314 3
1315 1
1316 2
1317 2
1318 2
1319 1
1320 1
1321 2
1322 1
1323 3
1324 2
1325 1
1326 1
1327 1
1328 1
1329 1
1330 2
1331 0
1332 1
1333 0
1334 2
1335 1
1336 0
1337 1
1338 1
1339 1
1340 0
1341 1
1342 1
1343 1
1344 1
1345 1
1346 2
1347 0
1348 0
1349 1
1350 1
1351 2
1352 0
1353 0
1354 0
1355 1
1356 0
1357 1
1358 0
1359 1
1360 1
1361 1
1362 3
1363 0
1364 1
1365 2
1366 2
1367 2
1368 1
1369 2
1370 0
1371 1
1372 2
1373 2
1374 0
1375 1
1376 0
1377 1
1378 0
1379 0
1380 0
1381 0
1382 0
1383 1
1384 2
1385 0
1386 0
1387 1
1388 1
1389 1
1390 2
1391 1
1392 2
1393 2
1394 1
1395 2
1396 1
1397 2
1398 0
1399 1
1400 2
1401 2
1402 2
1403 2
1404 0
1405 1
1406 0
1407 1
1408 0
1409 0
1410 0
1411 0
1412 0
1413 0
1414 0
1415 0
1416 0
1417 0
1418 0
1419 1
1420 1
1421 1
1422 0
1423 0
1424 0
1425 0
1426 0
1427 0
1428 0
1429 0
1430 0
1431 2
1432 0
1433 0
1434 0
1435 0
1436 0
1437 0
1438 0
1439 0
1440 0
1441 0
1442 0
1443 0
1444 1
1445 1
1446 0
1447 0
1448 0
1449 1
1450 0
1451 1
1452 0
1453 0
1454 0
1455 0
1456 0
1457 0
1458 0
1459 0
1460 1
1461 0
1462 1
1463 0
1464 0
1465 0
1466 0
1467 1
1468 2
1469 0
1470 1
1471 0
1472 0
1473 1
1474 0
1475 0
1476 2
1477 1
1478 1
1479 1
1480 0
1481 0
1482 0
1483 0
1484 0
1485 1
1486 1
1487 0
1488 0
1489 0
1490 2
1491 0
1492 0
1493 1
1494 1
1495 0
1496 2
1497 0
1498 0
1499 0
1500 1
1501 0
1502 1
1503 0
1504 0
1505 0
1506 0
1507 0
1508 1
1509 0
1510 1
1511 0
1512 0
1513 0
1514 0
1515 0
1516 2
1517 0
1518 3
1519 0
1520 1
1521 0
1522 0
1523 0
1524 2
1525 2
1526 0
1527 0
1528 0
1529 3
1530 0
1531 2
1532 1
1533 0
1534 2
1535 0
1536 0
1537 0
1538 0
1539 1
1540 1
1541 1
1542 1
1543 0
1544 2
1545 0
1546 0
1547 0
1548 2
1549 0
1550 0
1551 0
1552 0
1553 1
1554 0
1555 1
1556 0
1557 2
1558 1
1559 0
1560 0
1561 0
1562 0
1563 1
1564 1
1565 1
1566 1
1567 1
1568 0
1569 0
1570 1
1571 2
1572 1
1573 3
1574 1
1575 4
1576 1
1577 2
1578 0
1579 0
1580 0
1581 1
1582 2
1583 1
1584 1
1585 1
1586 2
1587 0
1588 1
1589 0
1590 2
1591 0
1592 2
1593 0
1594 0
1595 3
1596 1
1597 2
1598 0
1599 1
1600 0
1601 2
1602 2
1603 0
1604 1
1605 1
1606 1
1607 2
1608 4
1609 2
1610 1
1611 0
1612 1
1613 0
1614 0
1615 0
1616 0
1617 0
1618 0
1619 1
1620 0
1621 1
1622 0
1623 1
1624 0
1625 1
1626 0
1627 2
1628 0
1629 1
1630 0
1631 0
1632 0
1633 0
1634 2
1635 0
1636 0
1637 0
1638 0
1639 0
1640 0
1641 1
1642 0
1643 2
1644 0
1645 0
1646 0
1647 0
1648 0
1649 0
1650 0
1651 0
1652 0
1653 0
1654 0
1655 0
1656 0
1657 0
1658 1
1659 0
1660 0
1661 0
1662 0
1663 0
1664 0
1665 0
1666 0
1667 2
1668 0
1669 0
1670 0
1671 0
1672 0
1673 0
1674 0
1675 0
1676 0
1677 0
1678 0
1679 0
1680 0
1681 0
1682 0
1683 0
1684 0
1685 0
1686 1
1687 0
1688 0
1689 0
1690 1
1691 0
1692 0
1693 0
1694 1
1695 0
1696 0
1697 0
1698 0
1699 1
1700 0
1701 0
1702 1
1703 0
1704 0
1705 0
1706 0
1707 1
1708 1
1709 0
1710 0
1711 0
1712 0
1713 0
1714 0
1715 0
1716 0
1717 0
1718 0
1719 0
1720 1
1721 0
1722 0
1723 1
1724 0
1725 0
1726 0
1727 0
1728 0
1729 1
1730 0
1731 0
1732 0
1733 0
1734 0
1735 0
1736 0
1737 0
1738 0
1739 0
1740 0
1741 0
1742 1
1743 0
1744 0
1745 0
1746 0
1747 0
1748 1
1749 0
1750 0
1751 0
1752 0
1753 0
1754 0
1755 0
1756 0
1757 0
1758 0
1759 1
1760 0
1761 0
1762 0
1763 0
1764 0
1765 1
1766 1
1767 0
1768 0
1769 0
1770 0
1771 0
1772 0
1773 0
1774 1
1775 0
1776 0
1777 1
1778 0
1779 0
1780 0
1781 1
1782 1
1783 0
1784 1
1785 0
1786 1
1787 0
1788 0
1789 0
1790 0
1791 0
1792 1
1793 1
1794 1
1795 0
1796 0
1797 0
1798 0
1799 0
1800 1
1801 0
1802 0
1803 0
1804 1
1805 0
1806 0
1807 1
1808 0
1809 1
1810 1
1811 1
1812 1
1813 0
1814 1
1815 0
1816 0
1817 0
1818 1
1819 0
1820 0
1821 0
1822 0
1823 0
1824 0
1825 0
1826 1
1827 2
1828 0
1829 0
1830 1
1831 1
1832 0
1833 0
1834 0
1835 0
1836 0
1837 0
1838 0
1839 1
1840 0
1841 1
1842 0
1843 0
1844 0
1845 0
1846 0
1847 0
1848 0
1849 3
1850 0
1851 1
1852 0
1853 0
1854 0
1855 0
1856 1
1857 0
1858 2
1859 2
1860 1
1861 1
1862 2
1863 1
1864 0
1865 0
1866 1
1867 0
1868 0
1869 1
1870 1
1871 0
1872 0
1873 0
1874 0
1875 0
1876 0
1877 1
1878 2
1879 0
1880 1
1881 1
1882 2
1883 1
1884 1
1885 2
1886 0
1887 1
1888 1
1889 0
1890 0
1891 1
1892 1
1893 0
1894 1
1895 0
1896 1
1897 1
1898 1
1899 3
1900 1
1901 1
1902 3
1903 3
1904 2
1905 1
1906 2
1907 3
1908 2
1909 0
1910 0
1911 1
1912 1
1913 3
1914 1
1915 3
1916 2
1917 1
1918 1
1919 2
1920 1
1921 1
1922 1
1923 4
1924 1
1925 0
1926 1
1927 1
1928 0
1929 1
1930 0
1931 1
1932 0
1933 0
1934 1
1935 1
1936 1
1937 1
1938 1
1939 0
1940 2
1941 2
1942 0
1943 0
1944 0
1945 1
1946 3
1947 0
1948 0
1949 0
1950 1
1951 2
1952 1
1953 2
1954 1
1955 1
1956 0
1957 1
1958 2
1959 1
1960 1
1961 1
1962 0
1963 1
1964 0
1965 3
1966 2
1967 2
1968 0
1969 1
1970 0
1971 0
1972 1
1973 0
1974 1
1975 1
1976 1
1977 1
1978 1
1979 2
1980 0
1981 1
1982 0
1983 1
1984 1
1985 0
1986 0
1987 0
1988 0
1989 1
1990 1
1991 1
1992 1
1993 3
1994 1
1995 0
1996 0
1997 0
1998 0
1999 0
