0 1
1 0
2 0
3 0
4 0
5 0
6 1
7 0
8 1
9 0
10 0
11 0
12 0
13 0
14 0
15 1
16 1
17 0
18 1
19 1
20 0
21 0
22 1
23 1
24 1
25 0
26 0
27 1
28 0
29 0
30 0
31 0
32 0
33 2
34 0
35 1
36 1
37 1
38 2
39 0
40 0
41 0
42 1
43 0
44 0
45 2
46 1
47 0
48 0
49 0
50 0
51 0
52 1
53 0
54 0
55 0
56 0
57 0
58 2
59 0
60 0
61 0
62 1
63 0
64 0
65 0
66 0
67 0
68 0
69 0
70 1
71 0
72 0
73 0
74 0
75 0
76 0
77 0
78 0
79 0
80 0
81 0
82 0
83 0
84 0
85 0
86 0
87 0
88 0
89 0
90 0
91 0
92 0
93 0
94 1
95 0
96 0
97 0
98 0
99 1
100 1
101 1
102 0
103 1
104 0
105 0
106 0
107 0
108 0
109 0
110 1
111 0
112 1
113 1
114 1
115 2
116 1
117 1
118 0
119 0
120 0
121 0
122 1
123 1
124 0
125 0
126 0
127 0
128 0
129 0
130 0
131 0
132 0
133 1
134 0
135 0
136 0
137 0
138 0
139 0
140 0
141 1
142 0
143 0
144 0
145 0
146 0
147 0
148 0
149 0
150 0
151 0
152 0
153 0
154 0
155 0
156 0
157 0
158 0
159 0
160 1
161 0
162 0
163 0
164 1
165 0
166 0
167 0
168 0
169 0
170 0
171 0
172 0
173 0
174 0
175 0
176 0
177 0
178 1
179 0
180 1
181 1
182 0
183 0
184 0
185 0
186 0
187 0
188 0
189 0
190 0
191 0
192 0
193 0
194 1
195 0
196 0
197 0
198 0
199 0
200 0
201 0
202 0
203 0
204 1
205 0
206 1
207 0
208 0
209 0
210 2
211 2
212 0
213 1
214 0
215 0
216 1
217 0
218 1
219 0
220 0
221 0
222 0
223 0
224 0
225 0
226 0
227 0
228 0
229 0
230 0
231 0
232 0
233 0
234 0
235 0
236 0
237 0
238 0
239 0
240 0
241 0
242 0
243 0
244 0
245 0
246 0
247 0
248 0
249 0
250 0
251 0
252 1
253 0
254 0
255 1
256 1
257 0
258 1
259 0
260 1
261 1
262 0
263 0
264 1
265 0
266 1
267 1
268 1
269 0
270 0
271 0
272 0
273 0
274 0
275 0
276 0
277 0
278 0
279 0
280 0
281 0
282 0
283 0
284 0
285 0
286 0
287 0
288 0
289 0
290 0
291 1
292 0
293 0
294 0
295 0
296 0
297 0
298 0
299 0
300 0
301 0
302 0
303 0
304 0
305 0
306 0
307 0
308 0
309 0
310 0
311 1
312 1
313 0
314 0
315 0
316 0
317 0
318 0
319 0
320 1
321 1
322 0
323 0
324 0
325 0
326 0
327 0
328 0
329 0
330 0
331 1
332 0
333 1
334 2
335 1
336 1
337 1
338 1
339 1
340 2
341 1
342 1
343 1
344 1
345 2
346 1
347 1
348 1
349 1
350 1
351 0
352 1
353 0
354 4
355 0
356 3
357 1
358 1
359 1
360 1
361 0
362 1
363 1
364 1
365 1
366 1
367 1
368 1
369 1
370 1
371 1
372 1
373 1
374 1
375 1
376 1
377 1
378 1
379 1
380 1
381 1
382 0
383 0
384 1
385 0
386 0
387 1
388 1
389 1
390 0
391 1
392 1
393 1
394 3
395 0
396 2
397 0
398 1
399 1
400 1
401 0
402 1
403 1
404 1
405 2
406 1
407 2
408 2
409 0
410 1
411 0
412 1
413 1
414 1
415 1
416 1
417 0
418 1
419 2
420 0
421 0
422 1
423 2
424 2
425 1
426 0
427 1
428 2
429 1
430 1
431 1
432 0
433 2
434 2
435 1
436 0
437 1
438 2
439 1
440 2
441 1
442 2
443 2
444 1
445 1
446 1
447 1
448 1
449 1
450 1
451 1
452 2
453 0
454 2
455 1
456 1
457 0
458 2
459 1
460 1
461 0
462 1
463 1
464 1
465 1
466 1
467 1
468 1
469 1
470 1
471 1
472 2
473 0
474 0
475 2
476 1
477 0
478 1
479 1
480 1
481 1
482 1
483 2
484 0
485 1
486 1
487 1
488 0
489 1
490 0
491 1
492 1
493 2
494 1
495 2
496 1
497 1
498 1
499 2
500 1
501 1
502 1
503 2
504 2
505 0
506 1
507 1
508 1
509 0
510 0
511 0
512 0
513 0
514 2
515 1
516 1
517 2
518 1
519 2
520 1
521 1
522 1
523 2
524 1
525 1
526 1
527 1
528 1
529 1
530 1
531 1
532 1
533 2
534 1
535 1
536 1
537 1
538 1
539 0
540 2
541 1
542 1
543 0
544 1
545 2
546 2
547 1
548 2
549 1
550 1
551 2
552 1
553 1
554 1
555 1
556 1
557 1
558 1
559 1
560 1
561 1
562 1
563 1
564 1
565 2
566 1
567 2
568 2
569 1
570 1
571 1
572 1
573 2
574 2
575 1
576 2
577 3
578 2
579 1
580 2
581 1
582 2
583 1
584 2
585 2
586 0
587 1
588 1
589 0
590 2
591 2
592 0
593 1
594 1
595 1
596 2
597 0
598 1
599 1
600 2
601 2
602 1
603 0
604 2
605 1
606 2
607 1
608 2
609 1
610 1
611 1
612 2
613 2
614 1
615 2
616 0
617 2
618 0
619 0
620 1
621 2
622 1
623 2
624 0
625 1
626 1
627 1
628 2
629 1
630 1
631 3
632 0
633 1
634 1
635 1
636 0
637 2
638 1
639 0
640 1
641 1
642 2
643 0
644 2
645 0
646 0
647 0
648 0
649 0
650 0
651 0
652 0
653 1
654 1
655 1
656 0
657 1
658 0
659 0
660 2
661 1
662 2
663 1
664 1
665 0
666 2
667 2
668 0
669 0
670 1
671 1
672 1
673 0
674 0
675 0
676 0
677 1
678 2
679 2
680 2
681 0
682 2
683 1
684 1
685 1
686 1
687 2
688 2
689 1
690 2
691 2
692 1
693 1
694 3
695 1
696 1
697 2
698 1
699 3
700 2
701 1
702 2
703 1
704 1
705 1
706 2
707 3
708 0
709 2
710 1
711 2
712 1
713 2
714 2
715 1
716 2
717 1
718 1
719 1
720 3
721 1
722 1
723 1
724 1
725 1
726 1
727 1
728 2
729 1
730 1
731 1
732 2
733 1
734 1
735 1
736 1
737 2
738 1
739 1
740 1
741 1
742 1
743 2
744 1
745 1
746 1
747 2
748 1
749 2
750 0
751 1
752 3
753 2
754 3
755 2
756 1
757 2
758 1
759 2
760 2
761 1
762 2
763 2
764 1
765 1
766 0
767 2
768 0
769 1
770 1
771 3
772 1
773 1
774 1
775 1
776 1
777 0
778 0
779 0
780 0
781 0
782 2
783 1
784 0
785 2
786 1
787 2
788 1
789 2
790 1
791 2
792 1
793 1
794 1
795 1
796 2
797 1
798 1
799 3
800 1
801 2
802 2
803 2
804 1
805 1
806 1
807 2
808 1
809 2
810 1
811 1
812 2
813 1
814 2
815 1
816 1
817 0
818 2
819 0
820 1
821 1
822 2
823 1
824 3
825 1
826 2
827 2
828 2
829 2
830 2
831 1
832 1
833 1
834 1
835 2
836 2
837 2
838 1
839 1
840 1
841 1
842 1
843 1
844 1
845 1
846 1
847 1
848 1
849 2
850 1
851 1
852 2
853 1
854 3
855 1
856 1
857 3
858 2
859 1
860 2
861 2
862 2
863 2
864 0
865 2
866 1
867 1
868 2
869 1
870 1
871 1
872 1
873 1
874 1
875 2
876 2
877 1
878 2
879 0
880 1
881 1
882 0
883 0
884 0
885 0
886 0
887 0
888 0
889 1
890 0
891 0
892 0
893 1
894 0
895 0
896 0
897 0
898 0
899 0
900 0
901 0
902 0
903 0
904 0
905 0
906 0
907 0
908 0
909 0
910 0
911 0
912 0
913 0
914 0
915 0
916 0
917 0
918 1
919 0
920 0
921 0
922 0
923 0
924 0
925 0
926 1
927 0
928 0
929 0
930 0
931 0
932 0
933 0
934 1
935 0
936 0
937 0
938 0
939 0
940 1
941 1
942 0
943 0
944 0
945 1
946 0
947 0
948 0
949 1
950 0
951 0
952 1
953 0
954 0
955 0
956 0
957 0
958 1
959 1
960 0
961 0
962 0
963 0
964 0
965 0
966 0
967 0
968 0
969 0
970 2
971 0
972 0
973 0
974 0
975 0
976 0
977 0
978 0
979 0
980 0
981 0
982 0
983 1
984 0
985 1
986 0
987 0
988 0
989 0
990 0
991 0
992 1
993 0
994 0
995 0
996 0
997 2
998 1
999 0
1000 0
1001 0
1002 0
1003 1
1004 0
1005 0
1006 0
1007 0
1008 0
1009 0
1010 0
1011 0
1012 0
1013 0
1014 0
1015 0
1016 0
1017 0
1018 0
1019 0
1020 0
1021 0
1022 0
1023 0
1024 0
1025 0
1026 0
1027 0
1028 0
1029 0
1030 0
1031 0
1032 0
1033 0
1034 0
1035 0
1036 0
1037 0
1038 0
1039 0
1040 0
1041 0
1042 0
1043 0
1044 0
1045 0
1046 0
1047 0
1048 0
1049 0
1050 0
1051 0
1052 0
1053 0
1054 0
1055 0
1056 1
1057 1
1058 1
1059 2
1060 0
1061 1
1062 0
1063 1
1064 0
1065 0
1066 0
1067 0
1068 0
1069 0
1070 0
1071 0
1072 0
1073 0
1074 0
1075 0
1076 0
1077 0
1078 0
1079 0
1080 0
1081 0
1082 0
1083 1
1084 0
1085 0
1086 0
1087 0
1088 0
1089 0
1090 0
1091 0
1092 0
1093 0
1094 1
1095 0
1096 0
1097 0
1098 0
1099 0
1100 0
1101 0
1102 0
1103 0
1104 0
1105 0
1106 0
1107 0
1108 0
1109 0
1110 0
1111 0
1112 0
1113 0
1114 0
1115 0
1116 0
1117 0
1118 0
1119 0
1120 0
1121 0
1122 0
1123 0
1124 0
1125 0
1126 0
1127 0
1128 0
1129 0
1130 0
1131 0
1132 0
1133 0
1134 0
1135 0
1136 0
1137 1
1138 0
1139 0
1140 0
1141 0
1142 0
1143 0
1144 1
1145 1
1146 0
1147 1
1148 1
1149 1
1150 0
1151 2
1152 0
1153 0
1154 0
1155 0
1156 1
1157 1
1158 1
1159 0
1160 1
1161 0
1162 0
1163 1
1164 1
1165 1
1166 0
1167 1
1168 0
1169 2
1170 3
1171 1
1172 1
1173 2
1174 1
1175 1
1176 1
1177 1
1178 0
1179 1
1180 1
1181 0
1182 0
1183 1
1184 2
1185 0
1186 1
1187 1
1188 0
1189 2
1190 1
1191 1
1192 1
1193 1
1194 1
1195 1
1196 2
1197 1
1198 1
1199 0
1200 0
1201 0
1202 0
1203 0
1204 0
1205 1
1206 2
1207 1
1208 1
1209 1
1210 1
1211 0
1212 1
1213 1
1214 0
1215 1
1216 0
1217 1
1218 0
1219 0
1220 0
1221 0
1222 0
1223 1
1224 0
1225 0
1226 1
1227 1
1228 1
1229 0
1230 1
1231 1
1232 1
1233 1
1234 1
1235 0
1236 1
1237 0
1238 2
1239 0
1240 0
1241 2
1242 0
1243 0
1244 0
1245 0
1246 0
1247 0
1248 1
1249 2
1250 1
1251 0
1252 0
1253 1
1254 1
1255 0
1256 0
1257 0
1258 0
1259 1
1260 1
1261 0
1262 0
1263 1
1264 0
1265 0
1266 1
1267 0
1268 0
1269 0
1270 0
1271 0
1272 0
1273 1
1274 2
1275 0
1276 0
1277 1
1278 0
1279 1
1280 0
1281 1
1282 1
1283 1
1284 0
1285 0
1286 0
1287 0
1288 0
1289 0
1290 0
1291 0
1292 0
1293 0
1294 1
1295 1
1296 2
1297 1
1298 1
1299 0
1300 1
1301 2
1302 1
1303 1
1304 0
1305 1
1306 0
1307 2
1308 1
1309 1
1310 0
1311 1
1312 0
1313 1
1314 1
1315 1
1316 0
1317 1
1318 2
1319 1
1320 0
1321 1
1322 1
1323 1
1324 1
1325 0
1326 0
1327 0
1328 1
1329 1
1330 2
1331 2
1332 0
1333 0
1334 1
1335 0
1336 1
1337 0
1338 0
1339 0
1340 0
1341 0
1342 2
1343 1
1344 0
1345 0
1346 1
1347 1
1348 1
1349 1
1350 1
1351 1
1352 1
1353 1
1354 1
1355 1
1356 0
1357 1
1358 2
1359 1
1360 1
1361 0
1362 0
1363 0
1364 0
1365 0
1366 1
1367 0
1368 1
1369 1
1370 0
1371 0
1372 1
1373 0
1374 0
1375 0
1376 0
1377 0
1378 0
1379 0
1380 1
1381 0
1382 0
1383 0
1384 0
1385 0
1386 1
1387 0
1388 0
1389 0
1390 1
1391 1
1392 0
1393 0
1394 0
1395 0
1396 0
1397 0
1398 2
1399 1
1400 1
1401 0
1402 0
1403 0
1404 0
1405 0
1406 0
1407 0
1408 1
1409 1
1410 0
1411 0
1412 0
1413 0
1414 0
1415 0
1416 0
1417 0
1418 1
1419 0
1420 1
1421 0
1422 1
1423 1
1424 0
1425 1
1426 1
1427 0
1428 1
1429 1
1430 1
1431 0
1432 0
1433 1
1434 1
1435 0
1436 0
1437 0
1438 0
1439 0
1440 1
1441 0
1442 1
1443 0
1444 1
1445 2
1446 0
1447 0
1448 1
1449 0
1450 1
1451 0
1452 0
1453 2
1454 0
1455 0
1456 0
1457 0
1458 1
1459 2
1460 1
1461 1
1462 0
1463 1
1464 0
1465 1
1466 1
1467 2
1468 0
1469 2
1470 1
1471 0
1472 0
1473 0
1474 0
1475 1
1476 2
1477 0
1478 1
1479 1
1480 1
1481 0
1482 0
1483 0
1484 0
1485 0
1486 0
1487 0
1488 1
1489 1
1490 2
1491 2
1492 0
1493 0
1494 0
1495 1
1496 0
1497 0
1498 0
1499 2
1500 1
1501 0
1502 1
1503 0
1504 1
1505 1
1506 1
1507 1
1508 1
1509 1
1510 3
1511 0
1512 2
1513 0
1514 3
1515 2
1516 2
1517 1
1518 1
1519 2
1520 2
1521 0
1522 1
1523 0
1524 1
1525 2
1526 2
1527 1
1528 1
1529 2
1530 2
1531 2
1532 2
1533 2
1534 2
1535 2
1536 1
1537 1
1538 3
1539 0
1540 2
1541 2
1542 2
1543 2
1544 1
1545 1
1546 2
1547 3
1548 2
1549 2
1550 2
1551 1
1552 1
1553 1
1554 1
1555 1
1556 0
1557 0
1558 1
1559 0
1560 2
1561 1
1562 2
1563 2
1564 2
1565 2
1566 3
1567 2
1568 2
1569 2
1570 1
1571 1
1572 1
1573 2
1574 2
1575 2
1576 1
1577 2
1578 2
1579 1
1580 0
1581 0
1582 1
1583 2
1584 2
1585 2
1586 0
1587 1
1588 1
1589 1
1590 1
1591 3
1592 0
1593 0
1594 1
1595 2
1596 2
1597 2
1598 1
1599 2
1600 1
1601 3
1602 1
1603 1
1604 2
1605 1
1606 3
1607 0
1608 1
1609 0
1610 0
1611 0
1612 0
1613 0
1614 0
1615 1
1616 3
1617 0
1618 1
1619 2
1620 2
1621 0
1622 3
1623 0
1624 3
1625 1
1626 2
1627 0
1628 1
1629 2
1630 2
1631 0
1632 1
1633 1
1634 2
1635 2
1636 1
1637 2
1638 1
1639 1
1640 1
1641 2
1642 1
1643 1
1644 0
1645 1
1646 0
1647 0
1648 0
1649 1
1650 2
1651 2
1652 1
1653 1
1654 0
1655 0
1656 0
1657 0
1658 0
1659 1
1660 1
1661 0
1662 1
1663 1
1664 0
1665 0
1666 0
1667 0
1668 0
1669 0
1670 1
1671 0
1672 0
1673 0
1674 1
1675 0
1676 1
1677 0
1678 0
1679 0
1680 0
1681 0
1682 0
1683 0
1684 0
1685 0
1686 0
1687 0
1688 0
1689 0
1690 0
1691 0
1692 0
1693 0
1694 0
1695 0
1696 0
1697 0
1698 0
1699 0
1700 0
1701 0
1702 0
1703 0
1704 0
1705 1
1706 1
1707 0
1708 0
1709 1
1710 0
1711 0
1712 0
1713 0
1714 0
1715 0
1716 0
1717 0
1718 0
1719 0
1720 0
1721 0
1722 0
1723 0
1724 0
1725 1
1726 0
1727 0
1728 0
1729 0
1730 0
1731 0
1732 1
1733 1
1734 0
1735 0
1736 0
1737 2
1738 0
1739 1
1740 0
1741 0
1742 0
1743 0
1744 0
1745 0
1746 0
1747 0
1748 0
1749 1
1750 1
1751 0
1752 0
1753 1
1754 0
1755 1
1756 0
1757 0
1758 0
1759 0
1760 0
1761 0
1762 0
1763 0
1764 0
1765 0
1766 0
1767 0
1768 0
1769 0
1770 0
1771 0
1772 0
1773 0
1774 0
1775 0
1776 0
1777 0
1778 0
1779 0
1780 0
1781 0
1782 0
1783 0
1784 0
1785 0
1786 0
1787 0
1788 0
1789 0
1790 0
1791 0
1792 0
1793 0
1794 0
1795 0
1796 0
1797 0
1798 0
1799 1
1800 0
1801 0
1802 0
1803 0
1804 0
1805 0
1806 0
1807 0
1808 0
1809 1
1810 1
1811 2
1812 1
1813 0
1814 0
1815 1
1816 0
1817 0
1818 0
1819 0
1820 0
1821 0
1822 0
1823 0
1824 0
1825 0
1826 1
1827 0
1828 0
1829 1
1830 1
1831 0
1832 1
1833 0
1834 1
1835 0
1836 0
1837 0
1838 0
1839 0
1840 0
1841 0
1842 1
1843 0
1844 0
1845 0
1846 0
1847 0
1848 0
1849 0
1850 0
1851 0
1852 0
1853 0
1854 0
1855 0
1856 0
1857 1
1858 0
1859 0
1860 0
1861 0
1862 0
1863 0
1864 0
1865 0
1866 0
1867 0
1868 0
1869 0
1870 0
1871 0
1872 0
1873 0
1874 1
1875 0
1876 0
1877 0
1878 0
1879 0
1880 0
1881 0
1882 1
1883 1
1884 1
1885 0
1886 0
1887 0
1888 0
1889 0
1890 0
1891 0
1892 0
1893 0
1894 0
1895 0
1896 0
1897 0
1898 0
1899 0
1900 0
1901 0
1902 0
1903 0
1904 0
1905 0
1906 0
1907 0
1908 0
1909 0
1910 0
1911 1
1912 0
1913 0
1914 0
1915 0
1916 0
1917 0
1918 0
1919 0
1920 0
1921 0
1922 0
1923 0
1924 0
1925 0
1926 0
1927 0
1928 0
1929 0
1930 0
1931 0
1932 0
1933 0
1934 0
1935 0
1936 0
1937 0
1938 0
1939 0
1940 0
1941 0
1942 0
1943 0
1944 0
1945 0
1946 0
1947 0
1948 0
1949 0
1950 0
1951 0
1952 0
1953 0
1954 0
1955 0
1956 0
1957 0
1958 0
1959 0
1960 0
1961 0
1962 0
1963 0
1964 0
1965 0
1966 0
1967 0
1968 0
1969 0
1970 0
1971 0
1972 0
1973 0
1974 0
1975 0
1976 0
1977 0
1978 0
1979 0
1980 0
1981 0
1982 0
1983 0
1984 0
1985 0
1986 0
1987 0
1988 0
1989 0
1990 0
1991 0
1992 0
1993 0
1994 0
1995 0
1996 0
1997 0
1998 0
1999 0
