0 2
1 1
2 2
3 1
4 1
5 2
6 1
7 1
8 1
9 2
10 2
11 1
12 1
13 2
14 1
15 2
16 0
17 1
18 1
19 1
20 2
21 2
22 2
23 1
24 1
25 1
26 2
27 2
28 3
29 2
30 2
31 2
32 1
33 1
34 1
35 1
36 1
37 2
38 1
39 1
40 2
41 1
42 1
43 0
44 1
45 2
46 2
47 2
48 1
49 2
50 2
51 1
52 1
53 1
54 2
55 2
56 1
57 2
58 1
59 2
60 1
61 0
62 1
63 2
64 2
65 2
66 1
67 0
68 1
69 2
70 1
71 1
72 1
73 1
74 0
75 0
76 2
77 1
78 2
79 1
80 0
81 1
82 3
83 2
84 3
85 1
86 0
87 1
88 1
89 1
90 1
91 0
92 1
93 0
94 2
95 1
96 1
97 1
98 2
99 3
100 0
101 1
102 2
103 2
104 1
105 2
106 1
107 1
108 1
109 2
110 2
111 2
112 1
113 2
114 1
115 1
116 1
117 2
118 2
119 1
120 0
121 0
122 0
123 1
124 1
125 0
126 1
127 1
128 2
129 1
130 1
131 2
132 0
133 1
134 1
135 0
136 2
137 0
138 2
139 1
140 1
141 1
142 0
143 1
144 2
145 0
146 2
147 1
148 0
149 0
150 0
151 1
152 1
153 1
154 1
155 0
156 1
157 1
158 0
159 1
160 1
161 1
162 0
163 1
164 0
165 1
166 1
167 2
168 2
169 1
170 1
171 1
172 1
173 1
174 1
175 0
176 0
177 1
178 1
179 1
180 1
181 0
182 0
183 1
184 1
185 1
186 1
187 1
188 1
189 1
190 1
191 1
192 1
193 2
194 1
195 0
196 1
197 1
198 2
199 1
200 1
201 1
202 1
203 1
204 1
205 2
206 1
207 2
208 2
209 2
210 1
211 2
212 2
213 1
214 1
215 2
216 1
217 1
218 1
219 1
220 2
221 1
222 0
223 1
224 1
225 0
226 1
227 2
228 1
229 2
230 2
231 2
232 1
233 1
234 1
235 2
236 1
237 1
238 0
239 0
240 2
241 1
242 2
243 2
244 1
245 1
246 1
247 1
248 2
249 1
250 2
251 1
252 2
253 1
254 2
255 1
256 2
257 2
258 2
259 1
260 1
261 2
262 1
263 0
264 0
265 1
266 1
267 2
268 1
269 1
270 3
271 2
272 2
273 1
274 1
275 1
276 1
277 0
278 0
279 1
280 2
281 2
282 2
283 1
284 1
285 2
286 2
287 2
288 2
289 2
290 3
291 2
292 1
293 2
294 2
295 0
296 0
297 0
298 2
299 0
300 2
301 2
302 2
303 2
304 3
305 1
306 1
307 1
308 0
309 0
310 0
311 1
312 2
313 2
314 2
315 1
316 1
317 1
318 2
319 2
320 2
321 1
322 1
323 1
324 1
325 1
326 0
327 1
328 0
329 1
330 1
331 1
332 0
333 1
334 0
335 1
336 3
337 0
338 2
339 1
340 2
341 1
342 1
343 3
344 0
345 1
346 1
347 1
348 1
349 1
350 3
351 2
352 1
353 1
354 1
355 1
356 0
357 1
358 1
359 1
360 1
361 1
362 0
363 1
364 1
365 1
366 1
367 2
368 0
369 1
370 2
371 1
372 2
373 1
374 1
375 1
376 1
377 1
378 1
379 1
380 1
381 1
382 2
383 1
384 1
385 1
386 4
387 1
388 1
389 2
390 1
391 1
392 1
393 1
394 2
395 2
396 1
397 1
398 1
399 1
400 1
401 2
402 0
403 3
404 1
405 2
406 1
407 2
408 1
409 0
410 3
411 1
412 1
413 3
414 1
415 1
416 2
417 1
418 0
419 1
420 1
421 1
422 1
423 1
424 1
425 2
426 2
427 2
428 1
429 1
430 1
431 1
432 1
433 0
434 0
435 2
436 1
437 1
438 2
439 0
440 2
441 1
442 1
443 0
444 1
445 1
446 0
447 2
448 1
449 1
450 1
451 2
452 1
453 1
454 1
455 1
456 1
457 1
458 1
459 1
460 1
461 1
462 1
463 1
464 1
465 2
466 3
467 1
468 1
469 2
470 2
471 2
472 2
473 1
474 1
475 1
476 1
477 0
478 1
479 1
480 0
481 0
482 2
483 0
484 1
485 2
486 0
487 1
488 2
489 2
490 1
491 1
492 2
493 0
494 1
495 2
496 0
497 3
498 0
499 2
500 4
501 1
502 1
503 1
504 0
505 1
506 0
507 1
508 4
509 1
510 1
511 1
512 2
513 3
514 0
515 3
516 3
517 3
518 1
519 1
520 3
521 3
522 2
523 0
524 0
525 1
526 2
527 2
528 2
529 2
530 0
531 1
532 2
533 3
534 2
535 1
536 3
537 1
538 0
539 1
540 2
541 0
542 1
543 2
544 2
545 2
546 4
547 1
548 1
549 1
550 1
551 1
552 1
553 0
554 2
555 1
556 2
557 1
558 0
559 2
560 4
561 2
562 1
563 2
564 1
565 2
566 2
567 2
568 2
569 2
570 2
571 2
572 3
573 0
574 2
575 2
576 3
577 1
578 0
579 0
580 1
581 1
582 2
583 1
584 0
585 0
586 0
587 0
588 0
589 0
590 1
591 2
592 0
593 1
594 1
595 2
596 1
597 1
598 0
599 1
600 2
601 0
602 1
603 1
604 1
605 1
606 1
607 1
608 0
609 1
610 1
611 0
612 0
613 0
614 1
615 1
616 0
617 0
618 1
619 0
620 1
621 1
622 1
623 1
624 2
625 1
626 0
627 1
628 1
629 2
630 2
631 2
632 1
633 1
634 0
635 1
636 2
637 1
638 0
639 1
640 1
641 1
642 1
643 1
644 2
645 1
646 0
647 0
648 0
649 1
650 1
651 0
652 0
653 0
654 0
655 0
656 0
657 0
658 0
659 0
660 0
661 0
662 0
663 0
664 0
665 0
666 0
667 0
668 0
669 0
670 0
671 0
672 0
673 0
674 0
675 0
676 0
677 0
678 0
679 0
680 0
681 1
682 0
683 0
684 0
685 0
686 0
687 0
688 0
689 0
690 0
691 1
692 0
693 1
694 0
695 1
696 1
697 1
698 1
699 0
700 0
701 1
702 1
703 0
704 0
705 1
706 2
707 1
708 0
709 3
710 1
711 1
712 0
713 0
714 0
715 0
716 1
717 1
718 1
719 0
720 2
721 2
722 0
723 2
724 0
725 2
726 1
727 1
728 1
729 1
730 0
731 0
732 0
733 1
734 1
735 0
736 1
737 1
738 1
739 1
740 2
741 2
742 2
743 2
744 1
745 0
746 0
747 0
748 0
749 0
750 0
751 0
752 0
753 0
754 0
755 0
756 0
757 0
758 0
759 0
760 0
761 0
762 0
763 0
764 0
765 0
766 1
767 0
768 0
769 0
770 0
771 0
772 0
773 1
774 0
775 1
776 0
777 0
778 2
779 2
780 2
781 2
782 0
783 0
784 0
785 0
786 0
787 0
788 0
789 0
790 0
791 0
792 0
793 0
794 0
795 0
796 0
797 0
798 0
799 0
800 0
801 0
802 0
803 0
804 0
805 0
806 0
807 0
808 0
809 0
810 1
811 0
812 0
813 1
814 1
815 0
816 0
817 0
818 0
819 0
820 0
821 1
822 1
823 0
824 1
825 1
826 1
827 1
828 1
829 0
830 0
831 1
832 1
833 1
834 1
835 1
836 1
837 1
838 0
839 1
840 1
841 1
842 1
843 1
844 1
845 1
846 1
847 1
848 1
849 0
850 1
851 2
852 2
853 1
854 1
855 1
856 1
857 1
858 1
859 2
860 1
861 1
862 0
863 1
864 1
865 1
866 1
867 2
868 0
869 1
870 0
871 0
872 1
873 1
874 0
875 0
876 0
877 0
878 0
879 0
880 0
881 1
882 2
883 2
884 1
885 2
886 1
887 0
888 0
889 2
890 1
891 2
892 2
893 1
894 1
895 1
896 2
897 0
898 1
899 1
900 1
901 1
902 2
903 1
904 2
905 2
906 1
907 1
908 2
909 2
910 2
911 1
912 2
913 1
914 1
915 2
916 1
917 0
918 1
919 1
920 1
921 1
922 1
923 2
924 1
925 1
926 0
927 1
928 1
929 1
930 1
931 2
932 2
933 1
934 1
935 1
936 1
937 1
938 2
939 2
940 2
941 1
942 3
943 0
944 1
945 1
946 1
947 1
948 0
949 1
950 2
951 1
952 0
953 0
954 0
955 0
956 1
957 1
958 1
959 1
960 2
961 1
962 1
963 1
964 1
965 2
966 2
967 2
968 1
969 2
970 1
971 1
972 1
973 2
974 0
975 1
976 1
977 3
978 1
979 0
980 2
981 2
982 0
983 0
984 2
985 1
986 0
987 2
988 1
989 2
990 0
991 1
992 2
993 1
994 1
995 2
996 1
997 1
998 2
999 2
1000 0
1001 1
1002 1
1003 1
1004 1
1005 0
1006 1
1007 1
1008 1
1009 1
1010 0
1011 1
1012 1
1013 0
1014 2
1015 2
1016 0
1017 2
1018 1
1019 2
1020 2
1021 1
1022 2
1023 1
1024 1
1025 1
1026 1
1027 1
1028 0
1029 1
1030 1
1031 2
1032 2
1033 0
1034 1
1035 1
1036 1
1037 1
1038 2
1039 2
1040 1
1041 1
1042 2
1043 2
1044 1
1045 1
1046 1
1047 1
1048 1
1049 1
1050 2
1051 2
1052 2
1053 2
1054 2
1055 0
1056 1
1057 1
1058 2
1059 1
1060 1
1061 1
1062 2
1063 2
1064 1
1065 2
1066 1
1067 0
1068 2
1069 2
1070 2
1071 1
1072 1
1073 1
1074 2
1075 0
1076 0
1077 1
1078 2
1079 2
1080 2
1081 1
1082 2
1083 1
1084 1
1085 2
1086 1
1087 2
1088 1
1089 1
1090 2
1091 1
1092 2
1093 2
1094 1
1095 2
1096 0
1097 1
1098 2
1099 1
1100 0
1101 2
1102 1
1103 2
1104 2
1105 2
1106 2
1107 2
1108 2
1109 1
1110 1
1111 1
1112 1
1113 1
1114 1
1115 2
1116 0
1117 1
1118 2
1119 2
1120 1
1121 2
1122 1
1123 2
1124 1
1125 1
1126 3
1127 2
1128 2
1129 1
1130 2
1131 2
1132 1
1133 1
1134 2
1135 2
1136 1
1137 1
1138 0
1139 1
1140 1
1141 1
1142 2
1143 1
1144 1
1145 1
1146 1
1147 1
1148 2
1149 2
1150 1
1151 1
1152 1
1153 1
1154 1
1155 2
1156 1
1157 1
1158 1
1159 0
1160 2
1161 1
1162 0
1163 0
1164 0
1165 0
1166 1
1167 0
1168 0
1169 0
1170 0
1171 0
1172 0
1173 0
1174 0
1175 0
1176 1
1177 0
1178 0
1179 0
1180 0
1181 0
1182 0
1183 0
1184 0
1185 0
1186 0
1187 2
1188 1
1189 1
1190 0
1191 2
1192 0
1193 0
1194 0
1195 0
1196 0
1197 0
1198 0
1199 0
1200 1
1201 0
1202 0
1203 0
1204 0
1205 0
1206 0
1207 0
1208 3
1209 0
1210 0
1211 0
1212 0
1213 0
1214 0
1215 0
1216 2
1217 1
1218 1
1219 2
1220 1
1221 1
1222 0
1223 0
1224 0
1225 0
1226 0
1227 1
1228 2
1229 0
1230 0
1231 0
1232 1
1233 0
1234 2
1235 1
1236 1
1237 2
1238 1
1239 1
1240 0
1241 1
1242 0
1243 1
1244 1
1245 0
1246 0
1247 3
1248 1
1249 0
1250 2
1251 2
1252 1
1253 1
1254 1
1255 0
1256 2
1257 1
1258 0
1259 2
1260 1
1261 1
1262 1
1263 2
1264 1
1265 1
1266 1
1267 2
1268 1
1269 2
1270 1
1271 0
1272 2
1273 1
1274 1
1275 1
1276 1
1277 2
1278 0
1279 1
1280 0
1281 0
1282 1
1283 1
1284 0
1285 0
1286 1
1287 1
1288 0
1289 1
1290 1
1291 0
1292 2
1293 1
1294 1
1295 1
1296 0
1297 0
1298 0
1299 0
1300 1
1301 0
1302 0
1303 0
1304 0
1305 0
1306 0
1307 0
1308 0
1309 0
1310 0
1311 0
1312 0
1313 0
1314 0
1315 0
1316 0
1317 0
1318 0
1319 0
1320 0
1321 0
1322 0
1323 0
1324 0
1325 0
1326 0
1327 0
1328 0
1329 0
1330 0
1331 0
1332 0
1333 0
1334 0
1335 0
1336 0
1337 0
1338 0
1339 0
1340 0
1341 0
1342 0
1343 0
1344 0
1345 1
1346 0
1347 1
1348 0
1349 0
1350 0
1351 0
1352 0
1353 1
1354 2
1355 1
1356 0
1357 0
1358 1
1359 0
1360 1
1361 0
1362 1
1363 1
1364 1
1365 1
1366 1
1367 1
1368 1
1369 1
1370 0
1371 1
1372 1
1373 1
1374 1
1375 1
1376 2
1377 1
1378 2
1379 1
1380 2
1381 0
1382 0
1383 1
1384 1
1385 1
1386 1
1387 1
1388 1
1389 1
1390 1
1391 1
1392 1
1393 0
1394 1
1395 1
1396 1
1397 1
1398 1
1399 1
1400 1
1401 1
1402 1
1403 1
1404 1
1405 1
1406 1
1407 0
1408 2
1409 0
1410 1
1411 0
1412 0
1413 0
1414 0
1415 0
1416 0
1417 0
1418 0
1419 0
1420 0
1421 0
1422 1
1423 0
1424 0
1425 0
1426 0
1427 0
1428 0
1429 0
1430 0
1431 0
1432 0
1433 0
1434 0
1435 0
1436 0
1437 0
1438 0
1439 0
1440 0
1441 0
1442 0
1443 0
1444 0
1445 0
1446 0
1447 0
1448 0
1449 0
1450 0
1451 0
1452 0
1453 0
1454 0
1455 0
1456 0
1457 0
1458 0
1459 0
1460 0
1461 0
1462 0
1463 0
1464 0
1465 0
1466 0
1467 0
1468 0
1469 0
1470 0
1471 0
1472 0
1473 0
1474 0
1475 0
1476 0
1477 0
1478 0
1479 0
1480 0
1481 0
1482 0
1483 0
1484 0
1485 0
1486 0
1487 0
1488 2
1489 0
1490 1
1491 1
1492 1
1493 0
1494 1
1495 2
1496 0
1497 0
1498 0
1499 0
1500 0
1501 0
1502 0
1503 0
1504 1
1505 0
1506 1
1507 1
1508 2
1509 1
1510 2
1511 1
1512 0
1513 0
1514 1
1515 0
1516 1
1517 1
1518 1
1519 1
1520 1
1521 1
1522 0
1523 1
1524 1
1525 0
1526 2
1527 1
1528 2
1529 0
1530 0
1531 0
1532 0
1533 0
1534 0
1535 0
1536 0
1537 1
1538 0
1539 0
1540 0
1541 0
1542 0
1543 0
1544 2
1545 0
1546 0
1547 0
1548 0
1549 0
1550 0
1551 0
1552 1
1553 0
1554 3
1555 2
1556 1
1557 0
1558 0
1559 0
1560 0
1561 0
1562 0
1563 1
1564 0
1565 0
1566 1
1567 0
1568 0
1569 1
1570 1
1571 1
1572 0
1573 1
1574 0
1575 0
1576 0
1577 0
1578 1
1579 1
1580 1
1581 2
1582 2
1583 0
1584 0
1585 0
1586 1
1587 0
1588 0
1589 2
1590 1
1591 1
1592 1
1593 2
1594 0
1595 1
1596 1
1597 1
1598 1
1599 1
1600 0
1601 2
1602 1
1603 1
1604 2
1605 2
1606 1
1607 1
1608 1
1609 1
1610 2
1611 2
1612 2
1613 1
1614 1
1615 2
1616 1
1617 2
1618 1
1619 0
1620 1
1621 0
1622 1
1623 1
1624 0
1625 0
1626 2
1627 2
1628 0
1629 1
1630 1
1631 1
1632 1
1633 1
1634 1
1635 1
1636 1
1637 1
1638 0
1639 1
1640 0
1641 2
1642 2
1643 2
1644 2
1645 1
1646 1
1647 0
1648 1
1649 1
1650 2
1651 0
1652 1
1653 3
1654 0
1655 1
1656 0
1657 1
1658 1
1659 2
1660 1
1661 0
1662 1
1663 2
1664 0
1665 1
1666 2
1667 0
1668 1
1669 1
1670 0
1671 0
1672 0
1673 0
1674 0
1675 0
1676 0
1677 0
1678 1
1679 1
1680 1
1681 1
1682 1
1683 0
1684 2
1685 1
1686 2
1687 0
1688 0
1689 1
1690 0
1691 0
1692 0
1693 0
1694 1
1695 0
1696 1
1697 1
1698 1
1699 1
1700 1
1701 1
1702 0
1703 0
1704 0
1705 0
1706 0
1707 0
1708 0
1709 0
1710 0
1711 0
1712 0
1713 0
1714 2
1715 1
1716 1
1717 0
1718 0
1719 0
1720 0
1721 0
1722 1
1723 0
1724 0
1725 1
1726 0
1727 4
1728 2
1729 1
1730 1
1731 2
1732 1
1733 2
1734 1
1735 3
1736 1
1737 2
1738 2
1739 1
1740 2
1741 0
1742 2
1743 3
1744 4
1745 2
1746 2
1747 3
1748 1
1749 1
1750 1
1751 0
1752 4
1753 3
1754 2
1755 2
1756 3
1757 4
1758 2
1759 2
1760 2
1761 4
1762 1
1763 0
1764 0
1765 1
1766 0
1767 2
1768 0
1769 0
1770 0
1771 0
1772 0
1773 0
1774 0
1775 0
1776 0
1777 0
1778 2
1779 0
1780 1
1781 2
1782 1
1783 1
1784 1
1785 0
1786 1
1787 1
1788 2
1789 0
1790 0
1791 0
1792 0
1793 1
1794 1
1795 1
1796 1
1797 1
1798 2
1799 0
1800 1
1801 1
1802 2
1803 0
1804 0
1805 0
1806 0
1807 0
1808 0
1809 0
1810 0
1811 0
1812 0
1813 0
1814 0
1815 0
1816 0
1817 0
1818 0
1819 0
1820 0
1821 0
1822 0
1823 0
1824 0
1825 0
1826 0
1827 0
1828 0
1829 0
1830 0
1831 0
1832 0
1833 0
1834 0
1835 0
1836 0
1837 0
1838 0
1839 0
1840 0
1841 0
1842 0
1843 0
1844 0
1845 0
1846 0
1847 0
1848 0
1849 0
1850 0
1851 0
1852 0
1853 0
1854 0
1855 0
1856 0
1857 0
1858 0
1859 0
1860 0
1861 0
1862 0
1863 0
1864 0
1865 0
1866 0
1867 0
1868 0
1869 0
1870 0
1871 0
1872 0
1873 0
1874 0
1875 0
1876 0
1877 0
1878 0
1879 0
1880 0
1881 0
1882 1
1883 0
1884 0
1885 0
1886 0
1887 0
1888 1
1889 1
1890 2
1891 2
1892 1
1893 0
1894 0
1895 0
1896 2
1897 0
1898 2
1899 0
1900 0
1901 0
1902 1
1903 0
1904 1
1905 0
1906 0
1907 0
1908 1
1909 1
1910 0
1911 0
1912 0
1913 2
1914 2
1915 1
1916 1
1917 0
1918 0
1919 0
1920 0
1921 1
1922 3
1923 0
1924 0
1925 0
1926 0
1927 2
1928 1
1929 1
1930 2
1931 0
1932 0
1933 0
1934 0
1935 1
1936 1
1937 1
1938 1
1939 0
1940 0
1941 1
1942 2
1943 0
1944 1
1945 1
1946 1
1947 1
1948 2
1949 2
1950 2
1951 1
1952 0
1953 1
1954 1
1955 2
1956 2
1957 1
1958 2
1959 3
1960 1
1961 1
1962 1
1963 0
1964 0
1965 2
1966 1
1967 2
1968 1
1969 2
1970 1
1971 3
1972 2
1973 1
1974 2
1975 0
1976 1
1977 1
1978 2
1979 2
1980 2
1981 1
1982 1
1983 2
1984 2
1985 2
1986 1
1987 0
1988 1
1989 2
1990 2
1991 2
1992 1
1993 2
1994 0
1995 1
1996 2
1997 1
1998 1
1999 2
