0 1
1 1
2 0
3 1
4 1
5 0
6 0
7 1
8 0
9 0
10 1
11 1
12 1
13 1
14 1
15 0
16 1
17 2
18 1
19 0
20 1
21 1
22 2
23 1
24 1
25 1
26 2
27 1
28 1
29 1
30 0
31 1
32 1
33 2
34 0
35 1
36 1
37 1
38 0
39 0
40 1
41 1
42 1
43 0
44 2
45 1
46 1
47 1
48 1
49 1
50 0
51 0
52 1
53 1
54 1
55 1
56 1
57 1
58 1
59 2
60 0
61 0
62 0
63 0
64 0
65 1
66 1
67 2
68 0
69 0
70 1
71 1
72 0
73 1
74 1
75 0
76 1
77 0
78 1
79 1
80 1
81 1
82 1
83 2
84 1
85 1
86 1
87 2
88 1
89 2
90 0
91 0
92 0
93 1
94 1
95 1
96 1
97 1
98 0
99 1
100 0
101 1
102 1
103 2
104 1
105 0
106 1
107 1
108 0
109 1
110 0
111 1
112 2
113 1
114 0
115 1
116 1
117 0
118 1
119 1
120 1
121 2
122 0
123 1
124 1
125 1
126 1
127 1
128 2
129 1
130 1
131 1
132 0
133 1
134 1
135 2
136 0
137 1
138 1
139 1
140 0
141 1
142 2
143 1
144 1
145 2
146 1
147 0
148 1
149 1
150 2
151 1
152 1
153 0
154 2
155 0
156 1
157 1
158 1
159 2
160 1
161 1
162 1
163 1
164 1
165 1
166 1
167 1
168 0
169 1
170 1
171 0
172 0
173 1
174 1
175 1
176 1
177 1
178 0
179 1
180 1
181 1
182 0
183 0
184 0
185 1
186 0
187 1
188 1
189 2
190 0
191 2
192 1
193 1
194 1
195 1
196 0
197 1
198 0
199 0
200 1
201 1
202 1
203 1
204 2
205 0
206 2
207 2
208 1
209 1
210 2
211 1
212 1
213 1
214 1
215 0
216 1
217 1
218 1
219 0
220 1
221 1
222 0
223 1
224 0
225 1
226 1
227 1
228 1
229 1
230 1
231 1
232 1
233 1
234 2
235 2
236 2
237 1
238 1
239 1
240 0
241 1
242 1
243 0
244 2
245 1
246 1
247 0
248 1
249 1
250 1
251 2
252 2
253 2
254 1
255 1
256 1
257 0
258 0
259 1
260 1
261 0
262 0
263 0
264 1
265 1
266 0
267 3
268 1
269 1
270 0
271 1
272 1
273 1
274 0
275 1
276 0
277 1
278 1
279 0
280 0
281 1
282 1
283 0
284 0
285 0
286 0
287 0
288 0
289 0
290 1
291 1
292 1
293 0
294 0
295 1
296 0
297 1
298 1
299 2
300 2
301 1
302 1
303 0
304 0
305 0
306 1
307 1
308 2
309 0
310 1
311 1
312 1
313 1
314 1
315 0
316 2
317 1
318 1
319 1
320 1
321 1
322 0
323 1
324 1
325 2
326 0
327 1
328 1
329 0
330 1
331 1
332 2
333 0
334 1
335 0
336 0
337 0
338 0
339 1
340 1
341 1
342 1
343 1
344 0
345 1
346 1
347 1
348 0
349 0
350 1
351 2
352 1
353 1
354 1
355 0
356 1
357 1
358 1
359 1
360 0
361 1
362 1
363 1
364 2
365 2
366 1
367 1
368 1
369 1
370 1
371 2
372 1
373 1
374 1
375 1
376 1
377 2
378 1
379 2
380 2
381 0
382 1
383 1
384 1
385 1
386 1
387 0
388 1
389 1
390 1
391 1
392 1
393 1
394 2
395 1
396 1
397 0
398 2
399 1
400 1
401 2
402 1
403 0
404 1
405 1
406 2
407 1
408 1
409 1
410 1
411 2
412 2
413 1
414 1
415 2
416 1
417 1
418 1
419 1
420 1
421 1
422 1
423 1
424 1
425 1
426 1
427 1
428 0
429 2
430 1
431 1
432 1
433 0
434 1
435 1
436 1
437 1
438 0
439 1
440 2
441 0
442 0
443 1
444 0
445 0
446 1
447 1
448 2
449 1
450 1
451 2
452 1
453 2
454 0
455 1
456 1
457 0
458 0
459 1
460 2
461 1
462 1
463 1
464 1
465 2
466 0
467 1
468 1
469 1
470 1
471 1
472 0
473 1
474 1
475 1
476 0
477 0
478 1
479 1
480 1
481 2
482 1
483 1
484 0
485 2
486 1
487 1
488 2
489 1
490 0
491 1
492 0
493 2
494 1
495 1
496 1
497 1
498 2
499 0
500 2
501 2
502 1
503 0
504 1
505 1
506 1
507 1
508 0
509 1
510 1
511 0
512 2
513 2
514 2
515 0
516 2
517 1
518 1
519 1
520 2
521 1
522 2
523 1
524 1
525 1
526 1
527 1
528 1
529 2
530 1
531 0
532 0
533 1
534 1
535 0
536 1
537 1
538 1
539 1
540 1
541 1
542 1
543 2
544 1
545 1
546 1
547 1
548 2
549 0
550 2
551 1
552 1
553 1
554 2
555 2
556 0
557 0
558 1
559 2
560 1
561 3
562 2
563 1
564 0
565 1
566 0
567 0
568 1
569 1
570 2
571 1
572 1
573 1
574 0
575 2
576 1
577 1
578 0
579 4
580 1
581 2
582 2
583 0
584 2
585 2
586 1
587 0
588 3
589 0
590 3
591 1
592 2
593 2
594 2
595 2
596 1
597 0
598 0
599 1
600 1
601 2
602 0
603 2
604 2
605 2
606 1
607 1
608 1
609 2
610 1
611 1
612 2
613 1
614 0
615 1
616 1
617 1
618 1
619 1
620 1
621 2
622 1
623 1
624 2
625 1
626 0
627 0
628 1
629 1
630 0
631 1
632 0
633 2
634 0
635 0
636 0
637 1
638 2
639 1
640 1
641 0
642 1
643 1
644 1
645 2
646 1
647 2
648 2
649 1
650 0
651 1
652 0
653 0
654 0
655 1
656 1
657 1
658 0
659 1
660 1
661 1
662 2
663 1
664 0
665 1
666 0
667 0
668 1
669 0
670 1
671 2
672 1
673 1
674 1
675 2
676 1
677 1
678 0
679 0
680 1
681 0
682 0
683 1
684 1
685 1
686 1
687 0
688 1
689 0
690 0
691 1
692 2
693 0
694 0
695 1
696 0
697 2
698 1
699 2
700 0
701 1
702 1
703 0
704 1
705 0
706 0
707 1
708 0
709 1
710 0
711 1
712 1
713 1
714 1
715 1
716 0
717 2
718 0
719 1
720 1
721 1
722 0
723 1
724 2
725 2
726 1
727 1
728 1
729 1
730 0
731 1
732 1
733 1
734 1
735 1
736 1
737 0
738 1
739 1
740 1
741 0
742 0
743 1
744 0
745 1
746 0
747 1
748 1
749 2
750 2
751 1
752 1
753 1
754 0
755 1
756 1
757 1
758 0
759 2
760 0
761 0
762 0
763 1
764 0
765 3
766 1
767 1
768 1
769 1
770 0
771 0
772 1
773 0
774 0
775 1
776 1
777 2
778 0
779 1
780 2
781 2
782 1
783 1
784 0
785 0
786 1
787 1
788 1
789 1
790 1
791 0
792 0
793 0
794 0
795 0
796 0
797 0
798 1
799 0
800 0
801 0
802 0
803 1
804 0
805 0
806 1
807 1
808 1
809 0
810 0
811 1
812 1
813 1
814 1
815 1
816 1
817 1
818 1
819 0
820 0
821 0
822 0
823 1
824 0
825 1
826 2
827 1
828 0
829 0
830 0
831 0
832 1
833 1
834 1
835 1
836 3
837 1
838 0
839 0
840 1
841 1
842 2
843 0
844 2
845 0
846 0
847 1
848 2
849 1
850 0
851 1
852 2
853 1
854 0
855 1
856 1
857 0
858 0
859 0
860 0
861 0
862 0
863 0
864 2
865 1
866 0
867 2
868 0
869 1
870 0
871 1
872 1
873 1
874 1
875 0
876 1
877 0
878 1
879 0
880 1
881 1
882 1
883 2
884 1
885 0
886 1
887 1
888 2
889 1
890 2
891 2
892 1
893 1
894 1
895 1
896 0
897 1
898 0
899 1
900 2
901 1
902 1
903 0
904 0
905 0
906 1
907 2
908 1
909 1
910 1
911 2
912 1
913 1
914 1
915 1
916 1
917 1
918 0
919 1
920 1
921 1
922 1
923 0
924 1
925 1
926 2
927 1
928 1
929 1
930 1
931 1
932 1
933 1
934 1
935 0
936 1
937 0
938 0
939 0
940 0
941 0
942 1
943 1
944 1
945 1
946 0
947 1
948 2
949 1
950 1
951 1
952 1
953 2
954 1
955 0
956 1
957 0
958 1
959 2
960 0
961 1
962 1
963 1
964 0
965 1
966 1
967 1
968 0
969 2
970 2
971 1
972 0
973 1
974 2
975 1
976 1
977 1
978 0
979 0
980 2
981 0
982 1
983 1
984 1
985 2
986 1
987 1
988 1
989 0
990 1
991 0
992 1
993 1
994 1
995 2
996 3
997 1
998 1
999 1
1000 2
1001 1
1002 2
1003 1
1004 1
1005 2
1006 1
1007 0
1008 0
1009 1
1010 0
1011 0
1012 1
1013 1
1014 1
1015 1
1016 1
1017 0
1018 1
1019 0
1020 2
1021 2
1022 1
1023 1
1024 2
1025 1
1026 1
1027 1
1028 1
1029 0
1030 1
1031 2
1032 2
1033 1
1034 1
1035 2
1036 1
1037 1
1038 0
1039 1
1040 0
1041 0
1042 1
1043 0
1044 1
1045 1
1046 1
1047 2
1048 0
1049 0
1050 2
1051 1
1052 0
1053 2
1054 0
1055 0
1056 1
1057 2
1058 1
1059 1
1060 1
1061 1
1062 2
1063 0
1064 1
1065 1
1066 3
1067 1
1068 1
1069 1
1070 0
1071 0
1072 1
1073 0
1074 1
1075 1
1076 1
1077 2
1078 1
1079 1
1080 2
1081 1
1082 1
1083 1
1084 1
1085 1
1086 2
1087 1
1088 2
1089 2
1090 1
1091 3
1092 4
1093 1
1094 2
1095 1
1096 2
1097 1
1098 1
1099 1
1100 0
1101 1
1102 2
1103 3
1104 1
1105 1
1106 1
1107 2
1108 1
1109 1
1110 3
1111 2
1112 3
1113 1
1114 2
1115 1
1116 0
1117 1
1118 0
1119 1
1120 1
1121 2
1122 1
1123 0
1124 1
1125 1
1126 0
1127 3
1128 1
1129 0
1130 0
1131 0
1132 0
1133 0
1134 0
1135 1
1136 1
1137 1
1138 2
1139 1
1140 2
1141 1
1142 2
1143 0
1144 1
1145 2
1146 2
1147 1
1148 1
1149 0
1150 1
1151 1
1152 1
1153 0
1154 2
1155 3
1156 0
1157 2
1158 2
1159 1
1160 1
1161 3
1162 1
1163 1
1164 0
1165 2
1166 3
1167 0
1168 0
1169 1
1170 1
1171 1
1172 1
1173 2
1174 1
1175 2
1176 2
1177 1
1178 1
1179 2
1180 1
1181 0
1182 0
1183 0
1184 1
1185 1
1186 1
1187 1
1188 1
1189 1
1190 0
1191 1
1192 1
1193 1
1194 2
1195 1
1196 1
1197 1
1198 0
1199 1
1200 0
1201 1
1202 2
1203 1
1204 0
1205 2
1206 2
1207 1
1208 1
1209 1
1210 1
1211 1
1212 1
1213 1
1214 1
1215 1
1216 1
1217 0
1218 1
1219 0
1220 1
1221 1
1222 1
1223 1
1224 1
1225 1
1226 0
1227 1
1228 1
1229 1
1230 0
1231 1
1232 1
1233 0
1234 1
1235 1
1236 1
1237 1
1238 2
1239 1
1240 1
1241 1
1242 1
1243 1
1244 2
1245 1
1246 1
1247 1
1248 0
1249 1
1250 1
1251 1
1252 1
1253 1
1254 1
1255 1
1256 1
1257 2
1258 1
1259 1
1260 0
1261 2
1262 0
1263 1
1264 1
1265 1
1266 2
1267 1
1268 0
1269 2
1270 1
1271 1
1272 1
1273 0
1274 1
1275 0
1276 0
1277 1
1278 0
1279 1
1280 1
1281 1
1282 0
1283 1
1284 2
1285 2
1286 1
1287 1
1288 0
1289 1
1290 0
1291 1
1292 1
1293 1
1294 1
1295 1
1296 0
1297 0
1298 1
1299 0
1300 1
1301 1
1302 1
1303 0
1304 0
1305 0
1306 1
1307 1
1308 1
1309 2
1310 1
1311 0
1312 0
1313 3
1314 1
1315 0
1316 0
1317 1
1318 1
1319 1
1320 0
1321 1
1322 1
1323 1
1324 0
1325 0
1326 1
1327 0
1328 0
1329 2
1330 1
1331 1
1332 0
1333 1
1334 1
1335 1
1336 0
1337 1
1338 1
1339 1
1340 0
1341 1
1342 0
1343 0
1344 1
1345 1
1346 1
1347 0
1348 0
1349 1
1350 1
1351 0
1352 1
1353 1
1354 1
1355 2
1356 1
1357 2
1358 2
1359 1
1360 1
1361 0
1362 1
1363 1
1364 0
1365 1
1366 1
1367 1
1368 0
1369 1
1370 0
1371 1
1372 0
1373 0
1374 0
1375 1
1376 1
1377 1
1378 1
1379 0
1380 0
1381 0
1382 0
1383 2
1384 0
1385 0
1386 1
1387 0
1388 0
1389 2
1390 1
1391 1
1392 0
1393 1
1394 0
1395 0
1396 2
1397 0
1398 0
1399 1
1400 2
1401 1
1402 1
1403 0
1404 0
1405 1
1406 1
1407 1
1408 0
1409 1
1410 1
1411 1
1412 1
1413 2
1414 0
1415 1
1416 1
1417 1
1418 1
1419 1
1420 0
1421 1
1422 1
1423 1
1424 1
1425 1
1426 1
1427 0
1428 2
1429 1
1430 0
1431 1
1432 1
1433 1
1434 0
1435 2
1436 2
1437 2
1438 1
1439 0
1440 1
1441 0
1442 1
1443 1
1444 1
1445 1
1446 0
1447 1
1448 1
1449 1
1450 1
1451 1
1452 0
1453 1
1454 0
1455 2
1456 0
1457 1
1458 2
1459 1
1460 1
1461 1
1462 0
1463 1
1464 1
1465 0
1466 1
1467 1
1468 0
1469 2
1470 2
1471 1
1472 1
1473 0
1474 1
1475 0
1476 1
1477 1
1478 0
1479 0
1480 0
1481 1
1482 0
1483 1
1484 0
1485 1
1486 2
1487 0
1488 0
1489 0
1490 0
1491 0
1492 1
1493 2
1494 0
1495 0
1496 1
1497 2
1498 1
1499 1
1500 0
1501 0
1502 0
1503 1
1504 2
1505 0
1506 1
1507 0
1508 0
1509 0
1510 1
1511 2
1512 2
1513 1
1514 0
1515 1
1516 1
1517 1
1518 0
1519 2
1520 0
1521 2
1522 0
1523 0
1524 1
1525 0
1526 0
1527 0
1528 2
1529 2
1530 2
1531 1
1532 1
1533 2
1534 1
1535 0
1536 1
1537 0
1538 1
1539 1
1540 1
1541 0
1542 1
1543 2
1544 1
1545 0
1546 1
1547 1
1548 0
1549 0
1550 2
1551 2
1552 2
1553 1
1554 4
1555 2
1556 0
1557 0
1558 2
1559 1
1560 1
1561 1
1562 0
1563 1
1564 1
1565 1
1566 1
1567 0
1568 0
1569 1
1570 1
1571 1
1572 0
1573 1
1574 1
1575 0
1576 1
1577 2
1578 3
1579 2
1580 1
1581 1
1582 0
1583 0
1584 0
1585 1
1586 3
1587 0
1588 0
1589 2
1590 1
1591 0
1592 2
1593 0
1594 1
1595 1
1596 0
1597 0
1598 0
1599 2
1600 0
1601 1
1602 1
1603 1
1604 0
1605 1
1606 2
1607 1
1608 1
1609 3
1610 1
1611 2
1612 3
1613 1
1614 1
1615 1
1616 2
1617 1
1618 2
1619 0
1620 1
1621 2
1622 1
1623 1
1624 1
1625 1
1626 1
1627 1
1628 0
1629 2
1630 1
1631 2
1632 0
1633 1
1634 2
1635 1
1636 1
1637 1
1638 1
1639 0
1640 0
1641 1
1642 0
1643 1
1644 3
1645 1
1646 0
1647 1
1648 1
1649 1
1650 1
1651 1
1652 0
1653 1
1654 2
1655 1
1656 1
1657 1
1658 1
1659 1
1660 0
1661 2
1662 1
1663 1
1664 0
1665 0
1666 1
1667 1
1668 3
1669 1
1670 1
1671 0
1672 1
1673 1
1674 2
1675 1
1676 1
1677 0
1678 1
1679 0
1680 0
1681 2
1682 2
1683 0
1684 0
1685 2
1686 0
1687 1
1688 1
1689 0
1690 0
1691 2
1692 0
1693 1
1694 0
1695 0
1696 2
1697 2
1698 2
1699 1
1700 3
1701 2
1702 2
1703 0
1704 2
1705 2
1706 2
1707 2
1708 2
1709 2
1710 2
1711 2
1712 2
1713 1
1714 1
1715 2
1716 2
1717 2
1718 2
1719 2
1720 2
1721 2
1722 1
1723 2
1724 2
1725 1
1726 2
1727 2
1728 2
1729 2
1730 3
1731 2
1732 2
1733 2
1734 1
1735 2
1736 2
1737 1
1738 2
1739 2
1740 2
1741 2
1742 2
1743 1
1744 2
1745 2
1746 2
1747 1
1748 2
1749 2
1750 2
1751 2
1752 2
1753 1
1754 2
1755 2
1756 2
1757 3
1758 2
1759 2
1760 2
1761 2
1762 2
1763 2
1764 1
1765 2
1766 2
1767 0
1768 0
1769 0
1770 1
1771 0
1772 0
1773 1
1774 1
1775 2
1776 1
1777 1
1778 1
1779 1
1780 1
1781 1
1782 0
1783 0
1784 1
1785 1
1786 1
1787 2
1788 1
1789 1
1790 1
1791 2
1792 3
1793 2
1794 2
1795 0
1796 1
1797 3
1798 1
1799 1
1800 2
1801 0
1802 0
1803 2
1804 2
1805 1
1806 0
1807 0
1808 1
1809 0
1810 1
1811 1
1812 2
1813 1
1814 1
1815 0
1816 1
1817 2
1818 3
1819 3
1820 3
1821 1
1822 1
1823 1
1824 0
1825 0
1826 1
1827 0
1828 0
1829 0
1830 2
1831 0
1832 1
1833 1
1834 1
1835 2
1836 1
1837 0
1838 0
1839 0
1840 0
1841 0
1842 0
1843 0
1844 0
1845 1
1846 1
1847 1
1848 0
1849 1
1850 1
1851 0
1852 1
1853 0
1854 1
1855 1
1856 0
1857 0
1858 1
1859 1
1860 0
1861 1
1862 1
1863 0
1864 2
1865 2
1866 1
1867 2
1868 1
1869 1
1870 1
1871 2
1872 1
1873 2
1874 1
1875 1
1876 1
1877 0
1878 1
1879 1
1880 1
1881 2
1882 2
1883 1
1884 2
1885 1
1886 0
1887 1
1888 3
1889 1
1890 1
1891 1
1892 1
1893 0
1894 1
1895 0
1896 1
1897 1
1898 2
1899 1
1900 1
1901 1
1902 0
1903 2
1904 1
1905 0
1906 1
1907 1
1908 0
1909 0
1910 2
1911 1
1912 1
1913 1
1914 1
1915 0
1916 1
1917 1
1918 0
1919 1
1920 1
1921 0
1922 1
1923 1
1924 3
1925 1
1926 1
1927 1
1928 1
1929 0
1930 0
1931 1
1932 2
1933 0
1934 0
1935 0
1936 0
1937 1
1938 0
1939 2
1940 1
1941 0
1942 1
1943 0
1944 0
1945 1
1946 1
1947 0
1948 3
1949 1
1950 0
1951 0
1952 1
1953 0
1954 1
1955 1
1956 0
1957 1
1958 0
1959 2
1960 2
1961 2
1962 0
1963 2
1964 1
1965 1
1966 2
1967 0
1968 1
1969 0
1970 1
1971 1
1972 0
1973 0
1974 0
1975 2
1976 2
1977 2
1978 2
1979 1
1980 1
1981 2
1982 1
1983 1
1984 1
1985 0
1986 2
1987 1
1988 1
1989 1
1990 0
1991 0
1992 2
1993 1
1994 2
1995 1
1996 2
1997 0
1998 0
1999 1
