0 1
1 1
2 0
3 1
4 2
5 1
6 1
7 1
8 1
9 1
10 0
11 1
12 0
13 1
14 1
15 1
16 1
17 0
18 1
19 1
20 2
21 1
22 0
23 1
24 1
25 1
26 1
27 1
28 1
29 1
30 1
31 1
32 0
33 0
34 0
35 0
36 1
37 0
38 1
39 1
40 1
41 0
42 1
43 1
44 0
45 0
46 0
47 1
48 1
49 0
50 0
51 1
52 1
53 1
54 1
55 0
56 0
57 0
58 0
59 0
60 0
61 0
62 0
63 0
64 0
65 0
66 0
67 0
68 0
69 0
70 0
71 0
72 1
73 1
74 0
75 0
76 1
77 1
78 1
79 1
80 1
81 0
82 0
83 0
84 1
85 1
86 1
87 1
88 1
89 1
90 1
91 0
92 1
93 1
94 1
95 1
96 1
97 2
98 1
99 0
100 1
101 1
102 1
103 1
104 1
105 0
106 2
107 0
108 1
109 1
110 1
111 1
112 0
113 0
114 1
115 0
116 0
117 0
118 0
119 0
120 1
121 0
122 1
123 1
124 0
125 2
126 0
127 0
128 1
129 1
130 1
131 0
132 1
133 0
134 2
135 0
136 2
137 0
138 2
139 0
140 1
141 2
142 0
143 0
144 2
145 1
146 1
147 0
148 0
149 0
150 1
151 1
152 1
153 1
154 1
155 1
156 1
157 0
158 1
159 2
160 0
161 0
162 0
163 0
164 0
165 0
166 0
167 1
168 1
169 1
170 1
171 1
172 0
173 0
174 0
175 0
176 1
177 0
178 0
179 0
180 0
181 0
182 0
183 0
184 0
185 1
186 0
187 1
188 0
189 0
190 1
191 1
192 1
193 0
194 0
195 0
196 0
197 0
198 0
199 0
200 0
201 0
202 0
203 0
204 0
205 0
206 0
207 1
208 1
209 0
210 0
211 0
212 0
213 0
214 0
215 0
216 0
217 0
218 0
219 0
220 0
221 0
222 0
223 0
224 0
225 0
226 0
227 0
228 0
229 0
230 0
231 0
232 0
233 0
234 0
235 0
236 0
237 0
238 0
239 0
240 0
241 0
242 0
243 0
244 0
245 0
246 0
247 0
248 0
249 0
250 0
251 0
252 0
253 0
254 0
255 0
256 0
257 0
258 0
259 0
260 0
261 0
262 0
263 0
264 0
265 0
266 0
267 0
268 0
269 0
270 0
271 0
272 0
273 0
274 0
275 0
276 0
277 0
278 0
279 0
280 0
281 0
282 0
283 0
284 0
285 0
286 0
287 0
288 0
289 0
290 0
291 0
292 0
293 0
294 0
295 0
296 0
297 0
298 0
299 0
300 0
301 0
302 1
303 1
304 1
305 1
306 0
307 1
308 0
309 0
310 0
311 0
312 0
313 0
314 0
315 0
316 0
317 0
318 0
319 0
320 0
321 0
322 0
323 0
324 0
325 0
326 0
327 0
328 1
329 0
330 0
331 0
332 0
333 0
334 0
335 0
336 0
337 0
338 0
339 0
340 0
341 0
342 0
343 0
344 0
345 0
346 0
347 0
348 0
349 0
350 0
351 0
352 1
353 0
354 0
355 0
356 1
357 0
358 1
359 0
360 0
361 0
362 0
363 0
364 0
365 0
366 0
367 0
368 0
369 0
370 0
371 0
372 0
373 0
374 0
375 0
376 0
377 0
378 0
379 0
380 0
381 0
382 0
383 0
384 0
385 0
386 0
387 0
388 0
389 0
390 0
391 0
392 0
393 0
394 0
395 0
396 0
397 0
398 0
399 0
400 0
401 0
402 0
403 0
404 0
405 0
406 0
407 0
408 0
409 0
410 0
411 0
412 0
413 1
414 1
415 1
416 1
417 1
418 0
419 1
420 0
421 1
422 1
423 0
424 0
425 0
426 1
427 0
428 0
429 1
430 1
431 0
432 1
433 1
434 0
435 0
436 0
437 1
438 0
439 0
440 0
441 0
442 0
443 1
444 0
445 0
446 1
447 1
448 0
449 0
450 1
451 0
452 0
453 0
454 1
455 1
456 0
457 1
458 1
459 1
460 0
461 0
462 0
463 1
464 0
465 0
466 1
467 0
468 1
469 1
470 0
471 0
472 0
473 0
474 0
475 2
476 0
477 1
478 0
479 0
480 0
481 0
482 0
483 0
484 0
485 0
486 0
487 1
488 0
489 1
490 1
491 1
492 0
493 0
494 0
495 0
496 0
497 0
498 0
499 0
500 0
501 0
502 0
503 0
504 0
505 1
506 0
507 1
508 1
509 0
510 1
511 1
512 1
513 0
514 1
515 0
516 0
517 0
518 0
519 0
520 0
521 0
522 0
523 0
524 0
525 0
526 0
527 0
528 0
529 0
530 0
531 0
532 0
533 0
534 0
535 0
536 0
537 0
538 0
539 0
540 0
541 0
542 0
543 0
544 0
545 0
546 0
547 0
548 0
549 0
550 0
551 0
552 1
553 0
554 0
555 0
556 0
557 0
558 0
559 1
560 0
561 1
562 2
563 1
564 0
565 0
566 0
567 0
568 0
569 0
570 0
571 0
572 0
573 0
574 0
575 0
576 0
577 0
578 0
579 0
580 0
581 1
582 0
583 0
584 0
585 0
586 0
587 0
588 0
589 0
590 0
591 0
592 0
593 0
594 0
595 0
596 0
597 0
598 0
599 0
600 0
601 0
602 0
603 0
604 0
605 0
606 0
607 0
608 0
609 0
610 0
611 0
612 0
613 0
614 0
615 0
616 0
617 0
618 0
619 1
620 0
621 0
622 0
623 0
624 0
625 0
626 0
627 0
628 0
629 0
630 0
631 0
632 0
633 1
634 0
635 0
636 0
637 0
638 0
639 0
640 0
641 0
642 0
643 0
644 0
645 0
646 0
647 0
648 0
649 0
650 1
651 0
652 0
653 0
654 0
655 0
656 0
657 0
658 0
659 0
660 0
661 0
662 0
663 0
664 0
665 0
666 0
667 0
668 0
669 0
670 0
671 0
672 0
673 0
674 0
675 0
676 0
677 0
678 0
679 0
680 0
681 0
682 0
683 0
684 1
685 1
686 1
687 0
688 1
689 0
690 0
691 0
692 0
693 0
694 0
695 0
696 0
697 0
698 0
699 0
700 0
701 0
702 0
703 0
704 0
705 0
706 0
707 0
708 0
709 0
710 0
711 0
712 0
713 0
714 0
715 0
716 0
717 0
718 0
719 0
720 0
721 0
722 0
723 0
724 1
725 1
726 1
727 2
728 1
729 0
730 1
731 0
732 1
733 1
734 1
735 0
736 2
737 1
738 1
739 1
740 1
741 1
742 1
743 1
744 1
745 1
746 1
747 1
748 1
749 1
750 1
751 1
752 1
753 1
754 1
755 1
756 0
757 1
758 1
759 1
760 1
761 1
762 1
763 1
764 1
765 1
766 1
767 1
768 1
769 0
770 1
771 1
772 1
773 1
774 1
775 1
776 1
777 1
778 0
779 1
780 1
781 0
782 1
783 1
784 1
785 1
786 1
787 1
788 1
789 1
790 1
791 1
792 1
793 1
794 1
795 1
796 1
797 1
798 1
799 1
800 1
801 0
802 1
803 1
804 1
805 1
806 1
807 1
808 1
809 1
810 0
811 0
812 1
813 1
814 1
815 1
816 1
817 1
818 1
819 1
820 1
821 1
822 1
823 1
824 1
825 1
826 1
827 1
828 1
829 1
830 1
831 1
832 1
833 0
834 1
835 1
836 1
837 1
838 1
839 1
840 1
841 0
842 1
843 1
844 1
845 1
846 0
847 1
848 1
849 1
850 1
851 1
852 1
853 1
854 1
855 1
856 1
857 1
858 1
859 0
860 1
861 1
862 0
863 1
864 1
865 1
866 1
867 1
868 1
869 1
870 0
871 1
872 1
873 0
874 0
875 0
876 0
877 0
878 0
879 0
880 0
881 1
882 0
883 1
884 0
885 1
886 2
887 1
888 0
889 1
890 0
891 0
892 0
893 1
894 0
895 1
896 1
897 0
898 0
899 1
900 0
901 0
902 1
903 1
904 0
905 2
906 1
907 1
908 1
909 0
910 1
911 0
912 1
913 1
914 0
915 1
916 1
917 0
918 1
919 0
920 0
921 1
922 1
923 1
924 0
925 0
926 1
927 1
928 0
929 1
930 1
931 1
932 1
933 1
934 1
935 1
936 0
937 1
938 1
939 1
940 1
941 0
942 1
943 0
944 0
945 1
946 0
947 1
948 1
949 1
950 1
951 1
952 0
953 0
954 1
955 0
956 0
957 1
958 0
959 0
960 1
961 1
962 1
963 0
964 0
965 0
966 1
967 0
968 0
969 0
970 1
971 1
972 0
973 0
974 0
975 0
976 0
977 0
978 0
979 0
980 1
981 0
982 0
983 1
984 1
985 1
986 1
987 1
988 0
989 0
990 1
991 1
992 1
993 0
994 0
995 0
996 0
997 0
998 0
999 1
1000 1
1001 0
1002 1
1003 0
1004 0
1005 0
1006 0
1007 0
1008 0
1009 1
1010 0
1011 1
1012 0
1013 1
1014 0
1015 0
1016 0
1017 0
1018 0
1019 0
1020 1
1021 0
1022 0
1023 0
1024 0
1025 0
1026 0
1027 0
1028 0
1029 0
1030 0
1031 0
1032 0
1033 0
1034 1
1035 0
1036 0
1037 0
1038 0
1039 0
1040 0
1041 0
1042 0
1043 0
1044 1
1045 0
1046 0
1047 1
1048 0
1049 0
1050 0
1051 1
1052 0
1053 1
1054 0
1055 0
1056 0
1057 0
1058 0
1059 0
1060 0
1061 0
1062 0
1063 0
1064 1
1065 1
1066 1
1067 0
1068 0
1069 0
1070 0
1071 0
1072 0
1073 0
1074 0
1075 0
1076 0
1077 0
1078 0
1079 0
1080 0
1081 1
1082 0
1083 0
1084 1
1085 0
1086 0
1087 0
1088 0
1089 0
1090 0
1091 0
1092 0
1093 0
1094 0
1095 0
1096 0
1097 1
1098 0
1099 1
1100 1
1101 1
1102 0
1103 0
1104 0
1105 0
1106 0
1107 0
1108 0
1109 0
1110 0
1111 0
1112 0
1113 0
1114 0
1115 0
1116 0
1117 0
1118 1
1119 1
1120 0
1121 1
1122 0
1123 0
1124 0
1125 0
1126 0
1127 0
1128 0
1129 0
1130 1
1131 0
1132 0
1133 1
1134 0
1135 1
1136 1
1137 0
1138 1
1139 0
1140 0
1141 0
1142 1
1143 1
1144 1
1145 1
1146 1
1147 1
1148 1
1149 1
1150 1
1151 1
1152 1
1153 1
1154 0
1155 0
1156 1
1157 1
1158 1
1159 1
1160 1
1161 1
1162 1
1163 0
1164 0
1165 0
1166 0
1167 0
1168 0
1169 0
1170 0
1171 1
1172 1
1173 1
1174 1
1175 0
1176 0
1177 0
1178 0
1179 0
1180 0
1181 0
1182 0
1183 0
1184 0
1185 0
1186 0
1187 0
1188 0
1189 0
1190 0
1191 0
1192 0
1193 0
1194 0
1195 0
1196 0
1197 0
1198 0
1199 0
1200 0
1201 0
1202 0
1203 0
1204 0
1205 0
1206 0
1207 0
1208 0
1209 0
1210 0
1211 0
1212 0
1213 0
1214 0
1215 0
1216 0
1217 0
1218 0
1219 0
1220 1
1221 0
1222 0
1223 0
1224 0
1225 0
1226 1
1227 0
1228 0
1229 0
1230 1
1231 0
1232 1
1233 0
1234 0
1235 0
1236 0
1237 0
1238 0
1239 0
1240 1
1241 1
1242 0
1243 0
1244 0
1245 0
1246 0
1247 0
1248 0
1249 0
1250 0
1251 0
1252 0
1253 0
1254 0
1255 0
1256 0
1257 0
1258 0
1259 1
1260 1
1261 1
1262 0
1263 1
1264 1
1265 0
1266 1
1267 0
1268 0
1269 0
1270 0
1271 0
1272 0
1273 0
1274 0
1275 1
1276 0
1277 1
1278 0
1279 0
1280 0
1281 0
1282 1
1283 1
1284 0
1285 0
1286 0
1287 0
1288 0
1289 0
1290 0
1291 0
1292 0
1293 0
1294 0
1295 0
1296 0
1297 0
1298 0
1299 0
1300 0
1301 0
1302 0
1303 0
1304 0
1305 0
1306 0
1307 0
1308 0
1309 1
1310 0
1311 2
1312 2
1313 0
1314 0
1315 0
1316 1
1317 2
1318 0
1319 0
1320 0
1321 1
1322 2
1323 0
1324 0
1325 0
1326 0
1327 2
1328 0
1329 0
1330 0
1331 2
1332 0
1333 0
1334 0
1335 1
1336 0
1337 1
1338 2
1339 1
1340 1
1341 3
1342 1
1343 1
1344 1
1345 0
1346 0
1347 1
1348 2
1349 1
1350 0
1351 2
1352 2
1353 1
1354 2
1355 3
1356 2
1357 1
1358 1
1359 1
1360 1
1361 0
1362 0
1363 0
1364 1
1365 1
1366 0
1367 0
1368 0
1369 1
1370 0
1371 0
1372 0
1373 1
1374 2
1375 0
1376 0
1377 0
1378 0
1379 0
1380 0
1381 0
1382 0
1383 0
1384 0
1385 0
1386 1
1387 2
1388 0
1389 0
1390 0
1391 0
1392 0
1393 0
1394 0
1395 1
1396 1
1397 0
1398 0
1399 0
1400 0
1401 1
1402 1
1403 0
1404 0
1405 0
1406 0
1407 0
1408 0
1409 1
1410 1
1411 0
1412 0
1413 0
1414 0
1415 0
1416 0
1417 0
1418 0
1419 0
1420 0
1421 0
1422 0
1423 0
1424 0
1425 0
1426 1
1427 0
1428 0
1429 0
1430 0
1431 0
1432 0
1433 0
1434 0
1435 0
1436 0
1437 0
1438 0
1439 0
1440 1
1441 0
1442 0
1443 1
1444 0
1445 0
1446 0
1447 0
1448 0
1449 0
1450 0
1451 0
1452 0
1453 0
1454 0
1455 0
1456 0
1457 0
1458 0
1459 0
1460 0
1461 0
1462 0
1463 0
1464 0
1465 0
1466 0
1467 0
1468 0
1469 0
1470 0
1471 0
1472 0
1473 0
1474 0
1475 0
1476 0
1477 0
1478 0
1479 1
1480 0
1481 0
1482 0
1483 0
1484 1
1485 0
1486 0
1487 0
1488 0
1489 0
1490 1
1491 0
1492 0
1493 0
1494 0
1495 0
1496 0
1497 0
1498 0
1499 0
1500 0
1501 0
1502 0
1503 0
1504 0
1505 0
1506 1
1507 0
1508 1
1509 1
1510 1
1511 1
1512 0
1513 0
1514 0
1515 0
1516 0
1517 0
1518 0
1519 1
1520 0
1521 0
1522 0
1523 0
1524 0
1525 0
1526 1
1527 1
1528 0
1529 0
1530 0
1531 0
1532 0
1533 0
1534 0
1535 0
1536 0
1537 0
1538 0
1539 0
1540 0
1541 0
1542 0
1543 0
1544 1
1545 0
1546 0
1547 0
1548 0
1549 1
1550 0
1551 0
1552 0
1553 0
1554 0
1555 0
1556 0
1557 0
1558 0
1559 0
1560 0
1561 0
1562 0
1563 1
1564 0
1565 0
1566 0
1567 0
1568 0
1569 0
1570 0
1571 1
1572 0
1573 0
1574 0
1575 0
1576 0
1577 0
1578 0
1579 0
1580 0
1581 1
1582 0
1583 0
1584 1
1585 0
1586 0
1587 1
1588 1
1589 1
1590 1
1591 0
1592 0
1593 0
1594 0
1595 1
1596 0
1597 0
1598 0
1599 0
1600 0
1601 0
1602 0
1603 1
1604 0
1605 0
1606 0
1607 0
1608 0
1609 0
1610 0
1611 0
1612 0
1613 1
1614 0
1615 1
1616 0
1617 0
1618 0
1619 0
1620 0
1621 0
1622 0
1623 0
1624 1
1625 0
1626 0
1627 1
1628 0
1629 0
1630 0
1631 0
1632 0
1633 1
1634 0
1635 0
1636 0
1637 0
1638 0
1639 0
1640 0
1641 0
1642 0
1643 1
1644 0
1645 0
1646 0
1647 0
1648 0
1649 0
1650 0
1651 0
1652 1
1653 0
1654 1
1655 0
1656 0
1657 0
1658 0
1659 0
1660 0
1661 1
1662 0
1663 0
1664 0
1665 0
1666 0
1667 0
1668 0
1669 0
1670 0
1671 1
1672 0
1673 1
1674 0
1675 0
1676 0
1677 0
1678 1
1679 0
1680 1
1681 1
1682 1
1683 1
1684 0
1685 0
1686 0
1687 0
1688 0
1689 1
1690 0
1691 1
1692 1
1693 0
1694 0
1695 1
1696 0
1697 0
1698 0
1699 0
1700 0
1701 0
1702 1
1703 0
1704 1
1705 0
1706 0
1707 1
1708 1
1709 1
1710 1
1711 1
1712 0
1713 0
1714 0
1715 2
1716 0
1717 0
1718 1
1719 0
1720 0
1721 0
1722 1
1723 0
1724 0
1725 0
1726 0
1727 0
1728 0
1729 0
1730 0
1731 0
1732 0
1733 0
1734 1
1735 1
1736 1
1737 0
1738 0
1739 1
1740 1
1741 2
1742 0
1743 0
1744 0
1745 0
1746 0
1747 0
1748 5
1749 3
1750 2
1751 2
1752 1
1753 2
1754 2
1755 2
1756 2
1757 2
1758 1
1759 2
1760 1
1761 3
1762 1
1763 3
1764 2
1765 2
1766 2
1767 1
1768 2
1769 2
1770 2
1771 2
1772 2
1773 2
1774 2
1775 1
1776 3
1777 3
1778 1
1779 0
1780 2
1781 2
1782 2
1783 3
1784 2
1785 2
1786 1
1787 2
1788 2
1789 3
1790 3
1791 1
1792 2
1793 4
1794 2
1795 2
1796 3
1797 2
1798 1
1799 1
1800 2
1801 1
1802 2
1803 2
1804 2
1805 2
1806 2
1807 2
1808 5
1809 1
1810 2
1811 2
1812 2
1813 1
1814 1
1815 2
1816 4
1817 2
1818 3
1819 2
1820 3
1821 2
1822 2
1823 3
1824 3
1825 3
1826 4
1827 2
1828 1
1829 1
1830 4
1831 3
1832 4
1833 2
1834 2
1835 2
1836 3
1837 4
1838 3
1839 2
1840 2
1841 2
1842 1
1843 3
1844 1
1845 1
1846 2
1847 2
1848 3
1849 1
1850 3
1851 2
1852 2
1853 2
1854 2
1855 1
1856 1
1857 2
1858 2
1859 2
1860 0
1861 3
1862 1
1863 1
1864 2
1865 2
1866 3
1867 1
1868 2
1869 1
1870 2
1871 1
1872 2
1873 2
1874 2
1875 2
1876 1
1877 2
1878 3
1879 3
1880 2
1881 2
1882 1
1883 3
1884 3
1885 2
1886 2
1887 3
1888 3
1889 2
1890 2
1891 2
1892 3
1893 2
1894 2
1895 2
1896 2
1897 2
1898 3
1899 2
1900 1
1901 3
1902 3
1903 3
1904 2
1905 2
1906 2
1907 3
1908 3
1909 2
1910 1
1911 2
1912 4
1913 2
1914 1
1915 0
1916 0
1917 1
1918 0
1919 3
1920 0
1921 0
1922 2
1923 3
1924 3
1925 2
1926 2
1927 1
1928 3
1929 2
1930 2
1931 2
1932 1
1933 2
1934 1
1935 2
1936 0
1937 1
1938 1
1939 3
1940 3
1941 3
1942 1
1943 2
1944 1
1945 2
1946 0
1947 0
1948 1
1949 1
1950 0
1951 1
1952 4
1953 1
1954 1
1955 3
1956 2
1957 4
1958 2
1959 2
1960 2
1961 3
1962 1
1963 3
1964 1
1965 2
1966 2
1967 2
1968 2
1969 1
1970 2
1971 2
1972 1
1973 2
1974 3
1975 2
1976 2
1977 3
1978 1
1979 1
1980 2
1981 1
1982 2
1983 2
1984 3
1985 3
1986 2
1987 2
1988 2
1989 3
1990 2
1991 2
1992 0
1993 0
1994 0
1995 1
1996 0
1997 0
1998 2
1999 2
