0 1
1 1
2 2
3 0
4 0
5 0
6 1
7 1
8 1
9 1
10 0
11 2
12 1
13 1
14 0
15 0
16 1
17 1
18 0
19 2
20 0
21 0
22 1
23 0
24 0
25 0
26 0
27 0
28 2
29 1
30 0
31 1
32 2
33 2
34 1
35 0
36 1
37 1
38 0
39 0
40 1
41 0
42 2
43 3
44 2
45 0
46 1
47 0
48 1
49 1
50 0
51 1
52 2
53 0
54 0
55 1
56 0
57 0
58 0
59 1
60 1
61 0
62 0
63 1
64 1
65 2
66 0
67 1
68 1
69 1
70 0
71 0
72 1
73 0
74 1
75 1
76 1
77 2
78 1
79 2
80 1
81 1
82 1
83 1
84 1
85 1
86 1
87 2
88 0
89 1
90 1
91 0
92 0
93 0
94 2
95 0
96 2
97 0
98 1
99 3
100 0
101 0
102 0
103 1
104 2
105 1
106 1
107 2
108 0
109 0
110 2
111 1
112 0
113 3
114 1
115 0
116 2
117 0
118 0
119 0
120 0
121 3
122 1
123 1
124 0
125 0
126 0
127 1
128 1
129 3
130 2
131 1
132 1
133 1
134 1
135 0
136 1
137 1
138 1
139 0
140 0
141 1
142 1
143 1
144 1
145 1
146 0
147 2
148 1
149 2
150 1
151 1
152 1
153 0
154 2
155 1
156 1
157 0
158 0
159 0
160 1
161 2
162 1
163 1
164 0
165 2
166 1
167 1
168 2
169 2
170 0
171 1
172 1
173 1
174 0
175 1
176 0
177 1
178 0
179 2
180 1
181 1
182 1
183 0
184 2
185 2
186 1
187 1
188 0
189 1
190 1
191 0
192 1
193 0
194 0
195 0
196 0
197 0
198 1
199 0
200 0
201 0
202 0
203 0
204 0
205 2
206 0
207 1
208 0
209 0
210 1
211 0
212 2
213 2
214 1
215 1
216 0
217 0
218 2
219 0
220 0
221 0
222 0
223 0
224 1
225 0
226 1
227 0
228 2
229 1
230 1
231 1
232 0
233 1
234 2
235 0
236 0
237 2
238 1
239 1
240 1
241 0
242 1
243 0
244 0
245 1
246 0
247 1
248 0
249 1
250 1
251 0
252 0
253 1
254 2
255 0
256 1
257 0
258 1
259 0
260 1
261 1
262 0
263 1
264 0
265 1
266 0
267 1
268 1
269 0
270 0
271 2
272 0
273 0
274 2
275 1
276 1
277 1
278 1
279 1
280 1
281 1
282 1
283 1
284 0
285 2
286 1
287 0
288 2
289 0
290 1
291 0
292 1
293 0
294 1
295 0
296 1
297 1
298 1
299 2
300 0
301 1
302 1
303 0
304 0
305 1
306 1
307 2
308 1
309 0
310 0
311 1
312 2
313 0
314 0
315 0
316 1
317 1
318 1
319 0
320 1
321 3
322 1
323 1
324 2
325 0
326 1
327 0
328 2
329 1
330 1
331 1
332 2
333 1
334 0
335 1
336 3
337 1
338 0
339 1
340 1
341 0
342 1
343 0
344 1
345 0
346 0
347 1
348 0
349 2
350 1
351 0
352 1
353 1
354 0
355 0
356 0
357 3
358 1
359 2
360 0
361 1
362 1
363 1
364 0
365 2
366 2
367 1
368 2
369 2
370 3
371 1
372 0
373 1
374 1
375 2
376 1
377 1
378 1
379 1
380 2
381 1
382 1
383 0
384 1
385 1
386 0
387 1
388 0
389 1
390 2
391 1
392 1
393 0
394 1
395 1
396 2
397 0
398 1
399 1
400 0
401 1
402 0
403 1
404 1
405 0
406 1
407 1
408 2
409 1
410 2
411 1
412 1
413 1
414 1
415 1
416 1
417 0
418 1
419 2
420 1
421 0
422 1
423 2
424 1
425 0
426 1
427 1
428 1
429 1
430 1
431 1
432 1
433 0
434 1
435 0
436 1
437 1
438 0
439 0
440 1
441 1
442 2
443 2
444 2
445 0
446 0
447 0
448 0
449 1
450 2
451 2
452 0
453 0
454 0
455 1
456 0
457 0
458 0
459 1
460 0
461 1
462 4
463 1
464 1
465 3
466 1
467 0
468 1
469 1
470 1
471 1
472 1
473 1
474 2
475 1
476 2
477 0
478 0
479 1
480 0
481 1
482 2
483 2
484 1
485 1
486 0
487 1
488 2
489 0
490 1
491 1
492 0
493 0
494 0
495 1
496 3
497 1
498 1
499 1
500 1
501 0
502 0
503 2
504 1
505 1
506 0
507 1
508 1
509 0
510 0
511 1
512 4
513 1
514 1
515 1
516 1
517 0
518 1
519 1
520 2
521 2
522 0
523 0
524 1
525 0
526 2
527 0
528 0
529 0
530 0
531 1
532 1
533 1
534 0
535 1
536 1
537 0
538 1
539 1
540 1
541 0
542 0
543 1
544 0
545 0
546 0
547 1
548 0
549 0
550 1
551 2
552 1
553 0
554 0
555 2
556 3
557 0
558 0
559 1
560 2
561 0
562 1
563 1
564 1
565 1
566 0
567 0
568 0
569 0
570 0
571 0
572 0
573 1
574 1
575 1
576 0
577 2
578 0
579 0
580 1
581 0
582 0
583 0
584 2
585 0
586 0
587 1
588 0
589 0
590 0
591 0
592 0
593 0
594 0
595 0
596 0
597 0
598 0
599 0
600 1
601 0
602 0
603 2
604 1
605 0
606 0
607 0
608 1
609 1
610 0
611 0
612 1
613 1
614 2
615 1
616 1
617 1
618 1
619 1
620 2
621 0
622 1
623 0
624 1
625 0
626 0
627 0
628 0
629 1
630 1
631 1
632 1
633 1
634 0
635 1
636 2
637 0
638 1
639 1
640 2
641 2
642 3
643 2
644 1
645 1
646 0
647 0
648 0
649 2
650 2
651 2
652 3
653 2
654 1
655 1
656 0
657 0
658 1
659 1
660 3
661 1
662 1
663 0
664 1
665 1
666 1
667 0
668 0
669 1
670 1
671 1
672 1
673 1
674 2
675 1
676 1
677 0
678 1
679 1
680 0
681 1
682 2
683 1
684 1
685 2
686 1
687 2
688 1
689 0
690 1
691 1
692 2
693 1
694 1
695 1
696 2
697 2
698 1
699 1
700 1
701 2
702 2
703 2
704 1
705 2
706 2
707 1
708 2
709 1
710 1
711 1
712 0
713 1
714 0
715 1
716 2
717 2
718 2
719 2
720 1
721 1
722 1
723 2
724 2
725 2
726 1
727 3
728 2
729 2
730 2
731 1
732 2
733 1
734 0
735 0
736 0
737 0
738 0
739 0
740 0
741 0
742 0
743 0
744 3
745 0
746 0
747 0
748 1
749 0
750 2
751 0
752 1
753 1
754 0
755 2
756 2
757 0
758 2
759 1
760 2
761 2
762 2
763 2
764 0
765 1
766 0
767 0
768 0
769 0
770 0
771 0
772 0
773 1
774 0
775 0
776 1
777 1
778 0
779 0
780 1
781 1
782 1
783 1
784 0
785 2
786 0
787 1
788 0
789 1
790 0
791 0
792 1
793 1
794 1
795 1
796 1
797 1
798 1
799 1
800 1
801 1
802 1
803 1
804 1
805 0
806 2
807 1
808 2
809 1
810 1
811 0
812 1
813 0
814 1
815 1
816 1
817 1
818 0
819 0
820 1
821 0
822 1
823 1
824 1
825 0
826 0
827 1
828 1
829 1
830 1
831 1
832 0
833 0
834 1
835 1
836 1
837 1
838 1
839 2
840 1
841 1
842 1
843 1
844 0
845 0
846 1
847 1
848 1
849 1
850 1
851 2
852 2
853 1
854 1
855 2
856 1
857 1
858 2
859 1
860 0
861 1
862 0
863 0
864 0
865 0
866 0
867 1
868 1
869 1
870 1
871 1
872 1
873 1
874 1
875 1
876 1
877 0
878 0
879 1
880 1
881 0
882 1
883 1
884 0
885 1
886 1
887 2
888 1
889 1
890 0
891 1
892 1
893 1
894 1
895 2
896 1
897 1
898 1
899 2
900 1
901 1
902 1
903 1
904 1
905 1
906 1
907 1
908 1
909 1
910 1
911 1
912 1
913 1
914 1
915 0
916 1
917 2
918 1
919 1
920 1
921 1
922 1
923 1
924 1
925 1
926 1
927 0
928 1
929 1
930 1
931 1
932 1
933 1
934 1
935 1
936 1
937 1
938 1
939 1
940 1
941 1
942 2
943 1
944 1
945 1
946 1
947 1
948 1
949 1
950 2
951 1
952 1
953 1
954 1
955 2
956 1
957 1
958 1
959 1
960 1
961 2
962 1
963 1
964 1
965 1
966 1
967 1
968 1
969 1
970 1
971 1
972 1
973 1
974 1
975 0
976 0
977 0
978 0
979 1
980 0
981 0
982 0
983 0
984 0
985 0
986 0
987 1
988 0
989 0
990 0
991 0
992 0
993 0
994 0
995 0
996 1
997 0
998 0
999 0
1000 1
1001 2
1002 0
1003 0
1004 0
1005 0
1006 2
1007 1
1008 1
1009 0
1010 0
1011 0
1012 2
1013 0
1014 0
1015 2
1016 0
1017 1
1018 1
1019 0
1020 0
1021 1
1022 0
1023 3
1024 2
1025 1
1026 1
1027 0
1028 1
1029 0
1030 0
1031 2
1032 1
1033 2
1034 0
1035 1
1036 0
1037 0
1038 0
1039 0
1040 0
1041 0
1042 0
1043 0
1044 0
1045 0
1046 1
1047 1
1048 2
1049 1
1050 2
1051 1
1052 1
1053 4
1054 1
1055 0
1056 2
1057 2
1058 1
1059 0
1060 0
1061 1
1062 0
1063 2
1064 1
1065 1
1066 0
1067 1
1068 1
1069 1
1070 0
1071 0
1072 1
1073 0
1074 1
1075 0
1076 0
1077 1
1078 2
1079 0
1080 0
1081 2
1082 1
1083 1
1084 0
1085 1
1086 2
1087 1
1088 1
1089 1
1090 1
1091 1
1092 2
1093 0
1094 1
1095 0
1096 0
1097 0
1098 1
1099 2
1100 1
1101 0
1102 1
1103 2
1104 0
1105 1
1106 0
1107 0
1108 0
1109 1
1110 1
1111 1
1112 0
1113 1
1114 0
1115 1
1116 2
1117 1
1118 1
1119 1
1120 2
1121 2
1122 0
1123 1
1124 1
1125 0
1126 1
1127 1
1128 0
1129 0
1130 1
1131 1
1132 1
1133 2
1134 1
1135 1
1136 1
1137 1
1138 1
1139 0
1140 1
1141 1
1142 0
1143 1
1144 1
1145 2
1146 1
1147 1
1148 1
1149 0
1150 0
1151 1
1152 0
1153 0
1154 0
1155 1
1156 1
1157 1
1158 1
1159 1
1160 0
1161 0
1162 1
1163 0
1164 1
1165 1
1166 0
1167 1
1168 2
1169 0
1170 1
1171 2
1172 1
1173 1
1174 1
1175 1
1176 1
1177 0
1178 1
1179 1
1180 1
1181 1
1182 0
1183 0
1184 1
1185 1
1186 0
1187 0
1188 1
1189 1
1190 1
1191 1
1192 1
1193 0
1194 2
1195 1
1196 1
1197 1
1198 1
1199 1
1200 0
1201 0
1202 1
1203 1
1204 1
1205 1
1206 2
1207 1
1208 1
1209 1
1210 1
1211 2
1212 1
1213 0
1214 1
1215 2
1216 1
1217 1
1218 1
1219 0
1220 0
1221 1
1222 1
1223 2
1224 0
1225 1
1226 0
1227 1
1228 1
1229 2
1230 0
1231 1
1232 2
1233 1
1234 1
1235 1
1236 1
1237 0
1238 0
1239 1
1240 1
1241 2
1242 2
1243 1
1244 1
1245 1
1246 0
1247 1
1248 2
1249 1
1250 0
1251 2
1252 1
1253 1
1254 1
1255 1
1256 1
1257 1
1258 2
1259 1
1260 1
1261 1
1262 2
1263 1
1264 1
1265 2
1266 1
1267 1
1268 0
1269 0
1270 0
1271 0
1272 1
1273 0
1274 1
1275 0
1276 0
1277 1
1278 2
1279 1
1280 0
1281 0
1282 0
1283 0
1284 2
1285 0
1286 1
1287 1
1288 1
1289 3
1290 0
1291 2
1292 1
1293 1
1294 0
1295 0
1296 1
1297 3
1298 2
1299 1
1300 1
1301 1
1302 0
1303 1
1304 2
1305 0
1306 0
1307 0
1308 0
1309 1
1310 1
1311 1
1312 1
1313 0
1314 0
1315 0
1316 0
1317 1
1318 0
1319 1
1320 2
1321 1
1322 1
1323 0
1324 1
1325 0
1326 1
1327 2
1328 1
1329 1
1330 2
1331 1
1332 0
1333 1
1334 1
1335 1
1336 0
1337 0
1338 3
1339 1
1340 1
1341 1
1342 1
1343 2
1344 3
1345 1
1346 1
1347 0
1348 1
1349 1
1350 1
1351 1
1352 1
1353 1
1354 1
1355 1
1356 1
1357 0
1358 1
1359 2
1360 0
1361 0
1362 1
1363 0
1364 1
1365 1
1366 2
1367 2
1368 1
1369 2
1370 1
1371 1
1372 2
1373 1
1374 0
1375 1
1376 1
1377 1
1378 1
1379 1
1380 3
1381 1
1382 2
1383 1
1384 1
1385 3
1386 3
1387 0
1388 0
1389 1
1390 0
1391 1
1392 0
1393 0
1394 0
1395 1
1396 1
1397 1
1398 1
1399 0
1400 2
1401 0
1402 1
1403 1
1404 1
1405 0
1406 0
1407 0
1408 2
1409 0
1410 2
1411 0
1412 1
1413 1
1414 2
1415 1
1416 2
1417 2
1418 1
1419 0
1420 2
1421 3
1422 1
1423 2
1424 2
1425 1
1426 1
1427 0
1428 1
1429 4
1430 0
1431 2
1432 1
1433 1
1434 1
1435 1
1436 2
1437 2
1438 2
1439 2
1440 1
1441 1
1442 2
1443 2
1444 2
1445 1
1446 2
1447 1
1448 1
1449 1
1450 1
1451 2
1452 1
1453 2
1454 1
1455 2
1456 1
1457 0
1458 1
1459 1
1460 0
1461 2
1462 1
1463 1
1464 2
1465 2
1466 1
1467 2
1468 1
1469 2
1470 0
1471 2
1472 1
1473 1
1474 2
1475 1
1476 2
1477 2
1478 1
1479 0
1480 1
1481 1
1482 3
1483 2
1484 1
1485 2
1486 1
1487 2
1488 1
1489 1
1490 2
1491 1
1492 1
1493 1
1494 1
1495 1
1496 1
1497 2
1498 1
1499 2
1500 2
1501 2
1502 2
1503 1
1504 1
1505 4
1506 1
1507 2
1508 2
1509 2
1510 2
1511 1
1512 1
1513 2
1514 2
1515 1
1516 1
1517 1
1518 2
1519 2
1520 1
1521 0
1522 2
1523 2
1524 1
1525 1
1526 2
1527 2
1528 0
1529 1
1530 1
1531 0
1532 1
1533 2
1534 2
1535 2
1536 1
1537 1
1538 1
1539 1
1540 3
1541 1
1542 2
1543 3
1544 1
1545 0
1546 1
1547 0
1548 0
1549 0
1550 1
1551 1
1552 1
1553 1
1554 0
1555 2
1556 2
1557 0
1558 1
1559 2
1560 3
1561 0
1562 1
1563 0
1564 2
1565 2
1566 2
1567 1
1568 1
1569 0
1570 1
1571 1
1572 1
1573 1
1574 1
1575 0
1576 1
1577 0
1578 1
1579 0
1580 1
1581 2
1582 1
1583 1
1584 0
1585 1
1586 1
1587 1
1588 2
1589 2
1590 1
1591 2
1592 1
1593 1
1594 0
1595 1
1596 1
1597 1
1598 0
1599 0
1600 0
1601 0
1602 0
1603 1
1604 2
1605 0
1606 0
1607 2
1608 1
1609 1
1610 1
1611 1
1612 1
1613 0
1614 0
1615 0
1616 1
1617 1
1618 1
1619 1
1620 1
1621 2
1622 1
1623 2
1624 1
1625 1
1626 1
1627 2
1628 0
1629 1
1630 1
1631 0
1632 1
1633 0
1634 1
1635 1
1636 3
1637 1
1638 2
1639 1
1640 2
1641 1
1642 0
1643 2
1644 0
1645 1
1646 2
1647 3
1648 0
1649 1
1650 1
1651 2
1652 1
1653 2
1654 1
1655 0
1656 2
1657 2
1658 2
1659 1
1660 0
1661 1
1662 1
1663 3
1664 1
1665 2
1666 0
1667 1
1668 1
1669 1
1670 2
1671 0
1672 0
1673 2
1674 1
1675 1
1676 1
1677 2
1678 0
1679 1
1680 2
1681 1
1682 2
1683 1
1684 1
1685 1
1686 2
1687 0
1688 1
1689 1
1690 1
1691 1
1692 1
1693 2
1694 1
1695 2
1696 1
1697 1
1698 1
1699 2
1700 0
1701 1
1702 1
1703 1
1704 1
1705 3
1706 0
1707 1
1708 1
1709 0
1710 1
1711 1
1712 1
1713 1
1714 1
1715 1
1716 2
1717 1
1718 2
1719 3
1720 0
1721 2
1722 1
1723 2
1724 2
1725 2
1726 1
1727 1
1728 1
1729 1
1730 1
1731 0
1732 1
1733 1
1734 1
1735 1
1736 1
1737 1
1738 1
1739 2
1740 1
1741 2
1742 2
1743 2
1744 2
1745 0
1746 1
1747 0
1748 2
1749 1
1750 1
1751 2
1752 1
1753 2
1754 2
1755 1
1756 1
1757 3
1758 1
1759 2
1760 1
1761 1
1762 1
1763 2
1764 1
1765 1
1766 0
1767 1
1768 2
1769 2
1770 2
1771 0
1772 3
1773 1
1774 2
1775 1
1776 1
1777 1
1778 1
1779 1
1780 1
1781 2
1782 2
1783 0
1784 1
1785 2
1786 1
1787 0
1788 2
1789 2
1790 2
1791 3
1792 0
1793 2
1794 1
1795 2
1796 0
1797 1
1798 2
1799 1
1800 2
1801 1
1802 1
1803 2
1804 1
1805 2
1806 2
1807 2
1808 1
1809 0
1810 1
1811 0
1812 1
1813 1
1814 1
1815 2
1816 2
1817 1
1818 1
1819 1
1820 2
1821 1
1822 2
1823 0
1824 1
1825 1
1826 1
1827 1
1828 1
1829 1
1830 2
1831 2
1832 2
1833 1
1834 2
1835 1
1836 1
1837 2
1838 0
1839 1
1840 0
1841 1
1842 2
1843 1
1844 2
1845 0
1846 1
1847 0
1848 2
1849 2
1850 1
1851 2
1852 1
1853 1
1854 2
1855 1
1856 0
1857 1
1858 1
1859 2
1860 0
1861 1
1862 3
1863 2
1864 2
1865 1
1866 0
1867 1
1868 0
1869 1
1870 1
1871 2
1872 1
1873 1
1874 2
1875 0
1876 1
1877 2
1878 2
1879 1
1880 1
1881 2
1882 2
1883 0
1884 0
1885 2
1886 1
1887 2
1888 0
1889 0
1890 1
1891 2
1892 1
1893 1
1894 1
1895 1
1896 1
1897 2
1898 1
1899 1
1900 1
1901 1
1902 2
1903 1
1904 2
1905 1
1906 3
1907 2
1908 3
1909 1
1910 1
1911 1
1912 1
1913 2
1914 1
1915 1
1916 1
1917 2
1918 0
1919 1
1920 0
1921 1
1922 1
1923 1
1924 1
1925 1
1926 1
1927 0
1928 1
1929 1
1930 1
1931 2
1932 1
1933 0
1934 2
1935 2
1936 2
1937 1
1938 2
1939 0
1940 2
1941 1
1942 1
1943 1
1944 0
1945 3
1946 3
1947 0
1948 3
1949 3
1950 3
1951 2
1952 1
1953 1
1954 1
1955 1
1956 1
1957 1
1958 0
1959 2
1960 2
1961 0
1962 1
1963 3
1964 1
1965 2
1966 0
1967 3
1968 1
1969 2
1970 1
1971 0
1972 1
1973 2
1974 2
1975 2
1976 0
1977 1
1978 2
1979 1
1980 1
1981 0
1982 1
1983 1
1984 2
1985 2
1986 1
1987 2
1988 1
1989 1
1990 2
1991 2
1992 2
1993 2
1994 1
1995 2
1996 1
1997 2
1998 0
1999 1
