0 0
1 1
2 1
3 3
4 1
5 1
6 2
7 2
8 1
9 2
10 2
11 1
12 2
13 2
14 1
15 2
16 3
17 2
18 2
19 2
20 2
21 2
22 2
23 2
24 2
25 2
26 2
27 1
28 1
29 1
30 2
31 3
32 2
33 2
34 2
35 3
36 2
37 1
38 3
39 0
40 3
41 1
42 2
43 2
44 2
45 2
46 1
47 2
48 2
49 2
50 2
51 2
52 2
53 3
54 2
55 2
56 2
57 3
58 0
59 2
60 3
61 3
62 2
63 2
64 2
65 2
66 3
67 2
68 2
69 2
70 2
71 2
72 2
73 1
74 1
75 1
76 1
77 2
78 3
79 2
80 1
81 1
82 2
83 1
84 1
85 2
86 0
87 0
88 2
89 1
90 2
91 2
92 2
93 2
94 1
95 3
96 2
97 2
98 2
99 2
100 2
101 1
102 1
103 0
104 1
105 0
106 1
107 0
108 2
109 1
110 3
111 2
112 2
113 2
114 1
115 2
116 2
117 2
118 2
119 3
120 2
121 1
122 2
123 2
124 1
125 2
126 3
127 1
128 1
129 1
130 2
131 1
132 1
133 0
134 2
135 1
136 2
137 3
138 3
139 2
140 2
141 2
142 1
143 2
144 2
145 1
146 2
147 2
148 1
149 3
150 3
151 2
152 2
153 2
154 2
155 2
156 2
157 2
158 2
159 2
160 3
161 2
162 2
163 2
164 2
165 2
166 2
167 3
168 1
169 2
170 2
171 2
172 2
173 1
174 3
175 1
176 2
177 0
178 1
179 1
180 3
181 1
182 2
183 4
184 2
185 2
186 2
187 2
188 0
189 1
190 1
191 3
192 1
193 0
194 1
195 0
196 1
197 2
198 2
199 3
200 1
201 0
202 1
203 3
204 1
205 3
206 1
207 0
208 1
209 1
210 3
211 1
212 1
213 2
214 1
215 1
216 3
217 1
218 3
219 2
220 4
221 1
222 2
223 2
224 2
225 3
226 1
227 1
228 3
229 2
230 0
231 2
232 1
233 3
234 3
235 2
236 1
237 2
238 1
239 1
240 2
241 2
242 1
243 2
244 2
245 0
246 4
247 2
248 2
249 2
250 0
251 2
252 3
253 1
254 1
255 1
256 2
257 2
258 0
259 2
260 2
261 1
262 2
263 0
264 0
265 2
266 1
267 2
268 1
269 3
270 2
271 2
272 3
273 1
274 0
275 2
276 3
277 1
278 2
279 2
280 1
281 1
282 2
283 1
284 2
285 0
286 2
287 2
288 1
289 0
290 1
291 2
292 3
293 1
294 1
295 0
296 0
297 2
298 2
299 1
300 3
301 1
302 3
303 2
304 2
305 1
306 1
307 1
308 2
309 0
310 1
311 4
312 1
313 1
314 1
315 2
316 3
317 2
318 0
319 0
320 0
321 1
322 2
323 3
324 3
325 0
326 1
327 1
328 2
329 0
330 1
331 2
332 0
333 2
334 2
335 2
336 0
337 0
338 1
339 1
340 1
341 2
342 2
343 1
344 3
345 3
346 2
347 4
348 1
349 2
350 1
351 2
352 1
353 2
354 3
355 2
356 1
357 2
358 0
359 3
360 1
361 1
362 0
363 0
364 2
365 1
366 3
367 2
368 1
369 2
370 0
371 1
372 0
373 1
374 2
375 1
376 1
377 2
378 1
379 0
380 1
381 2
382 2
383 1
384 2
385 2
386 3
387 1
388 1
389 1
390 2
391 2
392 2
393 1
394 1
395 2
396 2
397 2
398 1
399 1
400 0
401 3
402 2
403 1
404 2
405 1
406 2
407 1
408 2
409 1
410 1
411 2
412 3
413 2
414 2
415 1
416 1
417 2
418 3
419 1
420 3
421 1
422 1
423 2
424 2
425 1
426 1
427 1
428 3
429 3
430 2
431 3
432 2
433 1
434 2
435 2
436 2
437 1
438 3
439 2
440 2
441 2
442 3
443 2
444 1
445 4
446 4
447 2
448 1
449 2
450 1
451 2
452 3
453 1
454 1
455 1
456 1
457 2
458 1
459 1
460 3
461 1
462 0
463 2
464 1
465 1
466 0
467 2
468 1
469 1
470 3
471 1
472 2
473 2
474 3
475 2
476 2
477 1
478 1
479 2
480 3
481 2
482 1
483 1
484 2
485 2
486 3
487 1
488 2
489 2
490 1
491 2
492 2
493 3
494 1
495 1
496 2
497 2
498 1
499 2
500 1
501 2
502 1
503 3
504 1
505 2
506 0
507 1
508 2
509 0
510 2
511 2
512 2
513 1
514 2
515 1
516 1
517 1
518 2
519 3
520 2
521 0
522 2
523 2
524 3
525 2
526 1
527 2
528 2
529 2
530 1
531 2
532 0
533 3
534 2
535 2
536 2
537 2
538 2
539 2
540 1
541 1
542 2
543 1
544 2
545 2
546 2
547 4
548 2
549 1
550 2
551 2
552 2
553 2
554 3
555 2
556 1
557 2
558 3
559 2
560 3
561 3
562 1
563 2
564 2
565 2
566 1
567 2
568 1
569 2
570 1
571 1
572 2
573 3
574 2
575 1
576 2
577 3
578 2
579 2
580 1
581 3
582 1
583 1
584 2
585 2
586 1
587 0
588 0
589 1
590 1
591 1
592 1
593 1
594 2
595 2
596 2
597 1
598 1
599 1
600 1
601 1
602 0
603 0
604 0
605 0
606 0
607 0
608 0
609 1
610 1
611 0
612 0
613 0
614 0
615 0
616 0
617 0
618 0
619 0
620 0
621 0
622 0
623 3
624 2
625 0
626 1
627 2
628 0
629 1
630 0
631 1
632 0
633 0
634 1
635 0
636 1
637 0
638 0
639 0
640 0
641 0
642 0
643 0
644 0
645 0
646 0
647 0
648 0
649 0
650 1
651 1
652 1
653 0
654 0
655 1
656 0
657 1
658 1
659 1
660 2
661 1
662 0
663 1
664 0
665 1
666 0
667 1
668 0
669 0
670 0
671 1
672 0
673 1
674 0
675 0
676 1
677 0
678 1
679 1
680 0
681 0
682 1
683 0
684 0
685 0
686 0
687 0
688 0
689 0
690 0
691 0
692 1
693 1
694 2
695 0
696 0
697 1
698 0
699 0
700 3
701 1
702 0
703 0
704 1
705 0
706 0
707 1
708 0
709 0
710 0
711 0
712 0
713 0
714 0
715 0
716 0
717 0
718 0
719 0
720 0
721 1
722 0
723 0
724 0
725 1
726 0
727 0
728 0
729 0
730 0
731 0
732 0
733 0
734 0
735 0
736 0
737 0
738 0
739 0
740 0
741 0
742 0
743 0
744 1
745 0
746 0
747 0
748 0
749 0
750 0
751 0
752 0
753 1
754 0
755 0
756 0
757 0
758 0
759 0
760 1
761 1
762 0
763 2
764 0
765 1
766 1
767 1
768 0
769 0
770 0
771 0
772 0
773 0
774 0
775 0
776 0
777 0
778 1
779 0
780 0
781 0
782 1
783 0
784 0
785 0
786 0
787 0
788 0
789 0
790 0
791 0
792 0
793 0
794 0
795 0
796 1
797 0
798 0
799 0
800 0
801 0
802 0
803 0
804 0
805 0
806 0
807 0
808 0
809 0
810 0
811 0
812 0
813 0
814 0
815 0
816 0
817 0
818 0
819 0
820 0
821 0
822 0
823 0
824 0
825 0
826 0
827 0
828 0
829 0
830 1
831 1
832 0
833 1
834 0
835 2
836 1
837 1
838 0
839 1
840 1
841 1
842 0
843 0
844 0
845 0
846 0
847 1
848 1
849 0
850 0
851 0
852 0
853 1
854 0
855 1
856 0
857 0
858 0
859 0
860 1
861 1
862 1
863 0
864 0
865 1
866 1
867 0
868 0
869 0
870 0
871 0
872 0
873 0
874 0
875 0
876 0
877 0
878 0
879 0
880 1
881 2
882 1
883 1
884 2
885 1
886 1
887 1
888 0
889 0
890 0
891 0
892 1
893 0
894 0
895 0
896 0
897 0
898 0
899 1
900 0
901 0
902 1
903 1
904 2
905 1
906 1
907 0
908 1
909 0
910 1
911 1
912 0
913 1
914 0
915 0
916 0
917 0
918 0
919 0
920 1
921 1
922 0
923 0
924 0
925 0
926 0
927 1
928 1
929 0
930 0
931 0
932 0
933 0
934 1
935 1
936 0
937 1
938 0
939 0
940 0
941 0
942 0
943 1
944 1
945 0
946 1
947 0
948 0
949 0
950 0
951 1
952 1
953 2
954 0
955 0
956 1
957 1
958 1
959 0
960 1
961 1
962 0
963 0
964 0
965 2
966 0
967 0
968 0
969 0
970 0
971 0
972 0
973 0
974 2
975 0
976 0
977 1
978 0
979 0
980 0
981 0
982 0
983 1
984 0
985 0
986 0
987 0
988 0
989 0
990 1
991 0
992 0
993 1
994 0
995 2
996 1
997 0
998 1
999 0
1000 1
1001 1
1002 1
1003 0
1004 2
1005 2
1006 1
1007 1
1008 1
1009 0
1010 1
1011 1
1012 1
1013 1
1014 1
1015 1
1016 0
1017 1
1018 0
1019 1
1020 1
1021 2
1022 1
1023 0
1024 0
1025 0
1026 0
1027 0
1028 0
1029 0
1030 0
1031 0
1032 0
1033 1
1034 1
1035 0
1036 1
1037 1
1038 1
1039 1
1040 0
1041 0
1042 1
1043 1
1044 1
1045 1
1046 0
1047 1
1048 1
1049 1
1050 1
1051 2
1052 1
1053 0
1054 0
1055 0
1056 0
1057 0
1058 0
1059 0
1060 0
1061 0
1062 0
1063 0
1064 0
1065 0
1066 1
1067 0
1068 0
1069 0
1070 0
1071 0
1072 0
1073 0
1074 0
1075 0
1076 0
1077 0
1078 0
1079 0
1080 0
1081 0
1082 0
1083 0
1084 1
1085 2
1086 0
1087 0
1088 0
1089 1
1090 1
1091 1
1092 0
1093 0
1094 0
1095 0
1096 0
1097 0
1098 0
1099 0
1100 0
1101 0
1102 0
1103 0
1104 0
1105 0
1106 0
1107 0
1108 2
1109 1
1110 0
1111 1
1112 0
1113 0
1114 0
1115 1
1116 1
1117 1
1118 0
1119 0
1120 0
1121 1
1122 0
1123 0
1124 1
1125 1
1126 0
1127 0
1128 0
1129 0
1130 0
1131 0
1132 0
1133 1
1134 0
1135 1
1136 0
1137 0
1138 1
1139 1
1140 0
1141 1
1142 0
1143 0
1144 0
1145 0
1146 0
1147 1
1148 1
1149 1
1150 0
1151 0
1152 0
1153 0
1154 0
1155 1
1156 0
1157 1
1158 0
1159 0
1160 2
1161 0
1162 1
1163 1
1164 0
1165 0
1166 1
1167 0
1168 0
1169 0
1170 0
1171 0
1172 0
1173 0
1174 0
1175 0
1176 0
1177 0
1178 1
1179 0
1180 0
1181 0
1182 0
1183 0
1184 0
1185 0
1186 0
1187 0
1188 0
1189 0
1190 0
1191 0
1192 0
1193 0
1194 0
1195 0
1196 0
1197 0
1198 0
1199 0
1200 0
1201 0
1202 0
1203 0
1204 0
1205 0
1206 0
1207 0
1208 0
1209 0
1210 0
1211 0
1212 0
1213 0
1214 0
1215 0
1216 0
1217 0
1218 0
1219 0
1220 0
1221 0
1222 0
1223 0
1224 0
1225 0
1226 0
1227 0
1228 0
1229 0
1230 0
1231 0
1232 0
1233 0
1234 1
1235 1
1236 0
1237 0
1238 2
1239 0
1240 0
1241 1
1242 0
1243 0
1244 0
1245 0
1246 1
1247 0
1248 0
1249 0
1250 0
1251 0
1252 0
1253 0
1254 3
1255 0
1256 1
1257 2
1258 2
1259 0
1260 2
1261 2
1262 3
1263 1
1264 1
1265 3
1266 0
1267 1
1268 1
1269 1
1270 0
1271 1
1272 2
1273 1
1274 1
1275 0
1276 1
1277 1
1278 1
1279 0
1280 1
1281 0
1282 0
1283 0
1284 1
1285 0
1286 1
1287 1
1288 0
1289 0
1290 1
1291 0
1292 1
1293 0
1294 1
1295 1
1296 0
1297 1
1298 0
1299 0
1300 0
1301 0
1302 0
1303 0
1304 0
1305 0
1306 0
1307 0
1308 0
1309 1
1310 0
1311 0
1312 0
1313 0
1314 2
1315 0
1316 1
1317 1
1318 1
1319 2
1320 1
1321 1
1322 1
1323 2
1324 2
1325 0
1326 3
1327 1
1328 1
1329 0
1330 2
1331 1
1332 1
1333 2
1334 1
1335 1
1336 1
1337 2
1338 3
1339 0
1340 2
1341 3
1342 0
1343 1
1344 0
1345 1
1346 0
1347 0
1348 0
1349 1
1350 0
1351 0
1352 0
1353 0
1354 0
1355 0
1356 0
1357 0
1358 0
1359 0
1360 0
1361 0
1362 1
1363 0
1364 1
1365 0
1366 1
1367 2
1368 3
1369 0
1370 0
1371 1
1372 1
1373 0
1374 1
1375 2
1376 1
1377 0
1378 2
1379 0
1380 0
1381 1
1382 0
1383 1
1384 3
1385 2
1386 1
1387 1
1388 1
1389 2
1390 0
1391 3
1392 3
1393 0
1394 2
1395 1
1396 3
1397 2
1398 1
1399 1
1400 1
1401 1
1402 1
1403 1
1404 1
1405 0
1406 1
1407 0
1408 1
1409 2
1410 1
1411 1
1412 1
1413 1
1414 1
1415 2
1416 2
1417 0
1418 0
1419 1
1420 1
1421 1
1422 1
1423 1
1424 1
1425 2
1426 1
1427 0
1428 1
1429 1
1430 1
1431 3
1432 1
1433 1
1434 0
1435 1
1436 1
1437 3
1438 1
1439 1
1440 1
1441 1
1442 1
1443 0
1444 1
1445 1
1446 1
1447 2
1448 1
1449 1
1450 1
1451 1
1452 0
1453 1
1454 1
1455 2
1456 3
1457 1
1458 1
1459 0
1460 1
1461 2
1462 1
1463 1
1464 1
1465 1
1466 2
1467 0
1468 1
1469 1
1470 2
1471 1
1472 1
1473 2
1474 2
1475 1
1476 2
1477 1
1478 3
1479 1
1480 1
1481 1
1482 2
1483 2
1484 1
1485 1
1486 2
1487 2
1488 0
1489 1
1490 1
1491 1
1492 1
1493 0
1494 1
1495 1
1496 1
1497 1
1498 0
1499 0
1500 1
1501 2
1502 0
1503 1
1504 1
1505 3
1506 3
1507 2
1508 1
1509 0
1510 0
1511 2
1512 3
1513 0
1514 2
1515 1
1516 0
1517 1
1518 0
1519 1
1520 1
1521 0
1522 1
1523 1
1524 1
1525 2
1526 1
1527 0
1528 1
1529 1
1530 2
1531 1
1532 0
1533 2
1534 1
1535 1
1536 1
1537 1
1538 1
1539 1
1540 3
1541 1
1542 2
1543 1
1544 1
1545 0
1546 1
1547 0
1548 1
1549 1
1550 0
1551 0
1552 0
1553 0
1554 0
1555 1
1556 1
1557 0
1558 0
1559 0
1560 0
1561 0
1562 0
1563 1
1564 0
1565 0
1566 0
1567 1
1568 1
1569 0
1570 0
1571 2
1572 0
1573 1
1574 1
1575 0
1576 1
1577 1
1578 1
1579 0
1580 0
1581 0
1582 0
1583 0
1584 2
1585 0
1586 1
1587 1
1588 0
1589 1
1590 1
1591 0
1592 0
1593 1
1594 1
1595 0
1596 1
1597 0
1598 0
1599 0
1600 2
1601 1
1602 1
1603 1
1604 1
1605 0
1606 0
1607 0
1608 0
1609 0
1610 0
1611 0
1612 0
1613 1
1614 3
1615 2
1616 3
1617 4
1618 2
1619 2
1620 2
1621 3
1622 0
1623 2
1624 2
1625 0
1626 2
1627 2
1628 1
1629 2
1630 1
1631 0
1632 2
1633 0
1634 3
1635 1
1636 0
1637 2
1638 2
1639 1
1640 2
1641 1
1642 1
1643 1
1644 1
1645 2
1646 3
1647 2
1648 1
1649 2
1650 0
1651 0
1652 2
1653 2
1654 1
1655 0
1656 0
1657 0
1658 0
1659 0
1660 0
1661 1
1662 1
1663 1
1664 1
1665 1
1666 1
1667 1
1668 1
1669 1
1670 0
1671 1
1672 1
1673 0
1674 0
1675 0
1676 0
1677 0
1678 0
1679 0
1680 0
1681 0
1682 0
1683 0
1684 0
1685 0
1686 0
1687 0
1688 0
1689 0
1690 0
1691 0
1692 0
1693 0
1694 0
1695 0
1696 0
1697 0
1698 0
1699 0
1700 0
1701 0
1702 0
1703 0
1704 0
1705 0
1706 0
1707 0
1708 0
1709 0
1710 0
1711 0
1712 0
1713 0
1714 0
1715 0
1716 0
1717 0
1718 0
1719 0
1720 1
1721 0
1722 0
1723 0
1724 1
1725 1
1726 0
1727 1
1728 0
1729 1
1730 0
1731 0
1732 0
1733 0
1734 0
1735 0
1736 1
1737 0
1738 0
1739 0
1740 0
1741 0
1742 0
1743 0
1744 0
1745 0
1746 0
1747 0
1748 0
1749 0
1750 1
1751 0
1752 0
1753 0
1754 0
1755 0
1756 0
1757 0
1758 0
1759 0
1760 0
1761 0
1762 0
1763 0
1764 0
1765 0
1766 0
1767 0
1768 0
1769 0
1770 0
1771 0
1772 0
1773 0
1774 0
1775 0
1776 0
1777 0
1778 0
1779 0
1780 0
1781 0
1782 1
1783 2
1784 0
1785 0
1786 0
1787 0
1788 1
1789 3
1790 0
1791 0
1792 0
1793 0
1794 1
1795 1
1796 1
1797 0
1798 0
1799 2
1800 0
1801 0
1802 0
1803 0
1804 0
1805 0
1806 1
1807 0
1808 0
1809 1
1810 1
1811 2
1812 0
1813 0
1814 0
1815 0
1816 0
1817 0
1818 0
1819 0
1820 1
1821 2
1822 1
1823 1
1824 1
1825 2
1826 3
1827 1
1828 1
1829 2
1830 0
1831 0
1832 1
1833 0
1834 0
1835 0
1836 1
1837 0
1838 0
1839 1
1840 0
1841 0
1842 0
1843 1
1844 1
1845 1
1846 1
1847 0
1848 1
1849 1
1850 1
1851 1
1852 0
1853 0
1854 1
1855 1
1856 0
1857 0
1858 1
1859 1
1860 1
1861 1
1862 1
1863 1
1864 1
1865 0
1866 1
1867 2
1868 1
1869 0
1870 1
1871 0
1872 2
1873 0
1874 1
1875 1
1876 0
1877 1
1878 0
1879 1
1880 1
1881 1
1882 2
1883 1
1884 1
1885 1
1886 0
1887 1
1888 0
1889 0
1890 1
1891 2
1892 1
1893 1
1894 1
1895 2
1896 0
1897 0
1898 1
1899 0
1900 0
1901 0
1902 0
1903 1
1904 0
1905 0
1906 0
1907 2
1908 1
1909 1
1910 2
1911 0
1912 0
1913 0
1914 1
1915 1
1916 2
1917 1
1918 1
1919 1
1920 0
1921 1
1922 2
1923 0
1924 1
1925 1
1926 1
1927 0
1928 0
1929 0
1930 2
1931 1
1932 1
1933 1
1934 1
1935 2
1936 2
1937 1
1938 0
1939 0
1940 0
1941 1
1942 0
1943 0
1944 0
1945 0
1946 1
1947 0
1948 1
1949 1
1950 1
1951 0
1952 0
1953 1
1954 0
1955 1
1956 0
1957 0
1958 0
1959 0
1960 1
1961 1
1962 1
1963 0
1964 0
1965 1
1966 0
1967 1
1968 0
1969 1
1970 0
1971 1
1972 1
1973 1
1974 1
1975 1
1976 1
1977 0
1978 1
1979 0
1980 0
1981 1
1982 1
1983 1
1984 0
1985 0
1986 0
1987 0
1988 0
1989 0
1990 0
1991 0
1992 0
1993 0
1994 0
1995 1
1996 1
1997 2
1998 1
1999 1
