0 1
1 1
2 1
3 1
4 1
5 1
6 1
7 1
8 1
9 1
10 1
11 1
12 1
13 1
14 1
15 1
16 1
17 1
18 1
19 1
20 1
21 1
22 2
23 1
24 1
25 1
26 1
27 1
28 1
29 1
30 1
31 1
32 1
33 1
34 1
35 0
36 0
37 0
38 1
39 1
40 1
41 1
42 1
43 1
44 1
45 1
46 1
47 1
48 1
49 1
50 1
51 1
52 1
53 1
54 1
55 1
56 1
57 1
58 1
59 1
60 1
61 1
62 1
63 1
64 1
65 1
66 1
67 1
68 1
69 1
70 0
71 3
72 1
73 1
74 1
75 1
76 1
77 2
78 1
79 1
80 2
81 1
82 0
83 1
84 1
85 1
86 1
87 1
88 0
89 1
90 1
91 1
92 2
93 1
94 1
95 1
96 0
97 1
98 1
99 1
100 1
101 1
102 1
103 1
104 1
105 1
106 1
107 0
108 0
109 0
110 0
111 0
112 0
113 0
114 0
115 0
116 1
117 1
118 0
119 1
120 0
121 1
122 1
123 1
124 1
125 1
126 1
127 1
128 1
129 0
130 1
131 1
132 1
133 1
134 1
135 1
136 1
137 1
138 0
139 0
140 0
141 0
142 0
143 0
144 0
145 0
146 0
147 0
148 0
149 0
150 0
151 0
152 0
153 1
154 1
155 0
156 0
157 0
158 0
159 0
160 0
161 0
162 0
163 0
164 0
165 0
166 0
167 0
168 0
169 0
170 0
171 0
172 0
173 0
174 0
175 0
176 0
177 0
178 0
179 0
180 0
181 0
182 0
183 0
184 0
185 0
186 0
187 0
188 0
189 0
190 0
191 0
192 0
193 0
194 0
195 0
196 0
197 0
198 0
199 0
200 0
201 0
202 0
203 0
204 0
205 0
206 0
207 0
208 0
209 0
210 0
211 0
212 0
213 0
214 0
215 0
216 0
217 0
218 0
219 0
220 0
221 0
222 0
223 0
224 0
225 0
226 0
227 0
228 0
229 0
230 0
231 0
232 0
233 0
234 0
235 0
236 0
237 0
238 0
239 0
240 0
241 0
242 0
243 0
244 0
245 0
246 0
247 1
248 2
249 0
250 0
251 0
252 0
253 0
254 0
255 0
256 0
257 0
258 0
259 0
260 0
261 0
262 0
263 0
264 0
265 0
266 0
267 0
268 0
269 0
270 0
271 1
272 1
273 1
274 0
275 1
276 1
277 1
278 1
279 1
280 1
281 0
282 1
283 0
284 0
285 2
286 1
287 0
288 1
289 1
290 1
291 1
292 2
293 2
294 1
295 1
296 1
297 0
298 1
299 1
300 1
301 1
302 1
303 0
304 0
305 1
306 1
307 1
308 1
309 1
310 1
311 1
312 1
313 1
314 1
315 1
316 1
317 1
318 1
319 2
320 1
321 1
322 1
323 1
324 1
325 1
326 1
327 1
328 1
329 1
330 1
331 1
332 0
333 0
334 1
335 1
336 1
337 1
338 2
339 2
340 1
341 1
342 1
343 1
344 1
345 2
346 1
347 2
348 1
349 1
350 1
351 2
352 1
353 1
354 2
355 2
356 1
357 1
358 1
359 1
360 1
361 1
362 2
363 1
364 1
365 1
366 1
367 1
368 1
369 0
370 1
371 1
372 2
373 2
374 1
375 1
376 1
377 1
378 1
379 1
380 2
381 1
382 1
383 1
384 1
385 1
386 2
387 1
388 2
389 1
390 1
391 1
392 1
393 1
394 1
395 1
396 1
397 1
398 1
399 1
400 1
401 0
402 1
403 1
404 2
405 1
406 1
407 1
408 1
409 1
410 1
411 1
412 1
413 1
414 1
415 1
416 1
417 1
418 1
419 1
420 1
421 1
422 1
423 1
424 1
425 1
426 1
427 1
428 1
429 1
430 0
431 1
432 1
433 1
434 1
435 2
436 1
437 1
438 1
439 1
440 1
441 1
442 1
443 1
444 1
445 0
446 1
447 1
448 0
449 1
450 1
451 1
452 1
453 1
454 1
455 1
456 0
457 1
458 1
459 1
460 1
461 1
462 1
463 1
464 1
465 1
466 0
467 0
468 0
469 0
470 0
471 1
472 1
473 0
474 0
475 0
476 0
477 0
478 0
479 0
480 1
481 1
482 1
483 1
484 1
485 1
486 0
487 0
488 0
489 0
490 0
491 2
492 0
493 1
494 0
495 1
496 1
497 1
498 1
499 1
500 0
501 1
502 2
503 1
504 1
505 1
506 1
507 0
508 2
509 1
510 0
511 1
512 2
513 1
514 1
515 1
516 1
517 1
518 1
519 1
520 1
521 0
522 1
523 1
524 1
525 1
526 1
527 1
528 1
529 1
530 1
531 2
532 1
533 0
534 0
535 1
536 1
537 0
538 0
539 0
540 0
541 0
542 0
543 0
544 0
545 0
546 2
547 1
548 0
549 0
550 1
551 1
552 1
553 1
554 0
555 1
556 0
557 1
558 1
559 0
560 1
561 1
562 1
563 1
564 1
565 0
566 1
567 1
568 1
569 1
570 1
571 2
572 1
573 1
574 1
575 2
576 1
577 1
578 2
579 1
580 1
581 1
582 0
583 1
584 0
585 2
586 0
587 2
588 1
589 1
590 1
591 1
592 1
593 1
594 2
595 1
596 1
597 1
598 2
599 1
600 1
601 1
602 1
603 1
604 2
605 1
606 1
607 1
608 1
609 1
610 1
611 1
612 2
613 1
614 1
615 1
616 1
617 2
618 1
619 1
620 1
621 1
622 1
623 1
624 1
625 1
626 1
627 1
628 1
629 0
630 1
631 0
632 1
633 1
634 0
635 1
636 1
637 1
638 1
639 1
640 1
641 2
642 1
643 1
644 1
645 1
646 1
647 1
648 1
649 1
650 1
651 1
652 1
653 1
654 1
655 1
656 1
657 1
658 1
659 1
660 1
661 1
662 1
663 1
664 1
665 0
666 1
667 1
668 0
669 1
670 0
671 1
672 1
673 2
674 1
675 1
676 1
677 0
678 1
679 1
680 2
681 1
682 1
683 1
684 1
685 1
686 1
687 2
688 1
689 2
690 1
691 2
692 1
693 1
694 1
695 1
696 1
697 0
698 1
699 2
700 1
701 1
702 1
703 1
704 1
705 1
706 1
707 1
708 1
709 1
710 1
711 1
712 1
713 1
714 1
715 1
716 2
717 1
718 2
719 1
720 2
721 1
722 1
723 1
724 1
725 1
726 1
727 2
728 1
729 1
730 1
731 2
732 1
733 1
734 1
735 1
736 2
737 2
738 2
739 1
740 1
741 1
742 1
743 1
744 0
745 1
746 1
747 1
748 0
749 0
750 0
751 0
752 0
753 0
754 0
755 0
756 0
757 0
758 0
759 0
760 0
761 0
762 0
763 0
764 0
765 0
766 0
767 0
768 0
769 0
770 0
771 0
772 0
773 0
774 0
775 0
776 0
777 0
778 0
779 0
780 0
781 0
782 0
783 0
784 0
785 0
786 0
787 0
788 0
789 0
790 0
791 0
792 0
793 0
794 0
795 0
796 0
797 0
798 0
799 0
800 0
801 0
802 0
803 0
804 0
805 0
806 0
807 0
808 0
809 0
810 0
811 1
812 0
813 0
814 0
815 0
816 1
817 1
818 1
819 1
820 0
821 2
822 1
823 1
824 1
825 1
826 1
827 0
828 0
829 1
830 1
831 1
832 2
833 1
834 2
835 2
836 1
837 1
838 1
839 2
840 1
841 1
842 2
843 1
844 0
845 1
846 2
847 1
848 1
849 1
850 1
851 2
852 1
853 1
854 1
855 1
856 1
857 1
858 1
859 0
860 1
861 1
862 1
863 1
864 1
865 1
866 1
867 2
868 2
869 1
870 3
871 1
872 1
873 1
874 1
875 1
876 1
877 2
878 1
879 1
880 1
881 1
882 1
883 1
884 1
885 1
886 2
887 1
888 0
889 1
890 2
891 2
892 1
893 2
894 1
895 2
896 1
897 1
898 1
899 1
900 1
901 1
902 1
903 0
904 1
905 1
906 1
907 1
908 1
909 1
910 1
911 1
912 1
913 1
914 1
915 1
916 1
917 1
918 1
919 1
920 1
921 1
922 1
923 1
924 1
925 1
926 1
927 2
928 1
929 1
930 1
931 1
932 2
933 1
934 1
935 1
936 1
937 1
938 2
939 1
940 1
941 1
942 1
943 0
944 1
945 1
946 1
947 1
948 1
949 1
950 1
951 1
952 1
953 1
954 1
955 1
956 1
957 1
958 1
959 1
960 1
961 1
962 1
963 1
964 1
965 1
966 1
967 1
968 1
969 1
970 1
971 1
972 1
973 1
974 1
975 1
976 1
977 1
978 1
979 0
980 1
981 1
982 1
983 1
984 1
985 1
986 1
987 1
988 1
989 1
990 1
991 1
992 1
993 0
994 1
995 1
996 1
997 1
998 2
999 1
1000 1
1001 1
1002 1
1003 1
1004 1
1005 0
1006 1
1007 0
1008 1
1009 1
1010 1
1011 1
1012 1
1013 2
1014 1
1015 2
1016 2
1017 1
1018 0
1019 2
1020 0
1021 0
1022 0
1023 0
1024 1
1025 1
1026 0
1027 1
1028 1
1029 1
1030 1
1031 1
1032 0
1033 1
1034 0
1035 1
1036 1
1037 1
1038 1
1039 1
1040 1
1041 1
1042 1
1043 1
1044 0
1045 1
1046 1
1047 0
1048 1
1049 1
1050 1
1051 1
1052 1
1053 1
1054 1
1055 1
1056 1
1057 1
1058 0
1059 1
1060 1
1061 0
1062 1
1063 0
1064 1
1065 1
1066 1
1067 2
1068 1
1069 0
1070 1
1071 1
1072 1
1073 1
1074 1
1075 0
1076 0
1077 1
1078 1
1079 1
1080 1
1081 1
1082 1
1083 2
1084 1
1085 1
1086 1
1087 0
1088 1
1089 1
1090 1
1091 0
1092 1
1093 1
1094 1
1095 1
1096 1
1097 1
1098 1
1099 1
1100 0
1101 1
1102 1
1103 0
1104 1
1105 0
1106 1
1107 1
1108 0
1109 0
1110 0
1111 1
1112 0
1113 2
1114 0
1115 0
1116 0
1117 0
1118 0
1119 0
1120 0
1121 0
1122 0
1123 1
1124 0
1125 0
1126 0
1127 0
1128 0
1129 0
1130 0
1131 0
1132 0
1133 0
1134 0
1135 0
1136 0
1137 0
1138 0
1139 0
1140 0
1141 0
1142 1
1143 0
1144 0
1145 1
1146 1
1147 0
1148 0
1149 0
1150 0
1151 0
1152 0
1153 0
1154 0
1155 0
1156 0
1157 0
1158 0
1159 0
1160 1
1161 1
1162 1
1163 1
1164 0
1165 1
1166 2
1167 1
1168 1
1169 1
1170 2
1171 1
1172 1
1173 1
1174 1
1175 1
1176 1
1177 2
1178 1
1179 1
1180 1
1181 1
1182 1
1183 1
1184 2
1185 1
1186 1
1187 1
1188 1
1189 1
1190 1
1191 1
1192 1
1193 1
1194 1
1195 1
1196 2
1197 2
1198 1
1199 1
1200 1
1201 1
1202 1
1203 1
1204 1
1205 1
1206 1
1207 2
1208 1
1209 1
1210 1
1211 1
1212 1
1213 1
1214 1
1215 2
1216 1
1217 1
1218 1
1219 1
1220 1
1221 2
1222 2
1223 1
1224 1
1225 1
1226 1
1227 1
1228 2
1229 2
1230 2
1231 0
1232 1
1233 0
1234 1
1235 1
1236 1
1237 1
1238 1
1239 0
1240 1
1241 1
1242 1
1243 1
1244 1
1245 1
1246 1
1247 1
1248 0
1249 1
1250 1
1251 0
1252 1
1253 1
1254 1
1255 0
1256 1
1257 1
1258 1
1259 1
1260 1
1261 0
1262 0
1263 1
1264 1
1265 2
1266 1
1267 1
1268 0
1269 0
1270 0
1271 0
1272 0
1273 0
1274 0
1275 0
1276 0
1277 0
1278 0
1279 0
1280 0
1281 0
1282 0
1283 0
1284 0
1285 0
1286 0
1287 0
1288 0
1289 0
1290 0
1291 0
1292 0
1293 0
1294 0
1295 0
1296 0
1297 0
1298 0
1299 0
1300 0
1301 0
1302 0
1303 0
1304 0
1305 0
1306 0
1307 0
1308 0
1309 0
1310 0
1311 0
1312 0
1313 0
1314 0
1315 0
1316 0
1317 0
1318 0
1319 0
1320 0
1321 0
1322 0
1323 0
1324 0
1325 0
1326 0
1327 0
1328 0
1329 0
1330 0
1331 1
1332 1
1333 0
1334 0
1335 0
1336 0
1337 0
1338 1
1339 1
1340 0
1341 0
1342 1
1343 1
1344 0
1345 0
1346 0
1347 0
1348 0
1349 0
1350 0
1351 0
1352 0
1353 0
1354 0
1355 0
1356 0
1357 0
1358 0
1359 0
1360 0
1361 0
1362 0
1363 0
1364 0
1365 0
1366 0
1367 0
1368 1
1369 0
1370 0
1371 0
1372 1
1373 1
1374 1
1375 1
1376 1
1377 0
1378 1
1379 0
1380 0
1381 1
1382 1
1383 1
1384 1
1385 1
1386 1
1387 1
1388 0
1389 1
1390 1
1391 1
1392 1
1393 1
1394 1
1395 1
1396 1
1397 1
1398 1
1399 1
1400 1
1401 1
1402 1
1403 1
1404 1
1405 1
1406 1
1407 0
1408 0
1409 0
1410 0
1411 0
1412 0
1413 0
1414 0
1415 0
1416 0
1417 0
1418 0
1419 0
1420 0
1421 0
1422 0
1423 0
1424 0
1425 0
1426 0
1427 0
1428 0
1429 0
1430 0
1431 0
1432 0
1433 0
1434 0
1435 0
1436 0
1437 0
1438 0
1439 0
1440 0
1441 0
1442 0
1443 0
1444 0
1445 0
1446 0
1447 0
1448 0
1449 0
1450 0
1451 0
1452 0
1453 0
1454 0
1455 0
1456 0
1457 0
1458 0
1459 0
1460 0
1461 0
1462 0
1463 0
1464 0
1465 0
1466 0
1467 0
1468 0
1469 0
1470 0
1471 0
1472 0
1473 0
1474 0
1475 0
1476 0
1477 0
1478 0
1479 0
1480 0
1481 0
1482 0
1483 0
1484 0
1485 0
1486 0
1487 0
1488 0
1489 0
1490 0
1491 0
1492 0
1493 0
1494 0
1495 0
1496 0
1497 0
1498 0
1499 0
1500 0
1501 0
1502 0
1503 0
1504 0
1505 0
1506 0
1507 0
1508 0
1509 0
1510 0
1511 0
1512 0
1513 0
1514 0
1515 0
1516 0
1517 0
1518 0
1519 0
1520 0
1521 0
1522 0
1523 0
1524 0
1525 0
1526 0
1527 0
1528 0
1529 0
1530 0
1531 0
1532 0
1533 0
1534 0
1535 0
1536 0
1537 0
1538 0
1539 0
1540 0
1541 0
1542 0
1543 0
1544 0
1545 0
1546 0
1547 0
1548 0
1549 0
1550 0
1551 0
1552 0
1553 0
1554 0
1555 0
1556 0
1557 0
1558 0
1559 0
1560 0
1561 0
1562 0
1563 0
1564 0
1565 0
1566 0
1567 0
1568 0
1569 0
1570 0
1571 0
1572 0
1573 0
1574 0
1575 0
1576 0
1577 0
1578 0
1579 0
1580 0
1581 0
1582 0
1583 0
1584 0
1585 0
1586 0
1587 0
1588 0
1589 0
1590 0
1591 0
1592 0
1593 0
1594 0
1595 0
1596 0
1597 0
1598 0
1599 0
1600 0
1601 0
1602 0
1603 0
1604 0
1605 0
1606 0
1607 0
1608 0
1609 0
1610 0
1611 0
1612 0
1613 0
1614 0
1615 0
1616 0
1617 0
1618 0
1619 0
1620 0
1621 0
1622 0
1623 0
1624 0
1625 0
1626 0
1627 0
1628 0
1629 0
1630 0
1631 0
1632 0
1633 0
1634 0
1635 0
1636 0
1637 0
1638 0
1639 0
1640 0
1641 0
1642 0
1643 0
1644 0
1645 0
1646 0
1647 0
1648 0
1649 0
1650 0
1651 0
1652 0
1653 0
1654 0
1655 0
1656 0
1657 0
1658 0
1659 0
1660 0
1661 0
1662 0
1663 0
1664 0
1665 0
1666 0
1667 0
1668 0
1669 0
1670 0
1671 0
1672 0
1673 0
1674 0
1675 0
1676 0
1677 0
1678 0
1679 0
1680 0
1681 0
1682 0
1683 0
1684 0
1685 0
1686 0
1687 0
1688 0
1689 0
1690 0
1691 0
1692 0
1693 0
1694 0
1695 0
1696 0
1697 0
1698 0
1699 0
1700 0
1701 0
1702 0
1703 0
1704 0
1705 0
1706 0
1707 0
1708 0
1709 0
1710 0
1711 0
1712 0
1713 0
1714 0
1715 0
1716 0
1717 0
1718 0
1719 0
1720 0
1721 0
1722 0
1723 0
1724 0
1725 0
1726 0
1727 0
1728 0
1729 0
1730 0
1731 0
1732 0
1733 0
1734 0
1735 0
1736 0
1737 0
1738 0
1739 0
1740 0
1741 0
1742 0
1743 0
1744 0
1745 0
1746 0
1747 0
1748 0
1749 0
1750 0
1751 0
1752 0
1753 0
1754 0
1755 0
1756 0
1757 0
1758 0
1759 0
1760 0
1761 0
1762 0
1763 0
1764 0
1765 0
1766 0
1767 0
1768 0
1769 0
1770 0
1771 0
1772 0
1773 0
1774 0
1775 0
1776 0
1777 0
1778 0
1779 0
1780 0
1781 0
1782 0
1783 0
1784 0
1785 0
1786 0
1787 0
1788 0
1789 0
1790 0
1791 0
1792 0
1793 0
1794 0
1795 0
1796 0
1797 0
1798 0
1799 0
1800 0
1801 0
1802 0
1803 0
1804 0
1805 0
1806 0
1807 0
1808 0
1809 0
1810 0
1811 0
1812 0
1813 0
1814 0
1815 0
1816 0
1817 0
1818 0
1819 0
1820 0
1821 0
1822 0
1823 0
1824 0
1825 0
1826 0
1827 0
1828 0
1829 0
1830 0
1831 0
1832 0
1833 0
1834 0
1835 0
1836 0
1837 0
1838 0
1839 0
1840 0
1841 0
1842 0
1843 0
1844 0
1845 0
1846 0
1847 0
1848 0
1849 0
1850 0
1851 0
1852 0
1853 0
1854 0
1855 0
1856 0
1857 0
1858 0
1859 0
1860 0
1861 0
1862 0
1863 0
1864 0
1865 0
1866 0
1867 0
1868 0
1869 0
1870 0
1871 0
1872 0
1873 0
1874 0
1875 0
1876 0
1877 0
1878 0
1879 0
1880 0
1881 0
1882 0
1883 0
1884 0
1885 0
1886 0
1887 0
1888 0
1889 0
1890 0
1891 0
1892 0
1893 0
1894 0
1895 0
1896 0
1897 0
1898 0
1899 0
1900 0
1901 0
1902 0
1903 0
1904 0
1905 0
1906 0
1907 0
1908 0
1909 0
1910 0
1911 0
1912 0
1913 0
1914 0
1915 0
1916 0
1917 0
1918 0
1919 0
1920 0
1921 0
1922 0
1923 0
1924 0
1925 0
1926 0
1927 0
1928 0
1929 0
1930 0
1931 0
1932 0
1933 0
1934 0
1935 0
1936 0
1937 0
1938 0
1939 0
1940 0
1941 0
1942 0
1943 0
1944 0
1945 0
1946 0
1947 0
1948 0
1949 0
1950 0
1951 0
1952 0
1953 0
1954 0
1955 0
1956 0
1957 0
1958 0
1959 0
1960 0
1961 0
1962 0
1963 0
1964 0
1965 0
1966 0
1967 0
1968 0
1969 0
1970 0
1971 0
1972 0
1973 0
1974 0
1975 0
1976 0
1977 0
1978 0
1979 0
1980 0
1981 0
1982 0
1983 0
1984 0
1985 0
1986 0
1987 0
1988 0
1989 0
1990 0
1991 0
1992 0
1993 0
1994 0
1995 0
1996 0
1997 0
1998 0
1999 0
