#Resid  MeanContacts  SEM
790 2.132175 0.182460
791 2.153767 0.131692
792 3.008818 0.117382
793 2.957852 0.079810
794 3.086877 0.085815
795 2.775861 0.085830
796 2.762518 0.094732
797 2.073021 0.097893
798 1.308622 0.091670
799 0.824959 0.072855
800 1.042698 0.075663
801 1.465083 0.096518
802 2.107113 0.104734
803 2.123488 0.084048
804 1.841502 0.070406
805 1.105726 0.046257
806 0.780773 0.034616
807 0.518662 0.020714
808 0.411573 0.024512
809 0.330733 0.022507
810 0.302516 0.021954
811 0.304547 0.020293
812 0.321296 0.021312
813 0.383450 0.031914
814 0.472633 0.032876
815 0.657342 0.037322
816 0.880112 0.040323
817 0.663279 0.030587
818 0.642593 0.040764
819 0.502631 0.038870
820 0.420479 0.038699
821 0.309297 0.027323
822 0.331296 0.037776
823 0.390637 0.042648
824 0.414792 0.048142
825 0.459821 0.048604
826 0.512912 0.061964
827 0.810147 0.108313
828 1.314434 0.186508
829 1.956433 0.217315
830 3.193809 0.256336
831 3.990957 0.298344
832 4.012206 0.375465
833 3.264368 0.441853
834 3.920679 0.074678
835 2.234045 0.039810
836 1.820284 0.623426
837 1.863782 0.395011
838 1.156942 0.055185
839 0.421791 0.145834
840 1.832815 0.686878
841 1.282311 0.389952
842 0.206771 0.051593
