#Resid  MeanContacts  SEM
790 2.431003 0.070653
791 2.409255 0.079784
792 3.105626 0.067125
793 3.351676 0.058955
794 3.296929 0.053312
795 2.961914 0.048208
796 3.214121 0.050214
797 2.243388 0.052812
798 1.491550 0.048873
799 1.014606 0.036371
800 1.177660 0.040546
801 1.689822 0.048283
802 2.341695 0.054684
803 2.083833 0.044825
804 1.946778 0.036994
805 1.198721 0.024946
806 0.861676 0.014638
807 0.577159 0.015065
808 0.477445 0.015765
809 0.386481 0.013605
810 0.355232 0.013584
811 0.345983 0.014776
812 0.365138 0.010389
813 0.427072 0.012110
814 0.549504 0.013378
815 0.842614 0.021344
816 1.395274 0.035683
817 1.067478 0.027618
818 0.870831 0.028467
819 0.608688 0.019717
820 0.546785 0.016466
821 0.451571 0.013053
822 0.456415 0.015023
823 0.541160 0.015624
824 0.554972 0.011230
825 0.558222 0.016854
826 0.953234 0.030658
827 1.354464 0.041429
828 1.990213 0.065243
829 2.425597 0.084459
830 2.574621 0.098451
831 2.763518 0.113278
832 2.408661 0.098710
833 2.364882 0.101299
834 1.853345 0.061045
835 1.874719 0.056546
836 1.143474 0.056748
837 1.997994 0.114368
838 1.136881 0.088552
839 0.200396 0.009820
840 1.175285 0.116064
841 1.788661 0.110244
842 0.349201 0.018983
