#Resid  MeanContacts  SEM
295 2.024274 0.340268
296 2.017774 0.296251
297 2.648805 0.261640
298 2.912198 0.245039
299 3.025724 0.237569
300 2.576902 0.265617
301 2.446784 0.264851
302 2.065647 0.227633
303 1.372525 0.200776
304 1.074696 0.180864
305 1.156380 0.181230
306 1.528205 0.251452
307 1.715820 0.249171
308 1.644074 0.203854
309 1.658605 0.198649
310 1.011762 0.136262
311 0.691684 0.095876
312 0.456415 0.062697
313 0.400011 0.053328
314 0.305391 0.036045
315 0.299704 0.037394
316 0.297329 0.032535
317 0.372419 0.039354
318 0.398918 0.030968
319 0.523318 0.037423
320 0.712964 0.045899
321 1.014824 0.064264
322 1.130006 0.073639
323 0.829459 0.071517
324 0.572378 0.064094
325 0.421541 0.049679
326 0.392168 0.053988
327 0.371919 0.048984
328 0.409386 0.057774
329 0.458290 0.068263
330 0.582908 0.080772
331 0.725526 0.109672
332 0.984357 0.123283
333 1.530205 0.133899
334 2.040492 0.113331
335 1.215752 0.339514
336 2.175985 0.124225
337 2.233232 0.092785
338 0.947078 0.216937
339 3.055566 0.101450
340 1.289342 0.130888
341 0.695215 0.350793
342 1.653667 0.374833
343 1.229126 0.369227
344 0.181491 0.039740
345 1.236688 0.610790
346 1.947621 0.209856
347 0.631593 0.206240
