#Resid  MeanContacts  SEM
790 1.979620 0.227387
791 2.029555 0.180719
792 2.777611 0.138437
793 2.887637 0.088635
794 3.034817 0.106257
795 2.634337 0.102416
796 2.636587 0.123546
797 1.958121 0.119528
798 1.228064 0.108981
799 0.815459 0.098776
800 0.988576 0.105963
801 1.397430 0.127502
802 2.062928 0.149305
803 2.003962 0.125145
804 1.823659 0.104078
805 1.121256 0.084874
806 0.799554 0.067869
807 0.543004 0.050181
808 0.427010 0.043274
809 0.356357 0.039742
810 0.329640 0.036370
811 0.317609 0.033321
812 0.345858 0.037737
813 0.389137 0.045892
814 0.500819 0.049415
815 0.702027 0.051899
816 1.285811 0.091244
817 0.998794 0.092664
818 0.826177 0.090442
819 0.593002 0.080412
820 0.480757 0.072402
821 0.422073 0.078497
822 0.407761 0.087282
823 0.455227 0.101042
824 0.474508 0.126618
825 0.495288 0.146988
826 0.815147 0.271320
827 1.089977 0.365590
828 1.615857 0.495337
829 1.985682 0.490107
830 2.727957 0.164711
831 4.164698 0.170998
832 4.171479 0.195804
833 1.478520 0.282486
834 2.751362 0.155524
835 2.035648 0.031593
836 0.754056 0.390162
837 1.388962 0.628610
838 0.921548 0.052975
839 0.177179 0.064985
840 1.024949 0.588676
841 0.883112 0.418823
842 0.154086 0.007602
