#Resid  MeanContacts  SEM
295 2.027774 0.064783
296 2.033461 0.057299
297 1.851564 0.051810
298 2.031273 0.056393
299 1.876750 0.049926
300 1.866407 0.057601
301 2.070896 0.056125
302 2.561903 0.056841
303 2.134987 0.048177
304 1.796723 0.055451
305 1.711102 0.061184
306 1.726664 0.054535
307 1.947559 0.048267
308 2.297416 0.053968
309 2.180735 0.066508
310 2.177016 0.070004
311 2.772486 0.074201
312 2.710052 0.063733
313 1.737569 0.053180
314 1.656448 0.058495
315 1.591420 0.057549
316 1.664823 0.056463
317 1.874875 0.063821
318 1.778755 0.060809
319 1.720789 0.058617
320 2.040679 0.076012
321 1.678104 0.059294
322 1.437303 0.064915
323 1.182660 0.056828
324 1.021511 0.050194
325 0.970608 0.049080
326 0.996263 0.047647
327 0.789492 0.029168
328 0.817334 0.040736
329 1.022418 0.033517
330 1.510018 0.042202
331 1.179566 0.054233
332 1.427491 0.060061
333 1.466145 0.051771
334 1.846814 0.064333
335 1.992088 0.053835
336 1.773536 0.093460
337 1.720726 0.075251
338 1.292498 0.087937
339 0.592502 0.093097
340 0.767305 0.185868
341 0.906830 0.243392
342 0.491663 0.179919
343 0.748150 0.156013
344 0.529411 0.049681
345 0.085496 0.035654
346 0.857613 0.267592
347 0.939422 0.176035
348 0.056747 0.006866
