#Resid  MeanContacts  SEM
786 1.773255 0.139201
787 1.731851 0.132944
788 1.547329 0.132882
789 1.635293 0.133996
790 1.421116 0.124828
791 1.381056 0.121729
792 1.680291 0.131984
793 2.036648 0.136018
794 2.104739 0.142770
795 1.665292 0.127122
796 1.464521 0.123666
797 1.505518 0.141653
798 1.677354 0.151565
799 1.868688 0.134412
800 1.827471 0.126667
801 1.888906 0.130707
802 2.348258 0.127306
803 2.053866 0.130506
804 1.626669 0.130294
805 1.433897 0.135564
806 1.334215 0.120296
807 1.372838 0.119716
808 1.591670 0.131220
809 1.620013 0.124108
810 1.550766 0.121481
811 1.797191 0.121602
812 1.597045 0.113039
813 1.211127 0.101504
814 0.858926 0.073604
815 0.686716 0.061295
816 0.625062 0.055919
817 0.564722 0.048376
818 0.620031 0.054502
819 0.773274 0.060112
820 0.901236 0.065605
821 1.456677 0.086533
822 1.550579 0.095452
823 1.284967 0.093776
824 1.411429 0.097225
825 1.458490 0.130412
826 2.535154 0.093576
827 3.881712 0.065765
828 6.131131 0.061930
829 3.391893 0.092927
830 5.924423 0.196607
831 2.366132 0.166102
832 1.496894 0.208237
833 0.418448 0.133725
834 1.053572 0.402982
835 1.327590 0.013479
836 0.121963 0.021385
837 0.512318 0.203073
838 1.025855 0.231351
839 0.177116 0.025656
