#Resid  MeanContacts  SEM
295 1.046104 0.008674
296 1.088164 0.008058
297 0.945328 0.012502
298 1.108851 0.013328
299 0.942359 0.016893
300 0.944640 0.018468
301 1.104164 0.014916
302 1.606857 0.011182
303 1.282030 0.011785
304 0.927547 0.010141
305 0.792867 0.013623
306 0.783586 0.014733
307 0.903455 0.011903
308 1.198315 0.010530
309 1.192909 0.001659
310 1.316684 0.002063
311 1.850126 0.008382
312 1.814816 0.007739
313 0.999981 0.007093
314 0.854801 0.004740
315 0.830208 0.003669
316 0.867988 0.003617
317 1.117632 0.001253
318 1.070540 0.012087
319 1.156036 0.009211
320 1.228595 0.005916
321 1.320403 0.002181
322 0.920766 0.004858
323 0.644968 0.005487
324 0.565034 0.004568
325 0.479195 0.005395
326 0.515005 0.006755
327 0.429010 0.004441
328 0.459540 0.002973
329 0.728714 0.006338
330 1.186597 0.012068
331 0.953827 0.007949
332 1.001294 0.013586
333 1.170098 0.011500
334 1.560422 0.008247
335 2.336508 0.012872
336 3.788654 0.011699
337 3.526105 0.004951
338 3.265993 0.010320
339 3.429704 0.018512
340 3.056160 0.015008
341 1.997650 0.006669
342 0.091870 0.001587
343 0.640249 0.005798
344 2.162048 0.008609
345 0.321453 0.003436
346 0.159523 0.001338
347 1.631731 0.015371
348 1.285467 0.016186
