#Resid  MeanContacts  SEM
786 2.010745 0.018872
787 1.951149 0.027320
788 1.834833 0.021227
789 1.889305 0.037202
790 1.754498 0.029555
791 1.689280 0.032406
792 1.932409 0.040511
793 2.320215 0.016964
794 2.371314 0.034862
795 1.896552 0.027087
796 1.742754 0.008652
797 1.790230 0.011413
798 1.984883 0.017574
799 2.090205 0.010104
800 2.139555 0.023450
801 2.049975 0.017719
802 2.584833 0.035891
803 2.284858 0.019090
804 2.037606 0.030510
805 1.732884 0.030507
806 1.719765 0.022473
807 1.614068 0.010912
808 1.909170 0.023690
809 1.788356 0.047749
810 1.734883 0.038179
811 1.929410 0.034657
812 1.791979 0.016777
813 1.471014 0.025334
814 1.070840 0.024461
815 0.861569 0.021905
816 0.823963 0.012121
817 0.690780 0.017518
818 0.739505 0.015216
819 0.884558 0.012963
820 0.884683 0.010126
821 1.405422 0.017030
822 1.753123 0.023078
823 1.517366 0.005847
824 1.507621 0.027587
825 2.365567 0.008147
826 3.003248 0.018008
827 4.183033 0.028587
828 8.176787 0.045409
829 3.461269 0.021833
830 0.925912 0.006829
831 2.325587 0.005322
832 1.800100 0.016063
833 0.286357 0.009602
834 1.172914 0.020891
835 0.408046 0.008185
836 0.039480 0.002353
837 0.637681 0.015571
838 1.342454 0.029511
839 0.190030 0.003669
