0 1
1 0
2 0
3 0
4 0
5 1
6 0
7 0
8 0
9 0
10 0
11 0
12 1
13 0
14 0
15 0
16 0
17 1
18 1
19 0
20 0
21 0
22 0
23 0
24 0
25 0
26 0
27 0
28 0
29 0
30 0
31 0
32 0
33 1
34 0
35 0
36 0
37 0
38 0
39 0
40 0
41 1
42 0
43 0
44 0
45 0
46 0
47 0
48 0
49 0
50 0
51 0
52 0
53 0
54 0
55 0
56 0
57 0
58 0
59 0
60 0
61 0
62 0
63 0
64 1
65 0
66 0
67 0
68 0
69 0
70 0
71 0
72 0
73 0
74 0
75 0
76 0
77 0
78 0
79 0
80 0
81 1
82 0
83 0
84 0
85 0
86 0
87 0
88 0
89 0
90 0
91 0
92 0
93 0
94 0
95 0
96 0
97 0
98 0
99 0
100 0
101 0
102 0
103 0
104 0
105 0
106 0
107 0
108 0
109 0
110 0
111 0
112 0
113 0
114 0
115 0
116 0
117 0
118 0
119 0
120 0
121 0
122 0
123 0
124 0
125 0
126 0
127 0
128 0
129 0
130 0
131 0
132 0
133 0
134 0
135 0
136 0
137 0
138 0
139 0
140 0
141 0
142 0
143 0
144 1
145 0
146 0
147 0
148 0
149 0
150 0
151 0
152 0
153 0
154 0
155 0
156 0
157 0
158 0
159 0
160 0
161 1
162 0
163 0
164 0
165 0
166 0
167 0
168 0
169 0
170 0
171 0
172 0
173 0
174 0
175 0
176 0
177 0
178 0
179 0
180 0
181 0
182 0
183 0
184 0
185 0
186 0
187 0
188 0
189 0
190 0
191 0
192 0
193 0
194 0
195 0
196 0
197 0
198 0
199 0
200 0
201 0
202 0
203 0
204 1
205 0
206 0
207 1
208 0
209 0
210 0
211 1
212 0
213 2
214 0
215 0
216 0
217 0
218 0
219 0
220 0
221 0
222 0
223 0
224 0
225 0
226 0
227 0
228 0
229 1
230 0
231 0
232 1
233 0
234 0
235 0
236 0
237 0
238 0
239 1
240 0
241 0
242 0
243 0
244 0
245 0
246 0
247 0
248 0
249 0
250 0
251 0
252 0
253 0
254 0
255 0
256 0
257 0
258 0
259 0
260 0
261 0
262 0
263 0
264 0
265 0
266 0
267 0
268 0
269 0
270 0
271 0
272 0
273 0
274 0
275 0
276 0
277 0
278 0
279 0
280 1
281 0
282 0
283 0
284 0
285 0
286 0
287 0
288 0
289 0
290 0
291 0
292 0
293 0
294 0
295 0
296 0
297 0
298 0
299 0
300 0
301 0
302 0
303 0
304 0
305 0
306 0
307 0
308 0
309 0
310 0
311 0
312 0
313 0
314 0
315 0
316 0
317 0
318 0
319 1
320 0
321 0
322 0
323 0
324 0
325 0
326 0
327 0
328 0
329 0
330 0
331 0
332 0
333 0
334 0
335 0
336 0
337 0
338 0
339 0
340 0
341 0
342 0
343 0
344 1
345 0
346 1
347 0
348 0
349 0
350 0
351 0
352 0
353 0
354 0
355 0
356 0
357 0
358 0
359 0
360 0
361 0
362 2
363 1
364 1
365 1
366 1
367 0
368 0
369 0
370 1
371 1
372 0
373 1
374 0
375 1
376 0
377 0
378 1
379 0
380 1
381 2
382 0
383 3
384 1
385 0
386 1
387 1
388 0
389 1
390 1
391 2
392 1
393 1
394 1
395 0
396 0
397 1
398 0
399 0
400 0
401 1
402 1
403 1
404 0
405 0
406 0
407 1
408 2
409 0
410 1
411 0
412 0
413 0
414 0
415 0
416 0
417 0
418 0
419 1
420 0
421 1
422 1
423 0
424 1
425 1
426 1
427 2
428 1
429 2
430 1
431 0
432 1
433 2
434 1
435 0
436 2
437 3
438 2
439 1
440 1
441 2
442 1
443 1
444 1
445 1
446 2
447 1
448 1
449 1
450 0
451 0
452 1
453 0
454 2
455 0
456 1
457 1
458 2
459 1
460 1
461 2
462 2
463 1
464 1
465 1
466 1
467 2
468 0
469 1
470 1
471 1
472 1
473 1
474 0
475 1
476 1
477 0
478 1
479 1
480 0
481 1
482 1
483 1
484 1
485 2
486 0
487 0
488 1
489 2
490 0
491 0
492 0
493 2
494 1
495 0
496 1
497 2
498 1
499 1
500 1
501 1
502 0
503 0
504 0
505 0
506 2
507 0
508 0
509 0
510 0
511 1
512 0
513 0
514 0
515 0
516 1
517 0
518 0
519 1
520 0
521 0
522 0
523 0
524 1
525 1
526 0
527 2
528 2
529 3
530 2
531 2
532 2
533 2
534 1
535 2
536 3
537 1
538 0
539 2
540 1
541 0
542 1
543 2
544 1
545 1
546 1
547 2
548 1
549 0
550 3
551 2
552 1
553 0
554 2
555 2
556 1
557 1
558 1
559 1
560 0
561 1
562 1
563 0
564 0
565 0
566 0
567 2
568 2
569 3
570 1
571 0
572 0
573 0
574 0
575 0
576 1
577 2
578 1
579 1
580 3
581 1
582 1
583 0
584 0
585 0
586 1
587 0
588 2
589 1
590 2
591 3
592 1
593 2
594 1
595 1
596 3
597 0
598 1
599 0
600 2
601 2
602 2
603 2
604 1
605 2
606 1
607 0
608 0
609 1
610 2
611 2
612 1
613 2
614 2
615 2
616 0
617 0
618 0
619 0
620 0
621 0
622 1
623 0
624 0
625 0
626 0
627 2
628 2
629 0
630 0
631 0
632 0
633 0
634 0
635 0
636 0
637 0
638 0
639 0
640 0
641 0
642 0
643 0
644 1
645 0
646 0
647 1
648 0
649 0
650 0
651 1
652 2
653 1
654 0
655 1
656 2
657 2
658 2
659 1
660 1
661 2
662 1
663 0
664 0
665 2
666 0
667 0
668 0
669 0
670 0
671 0
672 0
673 1
674 0
675 0
676 1
677 1
678 1
679 0
680 1
681 1
682 0
683 2
684 1
685 1
686 2
687 1
688 0
689 0
690 0
691 1
692 1
693 0
694 1
695 2
696 1
697 0
698 1
699 1
700 1
701 0
702 0
703 0
704 0
705 0
706 0
707 0
708 0
709 0
710 0
711 0
712 0
713 0
714 0
715 1
716 0
717 0
718 1
719 0
720 0
721 0
722 0
723 0
724 0
725 0
726 0
727 0
728 0
729 0
730 0
731 0
732 0
733 0
734 0
735 0
736 0
737 0
738 0
739 0
740 0
741 0
742 0
743 0
744 0
745 0
746 0
747 0
748 0
749 0
750 0
751 0
752 0
753 0
754 0
755 0
756 0
757 0
758 0
759 0
760 0
761 0
762 0
763 0
764 0
765 0
766 0
767 0
768 0
769 0
770 0
771 0
772 0
773 0
774 0
775 0
776 0
777 0
778 1
779 0
780 0
781 0
782 0
783 0
784 0
785 0
786 1
787 0
788 0
789 0
790 0
791 0
792 0
793 0
794 0
795 0
796 0
797 0
798 0
799 0
800 0
801 0
802 0
803 0
804 0
805 0
806 0
807 0
808 0
809 0
810 0
811 0
812 0
813 0
814 0
815 0
816 0
817 0
818 0
819 0
820 0
821 0
822 0
823 0
824 0
825 0
826 1
827 2
828 1
829 2
830 1
831 2
832 2
833 2
834 2
835 2
836 0
837 1
838 1
839 3
840 2
841 2
842 1
843 1
844 2
845 2
846 1
847 3
848 2
849 2
850 0
851 0
852 0
853 1
854 0
855 0
856 0
857 0
858 1
859 0
860 2
861 2
862 3
863 3
864 3
865 2
866 2
867 2
868 3
869 1
870 2
871 1
872 1
873 2
874 2
875 2
876 2
877 2
878 2
879 2
880 1
881 1
882 1
883 1
884 1
885 0
886 1
887 2
888 2
889 2
890 1
891 1
892 1
893 0
894 1
895 1
896 1
897 1
898 2
899 1
900 2
901 1
902 2
903 0
904 1
905 1
906 1
907 1
908 1
909 1
910 1
911 1
912 1
913 2
914 1
915 0
916 1
917 1
918 2
919 2
920 1
921 0
922 1
923 1
924 1
925 1
926 1
927 0
928 1
929 1
930 0
931 1
932 0
933 1
934 1
935 1
936 1
937 0
938 0
939 2
940 1
941 1
942 0
943 2
944 1
945 0
946 0
947 1
948 0
949 1
950 1
951 0
952 0
953 0
954 0
955 0
956 0
957 1
958 0
959 0
960 0
961 0
962 0
963 0
964 0
965 1
966 0
967 0
968 1
969 1
970 0
971 0
972 0
973 0
974 1
975 0
976 1
977 1
978 1
979 3
980 2
981 2
982 2
983 3
984 1
985 1
986 2
987 2
988 2
989 2
990 2
991 1
992 2
993 2
994 2
995 1
996 2
997 3
998 3
999 2
1000 1
1001 1
1002 2
1003 1
1004 1
1005 1
1006 2
1007 1
1008 1
1009 1
1010 2
1011 1
1012 2
1013 1
1014 2
1015 1
1016 2
1017 0
1018 2
1019 1
1020 2
1021 1
1022 2
1023 2
1024 2
1025 2
1026 2
1027 2
1028 1
1029 1
1030 3
1031 1
1032 0
1033 2
1034 1
1035 2
1036 3
1037 2
1038 2
1039 2
1040 1
1041 1
1042 2
1043 0
1044 0
1045 1
1046 2
1047 2
1048 2
1049 2
1050 1
1051 1
1052 1
1053 2
1054 1
1055 1
1056 1
1057 1
1058 1
1059 2
1060 1
1061 1
1062 1
1063 2
1064 1
1065 1
1066 2
1067 2
1068 1
1069 2
1070 1
1071 0
1072 1
1073 1
1074 1
1075 1
1076 2
1077 1
1078 1
1079 2
1080 1
1081 0
1082 1
1083 1
1084 1
1085 1
1086 2
1087 2
1088 1
1089 2
1090 1
1091 2
1092 2
1093 2
1094 1
1095 1
1096 1
1097 2
1098 2
1099 0
1100 2
1101 1
1102 0
1103 0
1104 1
1105 1
1106 1
1107 1
1108 2
1109 1
1110 2
1111 1
1112 2
1113 2
1114 1
1115 1
1116 2
1117 2
1118 2
1119 2
1120 2
1121 1
1122 2
1123 2
1124 2
1125 0
1126 1
1127 1
1128 1
1129 2
1130 1
1131 1
1132 1
1133 1
1134 1
1135 1
1136 1
1137 0
1138 1
1139 2
1140 1
1141 2
1142 1
1143 0
1144 1
1145 2
1146 1
1147 1
1148 1
1149 1
1150 1
1151 1
1152 1
1153 2
1154 0
1155 2
1156 1
1157 2
1158 1
1159 0
1160 2
1161 1
1162 1
1163 1
1164 1
1165 1
1166 1
1167 0
1168 2
1169 1
1170 2
1171 2
1172 1
1173 2
1174 1
1175 1
1176 2
1177 1
1178 1
1179 1
1180 1
1181 1
1182 1
1183 1
1184 1
1185 1
1186 1
1187 1
1188 2
1189 1
1190 2
1191 1
1192 1
1193 1
1194 1
1195 1
1196 1
1197 0
1198 1
1199 1
1200 1
1201 1
1202 0
1203 1
1204 2
1205 2
1206 1
1207 1
1208 1
1209 1
1210 1
1211 1
1212 2
1213 1
1214 0
1215 2
1216 1
1217 2
1218 3
1219 1
1220 1
1221 1
1222 1
1223 2
1224 1
1225 1
1226 1
1227 2
1228 1
1229 2
1230 2
1231 1
1232 2
1233 1
1234 1
1235 2
1236 2
1237 1
1238 2
1239 1
1240 0
1241 1
1242 1
1243 1
1244 1
1245 2
1246 1
1247 1
1248 0
1249 1
1250 1
1251 1
1252 1
1253 2
1254 1
1255 0
1256 2
1257 1
1258 0
1259 1
1260 0
1261 1
1262 0
1263 1
1264 1
1265 2
1266 1
1267 2
1268 2
1269 0
1270 2
1271 1
1272 2
1273 1
1274 2
1275 1
1276 1
1277 1
1278 2
1279 1
1280 1
1281 2
1282 1
1283 2
1284 1
1285 1
1286 1
1287 2
1288 2
1289 2
1290 1
1291 1
1292 3
1293 0
1294 2
1295 2
1296 3
1297 2
1298 1
1299 2
1300 1
1301 1
1302 2
1303 1
1304 1
1305 1
1306 1
1307 2
1308 0
1309 2
1310 1
1311 1
1312 2
1313 1
1314 2
1315 1
1316 2
1317 2
1318 1
1319 2
1320 2
1321 2
1322 1
1323 2
1324 0
1325 0
1326 0
1327 0
1328 0
1329 0
1330 2
1331 1
1332 2
1333 1
1334 0
1335 1
1336 0
1337 1
1338 0
1339 1
1340 1
1341 1
1342 1
1343 2
1344 2
1345 1
1346 2
1347 2
1348 2
1349 1
1350 1
1351 0
1352 2
1353 1
1354 2
1355 2
1356 2
1357 2
1358 1
1359 2
1360 2
1361 2
1362 2
1363 1
1364 1
1365 2
1366 1
1367 2
1368 2
1369 0
1370 2
1371 3
1372 1
1373 1
1374 2
1375 2
1376 1
1377 2
1378 1
1379 2
1380 3
1381 0
1382 1
1383 0
1384 0
1385 1
1386 0
1387 0
1388 0
1389 0
1390 2
1391 2
1392 2
1393 1
1394 1
1395 2
1396 2
1397 1
1398 2
1399 2
1400 1
1401 1
1402 1
1403 1
1404 2
1405 1
1406 0
1407 2
1408 1
1409 3
1410 2
1411 1
1412 2
1413 1
1414 1
1415 1
1416 2
1417 2
1418 2
1419 3
1420 1
1421 1
1422 1
1423 2
1424 1
1425 2
1426 1
1427 2
1428 2
1429 1
1430 2
1431 2
1432 1
1433 2
1434 1
1435 1
1436 1
1437 2
1438 2
1439 2
1440 1
1441 2
1442 1
1443 2
1444 2
1445 0
1446 1
1447 2
1448 2
1449 1
1450 2
1451 1
1452 1
1453 1
1454 2
1455 1
1456 4
1457 1
1458 2
1459 2
1460 2
1461 2
1462 1
1463 1
1464 2
1465 1
1466 1
1467 2
1468 2
1469 0
1470 3
1471 2
1472 1
1473 1
1474 1
1475 2
1476 2
1477 2
1478 1
1479 1
1480 2
1481 1
1482 2
1483 2
1484 0
1485 1
1486 3
1487 1
1488 1
1489 1
1490 2
1491 2
1492 0
1493 3
1494 1
1495 1
1496 2
1497 2
1498 2
1499 0
1500 0
1501 0
1502 0
1503 0
1504 0
1505 0
1506 1
1507 0
1508 0
1509 0
1510 0
1511 0
1512 0
1513 0
1514 0
1515 1
1516 1
1517 1
1518 0
1519 0
1520 0
1521 1
1522 1
1523 2
1524 2
1525 2
1526 2
1527 2
1528 2
1529 2
1530 2
1531 1
1532 2
1533 1
1534 2
1535 2
1536 2
1537 2
1538 2
1539 2
1540 1
1541 3
1542 2
1543 2
1544 1
1545 2
1546 2
1547 1
1548 1
1549 3
1550 0
1551 1
1552 1
1553 1
1554 1
1555 1
1556 1
1557 1
1558 2
1559 0
1560 1
1561 0
1562 2
1563 1
1564 1
1565 1
1566 1
1567 1
1568 1
1569 2
1570 2
1571 2
1572 2
1573 2
1574 1
1575 2
1576 2
1577 1
1578 1
1579 2
1580 1
1581 3
1582 2
1583 2
1584 2
1585 2
1586 3
1587 2
1588 3
1589 3
1590 3
1591 2
1592 2
1593 1
1594 2
1595 2
1596 3
1597 2
1598 2
1599 3
1600 2
1601 1
1602 2
1603 3
1604 2
1605 0
1606 2
1607 3
1608 1
1609 2
1610 0
1611 3
1612 1
1613 3
1614 1
1615 2
1616 2
1617 2
1618 2
1619 2
1620 2
1621 2
1622 2
1623 2
1624 3
1625 1
1626 1
1627 1
1628 1
1629 2
1630 2
1631 2
1632 2
1633 1
1634 2
1635 2
1636 2
1637 1
1638 2
1639 2
1640 2
1641 1
1642 3
1643 2
1644 1
1645 2
1646 2
1647 1
1648 1
1649 2
1650 1
1651 2
1652 1
1653 3
1654 2
1655 1
1656 1
1657 2
1658 1
1659 2
1660 1
1661 2
1662 2
1663 2
1664 2
1665 2
1666 2
1667 2
1668 2
1669 2
1670 2
1671 2
1672 1
1673 2
1674 2
1675 2
1676 2
1677 2
1678 2
1679 1
1680 0
1681 2
1682 2
1683 2
1684 2
1685 1
1686 1
1687 1
1688 1
1689 0
1690 0
1691 2
1692 2
1693 0
1694 1
1695 2
1696 2
1697 3
1698 2
1699 0
1700 2
1701 2
1702 1
1703 1
1704 1
1705 1
1706 2
1707 0
1708 1
1709 1
1710 1
1711 0
1712 0
1713 1
1714 0
1715 0
1716 0
1717 0
1718 0
1719 0
1720 0
1721 1
1722 0
1723 0
1724 2
1725 2
1726 0
1727 0
1728 0
1729 0
1730 0
1731 1
1732 1
1733 0
1734 1
1735 0
1736 0
1737 0
1738 2
1739 0
1740 0
1741 1
1742 0
1743 0
1744 0
1745 0
1746 0
1747 0
1748 0
1749 0
1750 0
1751 0
1752 0
1753 0
1754 1
1755 0
1756 0
1757 0
1758 0
1759 0
1760 0
1761 0
1762 0
1763 0
1764 0
1765 1
1766 0
1767 0
1768 0
1769 0
1770 0
1771 0
1772 0
1773 0
1774 0
1775 0
1776 0
1777 0
1778 0
1779 0
1780 0
1781 0
1782 0
1783 0
1784 0
1785 1
1786 0
1787 0
1788 2
1789 2
1790 1
1791 2
1792 0
1793 0
1794 0
1795 0
1796 0
1797 0
1798 0
1799 0
1800 0
1801 0
1802 0
1803 0
1804 0
1805 0
1806 0
1807 0
1808 0
1809 0
1810 0
1811 0
1812 0
1813 0
1814 0
1815 0
1816 0
1817 0
1818 0
1819 0
1820 0
1821 0
1822 0
1823 0
1824 0
1825 0
1826 0
1827 2
1828 0
1829 0
1830 0
1831 0
1832 0
1833 0
1834 0
1835 0
1836 0
1837 0
1838 0
1839 0
1840 0
1841 0
1842 0
1843 0
1844 0
1845 0
1846 0
1847 0
1848 0
1849 0
1850 0
1851 0
1852 0
1853 0
1854 0
1855 0
1856 0
1857 0
1858 0
1859 0
1860 0
1861 0
1862 0
1863 0
1864 0
1865 0
1866 0
1867 1
1868 1
1869 0
1870 0
1871 0
1872 0
1873 0
1874 0
1875 0
1876 0
1877 0
1878 0
1879 0
1880 0
1881 0
1882 0
1883 0
1884 0
1885 0
1886 0
1887 0
1888 0
1889 0
1890 0
1891 0
1892 0
1893 0
1894 0
1895 0
1896 0
1897 0
1898 0
1899 0
1900 0
1901 0
1902 0
1903 2
1904 1
1905 0
1906 1
1907 1
1908 1
1909 0
1910 1
1911 1
1912 2
1913 1
1914 1
1915 1
1916 0
1917 1
1918 0
1919 2
1920 0
1921 1
1922 1
1923 2
1924 0
1925 1
1926 0
1927 0
1928 0
1929 0
1930 1
1931 2
1932 0
1933 0
1934 0
1935 0
1936 0
1937 0
1938 1
1939 0
1940 0
1941 0
1942 0
1943 1
1944 0
1945 0
1946 0
1947 0
1948 0
1949 0
1950 0
1951 0
1952 0
1953 0
1954 1
1955 0
1956 1
1957 2
1958 1
1959 1
1960 1
1961 1
1962 0
1963 1
1964 1
1965 1
1966 1
1967 3
1968 1
1969 1
1970 1
1971 1
1972 0
1973 1
1974 2
1975 2
1976 1
1977 1
1978 3
1979 2
1980 1
1981 3
1982 1
1983 2
1984 0
1985 2
1986 2
1987 2
1988 2
1989 1
1990 0
1991 1
1992 0
1993 2
1994 3
1995 1
1996 1
1997 0
1998 1
1999 0
