0 1
1 1
2 1
3 2
4 2
5 1
6 2
7 2
8 1
9 2
10 2
11 3
12 3
13 2
14 1
15 1
16 2
17 2
18 2
19 0
20 1
21 0
22 1
23 1
24 1
25 0
26 1
27 1
28 1
29 1
30 1
31 1
32 1
33 1
34 1
35 1
36 1
37 1
38 1
39 1
40 1
41 1
42 1
43 1
44 1
45 0
46 1
47 1
48 1
49 2
50 2
51 1
52 1
53 0
54 1
55 1
56 1
57 1
58 1
59 1
60 0
61 1
62 1
63 1
64 1
65 1
66 1
67 0
68 1
69 1
70 1
71 1
72 1
73 1
74 1
75 1
76 1
77 1
78 0
79 1
80 0
81 1
82 0
83 2
84 1
85 1
86 1
87 0
88 2
89 1
90 1
91 1
92 1
93 1
94 1
95 1
96 0
97 2
98 1
99 1
100 1
101 1
102 1
103 0
104 0
105 1
106 1
107 1
108 1
109 1
110 0
111 1
112 1
113 0
114 1
115 1
116 1
117 1
118 1
119 1
120 1
121 1
122 0
123 1
124 1
125 1
126 1
127 1
128 0
129 1
130 1
131 0
132 2
133 1
134 1
135 0
136 1
137 0
138 1
139 0
140 0
141 1
142 1
143 0
144 1
145 1
146 0
147 1
148 2
149 0
150 1
151 0
152 0
153 0
154 1
155 0
156 0
157 0
158 0
159 0
160 0
161 1
162 1
163 1
164 1
165 3
166 0
167 0
168 1
169 0
170 1
171 1
172 0
173 0
174 0
175 0
176 0
177 0
178 0
179 1
180 1
181 1
182 2
183 2
184 0
185 1
186 1
187 1
188 1
189 2
190 2
191 2
192 1
193 1
194 1
195 1
196 1
197 1
198 1
199 1
200 1
201 1
202 0
203 1
204 1
205 1
206 1
207 1
208 2
209 1
210 1
211 1
212 2
213 3
214 1
215 2
216 2
217 2
218 1
219 1
220 3
221 1
222 1
223 1
224 1
225 1
226 2
227 1
228 1
229 1
230 1
231 1
232 1
233 1
234 1
235 1
236 1
237 0
238 1
239 1
240 1
241 1
242 1
243 1
244 1
245 1
246 1
247 2
248 1
249 1
250 0
251 2
252 1
253 2
254 1
255 1
256 1
257 1
258 1
259 1
260 1
261 1
262 1
263 1
264 1
265 1
266 1
267 1
268 1
269 1
270 1
271 1
272 1
273 1
274 2
275 1
276 1
277 1
278 1
279 3
280 1
281 1
282 1
283 1
284 1
285 0
286 1
287 1
288 0
289 1
290 1
291 2
292 2
293 1
294 1
295 1
296 1
297 0
298 1
299 1
300 0
301 0
302 0
303 0
304 0
305 0
306 0
307 0
308 0
309 0
310 1
311 0
312 0
313 0
314 0
315 0
316 0
317 0
318 1
319 0
320 0
321 0
322 0
323 0
324 0
325 0
326 0
327 0
328 0
329 0
330 0
331 0
332 0
333 0
334 0
335 0
336 0
337 0
338 0
339 0
340 1
341 0
342 0
343 2
344 1
345 0
346 1
347 1
348 1
349 1
350 0
351 0
352 0
353 1
354 1
355 0
356 1
357 1
358 1
359 2
360 1
361 0
362 1
363 1
364 1
365 1
366 1
367 1
368 2
369 2
370 1
371 2
372 1
373 0
374 1
375 1
376 0
377 0
378 0
379 1
380 1
381 1
382 1
383 1
384 2
385 2
386 1
387 1
388 2
389 1
390 1
391 1
392 1
393 1
394 2
395 3
396 3
397 1
398 0
399 2
400 1
401 2
402 1
403 1
404 0
405 1
406 3
407 1
408 1
409 0
410 1
411 2
412 2
413 0
414 1
415 1
416 0
417 1
418 1
419 0
420 1
421 1
422 0
423 0
424 3
425 2
426 1
427 3
428 2
429 2
430 0
431 0
432 2
433 0
434 0
435 1
436 0
437 1
438 1
439 0
440 2
441 1
442 1
443 1
444 1
445 2
446 2
447 2
448 2
449 0
450 0
451 1
452 0
453 1
454 0
455 1
456 2
457 1
458 0
459 0
460 0
461 2
462 2
463 3
464 2
465 2
466 2
467 1
468 2
469 1
470 2
471 2
472 1
473 1
474 2
475 2
476 2
477 2
478 2
479 1
480 2
481 1
482 2
483 2
484 1
485 1
486 0
487 2
488 0
489 1
490 2
491 0
492 0
493 1
494 0
495 1
496 1
497 2
498 1
499 3
500 2
501 0
502 0
503 1
504 3
505 2
506 3
507 1
508 1
509 1
510 0
511 0
512 1
513 0
514 0
515 2
516 0
517 0
518 1
519 0
520 0
521 0
522 0
523 2
524 2
525 1
526 0
527 0
528 0
529 0
530 0
531 0
532 0
533 0
534 0
535 1
536 1
537 1
538 0
539 0
540 0
541 0
542 0
543 2
544 1
545 2
546 0
547 2
548 2
549 0
550 0
551 2
552 2
553 1
554 1
555 1
556 0
557 0
558 0
559 2
560 1
561 1
562 0
563 1
564 2
565 2
566 1
567 0
568 1
569 0
570 0
571 0
572 0
573 1
574 0
575 1
576 0
577 0
578 1
579 0
580 2
581 1
582 0
583 0
584 0
585 0
586 1
587 0
588 1
589 2
590 0
591 0
592 0
593 0
594 0
595 1
596 0
597 0
598 0
599 1
600 1
601 1
602 0
603 1
604 2
605 1
606 1
607 2
608 0
609 2
610 1
611 1
612 2
613 2
614 1
615 1
616 1
617 0
618 2
619 2
620 2
621 1
622 2
623 2
624 1
625 2
626 1
627 0
628 0
629 2
630 1
631 2
632 1
633 1
634 2
635 1
636 1
637 0
638 2
639 0
640 1
641 0
642 1
643 1
644 2
645 2
646 0
647 0
648 0
649 1
650 1
651 0
652 0
653 0
654 0
655 0
656 0
657 0
658 0
659 0
660 0
661 1
662 2
663 1
664 0
665 0
666 1
667 0
668 1
669 0
670 1
671 1
672 0
673 1
674 0
675 1
676 1
677 0
678 0
679 1
680 0
681 0
682 1
683 0
684 0
685 3
686 1
687 0
688 1
689 2
690 2
691 0
692 0
693 2
694 1
695 0
696 0
697 0
698 2
699 0
700 0
701 1
702 1
703 2
704 1
705 0
706 0
707 0
708 0
709 0
710 2
711 1
712 0
713 0
714 1
715 1
716 2
717 1
718 0
719 1
720 1
721 0
722 0
723 0
724 1
725 0
726 0
727 0
728 0
729 0
730 0
731 3
732 0
733 0
734 0
735 0
736 1
737 0
738 1
739 2
740 2
741 1
742 1
743 1
744 2
745 0
746 2
747 0
748 1
749 2
750 0
751 1
752 1
753 1
754 1
755 1
756 1
757 0
758 0
759 0
760 3
761 0
762 0
763 0
764 0
765 0
766 0
767 0
768 0
769 0
770 0
771 2
772 1
773 1
774 0
775 1
776 1
777 0
778 1
779 0
780 1
781 2
782 1
783 1
784 0
785 0
786 3
787 2
788 2
789 3
790 1
791 0
792 0
793 0
794 0
795 0
796 1
797 0
798 0
799 0
800 0
801 0
802 0
803 0
804 0
805 0
806 0
807 0
808 2
809 1
810 1
811 0
812 1
813 0
814 0
815 0
816 1
817 0
818 1
819 1
820 2
821 1
822 2
823 2
824 3
825 1
826 2
827 1
828 1
829 1
830 1
831 1
832 1
833 0
834 1
835 2
836 1
837 1
838 1
839 0
840 1
841 2
842 1
843 2
844 0
845 3
846 2
847 0
848 1
849 1
850 1
851 1
852 1
853 1
854 0
855 0
856 0
857 1
858 2
859 0
860 1
861 1
862 1
863 1
864 0
865 1
866 1
867 0
868 0
869 0
870 0
871 1
872 0
873 0
874 0
875 1
876 1
877 2
878 1
879 0
880 1
881 2
882 0
883 1
884 3
885 1
886 1
887 1
888 0
889 1
890 0
891 1
892 1
893 2
894 2
895 1
896 0
897 1
898 0
899 0
900 1
901 1
902 0
903 1
904 1
905 1
906 1
907 1
908 1
909 1
910 1
911 1
912 1
913 1
914 1
915 1
916 0
917 1
918 1
919 1
920 1
921 2
922 1
923 1
924 1
925 1
926 2
927 1
928 1
929 1
930 2
931 2
932 2
933 1
934 1
935 3
936 1
937 2
938 3
939 0
940 0
941 0
942 0
943 0
944 2
945 1
946 0
947 1
948 0
949 0
950 1
951 2
952 3
953 1
954 2
955 1
956 2
957 0
958 1
959 0
960 0
961 0
962 0
963 0
964 0
965 0
966 0
967 0
968 2
969 2
970 3
971 0
972 3
973 1
974 0
975 0
976 3
977 0
978 0
979 0
980 1
981 3
982 0
983 0
984 0
985 0
986 1
987 0
988 1
989 2
990 1
991 0
992 1
993 0
994 2
995 1
996 0
997 1
998 0
999 1
1000 1
1001 0
1002 0
1003 0
1004 0
1005 0
1006 0
1007 0
1008 0
1009 1
1010 1
1011 1
1012 0
1013 2
1014 1
1015 1
1016 2
1017 1
1018 0
1019 1
1020 2
1021 1
1022 1
1023 2
1024 1
1025 1
1026 2
1027 2
1028 2
1029 2
1030 3
1031 4
1032 2
1033 1
1034 2
1035 1
1036 0
1037 1
1038 0
1039 1
1040 2
1041 0
1042 2
1043 2
1044 2
1045 2
1046 1
1047 3
1048 1
1049 3
1050 2
1051 1
1052 0
1053 1
1054 1
1055 1
1056 1
1057 0
1058 3
1059 0
1060 2
1061 0
1062 0
1063 0
1064 1
1065 1
1066 0
1067 3
1068 0
1069 1
1070 1
1071 1
1072 2
1073 2
1074 2
1075 1
1076 2
1077 1
1078 2
1079 2
1080 1
1081 3
1082 2
1083 2
1084 1
1085 2
1086 2
1087 4
1088 1
1089 1
1090 1
1091 1
1092 1
1093 2
1094 3
1095 2
1096 2
1097 2
1098 1
1099 1
1100 2
1101 1
1102 2
1103 1
1104 1
1105 1
1106 2
1107 1
1108 2
1109 0
1110 0
1111 1
1112 1
1113 2
1114 1
1115 0
1116 2
1117 2
1118 2
1119 2
1120 1
1121 2
1122 2
1123 2
1124 0
1125 2
1126 2
1127 1
1128 2
1129 2
1130 1
1131 2
1132 1
1133 1
1134 0
1135 1
1136 2
1137 3
1138 2
1139 1
1140 2
1141 1
1142 1
1143 2
1144 0
1145 1
1146 1
1147 1
1148 3
1149 1
1150 2
1151 2
1152 2
1153 1
1154 2
1155 2
1156 0
1157 0
1158 2
1159 1
1160 1
1161 1
1162 1
1163 1
1164 0
1165 0
1166 1
1167 0
1168 0
1169 0
1170 1
1171 1
1172 0
1173 1
1174 1
1175 2
1176 1
1177 1
1178 1
1179 2
1180 2
1181 1
1182 1
1183 1
1184 2
1185 2
1186 1
1187 1
1188 2
1189 3
1190 3
1191 3
1192 3
1193 2
1194 2
1195 0
1196 1
1197 1
1198 1
1199 2
1200 2
1201 1
1202 2
1203 0
1204 2
1205 1
1206 3
1207 1
1208 1
1209 2
1210 1
1211 2
1212 1
1213 2
1214 2
1215 3
1216 3
1217 4
1218 2
1219 3
1220 2
1221 2
1222 3
1223 3
1224 2
1225 2
1226 3
1227 1
1228 2
1229 1
1230 2
1231 2
1232 2
1233 2
1234 2
1235 1
1236 1
1237 1
1238 1
1239 1
1240 1
1241 2
1242 2
1243 1
1244 1
1245 1
1246 1
1247 0
1248 1
1249 2
1250 2
1251 1
1252 2
1253 1
1254 2
1255 2
1256 0
1257 1
1258 2
1259 1
1260 1
1261 2
1262 1
1263 1
1264 1
1265 1
1266 1
1267 1
1268 1
1269 1
1270 1
1271 1
1272 1
1273 1
1274 1
1275 1
1276 1
1277 2
1278 1
1279 1
1280 1
1281 1
1282 2
1283 0
1284 1
1285 1
1286 2
1287 3
1288 3
1289 3
1290 1
1291 2
1292 4
1293 2
1294 2
1295 2
1296 2
1297 1
1298 2
1299 2
1300 1
1301 1
1302 1
1303 3
1304 2
1305 1
1306 2
1307 1
1308 1
1309 1
1310 0
1311 1
1312 2
1313 2
1314 1
1315 1
1316 0
1317 0
1318 0
1319 1
1320 1
1321 2
1322 1
1323 3
1324 1
1325 3
1326 3
1327 2
1328 2
1329 2
1330 2
1331 1
1332 2
1333 2
1334 2
1335 1
1336 1
1337 1
1338 2
1339 2
1340 1
1341 0
1342 2
1343 1
1344 1
1345 2
1346 2
1347 2
1348 1
1349 2
1350 1
1351 2
1352 2
1353 1
1354 1
1355 1
1356 1
1357 1
1358 2
1359 1
1360 2
1361 1
1362 2
1363 2
1364 2
1365 2
1366 2
1367 2
1368 2
1369 2
1370 2
1371 2
1372 1
1373 2
1374 2
1375 4
1376 2
1377 2
1378 1
1379 1
1380 3
1381 1
1382 2
1383 3
1384 1
1385 3
1386 1
1387 1
1388 2
1389 2
1390 1
1391 0
1392 1
1393 1
1394 2
1395 1
1396 1
1397 1
1398 1
1399 1
1400 1
1401 1
1402 1
1403 1
1404 1
1405 0
1406 1
1407 1
1408 2
1409 2
1410 1
1411 1
1412 1
1413 1
1414 1
1415 3
1416 3
1417 3
1418 1
1419 2
1420 2
1421 0
1422 0
1423 2
1424 2
1425 2
1426 2
1427 2
1428 2
1429 2
1430 1
1431 3
1432 1
1433 1
1434 1
1435 1
1436 2
1437 1
1438 0
1439 2
1440 2
1441 1
1442 2
1443 2
1444 1
1445 1
1446 2
1447 3
1448 0
1449 2
1450 2
1451 4
1452 1
1453 1
1454 1
1455 3
1456 2
1457 2
1458 0
1459 2
1460 1
1461 1
1462 2
1463 1
1464 0
1465 1
1466 2
1467 2
1468 1
1469 3
1470 2
1471 2
1472 2
1473 1
1474 0
1475 0
1476 2
1477 2
1478 1
1479 1
1480 2
1481 2
1482 1
1483 3
1484 2
1485 1
1486 1
1487 1
1488 1
1489 1
1490 1
1491 2
1492 1
1493 1
1494 1
1495 1
1496 1
1497 1
1498 1
1499 1
1500 0
1501 2
1502 0
1503 2
1504 1
1505 1
1506 2
1507 2
1508 1
1509 1
1510 2
1511 0
1512 3
1513 2
1514 2
1515 0
1516 1
1517 2
1518 1
1519 1
1520 1
1521 2
1522 2
1523 4
1524 0
1525 0
1526 1
1527 1
1528 1
1529 3
1530 2
1531 1
1532 0
1533 1
1534 1
1535 2
1536 2
1537 1
1538 2
1539 0
1540 2
1541 2
1542 2
1543 1
1544 1
1545 1
1546 2
1547 2
1548 2
1549 3
1550 2
1551 1
1552 2
1553 2
1554 2
1555 2
1556 2
1557 1
1558 1
1559 1
1560 1
1561 1
1562 1
1563 1
1564 1
1565 1
1566 1
1567 1
1568 1
1569 1
1570 3
1571 2
1572 2
1573 2
1574 1
1575 2
1576 1
1577 1
1578 2
1579 2
1580 0
1581 2
1582 1
1583 0
1584 1
1585 1
1586 2
1587 1
1588 0
1589 1
1590 1
1591 2
1592 2
1593 0
1594 3
1595 2
1596 2
1597 1
1598 1
1599 3
1600 2
1601 3
1602 3
1603 3
1604 0
1605 2
1606 3
1607 2
1608 2
1609 1
1610 1
1611 2
1612 1
1613 0
1614 1
1615 1
1616 1
1617 2
1618 2
1619 1
1620 1
1621 1
1622 3
1623 0
1624 0
1625 0
1626 0
1627 0
1628 0
1629 0
1630 1
1631 0
1632 1
1633 1
1634 2
1635 1
1636 1
1637 1
1638 1
1639 1
1640 1
1641 1
1642 1
1643 2
1644 2
1645 2
1646 3
1647 2
1648 1
1649 1
1650 2
1651 1
1652 2
1653 1
1654 2
1655 2
1656 2
1657 1
1658 2
1659 2
1660 1
1661 2
1662 2
1663 2
1664 2
1665 2
1666 3
1667 1
1668 1
1669 1
1670 1
1671 0
1672 0
1673 0
1674 2
1675 0
1676 1
1677 0
1678 1
1679 0
1680 0
1681 1
1682 0
1683 1
1684 0
1685 1
1686 1
1687 0
1688 2
1689 0
1690 2
1691 2
1692 2
1693 1
1694 0
1695 1
1696 1
1697 1
1698 2
1699 0
1700 4
1701 1
1702 1
1703 0
1704 0
1705 1
1706 0
1707 2
1708 1
1709 2
1710 2
1711 2
1712 2
1713 2
1714 0
1715 0
1716 0
1717 0
1718 0
1719 0
1720 1
1721 1
1722 1
1723 2
1724 0
1725 0
1726 0
1727 1
1728 0
1729 1
1730 0
1731 1
1732 1
1733 0
1734 1
1735 1
1736 1
1737 0
1738 0
1739 0
1740 0
1741 1
1742 1
1743 1
1744 1
1745 4
1746 0
1747 0
1748 0
1749 0
1750 1
1751 0
1752 1
1753 1
1754 1
1755 0
1756 1
1757 1
1758 1
1759 1
1760 0
1761 0
1762 0
1763 0
1764 1
1765 1
1766 1
1767 2
1768 1
1769 1
1770 1
1771 2
1772 1
1773 1
1774 2
1775 1
1776 1
1777 1
1778 1
1779 1
1780 2
1781 0
1782 2
1783 0
1784 1
1785 2
1786 1
1787 2
1788 1
1789 2
1790 3
1791 5
1792 1
1793 2
1794 1
1795 3
1796 3
1797 2
1798 3
1799 2
1800 1
1801 2
1802 1
1803 2
1804 1
1805 3
1806 2
1807 2
1808 0
1809 2
1810 3
1811 3
1812 3
1813 1
1814 1
1815 2
1816 0
1817 3
1818 1
1819 0
1820 1
1821 3
1822 2
1823 3
1824 1
1825 2
1826 2
1827 2
1828 2
1829 3
1830 2
1831 1
1832 3
1833 3
1834 4
1835 2
1836 0
1837 3
1838 1
1839 3
1840 1
1841 1
1842 2
1843 0
1844 1
1845 2
1846 0
1847 0
1848 1
1849 2
1850 1
1851 0
1852 0
1853 2
1854 2
1855 1
1856 0
1857 1
1858 1
1859 1
1860 0
1861 1
1862 1
1863 0
1864 1
1865 1
1866 1
1867 3
1868 1
1869 1
1870 1
1871 1
1872 1
1873 1
1874 2
1875 3
1876 0
1877 0
1878 0
1879 1
1880 1
1881 1
1882 1
1883 1
1884 1
1885 0
1886 1
1887 1
1888 2
1889 1
1890 1
1891 1
1892 1
1893 1
1894 2
1895 1
1896 1
1897 0
1898 4
1899 3
1900 0
1901 2
1902 1
1903 2
1904 1
1905 2
1906 1
1907 0
1908 1
1909 2
1910 1
1911 0
1912 0
1913 0
1914 0
1915 0
1916 0
1917 0
1918 1
1919 0
1920 0
1921 0
1922 0
1923 0
1924 1
1925 1
1926 2
1927 1
1928 1
1929 0
1930 2
1931 0
1932 1
1933 3
1934 2
1935 2
1936 2
1937 2
1938 1
1939 2
1940 3
1941 1
1942 2
1943 1
1944 1
1945 1
1946 2
1947 2
1948 2
1949 0
1950 1
1951 1
1952 2
1953 2
1954 1
1955 1
1956 2
1957 2
1958 1
1959 2
1960 2
1961 2
1962 1
1963 1
1964 0
1965 1
1966 0
1967 1
1968 1
1969 0
1970 0
1971 0
1972 1
1973 0
1974 0
1975 0
1976 1
1977 0
1978 0
1979 1
1980 1
1981 0
1982 1
1983 0
1984 0
1985 0
1986 2
1987 1
1988 0
1989 0
1990 0
1991 1
1992 1
1993 0
1994 0
1995 0
1996 2
1997 1
1998 0
1999 2
