0 0
1 1
2 1
3 1
4 2
5 1
6 0
7 1
8 1
9 1
10 1
11 1
12 1
13 3
14 0
15 0
16 2
17 1
18 1
19 0
20 1
21 1
22 2
23 3
24 3
25 3
26 0
27 2
28 0
29 0
30 0
31 0
32 0
33 1
34 0
35 1
36 0
37 0
38 0
39 1
40 0
41 1
42 0
43 1
44 1
45 0
46 0
47 0
48 1
49 0
50 0
51 2
52 2
53 0
54 0
55 1
56 1
57 2
58 0
59 0
60 0
61 0
62 0
63 0
64 0
65 0
66 0
67 0
68 0
69 1
70 1
71 1
72 3
73 2
74 0
75 1
76 0
77 1
78 1
79 2
80 0
81 0
82 3
83 1
84 2
85 2
86 0
87 1
88 1
89 0
90 1
91 3
92 1
93 1
94 1
95 2
96 1
97 1
98 2
99 0
100 1
101 0
102 0
103 0
104 0
105 1
106 0
107 0
108 2
109 0
110 1
111 2
112 1
113 1
114 3
115 0
116 0
117 1
118 1
119 1
120 0
121 1
122 0
123 0
124 0
125 0
126 0
127 0
128 0
129 1
130 1
131 0
132 0
133 0
134 2
135 0
136 1
137 1
138 1
139 1
140 0
141 0
142 2
143 1
144 1
145 2
146 0
147 0
148 0
149 0
150 2
151 1
152 2
153 0
154 2
155 1
156 1
157 0
158 0
159 1
160 1
161 0
162 0
163 0
164 0
165 0
166 1
167 0
168 1
169 0
170 0
171 0
172 0
173 0
174 1
175 0
176 1
177 0
178 2
179 0
180 0
181 1
182 2
183 2
184 1
185 1
186 1
187 1
188 1
189 3
190 0
191 1
192 1
193 0
194 0
195 1
196 1
197 1
198 1
199 1
200 1
201 1
202 1
203 0
204 1
205 1
206 1
207 1
208 0
209 0
210 0
211 0
212 0
213 1
214 1
215 1
216 1
217 0
218 1
219 1
220 2
221 1
222 1
223 1
224 1
225 1
226 1
227 2
228 0
229 1
230 2
231 1
232 0
233 0
234 0
235 1
236 1
237 2
238 2
239 1
240 1
241 2
242 0
243 2
244 1
245 2
246 1
247 1
248 0
249 1
250 0
251 1
252 1
253 0
254 1
255 0
256 1
257 0
258 1
259 0
260 0
261 0
262 1
263 2
264 1
265 1
266 1
267 1
268 1
269 0
270 1
271 0
272 2
273 1
274 0
275 2
276 1
277 3
278 0
279 4
280 1
281 0
282 1
283 2
284 1
285 0
286 1
287 1
288 1
289 2
290 1
291 1
292 2
293 0
294 2
295 2
296 1
297 1
298 0
299 0
300 0
301 0
302 1
303 1
304 0
305 2
306 1
307 1
308 2
309 2
310 0
311 1
312 1
313 0
314 0
315 0
316 0
317 0
318 2
319 1
320 0
321 0
322 0
323 1
324 1
325 1
326 0
327 0
328 1
329 0
330 1
331 1
332 0
333 2
334 0
335 0
336 1
337 0
338 0
339 1
340 0
341 0
342 1
343 1
344 1
345 0
346 1
347 0
348 1
349 1
350 0
351 0
352 0
353 0
354 1
355 0
356 2
357 1
358 0
359 0
360 1
361 2
362 1
363 1
364 1
365 1
366 1
367 0
368 1
369 2
370 1
371 1
372 1
373 2
374 1
375 1
376 1
377 0
378 0
379 0
380 1
381 0
382 0
383 0
384 0
385 0
386 0
387 0
388 0
389 0
390 0
391 0
392 0
393 1
394 0
395 0
396 1
397 1
398 0
399 0
400 1
401 0
402 0
403 0
404 1
405 0
406 0
407 1
408 0
409 0
410 0
411 0
412 0
413 0
414 0
415 0
416 0
417 1
418 1
419 1
420 1
421 1
422 0
423 1
424 0
425 0
426 0
427 1
428 0
429 0
430 0
431 0
432 0
433 2
434 0
435 1
436 1
437 0
438 0
439 0
440 1
441 1
442 1
443 0
444 0
445 0
446 0
447 0
448 0
449 0
450 1
451 1
452 1
453 1
454 0
455 0
456 0
457 1
458 1
459 0
460 0
461 0
462 0
463 0
464 0
465 0
466 0
467 0
468 0
469 0
470 0
471 0
472 0
473 0
474 0
475 0
476 0
477 0
478 0
479 0
480 0
481 0
482 0
483 0
484 0
485 0
486 0
487 0
488 0
489 0
490 0
491 0
492 0
493 0
494 0
495 0
496 0
497 0
498 0
499 1
500 1
501 0
502 0
503 0
504 0
505 0
506 3
507 2
508 0
509 0
510 0
511 0
512 0
513 1
514 0
515 0
516 0
517 0
518 0
519 0
520 0
521 0
522 1
523 0
524 0
525 0
526 0
527 0
528 0
529 0
530 0
531 0
532 1
533 0
534 0
535 0
536 0
537 0
538 0
539 0
540 0
541 0
542 1
543 0
544 0
545 1
546 0
547 0
548 1
549 0
550 0
551 0
552 1
553 0
554 1
555 0
556 0
557 0
558 1
559 0
560 2
561 0
562 2
563 1
564 2
565 1
566 1
567 1
568 0
569 1
570 2
571 0
572 3
573 0
574 3
575 1
576 0
577 0
578 0
579 0
580 0
581 1
582 2
583 0
584 1
585 0
586 1
587 2
588 1
589 2
590 1
591 0
592 0
593 0
594 1
595 1
596 1
597 0
598 1
599 2
600 0
601 1
602 0
603 2
604 1
605 0
606 0
607 2
608 0
609 1
610 1
611 1
612 0
613 0
614 2
615 1
616 2
617 1
618 0
619 0
620 0
621 0
622 0
623 3
624 0
625 0
626 1
627 0
628 1
629 1
630 1
631 0
632 0
633 1
634 1
635 0
636 0
637 2
638 0
639 0
640 0
641 0
642 1
643 1
644 0
645 0
646 0
647 0
648 1
649 1
650 1
651 1
652 0
653 0
654 1
655 2
656 0
657 2
658 0
659 0
660 1
661 2
662 0
663 2
664 0
665 0
666 0
667 2
668 0
669 1
670 2
671 0
672 0
673 1
674 1
675 0
676 1
677 2
678 1
679 0
680 1
681 1
682 0
683 1
684 0
685 1
686 0
687 0
688 1
689 1
690 0
691 1
692 0
693 1
694 2
695 1
696 1
697 0
698 0
699 1
700 1
701 0
702 0
703 2
704 1
705 1
706 0
707 0
708 1
709 1
710 0
711 1
712 0
713 1
714 1
715 2
716 1
717 0
718 3
719 1
720 0
721 1
722 0
723 1
724 1
725 2
726 0
727 2
728 2
729 1
730 3
731 1
732 1
733 0
734 1
735 0
736 2
737 3
738 0
739 0
740 0
741 1
742 0
743 0
744 0
745 0
746 1
747 0
748 1
749 1
750 1
751 2
752 0
753 3
754 0
755 0
756 0
757 0
758 1
759 0
760 0
761 0
762 0
763 0
764 1
765 1
766 1
767 1
768 1
769 1
770 2
771 1
772 1
773 1
774 1
775 1
776 1
777 1
778 1
779 1
780 0
781 0
782 1
783 0
784 1
785 3
786 2
787 0
788 2
789 1
790 1
791 3
792 1
793 1
794 1
795 1
796 1
797 1
798 1
799 1
800 2
801 1
802 1
803 0
804 1
805 2
806 1
807 3
808 2
809 1
810 2
811 1
812 0
813 2
814 0
815 2
816 2
817 1
818 1
819 1
820 0
821 1
822 2
823 1
824 0
825 1
826 0
827 0
828 1
829 2
830 1
831 0
832 2
833 3
834 3
835 1
836 2
837 1
838 0
839 1
840 0
841 1
842 3
843 2
844 3
845 1
846 1
847 2
848 3
849 1
850 1
851 0
852 0
853 2
854 2
855 3
856 0
857 1
858 1
859 2
860 2
861 2
862 2
863 1
864 0
865 2
866 1
867 0
868 2
869 3
870 0
871 2
872 2
873 0
874 1
875 0
876 2
877 2
878 1
879 2
880 0
881 2
882 1
883 2
884 1
885 0
886 1
887 2
888 2
889 3
890 2
891 2
892 0
893 1
894 0
895 0
896 0
897 0
898 1
899 0
900 1
901 0
902 1
903 0
904 0
905 1
906 1
907 0
908 0
909 2
910 0
911 0
912 2
913 0
914 0
915 1
916 0
917 1
918 0
919 1
920 0
921 1
922 0
923 1
924 0
925 3
926 1
927 1
928 0
929 1
930 0
931 0
932 2
933 1
934 1
935 1
936 2
937 1
938 1
939 0
940 2
941 0
942 1
943 0
944 1
945 0
946 0
947 0
948 1
949 0
950 1
951 0
952 0
953 1
954 0
955 2
956 0
957 0
958 0
959 0
960 1
961 0
962 1
963 0
964 1
965 2
966 0
967 1
968 2
969 0
970 1
971 1
972 1
973 1
974 2
975 1
976 1
977 1
978 1
979 0
980 1
981 0
982 0
983 0
984 1
985 0
986 1
987 1
988 0
989 1
990 1
991 1
992 1
993 1
994 1
995 0
996 0
997 0
998 0
999 0
1000 0
1001 0
1002 1
1003 1
1004 0
1005 2
1006 1
1007 2
1008 1
1009 1
1010 0
1011 1
1012 2
1013 0
1014 1
1015 0
1016 1
1017 1
1018 0
1019 1
1020 1
1021 2
1022 3
1023 1
1024 0
1025 0
1026 1
1027 0
1028 1
1029 0
1030 1
1031 0
1032 1
1033 1
1034 0
1035 1
1036 1
1037 1
1038 1
1039 1
1040 0
1041 1
1042 0
1043 1
1044 1
1045 0
1046 2
1047 1
1048 0
1049 1
1050 1
1051 1
1052 0
1053 0
1054 0
1055 2
1056 0
1057 1
1058 0
1059 3
1060 0
1061 2
1062 0
1063 0
1064 1
1065 0
1066 2
1067 0
1068 0
1069 1
1070 1
1071 0
1072 0
1073 0
1074 0
1075 0
1076 0
1077 0
1078 1
1079 0
1080 0
1081 1
1082 0
1083 0
1084 1
1085 0
1086 1
1087 0
1088 0
1089 0
1090 0
1091 0
1092 0
1093 1
1094 1
1095 0
1096 0
1097 1
1098 0
1099 0
1100 1
1101 0
1102 0
1103 0
1104 2
1105 0
1106 0
1107 2
1108 1
1109 0
1110 0
1111 0
1112 0
1113 1
1114 0
1115 0
1116 0
1117 1
1118 0
1119 1
1120 1
1121 1
1122 2
1123 0
1124 0
1125 0
1126 0
1127 0
1128 0
1129 0
1130 0
1131 1
1132 0
1133 1
1134 1
1135 0
1136 1
1137 1
1138 0
1139 2
1140 1
1141 0
1142 0
1143 1
1144 0
1145 2
1146 0
1147 2
1148 1
1149 0
1150 0
1151 0
1152 1
1153 0
1154 2
1155 0
1156 2
1157 1
1158 0
1159 1
1160 1
1161 0
1162 0
1163 2
1164 0
1165 1
1166 1
1167 0
1168 0
1169 0
1170 0
1171 0
1172 0
1173 1
1174 1
1175 0
1176 0
1177 0
1178 1
1179 2
1180 2
1181 0
1182 2
1183 1
1184 1
1185 0
1186 0
1187 0
1188 1
1189 3
1190 0
1191 1
1192 2
1193 1
1194 2
1195 1
1196 0
1197 1
1198 2
1199 0
1200 1
1201 1
1202 2
1203 1
1204 1
1205 2
1206 0
1207 0
1208 1
1209 0
1210 0
1211 0
1212 0
1213 0
1214 0
1215 2
1216 0
1217 0
1218 0
1219 0
1220 0
1221 1
1222 0
1223 0
1224 0
1225 1
1226 0
1227 1
1228 0
1229 0
1230 0
1231 0
1232 3
1233 0
1234 1
1235 1
1236 0
1237 1
1238 0
1239 1
1240 1
1241 0
1242 1
1243 0
1244 0
1245 1
1246 0
1247 0
1248 1
1249 0
1250 0
1251 0
1252 0
1253 0
1254 1
1255 0
1256 0
1257 0
1258 2
1259 1
1260 0
1261 1
1262 0
1263 0
1264 0
1265 1
1266 0
1267 1
1268 1
1269 0
1270 0
1271 1
1272 1
1273 1
1274 1
1275 1
1276 0
1277 0
1278 0
1279 0
1280 0
1281 0
1282 1
1283 0
1284 0
1285 1
1286 0
1287 0
1288 0
1289 0
1290 1
1291 1
1292 1
1293 1
1294 0
1295 0
1296 1
1297 1
1298 2
1299 0
1300 0
1301 0
1302 0
1303 1
1304 0
1305 1
1306 2
1307 2
1308 1
1309 1
1310 0
1311 1
1312 2
1313 1
1314 1
1315 1
1316 1
1317 1
1318 1
1319 0
1320 1
1321 1
1322 0
1323 1
1324 1
1325 0
1326 0
1327 1
1328 0
1329 0
1330 1
1331 3
1332 0
1333 0
1334 1
1335 0
1336 0
1337 0
1338 0
1339 0
1340 0
1341 1
1342 0
1343 1
1344 1
1345 1
1346 1
1347 2
1348 0
1349 2
1350 0
1351 1
1352 0
1353 0
1354 0
1355 0
1356 0
1357 0
1358 1
1359 0
1360 0
1361 0
1362 0
1363 1
1364 1
1365 0
1366 1
1367 2
1368 2
1369 2
1370 0
1371 1
1372 1
1373 0
1374 2
1375 0
1376 1
1377 0
1378 1
1379 1
1380 0
1381 1
1382 0
1383 0
1384 2
1385 2
1386 1
1387 2
1388 2
1389 2
1390 2
1391 1
1392 1
1393 0
1394 2
1395 1
1396 1
1397 2
1398 3
1399 2
1400 1
1401 1
1402 1
1403 1
1404 1
1405 2
1406 1
1407 1
1408 0
1409 2
1410 2
1411 1
1412 1
1413 2
1414 1
1415 1
1416 2
1417 1
1418 1
1419 2
1420 1
1421 1
1422 2
1423 1
1424 2
1425 2
1426 2
1427 1
1428 1
1429 1
1430 0
1431 1
1432 1
1433 3
1434 0
1435 2
1436 0
1437 3
1438 2
1439 1
1440 1
1441 1
1442 1
1443 1
1444 3
1445 1
1446 1
1447 1
1448 1
1449 1
1450 2
1451 0
1452 0
1453 1
1454 0
1455 1
1456 1
1457 2
1458 2
1459 1
1460 1
1461 2
1462 1
1463 1
1464 0
1465 1
1466 0
1467 1
1468 2
1469 0
1470 1
1471 2
1472 2
1473 2
1474 0
1475 1
1476 2
1477 2
1478 2
1479 0
1480 1
1481 1
1482 1
1483 0
1484 2
1485 2
1486 1
1487 1
1488 2
1489 1
1490 2
1491 2
1492 2
1493 1
1494 3
1495 2
1496 1
1497 1
1498 2
1499 1
1500 3
1501 2
1502 0
1503 1
1504 0
1505 2
1506 2
1507 0
1508 1
1509 2
1510 3
1511 2
1512 3
1513 2
1514 3
1515 2
1516 1
1517 3
1518 2
1519 2
1520 1
1521 2
1522 3
1523 0
1524 2
1525 1
1526 1
1527 2
1528 2
1529 1
1530 3
1531 2
1532 0
1533 0
1534 1
1535 0
1536 0
1537 1
1538 1
1539 1
1540 1
1541 1
1542 1
1543 1
1544 1
1545 0
1546 2
1547 1
1548 0
1549 1
1550 1
1551 1
1552 1
1553 2
1554 1
1555 1
1556 1
1557 1
1558 1
1559 1
1560 2
1561 2
1562 1
1563 0
1564 0
1565 2
1566 2
1567 1
1568 2
1569 1
1570 1
1571 0
1572 1
1573 0
1574 1
1575 0
1576 1
1577 0
1578 1
1579 1
1580 1
1581 1
1582 1
1583 2
1584 2
1585 0
1586 0
1587 1
1588 1
1589 0
1590 0
1591 1
1592 0
1593 1
1594 1
1595 1
1596 1
1597 1
1598 1
1599 1
1600 1
1601 1
1602 1
1603 1
1604 1
1605 1
1606 3
1607 1
1608 1
1609 4
1610 0
1611 1
1612 1
1613 1
1614 2
1615 1
1616 1
1617 2
1618 1
1619 2
1620 1
1621 1
1622 1
1623 1
1624 2
1625 0
1626 1
1627 0
1628 1
1629 2
1630 2
1631 2
1632 1
1633 2
1634 0
1635 1
1636 1
1637 1
1638 1
1639 2
1640 0
1641 2
1642 1
1643 1
1644 1
1645 2
1646 1
1647 1
1648 2
1649 1
1650 1
1651 1
1652 1
1653 0
1654 2
1655 1
1656 2
1657 0
1658 1
1659 1
1660 1
1661 1
1662 2
1663 0
1664 0
1665 0
1666 1
1667 1
1668 0
1669 1
1670 0
1671 0
1672 0
1673 0
1674 0
1675 1
1676 1
1677 1
1678 3
1679 1
1680 2
1681 0
1682 1
1683 0
1684 2
1685 1
1686 1
1687 1
1688 1
1689 1
1690 2
1691 0
1692 1
1693 0
1694 3
1695 1
1696 0
1697 0
1698 1
1699 0
1700 1
1701 0
1702 1
1703 1
1704 0
1705 2
1706 1
1707 1
1708 0
1709 2
1710 0
1711 2
1712 1
1713 1
1714 1
1715 1
1716 0
1717 0
1718 1
1719 0
1720 0
1721 1
1722 1
1723 0
1724 0
1725 1
1726 0
1727 1
1728 0
1729 0
1730 0
1731 0
1732 0
1733 0
1734 1
1735 1
1736 2
1737 1
1738 1
1739 1
1740 2
1741 1
1742 0
1743 1
1744 1
1745 1
1746 1
1747 1
1748 0
1749 2
1750 1
1751 2
1752 1
1753 1
1754 1
1755 1
1756 2
1757 2
1758 0
1759 1
1760 1
1761 0
1762 0
1763 1
1764 2
1765 0
1766 1
1767 1
1768 1
1769 0
1770 1
1771 0
1772 1
1773 1
1774 1
1775 1
1776 2
1777 1
1778 1
1779 2
1780 1
1781 2
1782 0
1783 1
1784 1
1785 1
1786 1
1787 2
1788 1
1789 1
1790 1
1791 1
1792 1
1793 2
1794 2
1795 1
1796 0
1797 3
1798 0
1799 1
1800 1
1801 1
1802 2
1803 1
1804 1
1805 2
1806 1
1807 1
1808 1
1809 1
1810 2
1811 1
1812 0
1813 0
1814 1
1815 0
1816 1
1817 0
1818 2
1819 0
1820 2
1821 1
1822 2
1823 1
1824 0
1825 1
1826 1
1827 1
1828 2
1829 1
1830 1
1831 0
1832 2
1833 1
1834 3
1835 2
1836 3
1837 1
1838 1
1839 2
1840 0
1841 2
1842 1
1843 1
1844 0
1845 3
1846 1
1847 1
1848 1
1849 0
1850 1
1851 1
1852 1
1853 1
1854 2
1855 0
1856 2
1857 1
1858 2
1859 2
1860 1
1861 0
1862 1
1863 1
1864 1
1865 2
1866 1
1867 2
1868 2
1869 1
1870 2
1871 1
1872 2
1873 2
1874 2
1875 0
1876 2
1877 1
1878 2
1879 2
1880 0
1881 0
1882 2
1883 1
1884 1
1885 2
1886 1
1887 1
1888 3
1889 1
1890 2
1891 2
1892 0
1893 1
1894 1
1895 1
1896 3
1897 2
1898 1
1899 1
1900 1
1901 1
1902 1
1903 1
1904 1
1905 1
1906 3
1907 1
1908 1
1909 1
1910 2
1911 3
1912 2
1913 1
1914 1
1915 1
1916 1
1917 0
1918 1
1919 0
1920 2
1921 1
1922 0
1923 1
1924 1
1925 1
1926 1
1927 1
1928 1
1929 2
1930 1
1931 1
1932 1
1933 1
1934 1
1935 1
1936 2
1937 1
1938 3
1939 1
1940 1
1941 0
1942 1
1943 2
1944 2
1945 1
1946 2
1947 1
1948 1
1949 0
1950 1
1951 1
1952 1
1953 1
1954 0
1955 1
1956 1
1957 1
1958 1
1959 1
1960 1
1961 1
1962 1
1963 1
1964 1
1965 0
1966 1
1967 1
1968 0
1969 0
1970 0
1971 1
1972 0
1973 1
1974 1
1975 1
1976 0
1977 1
1978 1
1979 1
1980 2
1981 1
1982 2
1983 1
1984 1
1985 0
1986 0
1987 1
1988 0
1989 0
1990 0
1991 1
1992 1
1993 1
1994 3
1995 1
1996 1
1997 2
1998 1
1999 0
