0 0
1 0
2 0
3 1
4 0
5 0
6 0
7 0
8 0
9 0
10 1
11 0
12 0
13 1
14 1
15 0
16 0
17 0
18 0
19 0
20 0
21 0
22 0
23 1
24 1
25 1
26 0
27 0
28 0
29 0
30 1
31 1
32 1
33 1
34 2
35 1
36 0
37 2
38 1
39 0
40 1
41 0
42 0
43 1
44 2
45 1
46 0
47 3
48 2
49 2
50 3
51 0
52 0
53 2
54 0
55 3
56 2
57 0
58 0
59 0
60 2
61 0
62 0
63 1
64 1
65 0
66 1
67 2
68 2
69 1
70 1
71 0
72 1
73 1
74 0
75 1
76 3
77 2
78 1
79 1
80 1
81 0
82 0
83 1
84 2
85 1
86 0
87 0
88 1
89 1
90 2
91 1
92 1
93 1
94 1
95 1
96 0
97 0
98 0
99 1
100 0
101 1
102 1
103 0
104 0
105 2
106 1
107 0
108 1
109 1
110 1
111 1
112 1
113 1
114 1
115 2
116 1
117 1
118 2
119 2
120 1
121 3
122 1
123 2
124 1
125 0
126 0
127 0
128 1
129 2
130 0
131 0
132 1
133 0
134 1
135 0
136 0
137 0
138 0
139 1
140 0
141 0
142 2
143 0
144 1
145 0
146 0
147 0
148 0
149 0
150 1
151 0
152 0
153 0
154 2
155 1
156 1
157 0
158 1
159 0
160 0
161 1
162 1
163 1
164 1
165 0
166 1
167 1
168 1
169 0
170 1
171 0
172 0
173 0
174 0
175 0
176 1
177 0
178 1
179 0
180 1
181 0
182 0
183 1
184 1
185 1
186 0
187 2
188 3
189 0
190 1
191 1
192 0
193 0
194 0
195 2
196 1
197 0
198 0
199 0
200 0
201 0
202 0
203 0
204 0
205 0
206 0
207 1
208 0
209 0
210 0
211 0
212 0
213 0
214 0
215 0
216 0
217 0
218 0
219 0
220 0
221 0
222 0
223 0
224 0
225 0
226 1
227 1
228 0
229 1
230 1
231 0
232 0
233 0
234 0
235 0
236 0
237 0
238 0
239 0
240 0
241 0
242 0
243 0
244 0
245 1
246 0
247 2
248 0
249 0
250 0
251 0
252 0
253 0
254 0
255 0
256 0
257 0
258 2
259 1
260 0
261 0
262 0
263 0
264 0
265 1
266 1
267 1
268 1
269 1
270 0
271 2
272 1
273 2
274 1
275 1
276 1
277 2
278 1
279 0
280 1
281 1
282 1
283 0
284 0
285 0
286 1
287 0
288 0
289 1
290 2
291 0
292 1
293 1
294 2
295 0
296 1
297 0
298 2
299 2
300 1
301 0
302 0
303 0
304 2
305 0
306 0
307 0
308 0
309 0
310 1
311 2
312 0
313 0
314 0
315 0
316 1
317 0
318 0
319 0
320 1
321 0
322 2
323 1
324 2
325 1
326 0
327 0
328 2
329 3
330 2
331 3
332 2
333 2
334 0
335 1
336 0
337 1
338 0
339 0
340 0
341 1
342 1
343 0
344 4
345 3
346 2
347 2
348 0
349 1
350 1
351 4
352 2
353 2
354 2
355 2
356 2
357 0
358 0
359 2
360 0
361 2
362 1
363 0
364 3
365 2
366 2
367 3
368 3
369 2
370 2
371 3
372 4
373 1
374 3
375 1
376 3
377 1
378 2
379 3
380 1
381 2
382 3
383 3
384 4
385 3
386 4
387 2
388 2
389 0
390 3
391 0
392 3
393 0
394 3
395 1
396 3
397 1
398 3
399 3
400 2
401 3
402 0
403 2
404 1
405 0
406 1
407 0
408 0
409 0
410 1
411 0
412 1
413 1
414 1
415 0
416 0
417 0
418 0
419 0
420 1
421 1
422 2
423 1
424 3
425 2
426 2
427 2
428 3
429 1
430 2
431 2
432 2
433 1
434 3
435 1
436 1
437 1
438 2
439 1
440 2
441 2
442 2
443 2
444 1
445 2
446 2
447 1
448 4
449 3
450 2
451 3
452 1
453 2
454 3
455 2
456 2
457 2
458 1
459 2
460 3
461 2
462 1
463 2
464 3
465 3
466 1
467 3
468 2
469 2
470 2
471 1
472 2
473 3
474 1
475 2
476 1
477 0
478 1
479 3
480 2
481 3
482 1
483 2
484 3
485 0
486 2
487 3
488 1
489 1
490 1
491 2
492 2
493 2
494 2
495 2
496 2
497 1
498 2
499 0
500 2
501 2
502 2
503 1
504 2
505 1
506 2
507 3
508 1
509 1
510 2
511 2
512 1
513 1
514 2
515 3
516 4
517 1
518 1
519 1
520 2
521 3
522 1
523 1
524 1
525 3
526 1
527 1
528 1
529 0
530 1
531 1
532 2
533 2
534 1
535 1
536 2
537 0
538 1
539 0
540 1
541 1
542 1
543 2
544 2
545 1
546 1
547 2
548 2
549 1
550 2
551 1
552 1
553 0
554 1
555 1
556 1
557 1
558 1
559 2
560 1
561 1
562 1
563 0
564 2
565 2
566 1
567 4
568 2
569 1
570 3
571 3
572 2
573 1
574 1
575 1
576 3
577 2
578 3
579 2
580 1
581 3
582 1
583 1
584 2
585 2
586 2
587 0
588 3
589 2
590 3
591 1
592 1
593 2
594 1
595 1
596 1
597 2
598 2
599 1
600 1
601 3
602 0
603 1
604 1
605 0
606 3
607 1
608 1
609 2
610 2
611 1
612 1
613 2
614 1
615 1
616 2
617 2
618 2
619 2
620 1
621 1
622 2
623 2
624 2
625 1
626 1
627 0
628 2
629 2
630 1
631 1
632 0
633 1
634 1
635 1
636 2
637 1
638 1
639 1
640 1
641 1
642 2
643 2
644 2
645 1
646 1
647 2
648 1
649 0
650 2
651 1
652 2
653 1
654 2
655 2
656 0
657 1
658 2
659 2
660 0
661 1
662 2
663 1
664 1
665 1
666 0
667 2
668 2
669 2
670 0
671 2
672 2
673 1
674 1
675 2
676 2
677 2
678 3
679 2
680 2
681 2
682 2
683 0
684 0
685 1
686 1
687 0
688 0
689 0
690 2
691 2
692 0
693 0
694 3
695 1
696 1
697 2
698 1
699 2
700 4
701 0
702 0
703 1
704 1
705 1
706 0
707 1
708 1
709 1
710 2
711 1
712 1
713 2
714 1
715 0
716 1
717 1
718 0
719 0
720 1
721 2
722 3
723 2
724 0
725 0
726 1
727 1
728 1
729 0
730 1
731 0
732 1
733 1
734 0
735 2
736 2
737 1
738 1
739 2
740 2
741 1
742 0
743 0
744 0
745 2
746 1
747 3
748 0
749 0
750 0
751 0
752 0
753 0
754 0
755 0
756 1
757 1
758 0
759 0
760 0
761 0
762 0
763 0
764 1
765 0
766 2
767 1
768 1
769 1
770 1
771 1
772 2
773 1
774 1
775 1
776 0
777 0
778 0
779 1
780 0
781 0
782 1
783 0
784 0
785 0
786 1
787 2
788 3
789 2
790 2
791 0
792 0
793 0
794 1
795 1
796 2
797 1
798 0
799 1
800 0
801 2
802 2
803 0
804 1
805 1
806 1
807 2
808 0
809 0
810 0
811 0
812 0
813 0
814 0
815 0
816 0
817 0
818 0
819 0
820 0
821 0
822 0
823 1
824 1
825 0
826 2
827 1
828 1
829 2
830 2
831 1
832 0
833 1
834 0
835 2
836 2
837 2
838 1
839 2
840 0
841 2
842 1
843 0
844 1
845 1
846 2
847 2
848 1
849 1
850 0
851 0
852 1
853 1
854 1
855 1
856 1
857 1
858 1
859 1
860 1
861 0
862 1
863 0
864 1
865 1
866 1
867 0
868 0
869 0
870 0
871 0
872 1
873 1
874 0
875 0
876 0
877 0
878 0
879 0
880 0
881 1
882 2
883 1
884 1
885 1
886 1
887 1
888 1
889 0
890 0
891 0
892 0
893 1
894 1
895 2
896 2
897 1
898 0
899 1
900 2
901 1
902 1
903 2
904 2
905 3
906 1
907 3
908 1
909 1
910 1
911 1
912 0
913 0
914 0
915 2
916 1
917 2
918 2
919 1
920 1
921 0
922 1
923 1
924 0
925 2
926 0
927 2
928 1
929 0
930 0
931 0
932 0
933 0
934 1
935 1
936 2
937 1
938 2
939 2
940 1
941 0
942 1
943 1
944 0
945 1
946 1
947 1
948 1
949 0
950 2
951 1
952 2
953 1
954 2
955 2
956 2
957 0
958 1
959 1
960 0
961 1
962 0
963 0
964 0
965 0
966 0
967 0
968 0
969 0
970 0
971 0
972 0
973 0
974 0
975 0
976 0
977 0
978 0
979 0
980 0
981 0
982 0
983 0
984 0
985 0
986 0
987 0
988 0
989 0
990 0
991 0
992 0
993 0
994 0
995 0
996 0
997 0
998 0
999 0
1000 0
1001 0
1002 0
1003 0
1004 0
1005 0
1006 0
1007 0
1008 0
1009 0
1010 0
1011 0
1012 0
1013 0
1014 0
1015 0
1016 0
1017 0
1018 0
1019 0
1020 0
1021 0
1022 0
1023 0
1024 0
1025 0
1026 0
1027 0
1028 0
1029 0
1030 0
1031 0
1032 0
1033 0
1034 0
1035 0
1036 0
1037 0
1038 0
1039 0
1040 0
1041 0
1042 0
1043 0
1044 0
1045 0
1046 0
1047 0
1048 0
1049 0
1050 0
1051 0
1052 0
1053 0
1054 0
1055 0
1056 0
1057 0
1058 0
1059 1
1060 0
1061 1
1062 1
1063 0
1064 2
1065 1
1066 0
1067 0
1068 0
1069 0
1070 0
1071 0
1072 0
1073 0
1074 0
1075 0
1076 0
1077 0
1078 0
1079 0
1080 0
1081 0
1082 0
1083 1
1084 2
1085 0
1086 0
1087 2
1088 0
1089 1
1090 1
1091 3
1092 2
1093 1
1094 1
1095 3
1096 2
1097 2
1098 0
1099 2
1100 0
1101 1
1102 0
1103 0
1104 2
1105 1
1106 0
1107 0
1108 0
1109 0
1110 0
1111 2
1112 2
1113 1
1114 0
1115 0
1116 0
1117 0
1118 0
1119 0
1120 0
1121 0
1122 0
1123 0
1124 0
1125 0
1126 0
1127 2
1128 2
1129 1
1130 0
1131 2
1132 0
1133 1
1134 1
1135 0
1136 0
1137 2
1138 0
1139 2
1140 2
1141 0
1142 1
1143 0
1144 0
1145 0
1146 2
1147 0
1148 0
1149 0
1150 2
1151 0
1152 1
1153 1
1154 0
1155 0
1156 1
1157 0
1158 2
1159 2
1160 0
1161 1
1162 1
1163 1
1164 1
1165 1
1166 1
1167 1
1168 1
1169 1
1170 1
1171 1
1172 1
1173 1
1174 1
1175 1
1176 0
1177 1
1178 1
1179 1
1180 1
1181 1
1182 0
1183 0
1184 1
1185 1
1186 1
1187 1
1188 1
1189 1
1190 1
1191 1
1192 1
1193 1
1194 0
1195 1
1196 0
1197 1
1198 2
1199 0
1200 1
1201 1
1202 1
1203 1
1204 0
1205 1
1206 0
1207 2
1208 0
1209 1
1210 0
1211 1
1212 1
1213 1
1214 1
1215 0
1216 2
1217 1
1218 1
1219 2
1220 1
1221 2
1222 1
1223 1
1224 1
1225 1
1226 1
1227 0
1228 0
1229 1
1230 0
1231 1
1232 1
1233 1
1234 0
1235 1
1236 1
1237 0
1238 0
1239 2
1240 1
1241 2
1242 0
1243 1
1244 1
1245 0
1246 2
1247 1
1248 1
1249 1
1250 0
1251 1
1252 1
1253 1
1254 1
1255 0
1256 0
1257 1
1258 1
1259 1
1260 0
1261 0
1262 2
1263 0
1264 0
1265 1
1266 1
1267 1
1268 1
1269 1
1270 1
1271 1
1272 0
1273 1
1274 1
1275 1
1276 0
1277 1
1278 0
1279 0
1280 1
1281 2
1282 2
1283 1
1284 2
1285 1
1286 1
1287 1
1288 1
1289 0
1290 1
1291 1
1292 1
1293 1
1294 0
1295 1
1296 1
1297 0
1298 1
1299 1
1300 1
1301 1
1302 0
1303 0
1304 1
1305 0
1306 2
1307 1
1308 0
1309 1
1310 1
1311 2
1312 1
1313 0
1314 1
1315 1
1316 1
1317 1
1318 1
1319 1
1320 1
1321 1
1322 1
1323 1
1324 1
1325 0
1326 1
1327 1
1328 2
1329 1
1330 1
1331 1
1332 1
1333 0
1334 1
1335 0
1336 1
1337 0
1338 1
1339 1
1340 1
1341 1
1342 1
1343 1
1344 1
1345 1
1346 1
1347 1
1348 1
1349 1
1350 1
1351 0
1352 1
1353 1
1354 1
1355 2
1356 2
1357 1
1358 0
1359 1
1360 0
1361 1
1362 1
1363 0
1364 1
1365 0
1366 1
1367 1
1368 0
1369 0
1370 2
1371 2
1372 1
1373 1
1374 1
1375 0
1376 1
1377 0
1378 1
1379 0
1380 1
1381 2
1382 0
1383 1
1384 1
1385 1
1386 1
1387 1
1388 1
1389 0
1390 1
1391 1
1392 0
1393 1
1394 1
1395 1
1396 1
1397 1
1398 1
1399 1
1400 1
1401 1
1402 1
1403 0
1404 1
1405 1
1406 2
1407 1
1408 0
1409 0
1410 0
1411 0
1412 0
1413 0
1414 0
1415 0
1416 1
1417 0
1418 0
1419 2
1420 1
1421 2
1422 1
1423 1
1424 2
1425 0
1426 0
1427 1
1428 0
1429 1
1430 1
1431 1
1432 1
1433 1
1434 1
1435 1
1436 2
1437 0
1438 0
1439 1
1440 1
1441 1
1442 0
1443 0
1444 1
1445 2
1446 1
1447 1
1448 1
1449 0
1450 1
1451 1
1452 1
1453 1
1454 2
1455 1
1456 0
1457 1
1458 1
1459 1
1460 1
1461 1
1462 1
1463 0
1464 1
1465 1
1466 1
1467 0
1468 2
1469 0
1470 1
1471 1
1472 0
1473 1
1474 1
1475 1
1476 1
1477 1
1478 0
1479 0
1480 1
1481 0
1482 1
1483 0
1484 2
1485 1
1486 1
1487 1
1488 2
1489 1
1490 1
1491 0
1492 1
1493 0
1494 1
1495 1
1496 1
1497 2
1498 1
1499 1
1500 1
1501 0
1502 1
1503 2
1504 1
1505 1
1506 1
1507 1
1508 2
1509 0
1510 1
1511 1
1512 0
1513 1
1514 1
1515 0
1516 1
1517 1
1518 1
1519 0
1520 1
1521 1
1522 1
1523 1
1524 1
1525 2
1526 2
1527 1
1528 1
1529 1
1530 1
1531 1
1532 1
1533 1
1534 1
1535 3
1536 0
1537 0
1538 1
1539 0
1540 1
1541 0
1542 1
1543 1
1544 3
1545 1
1546 1
1547 1
1548 1
1549 0
1550 1
1551 0
1552 1
1553 0
1554 1
1555 1
1556 2
1557 2
1558 2
1559 2
1560 1
1561 0
1562 1
1563 0
1564 0
1565 1
1566 1
1567 1
1568 1
1569 1
1570 1
1571 2
1572 1
1573 1
1574 1
1575 0
1576 1
1577 1
1578 1
1579 1
1580 2
1581 2
1582 1
1583 1
1584 2
1585 1
1586 1
1587 1
1588 1
1589 1
1590 1
1591 1
1592 2
1593 0
1594 2
1595 1
1596 1
1597 1
1598 1
1599 1
1600 1
1601 1
1602 1
1603 1
1604 1
1605 1
1606 2
1607 1
1608 1
1609 1
1610 1
1611 1
1612 1
1613 1
1614 1
1615 1
1616 2
1617 2
1618 1
1619 2
1620 1
1621 1
1622 0
1623 1
1624 0
1625 2
1626 0
1627 2
1628 1
1629 1
1630 1
1631 1
1632 1
1633 1
1634 1
1635 1
1636 1
1637 1
1638 1
1639 1
1640 0
1641 0
1642 1
1643 1
1644 1
1645 0
1646 0
1647 0
1648 0
1649 0
1650 0
1651 0
1652 0
1653 0
1654 0
1655 0
1656 0
1657 0
1658 0
1659 0
1660 0
1661 0
1662 2
1663 2
1664 2
1665 0
1666 1
1667 2
1668 1
1669 1
1670 0
1671 2
1672 2
1673 2
1674 2
1675 2
1676 2
1677 1
1678 0
1679 1
1680 1
1681 2
1682 1
1683 2
1684 0
1685 1
1686 2
1687 1
1688 1
1689 1
1690 1
1691 1
1692 1
1693 1
1694 0
1695 1
1696 1
1697 0
1698 1
1699 1
1700 1
1701 0
1702 1
1703 0
1704 1
1705 1
1706 1
1707 0
1708 2
1709 0
1710 1
1711 0
1712 1
1713 0
1714 0
1715 0
1716 1
1717 1
1718 1
1719 2
1720 0
1721 0
1722 1
1723 1
1724 0
1725 0
1726 0
1727 0
1728 0
1729 0
1730 0
1731 0
1732 0
1733 0
1734 2
1735 1
1736 0
1737 2
1738 2
1739 2
1740 3
1741 0
1742 2
1743 1
1744 0
1745 1
1746 0
1747 0
1748 0
1749 1
1750 1
1751 0
1752 0
1753 0
1754 0
1755 0
1756 0
1757 0
1758 2
1759 0
1760 3
1761 1
1762 0
1763 1
1764 0
1765 0
1766 1
1767 0
1768 1
1769 1
1770 0
1771 0
1772 0
1773 0
1774 0
1775 0
1776 0
1777 0
1778 0
1779 0
1780 0
1781 0
1782 0
1783 0
1784 0
1785 0
1786 0
1787 0
1788 0
1789 0
1790 0
1791 0
1792 0
1793 0
1794 0
1795 0
1796 0
1797 0
1798 0
1799 0
1800 0
1801 0
1802 0
1803 0
1804 0
1805 0
1806 0
1807 0
1808 0
1809 1
1810 0
1811 0
1812 0
1813 0
1814 0
1815 0
1816 0
1817 2
1818 0
1819 0
1820 0
1821 0
1822 0
1823 0
1824 0
1825 0
1826 0
1827 0
1828 0
1829 0
1830 0
1831 0
1832 0
1833 0
1834 0
1835 0
1836 0
1837 0
1838 0
1839 0
1840 0
1841 0
1842 0
1843 0
1844 0
1845 0
1846 0
1847 0
1848 0
1849 0
1850 0
1851 0
1852 0
1853 1
1854 0
1855 0
1856 0
1857 0
1858 0
1859 0
1860 0
1861 0
1862 0
1863 0
1864 0
1865 0
1866 0
1867 0
1868 0
1869 0
1870 0
1871 0
1872 0
1873 0
1874 0
1875 0
1876 0
1877 0
1878 0
1879 0
1880 0
1881 0
1882 1
1883 0
1884 0
1885 1
1886 0
1887 0
1888 0
1889 1
1890 1
1891 1
1892 1
1893 0
1894 0
1895 1
1896 0
1897 0
1898 0
1899 0
1900 0
1901 0
1902 0
1903 0
1904 0
1905 0
1906 1
1907 2
1908 1
1909 2
1910 2
1911 1
1912 0
1913 3
1914 2
1915 1
1916 2
1917 0
1918 3
1919 1
1920 2
1921 0
1922 1
1923 0
1924 0
1925 0
1926 0
1927 0
1928 0
1929 0
1930 0
1931 0
1932 0
1933 0
1934 0
1935 0
1936 0
1937 0
1938 0
1939 0
1940 0
1941 0
1942 0
1943 0
1944 0
1945 0
1946 0
1947 0
1948 0
1949 0
1950 0
1951 0
1952 0
1953 0
1954 1
1955 1
1956 1
1957 0
1958 1
1959 0
1960 0
1961 0
1962 1
1963 0
1964 2
1965 0
1966 0
1967 0
1968 0
1969 0
1970 0
1971 0
1972 0
1973 0
1974 0
1975 0
1976 0
1977 0
1978 1
1979 0
1980 0
1981 0
1982 1
1983 0
1984 0
1985 0
1986 0
1987 0
1988 1
1989 1
1990 0
1991 0
1992 0
1993 0
1994 0
1995 1
1996 0
1997 0
1998 0
1999 0
