0 0
1 0
2 0
3 0
4 0
5 0
6 0
7 0
8 1
9 0
10 0
11 0
12 0
13 0
14 0
15 0
16 0
17 0
18 1
19 3
20 2
21 1
22 1
23 0
24 1
25 0
26 0
27 1
28 0
29 0
30 2
31 1
32 1
33 0
34 0
35 1
36 0
37 0
38 1
39 1
40 0
41 0
42 0
43 0
44 0
45 0
46 0
47 0
48 1
49 2
50 3
51 2
52 1
53 2
54 0
55 1
56 1
57 1
58 2
59 1
60 2
61 4
62 2
63 0
64 2
65 2
66 3
67 2
68 2
69 2
70 0
71 2
72 2
73 2
74 0
75 3
76 1
77 2
78 2
79 2
80 2
81 1
82 2
83 1
84 2
85 2
86 1
87 1
88 2
89 1
90 2
91 0
92 2
93 2
94 2
95 2
96 1
97 2
98 2
99 1
100 2
101 1
102 1
103 0
104 0
105 1
106 1
107 0
108 1
109 1
110 1
111 0
112 1
113 1
114 0
115 1
116 1
117 1
118 1
119 1
120 1
121 1
122 1
123 0
124 2
125 1
126 1
127 1
128 1
129 1
130 0
131 1
132 1
133 1
134 1
135 1
136 1
137 1
138 1
139 1
140 2
141 1
142 1
143 1
144 1
145 1
146 1
147 1
148 0
149 1
150 1
151 2
152 1
153 1
154 0
155 0
156 1
157 1
158 0
159 1
160 2
161 2
162 2
163 1
164 1
165 1
166 2
167 1
168 1
169 1
170 1
171 1
172 1
173 1
174 1
175 1
176 1
177 1
178 1
179 1
180 1
181 1
182 1
183 1
184 0
185 1
186 1
187 1
188 1
189 1
190 1
191 1
192 1
193 0
194 1
195 0
196 1
197 1
198 0
199 1
200 0
201 1
202 1
203 1
204 1
205 1
206 1
207 1
208 0
209 1
210 1
211 1
212 3
213 1
214 1
215 1
216 1
217 1
218 1
219 1
220 1
221 1
222 1
223 1
224 1
225 1
226 1
227 1
228 1
229 1
230 2
231 1
232 1
233 1
234 1
235 2
236 1
237 1
238 1
239 1
240 1
241 1
242 1
243 1
244 0
245 1
246 1
247 0
248 0
249 1
250 1
251 1
252 1
253 1
254 1
255 1
256 1
257 0
258 1
259 1
260 0
261 1
262 1
263 1
264 1
265 0
266 1
267 1
268 1
269 1
270 1
271 0
272 1
273 0
274 0
275 1
276 0
277 0
278 1
279 1
280 2
281 0
282 0
283 1
284 1
285 1
286 1
287 1
288 1
289 1
290 1
291 2
292 1
293 1
294 1
295 1
296 1
297 1
298 1
299 1
300 1
301 1
302 0
303 1
304 0
305 1
306 1
307 1
308 0
309 1
310 1
311 1
312 1
313 1
314 1
315 1
316 0
317 0
318 1
319 1
320 0
321 0
322 0
323 1
324 1
325 1
326 0
327 2
328 1
329 0
330 2
331 2
332 2
333 1
334 2
335 1
336 0
337 1
338 1
339 1
340 0
341 1
342 0
343 1
344 1
345 0
346 2
347 1
348 1
349 1
350 1
351 1
352 1
353 1
354 1
355 1
356 1
357 0
358 1
359 0
360 1
361 1
362 0
363 1
364 0
365 1
366 1
367 1
368 0
369 1
370 1
371 1
372 1
373 1
374 1
375 1
376 1
377 1
378 1
379 1
380 1
381 0
382 1
383 1
384 1
385 1
386 1
387 0
388 1
389 1
390 0
391 1
392 1
393 1
394 0
395 1
396 1
397 1
398 1
399 1
400 0
401 1
402 1
403 1
404 1
405 1
406 2
407 1
408 1
409 1
410 1
411 2
412 1
413 1
414 0
415 1
416 1
417 1
418 1
419 1
420 1
421 1
422 1
423 1
424 1
425 1
426 1
427 2
428 0
429 0
430 2
431 1
432 0
433 0
434 1
435 1
436 1
437 2
438 1
439 2
440 1
441 1
442 1
443 1
444 1
445 0
446 0
447 1
448 1
449 1
450 0
451 1
452 1
453 0
454 1
455 1
456 1
457 1
458 1
459 1
460 1
461 1
462 0
463 0
464 1
465 1
466 1
467 1
468 0
469 0
470 0
471 0
472 0
473 0
474 2
475 1
476 1
477 1
478 1
479 1
480 1
481 1
482 1
483 1
484 1
485 1
486 1
487 1
488 1
489 1
490 1
491 1
492 0
493 1
494 0
495 1
496 1
497 1
498 1
499 1
500 0
501 1
502 2
503 1
504 1
505 1
506 1
507 1
508 1
509 1
510 1
511 0
512 2
513 1
514 1
515 0
516 1
517 0
518 1
519 1
520 1
521 0
522 1
523 1
524 1
525 1
526 1
527 2
528 1
529 0
530 1
531 1
532 0
533 1
534 2
535 0
536 1
537 1
538 2
539 2
540 1
541 0
542 0
543 0
544 2
545 2
546 2
547 0
548 2
549 1
550 0
551 2
552 1
553 1
554 0
555 0
556 0
557 1
558 1
559 1
560 0
561 0
562 0
563 0
564 1
565 0
566 0
567 1
568 0
569 0
570 0
571 0
572 0
573 1
574 0
575 1
576 1
577 1
578 0
579 0
580 1
581 0
582 1
583 0
584 0
585 1
586 0
587 0
588 1
589 0
590 0
591 0
592 1
593 0
594 2
595 0
596 1
597 1
598 0
599 1
600 1
601 1
602 2
603 3
604 1
605 1
606 1
607 1
608 1
609 1
610 0
611 1
612 1
613 1
614 2
615 0
616 0
617 1
618 1
619 0
620 0
621 0
622 1
623 1
624 1
625 1
626 1
627 1
628 1
629 1
630 2
631 1
632 1
633 0
634 0
635 1
636 1
637 1
638 1
639 1
640 1
641 1
642 0
643 1
644 0
645 0
646 1
647 0
648 0
649 1
650 2
651 1
652 0
653 1
654 1
655 1
656 0
657 0
658 0
659 1
660 1
661 0
662 1
663 1
664 1
665 1
666 1
667 1
668 1
669 1
670 2
671 0
672 1
673 1
674 1
675 1
676 1
677 0
678 0
679 1
680 1
681 1
682 1
683 1
684 1
685 0
686 1
687 1
688 0
689 0
690 0
691 0
692 1
693 1
694 0
695 1
696 1
697 0
698 1
699 1
700 0
701 0
702 0
703 0
704 1
705 1
706 1
707 1
708 1
709 1
710 0
711 0
712 1
713 1
714 2
715 1
716 2
717 1
718 1
719 2
720 0
721 1
722 1
723 1
724 1
725 2
726 2
727 0
728 1
729 1
730 1
731 1
732 1
733 0
734 0
735 1
736 0
737 1
738 0
739 1
740 1
741 1
742 1
743 1
744 2
745 1
746 1
747 1
748 1
749 0
750 0
751 2
752 3
753 1
754 2
755 2
756 1
757 1
758 2
759 1
760 1
761 1
762 1
763 1
764 1
765 1
766 0
767 1
768 1
769 0
770 0
771 1
772 1
773 0
774 0
775 0
776 1
777 0
778 0
779 0
780 1
781 0
782 0
783 0
784 1
785 1
786 1
787 3
788 1
789 1
790 1
791 0
792 1
793 0
794 1
795 1
796 0
797 2
798 1
799 3
800 1
801 1
802 1
803 1
804 1
805 1
806 2
807 2
808 1
809 1
810 1
811 1
812 1
813 1
814 2
815 1
816 1
817 1
818 1
819 0
820 2
821 1
822 1
823 1
824 1
825 0
826 0
827 1
828 1
829 1
830 1
831 0
832 1
833 1
834 0
835 0
836 1
837 1
838 1
839 0
840 1
841 1
842 1
843 0
844 1
845 1
846 2
847 1
848 0
849 2
850 1
851 1
852 1
853 0
854 2
855 0
856 1
857 2
858 1
859 1
860 1
861 2
862 1
863 0
864 0
865 1
866 1
867 0
868 1
869 0
870 1
871 1
872 1
873 1
874 1
875 1
876 1
877 2
878 0
879 1
880 0
881 2
882 1
883 1
884 1
885 3
886 2
887 1
888 1
889 1
890 1
891 0
892 0
893 0
894 1
895 1
896 1
897 1
898 1
899 1
900 1
901 1
902 0
903 0
904 1
905 1
906 1
907 1
908 1
909 1
910 1
911 1
912 1
913 0
914 1
915 0
916 1
917 1
918 1
919 1
920 1
921 1
922 0
923 0
924 1
925 0
926 1
927 1
928 1
929 1
930 0
931 0
932 1
933 1
934 2
935 1
936 0
937 1
938 1
939 1
940 1
941 1
942 0
943 1
944 2
945 0
946 1
947 1
948 0
949 1
950 0
951 1
952 1
953 1
954 1
955 1
956 0
957 1
958 0
959 1
960 1
961 2
962 1
963 0
964 0
965 1
966 0
967 0
968 0
969 0
970 1
971 0
972 1
973 1
974 0
975 0
976 1
977 1
978 0
979 0
980 0
981 1
982 0
983 0
984 0
985 0
986 1
987 0
988 0
989 0
990 1
991 1
992 0
993 1
994 1
995 1
996 0
997 0
998 0
999 1
1000 0
1001 0
1002 0
1003 1
1004 1
1005 0
1006 0
1007 1
1008 0
1009 0
1010 1
1011 0
1012 0
1013 0
1014 1
1015 1
1016 0
1017 0
1018 0
1019 0
1020 1
1021 1
1022 1
1023 1
1024 1
1025 1
1026 0
1027 0
1028 0
1029 0
1030 1
1031 0
1032 0
1033 1
1034 0
1035 0
1036 1
1037 1
1038 0
1039 0
1040 0
1041 0
1042 0
1043 0
1044 0
1045 0
1046 1
1047 0
1048 0
1049 0
1050 0
1051 0
1052 0
1053 0
1054 0
1055 0
1056 1
1057 1
1058 0
1059 1
1060 1
1061 0
1062 0
1063 0
1064 1
1065 1
1066 0
1067 1
1068 0
1069 0
1070 1
1071 0
1072 0
1073 0
1074 0
1075 0
1076 0
1077 1
1078 1
1079 1
1080 0
1081 1
1082 1
1083 0
1084 0
1085 0
1086 0
1087 1
1088 0
1089 1
1090 0
1091 1
1092 0
1093 1
1094 1
1095 0
1096 1
1097 0
1098 0
1099 1
1100 0
1101 0
1102 1
1103 1
1104 1
1105 1
1106 1
1107 0
1108 1
1109 1
1110 1
1111 0
1112 1
1113 0
1114 0
1115 2
1116 1
1117 0
1118 1
1119 1
1120 0
1121 1
1122 1
1123 0
1124 2
1125 1
1126 0
1127 1
1128 2
1129 1
1130 1
1131 1
1132 0
1133 1
1134 0
1135 1
1136 1
1137 1
1138 0
1139 1
1140 0
1141 1
1142 1
1143 0
1144 0
1145 1
1146 1
1147 1
1148 1
1149 2
1150 1
1151 1
1152 2
1153 1
1154 1
1155 1
1156 1
1157 1
1158 1
1159 2
1160 1
1161 1
1162 1
1163 1
1164 1
1165 2
1166 2
1167 0
1168 2
1169 1
1170 1
1171 0
1172 1
1173 1
1174 1
1175 1
1176 0
1177 1
1178 1
1179 0
1180 1
1181 0
1182 0
1183 1
1184 1
1185 2
1186 1
1187 1
1188 1
1189 1
1190 1
1191 1
1192 0
1193 1
1194 0
1195 0
1196 0
1197 0
1198 0
1199 0
1200 0
1201 0
1202 0
1203 0
1204 0
1205 0
1206 0
1207 1
1208 1
1209 1
1210 1
1211 1
1212 1
1213 1
1214 1
1215 1
1216 1
1217 1
1218 1
1219 2
1220 1
1221 1
1222 1
1223 2
1224 2
1225 1
1226 1
1227 0
1228 2
1229 1
1230 1
1231 1
1232 0
1233 0
1234 0
1235 1
1236 1
1237 0
1238 0
1239 1
1240 0
1241 1
1242 0
1243 0
1244 1
1245 0
1246 1
1247 0
1248 0
1249 0
1250 0
1251 1
1252 1
1253 1
1254 1
1255 1
1256 0
1257 1
1258 1
1259 0
1260 1
1261 1
1262 1
1263 1
1264 1
1265 1
1266 1
1267 1
1268 1
1269 1
1270 1
1271 1
1272 1
1273 0
1274 2
1275 2
1276 2
1277 1
1278 0
1279 0
1280 3
1281 1
1282 0
1283 0
1284 1
1285 0
1286 1
1287 0
1288 0
1289 0
1290 0
1291 0
1292 0
1293 0
1294 1
1295 1
1296 1
1297 1
1298 1
1299 1
1300 1
1301 1
1302 1
1303 1
1304 1
1305 1
1306 1
1307 1
1308 1
1309 0
1310 1
1311 0
1312 0
1313 2
1314 1
1315 1
1316 1
1317 1
1318 0
1319 1
1320 1
1321 1
1322 1
1323 1
1324 1
1325 0
1326 0
1327 1
1328 1
1329 0
1330 0
1331 0
1332 1
1333 1
1334 0
1335 1
1336 1
1337 1
1338 1
1339 1
1340 0
1341 2
1342 0
1343 0
1344 1
1345 1
1346 1
1347 1
1348 1
1349 1
1350 1
1351 2
1352 1
1353 2
1354 2
1355 1
1356 1
1357 2
1358 1
1359 0
1360 0
1361 0
1362 0
1363 1
1364 1
1365 1
1366 1
1367 1
1368 1
1369 1
1370 1
1371 1
1372 1
1373 0
1374 1
1375 1
1376 1
1377 1
1378 0
1379 1
1380 1
1381 1
1382 1
1383 1
1384 1
1385 0
1386 0
1387 0
1388 0
1389 0
1390 0
1391 1
1392 1
1393 1
1394 0
1395 1
1396 2
1397 1
1398 0
1399 1
1400 1
1401 1
1402 1
1403 1
1404 1
1405 0
1406 1
1407 1
1408 1
1409 1
1410 1
1411 1
1412 1
1413 0
1414 0
1415 1
1416 1
1417 1
1418 1
1419 1
1420 0
1421 1
1422 0
1423 0
1424 2
1425 1
1426 1
1427 2
1428 1
1429 0
1430 1
1431 1
1432 0
1433 1
1434 1
1435 0
1436 0
1437 1
1438 0
1439 1
1440 1
1441 1
1442 1
1443 1
1444 2
1445 1
1446 0
1447 1
1448 0
1449 0
1450 0
1451 1
1452 0
1453 1
1454 1
1455 0
1456 1
1457 1
1458 1
1459 1
1460 0
1461 0
1462 1
1463 1
1464 0
1465 0
1466 0
1467 0
1468 1
1469 1
1470 1
1471 1
1472 0
1473 1
1474 2
1475 0
1476 1
1477 1
1478 1
1479 0
1480 2
1481 0
1482 1
1483 1
1484 2
1485 0
1486 1
1487 1
1488 1
1489 1
1490 0
1491 0
1492 1
1493 0
1494 1
1495 1
1496 1
1497 0
1498 0
1499 0
1500 1
1501 0
1502 0
1503 0
1504 1
1505 1
1506 1
1507 1
1508 1
1509 0
1510 0
1511 1
1512 1
1513 1
1514 2
1515 1
1516 1
1517 1
1518 0
1519 1
1520 1
1521 0
1522 1
1523 1
1524 1
1525 0
1526 1
1527 0
1528 1
1529 1
1530 0
1531 1
1532 1
1533 1
1534 0
1535 0
1536 1
1537 1
1538 0
1539 0
1540 2
1541 0
1542 1
1543 2
1544 1
1545 1
1546 0
1547 1
1548 1
1549 1
1550 1
1551 1
1552 0
1553 0
1554 1
1555 0
1556 1
1557 1
1558 1
1559 1
1560 0
1561 1
1562 0
1563 1
1564 1
1565 1
1566 1
1567 0
1568 1
1569 1
1570 0
1571 1
1572 1
1573 0
1574 3
1575 2
1576 0
1577 1
1578 1
1579 0
1580 1
1581 1
1582 1
1583 1
1584 1
1585 0
1586 1
1587 1
1588 1
1589 2
1590 1
1591 1
1592 1
1593 0
1594 1
1595 1
1596 1
1597 1
1598 2
1599 1
1600 1
1601 0
1602 0
1603 1
1604 1
1605 1
1606 2
1607 2
1608 0
1609 1
1610 1
1611 1
1612 2
1613 0
1614 1
1615 1
1616 1
1617 1
1618 1
1619 0
1620 0
1621 0
1622 0
1623 2
1624 1
1625 2
1626 1
1627 1
1628 1
1629 0
1630 1
1631 0
1632 0
1633 0
1634 0
1635 1
1636 0
1637 1
1638 1
1639 1
1640 1
1641 0
1642 0
1643 1
1644 1
1645 1
1646 1
1647 0
1648 2
1649 0
1650 0
1651 1
1652 0
1653 3
1654 1
1655 1
1656 2
1657 2
1658 1
1659 1
1660 1
1661 3
1662 3
1663 3
1664 0
1665 0
1666 1
1667 1
1668 1
1669 0
1670 2
1671 1
1672 1
1673 0
1674 0
1675 1
1676 1
1677 1
1678 3
1679 1
1680 1
1681 1
1682 2
1683 1
1684 2
1685 1
1686 1
1687 2
1688 1
1689 1
1690 0
1691 1
1692 1
1693 1
1694 1
1695 1
1696 1
1697 0
1698 1
1699 1
1700 2
1701 1
1702 1
1703 1
1704 1
1705 1
1706 1
1707 1
1708 1
1709 1
1710 1
1711 1
1712 1
1713 1
1714 2
1715 1
1716 1
1717 1
1718 1
1719 0
1720 0
1721 0
1722 0
1723 1
1724 0
1725 0
1726 1
1727 1
1728 0
1729 1
1730 2
1731 1
1732 1
1733 1
1734 1
1735 0
1736 1
1737 1
1738 1
1739 0
1740 0
1741 1
1742 1
1743 1
1744 1
1745 0
1746 0
1747 1
1748 1
1749 1
1750 1
1751 1
1752 1
1753 1
1754 1
1755 0
1756 0
1757 0
1758 1
1759 1
1760 2
1761 1
1762 1
1763 1
1764 0
1765 1
1766 0
1767 1
1768 0
1769 0
1770 0
1771 1
1772 0
1773 2
1774 1
1775 2
1776 1
1777 1
1778 1
1779 0
1780 0
1781 0
1782 1
1783 1
1784 1
1785 0
1786 1
1787 1
1788 0
1789 0
1790 1
1791 0
1792 1
1793 0
1794 1
1795 0
1796 0
1797 0
1798 0
1799 1
1800 1
1801 0
1802 0
1803 0
1804 1
1805 1
1806 0
1807 0
1808 0
1809 0
1810 0
1811 0
1812 0
1813 1
1814 1
1815 1
1816 1
1817 0
1818 0
1819 1
1820 1
1821 0
1822 1
1823 0
1824 1
1825 0
1826 1
1827 0
1828 1
1829 1
1830 1
1831 2
1832 1
1833 1
1834 1
1835 0
1836 0
1837 1
1838 1
1839 2
1840 1
1841 0
1842 1
1843 0
1844 0
1845 2
1846 0
1847 1
1848 1
1849 1
1850 0
1851 0
1852 0
1853 1
1854 2
1855 1
1856 1
1857 1
1858 2
1859 2
1860 1
1861 1
1862 1
1863 1
1864 0
1865 0
1866 0
1867 1
1868 1
1869 1
1870 1
1871 0
1872 0
1873 1
1874 1
1875 1
1876 1
1877 1
1878 1
1879 2
1880 1
1881 2
1882 1
1883 1
1884 1
1885 1
1886 0
1887 1
1888 0
1889 0
1890 0
1891 0
1892 0
1893 0
1894 1
1895 1
1896 0
1897 1
1898 0
1899 0
1900 0
1901 0
1902 1
1903 0
1904 0
1905 1
1906 0
1907 0
1908 1
1909 1
1910 1
1911 1
1912 2
1913 2
1914 2
1915 2
1916 2
1917 0
1918 2
1919 2
1920 2
1921 0
1922 0
1923 0
1924 0
1925 1
1926 0
1927 0
1928 0
1929 0
1930 1
1931 1
1932 0
1933 1
1934 2
1935 0
1936 1
1937 1
1938 2
1939 1
1940 1
1941 0
1942 0
1943 1
1944 0
1945 0
1946 1
1947 0
1948 0
1949 0
1950 1
1951 0
1952 0
1953 1
1954 1
1955 1
1956 1
1957 2
1958 1
1959 0
1960 1
1961 2
1962 0
1963 1
1964 1
1965 1
1966 1
1967 2
1968 1
1969 1
1970 2
1971 1
1972 1
1973 2
1974 1
1975 1
1976 1
1977 1
1978 1
1979 0
1980 0
1981 1
1982 1
1983 0
1984 2
1985 1
1986 0
1987 1
1988 1
1989 1
1990 0
1991 1
1992 2
1993 1
1994 0
1995 0
1996 1
1997 1
1998 0
1999 1
