0 1
1 1
2 2
3 3
4 1
5 1
6 2
7 2
8 1
9 1
10 2
11 1
12 1
13 0
14 2
15 1
16 1
17 0
18 3
19 2
20 1
21 0
22 1
23 1
24 1
25 1
26 1
27 0
28 1
29 1
30 1
31 2
32 1
33 2
34 2
35 2
36 3
37 1
38 2
39 0
40 0
41 0
42 0
43 0
44 1
45 0
46 0
47 1
48 1
49 0
50 1
51 0
52 0
53 0
54 0
55 0
56 0
57 0
58 1
59 1
60 0
61 0
62 0
63 0
64 0
65 0
66 0
67 0
68 1
69 0
70 1
71 0
72 1
73 0
74 0
75 0
76 0
77 0
78 0
79 0
80 1
81 1
82 1
83 1
84 0
85 0
86 0
87 1
88 0
89 0
90 1
91 0
92 0
93 0
94 0
95 0
96 1
97 0
98 0
99 1
100 0
101 0
102 1
103 0
104 1
105 1
106 2
107 1
108 1
109 0
110 0
111 1
112 1
113 0
114 0
115 1
116 0
117 1
118 0
119 1
120 0
121 0
122 0
123 0
124 1
125 0
126 0
127 1
128 1
129 1
130 0
131 1
132 1
133 1
134 1
135 2
136 2
137 1
138 1
139 1
140 1
141 2
142 1
143 1
144 1
145 1
146 1
147 0
148 0
149 2
150 2
151 1
152 1
153 1
154 0
155 1
156 1
157 1
158 1
159 1
160 1
161 1
162 1
163 2
164 0
165 2
166 1
167 3
168 2
169 2
170 1
171 2
172 2
173 1
174 0
175 1
176 3
177 1
178 2
179 1
180 0
181 1
182 1
183 1
184 1
185 1
186 1
187 2
188 1
189 1
190 3
191 1
192 2
193 2
194 1
195 2
196 3
197 2
198 1
199 2
200 4
201 2
202 2
203 1
204 3
205 2
206 2
207 2
208 3
209 2
210 2
211 1
212 1
213 3
214 2
215 3
216 2
217 2
218 3
219 2
220 2
221 2
222 3
223 2
224 3
225 3
226 2
227 1
228 2
229 1
230 2
231 3
232 3
233 2
234 2
235 3
236 3
237 2
238 1
239 2
240 2
241 2
242 1
243 1
244 2
245 3
246 2
247 2
248 2
249 2
250 1
251 2
252 2
253 2
254 3
255 2
256 3
257 2
258 2
259 3
260 2
261 2
262 2
263 1
264 4
265 0
266 2
267 2
268 2
269 2
270 2
271 2
272 1
273 2
274 1
275 2
276 0
277 3
278 1
279 2
280 2
281 4
282 3
283 3
284 2
285 1
286 3
287 2
288 2
289 2
290 1
291 2
292 2
293 3
294 3
295 2
296 4
297 1
298 3
299 3
300 2
301 0
302 2
303 2
304 1
305 2
306 2
307 4
308 2
309 2
310 2
311 2
312 1
313 2
314 2
315 1
316 2
317 1
318 1
319 2
320 1
321 2
322 2
323 1
324 2
325 2
326 3
327 0
328 1
329 0
330 1
331 0
332 0
333 1
334 0
335 0
336 0
337 0
338 0
339 0
340 0
341 0
342 1
343 0
344 2
345 1
346 1
347 0
348 3
349 0
350 0
351 1
352 3
353 1
354 0
355 0
356 0
357 0
358 0
359 1
360 0
361 0
362 0
363 0
364 0
365 1
366 1
367 2
368 0
369 0
370 1
371 1
372 2
373 1
374 0
375 2
376 2
377 2
378 1
379 0
380 0
381 0
382 1
383 1
384 0
385 0
386 0
387 0
388 1
389 0
390 0
391 0
392 1
393 0
394 0
395 0
396 1
397 1
398 0
399 1
400 2
401 1
402 2
403 2
404 1
405 1
406 1
407 0
408 1
409 0
410 2
411 0
412 1
413 1
414 2
415 4
416 0
417 1
418 1
419 2
420 3
421 3
422 3
423 2
424 3
425 2
426 4
427 1
428 1
429 2
430 4
431 3
432 3
433 2
434 2
435 1
436 2
437 2
438 0
439 2
440 1
441 2
442 2
443 2
444 1
445 0
446 3
447 1
448 1
449 1
450 1
451 2
452 2
453 2
454 2
455 1
456 1
457 2
458 3
459 2
460 2
461 1
462 1
463 2
464 1
465 1
466 0
467 0
468 2
469 4
470 1
471 0
472 3
473 1
474 1
475 2
476 1
477 2
478 2
479 0
480 0
481 1
482 2
483 2
484 2
485 2
486 2
487 2
488 2
489 1
490 2
491 2
492 1
493 1
494 2
495 0
496 1
497 1
498 1
499 1
500 2
501 2
502 0
503 2
504 1
505 1
506 2
507 0
508 2
509 1
510 2
511 0
512 1
513 3
514 1
515 0
516 2
517 2
518 0
519 0
520 2
521 1
522 3
523 2
524 1
525 2
526 2
527 0
528 3
529 1
530 1
531 1
532 0
533 0
534 0
535 1
536 0
537 0
538 2
539 0
540 2
541 4
542 1
543 1
544 1
545 0
546 2
547 0
548 0
549 2
550 3
551 0
552 2
553 1
554 0
555 1
556 0
557 1
558 0
559 1
560 2
561 0
562 1
563 1
564 2
565 1
566 2
567 0
568 0
569 2
570 2
571 2
572 1
573 2
574 1
575 2
576 2
577 2
578 1
579 2
580 3
581 2
582 2
583 3
584 1
585 2
586 2
587 2
588 1
589 2
590 1
591 2
592 3
593 3
594 3
595 1
596 2
597 1
598 4
599 0
600 4
601 3
602 3
603 3
604 1
605 1
606 1
607 2
608 2
609 1
610 1
611 2
612 2
613 1
614 2
615 3
616 0
617 0
618 2
619 1
620 1
621 0
622 1
623 0
624 1
625 2
626 1
627 2
628 2
629 2
630 2
631 1
632 1
633 1
634 2
635 2
636 2
637 2
638 4
639 1
640 2
641 3
642 1
643 1
644 1
645 0
646 0
647 0
648 1
649 0
650 3
651 1
652 1
653 1
654 1
655 1
656 2
657 4
658 4
659 3
660 3
661 2
662 3
663 3
664 2
665 3
666 2
667 3
668 1
669 3
670 4
671 2
672 2
673 1
674 3
675 2
676 3
677 2
678 2
679 3
680 1
681 2
682 2
683 4
684 3
685 2
686 0
687 0
688 0
689 0
690 0
691 0
692 1
693 0
694 0
695 0
696 1
697 1
698 0
699 0
700 0
701 0
702 1
703 0
704 1
705 1
706 0
707 0
708 1
709 0
710 1
711 0
712 0
713 1
714 1
715 0
716 1
717 0
718 1
719 0
720 1
721 1
722 1
723 1
724 0
725 0
726 0
727 0
728 0
729 0
730 0
731 0
732 0
733 0
734 0
735 0
736 0
737 0
738 1
739 0
740 0
741 0
742 0
743 0
744 0
745 0
746 1
747 2
748 0
749 2
750 1
751 2
752 0
753 0
754 1
755 0
756 0
757 0
758 0
759 0
760 0
761 0
762 0
763 0
764 0
765 0
766 0
767 0
768 0
769 0
770 0
771 0
772 0
773 0
774 0
775 0
776 1
777 1
778 0
779 0
780 0
781 0
782 0
783 0
784 0
785 0
786 0
787 0
788 1
789 1
790 1
791 1
792 0
793 1
794 3
795 0
796 1
797 1
798 1
799 1
800 2
801 0
802 1
803 1
804 0
805 1
806 1
807 1
808 0
809 1
810 1
811 1
812 0
813 1
814 2
815 2
816 0
817 0
818 1
819 1
820 0
821 2
822 1
823 0
824 0
825 1
826 1
827 1
828 1
829 0
830 0
831 0
832 1
833 2
834 2
835 2
836 1
837 1
838 1
839 0
840 0
841 1
842 1
843 2
844 1
845 1
846 0
847 1
848 2
849 2
850 1
851 1
852 1
853 0
854 3
855 1
856 2
857 2
858 3
859 1
860 1
861 0
862 0
863 0
864 0
865 0
866 0
867 0
868 0
869 0
870 2
871 1
872 1
873 0
874 2
875 1
876 1
877 1
878 0
879 1
880 1
881 1
882 1
883 0
884 0
885 0
886 1
887 0
888 0
889 0
890 0
891 0
892 0
893 0
894 0
895 0
896 0
897 1
898 0
899 0
900 0
901 1
902 1
903 0
904 0
905 2
906 0
907 0
908 1
909 1
910 2
911 2
912 3
913 1
914 1
915 1
916 0
917 1
918 1
919 1
920 2
921 0
922 1
923 1
924 0
925 0
926 0
927 0
928 0
929 0
930 0
931 0
932 0
933 0
934 0
935 0
936 0
937 0
938 0
939 0
940 1
941 0
942 0
943 0
944 0
945 0
946 0
947 0
948 0
949 0
950 0
951 0
952 0
953 0
954 0
955 0
956 0
957 0
958 0
959 0
960 0
961 0
962 0
963 1
964 0
965 0
966 0
967 0
968 0
969 0
970 0
971 0
972 0
973 0
974 0
975 0
976 0
977 0
978 0
979 0
980 2
981 0
982 1
983 0
984 1
985 1
986 2
987 1
988 0
989 0
990 0
991 0
992 0
993 0
994 0
995 0
996 0
997 1
998 0
999 0
1000 0
1001 0
1002 0
1003 0
1004 0
1005 0
1006 0
1007 0
1008 0
1009 0
1010 0
1011 0
1012 0
1013 0
1014 1
1015 0
1016 0
1017 0
1018 1
1019 0
1020 0
1021 0
1022 0
1023 0
1024 0
1025 2
1026 0
1027 0
1028 0
1029 0
1030 0
1031 0
1032 0
1033 0
1034 0
1035 0
1036 0
1037 0
1038 0
1039 0
1040 0
1041 0
1042 0
1043 0
1044 2
1045 0
1046 0
1047 0
1048 0
1049 1
1050 0
1051 1
1052 1
1053 0
1054 0
1055 0
1056 0
1057 0
1058 0
1059 2
1060 0
1061 0
1062 0
1063 0
1064 0
1065 1
1066 0
1067 1
1068 1
1069 1
1070 0
1071 0
1072 0
1073 0
1074 0
1075 0
1076 0
1077 0
1078 0
1079 0
1080 0
1081 0
1082 0
1083 0
1084 0
1085 2
1086 0
1087 0
1088 0
1089 0
1090 0
1091 0
1092 0
1093 0
1094 0
1095 1
1096 0
1097 1
1098 0
1099 0
1100 0
1101 0
1102 0
1103 1
1104 0
1105 0
1106 0
1107 0
1108 0
1109 0
1110 0
1111 0
1112 0
1113 0
1114 0
1115 1
1116 0
1117 0
1118 0
1119 0
1120 0
1121 0
1122 0
1123 1
1124 0
1125 0
1126 0
1127 0
1128 0
1129 1
1130 0
1131 0
1132 1
1133 0
1134 0
1135 0
1136 0
1137 0
1138 0
1139 0
1140 0
1141 0
1142 0
1143 0
1144 2
1145 1
1146 0
1147 0
1148 0
1149 0
1150 0
1151 0
1152 0
1153 1
1154 0
1155 1
1156 0
1157 0
1158 0
1159 0
1160 0
1161 0
1162 0
1163 1
1164 0
1165 0
1166 0
1167 0
1168 1
1169 0
1170 1
1171 1
1172 0
1173 0
1174 0
1175 0
1176 1
1177 0
1178 0
1179 0
1180 0
1181 0
1182 0
1183 2
1184 0
1185 0
1186 0
1187 0
1188 0
1189 0
1190 0
1191 0
1192 0
1193 0
1194 0
1195 0
1196 0
1197 1
1198 1
1199 0
1200 0
1201 0
1202 0
1203 0
1204 0
1205 0
1206 0
1207 0
1208 0
1209 1
1210 0
1211 0
1212 0
1213 1
1214 0
1215 0
1216 0
1217 0
1218 0
1219 0
1220 0
1221 0
1222 0
1223 2
1224 1
1225 0
1226 0
1227 1
1228 0
1229 0
1230 0
1231 0
1232 0
1233 0
1234 0
1235 0
1236 0
1237 0
1238 0
1239 0
1240 0
1241 0
1242 1
1243 1
1244 0
1245 0
1246 0
1247 0
1248 1
1249 0
1250 0
1251 0
1252 0
1253 1
1254 0
1255 0
1256 0
1257 0
1258 0
1259 0
1260 0
1261 0
1262 0
1263 1
1264 0
1265 0
1266 0
1267 0
1268 0
1269 0
1270 0
1271 0
1272 0
1273 0
1274 0
1275 0
1276 1
1277 0
1278 0
1279 0
1280 0
1281 0
1282 0
1283 0
1284 0
1285 0
1286 0
1287 0
1288 0
1289 0
1290 0
1291 0
1292 0
1293 0
1294 0
1295 0
1296 0
1297 0
1298 0
1299 0
1300 0
1301 0
1302 0
1303 0
1304 0
1305 0
1306 0
1307 0
1308 0
1309 0
1310 1
1311 0
1312 0
1313 0
1314 0
1315 1
1316 0
1317 0
1318 0
1319 1
1320 0
1321 0
1322 0
1323 0
1324 1
1325 1
1326 0
1327 1
1328 0
1329 0
1330 0
1331 0
1332 0
1333 0
1334 0
1335 0
1336 0
1337 0
1338 1
1339 0
1340 0
1341 0
1342 0
1343 0
1344 0
1345 0
1346 0
1347 0
1348 0
1349 0
1350 0
1351 0
1352 0
1353 0
1354 0
1355 0
1356 0
1357 0
1358 0
1359 0
1360 0
1361 0
1362 0
1363 0
1364 0
1365 0
1366 0
1367 0
1368 0
1369 0
1370 0
1371 0
1372 0
1373 0
1374 0
1375 1
1376 0
1377 1
1378 0
1379 0
1380 0
1381 0
1382 0
1383 0
1384 0
1385 0
1386 0
1387 0
1388 0
1389 0
1390 0
1391 1
1392 0
1393 0
1394 0
1395 0
1396 0
1397 0
1398 0
1399 0
1400 0
1401 0
1402 0
1403 0
1404 0
1405 0
1406 0
1407 0
1408 0
1409 0
1410 0
1411 0
1412 0
1413 0
1414 0
1415 0
1416 0
1417 0
1418 0
1419 0
1420 1
1421 0
1422 0
1423 0
1424 0
1425 0
1426 0
1427 0
1428 0
1429 0
1430 0
1431 0
1432 0
1433 0
1434 0
1435 0
1436 0
1437 0
1438 0
1439 0
1440 0
1441 0
1442 0
1443 0
1444 0
1445 0
1446 0
1447 0
1448 0
1449 0
1450 0
1451 0
1452 0
1453 0
1454 0
1455 0
1456 0
1457 0
1458 0
1459 0
1460 0
1461 0
1462 0
1463 0
1464 0
1465 0
1466 0
1467 0
1468 0
1469 0
1470 0
1471 0
1472 0
1473 0
1474 0
1475 0
1476 0
1477 0
1478 1
1479 0
1480 0
1481 0
1482 0
1483 0
1484 0
1485 0
1486 0
1487 0
1488 0
1489 0
1490 0
1491 0
1492 0
1493 0
1494 0
1495 0
1496 0
1497 0
1498 0
1499 0
1500 0
1501 0
1502 0
1503 0
1504 0
1505 0
1506 0
1507 0
1508 0
1509 0
1510 0
1511 0
1512 0
1513 0
1514 1
1515 0
1516 0
1517 0
1518 0
1519 0
1520 0
1521 0
1522 0
1523 0
1524 0
1525 0
1526 0
1527 0
1528 0
1529 0
1530 0
1531 1
1532 0
1533 0
1534 0
1535 0
1536 0
1537 0
1538 0
1539 0
1540 1
1541 0
1542 0
1543 0
1544 0
1545 0
1546 0
1547 0
1548 0
1549 0
1550 0
1551 0
1552 0
1553 0
1554 0
1555 0
1556 0
1557 0
1558 0
1559 0
1560 0
1561 0
1562 0
1563 0
1564 0
1565 0
1566 0
1567 0
1568 0
1569 0
1570 0
1571 0
1572 0
1573 1
1574 1
1575 0
1576 0
1577 0
1578 0
1579 0
1580 0
1581 1
1582 1
1583 0
1584 0
1585 0
1586 0
1587 1
1588 0
1589 0
1590 0
1591 0
1592 0
1593 0
1594 0
1595 0
1596 0
1597 0
1598 0
1599 0
1600 0
1601 0
1602 0
1603 0
1604 0
1605 0
1606 0
1607 0
1608 0
1609 0
1610 0
1611 0
1612 0
1613 0
1614 0
1615 0
1616 0
1617 1
1618 0
1619 0
1620 0
1621 0
1622 0
1623 0
1624 0
1625 0
1626 0
1627 0
1628 0
1629 0
1630 0
1631 0
1632 0
1633 0
1634 0
1635 0
1636 0
1637 0
1638 0
1639 2
1640 2
1641 0
1642 0
1643 0
1644 0
1645 0
1646 0
1647 0
1648 0
1649 0
1650 1
1651 0
1652 0
1653 0
1654 0
1655 0
1656 1
1657 0
1658 0
1659 0
1660 0
1661 0
1662 1
1663 1
1664 1
1665 0
1666 0
1667 0
1668 0
1669 0
1670 0
1671 0
1672 0
1673 0
1674 0
1675 0
1676 0
1677 0
1678 0
1679 0
1680 0
1681 0
1682 0
1683 0
1684 0
1685 0
1686 0
1687 0
1688 0
1689 0
1690 0
1691 1
1692 1
1693 0
1694 1
1695 1
1696 1
1697 0
1698 1
1699 0
1700 0
1701 1
1702 0
1703 1
1704 0
1705 2
1706 1
1707 1
1708 0
1709 1
1710 0
1711 0
1712 0
1713 1
1714 0
1715 0
1716 0
1717 0
1718 0
1719 2
1720 0
1721 0
1722 0
1723 2
1724 0
1725 0
1726 0
1727 0
1728 1
1729 1
1730 2
1731 0
1732 0
1733 0
1734 1
1735 1
1736 0
1737 0
1738 1
1739 1
1740 0
1741 1
1742 1
1743 1
1744 1
1745 0
1746 0
1747 1
1748 1
1749 1
1750 1
1751 1
1752 1
1753 1
1754 0
1755 1
1756 1
1757 0
1758 1
1759 1
1760 0
1761 1
1762 2
1763 1
1764 1
1765 1
1766 0
1767 1
1768 1
1769 1
1770 0
1771 0
1772 0
1773 1
1774 1
1775 1
1776 1
1777 1
1778 1
1779 1
1780 0
1781 1
1782 1
1783 0
1784 1
1785 1
1786 1
1787 1
1788 1
1789 1
1790 1
1791 1
1792 0
1793 0
1794 0
1795 1
1796 1
1797 1
1798 0
1799 1
1800 1
1801 0
1802 2
1803 1
1804 1
1805 1
1806 1
1807 0
1808 0
1809 0
1810 0
1811 0
1812 1
1813 1
1814 1
1815 0
1816 1
1817 0
1818 1
1819 2
1820 1
1821 1
1822 1
1823 1
1824 1
1825 0
1826 1
1827 1
1828 0
1829 1
1830 0
1831 0
1832 1
1833 1
1834 0
1835 0
1836 1
1837 1
1838 0
1839 2
1840 0
1841 2
1842 1
1843 1
1844 0
1845 1
1846 1
1847 1
1848 1
1849 1
1850 1
1851 1
1852 1
1853 1
1854 1
1855 0
1856 0
1857 1
1858 0
1859 1
1860 0
1861 0
1862 0
1863 2
1864 2
1865 1
1866 0
1867 1
1868 1
1869 1
1870 1
1871 1
1872 1
1873 1
1874 0
1875 0
1876 0
1877 1
1878 1
1879 0
1880 0
1881 0
1882 1
1883 0
1884 1
1885 0
1886 1
1887 1
1888 1
1889 0
1890 1
1891 0
1892 0
1893 1
1894 0
1895 0
1896 2
1897 0
1898 1
1899 1
1900 0
1901 0
1902 1
1903 1
1904 0
1905 0
1906 0
1907 0
1908 0
1909 0
1910 0
1911 0
1912 0
1913 1
1914 0
1915 0
1916 0
1917 0
1918 0
1919 1
1920 1
1921 1
1922 0
1923 1
1924 0
1925 1
1926 1
1927 0
1928 1
1929 2
1930 1
1931 1
1932 1
1933 1
1934 0
1935 0
1936 1
1937 1
1938 1
1939 1
1940 1
1941 1
1942 1
1943 0
1944 0
1945 0
1946 1
1947 1
1948 1
1949 1
1950 1
1951 1
1952 0
1953 0
1954 1
1955 0
1956 0
1957 0
1958 0
1959 0
1960 0
1961 1
1962 0
1963 0
1964 0
1965 0
1966 0
1967 1
1968 0
1969 0
1970 0
1971 0
1972 0
1973 0
1974 0
1975 0
1976 0
1977 0
1978 0
1979 0
1980 0
1981 0
1982 0
1983 0
1984 1
1985 1
1986 0
1987 0
1988 2
1989 0
1990 0
1991 0
1992 0
1993 0
1994 0
1995 0
1996 0
1997 0
1998 0
1999 1
