0 0
1 0
2 0
3 0
4 0
5 0
6 0
7 0
8 0
9 0
10 0
11 2
12 1
13 1
14 0
15 1
16 1
17 0
18 1
19 0
20 1
21 1
22 1
23 1
24 0
25 1
26 0
27 2
28 0
29 0
30 0
31 0
32 0
33 0
34 0
35 0
36 0
37 0
38 0
39 0
40 0
41 0
42 0
43 0
44 0
45 0
46 0
47 0
48 0
49 0
50 0
51 0
52 0
53 0
54 0
55 0
56 0
57 0
58 0
59 0
60 0
61 0
62 0
63 0
64 0
65 0
66 0
67 0
68 0
69 0
70 0
71 0
72 0
73 0
74 1
75 0
76 1
77 0
78 0
79 0
80 0
81 0
82 1
83 0
84 0
85 0
86 0
87 1
88 0
89 1
90 0
91 0
92 0
93 1
94 0
95 2
96 1
97 1
98 1
99 1
100 0
101 0
102 0
103 0
104 0
105 1
106 0
107 0
108 0
109 1
110 2
111 3
112 2
113 1
114 1
115 3
116 2
117 0
118 0
119 2
120 1
121 0
122 0
123 0
124 0
125 1
126 1
127 0
128 0
129 2
130 2
131 1
132 0
133 1
134 0
135 0
136 2
137 2
138 0
139 0
140 1
141 1
142 1
143 2
144 0
145 0
146 3
147 0
148 0
149 0
150 0
151 0
152 0
153 2
154 2
155 3
156 0
157 1
158 0
159 0
160 0
161 1
162 0
163 0
164 1
165 2
166 0
167 1
168 1
169 0
170 0
171 0
172 1
173 1
174 1
175 0
176 0
177 0
178 1
179 3
180 0
181 1
182 0
183 0
184 0
185 0
186 2
187 0
188 2
189 1
190 2
191 2
192 1
193 2
194 1
195 3
196 0
197 1
198 2
199 2
200 0
201 2
202 2
203 3
204 2
205 1
206 0
207 1
208 2
209 1
210 1
211 0
212 1
213 1
214 2
215 3
216 2
217 3
218 2
219 1
220 2
221 0
222 2
223 2
224 1
225 2
226 3
227 1
228 1
229 0
230 2
231 3
232 1
233 3
234 3
235 2
236 2
237 0
238 2
239 3
240 3
241 2
242 1
243 1
244 2
245 2
246 2
247 3
248 1
249 1
250 2
251 1
252 2
253 1
254 1
255 0
256 1
257 1
258 2
259 0
260 1
261 2
262 2
263 2
264 2
265 2
266 1
267 1
268 1
269 2
270 2
271 1
272 0
273 0
274 0
275 1
276 1
277 1
278 2
279 3
280 2
281 1
282 2
283 1
284 1
285 1
286 1
287 2
288 3
289 0
290 0
291 1
292 1
293 0
294 0
295 0
296 0
297 1
298 1
299 1
300 0
301 0
302 1
303 1
304 1
305 1
306 0
307 1
308 1
309 0
310 1
311 3
312 2
313 0
314 1
315 0
316 0
317 3
318 1
319 0
320 0
321 0
322 0
323 0
324 0
325 0
326 0
327 0
328 1
329 1
330 0
331 0
332 0
333 0
334 0
335 0
336 2
337 0
338 1
339 2
340 1
341 0
342 0
343 0
344 2
345 1
346 2
347 1
348 0
349 1
350 0
351 0
352 0
353 0
354 0
355 0
356 0
357 0
358 0
359 1
360 0
361 0
362 0
363 0
364 0
365 0
366 0
367 0
368 1
369 0
370 1
371 1
372 1
373 2
374 2
375 0
376 1
377 1
378 2
379 1
380 2
381 0
382 0
383 1
384 0
385 0
386 0
387 0
388 0
389 0
390 1
391 1
392 1
393 0
394 1
395 1
396 1
397 4
398 0
399 2
400 1
401 1
402 0
403 1
404 2
405 1
406 2
407 1
408 1
409 1
410 2
411 0
412 1
413 1
414 1
415 1
416 0
417 1
418 0
419 0
420 1
421 1
422 0
423 0
424 1
425 1
426 0
427 1
428 1
429 2
430 1
431 1
432 1
433 0
434 0
435 1
436 2
437 2
438 2
439 4
440 0
441 0
442 0
443 0
444 0
445 0
446 2
447 1
448 0
449 0
450 0
451 0
452 0
453 0
454 0
455 0
456 0
457 1
458 0
459 0
460 0
461 0
462 0
463 0
464 1
465 3
466 0
467 2
468 2
469 3
470 2
471 1
472 0
473 2
474 0
475 0
476 0
477 1
478 0
479 0
480 0
481 1
482 0
483 2
484 0
485 0
486 0
487 1
488 2
489 1
490 0
491 0
492 0
493 0
494 1
495 1
496 0
497 0
498 1
499 0
500 1
501 1
502 1
503 0
504 0
505 0
506 0
507 1
508 0
509 2
510 1
511 1
512 2
513 0
514 1
515 1
516 2
517 1
518 0
519 1
520 1
521 2
522 1
523 0
524 0
525 0
526 0
527 0
528 1
529 0
530 0
531 1
532 0
533 0
534 0
535 1
536 1
537 1
538 1
539 1
540 0
541 0
542 2
543 1
544 0
545 0
546 0
547 0
548 1
549 0
550 1
551 0
552 1
553 0
554 0
555 1
556 1
557 2
558 1
559 0
560 1
561 2
562 0
563 2
564 2
565 1
566 1
567 0
568 3
569 2
570 2
571 0
572 3
573 3
574 3
575 2
576 3
577 0
578 0
579 1
580 2
581 0
582 0
583 0
584 0
585 0
586 1
587 0
588 0
589 0
590 0
591 1
592 0
593 0
594 1
595 0
596 0
597 1
598 0
599 0
600 1
601 1
602 1
603 1
604 1
605 2
606 2
607 1
608 1
609 1
610 0
611 2
612 0
613 1
614 1
615 1
616 1
617 1
618 1
619 1
620 1
621 0
622 1
623 1
624 1
625 1
626 1
627 0
628 0
629 0
630 1
631 0
632 0
633 0
634 2
635 2
636 0
637 0
638 0
639 0
640 0
641 1
642 0
643 1
644 0
645 1
646 1
647 1
648 1
649 1
650 1
651 1
652 1
653 0
654 0
655 0
656 0
657 0
658 1
659 1
660 1
661 1
662 0
663 1
664 1
665 1
666 1
667 1
668 1
669 1
670 1
671 1
672 0
673 1
674 1
675 2
676 1
677 1
678 1
679 1
680 1
681 0
682 1
683 0
684 1
685 1
686 1
687 1
688 0
689 1
690 1
691 1
692 1
693 1
694 1
695 1
696 1
697 1
698 2
699 1
700 1
701 0
702 1
703 0
704 1
705 0
706 0
707 1
708 1
709 1
710 1
711 2
712 2
713 1
714 0
715 1
716 0
717 0
718 1
719 2
720 1
721 0
722 1
723 0
724 0
725 0
726 2
727 0
728 1
729 1
730 1
731 1
732 1
733 1
734 1
735 0
736 1
737 1
738 0
739 0
740 1
741 1
742 2
743 1
744 1
745 0
746 2
747 1
748 1
749 1
750 1
751 1
752 1
753 0
754 1
755 0
756 1
757 0
758 0
759 1
760 2
761 1
762 0
763 1
764 1
765 1
766 1
767 1
768 1
769 1
770 1
771 1
772 1
773 1
774 0
775 1
776 1
777 1
778 0
779 2
780 0
781 0
782 1
783 1
784 1
785 1
786 0
787 1
788 1
789 1
790 1
791 1
792 1
793 0
794 1
795 0
796 1
797 1
798 1
799 1
800 1
801 0
802 1
803 1
804 1
805 1
806 1
807 1
808 1
809 0
810 1
811 0
812 0
813 1
814 1
815 1
816 1
817 1
818 1
819 1
820 1
821 1
822 1
823 0
824 1
825 1
826 1
827 1
828 1
829 1
830 1
831 1
832 1
833 1
834 0
835 1
836 1
837 0
838 1
839 1
840 1
841 1
842 1
843 1
844 1
845 1
846 1
847 1
848 1
849 0
850 1
851 1
852 1
853 0
854 1
855 1
856 1
857 1
858 1
859 0
860 1
861 1
862 0
863 1
864 1
865 1
866 1
867 1
868 1
869 1
870 1
871 1
872 1
873 1
874 1
875 1
876 1
877 1
878 1
879 1
880 0
881 1
882 1
883 1
884 2
885 1
886 1
887 1
888 1
889 0
890 1
891 1
892 1
893 1
894 1
895 1
896 0
897 1
898 1
899 1
900 1
901 1
902 1
903 1
904 1
905 0
906 1
907 1
908 1
909 0
910 1
911 1
912 1
913 1
914 1
915 0
916 0
917 0
918 1
919 1
920 1
921 0
922 0
923 0
924 0
925 1
926 1
927 2
928 1
929 1
930 1
931 1
932 1
933 1
934 0
935 1
936 0
937 0
938 1
939 1
940 0
941 1
942 1
943 1
944 1
945 1
946 0
947 1
948 1
949 1
950 1
951 1
952 0
953 1
954 0
955 1
956 1
957 2
958 0
959 1
960 0
961 0
962 1
963 1
964 1
965 2
966 1
967 0
968 0
969 0
970 2
971 1
972 0
973 1
974 1
975 0
976 1
977 1
978 1
979 2
980 0
981 0
982 1
983 0
984 2
985 1
986 1
987 1
988 0
989 1
990 1
991 1
992 0
993 0
994 0
995 0
996 0
997 0
998 0
999 0
1000 0
1001 0
1002 0
1003 0
1004 1
1005 1
1006 0
1007 1
1008 1
1009 0
1010 1
1011 1
1012 1
1013 1
1014 1
1015 1
1016 1
1017 0
1018 1
1019 1
1020 1
1021 0
1022 1
1023 1
1024 0
1025 0
1026 1
1027 0
1028 1
1029 0
1030 1
1031 1
1032 1
1033 1
1034 1
1035 0
1036 0
1037 1
1038 1
1039 1
1040 1
1041 1
1042 1
1043 1
1044 1
1045 1
1046 1
1047 1
1048 0
1049 1
1050 1
1051 1
1052 0
1053 1
1054 1
1055 1
1056 0
1057 1
1058 1
1059 0
1060 1
1061 1
1062 1
1063 1
1064 0
1065 1
1066 1
1067 0
1068 0
1069 0
1070 0
1071 0
1072 0
1073 0
1074 0
1075 0
1076 1
1077 2
1078 2
1079 0
1080 0
1081 1
1082 0
1083 0
1084 0
1085 0
1086 0
1087 0
1088 0
1089 0
1090 0
1091 0
1092 0
1093 0
1094 0
1095 0
1096 0
1097 0
1098 0
1099 0
1100 0
1101 0
1102 0
1103 0
1104 0
1105 0
1106 1
1107 1
1108 1
1109 0
1110 1
1111 0
1112 0
1113 1
1114 1
1115 0
1116 0
1117 0
1118 0
1119 0
1120 0
1121 0
1122 0
1123 0
1124 0
1125 0
1126 0
1127 0
1128 0
1129 0
1130 0
1131 0
1132 0
1133 0
1134 0
1135 1
1136 1
1137 1
1138 1
1139 1
1140 1
1141 1
1142 0
1143 0
1144 0
1145 1
1146 0
1147 1
1148 0
1149 1
1150 1
1151 1
1152 0
1153 1
1154 1
1155 1
1156 0
1157 1
1158 0
1159 1
1160 1
1161 0
1162 0
1163 0
1164 0
1165 0
1166 0
1167 0
1168 0
1169 0
1170 0
1171 0
1172 0
1173 0
1174 0
1175 0
1176 0
1177 0
1178 0
1179 0
1180 0
1181 1
1182 0
1183 0
1184 0
1185 1
1186 1
1187 0
1188 0
1189 0
1190 0
1191 0
1192 0
1193 0
1194 0
1195 0
1196 0
1197 0
1198 0
1199 0
1200 0
1201 0
1202 0
1203 0
1204 0
1205 0
1206 0
1207 1
1208 0
1209 0
1210 0
1211 1
1212 0
1213 0
1214 0
1215 0
1216 0
1217 0
1218 0
1219 0
1220 0
1221 0
1222 1
1223 0
1224 0
1225 0
1226 0
1227 0
1228 0
1229 0
1230 0
1231 1
1232 0
1233 0
1234 0
1235 0
1236 0
1237 0
1238 0
1239 0
1240 0
1241 0
1242 0
1243 0
1244 0
1245 0
1246 0
1247 0
1248 0
1249 0
1250 0
1251 0
1252 0
1253 0
1254 0
1255 0
1256 2
1257 1
1258 3
1259 1
1260 0
1261 0
1262 0
1263 0
1264 0
1265 0
1266 1
1267 0
1268 0
1269 0
1270 0
1271 0
1272 0
1273 0
1274 0
1275 0
1276 0
1277 0
1278 0
1279 2
1280 0
1281 0
1282 0
1283 0
1284 0
1285 0
1286 0
1287 0
1288 0
1289 0
1290 0
1291 0
1292 0
1293 0
1294 0
1295 0
1296 0
1297 0
1298 0
1299 1
1300 0
1301 1
1302 1
1303 1
1304 2
1305 0
1306 0
1307 0
1308 0
1309 0
1310 0
1311 0
1312 0
1313 0
1314 0
1315 0
1316 0
1317 0
1318 0
1319 0
1320 0
1321 0
1322 0
1323 0
1324 1
1325 1
1326 1
1327 1
1328 0
1329 0
1330 0
1331 0
1332 0
1333 0
1334 0
1335 0
1336 0
1337 0
1338 0
1339 0
1340 1
1341 0
1342 0
1343 0
1344 0
1345 0
1346 0
1347 0
1348 0
1349 0
1350 0
1351 0
1352 0
1353 0
1354 0
1355 0
1356 0
1357 0
1358 0
1359 0
1360 0
1361 1
1362 0
1363 1
1364 0
1365 0
1366 0
1367 0
1368 0
1369 1
1370 0
1371 0
1372 0
1373 0
1374 0
1375 0
1376 0
1377 0
1378 0
1379 0
1380 0
1381 0
1382 0
1383 0
1384 0
1385 0
1386 0
1387 0
1388 0
1389 1
1390 1
1391 1
1392 1
1393 1
1394 1
1395 1
1396 0
1397 2
1398 0
1399 0
1400 0
1401 0
1402 0
1403 0
1404 0
1405 0
1406 0
1407 0
1408 0
1409 0
1410 0
1411 1
1412 0
1413 0
1414 0
1415 0
1416 0
1417 1
1418 0
1419 0
1420 0
1421 0
1422 0
1423 0
1424 0
1425 2
1426 2
1427 1
1428 2
1429 1
1430 1
1431 1
1432 0
1433 0
1434 1
1435 2
1436 0
1437 0
1438 1
1439 1
1440 0
1441 0
1442 1
1443 0
1444 1
1445 1
1446 1
1447 1
1448 1
1449 1
1450 2
1451 0
1452 1
1453 1
1454 1
1455 1
1456 0
1457 1
1458 0
1459 0
1460 1
1461 1
1462 1
1463 1
1464 0
1465 1
1466 1
1467 1
1468 1
1469 0
1470 1
1471 1
1472 1
1473 1
1474 1
1475 0
1476 1
1477 1
1478 1
1479 1
1480 1
1481 1
1482 1
1483 1
1484 1
1485 2
1486 1
1487 0
1488 1
1489 1
1490 1
1491 1
1492 0
1493 0
1494 1
1495 2
1496 1
1497 2
1498 3
1499 1
1500 0
1501 1
1502 1
1503 0
1504 1
1505 2
1506 0
1507 1
1508 0
1509 0
1510 2
1511 1
1512 2
1513 0
1514 0
1515 2
1516 0
1517 2
1518 1
1519 0
1520 0
1521 1
1522 0
1523 1
1524 1
1525 0
1526 0
1527 0
1528 0
1529 0
1530 2
1531 0
1532 0
1533 0
1534 1
1535 0
1536 0
1537 0
1538 2
1539 0
1540 0
1541 0
1542 0
1543 1
1544 1
1545 1
1546 1
1547 0
1548 0
1549 0
1550 0
1551 0
1552 0
1553 0
1554 0
1555 0
1556 0
1557 0
1558 0
1559 0
1560 0
1561 0
1562 0
1563 0
1564 0
1565 0
1566 0
1567 0
1568 0
1569 0
1570 0
1571 0
1572 1
1573 1
1574 1
1575 2
1576 0
1577 0
1578 3
1579 2
1580 2
1581 3
1582 1
1583 0
1584 2
1585 1
1586 1
1587 1
1588 2
1589 1
1590 0
1591 1
1592 1
1593 0
1594 1
1595 1
1596 1
1597 0
1598 0
1599 1
1600 2
1601 0
1602 2
1603 1
1604 1
1605 0
1606 0
1607 1
1608 0
1609 1
1610 1
1611 1
1612 1
1613 0
1614 2
1615 0
1616 1
1617 0
1618 2
1619 1
1620 1
1621 1
1622 0
1623 1
1624 1
1625 2
1626 2
1627 0
1628 0
1629 1
1630 1
1631 1
1632 0
1633 0
1634 1
1635 1
1636 1
1637 0
1638 0
1639 1
1640 1
1641 2
1642 2
1643 1
1644 0
1645 1
1646 0
1647 1
1648 1
1649 1
1650 1
1651 2
1652 1
1653 0
1654 1
1655 2
1656 0
1657 1
1658 1
1659 2
1660 0
1661 1
1662 0
1663 2
1664 0
1665 0
1666 1
1667 1
1668 1
1669 0
1670 1
1671 0
1672 2
1673 0
1674 0
1675 0
1676 1
1677 1
1678 1
1679 2
1680 1
1681 0
1682 1
1683 1
1684 1
1685 1
1686 1
1687 1
1688 0
1689 1
1690 2
1691 1
1692 1
1693 2
1694 2
1695 1
1696 0
1697 2
1698 0
1699 2
1700 2
1701 2
1702 1
1703 0
1704 0
1705 0
1706 2
1707 2
1708 1
1709 1
1710 2
1711 0
1712 2
1713 0
1714 2
1715 1
1716 0
1717 1
1718 2
1719 0
1720 3
1721 2
1722 1
1723 1
1724 0
1725 0
1726 0
1727 0
1728 2
1729 2
1730 2
1731 0
1732 1
1733 1
1734 2
1735 0
1736 0
1737 3
1738 0
1739 1
1740 1
1741 2
1742 1
1743 0
1744 1
1745 1
1746 0
1747 1
1748 1
1749 0
1750 0
1751 0
1752 0
1753 2
1754 0
1755 0
1756 0
1757 0
1758 0
1759 0
1760 0
1761 0
1762 0
1763 0
1764 1
1765 0
1766 0
1767 0
1768 0
1769 1
1770 0
1771 0
1772 0
1773 0
1774 1
1775 0
1776 0
1777 1
1778 0
1779 1
1780 2
1781 1
1782 1
1783 0
1784 0
1785 1
1786 0
1787 0
1788 0
1789 1
1790 0
1791 1
1792 1
1793 0
1794 0
1795 2
1796 1
1797 2
1798 0
1799 0
1800 0
1801 0
1802 0
1803 0
1804 1
1805 2
1806 1
1807 0
1808 0
1809 1
1810 0
1811 0
1812 1
1813 0
1814 0
1815 0
1816 1
1817 1
1818 1
1819 1
1820 1
1821 1
1822 1
1823 3
1824 3
1825 3
1826 1
1827 1
1828 1
1829 1
1830 1
1831 1
1832 2
1833 1
1834 1
1835 0
1836 1
1837 2
1838 0
1839 0
1840 0
1841 0
1842 0
1843 2
1844 0
1845 2
1846 0
1847 2
1848 2
1849 2
1850 0
1851 2
1852 2
1853 1
1854 0
1855 0
1856 0
1857 0
1858 0
1859 0
1860 0
1861 0
1862 1
1863 1
1864 1
1865 1
1866 1
1867 1
1868 1
1869 1
1870 1
1871 0
1872 0
1873 0
1874 0
1875 0
1876 0
1877 0
1878 1
1879 0
1880 1
1881 1
1882 1
1883 1
1884 0
1885 1
1886 1
1887 0
1888 0
1889 1
1890 1
1891 1
1892 2
1893 1
1894 0
1895 0
1896 1
1897 0
1898 0
1899 0
1900 0
1901 0
1902 1
1903 1
1904 1
1905 1
1906 1
1907 1
1908 1
1909 1
1910 0
1911 1
1912 1
1913 1
1914 1
1915 1
1916 0
1917 1
1918 1
1919 1
1920 0
1921 1
1922 1
1923 1
1924 1
1925 1
1926 1
1927 1
1928 1
1929 1
1930 1
1931 0
1932 1
1933 1
1934 1
1935 1
1936 1
1937 1
1938 1
1939 1
1940 0
1941 1
1942 1
1943 1
1944 1
1945 1
1946 0
1947 0
1948 1
1949 0
1950 1
1951 1
1952 1
1953 1
1954 0
1955 0
1956 1
1957 0
1958 1
1959 1
1960 1
1961 1
1962 0
1963 1
1964 1
1965 1
1966 0
1967 1
1968 1
1969 0
1970 1
1971 0
1972 1
1973 1
1974 1
1975 3
1976 1
1977 1
1978 0
1979 1
1980 1
1981 1
1982 0
1983 0
1984 0
1985 1
1986 1
1987 1
1988 1
1989 1
1990 1
1991 1
1992 0
1993 1
1994 1
1995 1
1996 1
1997 0
1998 1
1999 1
