0 0
1 4
2 0
3 0
4 0
5 0
6 0
7 1
8 0
9 1
10 0
11 0
12 1
13 2
14 0
15 0
16 1
17 0
18 0
19 0
20 0
21 0
22 1
23 0
24 2
25 2
26 1
27 2
28 2
29 1
30 1
31 1
32 1
33 1
34 1
35 1
36 0
37 0
38 0
39 0
40 0
41 0
42 0
43 1
44 1
45 1
46 0
47 2
48 0
49 1
50 2
51 0
52 0
53 1
54 1
55 1
56 0
57 0
58 0
59 0
60 1
61 1
62 0
63 1
64 1
65 1
66 2
67 0
68 0
69 0
70 0
71 3
72 0
73 0
74 0
75 0
76 0
77 0
78 1
79 0
80 0
81 1
82 1
83 0
84 1
85 1
86 1
87 2
88 3
89 2
90 0
91 0
92 2
93 1
94 0
95 1
96 1
97 0
98 2
99 1
100 2
101 2
102 1
103 2
104 2
105 1
106 0
107 1
108 3
109 0
110 0
111 0
112 1
113 0
114 1
115 0
116 1
117 1
118 1
119 0
120 2
121 1
122 1
123 1
124 0
125 1
126 0
127 1
128 0
129 1
130 1
131 0
132 1
133 3
134 2
135 0
136 0
137 2
138 1
139 1
140 2
141 1
142 2
143 3
144 1
145 2
146 1
147 2
148 2
149 1
150 2
151 2
152 2
153 4
154 2
155 2
156 2
157 1
158 1
159 2
160 1
161 2
162 1
163 1
164 0
165 0
166 1
167 1
168 1
169 2
170 0
171 1
172 1
173 1
174 0
175 1
176 1
177 3
178 1
179 2
180 0
181 3
182 2
183 1
184 2
185 2
186 1
187 2
188 1
189 0
190 1
191 2
192 0
193 1
194 1
195 2
196 1
197 1
198 2
199 3
200 1
201 1
202 1
203 1
204 2
205 3
206 1
207 2
208 2
209 2
210 3
211 2
212 3
213 2
214 2
215 2
216 1
217 0
218 0
219 3
220 2
221 1
222 2
223 1
224 1
225 3
226 1
227 1
228 2
229 1
230 2
231 2
232 2
233 0
234 0
235 2
236 2
237 3
238 1
239 2
240 2
241 2
242 2
243 1
244 1
245 2
246 2
247 1
248 1
249 1
250 1
251 1
252 2
253 1
254 0
255 0
256 0
257 2
258 2
259 2
260 0
261 2
262 1
263 1
264 1
265 1
266 2
267 2
268 1
269 2
270 4
271 1
272 2
273 3
274 2
275 2
276 2
277 2
278 3
279 3
280 1
281 1
282 2
283 2
284 2
285 3
286 0
287 2
288 2
289 2
290 2
291 2
292 2
293 2
294 2
295 2
296 2
297 2
298 2
299 2
300 2
301 0
302 2
303 1
304 2
305 2
306 2
307 1
308 2
309 2
310 1
311 2
312 2
313 2
314 2
315 2
316 2
317 2
318 3
319 1
320 1
321 2
322 2
323 1
324 0
325 1
326 3
327 2
328 2
329 1
330 2
331 3
332 1
333 3
334 1
335 2
336 2
337 2
338 1
339 0
340 1
341 2
342 2
343 2
344 2
345 1
346 2
347 1
348 2
349 2
350 3
351 2
352 1
353 2
354 2
355 2
356 1
357 2
358 2
359 1
360 2
361 0
362 2
363 2
364 1
365 2
366 2
367 2
368 0
369 1
370 0
371 0
372 1
373 1
374 0
375 0
376 1
377 1
378 1
379 1
380 0
381 2
382 2
383 2
384 2
385 1
386 1
387 1
388 2
389 2
390 2
391 2
392 2
393 1
394 1
395 2
396 4
397 2
398 2
399 3
400 2
401 1
402 2
403 3
404 4
405 2
406 2
407 2
408 2
409 3
410 4
411 0
412 2
413 2
414 3
415 1
416 1
417 2
418 1
419 3
420 2
421 3
422 1
423 2
424 2
425 3
426 2
427 2
428 2
429 2
430 2
431 1
432 3
433 3
434 2
435 3
436 0
437 2
438 2
439 2
440 1
441 2
442 2
443 1
444 2
445 2
446 1
447 2
448 2
449 2
450 2
451 2
452 2
453 1
454 2
455 2
456 2
457 1
458 1
459 1
460 2
461 2
462 1
463 2
464 2
465 0
466 1
467 0
468 0
469 1
470 1
471 2
472 1
473 0
474 1
475 2
476 1
477 1
478 1
479 0
480 0
481 2
482 1
483 1
484 2
485 2
486 2
487 0
488 0
489 3
490 1
491 0
492 1
493 1
494 2
495 1
496 2
497 1
498 1
499 0
500 1
501 0
502 1
503 2
504 1
505 2
506 3
507 2
508 1
509 2
510 2
511 2
512 2
513 1
514 2
515 4
516 1
517 3
518 2
519 1
520 1
521 2
522 1
523 2
524 2
525 2
526 2
527 3
528 2
529 1
530 2
531 1
532 2
533 3
534 2
535 2
536 2
537 2
538 2
539 2
540 2
541 3
542 2
543 2
544 1
545 2
546 2
547 1
548 2
549 2
550 2
551 2
552 3
553 1
554 2
555 2
556 2
557 2
558 1
559 2
560 2
561 2
562 2
563 2
564 2
565 0
566 3
567 2
568 3
569 2
570 3
571 2
572 3
573 1
574 2
575 2
576 2
577 2
578 1
579 1
580 2
581 3
582 2
583 2
584 2
585 1
586 1
587 1
588 2
589 2
590 3
591 2
592 2
593 0
594 2
595 1
596 2
597 3
598 2
599 2
600 1
601 2
602 3
603 2
604 2
605 2
606 0
607 2
608 0
609 1
610 2
611 2
612 2
613 2
614 2
615 0
616 3
617 0
618 1
619 1
620 1
621 1
622 1
623 0
624 0
625 0
626 2
627 1
628 0
629 3
630 1
631 0
632 1
633 3
634 0
635 0
636 1
637 1
638 1
639 4
640 0
641 1
642 1
643 1
644 1
645 0
646 0
647 3
648 1
649 1
650 1
651 1
652 1
653 0
654 2
655 0
656 1
657 0
658 0
659 0
660 1
661 1
662 2
663 2
664 2
665 1
666 3
667 2
668 2
669 2
670 1
671 0
672 2
673 2
674 2
675 2
676 1
677 2
678 2
679 2
680 1
681 2
682 2
683 2
684 2
685 1
686 2
687 2
688 2
689 2
690 3
691 2
692 2
693 1
694 2
695 3
696 1
697 2
698 3
699 0
700 2
701 3
702 2
703 2
704 2
705 2
706 2
707 3
708 2
709 2
710 1
711 2
712 2
713 2
714 1
715 0
716 1
717 1
718 0
719 0
720 3
721 0
722 1
723 0
724 2
725 1
726 0
727 0
728 0
729 0
730 0
731 0
732 0
733 0
734 0
735 1
736 0
737 0
738 0
739 0
740 1
741 2
742 0
743 0
744 0
745 0
746 1
747 2
748 2
749 1
750 2
751 2
752 1
753 0
754 0
755 1
756 2
757 1
758 2
759 2
760 3
761 2
762 2
763 2
764 2
765 2
766 1
767 3
768 2
769 3
770 2
771 2
772 2
773 2
774 0
775 0
776 0
777 1
778 1
779 1
780 1
781 1
782 1
783 0
784 0
785 2
786 1
787 1
788 1
789 2
790 2
791 2
792 2
793 3
794 2
795 3
796 2
797 2
798 3
799 2
800 2
801 3
802 0
803 1
804 1
805 3
806 3
807 2
808 1
809 2
810 0
811 0
812 0
813 1
814 1
815 1
816 1
817 1
818 1
819 1
820 1
821 1
822 0
823 1
824 1
825 1
826 1
827 0
828 1
829 0
830 1
831 0
832 0
833 1
834 1
835 1
836 2
837 1
838 1
839 1
840 2
841 1
842 1
843 0
844 1
845 1
846 1
847 0
848 0
849 0
850 0
851 0
852 0
853 0
854 1
855 2
856 2
857 1
858 1
859 2
860 2
861 1
862 1
863 1
864 1
865 2
866 1
867 2
868 1
869 3
870 2
871 2
872 2
873 2
874 2
875 1
876 2
877 3
878 2
879 0
880 2
881 1
882 1
883 1
884 2
885 2
886 2
887 2
888 2
889 2
890 1
891 2
892 2
893 3
894 2
895 2
896 2
897 2
898 2
899 4
900 2
901 3
902 2
903 2
904 1
905 2
906 2
907 2
908 1
909 2
910 2
911 2
912 2
913 2
914 1
915 1
916 0
917 2
918 1
919 0
920 2
921 2
922 1
923 2
924 2
925 2
926 2
927 2
928 2
929 2
930 2
931 3
932 2
933 2
934 2
935 3
936 2
937 3
938 1
939 2
940 1
941 4
942 1
943 0
944 1
945 3
946 1
947 0
948 0
949 0
950 0
951 0
952 0
953 0
954 0
955 2
956 1
957 3
958 2
959 1
960 0
961 0
962 2
963 1
964 2
965 2
966 2
967 3
968 2
969 0
970 2
971 1
972 2
973 0
974 1
975 1
976 2
977 1
978 2
979 2
980 1
981 2
982 1
983 2
984 2
985 2
986 3
987 1
988 2
989 3
990 1
991 2
992 2
993 2
994 2
995 4
996 3
997 3
998 1
999 2
1000 2
1001 2
1002 0
1003 2
1004 0
1005 1
1006 0
1007 2
1008 0
1009 1
1010 1
1011 2
1012 0
1013 3
1014 1
1015 0
1016 2
1017 3
1018 2
1019 0
1020 1
1021 1
1022 2
1023 1
1024 1
1025 1
1026 2
1027 1
1028 1
1029 1
1030 2
1031 3
1032 1
1033 2
1034 3
1035 2
1036 2
1037 2
1038 2
1039 2
1040 2
1041 2
1042 2
1043 1
1044 3
1045 1
1046 1
1047 3
1048 2
1049 2
1050 1
1051 2
1052 2
1053 2
1054 2
1055 3
1056 2
1057 2
1058 2
1059 2
1060 2
1061 1
1062 1
1063 3
1064 1
1065 2
1066 2
1067 1
1068 2
1069 1
1070 2
1071 1
1072 2
1073 3
1074 2
1075 1
1076 2
1077 2
1078 2
1079 3
1080 1
1081 1
1082 3
1083 0
1084 1
1085 2
1086 0
1087 1
1088 1
1089 0
1090 1
1091 0
1092 1
1093 1
1094 1
1095 1
1096 1
1097 1
1098 1
1099 1
1100 1
1101 0
1102 1
1103 1
1104 2
1105 2
1106 2
1107 0
1108 0
1109 2
1110 2
1111 1
1112 3
1113 2
1114 2
1115 1
1116 2
1117 2
1118 2
1119 1
1120 2
1121 2
1122 2
1123 1
1124 2
1125 1
1126 1
1127 2
1128 2
1129 2
1130 2
1131 2
1132 3
1133 1
1134 3
1135 0
1136 1
1137 0
1138 2
1139 3
1140 2
1141 2
1142 1
1143 1
1144 2
1145 2
1146 2
1147 0
1148 2
1149 2
1150 1
1151 4
1152 1
1153 2
1154 2
1155 2
1156 2
1157 2
1158 1
1159 2
1160 2
1161 2
1162 2
1163 0
1164 1
1165 2
1166 1
1167 2
1168 1
1169 1
1170 1
1171 3
1172 2
1173 1
1174 1
1175 1
1176 2
1177 1
1178 0
1179 0
1180 1
1181 1
1182 1
1183 1
1184 0
1185 1
1186 1
1187 3
1188 0
1189 2
1190 2
1191 1
1192 1
1193 1
1194 1
1195 1
1196 0
1197 3
1198 0
1199 0
1200 1
1201 2
1202 0
1203 1
1204 1
1205 0
1206 1
1207 0
1208 0
1209 0
1210 0
1211 0
1212 1
1213 0
1214 1
1215 0
1216 1
1217 2
1218 1
1219 2
1220 2
1221 2
1222 1
1223 2
1224 2
1225 2
1226 2
1227 2
1228 2
1229 2
1230 2
1231 2
1232 0
1233 1
1234 3
1235 2
1236 2
1237 3
1238 1
1239 2
1240 2
1241 3
1242 2
1243 2
1244 2
1245 3
1246 2
1247 2
1248 3
1249 3
1250 2
1251 2
1252 2
1253 2
1254 2
1255 3
1256 2
1257 3
1258 2
1259 2
1260 3
1261 2
1262 1
1263 3
1264 2
1265 2
1266 3
1267 2
1268 2
1269 2
1270 1
1271 1
1272 2
1273 2
1274 1
1275 2
1276 1
1277 1
1278 0
1279 2
1280 0
1281 2
1282 2
1283 1
1284 4
1285 2
1286 3
1287 2
1288 2
1289 0
1290 2
1291 1
1292 1
1293 2
1294 2
1295 2
1296 1
1297 2
1298 2
1299 2
1300 2
1301 2
1302 1
1303 2
1304 2
1305 3
1306 2
1307 2
1308 0
1309 2
1310 2
1311 0
1312 2
1313 2
1314 2
1315 1
1316 2
1317 2
1318 0
1319 2
1320 2
1321 2
1322 1
1323 2
1324 1
1325 2
1326 2
1327 3
1328 2
1329 2
1330 1
1331 4
1332 2
1333 2
1334 2
1335 1
1336 2
1337 3
1338 3
1339 3
1340 0
1341 2
1342 2
1343 2
1344 1
1345 2
1346 2
1347 2
1348 2
1349 3
1350 1
1351 2
1352 2
1353 2
1354 1
1355 1
1356 0
1357 1
1358 1
1359 1
1360 1
1361 2
1362 2
1363 3
1364 2
1365 2
1366 2
1367 1
1368 2
1369 2
1370 3
1371 3
1372 1
1373 2
1374 2
1375 3
1376 1
1377 1
1378 2
1379 3
1380 2
1381 2
1382 2
1383 1
1384 2
1385 2
1386 2
1387 1
1388 2
1389 2
1390 1
1391 2
1392 2
1393 2
1394 0
1395 2
1396 1
1397 2
1398 2
1399 2
1400 3
1401 2
1402 1
1403 2
1404 2
1405 2
1406 2
1407 1
1408 1
1409 2
1410 2
1411 1
1412 1
1413 2
1414 3
1415 2
1416 1
1417 1
1418 0
1419 2
1420 2
1421 3
1422 1
1423 3
1424 3
1425 1
1426 2
1427 1
1428 2
1429 2
1430 3
1431 2
1432 1
1433 2
1434 1
1435 1
1436 1
1437 2
1438 2
1439 2
1440 2
1441 2
1442 2
1443 2
1444 1
1445 1
1446 2
1447 2
1448 2
1449 2
1450 2
1451 2
1452 1
1453 2
1454 2
1455 1
1456 1
1457 2
1458 3
1459 2
1460 1
1461 2
1462 2
1463 2
1464 1
1465 2
1466 2
1467 2
1468 2
1469 1
1470 2
1471 2
1472 2
1473 2
1474 1
1475 2
1476 2
1477 2
1478 2
1479 2
1480 2
1481 1
1482 2
1483 2
1484 2
1485 2
1486 2
1487 2
1488 1
1489 2
1490 2
1491 1
1492 3
1493 3
1494 4
1495 2
1496 2
1497 0
1498 2
1499 3
1500 1
1501 2
1502 2
1503 2
1504 4
1505 1
1506 3
1507 1
1508 4
1509 3
1510 2
1511 1
1512 2
1513 2
1514 2
1515 1
1516 2
1517 2
1518 3
1519 2
1520 2
1521 1
1522 2
1523 2
1524 3
1525 2
1526 3
1527 2
1528 2
1529 2
1530 2
1531 2
1532 2
1533 2
1534 1
1535 2
1536 2
1537 2
1538 2
1539 2
1540 1
1541 2
1542 3
1543 2
1544 1
1545 4
1546 2
1547 2
1548 2
1549 2
1550 2
1551 2
1552 0
1553 1
1554 0
1555 0
1556 1
1557 0
1558 0
1559 0
1560 0
1561 1
1562 3
1563 0
1564 1
1565 0
1566 0
1567 1
1568 2
1569 3
1570 1
1571 1
1572 2
1573 1
1574 0
1575 0
1576 1
1577 3
1578 2
1579 1
1580 0
1581 1
1582 1
1583 1
1584 1
1585 1
1586 1
1587 1
1588 0
1589 2
1590 1
1591 0
1592 3
1593 1
1594 1
1595 1
1596 0
1597 2
1598 1
1599 0
1600 1
1601 0
1602 1
1603 1
1604 1
1605 0
1606 1
1607 1
1608 2
1609 1
1610 3
1611 2
1612 2
1613 1
1614 2
1615 3
1616 2
1617 2
1618 2
1619 2
1620 3
1621 2
1622 2
1623 0
1624 2
1625 2
1626 3
1627 2
1628 2
1629 2
1630 2
1631 2
1632 2
1633 1
1634 2
1635 2
1636 2
1637 2
1638 3
1639 2
1640 2
1641 2
1642 1
1643 3
1644 2
1645 2
1646 3
1647 1
1648 1
1649 0
1650 1
1651 2
1652 1
1653 1
1654 2
1655 1
1656 0
1657 1
1658 1
1659 1
1660 1
1661 1
1662 2
1663 2
1664 2
1665 3
1666 1
1667 1
1668 1
1669 4
1670 0
1671 0
1672 0
1673 1
1674 1
1675 0
1676 0
1677 0
1678 0
1679 0
1680 1
1681 1
1682 0
1683 1
1684 0
1685 1
1686 1
1687 1
1688 1
1689 0
1690 1
1691 1
1692 1
1693 1
1694 0
1695 1
1696 1
1697 1
1698 0
1699 1
1700 2
1701 1
1702 0
1703 1
1704 1
1705 1
1706 1
1707 2
1708 1
1709 1
1710 1
1711 1
1712 1
1713 1
1714 1
1715 1
1716 1
1717 0
1718 0
1719 0
1720 1
1721 1
1722 1
1723 1
1724 1
1725 2
1726 0
1727 0
1728 1
1729 1
1730 1
1731 0
1732 0
1733 0
1734 2
1735 1
1736 0
1737 1
1738 1
1739 0
1740 1
1741 1
1742 1
1743 2
1744 2
1745 3
1746 1
1747 1
1748 1
1749 2
1750 1
1751 1
1752 1
1753 1
1754 1
1755 1
1756 1
1757 2
1758 1
1759 1
1760 0
1761 1
1762 1
1763 0
1764 0
1765 1
1766 1
1767 2
1768 0
1769 0
1770 1
1771 2
1772 1
1773 2
1774 0
1775 0
1776 0
1777 1
1778 0
1779 1
1780 1
1781 2
1782 3
1783 2
1784 2
1785 2
1786 2
1787 0
1788 1
1789 1
1790 2
1791 1
1792 1
1793 2
1794 2
1795 1
1796 3
1797 0
1798 1
1799 1
1800 1
1801 1
1802 1
1803 2
1804 1
1805 0
1806 0
1807 1
1808 0
1809 1
1810 1
1811 1
1812 2
1813 2
1814 0
1815 1
1816 2
1817 1
1818 1
1819 0
1820 0
1821 1
1822 0
1823 1
1824 3
1825 0
1826 2
1827 1
1828 2
1829 2
1830 0
1831 0
1832 0
1833 2
1834 0
1835 1
1836 0
1837 1
1838 1
1839 2
1840 1
1841 2
1842 1
1843 2
1844 3
1845 1
1846 1
1847 2
1848 0
1849 1
1850 1
1851 0
1852 1
1853 0
1854 0
1855 1
1856 0
1857 1
1858 1
1859 1
1860 1
1861 3
1862 3
1863 0
1864 0
1865 3
1866 1
1867 0
1868 0
1869 1
1870 1
1871 1
1872 1
1873 1
1874 1
1875 0
1876 0
1877 3
1878 1
1879 2
1880 2
1881 2
1882 1
1883 1
1884 2
1885 2
1886 2
1887 1
1888 1
1889 2
1890 4
1891 1
1892 3
1893 3
1894 1
1895 2
1896 1
1897 1
1898 2
1899 2
1900 4
1901 1
1902 2
1903 2
1904 2
1905 2
1906 2
1907 1
1908 3
1909 1
1910 2
1911 2
1912 2
1913 3
1914 3
1915 3
1916 1
1917 1
1918 1
1919 2
1920 1
1921 0
1922 1
1923 1
1924 1
1925 3
1926 3
1927 3
1928 1
1929 2
1930 2
1931 1
1932 2
1933 2
1934 2
1935 2
1936 2
1937 3
1938 3
1939 1
1940 3
1941 3
1942 2
1943 2
1944 3
1945 3
1946 2
1947 1
1948 1
1949 1
1950 2
1951 1
1952 3
1953 4
1954 2
1955 2
1956 3
1957 2
1958 2
1959 1
1960 2
1961 2
1962 1
1963 1
1964 2
1965 1
1966 1
1967 1
1968 2
1969 1
1970 2
1971 1
1972 0
1973 1
1974 2
1975 2
1976 1
1977 1
1978 1
1979 2
1980 2
1981 2
1982 3
1983 2
1984 3
1985 2
1986 1
1987 2
1988 2
1989 1
1990 2
1991 1
1992 1
1993 1
1994 1
1995 1
1996 1
1997 2
1998 2
1999 2
