0 0
1 0
2 0
3 0
4 0
5 0
6 0
7 0
8 0
9 0
10 0
11 0
12 0
13 0
14 0
15 0
16 0
17 0
18 0
19 0
20 0
21 0
22 0
23 0
24 1
25 1
26 0
27 0
28 0
29 0
30 0
31 0
32 0
33 0
34 0
35 0
36 0
37 0
38 0
39 0
40 0
41 0
42 0
43 0
44 0
45 0
46 0
47 0
48 0
49 0
50 0
51 0
52 0
53 0
54 0
55 0
56 0
57 0
58 0
59 0
60 0
61 0
62 0
63 0
64 0
65 0
66 1
67 0
68 0
69 0
70 0
71 0
72 0
73 0
74 1
75 2
76 1
77 0
78 0
79 3
80 2
81 3
82 2
83 1
84 0
85 0
86 0
87 0
88 0
89 0
90 0
91 0
92 0
93 0
94 0
95 0
96 0
97 2
98 0
99 0
100 0
101 2
102 1
103 1
104 0
105 0
106 0
107 0
108 0
109 0
110 0
111 0
112 0
113 0
114 0
115 0
116 0
117 0
118 0
119 0
120 0
121 0
122 0
123 0
124 0
125 0
126 0
127 0
128 0
129 0
130 2
131 2
132 2
133 2
134 2
135 1
136 0
137 0
138 0
139 1
140 2
141 1
142 1
143 0
144 0
145 2
146 2
147 0
148 0
149 0
150 0
151 1
152 1
153 1
154 0
155 1
156 1
157 1
158 1
159 2
160 3
161 0
162 1
163 1
164 1
165 1
166 1
167 2
168 1
169 3
170 0
171 2
172 1
173 1
174 0
175 0
176 1
177 1
178 1
179 1
180 1
181 1
182 1
183 0
184 0
185 0
186 0
187 1
188 1
189 2
190 1
191 1
192 1
193 1
194 1
195 0
196 1
197 1
198 1
199 1
200 0
201 1
202 2
203 1
204 2
205 1
206 0
207 1
208 1
209 1
210 2
211 1
212 0
213 2
214 1
215 1
216 1
217 2
218 1
219 1
220 1
221 1
222 2
223 2
224 1
225 1
226 1
227 0
228 2
229 1
230 1
231 1
232 0
233 0
234 2
235 1
236 1
237 1
238 1
239 1
240 0
241 0
242 1
243 1
244 0
245 1
246 1
247 1
248 1
249 0
250 1
251 1
252 1
253 1
254 1
255 1
256 1
257 1
258 1
259 1
260 1
261 1
262 1
263 0
264 0
265 1
266 1
267 1
268 3
269 1
270 2
271 2
272 0
273 1
274 1
275 1
276 0
277 2
278 1
279 2
280 1
281 1
282 1
283 2
284 1
285 1
286 2
287 0
288 1
289 0
290 2
291 1
292 1
293 0
294 3
295 0
296 1
297 1
298 0
299 0
300 0
301 0
302 1
303 1
304 2
305 1
306 1
307 3
308 1
309 0
310 1
311 3
312 0
313 1
314 1
315 2
316 1
317 0
318 2
319 1
320 1
321 1
322 0
323 2
324 1
325 0
326 1
327 1
328 2
329 1
330 1
331 1
332 2
333 1
334 2
335 1
336 2
337 2
338 1
339 2
340 1
341 1
342 1
343 1
344 1
345 1
346 1
347 0
348 1
349 0
350 0
351 1
352 1
353 2
354 1
355 2
356 1
357 1
358 1
359 1
360 1
361 0
362 0
363 0
364 1
365 2
366 1
367 1
368 0
369 1
370 2
371 0
372 1
373 1
374 1
375 1
376 1
377 0
378 1
379 1
380 1
381 1
382 1
383 2
384 2
385 1
386 0
387 1
388 1
389 1
390 1
391 1
392 1
393 1
394 1
395 1
396 1
397 0
398 0
399 1
400 1
401 1
402 1
403 1
404 0
405 1
406 0
407 0
408 0
409 0
410 1
411 0
412 1
413 0
414 0
415 1
416 0
417 1
418 1
419 1
420 1
421 1
422 1
423 1
424 0
425 1
426 1
427 0
428 1
429 2
430 2
431 1
432 1
433 2
434 2
435 1
436 2
437 1
438 1
439 1
440 1
441 1
442 1
443 2
444 0
445 0
446 0
447 0
448 0
449 0
450 0
451 0
452 0
453 0
454 0
455 0
456 0
457 0
458 0
459 0
460 0
461 0
462 0
463 0
464 0
465 0
466 0
467 0
468 0
469 0
470 0
471 0
472 0
473 0
474 0
475 0
476 0
477 0
478 0
479 0
480 0
481 0
482 0
483 0
484 0
485 0
486 0
487 0
488 1
489 0
490 1
491 0
492 0
493 0
494 0
495 0
496 0
497 0
498 0
499 0
500 0
501 0
502 0
503 0
504 0
505 0
506 0
507 0
508 0
509 0
510 0
511 0
512 0
513 0
514 0
515 0
516 0
517 0
518 0
519 0
520 0
521 0
522 0
523 0
524 0
525 0
526 0
527 0
528 0
529 0
530 0
531 0
532 0
533 0
534 0
535 0
536 0
537 0
538 0
539 0
540 0
541 0
542 0
543 0
544 0
545 0
546 0
547 0
548 0
549 2
550 1
551 0
552 1
553 0
554 0
555 1
556 3
557 3
558 1
559 2
560 2
561 1
562 2
563 3
564 2
565 0
566 3
567 1
568 2
569 2
570 2
571 0
572 2
573 4
574 2
575 0
576 1
577 1
578 1
579 2
580 3
581 2
582 1
583 2
584 3
585 2
586 2
587 1
588 1
589 1
590 1
591 3
592 1
593 3
594 1
595 0
596 1
597 4
598 1
599 1
600 1
601 2
602 3
603 2
604 1
605 3
606 1
607 1
608 2
609 2
610 2
611 1
612 2
613 1
614 2
615 2
616 3
617 1
618 2
619 2
620 2
621 1
622 2
623 2
624 2
625 2
626 1
627 1
628 1
629 1
630 1
631 2
632 1
633 0
634 1
635 1
636 1
637 0
638 0
639 1
640 1
641 2
642 1
643 0
644 0
645 2
646 0
647 0
648 1
649 1
650 0
651 0
652 2
653 1
654 2
655 1
656 1
657 0
658 0
659 0
660 0
661 0
662 0
663 0
664 0
665 0
666 0
667 0
668 1
669 0
670 1
671 1
672 1
673 0
674 2
675 2
676 1
677 2
678 2
679 2
680 0
681 0
682 1
683 1
684 2
685 1
686 1
687 1
688 2
689 2
690 2
691 1
692 1
693 1
694 0
695 1
696 0
697 2
698 1
699 1
700 1
701 1
702 2
703 2
704 2
705 2
706 2
707 2
708 1
709 1
710 1
711 3
712 3
713 2
714 2
715 1
716 2
717 3
718 3
719 2
720 2
721 2
722 2
723 3
724 2
725 3
726 1
727 4
728 1
729 3
730 0
731 2
732 2
733 4
734 4
735 1
736 1
737 0
738 2
739 1
740 2
741 1
742 0
743 2
744 4
745 2
746 3
747 3
748 1
749 1
750 3
751 3
752 1
753 2
754 0
755 1
756 3
757 1
758 3
759 0
760 1
761 1
762 1
763 2
764 4
765 2
766 2
767 2
768 3
769 1
770 1
771 1
772 0
773 1
774 3
775 1
776 2
777 1
778 2
779 1
780 1
781 1
782 1
783 0
784 1
785 1
786 2
787 1
788 1
789 1
790 0
791 2
792 1
793 2
794 1
795 2
796 2
797 1
798 1
799 0
800 0
801 0
802 1
803 1
804 1
805 0
806 0
807 1
808 0
809 0
810 1
811 1
812 1
813 2
814 0
815 0
816 0
817 2
818 1
819 1
820 0
821 1
822 1
823 0
824 1
825 0
826 1
827 0
828 1
829 0
830 1
831 1
832 1
833 0
834 1
835 1
836 2
837 1
838 1
839 2
840 1
841 2
842 2
843 2
844 3
845 2
846 2
847 3
848 1
849 1
850 4
851 0
852 1
853 0
854 0
855 0
856 1
857 1
858 2
859 0
860 1
861 0
862 2
863 1
864 1
865 2
866 4
867 2
868 2
869 3
870 2
871 3
872 0
873 1
874 1
875 0
876 3
877 2
878 2
879 0
880 2
881 4
882 1
883 3
884 2
885 1
886 1
887 2
888 1
889 1
890 2
891 2
892 3
893 0
894 0
895 0
896 1
897 1
898 1
899 0
900 0
901 0
902 0
903 1
904 0
905 0
906 1
907 1
908 1
909 1
910 0
911 1
912 0
913 1
914 0
915 1
916 1
917 0
918 1
919 1
920 1
921 1
922 1
923 1
924 0
925 2
926 1
927 1
928 1
929 0
930 0
931 1
932 1
933 0
934 0
935 1
936 0
937 1
938 0
939 1
940 1
941 1
942 1
943 1
944 1
945 0
946 3
947 2
948 2
949 3
950 3
951 2
952 2
953 4
954 3
955 3
956 3
957 3
958 3
959 2
960 2
961 3
962 1
963 2
964 2
965 2
966 3
967 1
968 3
969 4
970 3
971 2
972 1
973 0
974 1
975 2
976 1
977 0
978 2
979 2
980 1
981 2
982 1
983 1
984 1
985 0
986 0
987 0
988 1
989 0
990 0
991 0
992 0
993 1
994 0
995 1
996 2
997 0
998 3
999 2
1000 2
1001 1
1002 1
1003 1
1004 1
1005 3
1006 0
1007 0
1008 0
1009 0
1010 0
1011 0
1012 1
1013 0
1014 0
1015 1
1016 0
1017 0
1018 0
1019 1
1020 0
1021 1
1022 0
1023 0
1024 0
1025 1
1026 0
1027 0
1028 0
1029 0
1030 0
1031 0
1032 0
1033 0
1034 0
1035 0
1036 1
1037 0
1038 1
1039 0
1040 1
1041 0
1042 0
1043 0
1044 0
1045 1
1046 1
1047 1
1048 0
1049 0
1050 0
1051 1
1052 1
1053 2
1054 0
1055 1
1056 1
1057 0
1058 1
1059 1
1060 1
1061 1
1062 1
1063 0
1064 3
1065 0
1066 1
1067 0
1068 1
1069 1
1070 1
1071 1
1072 1
1073 1
1074 1
1075 0
1076 0
1077 0
1078 2
1079 1
1080 1
1081 1
1082 1
1083 1
1084 2
1085 1
1086 2
1087 1
1088 1
1089 0
1090 2
1091 2
1092 0
1093 1
1094 1
1095 1
1096 2
1097 1
1098 0
1099 0
1100 0
1101 0
1102 0
1103 0
1104 2
1105 1
1106 1
1107 1
1108 3
1109 3
1110 2
1111 1
1112 2
1113 1
1114 3
1115 2
1116 1
1117 1
1118 2
1119 2
1120 1
1121 2
1122 2
1123 3
1124 1
1125 1
1126 2
1127 2
1128 2
1129 2
1130 2
1131 2
1132 2
1133 3
1134 3
1135 1
1136 2
1137 3
1138 2
1139 3
1140 1
1141 1
1142 2
1143 2
1144 1
1145 0
1146 3
1147 2
1148 2
1149 3
1150 1
1151 1
1152 2
1153 1
1154 0
1155 2
1156 1
1157 1
1158 3
1159 2
1160 0
1161 1
1162 2
1163 1
1164 3
1165 3
1166 3
1167 2
1168 2
1169 1
1170 3
1171 1
1172 2
1173 4
1174 3
1175 0
1176 0
1177 2
1178 1
1179 2
1180 1
1181 2
1182 1
1183 0
1184 1
1185 1
1186 1
1187 1
1188 1
1189 1
1190 1
1191 0
1192 2
1193 2
1194 1
1195 2
1196 3
1197 0
1198 3
1199 1
1200 0
1201 1
1202 1
1203 1
1204 1
1205 1
1206 1
1207 1
1208 1
1209 1
1210 2
1211 0
1212 1
1213 1
1214 2
1215 2
1216 1
1217 0
1218 1
1219 1
1220 2
1221 2
1222 0
1223 3
1224 2
1225 0
1226 3
1227 0
1228 1
1229 0
1230 2
1231 0
1232 0
1233 0
1234 1
1235 1
1236 1
1237 0
1238 0
1239 0
1240 1
1241 3
1242 1
1243 1
1244 1
1245 1
1246 1
1247 1
1248 1
1249 1
1250 1
1251 1
1252 1
1253 1
1254 2
1255 1
1256 1
1257 1
1258 4
1259 3
1260 2
1261 2
1262 1
1263 0
1264 2
1265 0
1266 1
1267 1
1268 1
1269 0
1270 0
1271 0
1272 0
1273 2
1274 0
1275 1
1276 1
1277 2
1278 1
1279 1
1280 0
1281 0
1282 1
1283 1
1284 0
1285 2
1286 1
1287 1
1288 1
1289 1
1290 0
1291 1
1292 2
1293 1
1294 1
1295 0
1296 1
1297 1
1298 1
1299 1
1300 0
1301 0
1302 2
1303 1
1304 0
1305 1
1306 2
1307 1
1308 1
1309 0
1310 1
1311 1
1312 2
1313 1
1314 0
1315 2
1316 1
1317 2
1318 1
1319 1
1320 1
1321 0
1322 1
1323 1
1324 1
1325 1
1326 2
1327 1
1328 0
1329 1
1330 2
1331 1
1332 1
1333 0
1334 0
1335 0
1336 0
1337 0
1338 1
1339 1
1340 1
1341 1
1342 1
1343 0
1344 0
1345 0
1346 1
1347 1
1348 1
1349 1
1350 1
1351 2
1352 1
1353 1
1354 0
1355 1
1356 1
1357 2
1358 2
1359 1
1360 0
1361 1
1362 1
1363 1
1364 1
1365 2
1366 0
1367 1
1368 1
1369 1
1370 1
1371 0
1372 2
1373 1
1374 1
1375 0
1376 2
1377 0
1378 0
1379 0
1380 0
1381 0
1382 2
1383 1
1384 1
1385 0
1386 1
1387 1
1388 2
1389 1
1390 1
1391 1
1392 1
1393 1
1394 1
1395 0
1396 1
1397 1
1398 1
1399 0
1400 0
1401 1
1402 0
1403 2
1404 2
1405 0
1406 0
1407 1
1408 0
1409 0
1410 1
1411 1
1412 1
1413 2
1414 1
1415 1
1416 3
1417 2
1418 1
1419 0
1420 0
1421 1
1422 2
1423 0
1424 2
1425 1
1426 1
1427 2
1428 1
1429 1
1430 1
1431 1
1432 1
1433 1
1434 0
1435 2
1436 1
1437 1
1438 0
1439 1
1440 2
1441 1
1442 1
1443 0
1444 2
1445 0
1446 1
1447 1
1448 1
1449 1
1450 1
1451 2
1452 1
1453 2
1454 1
1455 1
1456 2
1457 0
1458 0
1459 0
1460 1
1461 1
1462 1
1463 1
1464 0
1465 0
1466 0
1467 0
1468 2
1469 1
1470 0
1471 3
1472 2
1473 1
1474 2
1475 2
1476 1
1477 0
1478 1
1479 0
1480 0
1481 1
1482 1
1483 0
1484 0
1485 0
1486 0
1487 0
1488 0
1489 0
1490 0
1491 0
1492 1
1493 1
1494 0
1495 0
1496 0
1497 1
1498 2
1499 1
1500 0
1501 0
1502 1
1503 1
1504 0
1505 0
1506 0
1507 0
1508 0
1509 3
1510 1
1511 0
1512 1
1513 0
1514 0
1515 1
1516 0
1517 1
1518 0
1519 0
1520 1
1521 0
1522 0
1523 1
1524 1
1525 0
1526 3
1527 1
1528 3
1529 2
1530 2
1531 1
1532 1
1533 2
1534 0
1535 1
1536 1
1537 0
1538 2
1539 2
1540 2
1541 2
1542 2
1543 2
1544 2
1545 1
1546 2
1547 2
1548 1
1549 2
1550 0
1551 3
1552 1
1553 1
1554 1
1555 1
1556 1
1557 1
1558 2
1559 1
1560 2
1561 1
1562 1
1563 2
1564 2
1565 2
1566 0
1567 0
1568 2
1569 2
1570 3
1571 0
1572 0
1573 2
1574 2
1575 0
1576 3
1577 2
1578 1
1579 2
1580 1
1581 0
1582 0
1583 0
1584 0
1585 1
1586 1
1587 1
1588 0
1589 2
1590 2
1591 1
1592 1
1593 0
1594 0
1595 2
1596 0
1597 1
1598 0
1599 3
1600 0
1601 1
1602 1
1603 1
1604 0
1605 2
1606 4
1607 2
1608 1
1609 1
1610 1
1611 1
1612 2
1613 0
1614 2
1615 2
1616 0
1617 0
1618 3
1619 1
1620 1
1621 1
1622 2
1623 1
1624 1
1625 1
1626 2
1627 1
1628 1
1629 0
1630 1
1631 2
1632 0
1633 0
1634 0
1635 0
1636 0
1637 0
1638 0
1639 0
1640 2
1641 1
1642 2
1643 1
1644 3
1645 2
1646 0
1647 1
1648 1
1649 2
1650 2
1651 2
1652 2
1653 1
1654 1
1655 3
1656 3
1657 3
1658 2
1659 3
1660 3
1661 1
1662 1
1663 0
1664 3
1665 1
1666 1
1667 1
1668 2
1669 1
1670 0
1671 1
1672 1
1673 2
1674 1
1675 3
1676 0
1677 2
1678 1
1679 2
1680 1
1681 2
1682 1
1683 1
1684 1
1685 1
1686 1
1687 0
1688 1
1689 0
1690 3
1691 1
1692 2
1693 0
1694 1
1695 1
1696 0
1697 1
1698 1
1699 1
1700 4
1701 1
1702 2
1703 0
1704 3
1705 1
1706 0
1707 0
1708 0
1709 2
1710 1
1711 1
1712 1
1713 2
1714 0
1715 1
1716 2
1717 3
1718 1
1719 1
1720 3
1721 0
1722 2
1723 1
1724 2
1725 1
1726 1
1727 0
1728 1
1729 3
1730 3
1731 1
1732 1
1733 2
1734 2
1735 1
1736 0
1737 1
1738 1
1739 1
1740 1
1741 1
1742 1
1743 2
1744 1
1745 1
1746 0
1747 1
1748 1
1749 1
1750 1
1751 1
1752 1
1753 1
1754 1
1755 0
1756 1
1757 1
1758 1
1759 1
1760 1
1761 1
1762 1
1763 1
1764 1
1765 1
1766 1
1767 1
1768 1
1769 2
1770 0
1771 2
1772 1
1773 2
1774 1
1775 1
1776 1
1777 1
1778 1
1779 1
1780 1
1781 3
1782 1
1783 1
1784 1
1785 0
1786 1
1787 1
1788 0
1789 0
1790 1
1791 1
1792 1
1793 0
1794 1
1795 2
1796 1
1797 1
1798 1
1799 1
1800 1
1801 1
1802 3
1803 2
1804 0
1805 1
1806 1
1807 2
1808 0
1809 0
1810 1
1811 0
1812 0
1813 1
1814 2
1815 1
1816 1
1817 0
1818 0
1819 0
1820 0
1821 0
1822 0
1823 0
1824 2
1825 1
1826 1
1827 1
1828 2
1829 1
1830 0
1831 1
1832 1
1833 0
1834 1
1835 1
1836 1
1837 0
1838 1
1839 1
1840 2
1841 2
1842 0
1843 1
1844 0
1845 1
1846 1
1847 1
1848 2
1849 2
1850 1
1851 0
1852 0
1853 2
1854 1
1855 1
1856 0
1857 1
1858 1
1859 1
1860 1
1861 1
1862 1
1863 2
1864 0
1865 0
1866 1
1867 1
1868 0
1869 0
1870 1
1871 1
1872 0
1873 1
1874 0
1875 2
1876 1
1877 0
1878 0
1879 1
1880 1
1881 1
1882 3
1883 0
1884 0
1885 2
1886 1
1887 0
1888 1
1889 1
1890 1
1891 0
1892 0
1893 1
1894 1
1895 1
1896 0
1897 0
1898 0
1899 0
1900 1
1901 1
1902 2
1903 1
1904 1
1905 0
1906 1
1907 1
1908 1
1909 0
1910 0
1911 1
1912 1
1913 1
1914 1
1915 1
1916 1
1917 1
1918 1
1919 1
1920 1
1921 1
1922 2
1923 1
1924 1
1925 2
1926 0
1927 0
1928 2
1929 3
1930 2
1931 1
1932 0
1933 1
1934 1
1935 2
1936 0
1937 2
1938 1
1939 0
1940 0
1941 1
1942 1
1943 2
1944 2
1945 1
1946 1
1947 1
1948 1
1949 2
1950 1
1951 1
1952 0
1953 1
1954 1
1955 1
1956 1
1957 0
1958 1
1959 0
1960 1
1961 2
1962 1
1963 0
1964 2
1965 3
1966 2
1967 4
1968 2
1969 3
1970 1
1971 1
1972 1
1973 0
1974 1
1975 2
1976 0
1977 1
1978 1
1979 1
1980 2
1981 3
1982 2
1983 2
1984 0
1985 2
1986 3
1987 3
1988 1
1989 2
1990 3
1991 0
1992 2
1993 2
1994 2
1995 1
1996 1
1997 0
1998 2
1999 2
