0 2
1 2
2 2
3 2
4 2
5 1
6 2
7 2
8 1
9 1
10 1
11 1
12 3
13 2
14 1
15 1
16 2
17 1
18 0
19 0
20 1
21 1
22 0
23 0
24 1
25 1
26 1
27 2
28 0
29 1
30 0
31 1
32 1
33 0
34 0
35 0
36 1
37 0
38 0
39 0
40 0
41 1
42 0
43 1
44 1
45 2
46 1
47 0
48 1
49 1
50 2
51 2
52 0
53 0
54 1
55 1
56 1
57 1
58 1
59 0
60 2
61 1
62 2
63 3
64 2
65 0
66 0
67 2
68 1
69 0
70 1
71 1
72 0
73 1
74 1
75 3
76 3
77 4
78 3
79 2
80 1
81 2
82 1
83 4
84 2
85 3
86 1
87 3
88 4
89 3
90 1
91 1
92 3
93 2
94 2
95 2
96 0
97 3
98 1
99 0
100 2
101 2
102 1
103 1
104 1
105 1
106 2
107 1
108 1
109 2
110 2
111 1
112 1
113 0
114 1
115 1
116 1
117 1
118 0
119 2
120 1
121 1
122 2
123 1
124 2
125 1
126 0
127 3
128 1
129 2
130 2
131 0
132 1
133 3
134 3
135 3
136 1
137 2
138 2
139 1
140 2
141 1
142 0
143 0
144 0
145 1
146 0
147 1
148 2
149 1
150 1
151 1
152 0
153 1
154 3
155 1
156 0
157 1
158 1
159 1
160 2
161 0
162 0
163 0
164 1
165 1
166 0
167 2
168 0
169 0
170 0
171 0
172 0
173 0
174 1
175 0
176 0
177 1
178 0
179 0
180 1
181 0
182 1
183 0
184 0
185 0
186 0
187 0
188 0
189 1
190 0
191 0
192 0
193 0
194 0
195 0
196 0
197 0
198 1
199 0
200 0
201 0
202 0
203 0
204 0
205 0
206 0
207 0
208 0
209 0
210 0
211 0
212 1
213 1
214 1
215 1
216 2
217 1
218 2
219 1
220 2
221 0
222 0
223 1
224 1
225 2
226 3
227 2
228 0
229 2
230 2
231 2
232 1
233 0
234 0
235 0
236 1
237 0
238 0
239 0
240 0
241 0
242 0
243 1
244 0
245 0
246 0
247 0
248 0
249 1
250 1
251 0
252 1
253 1
254 1
255 0
256 2
257 1
258 2
259 2
260 1
261 0
262 0
263 1
264 0
265 0
266 2
267 1
268 0
269 1
270 2
271 2
272 2
273 1
274 0
275 0
276 0
277 0
278 0
279 1
280 0
281 1
282 2
283 1
284 1
285 0
286 2
287 1
288 2
289 0
290 2
291 1
292 2
293 1
294 2
295 2
296 3
297 2
298 2
299 2
300 1
301 3
302 2
303 2
304 2
305 3
306 2
307 2
308 0
309 0
310 0
311 0
312 0
313 0
314 1
315 0
316 1
317 1
318 0
319 0
320 0
321 0
322 1
323 0
324 0
325 0
326 1
327 1
328 0
329 0
330 0
331 0
332 0
333 0
334 0
335 0
336 0
337 0
338 0
339 0
340 0
341 1
342 1
343 1
344 0
345 0
346 0
347 0
348 0
349 0
350 0
351 0
352 0
353 0
354 0
355 0
356 1
357 0
358 0
359 0
360 0
361 0
362 0
363 1
364 0
365 0
366 0
367 1
368 1
369 1
370 0
371 0
372 0
373 0
374 0
375 0
376 0
377 0
378 0
379 0
380 0
381 0
382 0
383 0
384 1
385 0
386 0
387 0
388 0
389 0
390 0
391 0
392 0
393 1
394 0
395 0
396 0
397 1
398 0
399 0
400 0
401 0
402 0
403 0
404 0
405 0
406 0
407 0
408 0
409 0
410 0
411 0
412 0
413 0
414 0
415 1
416 1
417 0
418 1
419 0
420 1
421 0
422 0
423 0
424 0
425 0
426 1
427 1
428 0
429 0
430 0
431 0
432 0
433 0
434 0
435 0
436 0
437 0
438 1
439 1
440 0
441 0
442 0
443 0
444 0
445 0
446 1
447 1
448 0
449 0
450 0
451 0
452 0
453 0
454 0
455 1
456 0
457 0
458 2
459 1
460 0
461 1
462 1
463 1
464 0
465 2
466 1
467 0
468 1
469 0
470 0
471 0
472 2
473 1
474 2
475 1
476 0
477 0
478 1
479 1
480 1
481 1
482 1
483 0
484 1
485 0
486 0
487 1
488 0
489 0
490 0
491 2
492 0
493 2
494 0
495 1
496 2
497 0
498 2
499 1
500 1
501 2
502 1
503 0
504 1
505 2
506 1
507 0
508 0
509 0
510 0
511 0
512 0
513 1
514 2
515 1
516 1
517 3
518 1
519 3
520 1
521 2
522 2
523 1
524 2
525 1
526 0
527 0
528 0
529 0
530 0
531 1
532 0
533 0
534 1
535 1
536 1
537 2
538 2
539 1
540 1
541 2
542 1
543 1
544 1
545 2
546 1
547 1
548 1
549 1
550 1
551 0
552 1
553 2
554 1
555 0
556 1
557 0
558 2
559 2
560 4
561 0
562 1
563 0
564 1
565 3
566 0
567 1
568 2
569 3
570 1
571 1
572 1
573 0
574 3
575 2
576 0
577 1
578 1
579 0
580 1
581 1
582 1
583 1
584 1
585 2
586 1
587 1
588 1
589 2
590 1
591 1
592 1
593 0
594 0
595 2
596 0
597 1
598 1
599 1
600 0
601 0
602 1
603 1
604 0
605 1
606 0
607 0
608 0
609 2
610 0
611 1
612 0
613 1
614 1
615 3
616 2
617 2
618 1
619 1
620 1
621 1
622 0
623 0
624 1
625 1
626 0
627 0
628 1
629 0
630 0
631 1
632 0
633 0
634 1
635 1
636 1
637 1
638 1
639 0
640 0
641 1
642 1
643 1
644 1
645 1
646 0
647 1
648 2
649 1
650 0
651 1
652 0
653 0
654 0
655 0
656 2
657 0
658 0
659 0
660 0
661 1
662 1
663 1
664 0
665 0
666 0
667 0
668 0
669 0
670 1
671 0
672 0
673 0
674 0
675 0
676 1
677 0
678 0
679 1
680 1
681 0
682 1
683 0
684 1
685 1
686 0
687 0
688 0
689 3
690 2
691 1
692 2
693 1
694 1
695 3
696 2
697 0
698 1
699 1
700 1
701 0
702 1
703 1
704 1
705 1
706 0
707 0
708 0
709 0
710 0
711 0
712 0
713 0
714 0
715 1
716 1
717 1
718 2
719 0
720 1
721 0
722 2
723 2
724 1
725 1
726 1
727 3
728 3
729 0
730 2
731 0
732 3
733 1
734 2
735 0
736 0
737 0
738 0
739 0
740 0
741 0
742 0
743 0
744 0
745 0
746 0
747 0
748 0
749 0
750 0
751 0
752 0
753 0
754 0
755 0
756 0
757 0
758 0
759 0
760 0
761 0
762 0
763 0
764 0
765 0
766 0
767 0
768 0
769 0
770 0
771 0
772 0
773 0
774 0
775 0
776 0
777 0
778 0
779 0
780 0
781 0
782 0
783 0
784 0
785 0
786 0
787 0
788 0
789 0
790 0
791 0
792 1
793 2
794 1
795 2
796 1
797 1
798 1
799 0
800 1
801 1
802 0
803 0
804 0
805 1
806 1
807 1
808 0
809 0
810 0
811 1
812 1
813 1
814 0
815 2
816 1
817 1
818 1
819 1
820 1
821 1
822 1
823 0
824 0
825 1
826 0
827 1
828 0
829 0
830 0
831 1
832 0
833 1
834 1
835 0
836 0
837 0
838 2
839 1
840 0
841 1
842 1
843 0
844 2
845 1
846 1
847 0
848 1
849 0
850 1
851 0
852 0
853 0
854 1
855 0
856 0
857 0
858 0
859 2
860 2
861 1
862 0
863 1
864 1
865 1
866 0
867 1
868 1
869 1
870 1
871 1
872 2
873 0
874 3
875 1
876 0
877 1
878 1
879 0
880 0
881 1
882 0
883 0
884 0
885 0
886 2
887 1
888 0
889 1
890 1
891 0
892 2
893 1
894 1
895 2
896 1
897 1
898 1
899 1
900 0
901 0
902 0
903 0
904 2
905 0
906 0
907 0
908 0
909 0
910 0
911 0
912 0
913 0
914 0
915 0
916 0
917 0
918 0
919 0
920 0
921 0
922 0
923 0
924 0
925 0
926 0
927 0
928 0
929 0
930 0
931 0
932 0
933 0
934 0
935 0
936 0
937 0
938 0
939 0
940 0
941 0
942 0
943 0
944 0
945 0
946 0
947 0
948 0
949 0
950 0
951 0
952 0
953 0
954 0
955 0
956 0
957 0
958 0
959 0
960 0
961 0
962 0
963 0
964 0
965 0
966 0
967 0
968 0
969 0
970 0
971 0
972 0
973 0
974 0
975 0
976 0
977 0
978 0
979 0
980 0
981 0
982 0
983 0
984 0
985 0
986 0
987 0
988 0
989 0
990 0
991 0
992 0
993 0
994 0
995 0
996 0
997 0
998 0
999 0
1000 0
1001 0
1002 0
1003 0
1004 0
1005 0
1006 0
1007 0
1008 0
1009 0
1010 0
1011 0
1012 0
1013 0
1014 0
1015 0
1016 0
1017 0
1018 0
1019 0
1020 0
1021 0
1022 0
1023 0
1024 0
1025 0
1026 0
1027 0
1028 0
1029 0
1030 0
1031 0
1032 0
1033 0
1034 0
1035 0
1036 0
1037 0
1038 0
1039 0
1040 0
1041 0
1042 0
1043 0
1044 0
1045 0
1046 0
1047 0
1048 0
1049 0
1050 0
1051 0
1052 0
1053 0
1054 0
1055 0
1056 0
1057 0
1058 0
1059 0
1060 0
1061 0
1062 0
1063 0
1064 0
1065 0
1066 0
1067 0
1068 0
1069 0
1070 0
1071 0
1072 0
1073 0
1074 0
1075 0
1076 0
1077 0
1078 0
1079 0
1080 0
1081 0
1082 0
1083 0
1084 0
1085 0
1086 0
1087 0
1088 0
1089 0
1090 0
1091 0
1092 0
1093 0
1094 0
1095 0
1096 0
1097 0
1098 0
1099 0
1100 0
1101 0
1102 0
1103 0
1104 0
1105 0
1106 0
1107 0
1108 0
1109 0
1110 0
1111 0
1112 0
1113 0
1114 0
1115 0
1116 0
1117 0
1118 0
1119 0
1120 0
1121 0
1122 0
1123 0
1124 0
1125 0
1126 0
1127 0
1128 0
1129 0
1130 0
1131 0
1132 0
1133 0
1134 0
1135 0
1136 0
1137 0
1138 0
1139 0
1140 0
1141 0
1142 0
1143 0
1144 0
1145 0
1146 0
1147 0
1148 0
1149 0
1150 0
1151 0
1152 0
1153 0
1154 0
1155 0
1156 0
1157 0
1158 0
1159 0
1160 0
1161 0
1162 0
1163 0
1164 0
1165 0
1166 0
1167 0
1168 0
1169 0
1170 0
1171 0
1172 0
1173 0
1174 0
1175 0
1176 0
1177 0
1178 0
1179 0
1180 0
1181 0
1182 0
1183 0
1184 0
1185 0
1186 0
1187 0
1188 0
1189 0
1190 0
1191 0
1192 0
1193 0
1194 0
1195 0
1196 0
1197 0
1198 0
1199 0
1200 0
1201 0
1202 0
1203 0
1204 0
1205 0
1206 0
1207 0
1208 0
1209 0
1210 0
1211 0
1212 0
1213 0
1214 0
1215 0
1216 0
1217 0
1218 0
1219 0
1220 0
1221 0
1222 0
1223 0
1224 0
1225 0
1226 0
1227 0
1228 0
1229 0
1230 0
1231 0
1232 0
1233 0
1234 0
1235 0
1236 0
1237 0
1238 0
1239 0
1240 0
1241 0
1242 0
1243 0
1244 0
1245 0
1246 0
1247 0
1248 0
1249 0
1250 0
1251 0
1252 0
1253 0
1254 0
1255 0
1256 0
1257 0
1258 0
1259 1
1260 1
1261 1
1262 1
1263 1
1264 0
1265 1
1266 0
1267 0
1268 1
1269 1
1270 0
1271 1
1272 1
1273 1
1274 1
1275 1
1276 1
1277 2
1278 1
1279 1
1280 1
1281 1
1282 1
1283 1
1284 2
1285 1
1286 0
1287 0
1288 0
1289 1
1290 1
1291 0
1292 0
1293 0
1294 0
1295 0
1296 0
1297 1
1298 0
1299 0
1300 0
1301 0
1302 0
1303 0
1304 0
1305 0
1306 0
1307 0
1308 0
1309 0
1310 0
1311 0
1312 0
1313 0
1314 0
1315 0
1316 0
1317 0
1318 0
1319 0
1320 1
1321 0
1322 0
1323 1
1324 0
1325 0
1326 0
1327 2
1328 2
1329 1
1330 0
1331 1
1332 1
1333 0
1334 0
1335 0
1336 0
1337 0
1338 0
1339 0
1340 1
1341 0
1342 0
1343 0
1344 0
1345 0
1346 0
1347 0
1348 0
1349 2
1350 1
1351 0
1352 0
1353 0
1354 0
1355 0
1356 0
1357 2
1358 0
1359 0
1360 4
1361 1
1362 0
1363 0
1364 0
1365 0
1366 0
1367 0
1368 0
1369 0
1370 0
1371 0
1372 0
1373 0
1374 0
1375 1
1376 0
1377 1
1378 0
1379 0
1380 0
1381 1
1382 2
1383 1
1384 0
1385 0
1386 0
1387 0
1388 0
1389 0
1390 0
1391 0
1392 1
1393 1
1394 0
1395 1
1396 1
1397 1
1398 1
1399 1
1400 0
1401 2
1402 0
1403 0
1404 2
1405 0
1406 2
1407 0
1408 0
1409 0
1410 0
1411 0
1412 0
1413 1
1414 2
1415 1
1416 1
1417 2
1418 1
1419 0
1420 1
1421 1
1422 1
1423 0
1424 1
1425 0
1426 0
1427 0
1428 0
1429 0
1430 0
1431 1
1432 1
1433 1
1434 2
1435 2
1436 2
1437 3
1438 2
1439 1
1440 3
1441 1
1442 4
1443 2
1444 3
1445 3
1446 3
1447 3
1448 2
1449 1
1450 1
1451 1
1452 1
1453 2
1454 2
1455 1
1456 1
1457 1
1458 1
1459 1
1460 1
1461 1
1462 1
1463 1
1464 2
1465 1
1466 1
1467 1
1468 0
1469 3
1470 1
1471 1
1472 1
1473 1
1474 1
1475 1
1476 1
1477 0
1478 2
1479 1
1480 1
1481 1
1482 0
1483 0
1484 1
1485 1
1486 1
1487 0
1488 0
1489 0
1490 0
1491 0
1492 0
1493 0
1494 0
1495 0
1496 0
1497 0
1498 0
1499 0
1500 0
1501 0
1502 0
1503 0
1504 0
1505 1
1506 0
1507 0
1508 0
1509 0
1510 0
1511 0
1512 0
1513 0
1514 0
1515 0
1516 0
1517 0
1518 1
1519 1
1520 1
1521 0
1522 0
1523 0
1524 1
1525 0
1526 0
1527 1
1528 1
1529 0
1530 1
1531 1
1532 2
1533 2
1534 1
1535 1
1536 0
1537 3
1538 0
1539 0
1540 2
1541 2
1542 1
1543 0
1544 0
1545 0
1546 0
1547 0
1548 0
1549 0
1550 0
1551 0
1552 0
1553 0
1554 0
1555 0
1556 0
1557 0
1558 0
1559 0
1560 0
1561 0
1562 0
1563 0
1564 0
1565 0
1566 1
1567 0
1568 0
1569 0
1570 1
1571 0
1572 0
1573 0
1574 0
1575 0
1576 2
1577 1
1578 1
1579 0
1580 1
1581 1
1582 1
1583 1
1584 1
1585 0
1586 0
1587 0
1588 0
1589 1
1590 1
1591 0
1592 0
1593 1
1594 0
1595 1
1596 0
1597 0
1598 1
1599 1
1600 1
1601 0
1602 2
1603 2
1604 0
1605 0
1606 2
1607 1
1608 0
1609 2
1610 0
1611 0
1612 0
1613 0
1614 0
1615 0
1616 0
1617 0
1618 0
1619 0
1620 0
1621 0
1622 0
1623 2
1624 1
1625 1
1626 3
1627 0
1628 1
1629 1
1630 0
1631 1
1632 1
1633 2
1634 1
1635 2
1636 0
1637 1
1638 1
1639 1
1640 0
1641 2
1642 2
1643 1
1644 1
1645 1
1646 0
1647 1
1648 2
1649 1
1650 2
1651 2
1652 1
1653 0
1654 1
1655 1
1656 2
1657 1
1658 1
1659 2
1660 1
1661 1
1662 1
1663 0
1664 2
1665 1
1666 0
1667 0
1668 1
1669 1
1670 2
1671 1
1672 1
1673 0
1674 1
1675 0
1676 0
1677 0
1678 0
1679 0
1680 0
1681 0
1682 0
1683 0
1684 0
1685 0
1686 0
1687 0
1688 0
1689 0
1690 0
1691 0
1692 0
1693 0
1694 0
1695 0
1696 0
1697 1
1698 0
1699 0
1700 0
1701 0
1702 0
1703 0
1704 0
1705 0
1706 0
1707 0
1708 0
1709 0
1710 0
1711 0
1712 0
1713 0
1714 0
1715 0
1716 0
1717 0
1718 0
1719 0
1720 1
1721 1
1722 1
1723 0
1724 0
1725 0
1726 1
1727 0
1728 0
1729 0
1730 0
1731 0
1732 1
1733 1
1734 2
1735 2
1736 1
1737 1
1738 2
1739 0
1740 2
1741 1
1742 1
1743 2
1744 1
1745 1
1746 3
1747 2
1748 2
1749 1
1750 0
1751 1
1752 1
1753 0
1754 0
1755 0
1756 1
1757 0
1758 1
1759 1
1760 0
1761 1
1762 2
1763 0
1764 1
1765 1
1766 1
1767 1
1768 1
1769 1
1770 1
1771 0
1772 0
1773 0
1774 1
1775 0
1776 0
1777 1
1778 1
1779 0
1780 2
1781 1
1782 1
1783 1
1784 1
1785 2
1786 0
1787 1
1788 0
1789 1
1790 1
1791 3
1792 0
1793 0
1794 0
1795 0
1796 0
1797 0
1798 0
1799 0
1800 1
1801 1
1802 0
1803 1
1804 1
1805 1
1806 1
1807 1
1808 0
1809 1
1810 1
1811 0
1812 1
1813 1
1814 0
1815 1
1816 0
1817 1
1818 1
1819 0
1820 1
1821 1
1822 0
1823 1
1824 1
1825 0
1826 1
1827 1
1828 2
1829 2
1830 1
1831 1
1832 1
1833 1
1834 0
1835 0
1836 1
1837 1
1838 1
1839 1
1840 2
1841 1
1842 1
1843 0
1844 1
1845 1
1846 1
1847 0
1848 1
1849 0
1850 1
1851 1
1852 1
1853 0
1854 1
1855 1
1856 0
1857 1
1858 2
1859 0
1860 1
1861 1
1862 1
1863 0
1864 2
1865 2
1866 1
1867 1
1868 1
1869 1
1870 1
1871 1
1872 1
1873 1
1874 1
1875 1
1876 2
1877 1
1878 2
1879 0
1880 0
1881 0
1882 0
1883 1
1884 2
1885 1
1886 1
1887 1
1888 0
1889 0
1890 2
1891 0
1892 2
1893 0
1894 3
1895 3
1896 2
1897 2
1898 4
1899 2
1900 3
1901 1
1902 2
1903 2
1904 0
1905 0
1906 0
1907 0
1908 1
1909 2
1910 1
1911 1
1912 3
1913 1
1914 0
1915 0
1916 0
1917 0
1918 0
1919 0
1920 0
1921 0
1922 0
1923 0
1924 0
1925 0
1926 0
1927 0
1928 0
1929 0
1930 0
1931 0
1932 0
1933 0
1934 0
1935 0
1936 0
1937 0
1938 0
1939 0
1940 0
1941 0
1942 0
1943 0
1944 0
1945 0
1946 0
1947 0
1948 0
1949 0
1950 0
1951 0
1952 0
1953 0
1954 0
1955 1
1956 1
1957 0
1958 0
1959 0
1960 0
1961 0
1962 0
1963 0
1964 0
1965 0
1966 0
1967 0
1968 0
1969 0
1970 0
1971 1
1972 1
1973 0
1974 0
1975 1
1976 1
1977 1
1978 1
1979 1
1980 1
1981 0
1982 1
1983 1
1984 3
1985 0
1986 0
1987 1
1988 2
1989 1
1990 2
1991 1
1992 3
1993 0
1994 5
1995 3
1996 2
1997 1
1998 3
1999 4
