0 1
1 1
2 1
3 1
4 0
5 1
6 1
7 1
8 1
9 0
10 1
11 0
12 1
13 0
14 1
15 1
16 1
17 1
18 1
19 1
20 1
21 0
22 0
23 1
24 1
25 1
26 1
27 1
28 0
29 0
30 0
31 1
32 1
33 1
34 1
35 1
36 1
37 1
38 1
39 1
40 1
41 1
42 1
43 1
44 1
45 1
46 1
47 1
48 1
49 0
50 0
51 1
52 1
53 0
54 1
55 0
56 0
57 0
58 1
59 1
60 0
61 1
62 1
63 0
64 0
65 0
66 0
67 0
68 1
69 0
70 1
71 0
72 1
73 1
74 1
75 1
76 1
77 1
78 1
79 0
80 1
81 1
82 1
83 0
84 1
85 1
86 1
87 1
88 1
89 1
90 0
91 0
92 0
93 1
94 0
95 1
96 0
97 1
98 0
99 1
100 1
101 1
102 1
103 0
104 1
105 1
106 1
107 1
108 1
109 1
110 1
111 1
112 1
113 2
114 1
115 1
116 0
117 0
118 0
119 1
120 1
121 1
122 0
123 1
124 1
125 1
126 0
127 1
128 1
129 0
130 0
131 1
132 1
133 1
134 1
135 1
136 0
137 0
138 0
139 0
140 0
141 0
142 0
143 0
144 0
145 0
146 1
147 1
148 1
149 0
150 1
151 0
152 0
153 0
154 1
155 0
156 0
157 1
158 1
159 1
160 1
161 1
162 0
163 0
164 1
165 0
166 1
167 1
168 1
169 1
170 0
171 1
172 1
173 1
174 1
175 0
176 1
177 1
178 0
179 0
180 1
181 0
182 1
183 0
184 0
185 1
186 1
187 1
188 0
189 0
190 1
191 1
192 0
193 0
194 0
195 0
196 1
197 1
198 0
199 0
200 1
201 0
202 1
203 1
204 1
205 1
206 1
207 0
208 0
209 1
210 1
211 0
212 0
213 1
214 1
215 1
216 1
217 0
218 1
219 0
220 0
221 0
222 1
223 0
224 1
225 1
226 1
227 0
228 1
229 1
230 1
231 1
232 1
233 1
234 0
235 1
236 1
237 1
238 0
239 1
240 0
241 1
242 0
243 0
244 0
245 0
246 0
247 0
248 1
249 1
250 0
251 1
252 1
253 1
254 1
255 0
256 1
257 0
258 0
259 1
260 1
261 1
262 0
263 0
264 0
265 1
266 1
267 0
268 1
269 0
270 0
271 1
272 1
273 0
274 0
275 0
276 1
277 0
278 0
279 1
280 1
281 0
282 0
283 1
284 1
285 0
286 1
287 1
288 0
289 1
290 0
291 1
292 2
293 0
294 0
295 0
296 0
297 0
298 1
299 1
300 1
301 0
302 1
303 1
304 1
305 0
306 0
307 1
308 0
309 1
310 0
311 0
312 1
313 0
314 1
315 1
316 1
317 1
318 0
319 1
320 1
321 0
322 1
323 1
324 0
325 1
326 1
327 1
328 0
329 1
330 1
331 1
332 1
333 0
334 2
335 1
336 1
337 0
338 1
339 0
340 1
341 0
342 1
343 1
344 0
345 0
346 0
347 0
348 0
349 0
350 1
351 0
352 0
353 0
354 0
355 0
356 1
357 0
358 1
359 1
360 0
361 1
362 1
363 1
364 0
365 1
366 0
367 1
368 1
369 1
370 1
371 0
372 1
373 1
374 1
375 0
376 1
377 1
378 1
379 1
380 1
381 1
382 1
383 0
384 1
385 1
386 1
387 1
388 1
389 2
390 1
391 1
392 1
393 1
394 1
395 1
396 1
397 1
398 1
399 0
400 0
401 1
402 1
403 0
404 0
405 0
406 1
407 1
408 0
409 1
410 1
411 0
412 0
413 0
414 0
415 0
416 1
417 1
418 1
419 1
420 2
421 0
422 0
423 0
424 1
425 0
426 1
427 2
428 0
429 2
430 1
431 0
432 1
433 1
434 0
435 1
436 1
437 1
438 1
439 1
440 0
441 1
442 1
443 1
444 1
445 1
446 1
447 0
448 1
449 2
450 1
451 0
452 1
453 1
454 1
455 1
456 1
457 1
458 0
459 1
460 0
461 0
462 1
463 0
464 1
465 1
466 1
467 0
468 0
469 1
470 0
471 1
472 1
473 0
474 0
475 1
476 0
477 0
478 1
479 1
480 0
481 1
482 1
483 1
484 1
485 1
486 1
487 1
488 1
489 1
490 1
491 1
492 0
493 1
494 0
495 1
496 0
497 0
498 0
499 1
500 0
501 1
502 0
503 0
504 0
505 1
506 1
507 1
508 0
509 1
510 0
511 0
512 1
513 0
514 0
515 0
516 1
517 1
518 1
519 0
520 1
521 1
522 0
523 1
524 1
525 1
526 1
527 1
528 1
529 1
530 1
531 1
532 1
533 1
534 1
535 1
536 1
537 0
538 1
539 1
540 1
541 1
542 1
543 1
544 1
545 0
546 1
547 0
548 0
549 1
550 1
551 0
552 1
553 1
554 0
555 1
556 1
557 0
558 1
559 1
560 1
561 0
562 0
563 0
564 0
565 1
566 1
567 2
568 1
569 1
570 0
571 1
572 1
573 1
574 1
575 0
576 1
577 0
578 1
579 1
580 1
581 1
582 0
583 0
584 0
585 1
586 1
587 1
588 1
589 1
590 0
591 0
592 1
593 1
594 1
595 0
596 1
597 1
598 1
599 0
600 1
601 0
602 1
603 1
604 1
605 0
606 0
607 0
608 0
609 0
610 1
611 0
612 1
613 0
614 0
615 0
616 0
617 1
618 0
619 0
620 1
621 0
622 0
623 1
624 0
625 1
626 0
627 0
628 1
629 0
630 0
631 0
632 0
633 0
634 0
635 1
636 0
637 1
638 1
639 1
640 1
641 1
642 0
643 0
644 1
645 1
646 0
647 0
648 0
649 1
650 1
651 1
652 0
653 0
654 1
655 1
656 1
657 0
658 1
659 1
660 0
661 0
662 1
663 1
664 0
665 0
666 1
667 1
668 0
669 0
670 0
671 0
672 1
673 1
674 1
675 0
676 0
677 1
678 1
679 1
680 1
681 0
682 1
683 0
684 0
685 0
686 0
687 1
688 0
689 1
690 1
691 0
692 0
693 1
694 1
695 1
696 1
697 0
698 0
699 0
700 0
701 1
702 1
703 1
704 1
705 0
706 0
707 1
708 0
709 1
710 0
711 0
712 0
713 0
714 0
715 0
716 0
717 1
718 0
719 0
720 0
721 0
722 0
723 0
724 0
725 0
726 0
727 0
728 0
729 0
730 1
731 0
732 1
733 0
734 1
735 1
736 1
737 0
738 1
739 1
740 1
741 0
742 0
743 0
744 1
745 1
746 0
747 1
748 1
749 0
750 1
751 1
752 0
753 0
754 1
755 0
756 1
757 1
758 1
759 1
760 1
761 0
762 1
763 1
764 0
765 0
766 1
767 0
768 0
769 0
770 0
771 0
772 1
773 1
774 0
775 0
776 0
777 1
778 1
779 1
780 1
781 1
782 1
783 0
784 1
785 1
786 1
787 0
788 1
789 1
790 1
791 1
792 0
793 0
794 1
795 1
796 0
797 1
798 0
799 0
800 0
801 0
802 0
803 1
804 1
805 1
806 1
807 1
808 1
809 0
810 0
811 0
812 1
813 1
814 1
815 0
816 0
817 1
818 1
819 0
820 0
821 1
822 0
823 1
824 1
825 0
826 1
827 0
828 1
829 0
830 0
831 0
832 1
833 0
834 1
835 0
836 1
837 1
838 1
839 1
840 0
841 1
842 0
843 1
844 0
845 1
846 1
847 0
848 0
849 1
850 1
851 0
852 1
853 0
854 1
855 1
856 1
857 1
858 0
859 0
860 0
861 0
862 0
863 1
864 1
865 0
866 1
867 0
868 1
869 1
870 0
871 1
872 1
873 1
874 0
875 1
876 0
877 0
878 1
879 0
880 0
881 0
882 1
883 0
884 0
885 0
886 1
887 0
888 0
889 1
890 1
891 0
892 0
893 0
894 1
895 0
896 0
897 1
898 0
899 1
900 1
901 0
902 0
903 1
904 0
905 1
906 1
907 1
908 1
909 0
910 1
911 1
912 1
913 2
914 0
915 1
916 1
917 1
918 0
919 1
920 0
921 1
922 1
923 0
924 1
925 1
926 1
927 1
928 1
929 1
930 0
931 0
932 1
933 1
934 1
935 0
936 1
937 1
938 1
939 1
940 1
941 1
942 1
943 1
944 0
945 1
946 1
947 0
948 1
949 1
950 1
951 1
952 1
953 1
954 0
955 1
956 2
957 1
958 1
959 1
960 0
961 1
962 1
963 1
964 1
965 1
966 0
967 1
968 0
969 1
970 0
971 1
972 1
973 1
974 1
975 1
976 0
977 1
978 0
979 1
980 1
981 1
982 0
983 0
984 0
985 1
986 1
987 1
988 0
989 1
990 1
991 1
992 0
993 1
994 1
995 1
996 0
997 0
998 1
999 1
1000 0
1001 1
1002 1
1003 0
1004 0
1005 1
1006 0
1007 0
1008 0
1009 0
1010 1
1011 1
1012 0
1013 1
1014 0
1015 1
1016 0
1017 0
1018 0
1019 0
1020 0
1021 0
1022 0
1023 1
1024 1
1025 1
1026 1
1027 1
1028 0
1029 0
1030 1
1031 0
1032 1
1033 0
1034 1
1035 0
1036 1
1037 1
1038 0
1039 1
1040 0
1041 0
1042 1
1043 1
1044 1
1045 1
1046 1
1047 0
1048 0
1049 0
1050 0
1051 1
1052 1
1053 0
1054 0
1055 1
1056 0
1057 1
1058 0
1059 1
1060 1
1061 1
1062 0
1063 1
1064 1
1065 1
1066 1
1067 1
1068 1
1069 1
1070 1
1071 0
1072 0
1073 0
1074 1
1075 1
1076 1
1077 1
1078 1
1079 1
1080 1
1081 1
1082 0
1083 0
1084 0
1085 0
1086 1
1087 1
1088 0
1089 0
1090 1
1091 1
1092 1
1093 1
1094 1
1095 1
1096 1
1097 2
1098 1
1099 0
1100 1
1101 1
1102 1
1103 1
1104 1
1105 0
1106 0
1107 0
1108 1
1109 1
1110 0
1111 1
1112 1
1113 1
1114 1
1115 1
1116 0
1117 0
1118 2
1119 1
1120 0
1121 1
1122 1
1123 0
1124 0
1125 0
1126 1
1127 0
1128 1
1129 1
1130 1
1131 1
1132 1
1133 0
1134 0
1135 0
1136 1
1137 1
1138 0
1139 1
1140 1
1141 1
1142 1
1143 0
1144 1
1145 1
1146 0
1147 0
1148 0
1149 1
1150 1
1151 1
1152 0
1153 1
1154 0
1155 1
1156 1
1157 1
1158 1
1159 0
1160 1
1161 1
1162 0
1163 1
1164 0
1165 1
1166 1
1167 1
1168 1
1169 0
1170 0
1171 1
1172 0
1173 1
1174 1
1175 1
1176 0
1177 1
1178 1
1179 0
1180 1
1181 1
1182 1
1183 1
1184 0
1185 0
1186 1
1187 0
1188 1
1189 1
1190 1
1191 0
1192 1
1193 1
1194 0
1195 0
1196 1
1197 0
1198 1
1199 0
1200 0
1201 0
1202 0
1203 0
1204 1
1205 1
1206 0
1207 1
1208 1
1209 1
1210 1
1211 1
1212 1
1213 1
1214 0
1215 0
1216 1
1217 1
1218 1
1219 1
1220 1
1221 0
1222 1
1223 1
1224 1
1225 1
1226 1
1227 1
1228 0
1229 1
1230 1
1231 1
1232 1
1233 2
1234 0
1235 1
1236 1
1237 0
1238 1
1239 0
1240 0
1241 0
1242 0
1243 1
1244 1
1245 1
1246 0
1247 1
1248 0
1249 0
1250 0
1251 0
1252 0
1253 1
1254 0
1255 1
1256 1
1257 1
1258 0
1259 1
1260 0
1261 0
1262 0
1263 1
1264 0
1265 1
1266 1
1267 0
1268 1
1269 1
1270 1
1271 0
1272 1
1273 1
1274 0
1275 0
1276 0
1277 2
1278 1
1279 2
1280 0
1281 0
1282 0
1283 1
1284 1
1285 0
1286 0
1287 0
1288 0
1289 0
1290 0
1291 0
1292 0
1293 0
1294 1
1295 0
1296 1
1297 1
1298 1
1299 1
1300 1
1301 1
1302 1
1303 1
1304 1
1305 1
1306 1
1307 1
1308 1
1309 1
1310 0
1311 1
1312 0
1313 1
1314 1
1315 0
1316 1
1317 1
1318 1
1319 1
1320 1
1321 0
1322 1
1323 1
1324 1
1325 1
1326 1
1327 1
1328 0
1329 1
1330 1
1331 1
1332 1
1333 1
1334 1
1335 1
1336 0
1337 1
1338 0
1339 1
1340 1
1341 1
1342 0
1343 1
1344 1
1345 1
1346 0
1347 1
1348 0
1349 0
1350 1
1351 1
1352 1
1353 0
1354 1
1355 1
1356 1
1357 0
1358 0
1359 1
1360 0
1361 0
1362 1
1363 1
1364 1
1365 0
1366 1
1367 1
1368 0
1369 1
1370 0
1371 1
1372 0
1373 1
1374 1
1375 1
1376 1
1377 0
1378 1
1379 1
1380 1
1381 0
1382 1
1383 1
1384 1
1385 0
1386 0
1387 0
1388 1
1389 1
1390 1
1391 1
1392 0
1393 0
1394 1
1395 0
1396 1
1397 1
1398 1
1399 0
1400 1
1401 1
1402 0
1403 1
1404 0
1405 1
1406 1
1407 1
1408 1
1409 1
1410 1
1411 0
1412 1
1413 0
1414 1
1415 1
1416 1
1417 1
1418 0
1419 0
1420 0
1421 0
1422 1
1423 0
1424 1
1425 0
1426 0
1427 1
1428 1
1429 0
1430 1
1431 0
1432 1
1433 1
1434 1
1435 1
1436 1
1437 1
1438 2
1439 1
1440 2
1441 2
1442 0
1443 0
1444 1
1445 1
1446 0
1447 1
1448 1
1449 1
1450 1
1451 1
1452 0
1453 2
1454 1
1455 1
1456 1
1457 1
1458 0
1459 1
1460 1
1461 1
1462 1
1463 0
1464 0
1465 0
1466 0
1467 1
1468 1
1469 0
1470 0
1471 0
1472 1
1473 1
1474 1
1475 1
1476 1
1477 0
1478 1
1479 0
1480 1
1481 1
1482 1
1483 1
1484 1
1485 0
1486 1
1487 1
1488 1
1489 1
1490 0
1491 1
1492 1
1493 1
1494 0
1495 0
1496 1
1497 1
1498 1
1499 0
1500 0
1501 1
1502 1
1503 0
1504 1
1505 0
1506 1
1507 0
1508 1
1509 1
1510 0
1511 0
1512 0
1513 1
1514 1
1515 1
1516 1
1517 1
1518 0
1519 0
1520 1
1521 1
1522 1
1523 1
1524 0
1525 1
1526 1
1527 0
1528 1
1529 1
1530 1
1531 1
1532 1
1533 0
1534 1
1535 1
1536 0
1537 0
1538 0
1539 1
1540 0
1541 0
1542 0
1543 0
1544 0
1545 0
1546 0
1547 0
1548 0
1549 0
1550 0
1551 0
1552 0
1553 0
1554 0
1555 0
1556 0
1557 0
1558 0
1559 0
1560 0
1561 0
1562 0
1563 0
1564 0
1565 0
1566 0
1567 0
1568 0
1569 1
1570 1
1571 0
1572 0
1573 0
1574 0
1575 0
1576 0
1577 0
1578 0
1579 0
1580 0
1581 0
1582 0
1583 0
1584 0
1585 0
1586 0
1587 0
1588 0
1589 0
1590 0
1591 0
1592 0
1593 0
1594 0
1595 0
1596 0
1597 0
1598 0
1599 0
1600 0
1601 0
1602 0
1603 0
1604 1
1605 0
1606 0
1607 0
1608 0
1609 0
1610 0
1611 0
1612 0
1613 0
1614 0
1615 0
1616 0
1617 0
1618 0
1619 0
1620 0
1621 0
1622 0
1623 0
1624 0
1625 0
1626 0
1627 0
1628 0
1629 0
1630 0
1631 0
1632 0
1633 0
1634 0
1635 0
1636 0
1637 0
1638 0
1639 0
1640 0
1641 0
1642 0
1643 0
1644 0
1645 0
1646 0
1647 0
1648 0
1649 0
1650 0
1651 0
1652 0
1653 0
1654 0
1655 0
1656 0
1657 0
1658 0
1659 0
1660 0
1661 0
1662 0
1663 0
1664 0
1665 0
1666 0
1667 0
1668 0
1669 0
1670 0
1671 0
1672 0
1673 0
1674 0
1675 0
1676 0
1677 0
1678 0
1679 0
1680 0
1681 0
1682 0
1683 0
1684 0
1685 0
1686 0
1687 0
1688 0
1689 0
1690 0
1691 0
1692 0
1693 0
1694 0
1695 0
1696 0
1697 0
1698 0
1699 0
1700 0
1701 0
1702 0
1703 0
1704 0
1705 0
1706 0
1707 0
1708 0
1709 0
1710 0
1711 0
1712 0
1713 0
1714 0
1715 0
1716 0
1717 0
1718 0
1719 0
1720 0
1721 0
1722 0
1723 0
1724 0
1725 0
1726 0
1727 0
1728 0
1729 0
1730 0
1731 0
1732 0
1733 0
1734 0
1735 0
1736 0
1737 0
1738 0
1739 0
1740 0
1741 0
1742 0
1743 0
1744 0
1745 0
1746 0
1747 0
1748 0
1749 0
1750 0
1751 0
1752 0
1753 0
1754 0
1755 0
1756 0
1757 0
1758 0
1759 0
1760 0
1761 0
1762 0
1763 0
1764 0
1765 0
1766 0
1767 0
1768 0
1769 0
1770 0
1771 0
1772 0
1773 0
1774 0
1775 0
1776 0
1777 0
1778 0
1779 0
1780 0
1781 0
1782 0
1783 0
1784 0
1785 0
1786 0
1787 0
1788 0
1789 0
1790 0
1791 0
1792 0
1793 0
1794 0
1795 0
1796 0
1797 0
1798 0
1799 0
1800 0
1801 0
1802 0
1803 0
1804 0
1805 0
1806 0
1807 0
1808 0
1809 0
1810 0
1811 0
1812 0
1813 0
1814 0
1815 0
1816 0
1817 0
1818 0
1819 0
1820 0
1821 0
1822 0
1823 0
1824 0
1825 0
1826 0
1827 0
1828 0
1829 0
1830 0
1831 0
1832 0
1833 0
1834 0
1835 0
1836 0
1837 0
1838 0
1839 0
1840 0
1841 0
1842 0
1843 0
1844 0
1845 0
1846 0
1847 0
1848 0
1849 0
1850 0
1851 0
1852 0
1853 0
1854 0
1855 0
1856 0
1857 0
1858 0
1859 0
1860 0
1861 0
1862 0
1863 0
1864 0
1865 0
1866 0
1867 0
1868 0
1869 0
1870 0
1871 0
1872 0
1873 0
1874 0
1875 0
1876 0
1877 0
1878 0
1879 0
1880 0
1881 0
1882 0
1883 0
1884 0
1885 0
1886 0
1887 0
1888 0
1889 0
1890 0
1891 0
1892 0
1893 0
1894 0
1895 0
1896 0
1897 0
1898 0
1899 0
1900 0
1901 0
1902 0
1903 0
1904 0
1905 0
1906 0
1907 0
1908 0
1909 0
1910 0
1911 0
1912 0
1913 0
1914 0
1915 0
1916 0
1917 0
1918 0
1919 0
1920 0
1921 0
1922 0
1923 0
1924 0
1925 0
1926 0
1927 0
1928 0
1929 0
1930 0
1931 0
1932 0
1933 0
1934 0
1935 0
1936 0
1937 0
1938 0
1939 0
1940 0
1941 0
1942 0
1943 0
1944 0
1945 0
1946 0
1947 0
1948 0
1949 0
1950 0
1951 0
1952 0
1953 0
1954 0
1955 0
1956 0
1957 0
1958 0
1959 0
1960 0
1961 0
1962 0
1963 0
1964 0
1965 0
1966 0
1967 0
1968 0
1969 0
1970 0
1971 0
1972 0
1973 0
1974 0
1975 0
1976 0
1977 0
1978 0
1979 0
1980 0
1981 0
1982 0
1983 0
1984 0
1985 0
1986 0
1987 0
1988 0
1989 0
1990 0
1991 0
1992 0
1993 0
1994 0
1995 0
1996 0
1997 0
1998 0
1999 0
