0 0
1 1
2 0
3 1
4 1
5 0
6 0
7 1
8 1
9 1
10 1
11 1
12 1
13 1
14 0
15 1
16 1
17 0
18 1
19 1
20 1
21 0
22 0
23 1
24 1
25 1
26 1
27 0
28 0
29 0
30 2
31 1
32 0
33 0
34 1
35 0
36 0
37 0
38 0
39 1
40 1
41 0
42 0
43 1
44 2
45 1
46 1
47 1
48 1
49 1
50 1
51 1
52 1
53 1
54 1
55 1
56 2
57 2
58 1
59 0
60 1
61 1
62 1
63 0
64 0
65 0
66 0
67 0
68 0
69 0
70 1
71 1
72 0
73 0
74 0
75 0
76 0
77 1
78 0
79 0
80 1
81 2
82 0
83 1
84 1
85 1
86 1
87 0
88 0
89 1
90 1
91 1
92 1
93 1
94 1
95 0
96 1
97 1
98 1
99 1
100 1
101 0
102 1
103 1
104 2
105 2
106 1
107 1
108 1
109 1
110 2
111 1
112 0
113 1
114 1
115 1
116 1
117 0
118 2
119 1
120 1
121 0
122 1
123 1
124 0
125 0
126 0
127 1
128 0
129 2
130 0
131 1
132 0
133 1
134 2
135 1
136 1
137 1
138 1
139 1
140 2
141 2
142 2
143 0
144 0
145 1
146 1
147 1
148 1
149 1
150 1
151 2
152 1
153 1
154 1
155 1
156 2
157 0
158 1
159 0
160 0
161 1
162 1
163 1
164 1
165 1
166 1
167 0
168 1
169 1
170 1
171 1
172 2
173 1
174 1
175 2
176 1
177 1
178 1
179 0
180 1
181 1
182 1
183 2
184 2
185 2
186 2
187 1
188 0
189 0
190 2
191 3
192 0
193 4
194 1
195 2
196 3
197 0
198 2
199 2
200 3
201 2
202 2
203 1
204 3
205 1
206 0
207 0
208 0
209 2
210 0
211 1
212 0
213 0
214 0
215 1
216 0
217 3
218 1
219 1
220 0
221 1
222 1
223 1
224 1
225 1
226 1
227 0
228 1
229 1
230 1
231 1
232 0
233 1
234 1
235 0
236 1
237 1
238 1
239 3
240 1
241 0
242 0
243 1
244 1
245 0
246 0
247 0
248 0
249 0
250 0
251 0
252 0
253 0
254 0
255 0
256 0
257 0
258 0
259 0
260 2
261 1
262 1
263 1
264 2
265 0
266 2
267 1
268 1
269 0
270 1
271 0
272 1
273 1
274 1
275 0
276 1
277 1
278 0
279 0
280 2
281 1
282 1
283 1
284 1
285 2
286 0
287 1
288 1
289 1
290 2
291 1
292 1
293 2
294 1
295 1
296 1
297 0
298 0
299 0
300 0
301 0
302 2
303 1
304 1
305 1
306 2
307 1
308 2
309 1
310 1
311 2
312 2
313 1
314 3
315 0
316 0
317 0
318 0
319 0
320 0
321 0
322 0
323 0
324 0
325 0
326 1
327 0
328 0
329 1
330 1
331 1
332 1
333 1
334 1
335 2
336 1
337 1
338 1
339 0
340 1
341 1
342 0
343 1
344 1
345 2
346 1
347 1
348 1
349 2
350 0
351 0
352 1
353 1
354 2
355 2
356 1
357 2
358 2
359 1
360 2
361 1
362 1
363 0
364 0
365 1
366 2
367 1
368 1
369 1
370 0
371 0
372 0
373 0
374 0
375 0
376 0
377 0
378 0
379 0
380 0
381 0
382 0
383 0
384 0
385 1
386 0
387 0
388 0
389 0
390 0
391 0
392 0
393 0
394 0
395 0
396 0
397 0
398 0
399 0
400 0
401 3
402 0
403 0
404 0
405 1
406 0
407 1
408 2
409 0
410 0
411 2
412 3
413 2
414 4
415 3
416 4
417 3
418 3
419 2
420 0
421 3
422 1
423 1
424 0
425 1
426 2
427 3
428 3
429 2
430 2
431 1
432 1
433 2
434 0
435 1
436 2
437 0
438 1
439 2
440 2
441 0
442 0
443 0
444 0
445 0
446 0
447 0
448 0
449 0
450 0
451 0
452 0
453 0
454 0
455 1
456 0
457 0
458 3
459 0
460 1
461 1
462 2
463 0
464 0
465 0
466 0
467 0
468 0
469 0
470 0
471 0
472 0
473 0
474 0
475 0
476 0
477 0
478 0
479 0
480 0
481 0
482 0
483 0
484 0
485 0
486 0
487 0
488 0
489 0
490 0
491 0
492 0
493 1
494 0
495 0
496 0
497 0
498 0
499 1
500 1
501 1
502 1
503 1
504 1
505 1
506 2
507 1
508 1
509 3
510 0
511 0
512 0
513 0
514 0
515 0
516 1
517 2
518 1
519 2
520 1
521 1
522 0
523 0
524 0
525 0
526 0
527 0
528 0
529 0
530 0
531 0
532 0
533 0
534 0
535 0
536 0
537 0
538 0
539 0
540 0
541 0
542 0
543 0
544 0
545 0
546 0
547 0
548 0
549 0
550 0
551 0
552 0
553 0
554 1
555 0
556 1
557 1
558 1
559 0
560 0
561 0
562 0
563 0
564 0
565 1
566 0
567 0
568 0
569 0
570 0
571 0
572 0
573 1
574 0
575 0
576 0
577 2
578 0
579 1
580 0
581 2
582 0
583 2
584 1
585 1
586 0
587 1
588 2
589 1
590 1
591 1
592 1
593 1
594 1
595 0
596 0
597 1
598 2
599 1
600 2
601 0
602 1
603 2
604 1
605 1
606 1
607 3
608 0
609 0
610 2
611 1
612 1
613 1
614 1
615 2
616 2
617 0
618 1
619 1
620 1
621 1
622 1
623 1
624 1
625 1
626 1
627 1
628 0
629 0
630 0
631 1
632 1
633 2
634 2
635 0
636 0
637 1
638 0
639 0
640 0
641 0
642 1
643 1
644 1
645 0
646 0
647 0
648 1
649 1
650 0
651 0
652 0
653 0
654 0
655 1
656 1
657 1
658 0
659 1
660 1
661 1
662 1
663 1
664 1
665 1
666 1
667 0
668 1
669 1
670 1
671 1
672 2
673 1
674 1
675 1
676 1
677 1
678 1
679 1
680 0
681 1
682 1
683 1
684 0
685 1
686 1
687 1
688 2
689 1
690 1
691 1
692 1
693 1
694 0
695 1
696 0
697 1
698 1
699 1
700 1
701 1
702 0
703 0
704 1
705 1
706 1
707 1
708 1
709 1
710 1
711 0
712 0
713 0
714 2
715 0
716 0
717 0
718 1
719 0
720 2
721 1
722 0
723 0
724 0
725 1
726 0
727 0
728 0
729 0
730 0
731 0
732 1
733 0
734 0
735 0
736 0
737 2
738 1
739 1
740 1
741 1
742 1
743 1
744 1
745 2
746 2
747 2
748 1
749 0
750 1
751 1
752 1
753 0
754 0
755 0
756 0
757 0
758 0
759 0
760 0
761 0
762 0
763 1
764 1
765 0
766 0
767 0
768 0
769 0
770 0
771 0
772 0
773 0
774 0
775 0
776 0
777 0
778 0
779 0
780 0
781 0
782 0
783 0
784 0
785 0
786 0
787 0
788 0
789 0
790 0
791 0
792 0
793 1
794 0
795 0
796 0
797 0
798 0
799 0
800 0
801 0
802 0
803 0
804 0
805 0
806 0
807 0
808 0
809 0
810 0
811 0
812 0
813 0
814 0
815 0
816 0
817 0
818 0
819 0
820 0
821 0
822 0
823 0
824 0
825 0
826 0
827 0
828 0
829 0
830 0
831 0
832 0
833 0
834 0
835 0
836 0
837 0
838 0
839 0
840 0
841 0
842 0
843 0
844 0
845 0
846 0
847 0
848 0
849 0
850 0
851 0
852 0
853 0
854 0
855 0
856 0
857 0
858 0
859 0
860 0
861 0
862 0
863 0
864 0
865 0
866 0
867 0
868 0
869 0
870 0
871 0
872 0
873 0
874 0
875 0
876 0
877 0
878 0
879 0
880 0
881 0
882 0
883 0
884 0
885 0
886 0
887 2
888 1
889 0
890 0
891 0
892 0
893 1
894 0
895 0
896 0
897 0
898 0
899 0
900 0
901 0
902 0
903 0
904 0
905 0
906 0
907 0
908 0
909 0
910 0
911 1
912 0
913 1
914 0
915 0
916 0
917 0
918 0
919 0
920 0
921 1
922 1
923 1
924 2
925 1
926 2
927 1
928 2
929 0
930 0
931 0
932 1
933 1
934 2
935 1
936 0
937 1
938 1
939 0
940 1
941 1
942 1
943 0
944 0
945 0
946 0
947 0
948 0
949 0
950 0
951 0
952 0
953 0
954 0
955 0
956 0
957 0
958 0
959 0
960 0
961 0
962 0
963 0
964 0
965 0
966 0
967 0
968 0
969 0
970 0
971 0
972 2
973 0
974 1
975 0
976 1
977 1
978 0
979 1
980 0
981 2
982 0
983 0
984 0
985 0
986 0
987 2
988 2
989 1
990 1
991 1
992 0
993 0
994 0
995 3
996 1
997 0
998 1
999 0
1000 2
1001 0
1002 0
1003 1
1004 1
1005 1
1006 1
1007 2
1008 1
1009 1
1010 0
1011 0
1012 2
1013 0
1014 3
1015 2
1016 2
1017 2
1018 0
1019 0
1020 0
1021 0
1022 1
1023 2
1024 1
1025 2
1026 0
1027 1
1028 3
1029 0
1030 0
1031 0
1032 1
1033 0
1034 0
1035 0
1036 0
1037 0
1038 2
1039 1
1040 0
1041 1
1042 1
1043 0
1044 1
1045 1
1046 0
1047 1
1048 1
1049 1
1050 1
1051 1
1052 1
1053 1
1054 2
1055 0
1056 0
1057 0
1058 0
1059 0
1060 0
1061 1
1062 0
1063 0
1064 1
1065 2
1066 0
1067 0
1068 0
1069 0
1070 0
1071 0
1072 1
1073 0
1074 2
1075 1
1076 0
1077 0
1078 1
1079 2
1080 0
1081 1
1082 0
1083 1
1084 1
1085 0
1086 1
1087 0
1088 1
1089 0
1090 1
1091 1
1092 0
1093 1
1094 1
1095 1
1096 1
1097 0
1098 0
1099 1
1100 1
1101 2
1102 2
1103 1
1104 0
1105 2
1106 0
1107 0
1108 1
1109 1
1110 3
1111 1
1112 1
1113 1
1114 2
1115 3
1116 1
1117 0
1118 0
1119 2
1120 1
1121 0
1122 1
1123 2
1124 1
1125 0
1126 0
1127 0
1128 0
1129 0
1130 0
1131 0
1132 1
1133 0
1134 0
1135 0
1136 0
1137 0
1138 0
1139 0
1140 0
1141 0
1142 0
1143 0
1144 0
1145 0
1146 0
1147 0
1148 0
1149 0
1150 0
1151 0
1152 0
1153 0
1154 0
1155 0
1156 0
1157 0
1158 1
1159 0
1160 0
1161 2
1162 1
1163 0
1164 0
1165 0
1166 0
1167 0
1168 0
1169 0
1170 0
1171 0
1172 0
1173 0
1174 1
1175 1
1176 0
1177 0
1178 1
1179 1
1180 0
1181 1
1182 1
1183 1
1184 0
1185 1
1186 1
1187 1
1188 1
1189 0
1190 2
1191 1
1192 1
1193 1
1194 2
1195 1
1196 1
1197 1
1198 1
1199 0
1200 1
1201 2
1202 1
1203 1
1204 1
1205 1
1206 1
1207 1
1208 2
1209 1
1210 1
1211 1
1212 1
1213 1
1214 1
1215 0
1216 1
1217 1
1218 1
1219 1
1220 1
1221 1
1222 1
1223 1
1224 1
1225 1
1226 1
1227 0
1228 0
1229 1
1230 0
1231 0
1232 0
1233 0
1234 0
1235 0
1236 0
1237 0
1238 0
1239 0
1240 0
1241 0
1242 0
1243 1
1244 2
1245 3
1246 1
1247 2
1248 3
1249 2
1250 1
1251 0
1252 0
1253 2
1254 1
1255 2
1256 2
1257 1
1258 0
1259 0
1260 0
1261 0
1262 0
1263 0
1264 0
1265 0
1266 0
1267 0
1268 0
1269 0
1270 0
1271 0
1272 0
1273 0
1274 0
1275 0
1276 0
1277 0
1278 0
1279 0
1280 0
1281 0
1282 0
1283 0
1284 0
1285 0
1286 0
1287 0
1288 0
1289 0
1290 0
1291 0
1292 0
1293 0
1294 0
1295 0
1296 0
1297 0
1298 0
1299 0
1300 0
1301 0
1302 0
1303 0
1304 0
1305 0
1306 0
1307 0
1308 0
1309 0
1310 0
1311 0
1312 0
1313 0
1314 0
1315 0
1316 0
1317 0
1318 0
1319 0
1320 0
1321 0
1322 0
1323 0
1324 0
1325 0
1326 0
1327 0
1328 0
1329 0
1330 0
1331 0
1332 0
1333 0
1334 0
1335 0
1336 0
1337 0
1338 0
1339 0
1340 0
1341 0
1342 0
1343 0
1344 0
1345 0
1346 0
1347 0
1348 0
1349 0
1350 0
1351 0
1352 0
1353 0
1354 0
1355 0
1356 0
1357 0
1358 0
1359 0
1360 0
1361 0
1362 0
1363 0
1364 0
1365 0
1366 0
1367 0
1368 0
1369 0
1370 0
1371 0
1372 0
1373 0
1374 0
1375 0
1376 0
1377 0
1378 0
1379 0
1380 0
1381 0
1382 0
1383 0
1384 0
1385 0
1386 0
1387 0
1388 0
1389 0
1390 0
1391 0
1392 0
1393 0
1394 0
1395 0
1396 0
1397 0
1398 0
1399 0
1400 0
1401 0
1402 0
1403 0
1404 0
1405 0
1406 0
1407 0
1408 0
1409 0
1410 0
1411 0
1412 0
1413 0
1414 0
1415 0
1416 0
1417 0
1418 0
1419 0
1420 0
1421 0
1422 0
1423 0
1424 0
1425 0
1426 0
1427 0
1428 0
1429 0
1430 0
1431 0
1432 0
1433 0
1434 0
1435 0
1436 0
1437 0
1438 0
1439 0
1440 0
1441 0
1442 0
1443 0
1444 0
1445 0
1446 0
1447 0
1448 0
1449 0
1450 0
1451 0
1452 0
1453 0
1454 0
1455 0
1456 0
1457 0
1458 0
1459 0
1460 0
1461 0
1462 0
1463 0
1464 0
1465 0
1466 0
1467 0
1468 0
1469 0
1470 0
1471 0
1472 0
1473 0
1474 0
1475 0
1476 0
1477 0
1478 0
1479 0
1480 0
1481 0
1482 0
1483 0
1484 0
1485 0
1486 0
1487 0
1488 0
1489 0
1490 0
1491 0
1492 0
1493 0
1494 0
1495 0
1496 0
1497 0
1498 0
1499 0
1500 0
1501 0
1502 0
1503 0
1504 0
1505 0
1506 0
1507 0
1508 0
1509 0
1510 0
1511 0
1512 0
1513 0
1514 0
1515 0
1516 0
1517 0
1518 0
1519 0
1520 0
1521 0
1522 0
1523 0
1524 0
1525 0
1526 0
1527 0
1528 0
1529 0
1530 0
1531 0
1532 0
1533 0
1534 0
1535 0
1536 0
1537 0
1538 0
1539 0
1540 0
1541 0
1542 0
1543 0
1544 0
1545 0
1546 0
1547 0
1548 0
1549 0
1550 0
1551 0
1552 0
1553 0
1554 0
1555 0
1556 0
1557 0
1558 0
1559 0
1560 0
1561 0
1562 0
1563 0
1564 0
1565 0
1566 0
1567 0
1568 0
1569 0
1570 0
1571 0
1572 0
1573 0
1574 0
1575 0
1576 0
1577 0
1578 0
1579 0
1580 0
1581 0
1582 0
1583 0
1584 0
1585 0
1586 0
1587 0
1588 0
1589 0
1590 0
1591 0
1592 0
1593 0
1594 0
1595 0
1596 0
1597 0
1598 0
1599 0
1600 0
1601 0
1602 0
1603 0
1604 0
1605 0
1606 0
1607 0
1608 0
1609 0
1610 0
1611 0
1612 0
1613 0
1614 0
1615 0
1616 0
1617 0
1618 0
1619 0
1620 0
1621 0
1622 0
1623 0
1624 0
1625 0
1626 0
1627 0
1628 0
1629 0
1630 0
1631 0
1632 0
1633 0
1634 0
1635 0
1636 0
1637 0
1638 0
1639 0
1640 0
1641 0
1642 0
1643 0
1644 0
1645 0
1646 0
1647 0
1648 0
1649 0
1650 0
1651 0
1652 0
1653 0
1654 0
1655 0
1656 0
1657 0
1658 0
1659 0
1660 0
1661 0
1662 0
1663 0
1664 0
1665 0
1666 0
1667 0
1668 0
1669 0
1670 0
1671 0
1672 0
1673 0
1674 0
1675 0
1676 0
1677 0
1678 0
1679 0
1680 0
1681 0
1682 0
1683 0
1684 0
1685 0
1686 0
1687 0
1688 0
1689 0
1690 0
1691 0
1692 0
1693 0
1694 0
1695 0
1696 0
1697 0
1698 0
1699 0
1700 0
1701 0
1702 0
1703 0
1704 0
1705 0
1706 0
1707 0
1708 0
1709 0
1710 0
1711 0
1712 0
1713 0
1714 0
1715 0
1716 0
1717 0
1718 0
1719 0
1720 0
1721 0
1722 0
1723 0
1724 0
1725 0
1726 0
1727 0
1728 0
1729 0
1730 0
1731 0
1732 0
1733 0
1734 0
1735 0
1736 0
1737 1
1738 1
1739 1
1740 0
1741 0
1742 0
1743 0
1744 0
1745 0
1746 1
1747 0
1748 0
1749 0
1750 0
1751 0
1752 1
1753 1
1754 0
1755 0
1756 2
1757 2
1758 1
1759 0
1760 1
1761 1
1762 1
1763 0
1764 0
1765 0
1766 0
1767 0
1768 0
1769 0
1770 0
1771 0
1772 0
1773 0
1774 0
1775 0
1776 0
1777 0
1778 0
1779 0
1780 0
1781 0
1782 0
1783 0
1784 0
1785 0
1786 0
1787 0
1788 0
1789 0
1790 0
1791 0
1792 0
1793 0
1794 0
1795 0
1796 0
1797 0
1798 0
1799 0
1800 0
1801 0
1802 0
1803 0
1804 0
1805 0
1806 0
1807 0
1808 0
1809 0
1810 0
1811 0
1812 0
1813 0
1814 0
1815 0
1816 0
1817 0
1818 0
1819 0
1820 0
1821 0
1822 0
1823 0
1824 0
1825 0
1826 0
1827 0
1828 0
1829 0
1830 0
1831 0
1832 0
1833 0
1834 0
1835 0
1836 0
1837 0
1838 0
1839 0
1840 0
1841 0
1842 0
1843 0
1844 0
1845 0
1846 0
1847 0
1848 0
1849 0
1850 0
1851 0
1852 0
1853 0
1854 0
1855 0
1856 0
1857 0
1858 0
1859 0
1860 0
1861 0
1862 0
1863 0
1864 0
1865 0
1866 0
1867 0
1868 0
1869 0
1870 0
1871 0
1872 0
1873 0
1874 0
1875 0
1876 0
1877 0
1878 0
1879 0
1880 0
1881 0
1882 0
1883 0
1884 0
1885 0
1886 0
1887 0
1888 0
1889 0
1890 0
1891 0
1892 0
1893 0
1894 0
1895 0
1896 0
1897 0
1898 0
1899 0
1900 0
1901 0
1902 0
1903 0
1904 0
1905 0
1906 0
1907 0
1908 0
1909 0
1910 0
1911 0
1912 0
1913 0
1914 0
1915 0
1916 0
1917 0
1918 0
1919 0
1920 0
1921 0
1922 0
1923 0
1924 0
1925 0
1926 0
1927 0
1928 0
1929 0
1930 0
1931 0
1932 0
1933 0
1934 0
1935 0
1936 0
1937 0
1938 0
1939 0
1940 0
1941 0
1942 0
1943 0
1944 1
1945 1
1946 1
1947 1
1948 0
1949 0
1950 1
1951 1
1952 1
1953 1
1954 1
1955 1
1956 3
1957 1
1958 1
1959 1
1960 2
1961 1
1962 2
1963 1
1964 2
1965 1
1966 1
1967 0
1968 1
1969 0
1970 0
1971 0
1972 0
1973 0
1974 0
1975 0
1976 0
1977 0
1978 0
1979 0
1980 0
1981 0
1982 0
1983 0
1984 0
1985 0
1986 0
1987 0
1988 0
1989 0
1990 0
1991 0
1992 0
1993 0
1994 0
1995 0
1996 0
1997 0
1998 0
1999 0
