0 1
1 0
2 1
3 1
4 0
5 1
6 2
7 2
8 2
9 1
10 1
11 0
12 1
13 0
14 0
15 1
16 0
17 1
18 1
19 1
20 0
21 1
22 2
23 0
24 0
25 0
26 0
27 0
28 0
29 0
30 0
31 2
32 1
33 1
34 0
35 1
36 0
37 0
38 0
39 1
40 2
41 3
42 0
43 1
44 2
45 0
46 2
47 2
48 0
49 1
50 0
51 0
52 1
53 1
54 0
55 0
56 0
57 1
58 2
59 1
60 1
61 1
62 0
63 1
64 1
65 0
66 2
67 3
68 2
69 2
70 1
71 0
72 0
73 1
74 0
75 1
76 3
77 4
78 2
79 5
80 1
81 4
82 2
83 0
84 0
85 0
86 1
87 0
88 0
89 2
90 1
91 2
92 2
93 2
94 1
95 1
96 1
97 2
98 1
99 1
100 0
101 1
102 1
103 0
104 2
105 2
106 2
107 2
108 0
109 2
110 3
111 1
112 1
113 1
114 1
115 1
116 2
117 1
118 0
119 0
120 2
121 0
122 0
123 1
124 1
125 1
126 2
127 2
128 2
129 1
130 1
131 3
132 2
133 2
134 1
135 2
136 0
137 0
138 1
139 2
140 2
141 1
142 1
143 3
144 1
145 0
146 3
147 1
148 0
149 1
150 2
151 1
152 2
153 1
154 2
155 3
156 2
157 1
158 2
159 1
160 1
161 1
162 0
163 0
164 0
165 2
166 3
167 1
168 0
169 1
170 1
171 1
172 1
173 0
174 1
175 1
176 2
177 1
178 1
179 1
180 0
181 1
182 1
183 2
184 1
185 1
186 2
187 1
188 2
189 3
190 3
191 1
192 3
193 1
194 1
195 0
196 1
197 0
198 1
199 1
200 1
201 1
202 1
203 0
204 0
205 2
206 0
207 1
208 2
209 0
210 1
211 1
212 0
213 2
214 1
215 1
216 2
217 1
218 1
219 1
220 1
221 2
222 1
223 1
224 1
225 2
226 2
227 2
228 0
229 1
230 3
231 1
232 1
233 1
234 0
235 0
236 1
237 3
238 2
239 2
240 2
241 2
242 2
243 2
244 4
245 2
246 2
247 2
248 0
249 1
250 2
251 3
252 2
253 3
254 3
255 1
256 3
257 3
258 2
259 2
260 3
261 2
262 2
263 1
264 0
265 1
266 1
267 1
268 2
269 2
270 3
271 2
272 1
273 1
274 1
275 3
276 1
277 1
278 1
279 2
280 3
281 2
282 4
283 1
284 2
285 0
286 1
287 1
288 1
289 1
290 1
291 1
292 0
293 0
294 1
295 0
296 0
297 1
298 1
299 0
300 1
301 1
302 1
303 1
304 2
305 1
306 1
307 1
308 0
309 1
310 1
311 1
312 2
313 0
314 1
315 1
316 2
317 0
318 0
319 1
320 1
321 1
322 1
323 2
324 2
325 1
326 2
327 3
328 2
329 2
330 1
331 2
332 1
333 1
334 1
335 1
336 1
337 2
338 1
339 1
340 0
341 1
342 1
343 1
344 0
345 2
346 1
347 1
348 1
349 1
350 1
351 1
352 2
353 2
354 1
355 2
356 1
357 1
358 1
359 1
360 3
361 2
362 1
363 1
364 1
365 1
366 1
367 1
368 1
369 2
370 2
371 0
372 2
373 1
374 1
375 0
376 1
377 0
378 0
379 1
380 0
381 1
382 1
383 0
384 0
385 0
386 3
387 2
388 1
389 1
390 2
391 1
392 1
393 3
394 1
395 1
396 1
397 0
398 3
399 1
400 2
401 1
402 2
403 3
404 1
405 1
406 1
407 2
408 1
409 2
410 1
411 1
412 1
413 1
414 2
415 1
416 0
417 1
418 1
419 1
420 1
421 0
422 0
423 0
424 0
425 2
426 1
427 1
428 1
429 1
430 1
431 1
432 2
433 0
434 3
435 1
436 1
437 0
438 2
439 1
440 0
441 0
442 0
443 0
444 2
445 0
446 2
447 0
448 0
449 0
450 1
451 0
452 0
453 0
454 0
455 0
456 1
457 1
458 1
459 1
460 1
461 0
462 3
463 1
464 3
465 1
466 2
467 1
468 1
469 1
470 1
471 2
472 2
473 0
474 1
475 0
476 1
477 1
478 0
479 1
480 0
481 0
482 0
483 0
484 1
485 0
486 1
487 2
488 3
489 1
490 3
491 1
492 2
493 1
494 1
495 1
496 3
497 0
498 0
499 1
500 1
501 0
502 0
503 0
504 1
505 1
506 0
507 2
508 1
509 1
510 1
511 1
512 1
513 1
514 1
515 2
516 1
517 1
518 2
519 1
520 2
521 1
522 1
523 1
524 1
525 1
526 0
527 0
528 0
529 1
530 2
531 1
532 1
533 2
534 1
535 1
536 1
537 0
538 1
539 0
540 1
541 1
542 2
543 3
544 0
545 0
546 1
547 1
548 1
549 1
550 0
551 0
552 0
553 1
554 0
555 1
556 1
557 0
558 0
559 1
560 1
561 1
562 0
563 1
564 0
565 0
566 0
567 0
568 1
569 2
570 4
571 0
572 0
573 0
574 0
575 0
576 0
577 1
578 0
579 1
580 3
581 1
582 0
583 0
584 0
585 1
586 0
587 1
588 0
589 1
590 0
591 0
592 0
593 1
594 1
595 0
596 0
597 1
598 0
599 1
600 1
601 1
602 1
603 1
604 2
605 1
606 0
607 0
608 2
609 2
610 1
611 4
612 0
613 0
614 1
615 2
616 1
617 1
618 0
619 1
620 0
621 0
622 0
623 0
624 0
625 0
626 0
627 0
628 1
629 0
630 1
631 1
632 0
633 1
634 1
635 1
636 1
637 2
638 0
639 2
640 1
641 1
642 0
643 1
644 1
645 1
646 0
647 3
648 3
649 1
650 1
651 1
652 1
653 0
654 1
655 1
656 1
657 2
658 1
659 0
660 2
661 1
662 0
663 0
664 2
665 1
666 0
667 1
668 0
669 0
670 1
671 0
672 0
673 0
674 0
675 1
676 0
677 1
678 1
679 1
680 0
681 1
682 0
683 1
684 0
685 0
686 0
687 0
688 0
689 2
690 0
691 0
692 0
693 2
694 0
695 1
696 0
697 0
698 1
699 1
700 0
701 2
702 3
703 2
704 2
705 3
706 2
707 2
708 2
709 0
710 0
711 0
712 1
713 0
714 0
715 0
716 0
717 0
718 0
719 1
720 1
721 1
722 0
723 1
724 0
725 1
726 2
727 1
728 0
729 1
730 1
731 0
732 0
733 0
734 1
735 1
736 0
737 0
738 0
739 0
740 0
741 1
742 2
743 1
744 1
745 1
746 0
747 1
748 0
749 0
750 0
751 1
752 0
753 0
754 0
755 0
756 0
757 1
758 1
759 1
760 0
761 0
762 1
763 1
764 1
765 1
766 2
767 1
768 0
769 1
770 1
771 0
772 0
773 0
774 0
775 1
776 0
777 1
778 1
779 1
780 1
781 3
782 0
783 1
784 0
785 0
786 0
787 1
788 0
789 1
790 2
791 0
792 0
793 1
794 2
795 2
796 1
797 0
798 1
799 1
800 0
801 0
802 2
803 1
804 1
805 1
806 0
807 0
808 0
809 1
810 0
811 0
812 1
813 1
814 0
815 0
816 1
817 2
818 3
819 2
820 2
821 2
822 1
823 1
824 2
825 2
826 2
827 1
828 2
829 2
830 2
831 2
832 2
833 2
834 1
835 2
836 0
837 2
838 2
839 2
840 2
841 1
842 2
843 1
844 3
845 2
846 1
847 2
848 0
849 2
850 2
851 2
852 1
853 0
854 2
855 1
856 1
857 2
858 1
859 0
860 1
861 2
862 2
863 2
864 1
865 2
866 3
867 2
868 2
869 2
870 2
871 2
872 1
873 0
874 0
875 0
876 0
877 0
878 1
879 0
880 0
881 0
882 0
883 1
884 0
885 0
886 0
887 0
888 0
889 1
890 0
891 0
892 1
893 0
894 0
895 0
896 2
897 2
898 2
899 2
900 2
901 0
902 1
903 0
904 0
905 0
906 2
907 1
908 2
909 1
910 2
911 1
912 2
913 0
914 2
915 2
916 2
917 1
918 1
919 0
920 0
921 0
922 1
923 1
924 0
925 0
926 0
927 0
928 0
929 0
930 1
931 0
932 0
933 0
934 0
935 0
936 0
937 0
938 0
939 0
940 0
941 0
942 0
943 0
944 0
945 0
946 0
947 1
948 1
949 1
950 1
951 2
952 1
953 1
954 0
955 0
956 0
957 0
958 0
959 1
960 0
961 0
962 0
963 2
964 1
965 0
966 1
967 1
968 1
969 1
970 0
971 1
972 0
973 0
974 0
975 0
976 0
977 0
978 0
979 0
980 0
981 0
982 0
983 0
984 1
985 0
986 1
987 0
988 0
989 0
990 0
991 1
992 0
993 1
994 1
995 2
996 2
997 2
998 0
999 3
1000 0
1001 1
1002 0
1003 1
1004 1
1005 0
1006 0
1007 0
1008 2
1009 2
1010 0
1011 0
1012 0
1013 0
1014 0
1015 0
1016 2
1017 2
1018 1
1019 1
1020 2
1021 1
1022 0
1023 0
1024 0
1025 1
1026 0
1027 1
1028 0
1029 0
1030 0
1031 0
1032 0
1033 0
1034 0
1035 2
1036 1
1037 0
1038 2
1039 0
1040 0
1041 1
1042 2
1043 1
1044 1
1045 0
1046 2
1047 1
1048 0
1049 2
1050 0
1051 2
1052 0
1053 1
1054 0
1055 1
1056 0
1057 0
1058 0
1059 0
1060 0
1061 0
1062 0
1063 0
1064 2
1065 0
1066 0
1067 0
1068 1
1069 0
1070 1
1071 0
1072 0
1073 0
1074 0
1075 0
1076 1
1077 0
1078 0
1079 0
1080 0
1081 0
1082 1
1083 2
1084 2
1085 1
1086 0
1087 0
1088 0
1089 1
1090 1
1091 0
1092 0
1093 0
1094 0
1095 0
1096 1
1097 1
1098 0
1099 0
1100 0
1101 0
1102 0
1103 0
1104 0
1105 0
1106 0
1107 0
1108 0
1109 0
1110 0
1111 0
1112 0
1113 0
1114 0
1115 0
1116 0
1117 0
1118 0
1119 0
1120 0
1121 0
1122 0
1123 0
1124 0
1125 0
1126 0
1127 0
1128 0
1129 0
1130 0
1131 0
1132 0
1133 0
1134 0
1135 0
1136 0
1137 0
1138 0
1139 1
1140 1
1141 0
1142 0
1143 0
1144 0
1145 0
1146 0
1147 0
1148 0
1149 0
1150 2
1151 0
1152 0
1153 0
1154 0
1155 3
1156 0
1157 0
1158 0
1159 0
1160 0
1161 0
1162 0
1163 1
1164 0
1165 1
1166 0
1167 1
1168 0
1169 1
1170 1
1171 0
1172 0
1173 1
1174 0
1175 0
1176 0
1177 1
1178 0
1179 0
1180 0
1181 0
1182 1
1183 0
1184 1
1185 0
1186 0
1187 1
1188 1
1189 0
1190 0
1191 1
1192 0
1193 0
1194 0
1195 1
1196 1
1197 2
1198 1
1199 0
1200 0
1201 1
1202 1
1203 0
1204 0
1205 0
1206 1
1207 0
1208 0
1209 0
1210 0
1211 0
1212 0
1213 0
1214 0
1215 0
1216 0
1217 0
1218 0
1219 1
1220 0
1221 1
1222 1
1223 0
1224 0
1225 1
1226 0
1227 0
1228 0
1229 0
1230 0
1231 0
1232 1
1233 0
1234 2
1235 0
1236 1
1237 0
1238 0
1239 1
1240 0
1241 1
1242 1
1243 1
1244 0
1245 0
1246 0
1247 0
1248 1
1249 0
1250 0
1251 1
1252 0
1253 1
1254 1
1255 0
1256 0
1257 0
1258 0
1259 0
1260 0
1261 1
1262 1
1263 1
1264 1
1265 1
1266 1
1267 0
1268 1
1269 1
1270 0
1271 1
1272 2
1273 1
1274 2
1275 1
1276 2
1277 1
1278 1
1279 1
1280 1
1281 1
1282 2
1283 1
1284 1
1285 1
1286 1
1287 1
1288 1
1289 1
1290 0
1291 1
1292 1
1293 0
1294 1
1295 1
1296 1
1297 1
1298 1
1299 1
1300 3
1301 1
1302 1
1303 1
1304 1
1305 0
1306 0
1307 1
1308 1
1309 1
1310 1
1311 1
1312 1
1313 1
1314 0
1315 1
1316 2
1317 1
1318 2
1319 2
1320 2
1321 1
1322 1
1323 2
1324 2
1325 1
1326 1
1327 1
1328 1
1329 1
1330 1
1331 1
1332 2
1333 1
1334 2
1335 1
1336 1
1337 2
1338 1
1339 1
1340 1
1341 1
1342 2
1343 1
1344 0
1345 1
1346 1
1347 1
1348 1
1349 2
1350 1
1351 1
1352 1
1353 1
1354 1
1355 2
1356 1
1357 2
1358 1
1359 1
1360 0
1361 1
1362 1
1363 2
1364 0
1365 0
1366 1
1367 1
1368 1
1369 1
1370 1
1371 0
1372 1
1373 1
1374 1
1375 0
1376 1
1377 1
1378 0
1379 0
1380 1
1381 1
1382 0
1383 1
1384 1
1385 1
1386 1
1387 2
1388 1
1389 1
1390 1
1391 0
1392 1
1393 1
1394 1
1395 2
1396 0
1397 1
1398 2
1399 1
1400 1
1401 1
1402 1
1403 1
1404 1
1405 1
1406 1
1407 1
1408 1
1409 1
1410 1
1411 0
1412 0
1413 1
1414 2
1415 1
1416 0
1417 0
1418 2
1419 1
1420 1
1421 1
1422 1
1423 1
1424 2
1425 1
1426 1
1427 2
1428 1
1429 0
1430 1
1431 1
1432 1
1433 0
1434 0
1435 1
1436 1
1437 1
1438 1
1439 0
1440 1
1441 0
1442 1
1443 1
1444 0
1445 0
1446 1
1447 1
1448 2
1449 0
1450 0
1451 2
1452 0
1453 0
1454 0
1455 2
1456 1
1457 2
1458 1
1459 0
1460 2
1461 1
1462 0
1463 1
1464 0
1465 0
1466 1
1467 0
1468 1
1469 2
1470 2
1471 0
1472 1
1473 1
1474 1
1475 2
1476 0
1477 1
1478 1
1479 1
1480 1
1481 1
1482 1
1483 0
1484 2
1485 4
1486 2
1487 1
1488 1
1489 0
1490 0
1491 1
1492 1
1493 0
1494 1
1495 0
1496 0
1497 0
1498 1
1499 0
1500 1
1501 0
1502 1
1503 2
1504 1
1505 1
1506 0
1507 1
1508 0
1509 0
1510 2
1511 1
1512 1
1513 1
1514 1
1515 0
1516 0
1517 1
1518 1
1519 0
1520 0
1521 2
1522 2
1523 1
1524 0
1525 1
1526 0
1527 0
1528 1
1529 1
1530 1
1531 1
1532 0
1533 3
1534 1
1535 2
1536 2
1537 2
1538 2
1539 1
1540 1
1541 0
1542 1
1543 0
1544 0
1545 2
1546 1
1547 1
1548 0
1549 3
1550 1
1551 0
1552 1
1553 1
1554 2
1555 1
1556 3
1557 0
1558 1
1559 2
1560 1
1561 2
1562 2
1563 0
1564 0
1565 0
1566 0
1567 0
1568 0
1569 1
1570 1
1571 0
1572 0
1573 1
1574 1
1575 1
1576 0
1577 1
1578 3
1579 2
1580 1
1581 1
1582 2
1583 1
1584 2
1585 1
1586 3
1587 1
1588 0
1589 1
1590 0
1591 1
1592 1
1593 1
1594 1
1595 0
1596 1
1597 1
1598 1
1599 1
1600 1
1601 0
1602 0
1603 0
1604 1
1605 1
1606 1
1607 1
1608 2
1609 1
1610 1
1611 2
1612 2
1613 1
1614 0
1615 1
1616 1
1617 1
1618 1
1619 1
1620 1
1621 2
1622 0
1623 2
1624 1
1625 1
1626 0
1627 0
1628 1
1629 1
1630 1
1631 1
1632 0
1633 1
1634 1
1635 1
1636 0
1637 0
1638 2
1639 2
1640 2
1641 1
1642 1
1643 1
1644 0
1645 1
1646 2
1647 2
1648 2
1649 2
1650 1
1651 3
1652 3
1653 2
1654 1
1655 1
1656 1
1657 2
1658 1
1659 2
1660 2
1661 3
1662 1
1663 0
1664 1
1665 2
1666 3
1667 3
1668 3
1669 2
1670 2
1671 2
1672 2
1673 2
1674 3
1675 3
1676 3
1677 2
1678 3
1679 3
1680 1
1681 2
1682 0
1683 3
1684 2
1685 1
1686 2
1687 1
1688 2
1689 1
1690 1
1691 0
1692 1
1693 1
1694 1
1695 1
1696 1
1697 0
1698 1
1699 1
1700 1
1701 1
1702 1
1703 2
1704 1
1705 1
1706 1
1707 0
1708 1
1709 1
1710 0
1711 2
1712 0
1713 0
1714 0
1715 2
1716 2
1717 0
1718 1
1719 1
1720 1
1721 1
1722 0
1723 1
1724 2
1725 1
1726 1
1727 1
1728 1
1729 1
1730 2
1731 1
1732 1
1733 1
1734 2
1735 0
1736 2
1737 1
1738 1
1739 1
1740 2
1741 1
1742 1
1743 3
1744 1
1745 1
1746 2
1747 2
1748 1
1749 1
1750 1
1751 2
1752 0
1753 0
1754 2
1755 1
1756 0
1757 0
1758 1
1759 1
1760 1
1761 1
1762 0
1763 1
1764 1
1765 0
1766 0
1767 0
1768 1
1769 1
1770 1
1771 1
1772 1
1773 1
1774 1
1775 1
1776 1
1777 1
1778 1
1779 1
1780 1
1781 1
1782 2
1783 1
1784 0
1785 1
1786 1
1787 1
1788 1
1789 2
1790 1
1791 1
1792 0
1793 0
1794 2
1795 0
1796 1
1797 1
1798 1
1799 0
1800 1
1801 1
1802 1
1803 1
1804 1
1805 0
1806 0
1807 0
1808 2
1809 0
1810 0
1811 0
1812 0
1813 0
1814 2
1815 2
1816 0
1817 0
1818 1
1819 0
1820 0
1821 0
1822 3
1823 0
1824 0
1825 0
1826 1
1827 2
1828 2
1829 2
1830 2
1831 1
1832 2
1833 1
1834 1
1835 1
1836 1
1837 3
1838 2
1839 1
1840 0
1841 3
1842 1
1843 3
1844 2
1845 3
1846 2
1847 3
1848 2
1849 2
1850 3
1851 2
1852 3
1853 0
1854 3
1855 0
1856 4
1857 2
1858 3
1859 1
1860 0
1861 0
1862 2
1863 2
1864 1
1865 3
1866 3
1867 1
1868 2
1869 1
1870 2
1871 1
1872 0
1873 1
1874 1
1875 2
1876 2
1877 0
1878 2
1879 2
1880 2
1881 2
1882 3
1883 2
1884 1
1885 2
1886 2
1887 3
1888 1
1889 1
1890 2
1891 2
1892 2
1893 1
1894 1
1895 2
1896 0
1897 1
1898 2
1899 1
1900 2
1901 1
1902 2
1903 3
1904 2
1905 1
1906 1
1907 3
1908 2
1909 4
1910 1
1911 1
1912 1
1913 0
1914 1
1915 1
1916 3
1917 1
1918 1
1919 2
1920 0
1921 2
1922 1
1923 2
1924 3
1925 2
1926 2
1927 1
1928 1
1929 2
1930 1
1931 2
1932 3
1933 3
1934 3
1935 2
1936 1
1937 3
1938 3
1939 3
1940 2
1941 3
1942 0
1943 2
1944 2
1945 3
1946 2
1947 2
1948 1
1949 1
1950 0
1951 2
1952 1
1953 0
1954 2
1955 2
1956 2
1957 2
1958 3
1959 2
1960 1
1961 2
1962 1
1963 1
1964 0
1965 0
1966 2
1967 1
1968 1
1969 1
1970 1
1971 0
1972 0
1973 1
1974 2
1975 2
1976 2
1977 2
1978 3
1979 1
1980 2
1981 2
1982 2
1983 3
1984 2
1985 1
1986 1
1987 1
1988 0
1989 2
1990 1
1991 2
1992 1
1993 2
1994 0
1995 1
1996 2
1997 1
1998 3
1999 1
