0 0
1 1
2 1
3 1
4 1
5 0
6 1
7 1
8 1
9 1
10 1
11 0
12 1
13 0
14 1
15 0
16 0
17 0
18 0
19 0
20 0
21 1
22 0
23 0
24 0
25 0
26 0
27 0
28 0
29 0
30 0
31 0
32 1
33 0
34 0
35 0
36 2
37 1
38 0
39 1
40 2
41 2
42 1
43 2
44 1
45 0
46 2
47 0
48 0
49 0
50 0
51 0
52 0
53 0
54 1
55 0
56 0
57 2
58 0
59 1
60 1
61 2
62 1
63 1
64 2
65 2
66 1
67 2
68 2
69 2
70 2
71 1
72 1
73 1
74 1
75 1
76 2
77 2
78 1
79 3
80 2
81 2
82 1
83 1
84 1
85 3
86 1
87 1
88 1
89 1
90 1
91 2
92 0
93 1
94 1
95 2
96 1
97 1
98 1
99 0
100 1
101 0
102 0
103 1
104 1
105 0
106 0
107 0
108 2
109 0
110 1
111 1
112 0
113 1
114 2
115 2
116 1
117 1
118 1
119 1
120 0
121 1
122 1
123 1
124 1
125 1
126 0
127 1
128 1
129 1
130 1
131 2
132 0
133 1
134 1
135 2
136 2
137 2
138 2
139 1
140 3
141 2
142 2
143 2
144 2
145 2
146 1
147 2
148 0
149 1
150 2
151 3
152 2
153 2
154 0
155 2
156 2
157 1
158 1
159 1
160 1
161 1
162 1
163 1
164 2
165 1
166 2
167 1
168 1
169 3
170 0
171 1
172 1
173 1
174 1
175 2
176 1
177 1
178 1
179 2
180 1
181 1
182 1
183 1
184 1
185 0
186 0
187 1
188 1
189 1
190 2
191 1
192 2
193 2
194 0
195 0
196 1
197 0
198 1
199 2
200 2
201 0
202 1
203 1
204 1
205 1
206 0
207 1
208 1
209 1
210 1
211 1
212 1
213 1
214 0
215 1
216 1
217 1
218 2
219 1
220 2
221 1
222 1
223 1
224 2
225 1
226 2
227 2
228 1
229 1
230 2
231 2
232 1
233 1
234 2
235 2
236 1
237 2
238 2
239 2
240 1
241 2
242 1
243 2
244 1
245 2
246 2
247 2
248 1
249 2
250 2
251 1
252 1
253 1
254 1
255 1
256 2
257 2
258 1
259 2
260 1
261 0
262 1
263 2
264 1
265 2
266 0
267 2
268 1
269 2
270 2
271 2
272 2
273 1
274 2
275 0
276 2
277 1
278 1
279 3
280 2
281 2
282 2
283 1
284 1
285 1
286 2
287 0
288 1
289 1
290 1
291 1
292 0
293 2
294 1
295 2
296 1
297 0
298 2
299 1
300 1
301 1
302 1
303 2
304 2
305 1
306 2
307 2
308 1
309 1
310 2
311 1
312 1
313 0
314 2
315 1
316 2
317 1
318 0
319 2
320 2
321 2
322 2
323 2
324 1
325 0
326 2
327 2
328 2
329 0
330 1
331 2
332 2
333 1
334 2
335 2
336 2
337 2
338 1
339 2
340 2
341 2
342 2
343 2
344 0
345 2
346 1
347 0
348 2
349 1
350 2
351 1
352 2
353 2
354 2
355 2
356 2
357 1
358 2
359 1
360 3
361 1
362 2
363 1
364 1
365 2
366 2
367 1
368 2
369 2
370 2
371 2
372 2
373 1
374 1
375 1
376 1
377 1
378 2
379 2
380 1
381 2
382 1
383 2
384 1
385 2
386 1
387 1
388 0
389 1
390 1
391 1
392 1
393 1
394 1
395 1
396 2
397 1
398 1
399 1
400 1
401 1
402 2
403 2
404 1
405 2
406 2
407 2
408 2
409 1
410 1
411 2
412 2
413 2
414 1
415 0
416 2
417 1
418 1
419 2
420 1
421 2
422 2
423 1
424 1
425 2
426 1
427 1
428 2
429 2
430 1
431 1
432 1
433 2
434 2
435 2
436 2
437 2
438 1
439 1
440 1
441 0
442 1
443 0
444 1
445 1
446 1
447 1
448 0
449 0
450 1
451 1
452 0
453 0
454 0
455 0
456 0
457 1
458 0
459 1
460 0
461 0
462 1
463 0
464 2
465 1
466 0
467 0
468 0
469 0
470 0
471 1
472 1
473 2
474 1
475 0
476 1
477 1
478 0
479 0
480 2
481 2
482 3
483 3
484 2
485 2
486 0
487 2
488 2
489 2
490 3
491 2
492 1
493 2
494 3
495 3
496 2
497 3
498 3
499 1
500 1
501 3
502 1
503 0
504 0
505 1
506 1
507 0
508 0
509 0
510 0
511 0
512 0
513 0
514 0
515 0
516 0
517 0
518 0
519 0
520 0
521 1
522 1
523 0
524 0
525 0
526 0
527 2
528 0
529 1
530 0
531 0
532 0
533 0
534 0
535 0
536 0
537 0
538 0
539 0
540 0
541 0
542 0
543 0
544 0
545 1
546 0
547 0
548 0
549 0
550 0
551 0
552 0
553 0
554 0
555 0
556 0
557 0
558 0
559 0
560 0
561 0
562 0
563 0
564 0
565 0
566 0
567 0
568 0
569 0
570 0
571 0
572 0
573 0
574 1
575 1
576 0
577 1
578 1
579 0
580 1
581 0
582 1
583 1
584 0
585 1
586 1
587 1
588 0
589 0
590 0
591 0
592 0
593 0
594 1
595 1
596 0
597 0
598 0
599 0
600 0
601 0
602 0
603 0
604 0
605 0
606 0
607 0
608 0
609 0
610 0
611 0
612 0
613 0
614 0
615 0
616 1
617 0
618 0
619 0
620 0
621 0
622 0
623 0
624 1
625 1
626 0
627 0
628 0
629 0
630 0
631 0
632 0
633 0
634 0
635 1
636 1
637 1
638 2
639 1
640 1
641 0
642 1
643 2
644 1
645 1
646 0
647 0
648 0
649 1
650 0
651 1
652 1
653 0
654 0
655 0
656 0
657 0
658 0
659 0
660 0
661 0
662 1
663 1
664 1
665 1
666 1
667 1
668 3
669 0
670 0
671 0
672 1
673 1
674 1
675 1
676 1
677 1
678 1
679 1
680 2
681 1
682 1
683 1
684 1
685 0
686 1
687 1
688 1
689 2
690 0
691 0
692 1
693 0
694 1
695 1
696 0
697 1
698 1
699 1
700 1
701 0
702 1
703 0
704 1
705 1
706 1
707 1
708 2
709 0
710 1
711 0
712 1
713 0
714 1
715 1
716 1
717 1
718 1
719 1
720 2
721 2
722 2
723 1
724 1
725 2
726 1
727 0
728 2
729 0
730 1
731 1
732 1
733 0
734 2
735 1
736 1
737 1
738 0
739 1
740 1
741 1
742 1
743 1
744 2
745 1
746 3
747 2
748 1
749 0
750 0
751 1
752 2
753 1
754 1
755 2
756 0
757 1
758 0
759 0
760 0
761 0
762 0
763 0
764 0
765 1
766 0
767 0
768 2
769 0
770 0
771 0
772 0
773 1
774 1
775 0
776 1
777 1
778 0
779 2
780 0
781 0
782 0
783 0
784 0
785 0
786 0
787 0
788 0
789 0
790 0
791 0
792 0
793 0
794 0
795 0
796 0
797 0
798 0
799 0
800 0
801 0
802 0
803 0
804 0
805 0
806 0
807 0
808 0
809 0
810 0
811 0
812 0
813 0
814 0
815 0
816 0
817 1
818 0
819 0
820 0
821 0
822 0
823 0
824 0
825 0
826 0
827 0
828 0
829 0
830 2
831 1
832 1
833 2
834 3
835 1
836 1
837 1
838 0
839 1
840 0
841 0
842 0
843 0
844 0
845 1
846 0
847 0
848 0
849 2
850 0
851 0
852 0
853 0
854 1
855 0
856 0
857 0
858 0
859 1
860 2
861 3
862 3
863 2
864 1
865 1
866 1
867 1
868 0
869 1
870 1
871 1
872 0
873 1
874 1
875 1
876 0
877 0
878 0
879 0
880 0
881 0
882 0
883 0
884 0
885 0
886 0
887 0
888 0
889 0
890 1
891 0
892 0
893 0
894 1
895 0
896 0
897 0
898 0
899 1
900 3
901 1
902 1
903 1
904 2
905 0
906 0
907 0
908 0
909 0
910 0
911 0
912 0
913 0
914 0
915 1
916 0
917 0
918 0
919 1
920 1
921 1
922 3
923 0
924 1
925 1
926 0
927 1
928 1
929 1
930 1
931 0
932 1
933 2
934 1
935 3
936 1
937 2
938 0
939 2
940 1
941 0
942 0
943 0
944 1
945 1
946 0
947 0
948 0
949 0
950 0
951 0
952 0
953 0
954 0
955 0
956 0
957 0
958 0
959 0
960 0
961 0
962 0
963 0
964 0
965 0
966 0
967 0
968 0
969 0
970 0
971 0
972 0
973 0
974 0
975 0
976 0
977 0
978 0
979 0
980 0
981 0
982 0
983 0
984 0
985 1
986 2
987 0
988 0
989 1
990 1
991 0
992 0
993 0
994 0
995 0
996 0
997 0
998 1
999 1
1000 0
1001 0
1002 0
1003 0
1004 0
1005 0
1006 0
1007 0
1008 0
1009 1
1010 1
1011 1
1012 1
1013 0
1014 0
1015 0
1016 0
1017 0
1018 1
1019 3
1020 0
1021 2
1022 0
1023 2
1024 2
1025 1
1026 2
1027 2
1028 2
1029 1
1030 1
1031 0
1032 1
1033 1
1034 1
1035 2
1036 0
1037 1
1038 1
1039 1
1040 1
1041 0
1042 1
1043 1
1044 2
1045 0
1046 1
1047 2
1048 0
1049 3
1050 0
1051 1
1052 1
1053 1
1054 1
1055 1
1056 0
1057 0
1058 0
1059 0
1060 0
1061 0
1062 0
1063 0
1064 0
1065 0
1066 0
1067 0
1068 0
1069 0
1070 0
1071 0
1072 0
1073 0
1074 0
1075 0
1076 0
1077 0
1078 0
1079 0
1080 0
1081 0
1082 0
1083 0
1084 0
1085 0
1086 0
1087 0
1088 0
1089 0
1090 0
1091 0
1092 0
1093 0
1094 0
1095 0
1096 1
1097 1
1098 0
1099 0
1100 0
1101 0
1102 0
1103 0
1104 0
1105 1
1106 0
1107 0
1108 0
1109 0
1110 0
1111 0
1112 0
1113 0
1114 0
1115 0
1116 0
1117 0
1118 0
1119 0
1120 0
1121 0
1122 0
1123 0
1124 0
1125 0
1126 0
1127 0
1128 0
1129 0
1130 0
1131 0
1132 0
1133 0
1134 0
1135 0
1136 1
1137 0
1138 0
1139 0
1140 0
1141 0
1142 0
1143 0
1144 0
1145 0
1146 0
1147 0
1148 0
1149 0
1150 0
1151 0
1152 0
1153 0
1154 0
1155 0
1156 0
1157 0
1158 0
1159 0
1160 0
1161 0
1162 0
1163 0
1164 0
1165 0
1166 0
1167 0
1168 0
1169 1
1170 0
1171 0
1172 0
1173 0
1174 1
1175 0
1176 1
1177 1
1178 1
1179 1
1180 2
1181 0
1182 0
1183 0
1184 1
1185 0
1186 0
1187 0
1188 2
1189 0
1190 0
1191 0
1192 0
1193 1
1194 1
1195 1
1196 2
1197 0
1198 0
1199 0
1200 0
1201 0
1202 0
1203 0
1204 0
1205 2
1206 1
1207 3
1208 2
1209 1
1210 1
1211 0
1212 0
1213 1
1214 1
1215 0
1216 0
1217 0
1218 0
1219 0
1220 0
1221 0
1222 0
1223 0
1224 0
1225 0
1226 0
1227 0
1228 1
1229 1
1230 1
1231 1
1232 1
1233 1
1234 1
1235 2
1236 0
1237 1
1238 1
1239 2
1240 2
1241 1
1242 2
1243 0
1244 2
1245 2
1246 1
1247 1
1248 2
1249 2
1250 1
1251 0
1252 1
1253 2
1254 1
1255 0
1256 1
1257 1
1258 1
1259 0
1260 1
1261 1
1262 1
1263 1
1264 0
1265 1
1266 1
1267 0
1268 1
1269 2
1270 0
1271 1
1272 1
1273 1
1274 2
1275 1
1276 1
1277 1
1278 1
1279 2
1280 1
1281 1
1282 0
1283 0
1284 1
1285 0
1286 1
1287 1
1288 0
1289 1
1290 1
1291 1
1292 1
1293 1
1294 2
1295 2
1296 1
1297 2
1298 1
1299 2
1300 1
1301 0
1302 2
1303 1
1304 1
1305 1
1306 0
1307 2
1308 2
1309 2
1310 1
1311 0
1312 1
1313 2
1314 2
1315 0
1316 0
1317 0
1318 0
1319 0
1320 0
1321 0
1322 0
1323 0
1324 0
1325 0
1326 0
1327 0
1328 0
1329 1
1330 0
1331 0
1332 0
1333 0
1334 2
1335 2
1336 1
1337 0
1338 0
1339 0
1340 0
1341 2
1342 1
1343 3
1344 3
1345 2
1346 1
1347 2
1348 1
1349 1
1350 0
1351 0
1352 0
1353 1
1354 0
1355 0
1356 1
1357 0
1358 0
1359 0
1360 0
1361 1
1362 1
1363 1
1364 0
1365 1
1366 1
1367 1
1368 1
1369 1
1370 0
1371 2
1372 1
1373 1
1374 0
1375 1
1376 1
1377 0
1378 0
1379 1
1380 0
1381 0
1382 0
1383 0
1384 0
1385 0
1386 0
1387 1
1388 0
1389 0
1390 0
1391 0
1392 0
1393 0
1394 0
1395 0
1396 0
1397 0
1398 2
1399 0
1400 0
1401 0
1402 0
1403 0
1404 0
1405 0
1406 0
1407 1
1408 0
1409 0
1410 0
1411 0
1412 0
1413 0
1414 0
1415 0
1416 0
1417 0
1418 0
1419 1
1420 0
1421 1
1422 0
1423 0
1424 0
1425 0
1426 2
1427 0
1428 0
1429 0
1430 0
1431 0
1432 0
1433 1
1434 1
1435 0
1436 0
1437 0
1438 0
1439 0
1440 0
1441 1
1442 0
1443 0
1444 0
1445 0
1446 2
1447 0
1448 0
1449 0
1450 0
1451 0
1452 0
1453 0
1454 0
1455 1
1456 1
1457 1
1458 1
1459 1
1460 0
1461 2
1462 1
1463 0
1464 0
1465 0
1466 0
1467 0
1468 0
1469 0
1470 0
1471 0
1472 0
1473 0
1474 0
1475 0
1476 0
1477 0
1478 0
1479 0
1480 0
1481 0
1482 0
1483 0
1484 0
1485 0
1486 0
1487 0
1488 0
1489 0
1490 1
1491 2
1492 0
1493 1
1494 0
1495 0
1496 1
1497 1
1498 0
1499 0
1500 0
1501 0
1502 0
1503 0
1504 0
1505 0
1506 0
1507 1
1508 1
1509 0
1510 0
1511 0
1512 1
1513 2
1514 1
1515 2
1516 1
1517 1
1518 1
1519 0
1520 1
1521 1
1522 0
1523 0
1524 0
1525 0
1526 0
1527 0
1528 0
1529 0
1530 0
1531 0
1532 0
1533 0
1534 0
1535 0
1536 0
1537 0
1538 0
1539 1
1540 0
1541 0
1542 0
1543 0
1544 0
1545 0
1546 0
1547 0
1548 0
1549 0
1550 0
1551 1
1552 0
1553 1
1554 0
1555 0
1556 0
1557 0
1558 0
1559 0
1560 0
1561 0
1562 0
1563 0
1564 1
1565 0
1566 0
1567 0
1568 1
1569 0
1570 0
1571 1
1572 1
1573 0
1574 1
1575 0
1576 0
1577 0
1578 0
1579 0
1580 0
1581 0
1582 0
1583 0
1584 0
1585 0
1586 0
1587 0
1588 0
1589 0
1590 0
1591 0
1592 0
1593 0
1594 0
1595 0
1596 0
1597 0
1598 0
1599 0
1600 0
1601 1
1602 0
1603 0
1604 0
1605 0
1606 0
1607 0
1608 0
1609 0
1610 0
1611 0
1612 0
1613 0
1614 0
1615 0
1616 0
1617 0
1618 0
1619 0
1620 0
1621 1
1622 1
1623 0
1624 1
1625 1
1626 1
1627 1
1628 1
1629 2
1630 1
1631 1
1632 1
1633 1
1634 1
1635 2
1636 2
1637 2
1638 3
1639 0
1640 2
1641 0
1642 1
1643 1
1644 1
1645 1
1646 0
1647 0
1648 0
1649 1
1650 1
1651 0
1652 0
1653 1
1654 1
1655 1
1656 1
1657 1
1658 2
1659 1
1660 1
1661 1
1662 2
1663 0
1664 1
1665 1
1666 2
1667 2
1668 2
1669 0
1670 0
1671 2
1672 2
1673 0
1674 1
1675 2
1676 1
1677 0
1678 0
1679 1
1680 1
1681 1
1682 0
1683 0
1684 1
1685 0
1686 0
1687 1
1688 0
1689 1
1690 1
1691 2
1692 1
1693 1
1694 0
1695 0
1696 1
1697 1
1698 1
1699 1
1700 1
1701 1
1702 1
1703 1
1704 0
1705 1
1706 1
1707 1
1708 2
1709 2
1710 1
1711 1
1712 0
1713 0
1714 1
1715 1
1716 1
1717 1
1718 1
1719 0
1720 0
1721 0
1722 0
1723 0
1724 0
1725 0
1726 0
1727 0
1728 0
1729 0
1730 0
1731 0
1732 0
1733 0
1734 0
1735 0
1736 0
1737 0
1738 0
1739 0
1740 0
1741 0
1742 1
1743 1
1744 1
1745 2
1746 1
1747 1
1748 2
1749 0
1750 0
1751 1
1752 1
1753 1
1754 1
1755 1
1756 1
1757 1
1758 0
1759 0
1760 0
1761 1
1762 0
1763 2
1764 1
1765 0
1766 0
1767 0
1768 0
1769 0
1770 0
1771 0
1772 0
1773 0
1774 0
1775 0
1776 0
1777 0
1778 0
1779 0
1780 0
1781 0
1782 1
1783 0
1784 2
1785 1
1786 0
1787 0
1788 0
1789 0
1790 0
1791 0
1792 0
1793 0
1794 0
1795 0
1796 0
1797 0
1798 0
1799 0
1800 0
1801 0
1802 0
1803 0
1804 0
1805 0
1806 0
1807 0
1808 0
1809 0
1810 0
1811 0
1812 0
1813 0
1814 0
1815 0
1816 0
1817 0
1818 0
1819 0
1820 0
1821 0
1822 0
1823 1
1824 0
1825 0
1826 1
1827 0
1828 1
1829 3
1830 0
1831 0
1832 0
1833 0
1834 0
1835 0
1836 0
1837 0
1838 0
1839 0
1840 0
1841 0
1842 0
1843 0
1844 0
1845 0
1846 0
1847 0
1848 0
1849 0
1850 2
1851 0
1852 0
1853 1
1854 0
1855 0
1856 0
1857 0
1858 0
1859 0
1860 0
1861 0
1862 0
1863 1
1864 0
1865 0
1866 0
1867 0
1868 0
1869 0
1870 0
1871 0
1872 0
1873 0
1874 0
1875 0
1876 0
1877 0
1878 0
1879 0
1880 0
1881 0
1882 0
1883 0
1884 0
1885 0
1886 0
1887 1
1888 0
1889 0
1890 0
1891 0
1892 0
1893 0
1894 0
1895 0
1896 0
1897 0
1898 0
1899 2
1900 1
1901 0
1902 0
1903 0
1904 0
1905 0
1906 0
1907 0
1908 0
1909 0
1910 0
1911 0
1912 0
1913 0
1914 0
1915 0
1916 0
1917 0
1918 0
1919 0
1920 0
1921 0
1922 0
1923 0
1924 0
1925 0
1926 0
1927 0
1928 0
1929 0
1930 0
1931 0
1932 1
1933 1
1934 1
1935 0
1936 1
1937 0
1938 1
1939 1
1940 1
1941 0
1942 0
1943 0
1944 0
1945 0
1946 0
1947 0
1948 0
1949 0
1950 0
1951 0
1952 0
1953 0
1954 0
1955 0
1956 0
1957 0
1958 0
1959 0
1960 0
1961 0
1962 0
1963 0
1964 0
1965 0
1966 0
1967 0
1968 0
1969 0
1970 0
1971 0
1972 0
1973 0
1974 0
1975 1
1976 1
1977 0
1978 0
1979 0
1980 0
1981 0
1982 0
1983 0
1984 0
1985 0
1986 0
1987 0
1988 0
1989 0
1990 0
1991 0
1992 0
1993 0
1994 0
1995 0
1996 0
1997 0
1998 0
1999 2
