0 2
1 1
2 2
3 1
4 1
5 1
6 0
7 3
8 2
9 2
10 1
11 1
12 2
13 1
14 1
15 2
16 1
17 1
18 2
19 2
20 1
21 2
22 1
23 1
24 2
25 1
26 1
27 2
28 2
29 2
30 2
31 2
32 1
33 3
34 2
35 1
36 1
37 1
38 1
39 1
40 1
41 2
42 1
43 2
44 2
45 2
46 1
47 1
48 1
49 0
50 1
51 1
52 1
53 2
54 1
55 1
56 1
57 1
58 1
59 1
60 1
61 2
62 1
63 2
64 1
65 1
66 2
67 1
68 2
69 1
70 2
71 1
72 2
73 2
74 2
75 2
76 1
77 2
78 1
79 1
80 1
81 1
82 2
83 2
84 1
85 1
86 2
87 1
88 1
89 1
90 2
91 1
92 1
93 1
94 1
95 1
96 2
97 2
98 1
99 1
100 1
101 1
102 1
103 1
104 2
105 1
106 2
107 2
108 1
109 2
110 3
111 1
112 3
113 1
114 2
115 2
116 2
117 1
118 2
119 3
120 1
121 2
122 1
123 2
124 2
125 2
126 2
127 1
128 1
129 2
130 1
131 1
132 2
133 1
134 1
135 0
136 2
137 2
138 2
139 1
140 0
141 1
142 1
143 2
144 2
145 2
146 1
147 1
148 1
149 1
150 1
151 1
152 2
153 1
154 2
155 2
156 1
157 0
158 1
159 2
160 2
161 1
162 1
163 1
164 2
165 0
166 2
167 1
168 1
169 2
170 2
171 2
172 1
173 2
174 1
175 1
176 1
177 2
178 2
179 1
180 2
181 2
182 2
183 1
184 2
185 1
186 1
187 1
188 1
189 1
190 2
191 1
192 2
193 1
194 1
195 2
196 2
197 1
198 3
199 1
200 1
201 1
202 1
203 2
204 1
205 2
206 2
207 1
208 1
209 2
210 1
211 2
212 2
213 1
214 2
215 1
216 2
217 1
218 1
219 1
220 1
221 2
222 1
223 2
224 1
225 1
226 2
227 1
228 1
229 1
230 1
231 2
232 3
233 1
234 1
235 1
236 1
237 1
238 1
239 1
240 2
241 2
242 1
243 2
244 1
245 2
246 1
247 2
248 2
249 1
250 2
251 1
252 2
253 1
254 1
255 1
256 1
257 2
258 2
259 2
260 2
261 1
262 1
263 1
264 2
265 2
266 2
267 2
268 1
269 2
270 3
271 2
272 2
273 2
274 1
275 1
276 2
277 1
278 1
279 2
280 2
281 2
282 0
283 4
284 2
285 1
286 1
287 2
288 1
289 1
290 0
291 1
292 0
293 0
294 1
295 1
296 0
297 1
298 1
299 0
300 0
301 0
302 1
303 1
304 1
305 1
306 0
307 2
308 1
309 2
310 1
311 1
312 2
313 1
314 1
315 1
316 0
317 0
318 0
319 2
320 1
321 1
322 1
323 1
324 1
325 2
326 1
327 1
328 2
329 1
330 2
331 1
332 1
333 1
334 2
335 2
336 1
337 1
338 1
339 1
340 2
341 2
342 2
343 2
344 1
345 2
346 1
347 1
348 2
349 1
350 1
351 1
352 1
353 1
354 2
355 1
356 1
357 2
358 1
359 2
360 1
361 0
362 1
363 2
364 1
365 2
366 2
367 0
368 1
369 1
370 1
371 2
372 1
373 1
374 2
375 2
376 2
377 1
378 1
379 3
380 2
381 3
382 1
383 1
384 1
385 2
386 1
387 3
388 1
389 1
390 2
391 2
392 1
393 2
394 1
395 1
396 1
397 2
398 1
399 2
400 1
401 1
402 1
403 2
404 2
405 2
406 2
407 2
408 1
409 0
410 1
411 1
412 1
413 1
414 1
415 3
416 1
417 1
418 1
419 2
420 2
421 2
422 1
423 0
424 1
425 0
426 0
427 1
428 1
429 1
430 1
431 1
432 2
433 0
434 2
435 2
436 0
437 0
438 2
439 0
440 1
441 1
442 1
443 1
444 0
445 1
446 0
447 0
448 2
449 0
450 1
451 1
452 1
453 0
454 0
455 0
456 2
457 1
458 2
459 1
460 1
461 2
462 2
463 2
464 2
465 2
466 1
467 1
468 1
469 3
470 1
471 1
472 3
473 0
474 0
475 1
476 1
477 1
478 1
479 1
480 1
481 1
482 2
483 2
484 1
485 1
486 1
487 2
488 1
489 2
490 1
491 1
492 1
493 3
494 2
495 1
496 1
497 2
498 2
499 1
500 2
501 1
502 1
503 1
504 2
505 2
506 1
507 2
508 0
509 1
510 2
511 2
512 1
513 1
514 3
515 1
516 1
517 0
518 1
519 1
520 1
521 1
522 1
523 1
524 1
525 0
526 1
527 1
528 1
529 1
530 2
531 1
532 1
533 1
534 2
535 2
536 1
537 2
538 2
539 2
540 1
541 1
542 1
543 2
544 2
545 2
546 1
547 1
548 1
549 1
550 2
551 1
552 1
553 2
554 3
555 1
556 3
557 2
558 1
559 0
560 3
561 1
562 3
563 1
564 1
565 1
566 2
567 2
568 2
569 2
570 1
571 2
572 3
573 0
574 3
575 2
576 3
577 2
578 2
579 2
580 2
581 3
582 0
583 1
584 1
585 2
586 3
587 2
588 2
589 1
590 2
591 1
592 3
593 2
594 1
595 1
596 3
597 3
598 0
599 1
600 3
601 1
602 0
603 0
604 0
605 1
606 2
607 0
608 0
609 3
610 2
611 2
612 2
613 4
614 3
615 2
616 1
617 3
618 2
619 1
620 1
621 1
622 2
623 2
624 0
625 0
626 1
627 1
628 0
629 0
630 0
631 1
632 1
633 1
634 2
635 0
636 1
637 1
638 3
639 1
640 1
641 1
642 1
643 2
644 2
645 2
646 2
647 1
648 1
649 2
650 1
651 2
652 2
653 2
654 1
655 2
656 2
657 2
658 2
659 1
660 2
661 1
662 1
663 1
664 2
665 1
666 2
667 1
668 2
669 1
670 2
671 2
672 2
673 1
674 1
675 2
676 1
677 1
678 1
679 1
680 2
681 2
682 1
683 1
684 1
685 2
686 2
687 1
688 1
689 2
690 1
691 1
692 1
693 1
694 1
695 1
696 1
697 1
698 1
699 2
700 2
701 1
702 2
703 2
704 1
705 1
706 2
707 3
708 2
709 2
710 1
711 1
712 1
713 2
714 2
715 1
716 1
717 1
718 1
719 2
720 1
721 2
722 2
723 2
724 1
725 1
726 2
727 2
728 1
729 1
730 1
731 1
732 1
733 1
734 2
735 1
736 2
737 4
738 1
739 1
740 0
741 2
742 1
743 1
744 1
745 2
746 2
747 2
748 1
749 1
750 1
751 2
752 1
753 2
754 1
755 1
756 2
757 2
758 2
759 1
760 2
761 2
762 2
763 1
764 2
765 3
766 4
767 1
768 2
769 1
770 3
771 0
772 1
773 2
774 2
775 2
776 1
777 0
778 0
779 1
780 2
781 2
782 2
783 2
784 2
785 3
786 1
787 1
788 3
789 2
790 2
791 0
792 2
793 1
794 3
795 1
796 1
797 2
798 1
799 1
800 3
801 1
802 2
803 1
804 2
805 1
806 3
807 0
808 2
809 1
810 3
811 1
812 3
813 3
814 2
815 1
816 3
817 1
818 2
819 2
820 3
821 2
822 1
823 3
824 3
825 3
826 2
827 2
828 2
829 2
830 1
831 2
832 0
833 3
834 2
835 3
836 1
837 1
838 2
839 2
840 3
841 3
842 3
843 2
844 2
845 2
846 2
847 1
848 2
849 2
850 2
851 3
852 2
853 2
854 1
855 1
856 2
857 1
858 2
859 2
860 1
861 3
862 2
863 1
864 3
865 2
866 1
867 0
868 2
869 2
870 2
871 2
872 1
873 2
874 0
875 1
876 0
877 2
878 3
879 3
880 1
881 3
882 2
883 1
884 1
885 2
886 3
887 1
888 2
889 2
890 2
891 2
892 2
893 2
894 2
895 2
896 3
897 2
898 2
899 2
900 2
901 1
902 3
903 3
904 2
905 1
906 2
907 2
908 2
909 1
910 1
911 1
912 3
913 3
914 3
915 2
916 3
917 2
918 1
919 1
920 2
921 2
922 1
923 2
924 1
925 1
926 2
927 1
928 2
929 2
930 1
931 3
932 1
933 1
934 0
935 1
936 0
937 2
938 0
939 2
940 3
941 2
942 0
943 3
944 3
945 1
946 3
947 1
948 2
949 2
950 2
951 3
952 2
953 2
954 1
955 2
956 1
957 2
958 0
959 2
960 2
961 2
962 2
963 3
964 1
965 2
966 2
967 1
968 1
969 1
970 1
971 1
972 0
973 1
974 3
975 3
976 2
977 2
978 3
979 2
980 2
981 2
982 1
983 3
984 1
985 1
986 3
987 2
988 3
989 1
990 2
991 1
992 2
993 2
994 1
995 1
996 3
997 1
998 3
999 3
1000 2
1001 2
1002 1
1003 1
1004 2
1005 2
1006 2
1007 3
1008 2
1009 1
1010 3
1011 2
1012 3
1013 1
1014 2
1015 2
1016 2
1017 2
1018 1
1019 2
1020 1
1021 2
1022 2
1023 2
1024 3
1025 3
1026 3
1027 2
1028 3
1029 1
1030 1
1031 3
1032 2
1033 2
1034 2
1035 2
1036 1
1037 3
1038 3
1039 1
1040 2
1041 3
1042 2
1043 3
1044 2
1045 2
1046 3
1047 3
1048 1
1049 2
1050 1
1051 1
1052 1
1053 2
1054 2
1055 2
1056 2
1057 1
1058 1
1059 2
1060 1
1061 2
1062 3
1063 3
1064 2
1065 2
1066 2
1067 2
1068 3
1069 1
1070 3
1071 2
1072 2
1073 1
1074 1
1075 2
1076 2
1077 1
1078 2
1079 1
1080 2
1081 2
1082 2
1083 2
1084 2
1085 1
1086 0
1087 1
1088 1
1089 0
1090 0
1091 0
1092 1
1093 2
1094 2
1095 1
1096 1
1097 1
1098 2
1099 1
1100 1
1101 2
1102 1
1103 2
1104 1
1105 1
1106 1
1107 0
1108 1
1109 1
1110 2
1111 0
1112 1
1113 1
1114 2
1115 2
1116 3
1117 1
1118 1
1119 2
1120 1
1121 1
1122 1
1123 2
1124 2
1125 2
1126 1
1127 1
1128 1
1129 3
1130 1
1131 2
1132 3
1133 1
1134 2
1135 1
1136 1
1137 1
1138 1
1139 1
1140 1
1141 1
1142 2
1143 1
1144 2
1145 1
1146 2
1147 1
1148 2
1149 1
1150 1
1151 1
1152 1
1153 1
1154 1
1155 2
1156 1
1157 1
1158 1
1159 2
1160 2
1161 1
1162 1
1163 1
1164 1
1165 2
1166 1
1167 1
1168 1
1169 1
1170 2
1171 0
1172 2
1173 1
1174 2
1175 2
1176 1
1177 2
1178 0
1179 2
1180 1
1181 1
1182 2
1183 1
1184 3
1185 0
1186 1
1187 2
1188 1
1189 3
1190 2
1191 1
1192 1
1193 2
1194 1
1195 2
1196 1
1197 1
1198 2
1199 2
1200 1
1201 2
1202 1
1203 1
1204 1
1205 2
1206 0
1207 1
1208 2
1209 2
1210 2
1211 1
1212 2
1213 1
1214 2
1215 2
1216 3
1217 3
1218 2
1219 1
1220 2
1221 3
1222 2
1223 2
1224 3
1225 1
1226 1
1227 2
1228 2
1229 1
1230 0
1231 2
1232 1
1233 2
1234 1
1235 1
1236 2
1237 2
1238 3
1239 0
1240 2
1241 0
1242 2
1243 2
1244 2
1245 1
1246 1
1247 3
1248 2
1249 2
1250 1
1251 1
1252 2
1253 2
1254 2
1255 3
1256 1
1257 1
1258 1
1259 2
1260 1
1261 1
1262 3
1263 1
1264 1
1265 3
1266 1
1267 1
1268 1
1269 1
1270 2
1271 1
1272 2
1273 1
1274 2
1275 2
1276 3
1277 2
1278 2
1279 2
1280 2
1281 0
1282 2
1283 1
1284 2
1285 1
1286 2
1287 2
1288 2
1289 1
1290 2
1291 2
1292 1
1293 2
1294 1
1295 2
1296 2
1297 2
1298 1
1299 2
1300 0
1301 1
1302 0
1303 1
1304 1
1305 1
1306 3
1307 1
1308 2
1309 1
1310 2
1311 2
1312 1
1313 1
1314 1
1315 0
1316 2
1317 1
1318 1
1319 2
1320 1
1321 3
1322 1
1323 2
1324 2
1325 2
1326 2
1327 2
1328 1
1329 2
1330 1
1331 1
1332 1
1333 1
1334 2
1335 2
1336 2
1337 2
1338 3
1339 2
1340 1
1341 1
1342 2
1343 1
1344 1
1345 0
1346 0
1347 1
1348 0
1349 1
1350 2
1351 2
1352 2
1353 2
1354 1
1355 2
1356 2
1357 2
1358 2
1359 2
1360 2
1361 2
1362 2
1363 1
1364 1
1365 2
1366 1
1367 2
1368 1
1369 2
1370 1
1371 1
1372 1
1373 0
1374 2
1375 0
1376 1
1377 1
1378 1
1379 0
1380 1
1381 2
1382 0
1383 1
1384 0
1385 1
1386 0
1387 0
1388 1
1389 2
1390 1
1391 1
1392 0
1393 0
1394 1
1395 0
1396 1
1397 1
1398 0
1399 1
1400 1
1401 2
1402 1
1403 2
1404 2
1405 2
1406 1
1407 2
1408 2
1409 2
1410 1
1411 1
1412 1
1413 2
1414 2
1415 2
1416 2
1417 2
1418 1
1419 1
1420 3
1421 2
1422 2
1423 2
1424 2
1425 2
1426 2
1427 1
1428 1
1429 1
1430 1
1431 1
1432 1
1433 2
1434 2
1435 1
1436 1
1437 2
1438 1
1439 1
1440 2
1441 1
1442 3
1443 2
1444 1
1445 1
1446 2
1447 2
1448 2
1449 1
1450 2
1451 1
1452 2
1453 3
1454 1
1455 2
1456 1
1457 1
1458 2
1459 2
1460 1
1461 1
1462 1
1463 1
1464 1
1465 1
1466 2
1467 1
1468 2
1469 2
1470 2
1471 2
1472 1
1473 1
1474 1
1475 1
1476 1
1477 2
1478 1
1479 1
1480 1
1481 2
1482 0
1483 0
1484 1
1485 2
1486 1
1487 1
1488 1
1489 1
1490 1
1491 1
1492 1
1493 1
1494 1
1495 1
1496 1
1497 1
1498 0
1499 0
1500 0
1501 0
1502 0
1503 0
1504 0
1505 0
1506 0
1507 0
1508 0
1509 2
1510 1
1511 1
1512 0
1513 0
1514 0
1515 0
1516 0
1517 0
1518 2
1519 3
1520 1
1521 3
1522 2
1523 1
1524 1
1525 1
1526 1
1527 2
1528 1
1529 2
1530 1
1531 2
1532 2
1533 2
1534 2
1535 1
1536 2
1537 2
1538 2
1539 2
1540 2
1541 2
1542 2
1543 1
1544 2
1545 2
1546 0
1547 0
1548 0
1549 1
1550 2
1551 3
1552 2
1553 3
1554 2
1555 2
1556 3
1557 1
1558 2
1559 1
1560 0
1561 0
1562 0
1563 0
1564 0
1565 0
1566 0
1567 0
1568 2
1569 2
1570 2
1571 3
1572 2
1573 2
1574 2
1575 2
1576 1
1577 2
1578 2
1579 2
1580 2
1581 2
1582 2
1583 2
1584 2
1585 2
1586 2
1587 3
1588 2
1589 2
1590 2
1591 2
1592 2
1593 2
1594 2
1595 2
1596 2
1597 1
1598 1
1599 2
1600 2
1601 2
1602 2
1603 2
1604 2
1605 3
1606 2
1607 2
1608 1
1609 1
1610 2
1611 2
1612 2
1613 1
1614 1
1615 0
1616 0
1617 0
1618 1
1619 2
1620 2
1621 2
1622 1
1623 2
1624 2
1625 2
1626 2
1627 2
1628 2
1629 2
1630 1
1631 2
1632 2
1633 0
1634 2
1635 2
1636 1
1637 1
1638 2
1639 2
1640 2
1641 3
1642 2
1643 2
1644 2
1645 2
1646 2
1647 2
1648 1
1649 2
1650 2
1651 2
1652 2
1653 1
1654 1
1655 1
1656 2
1657 2
1658 1
1659 1
1660 2
1661 2
1662 1
1663 1
1664 2
1665 0
1666 2
1667 2
1668 1
1669 3
1670 1
1671 2
1672 1
1673 2
1674 2
1675 2
1676 1
1677 2
1678 2
1679 2
1680 2
1681 1
1682 2
1683 2
1684 3
1685 1
1686 2
1687 1
1688 0
1689 0
1690 0
1691 0
1692 0
1693 0
1694 0
1695 0
1696 0
1697 0
1698 0
1699 0
1700 0
1701 0
1702 0
1703 0
1704 0
1705 0
1706 0
1707 0
1708 0
1709 0
1710 0
1711 0
1712 0
1713 0
1714 0
1715 0
1716 0
1717 0
1718 0
1719 0
1720 0
1721 0
1722 0
1723 1
1724 0
1725 0
1726 0
1727 0
1728 0
1729 0
1730 0
1731 0
1732 0
1733 0
1734 0
1735 0
1736 0
1737 0
1738 0
1739 0
1740 0
1741 0
1742 0
1743 0
1744 0
1745 0
1746 0
1747 0
1748 0
1749 0
1750 0
1751 0
1752 0
1753 0
1754 0
1755 0
1756 0
1757 0
1758 0
1759 0
1760 0
1761 0
1762 0
1763 0
1764 1
1765 0
1766 0
1767 0
1768 0
1769 0
1770 0
1771 0
1772 0
1773 0
1774 0
1775 0
1776 0
1777 0
1778 0
1779 0
1780 0
1781 0
1782 0
1783 0
1784 0
1785 0
1786 0
1787 0
1788 0
1789 0
1790 0
1791 0
1792 0
1793 0
1794 0
1795 0
1796 0
1797 0
1798 0
1799 0
1800 0
1801 0
1802 0
1803 0
1804 0
1805 0
1806 0
1807 0
1808 0
1809 0
1810 0
1811 0
1812 0
1813 0
1814 0
1815 0
1816 0
1817 0
1818 0
1819 0
1820 0
1821 0
1822 0
1823 0
1824 0
1825 0
1826 0
1827 0
1828 0
1829 0
1830 0
1831 0
1832 0
1833 0
1834 0
1835 0
1836 0
1837 0
1838 0
1839 0
1840 0
1841 0
1842 0
1843 0
1844 0
1845 0
1846 0
1847 0
1848 0
1849 0
1850 0
1851 0
1852 0
1853 0
1854 0
1855 0
1856 0
1857 0
1858 0
1859 0
1860 0
1861 0
1862 0
1863 0
1864 0
1865 0
1866 0
1867 0
1868 0
1869 0
1870 0
1871 0
1872 0
1873 0
1874 0
1875 0
1876 0
1877 0
1878 0
1879 0
1880 0
1881 0
1882 0
1883 0
1884 0
1885 0
1886 0
1887 0
1888 0
1889 0
1890 0
1891 0
1892 0
1893 0
1894 0
1895 0
1896 0
1897 0
1898 0
1899 0
1900 0
1901 0
1902 0
1903 0
1904 0
1905 0
1906 0
1907 0
1908 0
1909 0
1910 0
1911 0
1912 0
1913 0
1914 0
1915 0
1916 0
1917 0
1918 0
1919 0
1920 0
1921 0
1922 0
1923 0
1924 0
1925 0
1926 0
1927 0
1928 0
1929 0
1930 0
1931 0
1932 0
1933 0
1934 0
1935 0
1936 0
1937 0
1938 0
1939 0
1940 0
1941 0
1942 0
1943 0
1944 0
1945 0
1946 0
1947 0
1948 0
1949 0
1950 0
1951 0
1952 0
1953 0
1954 0
1955 0
1956 0
1957 0
1958 0
1959 0
1960 0
1961 0
1962 0
1963 0
1964 0
1965 0
1966 0
1967 0
1968 0
1969 0
1970 0
1971 0
1972 0
1973 0
1974 0
1975 0
1976 0
1977 0
1978 0
1979 0
1980 0
1981 0
1982 0
1983 0
1984 0
1985 0
1986 0
1987 0
1988 0
1989 0
1990 0
1991 0
1992 0
1993 0
1994 0
1995 2
1996 0
1997 1
1998 0
1999 1
