0 2
1 0
2 0
3 1
4 0
5 1
6 1
7 1
8 1
9 1
10 0
11 0
12 0
13 1
14 1
15 1
16 1
17 0
18 0
19 0
20 0
21 1
22 0
23 0
24 0
25 0
26 0
27 2
28 2
29 0
30 2
31 0
32 2
33 0
34 2
35 2
36 0
37 0
38 1
39 0
40 2
41 0
42 0
43 0
44 1
45 0
46 0
47 0
48 1
49 0
50 1
51 1
52 1
53 0
54 1
55 1
56 0
57 1
58 0
59 0
60 0
61 0
62 1
63 0
64 0
65 1
66 1
67 1
68 3
69 1
70 3
71 2
72 0
73 0
74 0
75 0
76 0
77 0
78 0
79 0
80 1
81 1
82 0
83 0
84 0
85 0
86 0
87 0
88 1
89 0
90 0
91 0
92 0
93 1
94 1
95 1
96 1
97 0
98 0
99 0
100 1
101 0
102 1
103 0
104 1
105 1
106 1
107 1
108 0
109 1
110 2
111 1
112 1
113 0
114 0
115 0
116 0
117 0
118 0
119 1
120 0
121 1
122 0
123 1
124 0
125 0
126 0
127 0
128 0
129 2
130 0
131 0
132 1
133 0
134 1
135 1
136 0
137 0
138 0
139 0
140 0
141 0
142 2
143 0
144 0
145 0
146 0
147 0
148 0
149 0
150 0
151 0
152 0
153 0
154 0
155 1
156 1
157 0
158 1
159 0
160 0
161 0
162 1
163 1
164 2
165 1
166 2
167 2
168 0
169 0
170 1
171 0
172 1
173 0
174 0
175 0
176 0
177 0
178 0
179 1
180 0
181 0
182 0
183 0
184 0
185 0
186 0
187 0
188 0
189 0
190 2
191 0
192 0
193 0
194 0
195 0
196 0
197 0
198 0
199 0
200 1
201 1
202 0
203 0
204 0
205 1
206 1
207 0
208 0
209 1
210 0
211 1
212 1
213 0
214 1
215 1
216 0
217 1
218 1
219 0
220 0
221 1
222 0
223 1
224 0
225 0
226 0
227 0
228 0
229 0
230 0
231 0
232 0
233 0
234 0
235 0
236 0
237 0
238 0
239 0
240 0
241 0
242 0
243 0
244 0
245 0
246 0
247 0
248 0
249 0
250 0
251 0
252 0
253 0
254 0
255 0
256 0
257 0
258 0
259 0
260 0
261 0
262 0
263 0
264 0
265 0
266 0
267 0
268 0
269 0
270 0
271 0
272 0
273 0
274 1
275 0
276 0
277 0
278 0
279 0
280 0
281 1
282 0
283 0
284 0
285 0
286 0
287 0
288 0
289 1
290 0
291 1
292 0
293 0
294 0
295 0
296 0
297 0
298 1
299 1
300 1
301 1
302 1
303 1
304 1
305 0
306 1
307 0
308 0
309 0
310 0
311 1
312 0
313 0
314 0
315 1
316 0
317 0
318 0
319 0
320 0
321 0
322 0
323 0
324 0
325 0
326 0
327 1
328 0
329 0
330 0
331 0
332 0
333 0
334 1
335 0
336 0
337 0
338 0
339 0
340 0
341 1
342 1
343 1
344 1
345 0
346 0
347 1
348 1
349 1
350 1
351 0
352 0
353 0
354 0
355 0
356 1
357 0
358 1
359 1
360 0
361 1
362 0
363 1
364 0
365 0
366 0
367 1
368 1
369 0
370 0
371 0
372 0
373 0
374 0
375 0
376 0
377 0
378 0
379 0
380 0
381 0
382 0
383 0
384 0
385 0
386 0
387 1
388 0
389 0
390 1
391 0
392 0
393 0
394 0
395 0
396 0
397 0
398 0
399 0
400 0
401 0
402 0
403 0
404 0
405 0
406 0
407 0
408 0
409 0
410 0
411 0
412 0
413 0
414 0
415 0
416 0
417 0
418 0
419 1
420 0
421 0
422 0
423 0
424 0
425 0
426 0
427 0
428 0
429 0
430 1
431 0
432 0
433 1
434 0
435 0
436 0
437 0
438 0
439 0
440 0
441 1
442 3
443 2
444 2
445 1
446 1
447 1
448 2
449 2
450 1
451 2
452 2
453 0
454 1
455 2
456 2
457 4
458 1
459 1
460 1
461 1
462 2
463 1
464 1
465 1
466 2
467 2
468 0
469 1
470 3
471 3
472 2
473 2
474 1
475 1
476 2
477 1
478 2
479 0
480 0
481 0
482 1
483 0
484 0
485 0
486 0
487 0
488 3
489 3
490 0
491 0
492 0
493 2
494 1
495 3
496 1
497 0
498 1
499 0
500 0
501 3
502 2
503 1
504 2
505 2
506 1
507 3
508 1
509 0
510 2
511 3
512 0
513 2
514 4
515 3
516 1
517 4
518 2
519 0
520 1
521 2
522 3
523 1
524 3
525 2
526 2
527 1
528 2
529 1
530 1
531 3
532 3
533 2
534 1
535 3
536 1
537 1
538 2
539 3
540 2
541 0
542 2
543 2
544 1
545 1
546 2
547 0
548 3
549 0
550 2
551 3
552 1
553 0
554 2
555 1
556 2
557 0
558 1
559 1
560 1
561 0
562 0
563 0
564 1
565 2
566 0
567 2
568 1
569 0
570 2
571 2
572 2
573 2
574 1
575 1
576 1
577 0
578 1
579 2
580 3
581 1
582 2
583 2
584 2
585 1
586 2
587 3
588 1
589 1
590 3
591 2
592 0
593 3
594 1
595 1
596 2
597 2
598 2
599 2
600 0
601 2
602 3
603 2
604 2
605 1
606 3
607 1
608 3
609 2
610 0
611 2
612 2
613 2
614 1
615 3
616 2
617 3
618 2
619 1
620 3
621 3
622 2
623 0
624 3
625 2
626 2
627 1
628 2
629 3
630 2
631 0
632 3
633 3
634 2
635 2
636 2
637 4
638 1
639 3
640 2
641 0
642 3
643 3
644 3
645 0
646 0
647 0
648 2
649 1
650 1
651 3
652 1
653 1
654 0
655 2
656 0
657 1
658 1
659 0
660 0
661 0
662 2
663 0
664 0
665 1
666 1
667 1
668 1
669 2
670 2
671 3
672 0
673 1
674 0
675 1
676 0
677 1
678 2
679 0
680 4
681 1
682 0
683 2
684 2
685 2
686 2
687 1
688 1
689 0
690 0
691 2
692 1
693 1
694 3
695 2
696 1
697 1
698 4
699 0
700 2
701 4
702 0
703 0
704 0
705 2
706 1
707 1
708 1
709 0
710 1
711 0
712 2
713 1
714 1
715 2
716 1
717 2
718 3
719 2
720 3
721 3
722 4
723 2
724 1
725 1
726 3
727 1
728 3
729 1
730 0
731 2
732 1
733 3
734 2
735 3
736 3
737 2
738 3
739 2
740 3
741 3
742 2
743 2
744 0
745 1
746 1
747 0
748 0
749 1
750 0
751 2
752 2
753 0
754 3
755 2
756 3
757 3
758 2
759 2
760 2
761 2
762 3
763 1
764 2
765 2
766 3
767 3
768 2
769 2
770 4
771 3
772 5
773 3
774 2
775 1
776 2
777 4
778 2
779 2
780 4
781 1
782 2
783 1
784 1
785 3
786 0
787 1
788 2
789 4
790 3
791 1
792 2
793 1
794 3
795 2
796 1
797 4
798 0
799 4
800 2
801 1
802 2
803 1
804 3
805 1
806 2
807 3
808 3
809 3
810 0
811 1
812 2
813 3
814 3
815 1
816 0
817 1
818 3
819 1
820 1
821 2
822 2
823 1
824 2
825 2
826 1
827 2
828 2
829 3
830 2
831 4
832 2
833 0
834 0
835 4
836 2
837 0
838 3
839 0
840 3
841 3
842 2
843 1
844 3
845 1
846 1
847 3
848 3
849 1
850 2
851 2
852 3
853 2
854 2
855 2
856 2
857 1
858 1
859 2
860 2
861 2
862 1
863 1
864 3
865 0
866 2
867 2
868 3
869 2
870 3
871 2
872 0
873 2
874 3
875 3
876 3
877 2
878 2
879 3
880 2
881 2
882 3
883 1
884 2
885 4
886 2
887 3
888 1
889 3
890 2
891 2
892 2
893 1
894 1
895 1
896 0
897 2
898 2
899 2
900 1
901 1
902 1
903 1
904 1
905 1
906 4
907 1
908 2
909 2
910 1
911 2
912 3
913 0
914 0
915 1
916 2
917 1
918 1
919 2
920 2
921 2
922 1
923 2
924 3
925 3
926 3
927 0
928 0
929 3
930 3
931 0
932 0
933 1
934 1
935 0
936 0
937 2
938 1
939 1
940 0
941 1
942 1
943 1
944 2
945 0
946 3
947 1
948 0
949 1
950 0
951 1
952 1
953 0
954 3
955 2
956 2
957 2
958 2
959 0
960 1
961 2
962 1
963 1
964 3
965 2
966 1
967 2
968 0
969 1
970 1
971 3
972 1
973 3
974 1
975 1
976 2
977 0
978 1
979 0
980 2
981 2
982 2
983 0
984 2
985 0
986 1
987 2
988 2
989 1
990 3
991 1
992 1
993 1
994 2
995 1
996 3
997 1
998 4
999 1
1000 2
1001 1
1002 2
1003 0
1004 1
1005 2
1006 3
1007 3
1008 3
1009 2
1010 1
1011 1
1012 2
1013 1
1014 2
1015 3
1016 3
1017 2
1018 2
1019 2
1020 1
1021 2
1022 3
1023 1
1024 2
1025 3
1026 3
1027 2
1028 1
1029 2
1030 2
1031 1
1032 1
1033 1
1034 3
1035 1
1036 1
1037 3
1038 1
1039 1
1040 1
1041 2
1042 2
1043 0
1044 1
1045 0
1046 2
1047 1
1048 4
1049 0
1050 1
1051 2
1052 2
1053 3
1054 1
1055 1
1056 3
1057 1
1058 0
1059 2
1060 4
1061 1
1062 3
1063 2
1064 2
1065 2
1066 3
1067 3
1068 2
1069 1
1070 2
1071 1
1072 3
1073 0
1074 1
1075 1
1076 2
1077 0
1078 1
1079 1
1080 2
1081 1
1082 1
1083 2
1084 1
1085 2
1086 1
1087 0
1088 0
1089 1
1090 3
1091 2
1092 1
1093 1
1094 2
1095 1
1096 3
1097 2
1098 5
1099 2
1100 0
1101 2
1102 1
1103 1
1104 1
1105 1
1106 4
1107 2
1108 2
1109 2
1110 0
1111 0
1112 1
1113 3
1114 1
1115 3
1116 4
1117 2
1118 1
1119 2
1120 1
1121 1
1122 0
1123 2
1124 1
1125 1
1126 1
1127 1
1128 2
1129 2
1130 1
1131 1
1132 3
1133 2
1134 3
1135 1
1136 1
1137 1
1138 2
1139 1
1140 0
1141 1
1142 1
1143 1
1144 1
1145 1
1146 1
1147 1
1148 0
1149 0
1150 1
1151 1
1152 1
1153 0
1154 0
1155 1
1156 1
1157 2
1158 1
1159 1
1160 1
1161 2
1162 1
1163 2
1164 1
1165 0
1166 0
1167 1
1168 1
1169 1
1170 2
1171 1
1172 3
1173 2
1174 1
1175 2
1176 2
1177 2
1178 3
1179 1
1180 1
1181 1
1182 2
1183 3
1184 1
1185 1
1186 0
1187 1
1188 1
1189 1
1190 2
1191 0
1192 2
1193 4
1194 1
1195 1
1196 1
1197 1
1198 1
1199 2
1200 1
1201 2
1202 1
1203 1
1204 1
1205 0
1206 1
1207 0
1208 2
1209 1
1210 1
1211 0
1212 2
1213 2
1214 2
1215 2
1216 2
1217 1
1218 2
1219 2
1220 1
1221 0
1222 1
1223 0
1224 3
1225 3
1226 2
1227 0
1228 1
1229 1
1230 1
1231 1
1232 2
1233 1
1234 1
1235 1
1236 1
1237 1
1238 1
1239 1
1240 1
1241 2
1242 1
1243 1
1244 1
1245 1
1246 1
1247 1
1248 1
1249 1
1250 1
1251 0
1252 2
1253 1
1254 2
1255 2
1256 2
1257 1
1258 1
1259 0
1260 0
1261 2
1262 1
1263 1
1264 1
1265 1
1266 0
1267 4
1268 0
1269 1
1270 1
1271 1
1272 2
1273 1
1274 2
1275 2
1276 0
1277 0
1278 1
1279 4
1280 2
1281 2
1282 1
1283 1
1284 3
1285 1
1286 2
1287 1
1288 1
1289 1
1290 1
1291 1
1292 1
1293 3
1294 1
1295 2
1296 0
1297 1
1298 1
1299 0
1300 1
1301 1
1302 1
1303 1
1304 1
1305 2
1306 0
1307 1
1308 1
1309 1
1310 1
1311 1
1312 2
1313 1
1314 2
1315 1
1316 2
1317 0
1318 2
1319 1
1320 2
1321 1
1322 1
1323 2
1324 2
1325 2
1326 2
1327 4
1328 2
1329 2
1330 4
1331 3
1332 2
1333 3
1334 3
1335 3
1336 2
1337 2
1338 2
1339 3
1340 3
1341 0
1342 2
1343 2
1344 1
1345 2
1346 2
1347 3
1348 1
1349 0
1350 2
1351 1
1352 1
1353 2
1354 1
1355 2
1356 2
1357 1
1358 0
1359 0
1360 0
1361 0
1362 1
1363 3
1364 2
1365 1
1366 3
1367 1
1368 0
1369 1
1370 2
1371 2
1372 1
1373 1
1374 2
1375 1
1376 0
1377 1
1378 1
1379 1
1380 2
1381 1
1382 3
1383 1
1384 1
1385 1
1386 1
1387 2
1388 2
1389 3
1390 3
1391 2
1392 0
1393 2
1394 2
1395 0
1396 1
1397 0
1398 3
1399 1
1400 1
1401 1
1402 3
1403 2
1404 1
1405 0
1406 2
1407 1
1408 0
1409 1
1410 2
1411 0
1412 0
1413 1
1414 2
1415 1
1416 1
1417 1
1418 1
1419 1
1420 1
1421 1
1422 0
1423 0
1424 1
1425 1
1426 2
1427 4
1428 2
1429 1
1430 1
1431 1
1432 1
1433 4
1434 0
1435 1
1436 0
1437 1
1438 0
1439 2
1440 1
1441 0
1442 1
1443 0
1444 1
1445 2
1446 0
1447 1
1448 0
1449 0
1450 2
1451 0
1452 0
1453 1
1454 1
1455 1
1456 1
1457 0
1458 0
1459 0
1460 0
1461 1
1462 0
1463 2
1464 2
1465 2
1466 4
1467 2
1468 2
1469 2
1470 1
1471 2
1472 1
1473 3
1474 2
1475 0
1476 0
1477 3
1478 1
1479 1
1480 0
1481 0
1482 1
1483 0
1484 0
1485 0
1486 1
1487 1
1488 2
1489 0
1490 2
1491 2
1492 1
1493 1
1494 0
1495 0
1496 1
1497 0
1498 1
1499 2
1500 1
1501 1
1502 0
1503 0
1504 1
1505 1
1506 1
1507 1
1508 1
1509 1
1510 2
1511 1
1512 2
1513 2
1514 1
1515 1
1516 1
1517 1
1518 1
1519 1
1520 1
1521 1
1522 1
1523 2
1524 0
1525 1
1526 1
1527 1
1528 0
1529 1
1530 1
1531 2
1532 1
1533 3
1534 1
1535 0
1536 3
1537 1
1538 2
1539 2
1540 2
1541 1
1542 1
1543 2
1544 2
1545 1
1546 2
1547 1
1548 3
1549 1
1550 1
1551 2
1552 0
1553 1
1554 2
1555 0
1556 2
1557 2
1558 2
1559 1
1560 2
1561 2
1562 3
1563 3
1564 3
1565 1
1566 1
1567 2
1568 1
1569 3
1570 0
1571 0
1572 0
1573 0
1574 0
1575 0
1576 0
1577 0
1578 0
1579 0
1580 1
1581 1
1582 1
1583 2
1584 2
1585 2
1586 3
1587 2
1588 1
1589 3
1590 3
1591 0
1592 2
1593 2
1594 0
1595 0
1596 2
1597 1
1598 0
1599 2
1600 3
1601 1
1602 1
1603 1
1604 1
1605 1
1606 0
1607 1
1608 0
1609 1
1610 3
1611 2
1612 0
1613 1
1614 1
1615 1
1616 2
1617 0
1618 0
1619 1
1620 0
1621 4
1622 1
1623 2
1624 0
1625 1
1626 0
1627 1
1628 3
1629 3
1630 2
1631 1
1632 0
1633 3
1634 1
1635 2
1636 1
1637 1
1638 3
1639 0
1640 1
1641 1
1642 0
1643 0
1644 3
1645 2
1646 2
1647 0
1648 2
1649 0
1650 2
1651 0
1652 0
1653 0
1654 0
1655 3
1656 2
1657 1
1658 1
1659 1
1660 1
1661 0
1662 0
1663 0
1664 0
1665 0
1666 0
1667 1
1668 1
1669 1
1670 1
1671 0
1672 1
1673 2
1674 0
1675 0
1676 0
1677 2
1678 2
1679 2
1680 0
1681 2
1682 3
1683 2
1684 2
1685 2
1686 2
1687 2
1688 0
1689 3
1690 1
1691 1
1692 2
1693 2
1694 2
1695 4
1696 0
1697 1
1698 2
1699 0
1700 1
1701 0
1702 0
1703 0
1704 0
1705 1
1706 1
1707 0
1708 1
1709 0
1710 1
1711 2
1712 0
1713 3
1714 2
1715 1
1716 2
1717 1
1718 1
1719 2
1720 3
1721 1
1722 1
1723 0
1724 1
1725 4
1726 2
1727 2
1728 3
1729 2
1730 2
1731 2
1732 3
1733 3
1734 3
1735 3
1736 2
1737 1
1738 3
1739 2
1740 1
1741 4
1742 2
1743 3
1744 2
1745 3
1746 3
1747 2
1748 1
1749 2
1750 1
1751 1
1752 0
1753 0
1754 1
1755 2
1756 0
1757 2
1758 1
1759 2
1760 0
1761 1
1762 1
1763 1
1764 1
1765 3
1766 2
1767 1
1768 2
1769 3
1770 1
1771 1
1772 2
1773 1
1774 3
1775 2
1776 2
1777 1
1778 0
1779 1
1780 0
1781 0
1782 0
1783 1
1784 0
1785 0
1786 1
1787 0
1788 1
1789 2
1790 0
1791 0
1792 1
1793 2
1794 0
1795 1
1796 2
1797 2
1798 0
1799 3
1800 2
1801 2
1802 1
1803 1
1804 3
1805 3
1806 3
1807 1
1808 0
1809 1
1810 2
1811 2
1812 4
1813 0
1814 1
1815 0
1816 1
1817 0
1818 3
1819 0
1820 0
1821 0
1822 1
1823 2
1824 2
1825 3
1826 0
1827 4
1828 3
1829 2
1830 2
1831 1
1832 2
1833 1
1834 2
1835 1
1836 2
1837 2
1838 2
1839 2
1840 2
1841 2
1842 2
1843 4
1844 3
1845 4
1846 2
1847 0
1848 3
1849 0
1850 2
1851 0
1852 1
1853 2
1854 0
1855 2
1856 1
1857 1
1858 2
1859 0
1860 2
1861 1
1862 1
1863 1
1864 2
1865 0
1866 2
1867 3
1868 2
1869 2
1870 2
1871 2
1872 3
1873 2
1874 2
1875 1
1876 1
1877 2
1878 2
1879 2
1880 0
1881 0
1882 2
1883 1
1884 1
1885 0
1886 1
1887 3
1888 0
1889 2
1890 1
1891 2
1892 1
1893 1
1894 1
1895 2
1896 3
1897 3
1898 2
1899 2
1900 3
1901 3
1902 3
1903 2
1904 2
1905 3
1906 2
1907 1
1908 3
1909 1
1910 2
1911 2
1912 1
1913 2
1914 2
1915 0
1916 3
1917 1
1918 2
1919 1
1920 1
1921 3
1922 2
1923 2
1924 2
1925 1
1926 0
1927 1
1928 1
1929 1
1930 2
1931 4
1932 0
1933 0
1934 1
1935 0
1936 2
1937 1
1938 1
1939 0
1940 0
1941 2
1942 1
1943 1
1944 1
1945 2
1946 1
1947 1
1948 2
1949 2
1950 0
1951 1
1952 1
1953 1
1954 1
1955 0
1956 0
1957 1
1958 1
1959 2
1960 2
1961 2
1962 1
1963 1
1964 2
1965 1
1966 3
1967 1
1968 3
1969 1
1970 4
1971 0
1972 0
1973 1
1974 0
1975 2
1976 1
1977 0
1978 1
1979 1
1980 1
1981 1
1982 1
1983 1
1984 1
1985 0
1986 0
1987 1
1988 1
1989 1
1990 0
1991 1
1992 1
1993 0
1994 1
1995 1
1996 1
1997 0
1998 1
1999 1
