0 0
1 0
2 2
3 1
4 1
5 1
6 1
7 2
8 0
9 1
10 1
11 1
12 1
13 0
14 1
15 1
16 1
17 1
18 1
19 1
20 1
21 1
22 1
23 2
24 1
25 1
26 1
27 1
28 1
29 1
30 0
31 1
32 1
33 0
34 1
35 1
36 1
37 1
38 1
39 1
40 1
41 2
42 1
43 2
44 1
45 1
46 0
47 0
48 0
49 1
50 1
51 1
52 1
53 2
54 1
55 1
56 1
57 1
58 1
59 1
60 1
61 0
62 1
63 1
64 1
65 1
66 1
67 1
68 1
69 0
70 1
71 1
72 1
73 1
74 0
75 2
76 1
77 2
78 1
79 0
80 3
81 2
82 1
83 1
84 2
85 3
86 1
87 1
88 1
89 0
90 0
91 0
92 0
93 0
94 0
95 0
96 0
97 0
98 0
99 0
100 0
101 0
102 0
103 1
104 0
105 0
106 0
107 0
108 0
109 0
110 1
111 0
112 0
113 0
114 0
115 0
116 0
117 0
118 0
119 0
120 0
121 0
122 0
123 0
124 0
125 0
126 0
127 0
128 0
129 0
130 1
131 0
132 0
133 0
134 0
135 0
136 0
137 0
138 0
139 0
140 0
141 0
142 0
143 0
144 0
145 0
146 0
147 0
148 0
149 1
150 0
151 0
152 0
153 0
154 0
155 0
156 0
157 0
158 0
159 0
160 0
161 1
162 0
163 0
164 0
165 0
166 0
167 0
168 0
169 1
170 0
171 0
172 0
173 0
174 0
175 0
176 0
177 0
178 0
179 0
180 0
181 0
182 0
183 0
184 0
185 0
186 0
187 0
188 0
189 0
190 0
191 0
192 0
193 0
194 0
195 0
196 0
197 0
198 0
199 0
200 0
201 2
202 0
203 0
204 0
205 0
206 0
207 0
208 0
209 0
210 0
211 0
212 0
213 0
214 0
215 0
216 0
217 0
218 0
219 0
220 0
221 0
222 0
223 0
224 0
225 0
226 0
227 0
228 0
229 0
230 1
231 0
232 0
233 0
234 0
235 0
236 0
237 0
238 0
239 0
240 0
241 0
242 0
243 0
244 0
245 0
246 0
247 0
248 0
249 0
250 0
251 0
252 0
253 0
254 0
255 0
256 0
257 0
258 0
259 0
260 0
261 0
262 0
263 0
264 0
265 0
266 0
267 0
268 0
269 0
270 0
271 1
272 0
273 0
274 0
275 0
276 0
277 0
278 0
279 0
280 0
281 0
282 0
283 0
284 0
285 0
286 0
287 0
288 0
289 0
290 0
291 0
292 0
293 0
294 0
295 0
296 0
297 0
298 0
299 0
300 0
301 0
302 0
303 0
304 0
305 0
306 0
307 1
308 1
309 0
310 0
311 1
312 0
313 0
314 0
315 0
316 0
317 0
318 0
319 0
320 0
321 2
322 1
323 0
324 2
325 1
326 3
327 0
328 0
329 0
330 1
331 1
332 3
333 0
334 0
335 0
336 0
337 0
338 0
339 0
340 1
341 0
342 0
343 0
344 1
345 0
346 0
347 0
348 0
349 1
350 0
351 0
352 1
353 2
354 1
355 0
356 0
357 0
358 0
359 0
360 0
361 0
362 0
363 0
364 0
365 0
366 0
367 0
368 0
369 0
370 1
371 0
372 0
373 0
374 0
375 0
376 0
377 0
378 0
379 0
380 0
381 0
382 0
383 0
384 0
385 0
386 0
387 0
388 0
389 0
390 0
391 0
392 0
393 0
394 0
395 0
396 0
397 0
398 0
399 0
400 0
401 0
402 0
403 0
404 0
405 0
406 0
407 0
408 0
409 0
410 0
411 0
412 0
413 0
414 0
415 0
416 1
417 0
418 0
419 0
420 0
421 0
422 0
423 0
424 0
425 0
426 0
427 0
428 0
429 0
430 0
431 0
432 0
433 0
434 0
435 0
436 0
437 0
438 0
439 0
440 0
441 0
442 0
443 0
444 0
445 0
446 0
447 0
448 0
449 0
450 0
451 0
452 0
453 0
454 0
455 0
456 0
457 0
458 0
459 0
460 0
461 0
462 0
463 0
464 0
465 0
466 0
467 0
468 1
469 0
470 0
471 0
472 0
473 0
474 0
475 0
476 1
477 0
478 1
479 0
480 0
481 0
482 1
483 1
484 1
485 2
486 1
487 2
488 1
489 1
490 1
491 2
492 2
493 1
494 0
495 1
496 2
497 1
498 0
499 1
500 1
501 1
502 0
503 1
504 2
505 0
506 1
507 0
508 1
509 1
510 1
511 1
512 2
513 1
514 1
515 1
516 1
517 3
518 1
519 1
520 1
521 1
522 1
523 1
524 1
525 3
526 0
527 0
528 0
529 0
530 0
531 0
532 0
533 0
534 0
535 0
536 0
537 0
538 0
539 1
540 1
541 0
542 0
543 0
544 0
545 0
546 0
547 0
548 0
549 0
550 0
551 0
552 0
553 0
554 0
555 0
556 0
557 0
558 0
559 0
560 0
561 0
562 2
563 1
564 0
565 0
566 1
567 0
568 0
569 0
570 1
571 1
572 1
573 0
574 0
575 1
576 0
577 0
578 1
579 0
580 1
581 0
582 2
583 2
584 2
585 2
586 1
587 1
588 1
589 0
590 0
591 1
592 1
593 1
594 2
595 0
596 1
597 2
598 1
599 1
600 1
601 1
602 2
603 0
604 0
605 1
606 0
607 0
608 0
609 0
610 0
611 0
612 0
613 0
614 0
615 0
616 0
617 1
618 1
619 0
620 2
621 2
622 2
623 2
624 0
625 1
626 1
627 1
628 0
629 0
630 0
631 0
632 0
633 0
634 0
635 0
636 0
637 0
638 0
639 0
640 0
641 0
642 0
643 0
644 0
645 0
646 0
647 0
648 0
649 0
650 0
651 0
652 0
653 0
654 0
655 0
656 0
657 0
658 0
659 0
660 0
661 0
662 1
663 1
664 0
665 0
666 0
667 0
668 0
669 1
670 1
671 0
672 0
673 0
674 0
675 0
676 0
677 0
678 1
679 0
680 0
681 0
682 0
683 0
684 0
685 0
686 0
687 0
688 0
689 0
690 0
691 0
692 0
693 0
694 0
695 0
696 1
697 1
698 1
699 0
700 0
701 1
702 0
703 1
704 0
705 0
706 0
707 1
708 1
709 0
710 0
711 0
712 0
713 0
714 0
715 0
716 0
717 0
718 0
719 0
720 0
721 0
722 0
723 0
724 0
725 0
726 0
727 0
728 0
729 0
730 0
731 0
732 0
733 0
734 0
735 0
736 0
737 0
738 0
739 0
740 0
741 0
742 0
743 0
744 0
745 0
746 0
747 0
748 0
749 0
750 0
751 0
752 0
753 0
754 0
755 0
756 0
757 0
758 0
759 0
760 0
761 0
762 0
763 0
764 0
765 0
766 0
767 0
768 0
769 0
770 0
771 0
772 0
773 0
774 0
775 0
776 0
777 0
778 0
779 0
780 0
781 0
782 0
783 1
784 0
785 0
786 0
787 0
788 0
789 0
790 0
791 0
792 0
793 0
794 0
795 0
796 0
797 0
798 0
799 0
800 0
801 1
802 0
803 1
804 0
805 0
806 1
807 0
808 1
809 1
810 0
811 1
812 1
813 1
814 1
815 0
816 0
817 0
818 0
819 1
820 0
821 0
822 1
823 0
824 0
825 1
826 0
827 0
828 0
829 1
830 1
831 1
832 1
833 0
834 1
835 0
836 1
837 0
838 0
839 0
840 0
841 0
842 0
843 0
844 0
845 0
846 0
847 0
848 0
849 0
850 0
851 0
852 0
853 0
854 0
855 0
856 0
857 0
858 0
859 0
860 0
861 0
862 0
863 0
864 0
865 0
866 0
867 0
868 0
869 0
870 0
871 0
872 0
873 0
874 0
875 0
876 0
877 0
878 0
879 0
880 0
881 0
882 0
883 0
884 0
885 0
886 0
887 0
888 0
889 1
890 0
891 1
892 0
893 2
894 0
895 0
896 1
897 0
898 0
899 0
900 0
901 0
902 0
903 0
904 0
905 0
906 0
907 0
908 2
909 0
910 0
911 0
912 0
913 0
914 0
915 0
916 0
917 0
918 0
919 0
920 0
921 0
922 0
923 0
924 0
925 0
926 0
927 0
928 0
929 0
930 0
931 0
932 0
933 0
934 0
935 0
936 1
937 0
938 0
939 0
940 0
941 0
942 0
943 0
944 0
945 0
946 0
947 0
948 1
949 0
950 0
951 0
952 0
953 0
954 0
955 0
956 0
957 0
958 0
959 0
960 1
961 0
962 0
963 0
964 0
965 0
966 0
967 0
968 0
969 0
970 0
971 0
972 0
973 0
974 1
975 1
976 0
977 0
978 0
979 0
980 0
981 0
982 0
983 0
984 0
985 0
986 0
987 0
988 0
989 0
990 0
991 0
992 0
993 0
994 0
995 0
996 0
997 1
998 0
999 0
1000 2
1001 0
1002 0
1003 0
1004 0
1005 0
1006 0
1007 0
1008 0
1009 0
1010 0
1011 0
1012 1
1013 0
1014 0
1015 0
1016 0
1017 0
1018 0
1019 0
1020 0
1021 0
1022 0
1023 0
1024 0
1025 0
1026 0
1027 0
1028 1
1029 1
1030 0
1031 2
1032 0
1033 0
1034 0
1035 0
1036 0
1037 0
1038 0
1039 0
1040 0
1041 0
1042 0
1043 0
1044 0
1045 0
1046 0
1047 0
1048 0
1049 0
1050 0
1051 0
1052 0
1053 0
1054 0
1055 0
1056 0
1057 0
1058 0
1059 0
1060 0
1061 0
1062 0
1063 0
1064 0
1065 1
1066 0
1067 0
1068 0
1069 0
1070 0
1071 0
1072 0
1073 0
1074 0
1075 0
1076 1
1077 0
1078 1
1079 0
1080 1
1081 1
1082 1
1083 0
1084 0
1085 0
1086 1
1087 0
1088 0
1089 1
1090 0
1091 0
1092 0
1093 0
1094 0
1095 0
1096 0
1097 0
1098 0
1099 0
1100 0
1101 0
1102 0
1103 0
1104 0
1105 0
1106 1
1107 0
1108 0
1109 0
1110 0
1111 0
1112 0
1113 0
1114 1
1115 0
1116 0
1117 0
1118 0
1119 0
1120 0
1121 0
1122 0
1123 1
1124 0
1125 0
1126 0
1127 0
1128 0
1129 0
1130 0
1131 0
1132 0
1133 0
1134 0
1135 0
1136 0
1137 1
1138 1
1139 0
1140 1
1141 1
1142 0
1143 2
1144 0
1145 0
1146 0
1147 0
1148 1
1149 0
1150 1
1151 0
1152 1
1153 0
1154 0
1155 0
1156 0
1157 0
1158 0
1159 0
1160 0
1161 0
1162 1
1163 0
1164 0
1165 1
1166 1
1167 1
1168 1
1169 1
1170 0
1171 0
1172 1
1173 1
1174 0
1175 0
1176 1
1177 1
1178 1
1179 1
1180 2
1181 0
1182 2
1183 2
1184 1
1185 1
1186 0
1187 1
1188 0
1189 1
1190 0
1191 1
1192 1
1193 1
1194 1
1195 2
1196 1
1197 1
1198 1
1199 1
1200 1
1201 1
1202 1
1203 0
1204 0
1205 0
1206 0
1207 0
1208 1
1209 1
1210 0
1211 0
1212 0
1213 1
1214 0
1215 1
1216 0
1217 0
1218 0
1219 0
1220 0
1221 0
1222 0
1223 0
1224 0
1225 0
1226 1
1227 0
1228 0
1229 0
1230 0
1231 1
1232 0
1233 0
1234 0
1235 0
1236 0
1237 0
1238 0
1239 0
1240 0
1241 0
1242 0
1243 0
1244 0
1245 0
1246 0
1247 0
1248 0
1249 0
1250 1
1251 1
1252 0
1253 0
1254 1
1255 0
1256 1
1257 1
1258 1
1259 1
1260 0
1261 0
1262 1
1263 0
1264 0
1265 0
1266 1
1267 0
1268 0
1269 0
1270 0
1271 0
1272 1
1273 1
1274 0
1275 2
1276 2
1277 1
1278 0
1279 0
1280 0
1281 0
1282 1
1283 1
1284 1
1285 0
1286 1
1287 1
1288 1
1289 3
1290 1
1291 1
1292 2
1293 0
1294 0
1295 0
1296 0
1297 1
1298 0
1299 0
1300 0
1301 0
1302 0
1303 1
1304 0
1305 0
1306 1
1307 2
1308 1
1309 1
1310 1
1311 1
1312 1
1313 1
1314 1
1315 1
1316 2
1317 3
1318 1
1319 1
1320 1
1321 2
1322 2
1323 1
1324 1
1325 0
1326 2
1327 1
1328 1
1329 2
1330 1
1331 1
1332 0
1333 1
1334 1
1335 2
1336 1
1337 1
1338 1
1339 1
1340 0
1341 2
1342 2
1343 1
1344 1
1345 2
1346 0
1347 0
1348 1
1349 2
1350 1
1351 2
1352 0
1353 1
1354 1
1355 1
1356 1
1357 2
1358 1
1359 1
1360 2
1361 1
1362 1
1363 1
1364 3
1365 0
1366 2
1367 2
1368 2
1369 2
1370 2
1371 2
1372 1
1373 0
1374 0
1375 0
1376 1
1377 0
1378 0
1379 1
1380 1
1381 1
1382 0
1383 0
1384 0
1385 0
1386 0
1387 0
1388 0
1389 1
1390 1
1391 0
1392 0
1393 2
1394 2
1395 0
1396 1
1397 2
1398 0
1399 2
1400 2
1401 1
1402 1
1403 2
1404 3
1405 1
1406 2
1407 2
1408 2
1409 1
1410 1
1411 2
1412 3
1413 1
1414 2
1415 0
1416 1
1417 2
1418 3
1419 2
1420 3
1421 1
1422 1
1423 0
1424 1
1425 1
1426 1
1427 1
1428 1
1429 1
1430 1
1431 1
1432 1
1433 1
1434 1
1435 1
1436 1
1437 1
1438 1
1439 0
1440 1
1441 2
1442 2
1443 3
1444 2
1445 1
1446 2
1447 3
1448 2
1449 2
1450 3
1451 2
1452 2
1453 2
1454 1
1455 1
1456 1
1457 1
1458 1
1459 0
1460 1
1461 2
1462 1
1463 0
1464 1
1465 0
1466 0
1467 1
1468 1
1469 1
1470 1
1471 1
1472 1
1473 1
1474 0
1475 1
1476 1
1477 1
1478 1
1479 1
1480 1
1481 1
1482 1
1483 1
1484 0
1485 1
1486 1
1487 2
1488 1
1489 1
1490 1
1491 1
1492 0
1493 1
1494 1
1495 1
1496 2
1497 1
1498 2
1499 1
1500 1
1501 1
1502 1
1503 3
1504 1
1505 2
1506 1
1507 2
1508 1
1509 0
1510 0
1511 1
1512 0
1513 2
1514 0
1515 2
1516 0
1517 0
1518 0
1519 0
1520 0
1521 1
1522 1
1523 1
1524 0
1525 1
1526 0
1527 2
1528 1
1529 1
1530 3
1531 0
1532 0
1533 0
1534 1
1535 0
1536 0
1537 1
1538 0
1539 1
1540 0
1541 0
1542 0
1543 0
1544 0
1545 0
1546 3
1547 1
1548 0
1549 1
1550 1
1551 0
1552 0
1553 1
1554 0
1555 1
1556 0
1557 0
1558 0
1559 0
1560 0
1561 0
1562 0
1563 0
1564 0
1565 0
1566 2
1567 2
1568 0
1569 0
1570 0
1571 0
1572 3
1573 0
1574 0
1575 0
1576 1
1577 0
1578 1
1579 4
1580 2
1581 1
1582 2
1583 4
1584 3
1585 3
1586 1
1587 2
1588 2
1589 3
1590 3
1591 2
1592 1
1593 2
1594 1
1595 1
1596 3
1597 2
1598 4
1599 3
1600 2
1601 3
1602 2
1603 1
1604 1
1605 3
1606 1
1607 1
1608 2
1609 1
1610 0
1611 1
1612 1
1613 0
1614 1
1615 0
1616 3
1617 0
1618 1
1619 0
1620 3
1621 1
1622 2
1623 3
1624 3
1625 3
1626 2
1627 1
1628 1
1629 2
1630 3
1631 1
1632 2
1633 2
1634 2
1635 2
1636 2
1637 1
1638 3
1639 3
1640 4
1641 4
1642 3
1643 2
1644 2
1645 2
1646 1
1647 3
1648 2
1649 2
1650 1
1651 1
1652 2
1653 3
1654 1
1655 1
1656 1
1657 1
1658 3
1659 3
1660 3
1661 3
1662 1
1663 0
1664 1
1665 3
1666 2
1667 1
1668 3
1669 1
1670 2
1671 2
1672 1
1673 2
1674 2
1675 4
1676 0
1677 3
1678 1
1679 3
1680 3
1681 1
1682 2
1683 2
1684 3
1685 3
1686 2
1687 2
1688 2
1689 1
1690 3
1691 1
1692 2
1693 2
1694 2
1695 2
1696 2
1697 3
1698 2
1699 3
1700 3
1701 3
1702 0
1703 0
1704 2
1705 1
1706 3
1707 3
1708 1
1709 3
1710 2
1711 1
1712 3
1713 2
1714 2
1715 2
1716 3
1717 1
1718 2
1719 3
1720 3
1721 2
1722 3
1723 2
1724 3
1725 2
1726 2
1727 3
1728 0
1729 4
1730 1
1731 1
1732 2
1733 3
1734 3
1735 1
1736 1
1737 2
1738 4
1739 3
1740 2
1741 2
1742 2
1743 1
1744 0
1745 2
1746 3
1747 1
1748 1
1749 1
1750 1
1751 1
1752 1
1753 1
1754 0
1755 1
1756 0
1757 1
1758 1
1759 1
1760 1
1761 1
1762 1
1763 3
1764 2
1765 2
1766 3
1767 3
1768 2
1769 3
1770 2
1771 2
1772 2
1773 2
1774 0
1775 3
1776 1
1777 2
1778 3
1779 1
1780 2
1781 1
1782 2
1783 3
1784 3
1785 2
1786 2
1787 2
1788 1
1789 1
1790 1
1791 2
1792 1
1793 3
1794 2
1795 2
1796 3
1797 1
1798 2
1799 1
1800 3
1801 2
1802 1
1803 4
1804 2
1805 2
1806 2
1807 1
1808 2
1809 2
1810 2
1811 2
1812 0
1813 2
1814 2
1815 2
1816 2
1817 3
1818 3
1819 2
1820 2
1821 1
1822 3
1823 2
1824 1
1825 0
1826 1
1827 3
1828 2
1829 2
1830 3
1831 3
1832 2
1833 3
1834 3
1835 0
1836 2
1837 2
1838 2
1839 3
1840 3
1841 2
1842 3
1843 2
1844 2
1845 2
1846 2
1847 2
1848 1
1849 1
1850 1
1851 2
1852 1
1853 2
1854 3
1855 2
1856 2
1857 2
1858 3
1859 2
1860 2
1861 2
1862 2
1863 2
1864 2
1865 1
1866 2
1867 2
1868 3
1869 1
1870 2
1871 2
1872 2
1873 2
1874 2
1875 3
1876 2
1877 1
1878 2
1879 2
1880 1
1881 2
1882 1
1883 2
1884 3
1885 2
1886 2
1887 1
1888 0
1889 0
1890 0
1891 0
1892 0
1893 0
1894 0
1895 0
1896 0
1897 2
1898 2
1899 1
1900 2
1901 1
1902 1
1903 1
1904 1
1905 1
1906 2
1907 2
1908 2
1909 2
1910 1
1911 3
1912 2
1913 3
1914 1
1915 2
1916 2
1917 2
1918 0
1919 0
1920 0
1921 2
1922 2
1923 1
1924 3
1925 2
1926 1
1927 1
1928 2
1929 3
1930 2
1931 2
1932 2
1933 1
1934 1
1935 1
1936 1
1937 1
1938 1
1939 3
1940 1
1941 2
1942 2
1943 2
1944 1
1945 3
1946 1
1947 3
1948 3
1949 2
1950 2
1951 1
1952 2
1953 0
1954 2
1955 2
1956 1
1957 2
1958 1
1959 2
1960 2
1961 1
1962 2
1963 2
1964 2
1965 2
1966 2
1967 1
1968 2
1969 2
1970 2
1971 1
1972 2
1973 2
1974 0
1975 1
1976 2
1977 2
1978 0
1979 1
1980 2
1981 1
1982 1
1983 1
1984 2
1985 2
1986 2
1987 2
1988 2
1989 0
1990 1
1991 1
1992 2
1993 2
1994 2
1995 1
1996 1
1997 2
1998 3
1999 2
