0 0
1 0
2 1
3 0
4 1
5 1
6 1
7 1
8 1
9 0
10 1
11 0
12 0
13 1
14 0
15 1
16 1
17 0
18 1
19 0
20 1
21 1
22 1
23 1
24 0
25 1
26 1
27 0
28 0
29 0
30 0
31 0
32 0
33 0
34 0
35 1
36 0
37 1
38 1
39 1
40 1
41 0
42 1
43 1
44 0
45 0
46 1
47 1
48 1
49 0
50 0
51 0
52 0
53 1
54 0
55 1
56 0
57 0
58 0
59 1
60 1
61 0
62 0
63 1
64 0
65 1
66 0
67 1
68 0
69 1
70 0
71 0
72 1
73 0
74 0
75 1
76 0
77 0
78 0
79 1
80 0
81 1
82 0
83 1
84 1
85 0
86 1
87 1
88 1
89 0
90 0
91 1
92 2
93 1
94 0
95 0
96 1
97 2
98 0
99 0
100 1
101 0
102 1
103 0
104 1
105 0
106 0
107 0
108 0
109 0
110 0
111 1
112 1
113 0
114 0
115 1
116 0
117 0
118 0
119 1
120 0
121 0
122 0
123 0
124 0
125 0
126 0
127 0
128 2
129 0
130 0
131 0
132 0
133 0
134 0
135 1
136 0
137 2
138 2
139 0
140 0
141 0
142 0
143 1
144 0
145 0
146 0
147 1
148 0
149 0
150 1
151 0
152 1
153 0
154 1
155 1
156 0
157 1
158 1
159 1
160 0
161 0
162 2
163 1
164 0
165 1
166 0
167 1
168 0
169 1
170 0
171 2
172 0
173 0
174 1
175 0
176 1
177 1
178 1
179 0
180 1
181 0
182 0
183 1
184 1
185 0
186 1
187 0
188 0
189 0
190 0
191 0
192 0
193 0
194 0
195 0
196 0
197 0
198 0
199 0
200 0
201 0
202 1
203 1
204 0
205 0
206 0
207 1
208 0
209 1
210 1
211 0
212 1
213 0
214 0
215 0
216 0
217 0
218 0
219 0
220 0
221 1
222 0
223 0
224 1
225 1
226 1
227 0
228 0
229 0
230 1
231 0
232 1
233 1
234 0
235 0
236 1
237 1
238 0
239 1
240 0
241 1
242 1
243 1
244 1
245 1
246 1
247 1
248 1
249 1
250 1
251 0
252 1
253 0
254 0
255 1
256 0
257 0
258 0
259 0
260 0
261 1
262 1
263 1
264 0
265 1
266 0
267 0
268 1
269 1
270 1
271 0
272 0
273 0
274 0
275 1
276 0
277 0
278 1
279 1
280 0
281 1
282 0
283 1
284 1
285 1
286 1
287 1
288 1
289 0
290 1
291 1
292 0
293 0
294 0
295 1
296 0
297 0
298 0
299 1
300 0
301 1
302 1
303 1
304 1
305 1
306 1
307 0
308 1
309 1
310 0
311 1
312 1
313 1
314 0
315 1
316 1
317 1
318 1
319 1
320 0
321 1
322 0
323 1
324 0
325 0
326 0
327 1
328 1
329 1
330 1
331 1
332 1
333 2
334 1
335 1
336 0
337 1
338 1
339 1
340 1
341 1
342 1
343 1
344 1
345 2
346 0
347 0
348 1
349 0
350 0
351 0
352 1
353 0
354 0
355 1
356 1
357 1
358 0
359 0
360 1
361 1
362 1
363 2
364 0
365 0
366 1
367 0
368 2
369 1
370 0
371 0
372 1
373 0
374 1
375 0
376 0
377 1
378 0
379 0
380 0
381 1
382 1
383 0
384 0
385 0
386 1
387 1
388 0
389 0
390 0
391 0
392 0
393 0
394 0
395 1
396 0
397 0
398 0
399 0
400 0
401 0
402 1
403 1
404 1
405 1
406 1
407 1
408 1
409 1
410 0
411 1
412 0
413 1
414 1
415 0
416 0
417 0
418 0
419 0
420 0
421 0
422 0
423 1
424 0
425 1
426 1
427 0
428 0
429 0
430 1
431 0
432 1
433 0
434 0
435 0
436 0
437 1
438 0
439 0
440 0
441 1
442 0
443 1
444 0
445 2
446 0
447 0
448 1
449 0
450 1
451 1
452 0
453 1
454 0
455 2
456 1
457 1
458 1
459 0
460 1
461 1
462 2
463 0
464 0
465 1
466 1
467 1
468 1
469 0
470 1
471 0
472 2
473 1
474 0
475 1
476 0
477 0
478 0
479 0
480 0
481 1
482 0
483 2
484 0
485 1
486 1
487 1
488 1
489 1
490 0
491 1
492 0
493 0
494 1
495 1
496 1
497 0
498 0
499 1
500 0
501 1
502 1
503 0
504 0
505 0
506 0
507 0
508 0
509 0
510 0
511 0
512 0
513 0
514 0
515 0
516 0
517 0
518 0
519 0
520 0
521 0
522 0
523 0
524 0
525 0
526 1
527 0
528 1
529 0
530 0
531 0
532 0
533 0
534 0
535 0
536 0
537 0
538 0
539 0
540 0
541 0
542 0
543 0
544 0
545 0
546 0
547 0
548 0
549 0
550 0
551 0
552 0
553 0
554 0
555 0
556 0
557 0
558 0
559 0
560 0
561 0
562 0
563 0
564 0
565 0
566 0
567 0
568 0
569 0
570 0
571 0
572 0
573 0
574 1
575 0
576 0
577 0
578 0
579 0
580 0
581 0
582 0
583 0
584 0
585 0
586 0
587 0
588 0
589 0
590 0
591 0
592 0
593 0
594 0
595 0
596 0
597 0
598 0
599 0
600 0
601 0
602 0
603 0
604 0
605 0
606 0
607 0
608 0
609 0
610 0
611 0
612 0
613 0
614 0
615 0
616 0
617 0
618 0
619 1
620 0
621 0
622 0
623 0
624 1
625 0
626 0
627 0
628 0
629 0
630 0
631 0
632 0
633 0
634 0
635 0
636 1
637 0
638 0
639 0
640 0
641 0
642 2
643 0
644 0
645 0
646 1
647 0
648 1
649 0
650 1
651 0
652 1
653 1
654 0
655 0
656 0
657 0
658 1
659 0
660 2
661 0
662 0
663 1
664 2
665 1
666 0
667 1
668 1
669 1
670 1
671 1
672 1
673 1
674 1
675 1
676 1
677 1
678 1
679 0
680 1
681 1
682 0
683 1
684 0
685 0
686 0
687 1
688 0
689 1
690 1
691 1
692 1
693 1
694 0
695 0
696 1
697 0
698 1
699 0
700 1
701 0
702 0
703 1
704 1
705 0
706 2
707 1
708 1
709 1
710 1
711 0
712 0
713 0
714 1
715 1
716 0
717 1
718 0
719 1
720 1
721 0
722 1
723 1
724 0
725 2
726 0
727 1
728 0
729 1
730 1
731 0
732 0
733 0
734 1
735 1
736 0
737 1
738 1
739 0
740 1
741 1
742 0
743 1
744 1
745 0
746 0
747 0
748 0
749 1
750 0
751 1
752 0
753 0
754 0
755 1
756 0
757 0
758 1
759 0
760 1
761 0
762 0
763 0
764 0
765 0
766 0
767 1
768 1
769 1
770 1
771 1
772 1
773 1
774 1
775 0
776 1
777 0
778 1
779 0
780 0
781 1
782 1
783 0
784 1
785 1
786 0
787 1
788 0
789 0
790 0
791 0
792 1
793 1
794 1
795 0
796 0
797 1
798 1
799 0
800 1
801 0
802 1
803 1
804 1
805 0
806 0
807 1
808 0
809 1
810 0
811 0
812 1
813 0
814 1
815 0
816 1
817 0
818 0
819 0
820 1
821 0
822 0
823 1
824 1
825 1
826 0
827 0
828 1
829 0
830 0
831 0
832 0
833 1
834 0
835 0
836 1
837 0
838 1
839 1
840 1
841 1
842 1
843 1
844 1
845 1
846 1
847 1
848 0
849 1
850 1
851 0
852 0
853 1
854 1
855 0
856 0
857 1
858 0
859 1
860 1
861 0
862 0
863 1
864 0
865 1
866 0
867 0
868 0
869 1
870 0
871 0
872 0
873 0
874 0
875 0
876 0
877 0
878 1
879 0
880 1
881 1
882 1
883 0
884 0
885 0
886 1
887 1
888 2
889 0
890 0
891 0
892 0
893 0
894 0
895 0
896 0
897 1
898 0
899 0
900 1
901 0
902 0
903 0
904 0
905 0
906 0
907 1
908 0
909 0
910 0
911 1
912 2
913 2
914 1
915 0
916 0
917 0
918 1
919 1
920 0
921 1
922 1
923 0
924 2
925 1
926 0
927 1
928 1
929 0
930 1
931 0
932 1
933 1
934 1
935 1
936 0
937 1
938 1
939 1
940 0
941 1
942 0
943 1
944 1
945 1
946 1
947 0
948 0
949 1
950 1
951 1
952 0
953 0
954 0
955 2
956 1
957 0
958 1
959 0
960 0
961 0
962 1
963 1
964 0
965 0
966 0
967 0
968 0
969 0
970 0
971 0
972 0
973 0
974 0
975 0
976 0
977 0
978 0
979 1
980 0
981 0
982 0
983 1
984 0
985 1
986 2
987 0
988 0
989 1
990 1
991 0
992 0
993 1
994 0
995 0
996 0
997 0
998 1
999 0
1000 1
1001 0
1002 0
1003 2
1004 1
1005 1
1006 0
1007 0
1008 0
1009 1
1010 1
1011 0
1012 1
1013 0
1014 0
1015 0
1016 0
1017 0
1018 0
1019 0
1020 0
1021 0
1022 0
1023 0
1024 0
1025 0
1026 1
1027 0
1028 1
1029 0
1030 0
1031 0
1032 0
1033 0
1034 0
1035 0
1036 0
1037 0
1038 1
1039 1
1040 0
1041 0
1042 1
1043 0
1044 0
1045 1
1046 0
1047 1
1048 0
1049 0
1050 0
1051 1
1052 0
1053 0
1054 0
1055 0
1056 0
1057 0
1058 0
1059 0
1060 0
1061 0
1062 0
1063 1
1064 0
1065 0
1066 1
1067 2
1068 1
1069 2
1070 1
1071 1
1072 0
1073 0
1074 0
1075 0
1076 1
1077 0
1078 0
1079 0
1080 1
1081 0
1082 0
1083 1
1084 0
1085 0
1086 0
1087 0
1088 0
1089 0
1090 1
1091 0
1092 1
1093 1
1094 0
1095 1
1096 0
1097 1
1098 2
1099 1
1100 0
1101 1
1102 1
1103 1
1104 2
1105 0
1106 1
1107 0
1108 1
1109 0
1110 1
1111 1
1112 0
1113 0
1114 1
1115 1
1116 0
1117 0
1118 0
1119 0
1120 1
1121 0
1122 1
1123 0
1124 1
1125 0
1126 1
1127 1
1128 0
1129 0
1130 0
1131 0
1132 1
1133 1
1134 1
1135 1
1136 1
1137 0
1138 2
1139 1
1140 1
1141 0
1142 1
1143 1
1144 0
1145 0
1146 0
1147 1
1148 1
1149 0
1150 1
1151 1
1152 1
1153 1
1154 1
1155 0
1156 1
1157 1
1158 0
1159 1
1160 2
1161 1
1162 0
1163 0
1164 0
1165 2
1166 1
1167 1
1168 1
1169 1
1170 1
1171 0
1172 1
1173 0
1174 1
1175 1
1176 0
1177 0
1178 1
1179 1
1180 0
1181 1
1182 1
1183 0
1184 1
1185 0
1186 0
1187 1
1188 1
1189 1
1190 2
1191 1
1192 1
1193 1
1194 1
1195 0
1196 1
1197 1
1198 1
1199 1
1200 0
1201 0
1202 0
1203 0
1204 0
1205 0
1206 0
1207 1
1208 0
1209 0
1210 0
1211 1
1212 0
1213 1
1214 1
1215 0
1216 0
1217 0
1218 0
1219 0
1220 0
1221 0
1222 0
1223 0
1224 0
1225 0
1226 0
1227 0
1228 0
1229 0
1230 0
1231 1
1232 0
1233 0
1234 0
1235 1
1236 0
1237 1
1238 1
1239 0
1240 1
1241 0
1242 0
1243 1
1244 0
1245 1
1246 0
1247 0
1248 0
1249 1
1250 0
1251 1
1252 0
1253 1
1254 0
1255 0
1256 0
1257 1
1258 0
1259 0
1260 0
1261 0
1262 0
1263 0
1264 0
1265 0
1266 0
1267 1
1268 1
1269 1
1270 1
1271 1
1272 1
1273 0
1274 1
1275 1
1276 0
1277 1
1278 1
1279 0
1280 1
1281 0
1282 1
1283 0
1284 1
1285 1
1286 2
1287 0
1288 1
1289 0
1290 0
1291 0
1292 1
1293 1
1294 1
1295 1
1296 1
1297 1
1298 1
1299 0
1300 0
1301 0
1302 1
1303 1
1304 2
1305 1
1306 2
1307 0
1308 2
1309 0
1310 0
1311 0
1312 0
1313 0
1314 0
1315 0
1316 0
1317 0
1318 0
1319 0
1320 0
1321 0
1322 0
1323 0
1324 0
1325 0
1326 0
1327 0
1328 0
1329 0
1330 0
1331 0
1332 0
1333 2
1334 0
1335 1
1336 1
1337 1
1338 0
1339 1
1340 0
1341 1
1342 0
1343 1
1344 0
1345 0
1346 0
1347 1
1348 1
1349 2
1350 0
1351 0
1352 1
1353 0
1354 1
1355 0
1356 0
1357 0
1358 0
1359 1
1360 0
1361 0
1362 1
1363 0
1364 1
1365 1
1366 1
1367 0
1368 0
1369 0
1370 0
1371 1
1372 1
1373 1
1374 1
1375 0
1376 0
1377 0
1378 0
1379 0
1380 0
1381 0
1382 0
1383 0
1384 0
1385 1
1386 0
1387 0
1388 1
1389 0
1390 1
1391 1
1392 0
1393 1
1394 1
1395 1
1396 0
1397 0
1398 0
1399 0
1400 0
1401 1
1402 1
1403 0
1404 1
1405 0
1406 1
1407 0
1408 1
1409 0
1410 1
1411 1
1412 1
1413 0
1414 0
1415 1
1416 0
1417 2
1418 1
1419 1
1420 2
1421 1
1422 1
1423 1
1424 1
1425 1
1426 1
1427 1
1428 0
1429 0
1430 0
1431 0
1432 0
1433 0
1434 1
1435 1
1436 1
1437 1
1438 0
1439 0
1440 1
1441 1
1442 1
1443 0
1444 0
1445 1
1446 2
1447 1
1448 0
1449 1
1450 0
1451 1
1452 1
1453 0
1454 1
1455 0
1456 1
1457 1
1458 0
1459 0
1460 1
1461 1
1462 1
1463 1
1464 1
1465 0
1466 1
1467 1
1468 1
1469 2
1470 1
1471 0
1472 1
1473 0
1474 1
1475 0
1476 0
1477 0
1478 0
1479 0
1480 0
1481 0
1482 0
1483 0
1484 0
1485 0
1486 1
1487 0
1488 0
1489 0
1490 0
1491 0
1492 0
1493 1
1494 0
1495 0
1496 0
1497 0
1498 1
1499 0
1500 0
1501 0
1502 0
1503 1
1504 1
1505 0
1506 0
1507 1
1508 1
1509 1
1510 0
1511 1
1512 1
1513 1
1514 0
1515 0
1516 0
1517 0
1518 2
1519 0
1520 2
1521 0
1522 0
1523 0
1524 1
1525 1
1526 1
1527 1
1528 1
1529 1
1530 0
1531 1
1532 2
1533 1
1534 0
1535 1
1536 0
1537 0
1538 1
1539 1
1540 0
1541 1
1542 2
1543 1
1544 0
1545 1
1546 0
1547 1
1548 1
1549 1
1550 0
1551 0
1552 0
1553 1
1554 0
1555 1
1556 0
1557 1
1558 0
1559 0
1560 1
1561 1
1562 1
1563 1
1564 1
1565 0
1566 0
1567 0
1568 1
1569 1
1570 1
1571 1
1572 0
1573 0
1574 0
1575 0
1576 1
1577 0
1578 0
1579 0
1580 1
1581 1
1582 1
1583 0
1584 1
1585 0
1586 1
1587 0
1588 0
1589 1
1590 1
1591 1
1592 2
1593 1
1594 1
1595 1
1596 1
1597 1
1598 1
1599 1
1600 1
1601 1
1602 0
1603 1
1604 1
1605 0
1606 1
1607 2
1608 2
1609 1
1610 0
1611 0
1612 0
1613 0
1614 2
1615 0
1616 1
1617 0
1618 2
1619 0
1620 0
1621 1
1622 1
1623 1
1624 0
1625 0
1626 0
1627 0
1628 0
1629 1
1630 0
1631 0
1632 1
1633 0
1634 1
1635 2
1636 1
1637 0
1638 0
1639 0
1640 0
1641 1
1642 0
1643 1
1644 1
1645 0
1646 1
1647 0
1648 0
1649 1
1650 0
1651 0
1652 1
1653 0
1654 0
1655 0
1656 0
1657 0
1658 0
1659 1
1660 0
1661 0
1662 0
1663 1
1664 1
1665 0
1666 0
1667 1
1668 0
1669 0
1670 0
1671 1
1672 1
1673 1
1674 0
1675 1
1676 1
1677 1
1678 1
1679 0
1680 0
1681 0
1682 1
1683 1
1684 0
1685 0
1686 0
1687 0
1688 0
1689 0
1690 1
1691 0
1692 0
1693 2
1694 1
1695 2
1696 0
1697 1
1698 0
1699 1
1700 0
1701 0
1702 1
1703 1
1704 0
1705 0
1706 0
1707 0
1708 0
1709 0
1710 1
1711 1
1712 1
1713 0
1714 1
1715 1
1716 1
1717 0
1718 1
1719 1
1720 1
1721 0
1722 1
1723 1
1724 0
1725 0
1726 0
1727 1
1728 1
1729 1
1730 1
1731 0
1732 0
1733 1
1734 0
1735 0
1736 0
1737 0
1738 0
1739 1
1740 0
1741 1
1742 1
1743 0
1744 1
1745 0
1746 0
1747 0
1748 0
1749 0
1750 0
1751 1
1752 0
1753 1
1754 0
1755 0
1756 1
1757 0
1758 1
1759 1
1760 1
1761 0
1762 1
1763 1
1764 0
1765 0
1766 0
1767 0
1768 1
1769 0
1770 1
1771 1
1772 0
1773 0
1774 1
1775 0
1776 1
1777 0
1778 0
1779 1
1780 0
1781 0
1782 0
1783 1
1784 0
1785 0
1786 1
1787 0
1788 1
1789 1
1790 1
1791 1
1792 0
1793 0
1794 1
1795 0
1796 0
1797 0
1798 0
1799 2
1800 1
1801 2
1802 0
1803 0
1804 0
1805 0
1806 0
1807 1
1808 0
1809 0
1810 1
1811 0
1812 0
1813 0
1814 0
1815 0
1816 1
1817 1
1818 0
1819 0
1820 0
1821 1
1822 0
1823 0
1824 2
1825 0
1826 1
1827 0
1828 0
1829 0
1830 1
1831 1
1832 0
1833 1
1834 0
1835 0
1836 1
1837 0
1838 0
1839 0
1840 0
1841 0
1842 0
1843 0
1844 0
1845 0
1846 0
1847 0
1848 0
1849 0
1850 0
1851 1
1852 0
1853 0
1854 1
1855 2
1856 0
1857 1
1858 1
1859 0
1860 0
1861 0
1862 0
1863 0
1864 1
1865 0
1866 1
1867 0
1868 0
1869 0
1870 0
1871 1
1872 0
1873 1
1874 0
1875 0
1876 0
1877 1
1878 1
1879 0
1880 0
1881 0
1882 0
1883 0
1884 1
1885 1
1886 0
1887 2
1888 1
1889 1
1890 0
1891 1
1892 1
1893 0
1894 0
1895 0
1896 0
1897 1
1898 0
1899 0
1900 0
1901 0
1902 0
1903 1
1904 1
1905 0
1906 0
1907 1
1908 0
1909 0
1910 0
1911 0
1912 0
1913 0
1914 1
1915 1
1916 0
1917 0
1918 0
1919 1
1920 0
1921 1
1922 1
1923 0
1924 0
1925 1
1926 0
1927 0
1928 2
1929 1
1930 0
1931 1
1932 0
1933 0
1934 1
1935 1
1936 2
1937 0
1938 1
1939 1
1940 0
1941 0
1942 0
1943 1
1944 1
1945 1
1946 1
1947 0
1948 0
1949 1
1950 0
1951 0
1952 0
1953 1
1954 0
1955 1
1956 0
1957 0
1958 1
1959 1
1960 1
1961 0
1962 1
1963 0
1964 0
1965 0
1966 0
1967 1
1968 1
1969 0
1970 0
1971 1
1972 1
1973 0
1974 0
1975 1
1976 0
1977 0
1978 2
1979 0
1980 1
1981 1
1982 0
1983 1
1984 1
1985 0
1986 0
1987 0
1988 1
1989 1
1990 0
1991 0
1992 1
1993 0
1994 0
1995 1
1996 1
1997 1
1998 0
1999 1
