0 0
1 2
2 0
3 0
4 1
5 1
6 2
7 3
8 2
9 0
10 0
11 0
12 2
13 2
14 0
15 1
16 1
17 2
18 2
19 2
20 0
21 0
22 0
23 1
24 4
25 2
26 1
27 0
28 0
29 1
30 0
31 1
32 0
33 0
34 1
35 2
36 1
37 1
38 3
39 1
40 0
41 1
42 1
43 1
44 1
45 0
46 1
47 1
48 0
49 1
50 1
51 0
52 0
53 0
54 1
55 1
56 1
57 2
58 1
59 0
60 0
61 0
62 0
63 1
64 1
65 0
66 1
67 0
68 0
69 1
70 1
71 1
72 1
73 2
74 1
75 2
76 2
77 2
78 1
79 1
80 0
81 0
82 0
83 0
84 0
85 1
86 2
87 1
88 2
89 1
90 1
91 2
92 0
93 2
94 1
95 3
96 2
97 2
98 0
99 1
100 3
101 3
102 2
103 2
104 2
105 3
106 3
107 2
108 1
109 2
110 2
111 1
112 1
113 2
114 0
115 1
116 2
117 1
118 2
119 2
120 1
121 3
122 1
123 2
124 2
125 1
126 3
127 1
128 2
129 2
130 2
131 2
132 1
133 2
134 2
135 2
136 1
137 2
138 2
139 4
140 1
141 0
142 2
143 1
144 2
145 3
146 3
147 2
148 2
149 2
150 5
151 4
152 3
153 2
154 2
155 4
156 3
157 3
158 3
159 2
160 2
161 3
162 5
163 1
164 1
165 2
166 2
167 1
168 1
169 3
170 2
171 3
172 0
173 3
174 3
175 3
176 1
177 1
178 2
179 1
180 3
181 1
182 2
183 1
184 1
185 2
186 2
187 1
188 1
189 2
190 3
191 2
192 2
193 3
194 4
195 2
196 2
197 3
198 1
199 2
200 1
201 3
202 2
203 1
204 3
205 1
206 1
207 4
208 1
209 3
210 0
211 0
212 1
213 2
214 0
215 1
216 1
217 1
218 1
219 2
220 1
221 2
222 2
223 1
224 3
225 2
226 0
227 2
228 3
229 2
230 0
231 0
232 0
233 1
234 1
235 1
236 2
237 1
238 1
239 1
240 2
241 1
242 3
243 1
244 3
245 3
246 2
247 1
248 2
249 3
250 1
251 1
252 1
253 1
254 0
255 1
256 0
257 1
258 0
259 1
260 3
261 3
262 1
263 1
264 0
265 1
266 1
267 0
268 0
269 2
270 0
271 0
272 1
273 0
274 1
275 3
276 2
277 2
278 1
279 2
280 1
281 3
282 3
283 1
284 0
285 0
286 0
287 0
288 2
289 1
290 0
291 1
292 1
293 0
294 1
295 1
296 0
297 1
298 1
299 0
300 1
301 2
302 2
303 3
304 2
305 3
306 1
307 2
308 1
309 3
310 2
311 2
312 2
313 2
314 2
315 1
316 1
317 2
318 1
319 1
320 1
321 2
322 1
323 1
324 2
325 1
326 0
327 1
328 0
329 1
330 2
331 1
332 2
333 1
334 2
335 1
336 1
337 1
338 3
339 5
340 5
341 1
342 4
343 3
344 1
345 4
346 3
347 2
348 4
349 1
350 1
351 3
352 2
353 3
354 3
355 2
356 2
357 2
358 1
359 4
360 2
361 2
362 3
363 2
364 2
365 2
366 3
367 2
368 2
369 0
370 1
371 1
372 2
373 2
374 2
375 3
376 2
377 1
378 3
379 3
380 1
381 3
382 1
383 1
384 1
385 2
386 2
387 2
388 2
389 0
390 1
391 2
392 2
393 2
394 1
395 2
396 1
397 2
398 4
399 2
400 2
401 1
402 2
403 1
404 2
405 1
406 1
407 2
408 2
409 2
410 1
411 1
412 1
413 2
414 3
415 1
416 2
417 3
418 3
419 0
420 2
421 2
422 1
423 1
424 1
425 3
426 0
427 3
428 3
429 1
430 2
431 3
432 1
433 3
434 2
435 3
436 3
437 2
438 1
439 2
440 2
441 1
442 1
443 2
444 2
445 2
446 2
447 2
448 2
449 3
450 2
451 2
452 3
453 3
454 3
455 1
456 3
457 2
458 1
459 3
460 1
461 0
462 2
463 1
464 1
465 2
466 1
467 2
468 4
469 3
470 4
471 2
472 2
473 3
474 2
475 3
476 2
477 0
478 3
479 2
480 3
481 2
482 3
483 1
484 3
485 1
486 3
487 3
488 3
489 2
490 1
491 0
492 0
493 2
494 1
495 2
496 2
497 3
498 2
499 1
500 3
501 2
502 2
503 4
504 3
505 3
506 2
507 3
508 1
509 2
510 3
511 3
512 3
513 3
514 2
515 2
516 1
517 2
518 2
519 1
520 3
521 4
522 2
523 3
524 3
525 2
526 3
527 1
528 3
529 2
530 2
531 4
532 2
533 1
534 4
535 3
536 1
537 1
538 2
539 1
540 1
541 1
542 3
543 2
544 2
545 2
546 2
547 1
548 1
549 1
550 1
551 0
552 2
553 1
554 1
555 1
556 1
557 1
558 2
559 1
560 3
561 1
562 2
563 1
564 3
565 3
566 1
567 0
568 2
569 1
570 0
571 2
572 0
573 1
574 2
575 1
576 2
577 1
578 2
579 0
580 1
581 0
582 2
583 1
584 2
585 4
586 2
587 3
588 1
589 3
590 3
591 1
592 1
593 3
594 2
595 2
596 2
597 1
598 1
599 1
600 2
601 2
602 3
603 3
604 3
605 2
606 1
607 1
608 2
609 1
610 0
611 2
612 3
613 2
614 2
615 2
616 3
617 1
618 1
619 2
620 2
621 3
622 2
623 0
624 2
625 2
626 1
627 0
628 1
629 1
630 1
631 1
632 2
633 0
634 2
635 3
636 1
637 2
638 2
639 1
640 3
641 1
642 1
643 1
644 2
645 2
646 1
647 2
648 2
649 2
650 2
651 2
652 1
653 0
654 2
655 2
656 0
657 1
658 1
659 2
660 0
661 1
662 1
663 1
664 2
665 2
666 3
667 2
668 2
669 2
670 1
671 2
672 2
673 1
674 1
675 2
676 1
677 3
678 2
679 1
680 2
681 1
682 2
683 1
684 1
685 1
686 1
687 2
688 1
689 1
690 2
691 4
692 1
693 1
694 1
695 1
696 2
697 1
698 1
699 1
700 1
701 2
702 2
703 4
704 3
705 2
706 3
707 1
708 2
709 1
710 1
711 4
712 2
713 1
714 2
715 2
716 2
717 2
718 2
719 3
720 1
721 1
722 2
723 2
724 2
725 2
726 2
727 1
728 3
729 2
730 2
731 2
732 2
733 1
734 2
735 2
736 2
737 2
738 1
739 1
740 1
741 2
742 2
743 3
744 2
745 1
746 0
747 1
748 0
749 2
750 0
751 1
752 2
753 2
754 2
755 1
756 0
757 2
758 1
759 2
760 1
761 3
762 1
763 0
764 1
765 1
766 1
767 0
768 1
769 1
770 1
771 0
772 1
773 1
774 2
775 1
776 2
777 1
778 4
779 2
780 2
781 2
782 1
783 2
784 1
785 2
786 1
787 1
788 0
789 1
790 2
791 1
792 1
793 2
794 1
795 4
796 1
797 1
798 2
799 0
800 1
801 1
802 1
803 2
804 1
805 0
806 1
807 0
808 1
809 2
810 2
811 3
812 2
813 2
814 3
815 2
816 2
817 1
818 1
819 2
820 2
821 2
822 1
823 2
824 2
825 2
826 2
827 2
828 3
829 2
830 1
831 2
832 1
833 1
834 1
835 1
836 1
837 1
838 1
839 1
840 0
841 1
842 0
843 2
844 2
845 1
846 1
847 2
848 2
849 1
850 2
851 2
852 0
853 3
854 1
855 1
856 2
857 2
858 1
859 1
860 1
861 0
862 2
863 1
864 0
865 2
866 2
867 1
868 2
869 4
870 2
871 2
872 1
873 1
874 1
875 4
876 3
877 2
878 1
879 5
880 3
881 2
882 2
883 2
884 2
885 3
886 2
887 3
888 3
889 4
890 3
891 3
892 2
893 1
894 1
895 3
896 1
897 1
898 0
899 1
900 2
901 1
902 2
903 1
904 1
905 1
906 3
907 3
908 1
909 2
910 1
911 3
912 2
913 1
914 1
915 1
916 2
917 2
918 3
919 1
920 1
921 2
922 0
923 3
924 1
925 1
926 2
927 1
928 2
929 2
930 1
931 1
932 2
933 1
934 1
935 1
936 1
937 1
938 1
939 1
940 3
941 2
942 5
943 2
944 1
945 2
946 1
947 4
948 1
949 2
950 1
951 1
952 2
953 1
954 2
955 2
956 2
957 2
958 4
959 3
960 2
961 1
962 1
963 1
964 2
965 1
966 2
967 1
968 1
969 1
970 2
971 1
972 2
973 1
974 0
975 1
976 2
977 1
978 1
979 1
980 2
981 1
982 1
983 1
984 3
985 1
986 3
987 1
988 2
989 2
990 0
991 2
992 3
993 2
994 3
995 2
996 2
997 1
998 1
999 2
1000 2
1001 2
1002 2
1003 2
1004 2
1005 1
1006 1
1007 2
1008 1
1009 2
1010 2
1011 1
1012 1
1013 2
1014 2
1015 2
1016 2
1017 1
1018 1
1019 2
1020 2
1021 1
1022 2
1023 2
1024 1
1025 2
1026 1
1027 2
1028 1
1029 2
1030 1
1031 2
1032 1
1033 1
1034 0
1035 2
1036 3
1037 1
1038 0
1039 0
1040 0
1041 1
1042 1
1043 1
1044 1
1045 1
1046 1
1047 0
1048 1
1049 1
1050 1
1051 1
1052 0
1053 2
1054 1
1055 1
1056 0
1057 2
1058 1
1059 1
1060 4
1061 2
1062 2
1063 2
1064 1
1065 2
1066 0
1067 2
1068 1
1069 1
1070 1
1071 1
1072 3
1073 2
1074 1
1075 1
1076 1
1077 1
1078 1
1079 1
1080 4
1081 2
1082 1
1083 2
1084 1
1085 2
1086 2
1087 2
1088 3
1089 4
1090 3
1091 4
1092 2
1093 2
1094 2
1095 3
1096 1
1097 1
1098 1
1099 0
1100 2
1101 2
1102 0
1103 0
1104 2
1105 1
1106 4
1107 2
1108 3
1109 1
1110 3
1111 3
1112 2
1113 3
1114 2
1115 2
1116 2
1117 2
1118 0
1119 2
1120 1
1121 1
1122 2
1123 3
1124 1
1125 1
1126 2
1127 1
1128 0
1129 3
1130 1
1131 1
1132 1
1133 1
1134 2
1135 2
1136 2
1137 2
1138 1
1139 2
1140 2
1141 1
1142 2
1143 2
1144 2
1145 2
1146 2
1147 2
1148 2
1149 2
1150 2
1151 1
1152 2
1153 3
1154 2
1155 2
1156 2
1157 0
1158 3
1159 0
1160 1
1161 1
1162 0
1163 2
1164 1
1165 3
1166 2
1167 1
1168 2
1169 1
1170 0
1171 0
1172 1
1173 1
1174 1
1175 2
1176 0
1177 3
1178 2
1179 2
1180 4
1181 0
1182 2
1183 1
1184 1
1185 2
1186 3
1187 2
1188 1
1189 2
1190 3
1191 1
1192 4
1193 4
1194 3
1195 3
1196 3
1197 0
1198 2
1199 1
1200 1
1201 2
1202 1
1203 2
1204 1
1205 1
1206 1
1207 2
1208 1
1209 1
1210 1
1211 2
1212 2
1213 3
1214 2
1215 2
1216 0
1217 2
1218 1
1219 1
1220 1
1221 1
1222 2
1223 3
1224 2
1225 1
1226 0
1227 1
1228 1
1229 1
1230 3
1231 1
1232 1
1233 1
1234 1
1235 2
1236 2
1237 1
1238 2
1239 1
1240 3
1241 1
1242 2
1243 1
1244 2
1245 2
1246 0
1247 1
1248 2
1249 2
1250 2
1251 2
1252 0
1253 2
1254 1
1255 0
1256 2
1257 1
1258 0
1259 1
1260 2
1261 2
1262 2
1263 2
1264 1
1265 1
1266 1
1267 2
1268 1
1269 1
1270 2
1271 1
1272 1
1273 0
1274 1
1275 3
1276 2
1277 2
1278 2
1279 2
1280 1
1281 1
1282 1
1283 2
1284 4
1285 2
1286 3
1287 1
1288 1
1289 1
1290 0
1291 1
1292 1
1293 2
1294 2
1295 2
1296 1
1297 2
1298 0
1299 1
1300 1
1301 1
1302 0
1303 0
1304 0
1305 1
1306 1
1307 2
1308 1
1309 0
1310 0
1311 0
1312 0
1313 0
1314 0
1315 0
1316 2
1317 2
1318 0
1319 3
1320 2
1321 1
1322 0
1323 2
1324 2
1325 1
1326 2
1327 0
1328 1
1329 0
1330 2
1331 2
1332 1
1333 1
1334 1
1335 0
1336 0
1337 1
1338 1
1339 3
1340 0
1341 0
1342 1
1343 0
1344 0
1345 0
1346 0
1347 0
1348 0
1349 1
1350 0
1351 1
1352 1
1353 1
1354 0
1355 0
1356 0
1357 0
1358 1
1359 0
1360 0
1361 0
1362 1
1363 0
1364 0
1365 1
1366 1
1367 0
1368 1
1369 0
1370 1
1371 1
1372 1
1373 1
1374 1
1375 1
1376 1
1377 0
1378 0
1379 1
1380 1
1381 2
1382 1
1383 0
1384 1
1385 1
1386 0
1387 0
1388 1
1389 1
1390 0
1391 1
1392 1
1393 0
1394 1
1395 1
1396 0
1397 0
1398 0
1399 1
1400 0
1401 0
1402 0
1403 0
1404 0
1405 0
1406 0
1407 0
1408 0
1409 0
1410 0
1411 0
1412 0
1413 0
1414 0
1415 0
1416 0
1417 1
1418 0
1419 0
1420 0
1421 0
1422 0
1423 0
1424 0
1425 0
1426 0
1427 0
1428 0
1429 2
1430 0
1431 0
1432 0
1433 0
1434 0
1435 0
1436 0
1437 0
1438 0
1439 0
1440 0
1441 0
1442 0
1443 0
1444 0
1445 0
1446 0
1447 1
1448 0
1449 0
1450 0
1451 0
1452 0
1453 0
1454 0
1455 0
1456 0
1457 0
1458 0
1459 0
1460 1
1461 1
1462 1
1463 1
1464 0
1465 1
1466 0
1467 0
1468 0
1469 0
1470 0
1471 0
1472 0
1473 0
1474 0
1475 0
1476 0
1477 0
1478 0
1479 0
1480 0
1481 0
1482 0
1483 0
1484 1
1485 0
1486 0
1487 0
1488 0
1489 0
1490 0
1491 0
1492 0
1493 0
1494 0
1495 0
1496 0
1497 0
1498 1
1499 0
1500 0
1501 0
1502 0
1503 0
1504 0
1505 0
1506 0
1507 1
1508 0
1509 1
1510 1
1511 0
1512 0
1513 0
1514 1
1515 0
1516 1
1517 1
1518 0
1519 0
1520 1
1521 0
1522 0
1523 1
1524 1
1525 0
1526 0
1527 0
1528 1
1529 2
1530 1
1531 0
1532 2
1533 2
1534 3
1535 2
1536 1
1537 2
1538 2
1539 0
1540 1
1541 0
1542 1
1543 1
1544 2
1545 1
1546 0
1547 1
1548 2
1549 2
1550 1
1551 1
1552 2
1553 2
1554 1
1555 1
1556 1
1557 2
1558 1
1559 1
1560 0
1561 2
1562 2
1563 2
1564 1
1565 1
1566 0
1567 1
1568 2
1569 1
1570 0
1571 1
1572 1
1573 0
1574 1
1575 1
1576 0
1577 1
1578 0
1579 1
1580 0
1581 0
1582 1
1583 0
1584 2
1585 0
1586 0
1587 0
1588 0
1589 1
1590 0
1591 2
1592 0
1593 0
1594 1
1595 1
1596 0
1597 1
1598 0
1599 1
1600 0
1601 0
1602 0
1603 0
1604 1
1605 0
1606 0
1607 0
1608 0
1609 0
1610 0
1611 1
1612 0
1613 0
1614 0
1615 0
1616 0
1617 1
1618 0
1619 0
1620 0
1621 1
1622 0
1623 0
1624 0
1625 0
1626 1
1627 1
1628 0
1629 0
1630 2
1631 0
1632 0
1633 0
1634 1
1635 0
1636 1
1637 0
1638 0
1639 1
1640 1
1641 0
1642 1
1643 0
1644 0
1645 0
1646 0
1647 0
1648 0
1649 0
1650 0
1651 0
1652 0
1653 0
1654 0
1655 0
1656 0
1657 0
1658 0
1659 0
1660 0
1661 0
1662 0
1663 1
1664 0
1665 0
1666 0
1667 0
1668 0
1669 0
1670 0
1671 0
1672 0
1673 0
1674 0
1675 0
1676 0
1677 0
1678 1
1679 0
1680 0
1681 0
1682 0
1683 0
1684 0
1685 0
1686 1
1687 0
1688 0
1689 0
1690 0
1691 0
1692 0
1693 0
1694 0
1695 0
1696 0
1697 0
1698 0
1699 0
1700 0
1701 0
1702 1
1703 0
1704 1
1705 0
1706 0
1707 0
1708 0
1709 0
1710 0
1711 0
1712 0
1713 0
1714 0
1715 0
1716 0
1717 0
1718 0
1719 0
1720 0
1721 0
1722 0
1723 0
1724 1
1725 0
1726 1
1727 0
1728 0
1729 0
1730 0
1731 0
1732 0
1733 0
1734 0
1735 0
1736 0
1737 1
1738 0
1739 0
1740 1
1741 1
1742 0
1743 0
1744 0
1745 0
1746 0
1747 0
1748 0
1749 0
1750 0
1751 0
1752 0
1753 0
1754 0
1755 0
1756 0
1757 0
1758 0
1759 0
1760 0
1761 0
1762 0
1763 0
1764 0
1765 0
1766 0
1767 0
1768 1
1769 1
1770 0
1771 0
1772 1
1773 1
1774 0
1775 0
1776 0
1777 0
1778 0
1779 0
1780 0
1781 1
1782 1
1783 0
1784 0
1785 0
1786 0
1787 0
1788 0
1789 0
1790 1
1791 0
1792 2
1793 1
1794 0
1795 0
1796 1
1797 0
1798 1
1799 0
1800 0
1801 0
1802 0
1803 0
1804 0
1805 1
1806 0
1807 0
1808 1
1809 0
1810 0
1811 0
1812 0
1813 0
1814 0
1815 0
1816 0
1817 0
1818 0
1819 0
1820 1
1821 0
1822 0
1823 0
1824 0
1825 0
1826 0
1827 0
1828 0
1829 0
1830 0
1831 0
1832 0
1833 0
1834 0
1835 1
1836 1
1837 0
1838 0
1839 0
1840 0
1841 2
1842 0
1843 1
1844 1
1845 1
1846 1
1847 1
1848 0
1849 0
1850 1
1851 0
1852 0
1853 0
1854 0
1855 0
1856 1
1857 0
1858 2
1859 0
1860 0
1861 0
1862 0
1863 1
1864 0
1865 0
1866 0
1867 0
1868 0
1869 0
1870 0
1871 0
1872 0
1873 0
1874 0
1875 0
1876 0
1877 0
1878 0
1879 0
1880 1
1881 0
1882 0
1883 0
1884 0
1885 0
1886 0
1887 0
1888 2
1889 2
1890 2
1891 0
1892 1
1893 0
1894 1
1895 0
1896 1
1897 0
1898 0
1899 1
1900 1
1901 0
1902 0
1903 0
1904 1
1905 1
1906 0
1907 0
1908 0
1909 0
1910 0
1911 0
1912 0
1913 1
1914 1
1915 0
1916 0
1917 0
1918 0
1919 1
1920 0
1921 1
1922 0
1923 0
1924 1
1925 0
1926 0
1927 0
1928 0
1929 1
1930 0
1931 0
1932 1
1933 0
1934 1
1935 0
1936 0
1937 2
1938 2
1939 1
1940 0
1941 1
1942 1
1943 0
1944 0
1945 0
1946 1
1947 0
1948 0
1949 0
1950 0
1951 0
1952 0
1953 0
1954 0
1955 1
1956 0
1957 0
1958 0
1959 1
1960 0
1961 0
1962 1
1963 0
1964 1
1965 0
1966 0
1967 0
1968 0
1969 0
1970 0
1971 0
1972 0
1973 0
1974 1
1975 1
1976 0
1977 0
1978 0
1979 0
1980 0
1981 0
1982 0
1983 0
1984 0
1985 1
1986 1
1987 0
1988 0
1989 1
1990 1
1991 0
1992 0
1993 0
1994 0
1995 0
1996 0
1997 0
1998 0
1999 0
