0 2
1 2
2 1
3 2
4 2
5 2
6 2
7 2
8 2
9 1
10 2
11 2
12 2
13 2
14 0
15 1
16 1
17 3
18 2
19 2
20 3
21 2
22 2
23 1
24 2
25 2
26 2
27 2
28 2
29 1
30 2
31 1
32 1
33 2
34 2
35 3
36 2
37 2
38 1
39 2
40 2
41 1
42 1
43 1
44 2
45 1
46 2
47 2
48 2
49 2
50 2
51 1
52 2
53 2
54 2
55 2
56 1
57 2
58 2
59 2
60 2
61 2
62 0
63 0
64 0
65 1
66 2
67 2
68 3
69 1
70 2
71 2
72 2
73 1
74 2
75 2
76 2
77 1
78 2
79 1
80 1
81 1
82 1
83 1
84 1
85 2
86 2
87 1
88 2
89 3
90 1
91 2
92 1
93 2
94 2
95 2
96 1
97 2
98 1
99 1
100 1
101 1
102 2
103 0
104 2
105 3
106 2
107 2
108 2
109 2
110 2
111 2
112 1
113 2
114 1
115 0
116 1
117 0
118 1
119 0
120 1
121 2
122 2
123 3
124 3
125 3
126 3
127 1
128 3
129 2
130 1
131 2
132 2
133 1
134 2
135 2
136 1
137 2
138 2
139 1
140 2
141 3
142 2
143 2
144 2
145 2
146 2
147 2
148 3
149 2
150 2
151 1
152 2
153 2
154 2
155 2
156 2
157 0
158 2
159 2
160 0
161 0
162 2
163 2
164 2
165 1
166 2
167 1
168 2
169 3
170 2
171 1
172 2
173 2
174 1
175 2
176 1
177 2
178 0
179 0
180 1
181 2
182 1
183 0
184 2
185 3
186 2
187 2
188 1
189 1
190 2
191 0
192 1
193 2
194 1
195 3
196 1
197 1
198 2
199 1
200 2
201 2
202 1
203 1
204 2
205 3
206 2
207 2
208 1
209 1
210 1
211 1
212 1
213 1
214 1
215 0
216 0
217 1
218 1
219 1
220 0
221 0
222 2
223 3
224 2
225 0
226 2
227 1
228 1
229 2
230 0
231 1
232 2
233 1
234 2
235 1
236 1
237 1
238 3
239 0
240 1
241 1
242 1
243 1
244 2
245 2
246 0
247 0
248 0
249 0
250 2
251 2
252 1
253 2
254 2
255 3
256 0
257 0
258 1
259 1
260 3
261 1
262 0
263 0
264 1
265 2
266 3
267 2
268 1
269 2
270 2
271 2
272 2
273 2
274 0
275 1
276 0
277 2
278 1
279 1
280 2
281 3
282 1
283 1
284 1
285 0
286 2
287 1
288 2
289 1
290 2
291 2
292 3
293 2
294 3
295 2
296 2
297 2
298 1
299 1
300 2
301 2
302 2
303 2
304 2
305 1
306 2
307 1
308 2
309 2
310 2
311 2
312 2
313 2
314 1
315 1
316 2
317 3
318 2
319 2
320 2
321 2
322 2
323 1
324 2
325 0
326 2
327 2
328 0
329 2
330 2
331 1
332 2
333 2
334 0
335 0
336 0
337 0
338 0
339 0
340 0
341 0
342 0
343 0
344 0
345 0
346 0
347 0
348 0
349 0
350 0
351 0
352 1
353 0
354 0
355 0
356 0
357 0
358 0
359 0
360 0
361 0
362 0
363 0
364 0
365 0
366 0
367 0
368 0
369 0
370 0
371 0
372 0
373 0
374 0
375 0
376 0
377 0
378 0
379 2
380 2
381 2
382 2
383 2
384 1
385 2
386 2
387 2
388 2
389 2
390 2
391 0
392 0
393 0
394 0
395 0
396 0
397 0
398 0
399 0
400 0
401 0
402 0
403 0
404 0
405 0
406 0
407 0
408 0
409 0
410 0
411 0
412 0
413 0
414 0
415 0
416 0
417 0
418 0
419 0
420 0
421 0
422 0
423 0
424 0
425 0
426 0
427 0
428 0
429 0
430 0
431 0
432 0
433 0
434 0
435 0
436 0
437 0
438 0
439 0
440 0
441 0
442 0
443 0
444 0
445 0
446 0
447 0
448 0
449 0
450 0
451 0
452 0
453 0
454 0
455 0
456 0
457 0
458 0
459 0
460 0
461 0
462 0
463 0
464 0
465 0
466 0
467 0
468 0
469 0
470 0
471 0
472 0
473 0
474 0
475 0
476 0
477 0
478 0
479 0
480 0
481 0
482 0
483 0
484 0
485 0
486 0
487 0
488 1
489 0
490 0
491 0
492 0
493 1
494 2
495 2
496 2
497 2
498 1
499 2
500 2
501 2
502 2
503 3
504 2
505 2
506 2
507 1
508 3
509 2
510 2
511 2
512 2
513 1
514 1
515 3
516 1
517 3
518 2
519 3
520 0
521 2
522 2
523 2
524 3
525 1
526 2
527 2
528 2
529 3
530 3
531 2
532 1
533 2
534 3
535 2
536 2
537 2
538 2
539 3
540 2
541 2
542 2
543 2
544 2
545 2
546 1
547 2
548 2
549 2
550 2
551 3
552 2
553 2
554 2
555 2
556 2
557 2
558 1
559 2
560 2
561 2
562 0
563 2
564 1
565 3
566 1
567 2
568 2
569 1
570 2
571 1
572 2
573 2
574 2
575 2
576 2
577 2
578 2
579 2
580 2
581 2
582 3
583 2
584 1
585 3
586 1
587 2
588 2
589 2
590 2
591 2
592 2
593 2
594 2
595 2
596 3
597 3
598 2
599 2
600 3
601 2
602 2
603 1
604 2
605 2
606 2
607 1
608 1
609 3
610 2
611 1
612 1
613 1
614 2
615 2
616 1
617 1
618 2
619 2
620 1
621 2
622 2
623 2
624 2
625 0
626 0
627 1
628 2
629 2
630 1
631 2
632 2
633 2
634 2
635 2
636 2
637 2
638 2
639 3
640 1
641 2
642 2
643 1
644 2
645 2
646 2
647 2
648 1
649 1
650 2
651 1
652 2
653 0
654 1
655 1
656 2
657 2
658 3
659 2
660 3
661 2
662 1
663 1
664 2
665 3
666 3
667 1
668 2
669 3
670 2
671 2
672 2
673 2
674 3
675 2
676 2
677 2
678 2
679 2
680 1
681 2
682 2
683 2
684 1
685 2
686 1
687 2
688 2
689 2
690 2
691 2
692 3
693 2
694 3
695 2
696 2
697 2
698 2
699 1
700 1
701 1
702 2
703 1
704 3
705 2
706 3
707 1
708 1
709 3
710 2
711 3
712 1
713 1
714 2
715 1
716 1
717 1
718 1
719 4
720 2
721 2
722 2
723 3
724 1
725 2
726 2
727 2
728 2
729 2
730 1
731 2
732 2
733 2
734 2
735 2
736 2
737 2
738 1
739 2
740 1
741 3
742 3
743 2
744 0
745 0
746 0
747 0
748 0
749 1
750 1
751 2
752 2
753 1
754 2
755 1
756 3
757 3
758 0
759 1
760 2
761 1
762 0
763 1
764 2
765 2
766 1
767 2
768 1
769 2
770 1
771 3
772 1
773 2
774 2
775 3
776 3
777 1
778 1
779 2
780 2
781 1
782 1
783 2
784 2
785 2
786 1
787 2
788 3
789 0
790 1
791 2
792 2
793 1
794 4
795 1
796 2
797 3
798 2
799 2
800 1
801 3
802 1
803 2
804 1
805 2
806 0
807 1
808 3
809 1
810 1
811 2
812 1
813 2
814 2
815 2
816 3
817 2
818 1
819 2
820 2
821 2
822 2
823 2
824 1
825 2
826 2
827 2
828 1
829 2
830 1
831 2
832 3
833 2
834 3
835 1
836 2
837 1
838 2
839 2
840 2
841 2
842 1
843 3
844 2
845 2
846 2
847 2
848 1
849 2
850 2
851 2
852 1
853 3
854 1
855 2
856 2
857 2
858 2
859 2
860 3
861 2
862 3
863 2
864 2
865 2
866 1
867 2
868 1
869 2
870 2
871 2
872 2
873 2
874 2
875 1
876 2
877 3
878 1
879 2
880 2
881 2
882 2
883 2
884 1
885 2
886 1
887 2
888 2
889 2
890 2
891 1
892 2
893 2
894 2
895 1
896 2
897 1
898 2
899 2
900 2
901 2
902 2
903 2
904 2
905 2
906 2
907 2
908 1
909 2
910 1
911 2
912 2
913 2
914 1
915 2
916 2
917 2
918 2
919 2
920 2
921 2
922 2
923 1
924 2
925 2
926 1
927 3
928 2
929 1
930 2
931 2
932 3
933 2
934 2
935 2
936 1
937 2
938 2
939 3
940 3
941 2
942 2
943 2
944 2
945 2
946 2
947 3
948 3
949 1
950 2
951 2
952 2
953 2
954 1
955 2
956 2
957 2
958 2
959 2
960 1
961 0
962 2
963 2
964 1
965 3
966 1
967 1
968 2
969 1
970 1
971 1
972 1
973 2
974 2
975 2
976 2
977 2
978 2
979 2
980 1
981 1
982 2
983 3
984 1
985 1
986 2
987 3
988 2
989 2
990 3
991 2
992 1
993 2
994 2
995 2
996 1
997 3
998 3
999 3
1000 2
1001 3
1002 2
1003 3
1004 3
1005 2
1006 2
1007 2
1008 1
1009 3
1010 3
1011 2
1012 2
1013 2
1014 2
1015 2
1016 2
1017 2
1018 2
1019 3
1020 2
1021 2
1022 2
1023 3
1024 1
1025 2
1026 2
1027 2
1028 1
1029 2
1030 3
1031 2
1032 2
1033 2
1034 2
1035 2
1036 2
1037 1
1038 3
1039 1
1040 2
1041 3
1042 2
1043 1
1044 3
1045 1
1046 2
1047 0
1048 3
1049 2
1050 2
1051 2
1052 2
1053 2
1054 1
1055 2
1056 2
1057 2
1058 2
1059 2
1060 3
1061 1
1062 2
1063 1
1064 2
1065 3
1066 2
1067 2
1068 2
1069 2
1070 2
1071 2
1072 3
1073 2
1074 2
1075 1
1076 3
1077 2
1078 2
1079 2
1080 1
1081 2
1082 2
1083 2
1084 2
1085 2
1086 0
1087 3
1088 2
1089 2
1090 2
1091 3
1092 1
1093 2
1094 3
1095 2
1096 2
1097 2
1098 1
1099 2
1100 3
1101 2
1102 1
1103 3
1104 1
1105 3
1106 2
1107 2
1108 2
1109 2
1110 2
1111 0
1112 1
1113 1
1114 3
1115 1
1116 1
1117 1
1118 2
1119 1
1120 1
1121 1
1122 1
1123 2
1124 3
1125 2
1126 2
1127 1
1128 2
1129 1
1130 3
1131 1
1132 2
1133 1
1134 2
1135 2
1136 2
1137 2
1138 1
1139 2
1140 2
1141 1
1142 1
1143 3
1144 1
1145 3
1146 2
1147 3
1148 2
1149 2
1150 3
1151 1
1152 1
1153 1
1154 2
1155 2
1156 2
1157 2
1158 3
1159 2
1160 2
1161 2
1162 2
1163 2
1164 2
1165 1
1166 2
1167 3
1168 2
1169 2
1170 2
1171 2
1172 2
1173 1
1174 2
1175 3
1176 1
1177 2
1178 2
1179 2
1180 2
1181 2
1182 2
1183 2
1184 2
1185 2
1186 2
1187 1
1188 3
1189 2
1190 2
1191 2
1192 2
1193 2
1194 3
1195 2
1196 1
1197 2
1198 2
1199 2
1200 2
1201 2
1202 2
1203 1
1204 2
1205 2
1206 1
1207 2
1208 1
1209 2
1210 1
1211 2
1212 1
1213 3
1214 2
1215 2
1216 2
1217 0
1218 2
1219 2
1220 3
1221 2
1222 3
1223 2
1224 2
1225 2
1226 1
1227 2
1228 2
1229 2
1230 3
1231 3
1232 2
1233 1
1234 2
1235 2
1236 1
1237 2
1238 2
1239 2
1240 2
1241 2
1242 2
1243 2
1244 1
1245 1
1246 2
1247 2
1248 3
1249 2
1250 2
1251 2
1252 2
1253 1
1254 2
1255 2
1256 3
1257 1
1258 3
1259 2
1260 3
1261 2
1262 2
1263 1
1264 2
1265 2
1266 1
1267 1
1268 3
1269 2
1270 3
1271 2
1272 2
1273 1
1274 1
1275 1
1276 2
1277 2
1278 3
1279 2
1280 2
1281 1
1282 2
1283 1
1284 3
1285 1
1286 3
1287 2
1288 3
1289 0
1290 1
1291 2
1292 2
1293 3
1294 2
1295 2
1296 2
1297 3
1298 3
1299 3
1300 3
1301 2
1302 3
1303 2
1304 2
1305 2
1306 3
1307 2
1308 1
1309 2
1310 2
1311 3
1312 1
1313 3
1314 2
1315 2
1316 2
1317 2
1318 1
1319 2
1320 2
1321 3
1322 2
1323 2
1324 1
1325 2
1326 1
1327 2
1328 2
1329 2
1330 2
1331 1
1332 2
1333 3
1334 1
1335 3
1336 1
1337 1
1338 1
1339 2
1340 1
1341 2
1342 2
1343 2
1344 1
1345 1
1346 2
1347 2
1348 3
1349 2
1350 2
1351 2
1352 3
1353 2
1354 2
1355 2
1356 2
1357 2
1358 1
1359 2
1360 2
1361 2
1362 2
1363 2
1364 1
1365 2
1366 2
1367 1
1368 0
1369 1
1370 2
1371 3
1372 1
1373 1
1374 1
1375 2
1376 3
1377 3
1378 2
1379 2
1380 2
1381 2
1382 2
1383 2
1384 2
1385 2
1386 2
1387 0
1388 2
1389 2
1390 2
1391 2
1392 2
1393 2
1394 2
1395 3
1396 2
1397 2
1398 2
1399 2
1400 2
1401 1
1402 2
1403 2
1404 2
1405 3
1406 1
1407 2
1408 3
1409 2
1410 2
1411 2
1412 2
1413 2
1414 2
1415 2
1416 2
1417 2
1418 2
1419 1
1420 0
1421 1
1422 2
1423 1
1424 2
1425 2
1426 2
1427 2
1428 1
1429 2
1430 2
1431 2
1432 2
1433 3
1434 2
1435 2
1436 3
1437 2
1438 2
1439 2
1440 2
1441 2
1442 3
1443 1
1444 2
1445 2
1446 2
1447 2
1448 1
1449 2
1450 2
1451 3
1452 2
1453 2
1454 1
1455 2
1456 2
1457 2
1458 1
1459 2
1460 3
1461 1
1462 2
1463 2
1464 2
1465 1
1466 1
1467 3
1468 1
1469 2
1470 2
1471 2
1472 2
1473 2
1474 2
1475 1
1476 2
1477 2
1478 2
1479 1
1480 2
1481 1
1482 2
1483 2
1484 2
1485 2
1486 3
1487 3
1488 2
1489 1
1490 2
1491 1
1492 2
1493 2
1494 2
1495 2
1496 2
1497 3
1498 1
1499 2
1500 1
1501 2
1502 1
1503 2
1504 2
1505 2
1506 2
1507 2
1508 3
1509 1
1510 2
1511 2
1512 2
1513 1
1514 1
1515 1
1516 1
1517 2
1518 2
1519 1
1520 3
1521 2
1522 2
1523 2
1524 2
1525 2
1526 2
1527 2
1528 1
1529 2
1530 1
1531 2
1532 3
1533 1
1534 0
1535 2
1536 2
1537 2
1538 3
1539 2
1540 2
1541 2
1542 2
1543 3
1544 2
1545 2
1546 2
1547 2
1548 2
1549 2
1550 2
1551 2
1552 2
1553 1
1554 2
1555 3
1556 2
1557 2
1558 2
1559 1
1560 2
1561 2
1562 2
1563 2
1564 2
1565 2
1566 2
1567 2
1568 2
1569 2
1570 2
1571 2
1572 3
1573 2
1574 2
1575 2
1576 2
1577 2
1578 3
1579 1
1580 2
1581 2
1582 2
1583 2
1584 2
1585 2
1586 2
1587 2
1588 2
1589 2
1590 1
1591 1
1592 2
1593 2
1594 2
1595 2
1596 2
1597 2
1598 2
1599 1
1600 2
1601 2
1602 3
1603 1
1604 1
1605 2
1606 1
1607 1
1608 2
1609 2
1610 2
1611 2
1612 1
1613 2
1614 1
1615 2
1616 1
1617 2
1618 0
1619 2
1620 3
1621 2
1622 2
1623 2
1624 1
1625 3
1626 2
1627 2
1628 2
1629 3
1630 3
1631 2
1632 2
1633 2
1634 2
1635 2
1636 1
1637 1
1638 2
1639 3
1640 2
1641 2
1642 2
1643 1
1644 1
1645 1
1646 1
1647 1
1648 2
1649 2
1650 2
1651 1
1652 2
1653 2
1654 2
1655 2
1656 2
1657 2
1658 2
1659 2
1660 3
1661 2
1662 2
1663 1
1664 2
1665 2
1666 2
1667 1
1668 1
1669 2
1670 2
1671 2
1672 2
1673 2
1674 2
1675 2
1676 2
1677 2
1678 2
1679 1
1680 2
1681 2
1682 2
1683 2
1684 2
1685 2
1686 2
1687 2
1688 1
1689 1
1690 2
1691 1
1692 2
1693 1
1694 2
1695 2
1696 3
1697 2
1698 2
1699 1
1700 2
1701 2
1702 1
1703 2
1704 2
1705 2
1706 1
1707 2
1708 2
1709 2
1710 2
1711 1
1712 2
1713 2
1714 1
1715 3
1716 2
1717 2
1718 2
1719 2
1720 1
1721 2
1722 2
1723 1
1724 2
1725 1
1726 2
1727 1
1728 2
1729 2
1730 2
1731 2
1732 3
1733 2
1734 2
1735 2
1736 2
1737 3
1738 2
1739 3
1740 2
1741 2
1742 2
1743 1
1744 2
1745 2
1746 2
1747 2
1748 3
1749 2
1750 4
1751 1
1752 2
1753 2
1754 3
1755 1
1756 3
1757 2
1758 2
1759 2
1760 1
1761 1
1762 1
1763 1
1764 2
1765 2
1766 2
1767 2
1768 3
1769 2
1770 3
1771 3
1772 2
1773 1
1774 2
1775 2
1776 2
1777 2
1778 0
1779 2
1780 2
1781 3
1782 2
1783 2
1784 2
1785 1
1786 1
1787 1
1788 2
1789 2
1790 3
1791 2
1792 2
1793 1
1794 2
1795 2
1796 2
1797 2
1798 1
1799 2
1800 2
1801 2
1802 1
1803 2
1804 2
1805 2
1806 4
1807 2
1808 1
1809 0
1810 0
1811 0
1812 2
1813 2
1814 2
1815 2
1816 1
1817 1
1818 2
1819 2
1820 2
1821 2
1822 1
1823 2
1824 2
1825 2
1826 1
1827 2
1828 1
1829 1
1830 1
1831 2
1832 0
1833 2
1834 2
1835 1
1836 2
1837 2
1838 2
1839 2
1840 2
1841 1
1842 2
1843 2
1844 2
1845 1
1846 2
1847 2
1848 2
1849 2
1850 2
1851 2
1852 2
1853 2
1854 2
1855 2
1856 2
1857 3
1858 2
1859 2
1860 2
1861 3
1862 2
1863 3
1864 3
1865 2
1866 1
1867 2
1868 3
1869 3
1870 2
1871 2
1872 1
1873 0
1874 2
1875 2
1876 2
1877 1
1878 2
1879 2
1880 2
1881 2
1882 3
1883 3
1884 2
1885 2
1886 2
1887 2
1888 2
1889 2
1890 2
1891 2
1892 2
1893 3
1894 2
1895 2
1896 2
1897 2
1898 2
1899 2
1900 2
1901 1
1902 2
1903 2
1904 2
1905 2
1906 2
1907 2
1908 3
1909 3
1910 2
1911 2
1912 3
1913 2
1914 2
1915 2
1916 3
1917 2
1918 2
1919 2
1920 2
1921 2
1922 1
1923 3
1924 2
1925 1
1926 1
1927 2
1928 1
1929 2
1930 2
1931 3
1932 2
1933 3
1934 2
1935 2
1936 2
1937 2
1938 2
1939 2
1940 2
1941 2
1942 2
1943 2
1944 2
1945 2
1946 2
1947 2
1948 2
1949 2
1950 2
1951 2
1952 2
1953 2
1954 2
1955 2
1956 1
1957 2
1958 3
1959 2
1960 2
1961 2
1962 2
1963 2
1964 3
1965 2
1966 2
1967 2
1968 2
1969 2
1970 2
1971 2
1972 2
1973 1
1974 2
1975 2
1976 1
1977 3
1978 3
1979 2
1980 2
1981 2
1982 2
1983 3
1984 2
1985 1
1986 2
1987 2
1988 2
1989 2
1990 3
1991 2
1992 2
1993 3
1994 2
1995 2
1996 2
1997 2
1998 2
1999 2
