0 2
1 1
2 2
3 2
4 1
5 0
6 1
7 2
8 1
9 1
10 1
11 1
12 2
13 1
14 1
15 0
16 1
17 1
18 1
19 1
20 2
21 2
22 1
23 1
24 1
25 1
26 1
27 1
28 1
29 1
30 1
31 1
32 2
33 1
34 1
35 1
36 1
37 1
38 1
39 0
40 1
41 2
42 1
43 1
44 1
45 1
46 1
47 1
48 1
49 1
50 1
51 1
52 1
53 1
54 1
55 1
56 1
57 1
58 1
59 1
60 0
61 1
62 0
63 1
64 1
65 1
66 0
67 1
68 1
69 1
70 1
71 1
72 1
73 2
74 2
75 2
76 1
77 2
78 1
79 1
80 1
81 1
82 1
83 1
84 1
85 1
86 1
87 1
88 1
89 2
90 1
91 1
92 1
93 1
94 1
95 2
96 0
97 1
98 1
99 1
100 1
101 1
102 2
103 2
104 2
105 2
106 0
107 0
108 1
109 1
110 1
111 1
112 1
113 1
114 1
115 1
116 1
117 1
118 1
119 2
120 1
121 2
122 1
123 1
124 1
125 2
126 1
127 1
128 2
129 0
130 1
131 2
132 1
133 1
134 1
135 1
136 2
137 1
138 1
139 1
140 0
141 1
142 1
143 2
144 2
145 2
146 1
147 0
148 0
149 0
150 0
151 0
152 0
153 1
154 1
155 1
156 1
157 1
158 2
159 1
160 1
161 1
162 1
163 1
164 1
165 2
166 2
167 1
168 1
169 0
170 2
171 1
172 1
173 1
174 1
175 1
176 1
177 0
178 1
179 1
180 0
181 1
182 1
183 1
184 2
185 1
186 1
187 1
188 2
189 1
190 1
191 1
192 1
193 1
194 1
195 1
196 1
197 0
198 1
199 1
200 2
201 1
202 1
203 1
204 2
205 0
206 1
207 1
208 1
209 1
210 1
211 1
212 1
213 1
214 1
215 1
216 1
217 2
218 2
219 1
220 1
221 1
222 1
223 1
224 1
225 1
226 2
227 1
228 1
229 1
230 1
231 1
232 1
233 2
234 1
235 1
236 1
237 2
238 1
239 1
240 1
241 2
242 2
243 2
244 1
245 2
246 1
247 1
248 1
249 1
250 1
251 2
252 1
253 1
254 1
255 2
256 1
257 1
258 1
259 1
260 1
261 1
262 1
263 2
264 1
265 1
266 2
267 1
268 1
269 1
270 2
271 1
272 1
273 1
274 2
275 1
276 2
277 1
278 1
279 1
280 1
281 1
282 1
283 1
284 1
285 1
286 2
287 1
288 2
289 1
290 1
291 1
292 2
293 1
294 0
295 1
296 1
297 1
298 1
299 1
300 2
301 1
302 1
303 0
304 2
305 1
306 2
307 3
308 1
309 1
310 1
311 1
312 1
313 1
314 1
315 1
316 2
317 2
318 1
319 1
320 2
321 1
322 1
323 1
324 1
325 1
326 2
327 1
328 1
329 0
330 1
331 0
332 1
333 1
334 1
335 1
336 2
337 1
338 1
339 1
340 1
341 2
342 1
343 1
344 1
345 1
346 1
347 1
348 2
349 1
350 1
351 1
352 1
353 0
354 1
355 2
356 1
357 1
358 1
359 1
360 1
361 2
362 1
363 1
364 1
365 2
366 1
367 2
368 1
369 1
370 1
371 2
372 1
373 1
374 1
375 1
376 0
377 1
378 2
379 1
380 1
381 2
382 1
383 1
384 2
385 2
386 1
387 2
388 1
389 2
390 1
391 2
392 2
393 1
394 1
395 1
396 1
397 1
398 1
399 1
400 1
401 1
402 1
403 1
404 1
405 1
406 1
407 1
408 1
409 1
410 0
411 1
412 1
413 1
414 1
415 1
416 1
417 1
418 1
419 1
420 1
421 1
422 1
423 1
424 1
425 1
426 1
427 1
428 1
429 1
430 1
431 1
432 1
433 1
434 1
435 2
436 0
437 1
438 1
439 1
440 1
441 1
442 1
443 1
444 1
445 0
446 2
447 1
448 1
449 1
450 0
451 0
452 0
453 0
454 0
455 0
456 0
457 0
458 0
459 1
460 0
461 1
462 1
463 1
464 1
465 1
466 1
467 0
468 0
469 0
470 0
471 1
472 1
473 0
474 1
475 2
476 1
477 1
478 1
479 1
480 1
481 1
482 1
483 2
484 2
485 1
486 1
487 0
488 1
489 0
490 2
491 0
492 0
493 1
494 0
495 1
496 1
497 1
498 2
499 1
500 1
501 0
502 1
503 1
504 1
505 0
506 1
507 1
508 1
509 0
510 1
511 0
512 0
513 0
514 0
515 1
516 1
517 1
518 0
519 2
520 1
521 1
522 1
523 1
524 1
525 1
526 1
527 1
528 1
529 2
530 1
531 1
532 0
533 1
534 1
535 2
536 2
537 1
538 2
539 1
540 1
541 1
542 1
543 1
544 1
545 0
546 1
547 1
548 1
549 1
550 1
551 1
552 1
553 0
554 1
555 0
556 1
557 2
558 2
559 0
560 1
561 1
562 1
563 1
564 2
565 1
566 1
567 2
568 2
569 1
570 0
571 0
572 0
573 1
574 1
575 1
576 1
577 1
578 1
579 1
580 1
581 1
582 1
583 1
584 1
585 1
586 1
587 2
588 1
589 1
590 1
591 1
592 1
593 1
594 1
595 1
596 1
597 1
598 1
599 1
600 1
601 1
602 0
603 1
604 1
605 1
606 1
607 1
608 1
609 0
610 0
611 0
612 1
613 1
614 1
615 1
616 1
617 1
618 1
619 1
620 1
621 1
622 1
623 1
624 1
625 1
626 1
627 1
628 0
629 1
630 0
631 1
632 1
633 1
634 0
635 1
636 1
637 1
638 1
639 1
640 1
641 1
642 0
643 1
644 0
645 0
646 1
647 1
648 1
649 1
650 1
651 1
652 1
653 0
654 1
655 1
656 1
657 1
658 1
659 1
660 1
661 0
662 1
663 1
664 1
665 1
666 1
667 2
668 1
669 1
670 1
671 0
672 1
673 1
674 1
675 1
676 1
677 1
678 0
679 0
680 0
681 1
682 1
683 1
684 1
685 1
686 0
687 1
688 1
689 1
690 1
691 2
692 1
693 1
694 2
695 2
696 1
697 2
698 1
699 1
700 1
701 1
702 1
703 1
704 1
705 1
706 1
707 1
708 0
709 1
710 1
711 1
712 1
713 0
714 1
715 1
716 1
717 2
718 0
719 2
720 1
721 1
722 1
723 1
724 1
725 0
726 2
727 2
728 1
729 1
730 1
731 2
732 1
733 0
734 0
735 1
736 2
737 1
738 1
739 1
740 2
741 2
742 2
743 0
744 0
745 0
746 1
747 0
748 1
749 2
750 2
751 1
752 1
753 0
754 1
755 1
756 2
757 0
758 1
759 1
760 2
761 1
762 0
763 0
764 0
765 0
766 1
767 1
768 0
769 0
770 0
771 0
772 0
773 0
774 0
775 1
776 0
777 0
778 0
779 0
780 1
781 0
782 1
783 0
784 0
785 0
786 1
787 0
788 0
789 0
790 0
791 0
792 0
793 0
794 0
795 0
796 0
797 0
798 0
799 0
800 0
801 0
802 0
803 0
804 0
805 0
806 0
807 0
808 0
809 0
810 0
811 0
812 0
813 0
814 0
815 0
816 0
817 0
818 0
819 0
820 0
821 0
822 0
823 0
824 0
825 0
826 0
827 0
828 0
829 0
830 0
831 0
832 0
833 0
834 0
835 0
836 0
837 0
838 0
839 1
840 0
841 0
842 0
843 0
844 0
845 0
846 0
847 0
848 0
849 0
850 1
851 1
852 1
853 1
854 1
855 1
856 0
857 0
858 0
859 2
860 2
861 0
862 0
863 0
864 1
865 1
866 1
867 3
868 2
869 1
870 3
871 1
872 1
873 1
874 2
875 3
876 1
877 1
878 1
879 0
880 0
881 1
882 1
883 1
884 1
885 1
886 0
887 0
888 0
889 0
890 1
891 1
892 1
893 0
894 1
895 0
896 1
897 1
898 1
899 1
900 0
901 1
902 1
903 1
904 0
905 0
906 1
907 0
908 0
909 1
910 1
911 1
912 0
913 1
914 1
915 1
916 0
917 1
918 1
919 0
920 0
921 1
922 1
923 1
924 1
925 1
926 1
927 0
928 0
929 1
930 1
931 1
932 1
933 1
934 1
935 1
936 0
937 2
938 0
939 0
940 1
941 0
942 2
943 1
944 1
945 1
946 1
947 1
948 0
949 2
950 1
951 1
952 2
953 1
954 0
955 0
956 1
957 1
958 1
959 1
960 1
961 0
962 0
963 0
964 0
965 1
966 0
967 0
968 0
969 0
970 0
971 0
972 0
973 0
974 0
975 1
976 1
977 1
978 1
979 2
980 2
981 1
982 1
983 1
984 2
985 2
986 1
987 1
988 2
989 1
990 1
991 1
992 1
993 1
994 1
995 1
996 1
997 0
998 1
999 1
1000 0
1001 0
1002 2
1003 1
1004 2
1005 1
1006 1
1007 1
1008 0
1009 0
1010 0
1011 0
1012 0
1013 0
1014 0
1015 0
1016 0
1017 0
1018 0
1019 0
1020 0
1021 0
1022 0
1023 0
1024 0
1025 0
1026 0
1027 0
1028 0
1029 0
1030 0
1031 0
1032 0
1033 0
1034 0
1035 0
1036 0
1037 0
1038 0
1039 0
1040 0
1041 0
1042 0
1043 0
1044 0
1045 0
1046 1
1047 1
1048 2
1049 1
1050 1
1051 1
1052 0
1053 2
1054 1
1055 0
1056 0
1057 0
1058 0
1059 0
1060 0
1061 0
1062 0
1063 0
1064 0
1065 0
1066 0
1067 0
1068 0
1069 0
1070 0
1071 0
1072 0
1073 0
1074 0
1075 0
1076 0
1077 0
1078 0
1079 0
1080 0
1081 0
1082 0
1083 0
1084 0
1085 0
1086 0
1087 0
1088 0
1089 0
1090 1
1091 1
1092 0
1093 1
1094 1
1095 1
1096 1
1097 1
1098 1
1099 1
1100 1
1101 1
1102 1
1103 1
1104 1
1105 1
1106 1
1107 1
1108 1
1109 1
1110 1
1111 1
1112 1
1113 1
1114 1
1115 1
1116 1
1117 1
1118 1
1119 1
1120 1
1121 1
1122 1
1123 1
1124 1
1125 1
1126 1
1127 1
1128 1
1129 2
1130 1
1131 1
1132 1
1133 1
1134 1
1135 1
1136 1
1137 1
1138 1
1139 1
1140 1
1141 1
1142 1
1143 1
1144 1
1145 1
1146 1
1147 1
1148 1
1149 0
1150 1
1151 1
1152 1
1153 1
1154 1
1155 1
1156 0
1157 1
1158 0
1159 1
1160 1
1161 1
1162 1
1163 1
1164 1
1165 1
1166 1
1167 2
1168 1
1169 1
1170 1
1171 1
1172 0
1173 1
1174 1
1175 1
1176 3
1177 1
1178 1
1179 1
1180 0
1181 1
1182 1
1183 1
1184 1
1185 1
1186 1
1187 1
1188 1
1189 1
1190 1
1191 1
1192 1
1193 1
1194 1
1195 1
1196 1
1197 1
1198 1
1199 1
1200 0
1201 1
1202 0
1203 0
1204 0
1205 0
1206 0
1207 0
1208 0
1209 0
1210 0
1211 0
1212 0
1213 0
1214 0
1215 0
1216 0
1217 0
1218 0
1219 0
1220 0
1221 0
1222 0
1223 0
1224 0
1225 0
1226 0
1227 0
1228 1
1229 1
1230 1
1231 1
1232 1
1233 1
1234 1
1235 1
1236 1
1237 1
1238 0
1239 1
1240 1
1241 1
1242 1
1243 1
1244 1
1245 1
1246 1
1247 1
1248 1
1249 0
1250 1
1251 1
1252 1
1253 0
1254 1
1255 1
1256 1
1257 1
1258 0
1259 2
1260 1
1261 1
1262 1
1263 1
1264 1
1265 1
1266 1
1267 1
1268 1
1269 1
1270 1
1271 1
1272 1
1273 1
1274 1
1275 1
1276 0
1277 1
1278 1
1279 1
1280 1
1281 1
1282 1
1283 1
1284 1
1285 1
1286 2
1287 2
1288 1
1289 1
1290 2
1291 1
1292 1
1293 0
1294 1
1295 1
1296 2
1297 1
1298 1
1299 1
1300 1
1301 1
1302 1
1303 1
1304 1
1305 1
1306 1
1307 1
1308 1
1309 1
1310 1
1311 1
1312 1
1313 0
1314 0
1315 0
1316 1
1317 0
1318 0
1319 0
1320 0
1321 0
1322 0
1323 0
1324 0
1325 0
1326 0
1327 0
1328 0
1329 0
1330 0
1331 0
1332 0
1333 1
1334 0
1335 1
1336 0
1337 1
1338 1
1339 1
1340 0
1341 4
1342 2
1343 2
1344 0
1345 1
1346 1
1347 1
1348 1
1349 1
1350 1
1351 1
1352 1
1353 1
1354 2
1355 1
1356 1
1357 1
1358 1
1359 1
1360 1
1361 1
1362 1
1363 1
1364 1
1365 1
1366 1
1367 1
1368 1
1369 0
1370 1
1371 1
1372 1
1373 1
1374 1
1375 1
1376 1
1377 0
1378 0
1379 1
1380 0
1381 1
1382 1
1383 0
1384 1
1385 2
1386 0
1387 1
1388 1
1389 0
1390 2
1391 1
1392 1
1393 1
1394 1
1395 1
1396 0
1397 1
1398 1
1399 1
1400 1
1401 0
1402 0
1403 0
1404 0
1405 1
1406 1
1407 2
1408 1
1409 0
1410 1
1411 0
1412 1
1413 1
1414 1
1415 1
1416 1
1417 0
1418 0
1419 1
1420 0
1421 0
1422 0
1423 0
1424 1
1425 1
1426 1
1427 1
1428 1
1429 1
1430 1
1431 1
1432 1
1433 1
1434 0
1435 1
1436 1
1437 0
1438 1
1439 1
1440 0
1441 0
1442 1
1443 1
1444 1
1445 1
1446 1
1447 1
1448 1
1449 2
1450 1
1451 1
1452 1
1453 0
1454 0
1455 1
1456 1
1457 0
1458 1
1459 0
1460 1
1461 1
1462 0
1463 0
1464 0
1465 0
1466 0
1467 0
1468 0
1469 0
1470 0
1471 0
1472 0
1473 0
1474 0
1475 0
1476 0
1477 0
1478 0
1479 0
1480 0
1481 0
1482 0
1483 0
1484 0
1485 0
1486 0
1487 0
1488 0
1489 0
1490 0
1491 0
1492 0
1493 0
1494 0
1495 1
1496 0
1497 0
1498 0
1499 0
1500 0
1501 1
1502 1
1503 1
1504 1
1505 1
1506 1
1507 2
1508 2
1509 2
1510 2
1511 2
1512 2
1513 2
1514 3
1515 2
1516 1
1517 1
1518 1
1519 1
1520 0
1521 2
1522 0
1523 0
1524 0
1525 0
1526 0
1527 0
1528 0
1529 0
1530 0
1531 0
1532 0
1533 0
1534 0
1535 0
1536 0
1537 0
1538 0
1539 0
1540 0
1541 0
1542 0
1543 0
1544 0
1545 0
1546 0
1547 0
1548 0
1549 0
1550 0
1551 0
1552 0
1553 0
1554 0
1555 0
1556 0
1557 0
1558 0
1559 0
1560 0
1561 0
1562 1
1563 0
1564 1
1565 2
1566 1
1567 0
1568 1
1569 0
1570 1
1571 1
1572 1
1573 1
1574 0
1575 0
1576 1
1577 1
1578 1
1579 0
1580 1
1581 3
1582 1
1583 3
1584 3
1585 1
1586 2
1587 2
1588 3
1589 1
1590 2
1591 1
1592 2
1593 2
1594 1
1595 2
1596 1
1597 2
1598 2
1599 1
1600 3
1601 3
1602 2
1603 2
1604 2
1605 2
1606 2
1607 2
1608 1
1609 2
1610 3
1611 1
1612 2
1613 1
1614 1
1615 2
1616 2
1617 2
1618 2
1619 1
1620 2
1621 1
1622 2
1623 3
1624 3
1625 2
1626 3
1627 1
1628 2
1629 2
1630 2
1631 1
1632 2
1633 1
1634 2
1635 1
1636 2
1637 2
1638 2
1639 2
1640 3
1641 2
1642 1
1643 1
1644 2
1645 2
1646 3
1647 1
1648 2
1649 2
1650 1
1651 4
1652 1
1653 1
1654 2
1655 2
1656 1
1657 2
1658 2
1659 2
1660 1
1661 2
1662 2
1663 2
1664 2
1665 1
1666 2
1667 2
1668 2
1669 2
1670 1
1671 1
1672 2
1673 1
1674 1
1675 2
1676 1
1677 2
1678 2
1679 1
1680 2
1681 1
1682 2
1683 3
1684 2
1685 2
1686 0
1687 0
1688 0
1689 0
1690 1
1691 2
1692 1
1693 1
1694 1
1695 1
1696 1
1697 1
1698 0
1699 1
1700 1
1701 0
1702 1
1703 1
1704 1
1705 0
1706 0
1707 0
1708 0
1709 0
1710 0
1711 0
1712 0
1713 0
1714 0
1715 0
1716 0
1717 0
1718 0
1719 0
1720 0
1721 0
1722 0
1723 0
1724 0
1725 0
1726 0
1727 1
1728 0
1729 0
1730 0
1731 0
1732 0
1733 0
1734 0
1735 0
1736 0
1737 0
1738 0
1739 0
1740 0
1741 0
1742 0
1743 0
1744 0
1745 0
1746 0
1747 0
1748 0
1749 1
1750 2
1751 0
1752 1
1753 0
1754 0
1755 0
1756 0
1757 0
1758 0
1759 0
1760 0
1761 0
1762 0
1763 0
1764 0
1765 0
1766 0
1767 0
1768 0
1769 0
1770 0
1771 0
1772 0
1773 0
1774 0
1775 0
1776 0
1777 0
1778 0
1779 0
1780 0
1781 0
1782 0
1783 0
1784 0
1785 0
1786 0
1787 0
1788 0
1789 0
1790 0
1791 0
1792 0
1793 0
1794 0
1795 0
1796 0
1797 0
1798 0
1799 0
1800 0
1801 0
1802 0
1803 0
1804 0
1805 0
1806 0
1807 0
1808 0
1809 0
1810 0
1811 0
1812 0
1813 0
1814 0
1815 1
1816 0
1817 1
1818 0
1819 0
1820 0
1821 0
1822 0
1823 0
1824 0
1825 0
1826 0
1827 0
1828 0
1829 0
1830 0
1831 0
1832 0
1833 0
1834 0
1835 0
1836 0
1837 0
1838 0
1839 0
1840 0
1841 0
1842 0
1843 0
1844 0
1845 0
1846 0
1847 0
1848 0
1849 0
1850 0
1851 0
1852 0
1853 0
1854 1
1855 0
1856 1
1857 0
1858 0
1859 0
1860 0
1861 0
1862 0
1863 0
1864 0
1865 0
1866 1
1867 0
1868 0
1869 0
1870 0
1871 0
1872 0
1873 1
1874 1
1875 1
1876 1
1877 0
1878 1
1879 0
1880 0
1881 0
1882 0
1883 0
1884 0
1885 0
1886 0
1887 0
1888 0
1889 0
1890 0
1891 0
1892 0
1893 0
1894 0
1895 0
1896 0
1897 0
1898 0
1899 0
1900 1
1901 0
1902 0
1903 0
1904 0
1905 0
1906 0
1907 0
1908 0
1909 0
1910 0
1911 0
1912 0
1913 0
1914 0
1915 0
1916 0
1917 0
1918 0
1919 0
1920 0
1921 0
1922 0
1923 0
1924 0
1925 0
1926 0
1927 0
1928 0
1929 0
1930 0
1931 0
1932 0
1933 0
1934 0
1935 0
1936 0
1937 0
1938 0
1939 0
1940 0
1941 0
1942 0
1943 0
1944 0
1945 1
1946 0
1947 0
1948 0
1949 0
1950 0
1951 0
1952 0
1953 0
1954 0
1955 0
1956 0
1957 0
1958 1
1959 1
1960 1
1961 1
1962 1
1963 2
1964 2
1965 1
1966 1
1967 2
1968 1
1969 2
1970 1
1971 2
1972 2
1973 1
1974 1
1975 1
1976 0
1977 0
1978 0
1979 0
1980 0
1981 0
1982 0
1983 0
1984 0
1985 0
1986 0
1987 0
1988 0
1989 0
1990 0
1991 1
1992 0
1993 1
1994 2
1995 0
1996 0
1997 0
1998 0
1999 0
