0 0
1 0
2 1
3 1
4 1
5 1
6 0
7 2
8 0
9 1
10 0
11 1
12 2
13 2
14 0
15 1
16 0
17 1
18 1
19 2
20 1
21 0
22 2
23 1
24 1
25 0
26 1
27 1
28 1
29 0
30 0
31 1
32 1
33 1
34 2
35 1
36 2
37 2
38 1
39 1
40 1
41 1
42 1
43 1
44 1
45 1
46 1
47 0
48 0
49 0
50 0
51 1
52 0
53 2
54 1
55 2
56 2
57 1
58 1
59 1
60 1
61 0
62 0
63 0
64 1
65 2
66 1
67 2
68 1
69 0
70 0
71 0
72 0
73 0
74 3
75 1
76 1
77 1
78 1
79 1
80 2
81 1
82 1
83 2
84 2
85 2
86 1
87 1
88 0
89 0
90 2
91 0
92 1
93 0
94 1
95 1
96 2
97 0
98 0
99 0
100 1
101 2
102 1
103 2
104 1
105 1
106 1
107 0
108 1
109 2
110 0
111 1
112 3
113 2
114 3
115 2
116 1
117 0
118 1
119 2
120 1
121 0
122 2
123 2
124 1
125 2
126 2
127 1
128 2
129 1
130 2
131 1
132 1
133 2
134 2
135 1
136 2
137 1
138 2
139 2
140 2
141 2
142 2
143 2
144 0
145 1
146 0
147 0
148 0
149 0
150 2
151 3
152 2
153 2
154 2
155 2
156 0
157 1
158 1
159 1
160 1
161 0
162 2
163 1
164 0
165 2
166 2
167 1
168 1
169 0
170 1
171 2
172 0
173 2
174 2
175 0
176 2
177 2
178 2
179 3
180 2
181 1
182 0
183 0
184 0
185 2
186 2
187 3
188 2
189 1
190 1
191 1
192 2
193 0
194 2
195 1
196 1
197 2
198 0
199 1
200 0
201 1
202 2
203 0
204 1
205 0
206 0
207 0
208 1
209 2
210 2
211 1
212 1
213 2
214 1
215 2
216 2
217 1
218 1
219 1
220 1
221 1
222 1
223 3
224 2
225 3
226 1
227 2
228 2
229 2
230 1
231 2
232 2
233 3
234 2
235 1
236 2
237 2
238 1
239 2
240 2
241 2
242 1
243 0
244 2
245 0
246 3
247 1
248 0
249 1
250 2
251 1
252 1
253 1
254 0
255 2
256 1
257 2
258 0
259 1
260 1
261 1
262 3
263 1
264 1
265 0
266 1
267 1
268 2
269 2
270 2
271 2
272 1
273 1
274 3
275 2
276 0
277 1
278 2
279 2
280 1
281 0
282 1
283 1
284 1
285 2
286 1
287 1
288 0
289 1
290 1
291 1
292 1
293 2
294 1
295 1
296 1
297 1
298 2
299 2
300 1
301 1
302 2
303 2
304 3
305 0
306 3
307 0
308 2
309 0
310 1
311 1
312 3
313 2
314 0
315 0
316 0
317 1
318 2
319 2
320 1
321 1
322 1
323 1
324 2
325 2
326 2
327 2
328 3
329 0
330 0
331 1
332 0
333 0
334 1
335 0
336 0
337 1
338 1
339 1
340 1
341 1
342 3
343 1
344 2
345 1
346 1
347 0
348 1
349 1
350 1
351 0
352 1
353 1
354 0
355 0
356 0
357 1
358 0
359 0
360 1
361 0
362 0
363 1
364 0
365 1
366 3
367 2
368 0
369 2
370 0
371 1
372 1
373 0
374 2
375 0
376 1
377 1
378 3
379 3
380 2
381 2
382 2
383 2
384 1
385 1
386 0
387 1
388 1
389 1
390 2
391 1
392 1
393 2
394 2
395 3
396 2
397 1
398 2
399 1
400 1
401 1
402 3
403 2
404 2
405 2
406 2
407 1
408 1
409 1
410 0
411 2
412 1
413 1
414 1
415 0
416 0
417 2
418 1
419 1
420 2
421 1
422 1
423 2
424 1
425 2
426 2
427 1
428 1
429 1
430 1
431 1
432 1
433 0
434 0
435 0
436 0
437 1
438 0
439 1
440 0
441 0
442 2
443 1
444 0
445 1
446 1
447 0
448 1
449 1
450 0
451 2
452 0
453 2
454 1
455 1
456 0
457 0
458 0
459 0
460 2
461 1
462 2
463 1
464 0
465 0
466 0
467 1
468 0
469 2
470 2
471 1
472 2
473 3
474 1
475 1
476 2
477 1
478 1
479 1
480 2
481 2
482 1
483 1
484 1
485 1
486 1
487 2
488 1
489 1
490 1
491 1
492 1
493 0
494 1
495 1
496 1
497 0
498 1
499 1
500 0
501 1
502 1
503 1
504 1
505 1
506 2
507 1
508 1
509 2
510 1
511 2
512 1
513 1
514 1
515 1
516 1
517 1
518 1
519 1
520 1
521 1
522 1
523 1
524 1
525 1
526 2
527 1
528 1
529 1
530 1
531 1
532 1
533 0
534 0
535 0
536 0
537 0
538 0
539 0
540 1
541 1
542 0
543 2
544 0
545 0
546 0
547 2
548 1
549 0
550 0
551 1
552 1
553 0
554 0
555 1
556 2
557 1
558 0
559 1
560 0
561 0
562 2
563 0
564 1
565 2
566 0
567 0
568 0
569 0
570 0
571 0
572 0
573 1
574 0
575 0
576 0
577 0
578 0
579 0
580 0
581 1
582 0
583 0
584 1
585 1
586 1
587 0
588 0
589 0
590 0
591 0
592 2
593 1
594 2
595 0
596 2
597 1
598 0
599 0
600 1
601 2
602 1
603 1
604 1
605 2
606 2
607 1
608 1
609 0
610 0
611 0
612 0
613 0
614 1
615 0
616 0
617 0
618 0
619 2
620 1
621 2
622 1
623 0
624 0
625 0
626 0
627 0
628 2
629 0
630 1
631 2
632 1
633 1
634 1
635 0
636 1
637 1
638 2
639 1
640 0
641 1
642 0
643 0
644 1
645 1
646 0
647 0
648 1
649 1
650 1
651 0
652 1
653 1
654 0
655 1
656 1
657 1
658 1
659 1
660 1
661 1
662 1
663 1
664 0
665 1
666 2
667 0
668 0
669 0
670 0
671 0
672 0
673 1
674 1
675 2
676 1
677 1
678 1
679 1
680 0
681 0
682 2
683 0
684 2
685 0
686 1
687 2
688 0
689 0
690 1
691 1
692 1
693 0
694 0
695 0
696 2
697 0
698 1
699 1
700 0
701 1
702 0
703 0
704 0
705 0
706 0
707 0
708 0
709 0
710 0
711 1
712 0
713 0
714 0
715 2
716 1
717 2
718 1
719 1
720 0
721 1
722 2
723 1
724 1
725 0
726 1
727 1
728 0
729 0
730 1
731 1
732 1
733 1
734 1
735 1
736 1
737 0
738 1
739 1
740 1
741 0
742 1
743 1
744 1
745 1
746 1
747 1
748 2
749 1
750 1
751 0
752 2
753 0
754 1
755 2
756 0
757 0
758 2
759 2
760 2
761 1
762 3
763 2
764 0
765 2
766 1
767 1
768 2
769 0
770 1
771 0
772 1
773 0
774 1
775 2
776 1
777 2
778 2
779 4
780 2
781 1
782 2
783 1
784 1
785 0
786 1
787 2
788 0
789 0
790 1
791 0
792 1
793 1
794 1
795 1
796 1
797 1
798 1
799 1
800 2
801 1
802 0
803 0
804 2
805 1
806 2
807 1
808 2
809 0
810 1
811 0
812 1
813 1
814 4
815 1
816 1
817 1
818 3
819 1
820 1
821 2
822 0
823 0
824 1
825 2
826 1
827 0
828 2
829 3
830 1
831 2
832 0
833 2
834 2
835 1
836 1
837 1
838 2
839 2
840 1
841 1
842 2
843 0
844 0
845 1
846 1
847 0
848 1
849 1
850 1
851 1
852 1
853 2
854 0
855 3
856 0
857 0
858 1
859 1
860 1
861 0
862 1
863 1
864 1
865 1
866 1
867 0
868 1
869 2
870 1
871 1
872 1
873 0
874 1
875 0
876 1
877 1
878 0
879 2
880 1
881 1
882 1
883 1
884 1
885 0
886 0
887 1
888 2
889 1
890 1
891 1
892 1
893 2
894 2
895 3
896 0
897 0
898 2
899 2
900 1
901 1
902 1
903 1
904 1
905 1
906 1
907 0
908 1
909 0
910 1
911 1
912 0
913 0
914 1
915 2
916 0
917 0
918 0
919 1
920 1
921 1
922 1
923 0
924 1
925 1
926 0
927 1
928 1
929 0
930 1
931 1
932 1
933 1
934 0
935 1
936 1
937 2
938 1
939 1
940 1
941 1
942 0
943 1
944 1
945 0
946 0
947 1
948 0
949 1
950 1
951 1
952 1
953 0
954 1
955 1
956 0
957 0
958 1
959 1
960 0
961 1
962 1
963 0
964 0
965 0
966 0
967 1
968 1
969 0
970 0
971 0
972 0
973 0
974 0
975 0
976 0
977 0
978 0
979 0
980 0
981 0
982 0
983 0
984 0
985 0
986 0
987 1
988 0
989 1
990 1
991 1
992 1
993 0
994 1
995 1
996 1
997 1
998 1
999 3
1000 1
1001 1
1002 2
1003 1
1004 3
1005 2
1006 1
1007 2
1008 2
1009 1
1010 1
1011 2
1012 1
1013 1
1014 2
1015 2
1016 0
1017 1
1018 2
1019 3
1020 4
1021 1
1022 3
1023 1
1024 2
1025 2
1026 1
1027 2
1028 3
1029 1
1030 2
1031 1
1032 2
1033 2
1034 2
1035 2
1036 1
1037 2
1038 0
1039 3
1040 0
1041 3
1042 2
1043 1
1044 3
1045 0
1046 2
1047 3
1048 3
1049 3
1050 3
1051 0
1052 1
1053 2
1054 1
1055 3
1056 2
1057 1
1058 2
1059 2
1060 0
1061 2
1062 0
1063 2
1064 1
1065 1
1066 0
1067 1
1068 1
1069 1
1070 1
1071 1
1072 1
1073 2
1074 3
1075 2
1076 2
1077 2
1078 1
1079 0
1080 1
1081 1
1082 2
1083 1
1084 1
1085 2
1086 1
1087 3
1088 1
1089 2
1090 2
1091 3
1092 1
1093 2
1094 1
1095 2
1096 2
1097 2
1098 2
1099 1
1100 2
1101 0
1102 2
1103 1
1104 1
1105 3
1106 0
1107 2
1108 1
1109 1
1110 2
1111 3
1112 1
1113 2
1114 4
1115 3
1116 3
1117 1
1118 2
1119 2
1120 2
1121 1
1122 2
1123 2
1124 2
1125 2
1126 2
1127 1
1128 1
1129 1
1130 3
1131 1
1132 2
1133 2
1134 0
1135 1
1136 1
1137 0
1138 2
1139 2
1140 2
1141 0
1142 2
1143 3
1144 1
1145 2
1146 2
1147 2
1148 1
1149 2
1150 2
1151 2
1152 2
1153 1
1154 2
1155 0
1156 2
1157 1
1158 4
1159 1
1160 3
1161 1
1162 2
1163 1
1164 0
1165 1
1166 1
1167 0
1168 3
1169 1
1170 2
1171 0
1172 1
1173 1
1174 4
1175 2
1176 3
1177 1
1178 1
1179 3
1180 2
1181 1
1182 2
1183 1
1184 3
1185 1
1186 2
1187 0
1188 2
1189 3
1190 2
1191 3
1192 0
1193 0
1194 1
1195 3
1196 2
1197 3
1198 2
1199 2
1200 0
1201 0
1202 2
1203 1
1204 3
1205 2
1206 4
1207 2
1208 2
1209 2
1210 1
1211 3
1212 3
1213 3
1214 1
1215 2
1216 2
1217 1
1218 1
1219 1
1220 1
1221 1
1222 0
1223 0
1224 3
1225 3
1226 1
1227 3
1228 3
1229 2
1230 2
1231 2
1232 1
1233 2
1234 2
1235 1
1236 2
1237 2
1238 3
1239 2
1240 1
1241 3
1242 2
1243 3
1244 1
1245 2
1246 3
1247 2
1248 3
1249 3
1250 3
1251 2
1252 3
1253 3
1254 3
1255 3
1256 2
1257 1
1258 4
1259 2
1260 2
1261 3
1262 2
1263 1
1264 2
1265 4
1266 1
1267 2
1268 1
1269 3
1270 3
1271 3
1272 3
1273 2
1274 1
1275 3
1276 3
1277 4
1278 2
1279 2
1280 2
1281 2
1282 3
1283 4
1284 0
1285 2
1286 0
1287 1
1288 3
1289 2
1290 2
1291 3
1292 3
1293 2
1294 3
1295 4
1296 2
1297 1
1298 2
1299 1
1300 2
1301 3
1302 0
1303 3
1304 1
1305 1
1306 4
1307 3
1308 2
1309 3
1310 2
1311 3
1312 2
1313 0
1314 0
1315 1
1316 1
1317 2
1318 0
1319 2
1320 2
1321 2
1322 1
1323 1
1324 1
1325 0
1326 2
1327 2
1328 1
1329 1
1330 2
1331 1
1332 2
1333 1
1334 2
1335 2
1336 2
1337 2
1338 2
1339 2
1340 1
1341 1
1342 1
1343 2
1344 1
1345 3
1346 1
1347 2
1348 2
1349 1
1350 3
1351 0
1352 2
1353 0
1354 3
1355 2
1356 0
1357 2
1358 0
1359 1
1360 2
1361 1
1362 2
1363 3
1364 2
1365 2
1366 1
1367 2
1368 2
1369 1
1370 1
1371 2
1372 3
1373 3
1374 1
1375 0
1376 2
1377 3
1378 1
1379 3
1380 2
1381 3
1382 1
1383 2
1384 3
1385 2
1386 1
1387 1
1388 1
1389 2
1390 1
1391 1
1392 1
1393 1
1394 2
1395 3
1396 1
1397 2
1398 1
1399 1
1400 3
1401 1
1402 2
1403 2
1404 2
1405 2
1406 1
1407 2
1408 2
1409 2
1410 1
1411 0
1412 0
1413 2
1414 2
1415 2
1416 2
1417 1
1418 3
1419 2
1420 0
1421 2
1422 3
1423 3
1424 3
1425 3
1426 2
1427 1
1428 2
1429 3
1430 1
1431 3
1432 4
1433 2
1434 3
1435 1
1436 2
1437 1
1438 1
1439 2
1440 1
1441 2
1442 1
1443 1
1444 1
1445 1
1446 1
1447 2
1448 2
1449 1
1450 3
1451 1
1452 3
1453 2
1454 0
1455 1
1456 3
1457 2
1458 0
1459 1
1460 2
1461 1
1462 1
1463 1
1464 1
1465 0
1466 1
1467 2
1468 2
1469 0
1470 2
1471 2
1472 0
1473 1
1474 2
1475 1
1476 2
1477 2
1478 1
1479 1
1480 2
1481 0
1482 1
1483 0
1484 2
1485 2
1486 1
1487 0
1488 3
1489 1
1490 1
1491 1
1492 2
1493 2
1494 0
1495 0
1496 0
1497 1
1498 0
1499 0
1500 2
1501 2
1502 2
1503 2
1504 2
1505 2
1506 1
1507 1
1508 0
1509 2
1510 1
1511 1
1512 1
1513 0
1514 1
1515 2
1516 1
1517 2
1518 1
1519 2
1520 0
1521 2
1522 1
1523 1
1524 2
1525 2
1526 0
1527 1
1528 0
1529 2
1530 3
1531 2
1532 0
1533 0
1534 3
1535 3
1536 1
1537 2
1538 1
1539 3
1540 0
1541 2
1542 1
1543 2
1544 3
1545 0
1546 3
1547 1
1548 3
1549 3
1550 0
1551 3
1552 2
1553 2
1554 2
1555 0
1556 2
1557 1
1558 4
1559 3
1560 2
1561 3
1562 2
1563 2
1564 0
1565 2
1566 2
1567 2
1568 2
1569 1
1570 2
1571 2
1572 1
1573 3
1574 3
1575 2
1576 4
1577 3
1578 1
1579 1
1580 0
1581 2
1582 2
1583 0
1584 1
1585 1
1586 1
1587 1
1588 2
1589 1
1590 2
1591 3
1592 2
1593 1
1594 0
1595 2
1596 2
1597 2
1598 1
1599 1
1600 1
1601 2
1602 3
1603 0
1604 2
1605 2
1606 2
1607 1
1608 1
1609 2
1610 2
1611 2
1612 3
1613 2
1614 2
1615 1
1616 2
1617 1
1618 2
1619 2
1620 3
1621 2
1622 1
1623 2
1624 1
1625 3
1626 1
1627 2
1628 2
1629 2
1630 2
1631 2
1632 3
1633 1
1634 1
1635 1
1636 1
1637 1
1638 3
1639 2
1640 2
1641 2
1642 2
1643 1
1644 3
1645 1
1646 2
1647 3
1648 2
1649 1
1650 2
1651 1
1652 4
1653 2
1654 3
1655 1
1656 3
1657 2
1658 2
1659 2
1660 2
1661 0
1662 2
1663 0
1664 2
1665 2
1666 2
1667 1
1668 1
1669 2
1670 2
1671 2
1672 1
1673 2
1674 3
1675 2
1676 3
1677 2
1678 0
1679 1
1680 2
1681 2
1682 1
1683 2
1684 1
1685 0
1686 1
1687 2
1688 2
1689 3
1690 2
1691 1
1692 3
1693 1
1694 2
1695 4
1696 0
1697 2
1698 2
1699 1
1700 3
1701 2
1702 3
1703 1
1704 1
1705 2
1706 3
1707 1
1708 2
1709 0
1710 2
1711 3
1712 2
1713 1
1714 2
1715 2
1716 0
1717 2
1718 1
1719 2
1720 2
1721 2
1722 2
1723 1
1724 1
1725 2
1726 1
1727 1
1728 2
1729 1
1730 2
1731 1
1732 1
1733 2
1734 2
1735 2
1736 3
1737 1
1738 1
1739 0
1740 2
1741 1
1742 2
1743 1
1744 2
1745 1
1746 1
1747 2
1748 2
1749 1
1750 3
1751 1
1752 3
1753 2
1754 2
1755 0
1756 1
1757 3
1758 2
1759 2
1760 3
1761 2
1762 3
1763 1
1764 1
1765 2
1766 3
1767 2
1768 3
1769 2
1770 2
1771 2
1772 1
1773 2
1774 3
1775 2
1776 0
1777 1
1778 3
1779 1
1780 3
1781 1
1782 1
1783 3
1784 1
1785 1
1786 2
1787 2
1788 2
1789 3
1790 3
1791 2
1792 3
1793 2
1794 3
1795 1
1796 1
1797 2
1798 3
1799 3
1800 3
1801 2
1802 2
1803 2
1804 1
1805 2
1806 1
1807 2
1808 2
1809 2
1810 1
1811 2
1812 0
1813 2
1814 1
1815 3
1816 4
1817 1
1818 2
1819 1
1820 2
1821 2
1822 0
1823 2
1824 1
1825 0
1826 0
1827 1
1828 3
1829 3
1830 2
1831 1
1832 2
1833 1
1834 2
1835 3
1836 3
1837 2
1838 1
1839 1
1840 2
1841 2
1842 0
1843 2
1844 4
1845 2
1846 0
1847 3
1848 2
1849 3
1850 2
1851 1
1852 1
1853 2
1854 3
1855 2
1856 0
1857 0
1858 1
1859 2
1860 1
1861 3
1862 2
1863 1
1864 3
1865 0
1866 3
1867 2
1868 1
1869 2
1870 1
1871 1
1872 1
1873 0
1874 3
1875 1
1876 2
1877 3
1878 2
1879 1
1880 3
1881 1
1882 1
1883 3
1884 2
1885 0
1886 1
1887 2
1888 1
1889 2
1890 1
1891 1
1892 3
1893 2
1894 1
1895 3
1896 1
1897 1
1898 1
1899 0
1900 1
1901 1
1902 2
1903 0
1904 1
1905 1
1906 0
1907 0
1908 0
1909 0
1910 0
1911 1
1912 2
1913 0
1914 0
1915 1
1916 1
1917 0
1918 1
1919 1
1920 3
1921 1
1922 1
1923 1
1924 2
1925 2
1926 1
1927 2
1928 2
1929 3
1930 2
1931 1
1932 2
1933 3
1934 2
1935 2
1936 2
1937 2
1938 4
1939 3
1940 2
1941 3
1942 2
1943 3
1944 2
1945 2
1946 2
1947 3
1948 2
1949 1
1950 1
1951 2
1952 3
1953 1
1954 3
1955 2
1956 2
1957 1
1958 1
1959 2
1960 3
1961 1
1962 1
1963 0
1964 3
1965 2
1966 2
1967 1
1968 1
1969 2
1970 2
1971 2
1972 1
1973 3
1974 2
1975 2
1976 2
1977 1
1978 2
1979 2
1980 2
1981 3
1982 2
1983 2
1984 2
1985 1
1986 3
1987 2
1988 1
1989 1
1990 0
1991 0
1992 3
1993 3
1994 0
1995 3
1996 2
1997 1
1998 1
1999 2
