0 1
1 0
2 1
3 0
4 2
5 2
6 1
7 0
8 0
9 0
10 0
11 0
12 1
13 0
14 0
15 0
16 0
17 0
18 0
19 0
20 2
21 2
22 1
23 1
24 1
25 0
26 0
27 0
28 0
29 0
30 0
31 2
32 0
33 1
34 1
35 1
36 0
37 1
38 0
39 0
40 0
41 0
42 0
43 0
44 0
45 0
46 0
47 0
48 1
49 2
50 1
51 1
52 1
53 1
54 1
55 1
56 0
57 0
58 0
59 2
60 1
61 0
62 0
63 0
64 1
65 0
66 0
67 0
68 1
69 0
70 0
71 1
72 0
73 0
74 0
75 1
76 0
77 0
78 0
79 0
80 0
81 0
82 0
83 0
84 0
85 0
86 0
87 0
88 0
89 0
90 0
91 0
92 0
93 0
94 0
95 0
96 0
97 0
98 0
99 0
100 1
101 0
102 0
103 0
104 1
105 0
106 0
107 0
108 0
109 0
110 0
111 0
112 0
113 0
114 0
115 0
116 0
117 0
118 0
119 0
120 0
121 1
122 0
123 0
124 0
125 0
126 1
127 0
128 0
129 0
130 1
131 0
132 0
133 0
134 0
135 0
136 0
137 0
138 0
139 0
140 0
141 0
142 0
143 0
144 1
145 0
146 0
147 1
148 1
149 1
150 0
151 0
152 0
153 1
154 1
155 0
156 0
157 0
158 0
159 0
160 0
161 1
162 0
163 0
164 0
165 0
166 0
167 0
168 0
169 0
170 1
171 0
172 1
173 0
174 0
175 0
176 1
177 0
178 0
179 1
180 1
181 1
182 1
183 1
184 0
185 1
186 0
187 0
188 1
189 0
190 0
191 0
192 0
193 0
194 0
195 0
196 0
197 0
198 0
199 0
200 0
201 0
202 0
203 1
204 0
205 0
206 1
207 0
208 0
209 0
210 0
211 0
212 1
213 1
214 1
215 0
216 0
217 1
218 0
219 1
220 1
221 2
222 1
223 1
224 1
225 1
226 1
227 1
228 0
229 0
230 0
231 0
232 0
233 1
234 0
235 0
236 1
237 0
238 1
239 1
240 0
241 0
242 1
243 1
244 0
245 0
246 0
247 0
248 0
249 0
250 0
251 0
252 1
253 0
254 1
255 0
256 0
257 1
258 0
259 0
260 0
261 0
262 0
263 0
264 0
265 0
266 1
267 0
268 0
269 0
270 0
271 0
272 0
273 1
274 0
275 0
276 0
277 0
278 0
279 0
280 1
281 0
282 1
283 0
284 0
285 0
286 1
287 0
288 1
289 0
290 1
291 0
292 0
293 0
294 0
295 1
296 0
297 0
298 0
299 0
300 1
301 1
302 0
303 0
304 0
305 0
306 0
307 0
308 1
309 1
310 1
311 0
312 0
313 1
314 1
315 0
316 0
317 1
318 0
319 0
320 0
321 0
322 0
323 0
324 0
325 0
326 0
327 0
328 0
329 1
330 1
331 0
332 0
333 0
334 0
335 0
336 0
337 0
338 0
339 0
340 0
341 0
342 0
343 0
344 1
345 1
346 0
347 0
348 0
349 0
350 0
351 0
352 0
353 1
354 0
355 0
356 0
357 0
358 0
359 0
360 0
361 0
362 0
363 0
364 0
365 0
366 0
367 0
368 0
369 0
370 0
371 1
372 2
373 0
374 0
375 0
376 0
377 0
378 0
379 1
380 0
381 0
382 0
383 0
384 0
385 0
386 0
387 1
388 0
389 0
390 0
391 1
392 0
393 0
394 0
395 1
396 0
397 0
398 0
399 1
400 0
401 0
402 0
403 0
404 0
405 0
406 0
407 0
408 0
409 0
410 0
411 0
412 0
413 0
414 0
415 0
416 0
417 1
418 0
419 0
420 0
421 0
422 1
423 0
424 1
425 0
426 0
427 0
428 0
429 0
430 0
431 0
432 0
433 0
434 0
435 1
436 0
437 1
438 0
439 1
440 0
441 0
442 0
443 0
444 1
445 0
446 0
447 0
448 0
449 0
450 0
451 0
452 1
453 0
454 1
455 0
456 0
457 0
458 0
459 0
460 0
461 0
462 0
463 0
464 0
465 0
466 0
467 1
468 1
469 1
470 2
471 1
472 2
473 1
474 1
475 0
476 1
477 0
478 1
479 0
480 0
481 0
482 0
483 0
484 0
485 0
486 0
487 0
488 0
489 0
490 1
491 1
492 1
493 0
494 1
495 1
496 1
497 0
498 0
499 0
500 2
501 0
502 0
503 0
504 0
505 0
506 0
507 0
508 0
509 2
510 0
511 0
512 0
513 0
514 0
515 0
516 0
517 1
518 0
519 0
520 0
521 0
522 0
523 0
524 0
525 0
526 0
527 0
528 0
529 0
530 1
531 0
532 0
533 0
534 0
535 0
536 0
537 0
538 0
539 0
540 1
541 1
542 0
543 0
544 0
545 0
546 0
547 0
548 0
549 0
550 0
551 0
552 0
553 0
554 0
555 0
556 0
557 0
558 0
559 0
560 0
561 0
562 0
563 0
564 0
565 0
566 1
567 0
568 0
569 0
570 0
571 0
572 0
573 0
574 0
575 0
576 0
577 0
578 0
579 0
580 0
581 0
582 0
583 0
584 0
585 0
586 0
587 0
588 0
589 0
590 0
591 0
592 0
593 0
594 0
595 0
596 0
597 0
598 0
599 0
600 0
601 0
602 0
603 1
604 0
605 0
606 0
607 0
608 0
609 0
610 0
611 0
612 0
613 0
614 0
615 0
616 0
617 0
618 0
619 0
620 0
621 0
622 0
623 0
624 0
625 0
626 0
627 0
628 0
629 0
630 0
631 2
632 0
633 1
634 0
635 0
636 0
637 0
638 0
639 0
640 0
641 0
642 0
643 0
644 0
645 0
646 0
647 0
648 0
649 0
650 0
651 0
652 0
653 0
654 0
655 0
656 0
657 0
658 0
659 0
660 0
661 0
662 0
663 0
664 0
665 0
666 1
667 0
668 0
669 0
670 0
671 0
672 0
673 0
674 0
675 0
676 0
677 0
678 0
679 0
680 0
681 0
682 0
683 0
684 0
685 0
686 0
687 0
688 0
689 1
690 0
691 0
692 0
693 0
694 0
695 0
696 0
697 0
698 0
699 0
700 1
701 0
702 1
703 0
704 0
705 0
706 0
707 0
708 0
709 0
710 0
711 0
712 0
713 0
714 0
715 0
716 0
717 0
718 1
719 0
720 0
721 1
722 0
723 0
724 1
725 0
726 0
727 0
728 1
729 0
730 0
731 0
732 0
733 0
734 0
735 0
736 0
737 0
738 1
739 0
740 0
741 0
742 0
743 0
744 0
745 0
746 0
747 0
748 0
749 0
750 0
751 0
752 0
753 0
754 0
755 0
756 0
757 0
758 0
759 0
760 0
761 0
762 0
763 0
764 0
765 0
766 0
767 0
768 0
769 0
770 0
771 0
772 0
773 0
774 0
775 0
776 0
777 0
778 0
779 0
780 0
781 0
782 0
783 0
784 0
785 1
786 0
787 0
788 0
789 0
790 0
791 0
792 0
793 0
794 1
795 1
796 1
797 0
798 0
799 0
800 0
801 0
802 0
803 0
804 0
805 0
806 0
807 0
808 0
809 0
810 0
811 2
812 1
813 0
814 0
815 2
816 1
817 0
818 0
819 1
820 1
821 1
822 2
823 1
824 1
825 2
826 2
827 1
828 0
829 1
830 2
831 1
832 1
833 1
834 1
835 1
836 1
837 2
838 1
839 1
840 0
841 1
842 2
843 1
844 0
845 2
846 1
847 1
848 1
849 1
850 1
851 0
852 0
853 1
854 0
855 0
856 1
857 0
858 1
859 0
860 0
861 0
862 0
863 0
864 0
865 0
866 1
867 0
868 0
869 2
870 1
871 0
872 0
873 1
874 0
875 0
876 0
877 0
878 0
879 0
880 0
881 0
882 0
883 0
884 1
885 0
886 0
887 1
888 0
889 0
890 0
891 1
892 0
893 2
894 0
895 0
896 0
897 1
898 0
899 1
900 0
901 0
902 0
903 1
904 0
905 1
906 0
907 0
908 0
909 1
910 0
911 0
912 0
913 0
914 0
915 0
916 0
917 0
918 0
919 0
920 0
921 0
922 0
923 0
924 0
925 0
926 0
927 0
928 0
929 0
930 1
931 0
932 0
933 0
934 1
935 0
936 0
937 0
938 0
939 0
940 1
941 0
942 0
943 0
944 2
945 0
946 1
947 0
948 0
949 0
950 1
951 0
952 1
953 0
954 0
955 0
956 0
957 1
958 1
959 0
960 0
961 0
962 0
963 0
964 0
965 1
966 0
967 0
968 1
969 0
970 0
971 0
972 0
973 0
974 0
975 1
976 0
977 2
978 1
979 0
980 0
981 0
982 1
983 0
984 0
985 1
986 1
987 0
988 1
989 2
990 0
991 0
992 0
993 1
994 0
995 1
996 0
997 1
998 1
999 1
1000 0
1001 1
1002 1
1003 0
1004 1
1005 0
1006 1
1007 2
1008 1
1009 1
1010 1
1011 1
1012 1
1013 1
1014 0
1015 1
1016 0
1017 1
1018 0
1019 1
1020 1
1021 1
1022 0
1023 1
1024 1
1025 1
1026 0
1027 0
1028 1
1029 1
1030 0
1031 2
1032 2
1033 2
1034 0
1035 0
1036 1
1037 1
1038 0
1039 1
1040 0
1041 0
1042 1
1043 1
1044 1
1045 1
1046 0
1047 0
1048 1
1049 1
1050 1
1051 1
1052 1
1053 2
1054 1
1055 1
1056 1
1057 2
1058 0
1059 0
1060 1
1061 2
1062 1
1063 0
1064 1
1065 1
1066 1
1067 1
1068 1
1069 0
1070 1
1071 1
1072 1
1073 1
1074 1
1075 2
1076 0
1077 1
1078 1
1079 0
1080 1
1081 1
1082 1
1083 2
1084 1
1085 1
1086 1
1087 1
1088 1
1089 1
1090 1
1091 1
1092 0
1093 1
1094 1
1095 1
1096 1
1097 2
1098 0
1099 1
1100 1
1101 1
1102 2
1103 0
1104 1
1105 1
1106 0
1107 1
1108 1
1109 1
1110 1
1111 0
1112 1
1113 1
1114 0
1115 0
1116 0
1117 0
1118 1
1119 1
1120 1
1121 1
1122 1
1123 2
1124 1
1125 2
1126 2
1127 1
1128 2
1129 2
1130 1
1131 1
1132 0
1133 0
1134 1
1135 2
1136 1
1137 1
1138 2
1139 1
1140 1
1141 1
1142 0
1143 0
1144 1
1145 1
1146 1
1147 1
1148 0
1149 1
1150 1
1151 0
1152 1
1153 1
1154 1
1155 1
1156 1
1157 1
1158 3
1159 1
1160 1
1161 1
1162 1
1163 0
1164 1
1165 1
1166 2
1167 1
1168 1
1169 1
1170 1
1171 1
1172 1
1173 1
1174 1
1175 1
1176 1
1177 1
1178 1
1179 1
1180 1
1181 0
1182 1
1183 2
1184 1
1185 1
1186 1
1187 2
1188 1
1189 0
1190 1
1191 1
1192 1
1193 1
1194 1
1195 1
1196 1
1197 1
1198 1
1199 1
1200 1
1201 0
1202 0
1203 1
1204 1
1205 1
1206 1
1207 0
1208 1
1209 0
1210 1
1211 1
1212 1
1213 1
1214 1
1215 0
1216 1
1217 1
1218 1
1219 1
1220 2
1221 1
1222 2
1223 1
1224 1
1225 0
1226 1
1227 0
1228 1
1229 1
1230 1
1231 0
1232 1
1233 0
1234 1
1235 1
1236 0
1237 1
1238 1
1239 1
1240 2
1241 1
1242 2
1243 1
1244 1
1245 1
1246 1
1247 1
1248 1
1249 1
1250 1
1251 1
1252 1
1253 1
1254 1
1255 1
1256 1
1257 1
1258 1
1259 1
1260 1
1261 0
1262 0
1263 1
1264 0
1265 1
1266 1
1267 0
1268 1
1269 1
1270 1
1271 1
1272 1
1273 0
1274 1
1275 1
1276 1
1277 1
1278 1
1279 1
1280 1
1281 1
1282 0
1283 1
1284 1
1285 1
1286 1
1287 0
1288 1
1289 1
1290 1
1291 1
1292 1
1293 1
1294 0
1295 1
1296 0
1297 0
1298 0
1299 1
1300 1
1301 1
1302 1
1303 1
1304 2
1305 0
1306 2
1307 1
1308 2
1309 0
1310 1
1311 1
1312 2
1313 1
1314 1
1315 2
1316 1
1317 1
1318 0
1319 1
1320 2
1321 1
1322 1
1323 1
1324 1
1325 1
1326 1
1327 1
1328 1
1329 0
1330 1
1331 0
1332 1
1333 1
1334 2
1335 1
1336 0
1337 2
1338 1
1339 1
1340 1
1341 2
1342 1
1343 1
1344 2
1345 1
1346 1
1347 1
1348 1
1349 2
1350 1
1351 1
1352 1
1353 1
1354 1
1355 1
1356 1
1357 1
1358 1
1359 0
1360 1
1361 1
1362 2
1363 1
1364 1
1365 0
1366 1
1367 1
1368 1
1369 2
1370 1
1371 1
1372 1
1373 2
1374 1
1375 1
1376 2
1377 2
1378 2
1379 1
1380 0
1381 0
1382 0
1383 1
1384 1
1385 1
1386 1
1387 1
1388 0
1389 1
1390 1
1391 2
1392 0
1393 0
1394 2
1395 2
1396 1
1397 1
1398 1
1399 0
1400 0
1401 1
1402 1
1403 1
1404 1
1405 1
1406 3
1407 1
1408 2
1409 2
1410 1
1411 0
1412 1
1413 1
1414 0
1415 1
1416 1
1417 0
1418 0
1419 1
1420 3
1421 1
1422 1
1423 0
1424 1
1425 1
1426 1
1427 0
1428 0
1429 1
1430 0
1431 1
1432 1
1433 1
1434 1
1435 1
1436 1
1437 0
1438 0
1439 1
1440 1
1441 0
1442 0
1443 0
1444 1
1445 1
1446 1
1447 0
1448 2
1449 1
1450 1
1451 2
1452 1
1453 2
1454 0
1455 2
1456 1
1457 0
1458 1
1459 0
1460 1
1461 0
1462 1
1463 0
1464 1
1465 2
1466 0
1467 1
1468 1
1469 1
1470 1
1471 0
1472 1
1473 0
1474 1
1475 1
1476 2
1477 0
1478 0
1479 1
1480 1
1481 1
1482 1
1483 1
1484 1
1485 0
1486 2
1487 1
1488 1
1489 0
1490 1
1491 1
1492 0
1493 1
1494 2
1495 1
1496 1
1497 1
1498 1
1499 1
1500 1
1501 1
1502 1
1503 0
1504 1
1505 1
1506 2
1507 1
1508 0
1509 2
1510 1
1511 1
1512 1
1513 1
1514 0
1515 1
1516 2
1517 2
1518 1
1519 1
1520 1
1521 2
1522 1
1523 1
1524 0
1525 1
1526 1
1527 1
1528 1
1529 0
1530 1
1531 0
1532 1
1533 0
1534 0
1535 1
1536 1
1537 1
1538 1
1539 1
1540 1
1541 2
1542 1
1543 1
1544 0
1545 1
1546 1
1547 1
1548 1
1549 2
1550 0
1551 1
1552 1
1553 0
1554 1
1555 1
1556 1
1557 2
1558 2
1559 0
1560 1
1561 2
1562 2
1563 2
1564 0
1565 0
1566 1
1567 1
1568 0
1569 0
1570 0
1571 1
1572 2
1573 1
1574 1
1575 0
1576 1
1577 0
1578 2
1579 1
1580 1
1581 0
1582 1
1583 0
1584 1
1585 1
1586 2
1587 0
1588 0
1589 1
1590 0
1591 1
1592 0
1593 0
1594 1
1595 1
1596 0
1597 2
1598 0
1599 1
1600 1
1601 0
1602 2
1603 0
1604 1
1605 1
1606 0
1607 2
1608 1
1609 1
1610 0
1611 0
1612 0
1613 0
1614 1
1615 1
1616 1
1617 1
1618 0
1619 1
1620 3
1621 1
1622 1
1623 1
1624 1
1625 1
1626 0
1627 0
1628 1
1629 1
1630 1
1631 1
1632 1
1633 1
1634 0
1635 1
1636 1
1637 1
1638 1
1639 1
1640 1
1641 1
1642 1
1643 2
1644 1
1645 1
1646 1
1647 1
1648 1
1649 0
1650 1
1651 1
1652 1
1653 1
1654 1
1655 1
1656 0
1657 1
1658 0
1659 0
1660 0
1661 1
1662 0
1663 0
1664 1
1665 1
1666 1
1667 0
1668 2
1669 1
1670 0
1671 1
1672 0
1673 0
1674 1
1675 0
1676 1
1677 0
1678 1
1679 2
1680 0
1681 1
1682 1
1683 0
1684 1
1685 1
1686 1
1687 1
1688 1
1689 0
1690 1
1691 1
1692 1
1693 0
1694 2
1695 0
1696 0
1697 1
1698 0
1699 0
1700 0
1701 1
1702 1
1703 0
1704 1
1705 0
1706 1
1707 0
1708 0
1709 0
1710 1
1711 2
1712 0
1713 0
1714 0
1715 1
1716 2
1717 0
1718 0
1719 1
1720 1
1721 0
1722 1
1723 1
1724 0
1725 2
1726 1
1727 0
1728 1
1729 1
1730 0
1731 1
1732 0
1733 1
1734 1
1735 2
1736 1
1737 2
1738 1
1739 1
1740 1
1741 2
1742 0
1743 1
1744 1
1745 1
1746 0
1747 1
1748 1
1749 1
1750 0
1751 1
1752 1
1753 0
1754 1
1755 0
1756 0
1757 0
1758 0
1759 1
1760 1
1761 0
1762 0
1763 1
1764 0
1765 0
1766 0
1767 1
1768 2
1769 1
1770 1
1771 1
1772 1
1773 0
1774 0
1775 0
1776 0
1777 1
1778 1
1779 1
1780 1
1781 0
1782 1
1783 1
1784 0
1785 0
1786 2
1787 0
1788 0
1789 1
1790 1
1791 0
1792 1
1793 2
1794 2
1795 1
1796 1
1797 0
1798 1
1799 1
1800 1
1801 0
1802 1
1803 1
1804 1
1805 1
1806 1
1807 0
1808 1
1809 1
1810 1
1811 1
1812 1
1813 1
1814 1
1815 2
1816 3
1817 0
1818 1
1819 0
1820 1
1821 1
1822 2
1823 0
1824 0
1825 0
1826 0
1827 1
1828 1
1829 1
1830 2
1831 1
1832 0
1833 1
1834 1
1835 0
1836 1
1837 1
1838 1
1839 1
1840 1
1841 1
1842 0
1843 2
1844 0
1845 1
1846 1
1847 1
1848 1
1849 1
1850 1
1851 0
1852 0
1853 1
1854 1
1855 1
1856 0
1857 0
1858 1
1859 1
1860 0
1861 1
1862 0
1863 1
1864 1
1865 0
1866 0
1867 1
1868 2
1869 2
1870 2
1871 1
1872 1
1873 0
1874 1
1875 1
1876 0
1877 1
1878 2
1879 0
1880 0
1881 1
1882 0
1883 0
1884 1
1885 0
1886 1
1887 1
1888 1
1889 0
1890 0
1891 0
1892 1
1893 1
1894 0
1895 1
1896 1
1897 1
1898 0
1899 1
1900 1
1901 0
1902 1
1903 0
1904 1
1905 1
1906 0
1907 1
1908 1
1909 1
1910 1
1911 2
1912 0
1913 1
1914 0
1915 1
1916 1
1917 0
1918 1
1919 0
1920 1
1921 1
1922 1
1923 0
1924 1
1925 1
1926 1
1927 2
1928 1
1929 1
1930 0
1931 0
1932 1
1933 1
1934 1
1935 1
1936 1
1937 2
1938 1
1939 0
1940 1
1941 1
1942 0
1943 1
1944 1
1945 2
1946 1
1947 1
1948 1
1949 1
1950 1
1951 2
1952 2
1953 1
1954 1
1955 0
1956 1
1957 1
1958 0
1959 0
1960 2
1961 1
1962 2
1963 1
1964 1
1965 1
1966 1
1967 2
1968 0
1969 0
1970 1
1971 0
1972 1
1973 1
1974 2
1975 1
1976 0
1977 1
1978 1
1979 1
1980 2
1981 1
1982 1
1983 1
1984 0
1985 0
1986 2
1987 0
1988 1
1989 1
1990 0
1991 0
1992 1
1993 0
1994 0
1995 1
1996 1
1997 1
1998 0
1999 1
