0 0
1 0
2 0
3 0
4 0
5 0
6 0
7 0
8 0
9 0
10 0
11 0
12 0
13 0
14 0
15 0
16 0
17 0
18 0
19 0
20 0
21 0
22 0
23 0
24 0
25 0
26 0
27 1
28 0
29 1
30 1
31 1
32 0
33 0
34 0
35 0
36 0
37 0
38 0
39 0
40 0
41 2
42 0
43 0
44 0
45 0
46 0
47 0
48 0
49 0
50 0
51 0
52 0
53 0
54 0
55 0
56 0
57 0
58 0
59 0
60 0
61 0
62 0
63 0
64 0
65 0
66 0
67 0
68 0
69 0
70 0
71 0
72 0
73 0
74 0
75 0
76 1
77 0
78 0
79 0
80 0
81 1
82 1
83 1
84 0
85 0
86 0
87 0
88 1
89 0
90 0
91 0
92 0
93 0
94 0
95 0
96 1
97 0
98 1
99 0
100 0
101 0
102 1
103 0
104 1
105 1
106 1
107 1
108 0
109 1
110 1
111 1
112 1
113 0
114 1
115 0
116 0
117 0
118 1
119 2
120 0
121 0
122 1
123 0
124 0
125 1
126 1
127 1
128 1
129 1
130 1
131 1
132 1
133 1
134 1
135 0
136 1
137 1
138 1
139 1
140 1
141 2
142 1
143 2
144 1
145 1
146 1
147 1
148 0
149 1
150 1
151 1
152 0
153 2
154 1
155 0
156 0
157 1
158 0
159 1
160 0
161 0
162 0
163 0
164 1
165 0
166 1
167 2
168 0
169 0
170 1
171 0
172 1
173 0
174 1
175 1
176 1
177 1
178 1
179 1
180 0
181 0
182 0
183 0
184 0
185 1
186 1
187 1
188 0
189 0
190 1
191 1
192 1
193 1
194 1
195 1
196 1
197 0
198 0
199 1
200 1
201 1
202 1
203 1
204 1
205 0
206 1
207 1
208 1
209 0
210 0
211 0
212 0
213 1
214 1
215 1
216 0
217 0
218 1
219 1
220 1
221 1
222 0
223 1
224 0
225 1
226 1
227 0
228 1
229 0
230 0
231 1
232 0
233 1
234 1
235 1
236 0
237 1
238 2
239 1
240 1
241 0
242 1
243 0
244 0
245 0
246 1
247 1
248 1
249 0
250 0
251 1
252 0
253 1
254 1
255 0
256 0
257 1
258 0
259 0
260 1
261 0
262 1
263 0
264 0
265 0
266 1
267 0
268 1
269 1
270 0
271 0
272 0
273 1
274 2
275 1
276 1
277 0
278 0
279 0
280 1
281 1
282 1
283 1
284 1
285 0
286 0
287 1
288 2
289 1
290 1
291 1
292 0
293 0
294 0
295 1
296 1
297 1
298 0
299 0
300 0
301 0
302 0
303 1
304 1
305 0
306 0
307 0
308 0
309 1
310 0
311 0
312 1
313 0
314 1
315 1
316 1
317 1
318 0
319 0
320 1
321 1
322 1
323 1
324 0
325 0
326 0
327 0
328 1
329 0
330 1
331 0
332 0
333 0
334 0
335 0
336 0
337 0
338 0
339 0
340 1
341 0
342 0
343 0
344 0
345 1
346 0
347 0
348 0
349 0
350 0
351 0
352 0
353 0
354 0
355 1
356 0
357 0
358 0
359 0
360 1
361 0
362 0
363 0
364 1
365 0
366 0
367 0
368 0
369 0
370 0
371 0
372 0
373 0
374 0
375 0
376 0
377 0
378 0
379 0
380 0
381 0
382 0
383 0
384 0
385 0
386 2
387 1
388 1
389 0
390 1
391 1
392 0
393 0
394 1
395 2
396 1
397 0
398 0
399 1
400 0
401 0
402 0
403 0
404 1
405 0
406 1
407 0
408 0
409 1
410 2
411 0
412 1
413 1
414 1
415 0
416 1
417 1
418 2
419 1
420 0
421 0
422 2
423 2
424 0
425 1
426 1
427 1
428 0
429 1
430 1
431 1
432 0
433 0
434 1
435 1
436 0
437 1
438 1
439 1
440 0
441 0
442 0
443 2
444 2
445 2
446 0
447 1
448 0
449 0
450 0
451 2
452 0
453 1
454 1
455 1
456 0
457 0
458 0
459 1
460 1
461 0
462 0
463 0
464 0
465 0
466 1
467 0
468 1
469 0
470 0
471 0
472 0
473 0
474 1
475 0
476 0
477 0
478 0
479 0
480 0
481 1
482 0
483 1
484 1
485 1
486 0
487 1
488 1
489 0
490 0
491 1
492 0
493 1
494 1
495 1
496 0
497 0
498 1
499 0
500 1
501 0
502 0
503 0
504 1
505 0
506 0
507 0
508 0
509 2
510 0
511 1
512 0
513 1
514 1
515 0
516 0
517 0
518 0
519 1
520 1
521 0
522 1
523 1
524 1
525 0
526 1
527 1
528 0
529 0
530 0
531 1
532 0
533 0
534 0
535 1
536 0
537 0
538 0
539 0
540 0
541 1
542 0
543 0
544 1
545 0
546 0
547 0
548 0
549 0
550 0
551 1
552 0
553 0
554 0
555 1
556 1
557 0
558 0
559 1
560 1
561 0
562 1
563 0
564 1
565 1
566 0
567 0
568 0
569 0
570 0
571 1
572 0
573 1
574 1
575 1
576 1
577 1
578 1
579 1
580 0
581 0
582 1
583 0
584 0
585 1
586 0
587 1
588 0
589 1
590 0
591 0
592 0
593 0
594 1
595 0
596 0
597 1
598 0
599 0
600 0
601 1
602 1
603 0
604 0
605 0
606 0
607 0
608 0
609 0
610 0
611 0
612 1
613 1
614 0
615 0
616 1
617 0
618 0
619 1
620 1
621 1
622 1
623 0
624 1
625 0
626 0
627 0
628 0
629 0
630 0
631 0
632 0
633 0
634 1
635 0
636 0
637 0
638 1
639 1
640 1
641 1
642 0
643 0
644 0
645 0
646 0
647 0
648 0
649 0
650 1
651 0
652 0
653 0
654 1
655 0
656 1
657 0
658 0
659 1
660 0
661 0
662 0
663 1
664 1
665 1
666 1
667 0
668 0
669 1
670 1
671 0
672 2
673 0
674 1
675 1
676 0
677 0
678 0
679 0
680 0
681 0
682 0
683 0
684 1
685 1
686 0
687 0
688 1
689 0
690 1
691 1
692 0
693 0
694 0
695 1
696 1
697 1
698 1
699 0
700 0
701 0
702 0
703 0
704 0
705 0
706 0
707 0
708 0
709 0
710 0
711 0
712 1
713 1
714 1
715 0
716 0
717 0
718 0
719 0
720 1
721 1
722 1
723 1
724 0
725 0
726 0
727 0
728 0
729 0
730 0
731 0
732 1
733 0
734 0
735 0
736 0
737 0
738 0
739 0
740 0
741 0
742 0
743 1
744 0
745 0
746 2
747 1
748 0
749 0
750 1
751 1
752 0
753 0
754 1
755 0
756 1
757 1
758 1
759 1
760 0
761 0
762 1
763 1
764 0
765 1
766 0
767 1
768 1
769 0
770 1
771 1
772 0
773 1
774 0
775 2
776 1
777 1
778 2
779 0
780 1
781 1
782 0
783 0
784 0
785 2
786 0
787 0
788 0
789 0
790 0
791 0
792 1
793 0
794 0
795 0
796 0
797 0
798 0
799 0
800 0
801 0
802 0
803 0
804 0
805 0
806 0
807 1
808 0
809 0
810 1
811 2
812 0
813 0
814 0
815 0
816 1
817 0
818 1
819 1
820 1
821 0
822 0
823 2
824 0
825 0
826 2
827 1
828 0
829 0
830 0
831 1
832 2
833 0
834 0
835 0
836 0
837 0
838 0
839 0
840 0
841 0
842 0
843 0
844 0
845 0
846 0
847 0
848 0
849 0
850 1
851 0
852 0
853 0
854 0
855 0
856 1
857 2
858 1
859 0
860 1
861 0
862 2
863 1
864 0
865 0
866 0
867 1
868 0
869 0
870 2
871 0
872 0
873 1
874 1
875 1
876 2
877 0
878 1
879 0
880 1
881 1
882 0
883 0
884 1
885 1
886 0
887 2
888 1
889 0
890 0
891 0
892 1
893 0
894 0
895 0
896 0
897 0
898 0
899 0
900 1
901 0
902 0
903 0
904 0
905 0
906 0
907 0
908 0
909 0
910 1
911 1
912 0
913 1
914 1
915 0
916 0
917 1
918 0
919 1
920 0
921 0
922 0
923 0
924 0
925 0
926 0
927 1
928 0
929 0
930 0
931 0
932 0
933 0
934 0
935 0
936 0
937 0
938 0
939 1
940 0
941 0
942 0
943 0
944 0
945 0
946 0
947 0
948 0
949 0
950 1
951 1
952 2
953 1
954 1
955 0
956 0
957 0
958 0
959 1
960 1
961 0
962 1
963 1
964 1
965 1
966 1
967 2
968 1
969 1
970 0
971 0
972 1
973 2
974 1
975 1
976 0
977 1
978 1
979 1
980 0
981 1
982 0
983 0
984 1
985 0
986 0
987 1
988 1
989 2
990 1
991 1
992 1
993 0
994 1
995 1
996 1
997 1
998 1
999 1
1000 0
1001 2
1002 0
1003 0
1004 0
1005 2
1006 1
1007 1
1008 1
1009 0
1010 1
1011 0
1012 0
1013 1
1014 1
1015 0
1016 1
1017 0
1018 0
1019 1
1020 0
1021 1
1022 0
1023 0
1024 1
1025 0
1026 0
1027 0
1028 0
1029 0
1030 0
1031 0
1032 0
1033 0
1034 1
1035 0
1036 2
1037 0
1038 0
1039 0
1040 0
1041 0
1042 0
1043 0
1044 0
1045 1
1046 1
1047 0
1048 1
1049 0
1050 0
1051 1
1052 0
1053 0
1054 1
1055 1
1056 1
1057 0
1058 1
1059 1
1060 1
1061 1
1062 0
1063 1
1064 0
1065 1
1066 1
1067 1
1068 0
1069 1
1070 0
1071 1
1072 0
1073 0
1074 1
1075 1
1076 0
1077 0
1078 0
1079 0
1080 1
1081 0
1082 1
1083 1
1084 1
1085 1
1086 1
1087 1
1088 1
1089 1
1090 0
1091 1
1092 1
1093 1
1094 0
1095 0
1096 0
1097 1
1098 0
1099 0
1100 2
1101 2
1102 0
1103 0
1104 1
1105 0
1106 1
1107 1
1108 1
1109 1
1110 1
1111 0
1112 1
1113 1
1114 1
1115 1
1116 0
1117 0
1118 1
1119 1
1120 0
1121 1
1122 0
1123 1
1124 1
1125 1
1126 0
1127 0
1128 0
1129 2
1130 0
1131 0
1132 1
1133 0
1134 0
1135 1
1136 1
1137 2
1138 0
1139 1
1140 0
1141 1
1142 1
1143 0
1144 1
1145 1
1146 1
1147 1
1148 1
1149 2
1150 0
1151 0
1152 1
1153 1
1154 2
1155 1
1156 1
1157 0
1158 1
1159 1
1160 1
1161 1
1162 1
1163 1
1164 0
1165 0
1166 2
1167 1
1168 1
1169 1
1170 1
1171 1
1172 0
1173 1
1174 0
1175 0
1176 0
1177 0
1178 1
1179 1
1180 0
1181 0
1182 1
1183 2
1184 0
1185 0
1186 0
1187 0
1188 0
1189 0
1190 1
1191 0
1192 0
1193 1
1194 1
1195 0
1196 1
1197 1
1198 0
1199 1
1200 1
1201 1
1202 0
1203 0
1204 0
1205 1
1206 1
1207 0
1208 1
1209 0
1210 1
1211 0
1212 0
1213 1
1214 0
1215 0
1216 0
1217 0
1218 0
1219 0
1220 0
1221 0
1222 1
1223 0
1224 1
1225 1
1226 1
1227 1
1228 1
1229 0
1230 1
1231 0
1232 0
1233 1
1234 0
1235 0
1236 1
1237 1
1238 0
1239 1
1240 2
1241 1
1242 1
1243 1
1244 1
1245 0
1246 1
1247 1
1248 0
1249 0
1250 1
1251 2
1252 1
1253 1
1254 0
1255 1
1256 1
1257 0
1258 0
1259 1
1260 0
1261 1
1262 0
1263 1
1264 0
1265 1
1266 0
1267 0
1268 1
1269 0
1270 0
1271 0
1272 1
1273 1
1274 1
1275 0
1276 1
1277 1
1278 0
1279 1
1280 0
1281 1
1282 1
1283 0
1284 0
1285 1
1286 1
1287 1
1288 1
1289 0
1290 0
1291 1
1292 0
1293 0
1294 1
1295 0
1296 0
1297 1
1298 0
1299 1
1300 1
1301 0
1302 1
1303 1
1304 1
1305 1
1306 0
1307 0
1308 1
1309 1
1310 1
1311 1
1312 1
1313 1
1314 1
1315 0
1316 0
1317 1
1318 2
1319 2
1320 1
1321 0
1322 1
1323 0
1324 0
1325 1
1326 0
1327 1
1328 1
1329 1
1330 0
1331 0
1332 0
1333 0
1334 0
1335 0
1336 0
1337 1
1338 1
1339 1
1340 0
1341 0
1342 0
1343 0
1344 0
1345 0
1346 1
1347 0
1348 0
1349 0
1350 1
1351 0
1352 0
1353 1
1354 1
1355 1
1356 0
1357 1
1358 0
1359 0
1360 1
1361 2
1362 1
1363 1
1364 1
1365 1
1366 0
1367 0
1368 0
1369 1
1370 0
1371 0
1372 1
1373 1
1374 1
1375 1
1376 1
1377 0
1378 1
1379 0
1380 0
1381 0
1382 0
1383 1
1384 0
1385 1
1386 1
1387 0
1388 1
1389 1
1390 1
1391 0
1392 1
1393 0
1394 1
1395 0
1396 1
1397 0
1398 0
1399 1
1400 1
1401 1
1402 1
1403 1
1404 1
1405 1
1406 0
1407 1
1408 0
1409 0
1410 0
1411 0
1412 1
1413 1
1414 0
1415 0
1416 1
1417 0
1418 0
1419 1
1420 1
1421 0
1422 1
1423 1
1424 1
1425 1
1426 1
1427 0
1428 0
1429 1
1430 1
1431 0
1432 0
1433 0
1434 0
1435 1
1436 0
1437 0
1438 0
1439 0
1440 0
1441 0
1442 0
1443 0
1444 0
1445 0
1446 1
1447 0
1448 0
1449 0
1450 0
1451 1
1452 0
1453 1
1454 1
1455 1
1456 0
1457 1
1458 0
1459 0
1460 1
1461 1
1462 0
1463 0
1464 1
1465 0
1466 0
1467 1
1468 1
1469 1
1470 0
1471 1
1472 0
1473 0
1474 1
1475 1
1476 1
1477 1
1478 0
1479 1
1480 0
1481 0
1482 1
1483 1
1484 1
1485 1
1486 0
1487 2
1488 1
1489 1
1490 0
1491 0
1492 1
1493 1
1494 1
1495 1
1496 2
1497 0
1498 0
1499 0
1500 0
1501 0
1502 1
1503 0
1504 1
1505 1
1506 1
1507 0
1508 0
1509 0
1510 1
1511 1
1512 1
1513 0
1514 0
1515 0
1516 1
1517 2
1518 1
1519 1
1520 0
1521 1
1522 1
1523 0
1524 0
1525 1
1526 0
1527 1
1528 1
1529 2
1530 1
1531 1
1532 0
1533 0
1534 1
1535 1
1536 0
1537 1
1538 0
1539 1
1540 1
1541 1
1542 1
1543 1
1544 0
1545 0
1546 1
1547 0
1548 0
1549 0
1550 1
1551 1
1552 0
1553 1
1554 1
1555 2
1556 0
1557 1
1558 0
1559 2
1560 0
1561 0
1562 0
1563 0
1564 1
1565 0
1566 1
1567 1
1568 1
1569 1
1570 1
1571 0
1572 1
1573 1
1574 1
1575 1
1576 0
1577 0
1578 1
1579 1
1580 2
1581 0
1582 0
1583 0
1584 1
1585 1
1586 0
1587 1
1588 1
1589 0
1590 1
1591 0
1592 1
1593 1
1594 2
1595 1
1596 0
1597 0
1598 0
1599 0
1600 1
1601 0
1602 1
1603 1
1604 1
1605 1
1606 1
1607 0
1608 1
1609 1
1610 2
1611 1
1612 1
1613 0
1614 0
1615 0
1616 0
1617 0
1618 1
1619 2
1620 1
1621 0
1622 0
1623 1
1624 0
1625 0
1626 0
1627 1
1628 0
1629 0
1630 1
1631 0
1632 0
1633 0
1634 1
1635 1
1636 1
1637 0
1638 1
1639 1
1640 0
1641 0
1642 1
1643 0
1644 0
1645 0
1646 1
1647 1
1648 1
1649 1
1650 0
1651 0
1652 0
1653 0
1654 0
1655 0
1656 1
1657 0
1658 0
1659 0
1660 0
1661 0
1662 0
1663 1
1664 1
1665 1
1666 1
1667 0
1668 1
1669 1
1670 0
1671 0
1672 0
1673 1
1674 1
1675 0
1676 0
1677 1
1678 1
1679 0
1680 1
1681 1
1682 0
1683 1
1684 1
1685 0
1686 1
1687 1
1688 0
1689 0
1690 0
1691 0
1692 1
1693 0
1694 0
1695 1
1696 0
1697 1
1698 1
1699 1
1700 1
1701 1
1702 0
1703 0
1704 1
1705 0
1706 0
1707 1
1708 0
1709 1
1710 1
1711 0
1712 0
1713 0
1714 0
1715 1
1716 1
1717 1
1718 0
1719 1
1720 1
1721 0
1722 1
1723 1
1724 1
1725 0
1726 0
1727 1
1728 0
1729 0
1730 0
1731 0
1732 1
1733 1
1734 0
1735 0
1736 1
1737 0
1738 0
1739 1
1740 0
1741 0
1742 2
1743 0
1744 1
1745 0
1746 1
1747 1
1748 0
1749 1
1750 0
1751 0
1752 1
1753 1
1754 0
1755 0
1756 1
1757 1
1758 1
1759 0
1760 1
1761 0
1762 0
1763 2
1764 1
1765 0
1766 0
1767 0
1768 0
1769 0
1770 1
1771 0
1772 0
1773 0
1774 0
1775 1
1776 1
1777 1
1778 1
1779 0
1780 0
1781 1
1782 0
1783 0
1784 1
1785 1
1786 1
1787 0
1788 1
1789 1
1790 1
1791 1
1792 1
1793 1
1794 1
1795 0
1796 1
1797 1
1798 2
1799 1
1800 1
1801 1
1802 1
1803 1
1804 0
1805 1
1806 1
1807 0
1808 1
1809 0
1810 2
1811 0
1812 0
1813 1
1814 3
1815 1
1816 0
1817 1
1818 0
1819 1
1820 0
1821 0
1822 1
1823 1
1824 1
1825 0
1826 1
1827 1
1828 1
1829 1
1830 1
1831 0
1832 0
1833 0
1834 0
1835 0
1836 1
1837 1
1838 1
1839 1
1840 1
1841 1
1842 1
1843 0
1844 1
1845 1
1846 1
1847 1
1848 1
1849 0
1850 0
1851 0
1852 1
1853 0
1854 0
1855 0
1856 1
1857 0
1858 0
1859 1
1860 0
1861 0
1862 0
1863 0
1864 0
1865 1
1866 0
1867 0
1868 0
1869 1
1870 0
1871 0
1872 0
1873 1
1874 2
1875 0
1876 0
1877 0
1878 0
1879 0
1880 1
1881 0
1882 1
1883 0
1884 0
1885 0
1886 0
1887 0
1888 0
1889 1
1890 0
1891 1
1892 1
1893 1
1894 0
1895 1
1896 1
1897 0
1898 0
1899 1
1900 1
1901 0
1902 1
1903 2
1904 0
1905 0
1906 0
1907 0
1908 1
1909 1
1910 1
1911 1
1912 1
1913 0
1914 2
1915 1
1916 0
1917 0
1918 1
1919 0
1920 1
1921 1
1922 1
1923 0
1924 0
1925 0
1926 0
1927 0
1928 0
1929 0
1930 1
1931 0
1932 0
1933 0
1934 0
1935 0
1936 0
1937 0
1938 0
1939 0
1940 1
1941 0
1942 0
1943 1
1944 1
1945 1
1946 2
1947 2
1948 1
1949 0
1950 0
1951 1
1952 1
1953 0
1954 1
1955 0
1956 1
1957 0
1958 1
1959 1
1960 1
1961 0
1962 1
1963 1
1964 0
1965 0
1966 1
1967 1
1968 1
1969 0
1970 2
1971 0
1972 1
1973 1
1974 1
1975 1
1976 1
1977 1
1978 1
1979 1
1980 1
1981 0
1982 1
1983 0
1984 0
1985 1
1986 1
1987 1
1988 0
1989 0
1990 1
1991 1
1992 1
1993 1
1994 0
1995 1
1996 0
1997 1
1998 0
1999 1
