0 0
1 0
2 0
3 0
4 0
5 0
6 0
7 0
8 0
9 0
10 0
11 0
12 0
13 0
14 0
15 0
16 0
17 0
18 0
19 0
20 0
21 0
22 0
23 0
24 0
25 0
26 0
27 0
28 0
29 0
30 0
31 0
32 0
33 0
34 0
35 0
36 0
37 0
38 0
39 0
40 0
41 0
42 0
43 0
44 0
45 0
46 0
47 0
48 0
49 0
50 0
51 0
52 0
53 0
54 0
55 0
56 0
57 0
58 0
59 0
60 0
61 0
62 0
63 0
64 0
65 0
66 0
67 0
68 0
69 0
70 0
71 0
72 0
73 0
74 0
75 0
76 0
77 0
78 0
79 0
80 0
81 0
82 0
83 0
84 0
85 0
86 0
87 0
88 0
89 1
90 0
91 0
92 0
93 0
94 0
95 0
96 0
97 0
98 0
99 0
100 0
101 0
102 0
103 0
104 0
105 0
106 0
107 0
108 0
109 0
110 0
111 0
112 0
113 0
114 0
115 0
116 0
117 0
118 0
119 0
120 0
121 0
122 0
123 0
124 0
125 0
126 0
127 0
128 0
129 0
130 0
131 0
132 0
133 0
134 0
135 0
136 0
137 0
138 0
139 0
140 0
141 0
142 0
143 0
144 0
145 0
146 0
147 0
148 0
149 0
150 0
151 0
152 0
153 0
154 0
155 0
156 0
157 0
158 0
159 0
160 0
161 0
162 0
163 0
164 0
165 0
166 0
167 0
168 0
169 0
170 0
171 0
172 0
173 0
174 0
175 0
176 0
177 0
178 0
179 0
180 0
181 0
182 0
183 0
184 0
185 0
186 0
187 0
188 0
189 0
190 0
191 0
192 0
193 0
194 0
195 0
196 0
197 0
198 0
199 0
200 0
201 0
202 0
203 0
204 0
205 0
206 0
207 0
208 0
209 0
210 0
211 0
212 0
213 0
214 0
215 0
216 0
217 0
218 0
219 0
220 0
221 0
222 0
223 0
224 0
225 0
226 0
227 0
228 0
229 0
230 0
231 0
232 0
233 0
234 0
235 0
236 0
237 0
238 0
239 0
240 0
241 0
242 0
243 0
244 0
245 0
246 0
247 0
248 0
249 0
250 0
251 0
252 0
253 0
254 0
255 0
256 0
257 0
258 0
259 0
260 0
261 0
262 0
263 0
264 0
265 0
266 0
267 0
268 0
269 0
270 0
271 0
272 0
273 0
274 0
275 0
276 0
277 0
278 0
279 0
280 0
281 0
282 0
283 0
284 0
285 0
286 0
287 0
288 0
289 0
290 0
291 0
292 0
293 0
294 0
295 0
296 0
297 0
298 0
299 0
300 0
301 0
302 0
303 0
304 0
305 0
306 0
307 0
308 0
309 0
310 0
311 0
312 0
313 0
314 0
315 0
316 0
317 0
318 0
319 0
320 0
321 0
322 0
323 0
324 0
325 0
326 0
327 0
328 0
329 0
330 0
331 0
332 0
333 0
334 0
335 0
336 0
337 0
338 0
339 0
340 0
341 0
342 0
343 0
344 0
345 0
346 0
347 0
348 0
349 0
350 0
351 0
352 0
353 0
354 0
355 0
356 0
357 0
358 0
359 0
360 0
361 0
362 0
363 0
364 0
365 0
366 0
367 0
368 0
369 0
370 0
371 0
372 0
373 0
374 0
375 0
376 0
377 0
378 0
379 0
380 0
381 0
382 0
383 0
384 0
385 0
386 0
387 0
388 0
389 0
390 0
391 0
392 0
393 0
394 0
395 0
396 0
397 0
398 0
399 0
400 0
401 0
402 0
403 0
404 0
405 0
406 0
407 0
408 0
409 0
410 0
411 0
412 0
413 0
414 0
415 0
416 0
417 0
418 0
419 0
420 0
421 0
422 0
423 0
424 0
425 0
426 0
427 1
428 0
429 2
430 0
431 0
432 0
433 0
434 0
435 0
436 0
437 0
438 0
439 0
440 0
441 0
442 0
443 0
444 0
445 0
446 0
447 0
448 0
449 0
450 0
451 0
452 0
453 0
454 0
455 0
456 0
457 0
458 0
459 0
460 0
461 0
462 0
463 0
464 0
465 0
466 0
467 0
468 0
469 0
470 0
471 0
472 0
473 0
474 0
475 0
476 0
477 0
478 0
479 0
480 0
481 0
482 0
483 0
484 0
485 0
486 0
487 0
488 0
489 0
490 0
491 0
492 0
493 0
494 0
495 0
496 0
497 0
498 0
499 0
500 0
501 0
502 0
503 0
504 0
505 0
506 0
507 0
508 0
509 0
510 0
511 0
512 0
513 0
514 0
515 0
516 0
517 0
518 0
519 0
520 0
521 0
522 0
523 0
524 0
525 0
526 0
527 0
528 0
529 0
530 0
531 0
532 0
533 0
534 0
535 0
536 0
537 0
538 0
539 0
540 0
541 0
542 0
543 0
544 0
545 0
546 0
547 0
548 1
549 0
550 1
551 0
552 1
553 1
554 0
555 1
556 0
557 0
558 0
559 0
560 1
561 1
562 1
563 0
564 1
565 0
566 1
567 1
568 1
569 2
570 1
571 1
572 1
573 1
574 0
575 1
576 0
577 0
578 0
579 0
580 1
581 0
582 2
583 1
584 0
585 1
586 0
587 1
588 0
589 0
590 1
591 1
592 1
593 2
594 1
595 1
596 0
597 1
598 1
599 0
600 1
601 0
602 0
603 2
604 0
605 1
606 0
607 0
608 0
609 0
610 0
611 1
612 0
613 0
614 0
615 3
616 1
617 2
618 1
619 0
620 1
621 0
622 0
623 0
624 1
625 0
626 0
627 1
628 1
629 0
630 1
631 1
632 1
633 1
634 1
635 0
636 1
637 0
638 0
639 0
640 0
641 0
642 0
643 0
644 1
645 0
646 0
647 0
648 0
649 0
650 0
651 0
652 0
653 0
654 0
655 0
656 0
657 0
658 0
659 1
660 0
661 0
662 0
663 0
664 0
665 0
666 0
667 0
668 2
669 1
670 1
671 1
672 1
673 0
674 0
675 1
676 0
677 2
678 1
679 1
680 2
681 2
682 1
683 0
684 1
685 2
686 0
687 1
688 1
689 1
690 1
691 0
692 0
693 1
694 0
695 0
696 0
697 0
698 1
699 0
700 0
701 0
702 0
703 0
704 0
705 0
706 0
707 0
708 0
709 0
710 0
711 0
712 0
713 0
714 0
715 0
716 0
717 0
718 0
719 0
720 0
721 0
722 0
723 1
724 1
725 1
726 0
727 0
728 1
729 0
730 0
731 0
732 0
733 0
734 0
735 0
736 0
737 1
738 0
739 1
740 0
741 1
742 1
743 1
744 1
745 1
746 1
747 1
748 1
749 1
750 0
751 1
752 1
753 1
754 1
755 1
756 1
757 1
758 1
759 2
760 0
761 1
762 1
763 0
764 1
765 1
766 1
767 1
768 1
769 1
770 1
771 1
772 1
773 1
774 1
775 1
776 1
777 1
778 1
779 1
780 1
781 1
782 0
783 1
784 1
785 0
786 0
787 1
788 0
789 1
790 0
791 0
792 0
793 0
794 0
795 0
796 0
797 0
798 0
799 0
800 0
801 0
802 0
803 0
804 1
805 0
806 1
807 1
808 0
809 0
810 0
811 0
812 0
813 0
814 0
815 0
816 0
817 0
818 0
819 0
820 0
821 0
822 0
823 0
824 0
825 0
826 0
827 0
828 1
829 0
830 0
831 1
832 0
833 1
834 2
835 0
836 1
837 1
838 2
839 1
840 1
841 1
842 0
843 2
844 1
845 0
846 0
847 1
848 1
849 1
850 1
851 0
852 1
853 2
854 0
855 1
856 1
857 1
858 1
859 3
860 2
861 1
862 0
863 1
864 1
865 1
866 0
867 0
868 0
869 1
870 1
871 2
872 1
873 1
874 1
875 0
876 0
877 0
878 0
879 0
880 0
881 0
882 0
883 0
884 0
885 0
886 0
887 1
888 0
889 0
890 0
891 0
892 0
893 0
894 2
895 2
896 2
897 2
898 2
899 1
900 1
901 2
902 0
903 0
904 0
905 0
906 0
907 0
908 0
909 0
910 0
911 0
912 0
913 0
914 0
915 0
916 0
917 0
918 0
919 0
920 1
921 0
922 0
923 0
924 0
925 0
926 0
927 0
928 0
929 0
930 1
931 1
932 0
933 1
934 1
935 1
936 1
937 0
938 1
939 1
940 1
941 4
942 1
943 2
944 1
945 1
946 1
947 1
948 1
949 1
950 1
951 2
952 1
953 1
954 1
955 1
956 1
957 1
958 1
959 1
960 1
961 1
962 1
963 0
964 1
965 2
966 0
967 1
968 1
969 0
970 0
971 0
972 0
973 0
974 0
975 0
976 0
977 0
978 0
979 0
980 0
981 0
982 0
983 0
984 0
985 0
986 0
987 0
988 0
989 0
990 1
991 0
992 1
993 2
994 1
995 1
996 1
997 1
998 1
999 1
1000 1
1001 1
1002 1
1003 2
1004 1
1005 1
1006 0
1007 0
1008 0
1009 0
1010 0
1011 0
1012 0
1013 0
1014 0
1015 0
1016 0
1017 0
1018 1
1019 0
1020 0
1021 0
1022 0
1023 1
1024 0
1025 0
1026 0
1027 2
1028 1
1029 1
1030 0
1031 2
1032 0
1033 1
1034 0
1035 0
1036 1
1037 0
1038 0
1039 0
1040 0
1041 1
1042 0
1043 1
1044 0
1045 1
1046 1
1047 1
1048 1
1049 0
1050 0
1051 0
1052 1
1053 1
1054 1
1055 1
1056 0
1057 1
1058 0
1059 0
1060 0
1061 1
1062 1
1063 1
1064 0
1065 1
1066 1
1067 0
1068 0
1069 1
1070 0
1071 0
1072 1
1073 0
1074 1
1075 0
1076 1
1077 1
1078 1
1079 0
1080 0
1081 0
1082 0
1083 0
1084 0
1085 0
1086 0
1087 0
1088 0
1089 1
1090 1
1091 1
1092 2
1093 0
1094 2
1095 0
1096 0
1097 1
1098 0
1099 0
1100 1
1101 0
1102 0
1103 0
1104 0
1105 1
1106 1
1107 0
1108 0
1109 0
1110 0
1111 1
1112 0
1113 1
1114 1
1115 1
1116 1
1117 1
1118 1
1119 1
1120 0
1121 0
1122 1
1123 0
1124 0
1125 1
1126 1
1127 1
1128 0
1129 1
1130 1
1131 1
1132 1
1133 2
1134 0
1135 0
1136 1
1137 2
1138 1
1139 1
1140 1
1141 0
1142 1
1143 1
1144 1
1145 1
1146 0
1147 0
1148 0
1149 1
1150 0
1151 1
1152 1
1153 0
1154 1
1155 0
1156 1
1157 1
1158 1
1159 1
1160 1
1161 1
1162 1
1163 1
1164 1
1165 1
1166 1
1167 0
1168 1
1169 1
1170 1
1171 1
1172 1
1173 1
1174 1
1175 0
1176 1
1177 0
1178 1
1179 1
1180 1
1181 1
1182 1
1183 1
1184 0
1185 1
1186 1
1187 0
1188 2
1189 1
1190 1
1191 1
1192 0
1193 2
1194 1
1195 2
1196 0
1197 1
1198 1
1199 2
1200 1
1201 1
1202 0
1203 0
1204 1
1205 1
1206 1
1207 1
1208 1
1209 2
1210 1
1211 1
1212 0
1213 1
1214 1
1215 1
1216 1
1217 0
1218 1
1219 1
1220 1
1221 1
1222 1
1223 1
1224 0
1225 1
1226 1
1227 1
1228 1
1229 1
1230 1
1231 0
1232 1
1233 1
1234 1
1235 1
1236 1
1237 1
1238 1
1239 1
1240 1
1241 1
1242 1
1243 1
1244 1
1245 1
1246 1
1247 1
1248 0
1249 1
1250 0
1251 1
1252 1
1253 1
1254 1
1255 1
1256 1
1257 1
1258 0
1259 1
1260 1
1261 1
1262 1
1263 1
1264 1
1265 1
1266 1
1267 1
1268 0
1269 0
1270 1
1271 0
1272 1
1273 1
1274 0
1275 1
1276 1
1277 1
1278 1
1279 0
1280 2
1281 0
1282 2
1283 1
1284 0
1285 0
1286 0
1287 0
1288 0
1289 0
1290 0
1291 0
1292 0
1293 1
1294 0
1295 1
1296 1
1297 0
1298 0
1299 0
1300 1
1301 0
1302 0
1303 0
1304 0
1305 0
1306 0
1307 0
1308 0
1309 0
1310 0
1311 0
1312 0
1313 0
1314 0
1315 0
1316 0
1317 0
1318 0
1319 1
1320 0
1321 0
1322 0
1323 1
1324 0
1325 0
1326 0
1327 0
1328 0
1329 0
1330 0
1331 0
1332 0
1333 0
1334 0
1335 0
1336 0
1337 0
1338 0
1339 0
1340 0
1341 1
1342 1
1343 0
1344 0
1345 0
1346 0
1347 0
1348 0
1349 0
1350 0
1351 0
1352 0
1353 0
1354 0
1355 0
1356 0
1357 0
1358 0
1359 0
1360 0
1361 0
1362 0
1363 0
1364 0
1365 0
1366 1
1367 0
1368 0
1369 0
1370 0
1371 0
1372 0
1373 0
1374 0
1375 0
1376 0
1377 0
1378 0
1379 0
1380 0
1381 0
1382 0
1383 0
1384 0
1385 0
1386 0
1387 0
1388 1
1389 0
1390 0
1391 0
1392 0
1393 0
1394 0
1395 0
1396 0
1397 0
1398 0
1399 0
1400 0
1401 0
1402 0
1403 0
1404 0
1405 0
1406 0
1407 0
1408 0
1409 0
1410 0
1411 0
1412 0
1413 0
1414 0
1415 1
1416 0
1417 0
1418 0
1419 0
1420 0
1421 0
1422 0
1423 0
1424 0
1425 0
1426 0
1427 0
1428 0
1429 0
1430 0
1431 0
1432 0
1433 0
1434 0
1435 0
1436 0
1437 0
1438 0
1439 0
1440 0
1441 0
1442 0
1443 1
1444 0
1445 0
1446 0
1447 0
1448 0
1449 0
1450 0
1451 0
1452 0
1453 0
1454 0
1455 0
1456 0
1457 0
1458 0
1459 0
1460 0
1461 0
1462 0
1463 0
1464 0
1465 0
1466 0
1467 0
1468 0
1469 1
1470 0
1471 0
1472 1
1473 1
1474 0
1475 0
1476 1
1477 0
1478 1
1479 0
1480 1
1481 0
1482 0
1483 1
1484 0
1485 1
1486 1
1487 0
1488 1
1489 0
1490 0
1491 1
1492 1
1493 1
1494 0
1495 0
1496 0
1497 0
1498 1
1499 0
1500 1
1501 0
1502 1
1503 0
1504 1
1505 0
1506 1
1507 0
1508 1
1509 0
1510 0
1511 1
1512 0
1513 0
1514 0
1515 0
1516 1
1517 0
1518 0
1519 0
1520 0
1521 0
1522 0
1523 0
1524 1
1525 1
1526 1
1527 0
1528 0
1529 1
1530 1
1531 0
1532 0
1533 0
1534 0
1535 0
1536 0
1537 1
1538 0
1539 1
1540 0
1541 0
1542 0
1543 0
1544 0
1545 0
1546 1
1547 0
1548 0
1549 0
1550 0
1551 0
1552 0
1553 1
1554 1
1555 0
1556 0
1557 0
1558 1
1559 0
1560 0
1561 0
1562 0
1563 1
1564 1
1565 1
1566 0
1567 0
1568 0
1569 1
1570 1
1571 0
1572 1
1573 0
1574 1
1575 0
1576 1
1577 1
1578 1
1579 1
1580 0
1581 0
1582 0
1583 0
1584 0
1585 0
1586 0
1587 0
1588 0
1589 0
1590 0
1591 0
1592 0
1593 0
1594 0
1595 0
1596 0
1597 0
1598 0
1599 0
1600 0
1601 0
1602 0
1603 0
1604 0
1605 0
1606 0
1607 0
1608 0
1609 0
1610 0
1611 0
1612 0
1613 0
1614 0
1615 1
1616 1
1617 1
1618 1
1619 0
1620 2
1621 2
1622 1
1623 1
1624 1
1625 1
1626 1
1627 1
1628 0
1629 0
1630 0
1631 1
1632 0
1633 1
1634 1
1635 1
1636 1
1637 1
1638 2
1639 1
1640 1
1641 2
1642 1
1643 2
1644 1
1645 2
1646 1
1647 1
1648 1
1649 0
1650 0
1651 1
1652 1
1653 1
1654 2
1655 1
1656 1
1657 1
1658 1
1659 1
1660 1
1661 1
1662 1
1663 1
1664 0
1665 2
1666 1
1667 1
1668 1
1669 2
1670 1
1671 0
1672 1
1673 1
1674 0
1675 1
1676 1
1677 1
1678 1
1679 0
1680 1
1681 2
1682 2
1683 2
1684 1
1685 0
1686 1
1687 0
1688 1
1689 1
1690 0
1691 1
1692 1
1693 1
1694 1
1695 1
1696 0
1697 1
1698 1
1699 1
1700 1
1701 1
1702 1
1703 1
1704 1
1705 0
1706 1
1707 1
1708 0
1709 2
1710 1
1711 0
1712 1
1713 1
1714 2
1715 2
1716 2
1717 2
1718 1
1719 2
1720 1
1721 1
1722 0
1723 1
1724 1
1725 1
1726 1
1727 0
1728 1
1729 1
1730 2
1731 1
1732 1
1733 0
1734 1
1735 0
1736 1
1737 1
1738 0
1739 2
1740 1
1741 1
1742 1
1743 1
1744 1
1745 1
1746 1
1747 1
1748 1
1749 0
1750 2
1751 1
1752 1
1753 1
1754 1
1755 1
1756 0
1757 1
1758 0
1759 1
1760 1
1761 1
1762 2
1763 1
1764 2
1765 1
1766 1
1767 1
1768 1
1769 0
1770 1
1771 1
1772 1
1773 1
1774 2
1775 1
1776 3
1777 1
1778 1
1779 2
1780 1
1781 1
1782 1
1783 0
1784 1
1785 1
1786 1
1787 1
1788 0
1789 1
1790 1
1791 0
1792 1
1793 1
1794 0
1795 1
1796 0
1797 1
1798 1
1799 1
1800 1
1801 1
1802 1
1803 1
1804 1
1805 1
1806 1
1807 1
1808 1
1809 1
1810 1
1811 1
1812 1
1813 1
1814 0
1815 1
1816 1
1817 1
1818 1
1819 1
1820 0
1821 1
1822 1
1823 0
1824 1
1825 2
1826 1
1827 2
1828 1
1829 1
1830 0
1831 1
1832 1
1833 1
1834 0
1835 1
1836 2
1837 1
1838 0
1839 1
1840 1
1841 1
1842 1
1843 1
1844 1
1845 1
1846 1
1847 0
1848 1
1849 1
1850 0
1851 0
1852 1
1853 1
1854 1
1855 1
1856 1
1857 2
1858 1
1859 1
1860 0
1861 1
1862 2
1863 1
1864 2
1865 1
1866 1
1867 1
1868 1
1869 2
1870 1
1871 1
1872 1
1873 1
1874 1
1875 1
1876 1
1877 1
1878 1
1879 1
1880 1
1881 1
1882 1
1883 0
1884 1
1885 1
1886 1
1887 1
1888 0
1889 1
1890 1
1891 1
1892 1
1893 1
1894 0
1895 1
1896 1
1897 0
1898 1
1899 1
1900 1
1901 0
1902 2
1903 0
1904 1
1905 0
1906 2
1907 1
1908 2
1909 2
1910 1
1911 1
1912 1
1913 1
1914 1
1915 1
1916 0
1917 1
1918 1
1919 2
1920 1
1921 1
1922 1
1923 2
1924 1
1925 1
1926 1
1927 0
1928 1
1929 2
1930 0
1931 1
1932 0
1933 0
1934 0
1935 0
1936 1
1937 1
1938 1
1939 1
1940 0
1941 0
1942 1
1943 1
1944 1
1945 1
1946 1
1947 1
1948 1
1949 1
1950 0
1951 1
1952 1
1953 1
1954 0
1955 1
1956 1
1957 1
1958 1
1959 1
1960 1
1961 1
1962 0
1963 2
1964 1
1965 0
1966 1
1967 1
1968 1
1969 0
1970 1
1971 1
1972 1
1973 0
1974 0
1975 0
1976 0
1977 0
1978 0
1979 0
1980 1
1981 0
1982 0
1983 0
1984 0
1985 0
1986 0
1987 0
1988 1
1989 0
1990 0
1991 0
1992 0
1993 1
1994 0
1995 0
1996 0
1997 0
1998 0
1999 0
