0 2
1 3
2 2
3 2
4 1
5 2
6 1
7 2
8 1
9 2
10 1
11 2
12 1
13 2
14 2
15 2
16 1
17 2
18 1
19 2
20 1
21 0
22 1
23 1
24 2
25 1
26 1
27 1
28 2
29 2
30 2
31 3
32 2
33 2
34 2
35 0
36 1
37 0
38 2
39 0
40 0
41 0
42 1
43 1
44 1
45 1
46 0
47 2
48 1
49 1
50 1
51 0
52 1
53 1
54 1
55 0
56 2
57 1
58 0
59 0
60 1
61 0
62 1
63 1
64 0
65 1
66 0
67 0
68 2
69 1
70 0
71 1
72 1
73 1
74 2
75 0
76 2
77 1
78 1
79 0
80 0
81 1
82 1
83 2
84 1
85 3
86 2
87 0
88 1
89 1
90 1
91 3
92 0
93 1
94 1
95 1
96 2
97 1
98 0
99 1
100 1
101 2
102 2
103 1
104 1
105 1
106 3
107 2
108 0
109 2
110 0
111 1
112 2
113 1
114 0
115 0
116 1
117 0
118 1
119 0
120 0
121 0
122 1
123 0
124 1
125 2
126 2
127 0
128 1
129 0
130 0
131 1
132 2
133 1
134 1
135 1
136 2
137 1
138 0
139 1
140 0
141 0
142 1
143 1
144 2
145 1
146 0
147 0
148 0
149 0
150 0
151 0
152 0
153 0
154 0
155 0
156 0
157 1
158 0
159 1
160 2
161 0
162 3
163 0
164 0
165 2
166 1
167 1
168 1
169 0
170 1
171 1
172 1
173 0
174 1
175 0
176 0
177 1
178 1
179 2
180 2
181 0
182 2
183 2
184 0
185 2
186 1
187 1
188 1
189 0
190 2
191 1
192 1
193 2
194 1
195 2
196 2
197 2
198 1
199 0
200 0
201 0
202 2
203 1
204 1
205 1
206 2
207 2
208 2
209 1
210 2
211 1
212 1
213 1
214 2
215 1
216 1
217 0
218 1
219 2
220 1
221 1
222 0
223 0
224 0
225 1
226 2
227 0
228 0
229 1
230 0
231 1
232 1
233 2
234 0
235 1
236 1
237 1
238 2
239 1
240 1
241 1
242 1
243 1
244 0
245 1
246 1
247 0
248 2
249 1
250 1
251 0
252 2
253 0
254 2
255 2
256 1
257 1
258 0
259 2
260 0
261 1
262 2
263 1
264 1
265 0
266 1
267 1
268 1
269 1
270 1
271 1
272 1
273 1
274 1
275 0
276 1
277 1
278 1
279 1
280 2
281 1
282 1
283 2
284 0
285 2
286 1
287 0
288 0
289 1
290 1
291 2
292 1
293 1
294 1
295 1
296 1
297 1
298 2
299 2
300 0
301 1
302 2
303 2
304 0
305 1
306 2
307 1
308 0
309 0
310 1
311 3
312 1
313 2
314 1
315 1
316 1
317 2
318 1
319 1
320 1
321 0
322 1
323 1
324 1
325 1
326 0
327 1
328 1
329 1
330 1
331 1
332 1
333 1
334 2
335 1
336 1
337 0
338 1
339 1
340 1
341 2
342 1
343 1
344 2
345 1
346 1
347 1
348 0
349 1
350 0
351 0
352 1
353 1
354 2
355 2
356 1
357 1
358 1
359 1
360 1
361 1
362 2
363 1
364 1
365 1
366 2
367 0
368 0
369 2
370 0
371 1
372 2
373 1
374 2
375 0
376 1
377 1
378 1
379 1
380 0
381 1
382 3
383 0
384 1
385 2
386 1
387 1
388 1
389 1
390 0
391 1
392 1
393 2
394 0
395 1
396 1
397 1
398 2
399 1
400 1
401 1
402 1
403 1
404 1
405 0
406 1
407 0
408 1
409 0
410 1
411 2
412 1
413 1
414 1
415 1
416 0
417 2
418 1
419 2
420 1
421 1
422 1
423 1
424 1
425 1
426 1
427 1
428 0
429 0
430 0
431 1
432 1
433 1
434 1
435 0
436 2
437 0
438 1
439 1
440 1
441 1
442 1
443 1
444 1
445 1
446 0
447 0
448 1
449 1
450 0
451 0
452 1
453 1
454 1
455 1
456 1
457 1
458 1
459 2
460 1
461 1
462 0
463 1
464 2
465 0
466 1
467 1
468 0
469 1
470 1
471 1
472 1
473 1
474 1
475 0
476 1
477 1
478 1
479 2
480 1
481 2
482 1
483 1
484 1
485 0
486 1
487 2
488 1
489 1
490 1
491 2
492 1
493 1
494 1
495 1
496 1
497 1
498 1
499 1
500 1
501 1
502 1
503 1
504 1
505 1
506 1
507 1
508 1
509 1
510 3
511 2
512 2
513 0
514 1
515 1
516 1
517 1
518 0
519 1
520 1
521 0
522 1
523 1
524 1
525 2
526 1
527 1
528 2
529 1
530 0
531 2
532 0
533 2
534 0
535 2
536 0
537 0
538 1
539 2
540 1
541 0
542 2
543 2
544 1
545 1
546 1
547 1
548 1
549 2
550 0
551 1
552 2
553 1
554 2
555 0
556 0
557 1
558 1
559 1
560 2
561 3
562 1
563 2
564 2
565 1
566 1
567 1
568 2
569 1
570 1
571 0
572 1
573 2
574 1
575 2
576 1
577 0
578 0
579 2
580 1
581 1
582 2
583 1
584 0
585 1
586 1
587 0
588 1
589 2
590 2
591 1
592 1
593 1
594 0
595 1
596 1
597 1
598 1
599 1
600 0
601 2
602 2
603 0
604 1
605 1
606 0
607 0
608 2
609 2
610 0
611 1
612 1
613 1
614 1
615 1
616 1
617 0
618 0
619 1
620 1
621 1
622 1
623 2
624 0
625 1
626 1
627 2
628 1
629 1
630 1
631 1
632 1
633 1
634 2
635 3
636 3
637 1
638 0
639 3
640 0
641 0
642 2
643 1
644 1
645 1
646 1
647 0
648 1
649 0
650 1
651 0
652 1
653 1
654 1
655 0
656 0
657 1
658 2
659 1
660 1
661 2
662 2
663 2
664 0
665 2
666 1
667 2
668 0
669 0
670 2
671 1
672 0
673 2
674 2
675 2
676 1
677 3
678 2
679 2
680 3
681 2
682 2
683 1
684 2
685 2
686 2
687 0
688 1
689 2
690 1
691 2
692 1
693 1
694 2
695 1
696 3
697 1
698 2
699 3
700 2
701 2
702 1
703 1
704 0
705 0
706 1
707 2
708 1
709 2
710 1
711 2
712 1
713 2
714 2
715 0
716 3
717 1
718 2
719 1
720 3
721 2
722 1
723 1
724 1
725 1
726 0
727 1
728 1
729 1
730 1
731 0
732 0
733 1
734 0
735 0
736 0
737 0
738 0
739 0
740 0
741 0
742 0
743 0
744 0
745 0
746 0
747 0
748 0
749 0
750 1
751 0
752 0
753 0
754 0
755 0
756 0
757 0
758 0
759 0
760 1
761 0
762 2
763 0
764 0
765 0
766 0
767 0
768 1
769 0
770 0
771 0
772 0
773 0
774 0
775 0
776 1
777 1
778 0
779 0
780 2
781 3
782 0
783 0
784 2
785 1
786 1
787 0
788 0
789 1
790 1
791 1
792 0
793 0
794 3
795 0
796 1
797 2
798 2
799 1
800 2
801 0
802 1
803 2
804 3
805 0
806 1
807 2
808 2
809 1
810 1
811 1
812 0
813 1
814 1
815 1
816 1
817 2
818 1
819 2
820 1
821 2
822 1
823 1
824 1
825 1
826 1
827 2
828 0
829 2
830 1
831 1
832 2
833 2
834 1
835 3
836 2
837 1
838 1
839 1
840 1
841 1
842 1
843 1
844 0
845 0
846 0
847 1
848 1
849 1
850 0
851 0
852 1
853 1
854 1
855 1
856 1
857 1
858 1
859 2
860 0
861 0
862 1
863 1
864 1
865 1
866 1
867 2
868 1
869 1
870 1
871 2
872 0
873 1
874 1
875 0
876 1
877 0
878 0
879 0
880 0
881 0
882 0
883 0
884 2
885 1
886 4
887 1
888 1
889 1
890 1
891 2
892 1
893 0
894 0
895 4
896 1
897 1
898 0
899 1
900 0
901 1
902 0
903 1
904 1
905 1
906 1
907 1
908 1
909 1
910 3
911 1
912 1
913 1
914 2
915 1
916 3
917 0
918 1
919 1
920 0
921 0
922 1
923 1
924 0
925 1
926 1
927 1
928 0
929 1
930 0
931 0
932 0
933 0
934 3
935 2
936 2
937 1
938 1
939 1
940 1
941 2
942 2
943 0
944 0
945 1
946 0
947 1
948 1
949 1
950 1
951 1
952 2
953 1
954 1
955 1
956 1
957 0
958 1
959 1
960 0
961 1
962 2
963 2
964 1
965 2
966 0
967 0
968 1
969 1
970 1
971 1
972 0
973 1
974 1
975 2
976 2
977 1
978 0
979 1
980 2
981 2
982 0
983 1
984 1
985 1
986 1
987 1
988 3
989 1
990 2
991 1
992 0
993 4
994 3
995 5
996 4
997 2
998 4
999 5
1000 2
1001 4
1002 4
1003 3
1004 1
1005 4
1006 4
1007 5
1008 5
1009 3
1010 3
1011 3
1012 4
1013 5
1014 6
1015 2
1016 1
1017 4
1018 4
1019 3
1020 3
1021 5
1022 4
1023 3
1024 3
1025 4
1026 3
1027 0
1028 4
1029 1
1030 2
1031 4
1032 3
1033 1
1034 4
1035 3
1036 3
1037 2
1038 2
1039 1
1040 3
1041 4
1042 5
1043 2
1044 3
1045 3
1046 3
1047 4
1048 4
1049 2
1050 2
1051 3
1052 4
1053 3
1054 3
1055 3
1056 2
1057 2
1058 0
1059 0
1060 0
1061 0
1062 2
1063 0
1064 0
1065 1
1066 0
1067 0
1068 1
1069 0
1070 0
1071 2
1072 0
1073 1
1074 0
1075 0
1076 1
1077 0
1078 0
1079 0
1080 0
1081 0
1082 0
1083 0
1084 0
1085 0
1086 1
1087 1
1088 0
1089 0
1090 0
1091 1
1092 1
1093 1
1094 1
1095 1
1096 0
1097 1
1098 1
1099 0
1100 0
1101 3
1102 1
1103 1
1104 1
1105 1
1106 1
1107 2
1108 0
1109 0
1110 0
1111 0
1112 0
1113 1
1114 1
1115 1
1116 1
1117 0
1118 0
1119 0
1120 0
1121 0
1122 0
1123 0
1124 2
1125 0
1126 0
1127 0
1128 1
1129 0
1130 2
1131 0
1132 1
1133 1
1134 1
1135 0
1136 1
1137 0
1138 0
1139 1
1140 0
1141 2
1142 0
1143 1
1144 1
1145 0
1146 0
1147 1
1148 2
1149 1
1150 1
1151 0
1152 0
1153 0
1154 1
1155 1
1156 1
1157 1
1158 0
1159 0
1160 1
1161 0
1162 0
1163 0
1164 0
1165 1
1166 2
1167 1
1168 0
1169 0
1170 0
1171 2
1172 0
1173 2
1174 0
1175 0
1176 1
1177 0
1178 0
1179 2
1180 0
1181 0
1182 1
1183 0
1184 1
1185 0
1186 2
1187 2
1188 1
1189 0
1190 0
1191 0
1192 0
1193 2
1194 1
1195 2
1196 1
1197 0
1198 0
1199 2
1200 1
1201 0
1202 2
1203 1
1204 3
1205 1
1206 2
1207 0
1208 0
1209 1
1210 1
1211 1
1212 1
1213 1
1214 1
1215 0
1216 1
1217 1
1218 2
1219 2
1220 1
1221 2
1222 1
1223 0
1224 1
1225 1
1226 1
1227 0
1228 1
1229 1
1230 2
1231 1
1232 1
1233 1
1234 1
1235 1
1236 0
1237 1
1238 1
1239 1
1240 1
1241 1
1242 1
1243 2
1244 1
1245 0
1246 0
1247 1
1248 0
1249 1
1250 1
1251 1
1252 0
1253 2
1254 0
1255 0
1256 0
1257 1
1258 0
1259 1
1260 1
1261 1
1262 1
1263 1
1264 1
1265 1
1266 3
1267 0
1268 1
1269 2
1270 0
1271 0
1272 2
1273 1
1274 1
1275 1
1276 2
1277 0
1278 0
1279 0
1280 1
1281 1
1282 0
1283 1
1284 2
1285 1
1286 1
1287 1
1288 0
1289 1
1290 1
1291 2
1292 0
1293 0
1294 1
1295 1
1296 1
1297 2
1298 2
1299 1
1300 0
1301 2
1302 1
1303 0
1304 1
1305 2
1306 1
1307 1
1308 1
1309 1
1310 1
1311 0
1312 1
1313 1
1314 1
1315 1
1316 1
1317 0
1318 1
1319 1
1320 0
1321 1
1322 2
1323 1
1324 1
1325 1
1326 0
1327 1
1328 1
1329 0
1330 0
1331 1
1332 1
1333 0
1334 0
1335 1
1336 2
1337 2
1338 1
1339 2
1340 1
1341 3
1342 1
1343 4
1344 2
1345 0
1346 1
1347 2
1348 1
1349 1
1350 1
1351 1
1352 0
1353 0
1354 2
1355 2
1356 1
1357 1
1358 4
1359 1
1360 1
1361 1
1362 1
1363 0
1364 1
1365 1
1366 0
1367 1
1368 0
1369 1
1370 1
1371 1
1372 2
1373 2
1374 1
1375 0
1376 0
1377 0
1378 0
1379 1
1380 1
1381 0
1382 2
1383 1
1384 1
1385 1
1386 1
1387 1
1388 2
1389 1
1390 0
1391 0
1392 1
1393 1
1394 0
1395 3
1396 1
1397 0
1398 1
1399 2
1400 0
1401 0
1402 0
1403 1
1404 1
1405 2
1406 1
1407 0
1408 3
1409 0
1410 1
1411 2
1412 1
1413 1
1414 1
1415 1
1416 1
1417 0
1418 1
1419 1
1420 1
1421 1
1422 1
1423 1
1424 0
1425 1
1426 0
1427 1
1428 1
1429 1
1430 1
1431 1
1432 1
1433 1
1434 2
1435 1
1436 1
1437 1
1438 0
1439 1
1440 2
1441 2
1442 1
1443 1
1444 0
1445 1
1446 1
1447 1
1448 2
1449 0
1450 1
1451 1
1452 0
1453 0
1454 2
1455 2
1456 1
1457 1
1458 0
1459 1
1460 1
1461 1
1462 0
1463 1
1464 2
1465 1
1466 1
1467 0
1468 2
1469 1
1470 1
1471 0
1472 2
1473 2
1474 2
1475 1
1476 1
1477 1
1478 1
1479 3
1480 1
1481 1
1482 1
1483 2
1484 2
1485 1
1486 1
1487 0
1488 2
1489 2
1490 0
1491 0
1492 2
1493 0
1494 0
1495 1
1496 0
1497 1
1498 1
1499 1
1500 1
1501 1
1502 2
1503 0
1504 2
1505 2
1506 1
1507 1
1508 1
1509 0
1510 1
1511 1
1512 1
1513 1
1514 0
1515 1
1516 0
1517 3
1518 0
1519 1
1520 1
1521 0
1522 1
1523 1
1524 1
1525 1
1526 0
1527 1
1528 0
1529 2
1530 1
1531 3
1532 1
1533 1
1534 2
1535 1
1536 1
1537 1
1538 1
1539 1
1540 0
1541 0
1542 0
1543 1
1544 0
1545 1
1546 0
1547 0
1548 1
1549 0
1550 0
1551 0
1552 1
1553 1
1554 1
1555 2
1556 0
1557 3
1558 1
1559 1
1560 3
1561 1
1562 1
1563 1
1564 1
1565 1
1566 0
1567 1
1568 2
1569 1
1570 0
1571 2
1572 2
1573 1
1574 0
1575 1
1576 1
1577 1
1578 1
1579 1
1580 1
1581 0
1582 1
1583 1
1584 0
1585 0
1586 0
1587 1
1588 0
1589 1
1590 0
1591 2
1592 0
1593 1
1594 1
1595 0
1596 1
1597 0
1598 1
1599 1
1600 1
1601 2
1602 2
1603 0
1604 1
1605 1
1606 1
1607 1
1608 1
1609 2
1610 0
1611 1
1612 1
1613 0
1614 1
1615 0
1616 0
1617 0
1618 1
1619 1
1620 2
1621 1
1622 1
1623 0
1624 0
1625 0
1626 2
1627 2
1628 0
1629 0
1630 0
1631 2
1632 1
1633 0
1634 1
1635 0
1636 0
1637 1
1638 1
1639 0
1640 0
1641 0
1642 0
1643 0
1644 2
1645 1
1646 2
1647 2
1648 1
1649 1
1650 1
1651 0
1652 1
1653 1
1654 1
1655 0
1656 0
1657 1
1658 1
1659 0
1660 1
1661 0
1662 0
1663 1
1664 1
1665 0
1666 2
1667 1
1668 1
1669 1
1670 0
1671 1
1672 1
1673 0
1674 1
1675 0
1676 2
1677 1
1678 0
1679 1
1680 1
1681 0
1682 0
1683 1
1684 1
1685 1
1686 1
1687 0
1688 1
1689 1
1690 1
1691 1
1692 2
1693 1
1694 1
1695 1
1696 1
1697 1
1698 1
1699 1
1700 1
1701 0
1702 1
1703 2
1704 1
1705 1
1706 2
1707 2
1708 1
1709 2
1710 0
1711 0
1712 0
1713 1
1714 1
1715 1
1716 1
1717 1
1718 0
1719 1
1720 1
1721 0
1722 1
1723 1
1724 0
1725 0
1726 0
1727 0
1728 1
1729 0
1730 0
1731 1
1732 1
1733 1
1734 2
1735 1
1736 2
1737 0
1738 0
1739 1
1740 0
1741 1
1742 2
1743 0
1744 2
1745 0
1746 1
1747 0
1748 0
1749 1
1750 1
1751 0
1752 1
1753 0
1754 1
1755 1
1756 1
1757 0
1758 2
1759 1
1760 1
1761 1
1762 0
1763 1
1764 0
1765 1
1766 1
1767 1
1768 1
1769 0
1770 1
1771 1
1772 1
1773 0
1774 1
1775 0
1776 0
1777 1
1778 0
1779 1
1780 1
1781 1
1782 0
1783 1
1784 1
1785 1
1786 1
1787 1
1788 0
1789 0
1790 1
1791 1
1792 1
1793 1
1794 2
1795 1
1796 0
1797 2
1798 1
1799 2
1800 2
1801 1
1802 1
1803 0
1804 0
1805 2
1806 2
1807 2
1808 0
1809 2
1810 1
1811 3
1812 1
1813 1
1814 1
1815 3
1816 0
1817 0
1818 1
1819 0
1820 0
1821 1
1822 1
1823 0
1824 1
1825 0
1826 1
1827 0
1828 0
1829 0
1830 1
1831 0
1832 1
1833 0
1834 0
1835 0
1836 0
1837 1
1838 1
1839 0
1840 2
1841 0
1842 2
1843 1
1844 1
1845 1
1846 1
1847 1
1848 2
1849 1
1850 1
1851 2
1852 2
1853 1
1854 0
1855 2
1856 1
1857 0
1858 1
1859 2
1860 1
1861 1
1862 2
1863 0
1864 2
1865 1
1866 1
1867 0
1868 2
1869 1
1870 1
1871 0
1872 1
1873 0
1874 1
1875 1
1876 1
1877 2
1878 1
1879 0
1880 0
1881 2
1882 2
1883 1
1884 2
1885 1
1886 1
1887 0
1888 1
1889 1
1890 0
1891 1
1892 0
1893 2
1894 1
1895 1
1896 0
1897 0
1898 0
1899 1
1900 1
1901 1
1902 1
1903 2
1904 0
1905 3
1906 2
1907 1
1908 1
1909 3
1910 1
1911 2
1912 1
1913 1
1914 1
1915 0
1916 0
1917 0
1918 1
1919 0
1920 0
1921 1
1922 0
1923 1
1924 0
1925 1
1926 3
1927 2
1928 1
1929 1
1930 2
1931 1
1932 0
1933 1
1934 1
1935 0
1936 0
1937 0
1938 1
1939 1
1940 1
1941 3
1942 1
1943 1
1944 1
1945 2
1946 3
1947 3
1948 0
1949 1
1950 2
1951 2
1952 2
1953 1
1954 0
1955 3
1956 1
1957 2
1958 2
1959 1
1960 2
1961 1
1962 2
1963 2
1964 3
1965 0
1966 2
1967 2
1968 1
1969 3
1970 2
1971 3
1972 1
1973 1
1974 2
1975 1
1976 1
1977 1
1978 2
1979 0
1980 0
1981 1
1982 0
1983 0
1984 0
1985 0
1986 0
1987 0
1988 0
1989 0
1990 0
1991 0
1992 0
1993 0
1994 0
1995 0
1996 0
1997 0
1998 0
1999 0
