0 2
1 1
2 2
3 2
4 2
5 2
6 2
7 3
8 3
9 2
10 1
11 1
12 1
13 2
14 2
15 2
16 1
17 3
18 1
19 2
20 1
21 3
22 2
23 1
24 1
25 3
26 1
27 2
28 2
29 2
30 2
31 2
32 1
33 2
34 1
35 2
36 3
37 1
38 2
39 1
40 2
41 2
42 3
43 2
44 2
45 2
46 3
47 1
48 2
49 1
50 2
51 3
52 1
53 2
54 1
55 3
56 1
57 3
58 1
59 2
60 1
61 2
62 1
63 2
64 2
65 2
66 2
67 2
68 3
69 1
70 2
71 1
72 2
73 1
74 1
75 1
76 2
77 2
78 1
79 2
80 1
81 1
82 2
83 2
84 2
85 2
86 2
87 2
88 2
89 2
90 1
91 2
92 2
93 2
94 2
95 2
96 2
97 2
98 2
99 1
100 2
101 1
102 1
103 3
104 1
105 2
106 1
107 2
108 2
109 1
110 2
111 2
112 1
113 2
114 1
115 2
116 3
117 1
118 2
119 2
120 1
121 2
122 1
123 2
124 2
125 2
126 1
127 2
128 2
129 2
130 2
131 2
132 2
133 2
134 2
135 2
136 1
137 2
138 2
139 1
140 2
141 1
142 2
143 2
144 1
145 2
146 2
147 2
148 1
149 2
150 2
151 2
152 2
153 2
154 1
155 2
156 2
157 2
158 2
159 2
160 1
161 1
162 2
163 2
164 2
165 1
166 2
167 3
168 2
169 1
170 1
171 1
172 2
173 0
174 2
175 1
176 2
177 3
178 2
179 2
180 2
181 2
182 1
183 2
184 2
185 4
186 3
187 3
188 3
189 2
190 1
191 2
192 2
193 1
194 3
195 2
196 2
197 2
198 2
199 2
200 2
201 2
202 2
203 2
204 2
205 2
206 2
207 2
208 2
209 1
210 2
211 1
212 2
213 2
214 4
215 2
216 1
217 2
218 1
219 0
220 3
221 2
222 1
223 1
224 2
225 2
226 2
227 2
228 2
229 2
230 1
231 1
232 3
233 1
234 2
235 1
236 2
237 2
238 2
239 2
240 2
241 2
242 2
243 2
244 2
245 2
246 2
247 2
248 2
249 2
250 3
251 3
252 2
253 2
254 2
255 1
256 1
257 2
258 3
259 1
260 1
261 2
262 2
263 1
264 2
265 2
266 1
267 2
268 2
269 2
270 2
271 2
272 2
273 2
274 3
275 2
276 2
277 2
278 2
279 2
280 2
281 1
282 2
283 3
284 3
285 2
286 2
287 2
288 2
289 3
290 2
291 2
292 1
293 3
294 2
295 2
296 2
297 2
298 1
299 2
300 3
301 1
302 2
303 2
304 2
305 1
306 2
307 2
308 2
309 1
310 2
311 1
312 1
313 2
314 2
315 2
316 2
317 2
318 2
319 2
320 3
321 3
322 3
323 2
324 3
325 3
326 2
327 2
328 2
329 2
330 2
331 1
332 3
333 3
334 1
335 3
336 2
337 1
338 1
339 2
340 1
341 2
342 2
343 2
344 3
345 2
346 2
347 2
348 1
349 2
350 1
351 3
352 2
353 3
354 1
355 2
356 2
357 3
358 2
359 3
360 2
361 2
362 1
363 2
364 2
365 3
366 2
367 3
368 2
369 2
370 2
371 2
372 2
373 2
374 2
375 1
376 2
377 3
378 2
379 2
380 2
381 1
382 2
383 2
384 2
385 2
386 2
387 2
388 1
389 3
390 1
391 1
392 2
393 1
394 0
395 0
396 1
397 1
398 1
399 1
400 2
401 2
402 0
403 0
404 1
405 1
406 1
407 1
408 2
409 1
410 1
411 0
412 2
413 1
414 1
415 3
416 3
417 2
418 3
419 1
420 1
421 2
422 2
423 1
424 1
425 1
426 1
427 0
428 0
429 2
430 1
431 1
432 2
433 1
434 0
435 0
436 0
437 1
438 1
439 0
440 2
441 2
442 1
443 1
444 2
445 1
446 3
447 1
448 3
449 1
450 2
451 1
452 2
453 2
454 2
455 3
456 2
457 2
458 1
459 2
460 3
461 2
462 1
463 2
464 2
465 2
466 2
467 3
468 2
469 2
470 2
471 2
472 2
473 2
474 2
475 2
476 2
477 2
478 1
479 2
480 3
481 2
482 2
483 3
484 1
485 1
486 1
487 1
488 0
489 0
490 0
491 0
492 1
493 0
494 1
495 1
496 0
497 1
498 1
499 1
500 1
501 1
502 0
503 0
504 1
505 1
506 1
507 1
508 0
509 2
510 1
511 1
512 1
513 1
514 1
515 0
516 1
517 1
518 1
519 0
520 0
521 1
522 1
523 1
524 1
525 0
526 1
527 2
528 1
529 0
530 1
531 0
532 0
533 0
534 1
535 0
536 2
537 1
538 1
539 1
540 1
541 0
542 1
543 2
544 1
545 1
546 1
547 1
548 2
549 1
550 1
551 1
552 1
553 1
554 1
555 1
556 1
557 1
558 1
559 1
560 0
561 1
562 0
563 2
564 1
565 1
566 1
567 2
568 0
569 2
570 1
571 0
572 1
573 1
574 2
575 1
576 1
577 0
578 1
579 1
580 1
581 0
582 1
583 1
584 1
585 1
586 1
587 1
588 2
589 1
590 2
591 1
592 2
593 1
594 1
595 2
596 1
597 1
598 1
599 2
600 1
601 1
602 1
603 1
604 2
605 1
606 2
607 1
608 0
609 0
610 0
611 0
612 0
613 0
614 0
615 0
616 0
617 0
618 0
619 0
620 0
621 0
622 0
623 0
624 0
625 0
626 0
627 0
628 2
629 0
630 0
631 0
632 0
633 0
634 0
635 1
636 0
637 0
638 0
639 0
640 0
641 0
642 0
643 0
644 0
645 0
646 0
647 0
648 1
649 1
650 1
651 2
652 0
653 1
654 2
655 1
656 2
657 2
658 2
659 2
660 1
661 1
662 2
663 1
664 2
665 1
666 1
667 1
668 2
669 1
670 1
671 2
672 1
673 3
674 1
675 3
676 1
677 2
678 2
679 2
680 1
681 1
682 2
683 2
684 1
685 2
686 3
687 2
688 2
689 2
690 1
691 2
692 2
693 3
694 2
695 3
696 2
697 2
698 2
699 1
700 1
701 3
702 1
703 2
704 1
705 1
706 2
707 2
708 2
709 1
710 2
711 2
712 1
713 3
714 1
715 3
716 2
717 2
718 0
719 2
720 2
721 2
722 2
723 1
724 2
725 2
726 1
727 1
728 2
729 1
730 2
731 2
732 2
733 2
734 2
735 2
736 2
737 0
738 0
739 0
740 0
741 0
742 0
743 0
744 0
745 0
746 0
747 0
748 0
749 0
750 0
751 0
752 0
753 0
754 0
755 0
756 0
757 0
758 0
759 0
760 0
761 0
762 0
763 0
764 0
765 0
766 0
767 0
768 0
769 0
770 0
771 0
772 0
773 0
774 0
775 0
776 0
777 0
778 0
779 0
780 0
781 0
782 0
783 0
784 0
785 0
786 0
787 0
788 0
789 0
790 0
791 0
792 0
793 0
794 0
795 0
796 0
797 0
798 0
799 0
800 0
801 0
802 0
803 0
804 0
805 0
806 0
807 0
808 0
809 0
810 0
811 0
812 0
813 0
814 0
815 0
816 0
817 0
818 0
819 0
820 0
821 1
822 1
823 1
824 1
825 0
826 0
827 0
828 0
829 0
830 0
831 0
832 0
833 0
834 0
835 0
836 0
837 0
838 0
839 1
840 0
841 1
842 0
843 0
844 0
845 0
846 0
847 0
848 0
849 0
850 0
851 0
852 0
853 0
854 0
855 0
856 0
857 0
858 0
859 0
860 0
861 0
862 0
863 0
864 0
865 0
866 0
867 1
868 0
869 0
870 0
871 0
872 0
873 0
874 0
875 0
876 0
877 0
878 0
879 0
880 0
881 0
882 0
883 0
884 0
885 1
886 0
887 0
888 0
889 1
890 1
891 1
892 0
893 0
894 0
895 0
896 0
897 0
898 0
899 1
900 1
901 0
902 0
903 1
904 0
905 0
906 0
907 0
908 1
909 1
910 1
911 1
912 1
913 1
914 1
915 1
916 1
917 1
918 1
919 1
920 1
921 1
922 1
923 1
924 1
925 1
926 1
927 1
928 1
929 1
930 0
931 0
932 1
933 1
934 1
935 0
936 1
937 2
938 2
939 0
940 2
941 1
942 1
943 1
944 1
945 0
946 0
947 1
948 0
949 0
950 0
951 0
952 1
953 0
954 1
955 1
956 1
957 1
958 0
959 0
960 0
961 0
962 0
963 0
964 0
965 0
966 0
967 0
968 1
969 0
970 1
971 0
972 0
973 0
974 0
975 0
976 0
977 0
978 1
979 0
980 1
981 1
982 1
983 0
984 0
985 0
986 0
987 0
988 1
989 1
990 1
991 1
992 0
993 1
994 0
995 0
996 0
997 1
998 1
999 1
1000 0
1001 1
1002 0
1003 1
1004 1
1005 0
1006 1
1007 1
1008 0
1009 0
1010 0
1011 0
1012 0
1013 1
1014 1
1015 1
1016 1
1017 1
1018 0
1019 1
1020 0
1021 0
1022 1
1023 1
1024 1
1025 1
1026 1
1027 1
1028 0
1029 0
1030 0
1031 0
1032 0
1033 1
1034 0
1035 0
1036 0
1037 0
1038 1
1039 1
1040 1
1041 1
1042 2
1043 0
1044 0
1045 0
1046 1
1047 1
1048 1
1049 1
1050 1
1051 1
1052 1
1053 1
1054 1
1055 0
1056 2
1057 1
1058 1
1059 1
1060 0
1061 0
1062 0
1063 0
1064 0
1065 0
1066 0
1067 0
1068 0
1069 0
1070 0
1071 0
1072 0
1073 0
1074 0
1075 0
1076 0
1077 0
1078 0
1079 0
1080 0
1081 0
1082 0
1083 0
1084 0
1085 0
1086 0
1087 0
1088 0
1089 0
1090 0
1091 0
1092 0
1093 0
1094 0
1095 0
1096 0
1097 0
1098 0
1099 0
1100 0
1101 0
1102 0
1103 0
1104 0
1105 0
1106 0
1107 1
1108 1
1109 0
1110 0
1111 0
1112 0
1113 0
1114 0
1115 0
1116 0
1117 0
1118 1
1119 0
1120 1
1121 1
1122 0
1123 1
1124 1
1125 0
1126 1
1127 1
1128 0
1129 0
1130 0
1131 0
1132 0
1133 0
1134 0
1135 0
1136 1
1137 0
1138 0
1139 1
1140 1
1141 1
1142 0
1143 1
1144 0
1145 0
1146 1
1147 0
1148 0
1149 1
1150 0
1151 0
1152 0
1153 1
1154 1
1155 1
1156 1
1157 0
1158 0
1159 0
1160 0
1161 0
1162 0
1163 0
1164 0
1165 0
1166 1
1167 1
1168 0
1169 0
1170 0
1171 0
1172 1
1173 1
1174 0
1175 0
1176 0
1177 0
1178 0
1179 0
1180 0
1181 0
1182 0
1183 0
1184 0
1185 0
1186 0
1187 0
1188 0
1189 1
1190 0
1191 0
1192 0
1193 1
1194 0
1195 0
1196 0
1197 0
1198 0
1199 0
1200 0
1201 0
1202 0
1203 0
1204 0
1205 0
1206 0
1207 0
1208 0
1209 0
1210 0
1211 0
1212 0
1213 0
1214 0
1215 0
1216 1
1217 0
1218 2
1219 0
1220 0
1221 0
1222 1
1223 0
1224 0
1225 1
1226 1
1227 0
1228 0
1229 0
1230 1
1231 2
1232 0
1233 1
1234 1
1235 2
1236 0
1237 0
1238 1
1239 0
1240 0
1241 0
1242 0
1243 0
1244 0
1245 1
1246 0
1247 0
1248 1
1249 0
1250 1
1251 0
1252 1
1253 0
1254 0
1255 1
1256 0
1257 0
1258 0
1259 0
1260 1
1261 0
1262 0
1263 0
1264 0
1265 0
1266 0
1267 1
1268 2
1269 3
1270 1
1271 1
1272 1
1273 1
1274 1
1275 2
1276 1
1277 1
1278 2
1279 2
1280 1
1281 2
1282 2
1283 1
1284 1
1285 1
1286 3
1287 3
1288 1
1289 1
1290 0
1291 0
1292 2
1293 1
1294 1
1295 1
1296 1
1297 1
1298 1
1299 1
1300 1
1301 0
1302 1
1303 2
1304 0
1305 1
1306 1
1307 1
1308 1
1309 1
1310 3
1311 1
1312 0
1313 1
1314 2
1315 1
1316 1
1317 1
1318 1
1319 3
1320 2
1321 1
1322 1
1323 1
1324 2
1325 0
1326 1
1327 0
1328 1
1329 1
1330 0
1331 2
1332 1
1333 1
1334 2
1335 0
1336 1
1337 1
1338 1
1339 1
1340 1
1341 1
1342 1
1343 1
1344 1
1345 1
1346 2
1347 1
1348 1
1349 2
1350 1
1351 1
1352 1
1353 1
1354 2
1355 1
1356 1
1357 1
1358 2
1359 1
1360 1
1361 1
1362 1
1363 1
1364 1
1365 1
1366 1
1367 1
1368 1
1369 1
1370 1
1371 1
1372 1
1373 1
1374 0
1375 1
1376 0
1377 1
1378 0
1379 0
1380 0
1381 2
1382 1
1383 1
1384 1
1385 1
1386 1
1387 0
1388 1
1389 0
1390 1
1391 0
1392 2
1393 1
1394 1
1395 1
1396 1
1397 1
1398 1
1399 1
1400 1
1401 1
1402 1
1403 1
1404 1
1405 2
1406 1
1407 2
1408 1
1409 1
1410 1
1411 1
1412 1
1413 1
1414 1
1415 1
1416 1
1417 1
1418 2
1419 1
1420 1
1421 2
1422 1
1423 2
1424 1
1425 1
1426 1
1427 1
1428 1
1429 1
1430 1
1431 1
1432 1
1433 1
1434 1
1435 1
1436 2
1437 1
1438 2
1439 2
1440 1
1441 1
1442 0
1443 1
1444 1
1445 1
1446 1
1447 1
1448 0
1449 0
1450 1
1451 1
1452 1
1453 1
1454 1
1455 1
1456 1
1457 2
1458 1
1459 1
1460 1
1461 1
1462 0
1463 1
1464 1
1465 1
1466 1
1467 0
1468 0
1469 0
1470 0
1471 0
1472 1
1473 0
1474 0
1475 0
1476 0
1477 0
1478 1
1479 1
1480 1
1481 1
1482 2
1483 1
1484 2
1485 1
1486 1
1487 1
1488 1
1489 1
1490 1
1491 1
1492 0
1493 1
1494 1
1495 1
1496 1
1497 0
1498 0
1499 1
1500 0
1501 0
1502 0
1503 0
1504 0
1505 0
1506 0
1507 0
1508 0
1509 0
1510 0
1511 0
1512 0
1513 0
1514 0
1515 0
1516 0
1517 0
1518 0
1519 0
1520 0
1521 0
1522 0
1523 0
1524 0
1525 0
1526 0
1527 0
1528 0
1529 0
1530 0
1531 0
1532 0
1533 0
1534 0
1535 0
1536 0
1537 0
1538 0
1539 0
1540 0
1541 0
1542 0
1543 0
1544 0
1545 0
1546 0
1547 0
1548 0
1549 0
1550 0
1551 0
1552 0
1553 0
1554 0
1555 0
1556 0
1557 0
1558 0
1559 0
1560 0
1561 0
1562 0
1563 0
1564 0
1565 0
1566 0
1567 0
1568 0
1569 0
1570 0
1571 0
1572 0
1573 0
1574 0
1575 0
1576 0
1577 0
1578 0
1579 0
1580 0
1581 0
1582 0
1583 0
1584 0
1585 0
1586 0
1587 0
1588 0
1589 0
1590 0
1591 0
1592 0
1593 0
1594 0
1595 0
1596 0
1597 0
1598 0
1599 0
1600 0
1601 0
1602 0
1603 0
1604 0
1605 0
1606 0
1607 0
1608 0
1609 0
1610 0
1611 0
1612 0
1613 0
1614 0
1615 0
1616 0
1617 0
1618 0
1619 0
1620 0
1621 0
1622 0
1623 0
1624 0
1625 0
1626 0
1627 0
1628 0
1629 0
1630 0
1631 0
1632 0
1633 0
1634 0
1635 0
1636 0
1637 0
1638 0
1639 0
1640 0
1641 0
1642 0
1643 0
1644 0
1645 0
1646 0
1647 0
1648 0
1649 0
1650 0
1651 0
1652 0
1653 0
1654 0
1655 0
1656 0
1657 0
1658 0
1659 0
1660 0
1661 0
1662 0
1663 0
1664 0
1665 0
1666 0
1667 0
1668 0
1669 0
1670 0
1671 0
1672 0
1673 0
1674 0
1675 0
1676 0
1677 0
1678 0
1679 0
1680 0
1681 0
1682 0
1683 0
1684 0
1685 0
1686 0
1687 0
1688 0
1689 0
1690 0
1691 0
1692 0
1693 0
1694 0
1695 0
1696 0
1697 0
1698 0
1699 0
1700 0
1701 0
1702 0
1703 0
1704 0
1705 0
1706 0
1707 0
1708 0
1709 0
1710 0
1711 0
1712 0
1713 0
1714 0
1715 0
1716 0
1717 0
1718 0
1719 0
1720 0
1721 0
1722 0
1723 0
1724 0
1725 0
1726 0
1727 0
1728 0
1729 0
1730 0
1731 0
1732 0
1733 0
1734 0
1735 0
1736 0
1737 0
1738 0
1739 0
1740 0
1741 0
1742 0
1743 0
1744 0
1745 0
1746 0
1747 0
1748 0
1749 0
1750 0
1751 0
1752 0
1753 0
1754 0
1755 0
1756 0
1757 0
1758 0
1759 0
1760 0
1761 0
1762 0
1763 0
1764 0
1765 0
1766 0
1767 0
1768 0
1769 0
1770 0
1771 0
1772 0
1773 0
1774 0
1775 0
1776 0
1777 0
1778 0
1779 0
1780 0
1781 0
1782 0
1783 0
1784 0
1785 0
1786 0
1787 0
1788 0
1789 0
1790 0
1791 0
1792 0
1793 0
1794 0
1795 0
1796 0
1797 0
1798 0
1799 0
1800 0
1801 0
1802 0
1803 0
1804 0
1805 0
1806 0
1807 0
1808 0
1809 0
1810 0
1811 0
1812 0
1813 0
1814 0
1815 0
1816 0
1817 0
1818 0
1819 0
1820 0
1821 0
1822 0
1823 0
1824 0
1825 0
1826 0
1827 0
1828 0
1829 0
1830 0
1831 0
1832 0
1833 0
1834 0
1835 0
1836 0
1837 0
1838 0
1839 0
1840 0
1841 0
1842 0
1843 0
1844 0
1845 0
1846 0
1847 0
1848 0
1849 0
1850 0
1851 0
1852 0
1853 0
1854 0
1855 0
1856 0
1857 0
1858 0
1859 0
1860 0
1861 0
1862 0
1863 0
1864 0
1865 0
1866 0
1867 0
1868 0
1869 0
1870 0
1871 0
1872 0
1873 0
1874 0
1875 0
1876 0
1877 0
1878 0
1879 0
1880 0
1881 0
1882 0
1883 0
1884 0
1885 0
1886 0
1887 0
1888 0
1889 0
1890 0
1891 0
1892 0
1893 0
1894 0
1895 0
1896 0
1897 0
1898 0
1899 0
1900 0
1901 0
1902 0
1903 0
1904 0
1905 0
1906 0
1907 0
1908 0
1909 0
1910 0
1911 0
1912 0
1913 0
1914 0
1915 0
1916 0
1917 0
1918 0
1919 0
1920 0
1921 0
1922 0
1923 0
1924 0
1925 0
1926 0
1927 0
1928 0
1929 0
1930 0
1931 0
1932 0
1933 0
1934 0
1935 0
1936 0
1937 0
1938 0
1939 0
1940 0
1941 0
1942 0
1943 0
1944 0
1945 0
1946 0
1947 0
1948 0
1949 0
1950 0
1951 0
1952 0
1953 0
1954 0
1955 0
1956 0
1957 0
1958 0
1959 0
1960 0
1961 0
1962 0
1963 0
1964 0
1965 0
1966 0
1967 0
1968 0
1969 0
1970 0
1971 0
1972 0
1973 0
1974 0
1975 0
1976 0
1977 0
1978 0
1979 0
1980 0
1981 0
1982 0
1983 0
1984 0
1985 0
1986 0
1987 0
1988 0
1989 0
1990 0
1991 0
1992 0
1993 0
1994 0
1995 0
1996 0
1997 0
1998 0
1999 0
