0 1
1 1
2 2
3 1
4 2
5 4
6 3
7 2
8 1
9 1
10 3
11 1
12 3
13 0
14 2
15 1
16 1
17 0
18 3
19 0
20 1
21 0
22 1
23 0
24 0
25 1
26 1
27 1
28 0
29 2
30 1
31 1
32 1
33 1
34 0
35 0
36 2
37 2
38 1
39 1
40 1
41 1
42 2
43 0
44 1
45 1
46 1
47 1
48 2
49 0
50 1
51 1
52 0
53 1
54 0
55 1
56 1
57 1
58 1
59 0
60 3
61 3
62 2
63 2
64 1
65 1
66 3
67 0
68 1
69 1
70 0
71 1
72 0
73 2
74 3
75 1
76 2
77 1
78 1
79 0
80 0
81 1
82 1
83 2
84 2
85 3
86 1
87 1
88 2
89 0
90 1
91 1
92 1
93 1
94 1
95 1
96 1
97 2
98 2
99 1
100 0
101 1
102 1
103 1
104 3
105 0
106 1
107 1
108 0
109 0
110 1
111 1
112 1
113 0
114 2
115 2
116 0
117 1
118 1
119 1
120 0
121 0
122 1
123 2
124 1
125 1
126 1
127 1
128 1
129 1
130 1
131 0
132 2
133 0
134 1
135 2
136 2
137 1
138 1
139 0
140 1
141 0
142 1
143 1
144 1
145 1
146 0
147 1
148 1
149 1
150 3
151 1
152 1
153 1
154 1
155 0
156 1
157 0
158 1
159 0
160 1
161 1
162 1
163 1
164 1
165 1
166 1
167 0
168 1
169 1
170 0
171 3
172 1
173 1
174 0
175 0
176 1
177 1
178 1
179 1
180 2
181 2
182 1
183 1
184 2
185 1
186 1
187 1
188 2
189 1
190 2
191 1
192 0
193 1
194 2
195 1
196 0
197 2
198 1
199 1
200 2
201 2
202 1
203 1
204 1
205 1
206 1
207 0
208 1
209 1
210 1
211 1
212 0
213 1
214 1
215 0
216 1
217 0
218 0
219 1
220 2
221 0
222 1
223 0
224 1
225 2
226 2
227 0
228 2
229 2
230 0
231 1
232 1
233 4
234 2
235 1
236 1
237 0
238 1
239 1
240 1
241 0
242 2
243 0
244 2
245 1
246 1
247 0
248 1
249 1
250 0
251 2
252 0
253 1
254 2
255 0
256 0
257 1
258 1
259 3
260 1
261 1
262 0
263 2
264 1
265 1
266 2
267 2
268 1
269 1
270 1
271 1
272 0
273 1
274 2
275 1
276 2
277 1
278 1
279 0
280 1
281 1
282 1
283 1
284 1
285 2
286 0
287 2
288 1
289 1
290 1
291 1
292 2
293 0
294 1
295 2
296 0
297 0
298 1
299 2
300 0
301 1
302 1
303 1
304 2
305 0
306 2
307 0
308 1
309 1
310 0
311 0
312 1
313 2
314 1
315 0
316 1
317 1
318 0
319 1
320 0
321 2
322 1
323 1
324 2
325 1
326 1
327 1
328 2
329 1
330 1
331 2
332 1
333 1
334 2
335 0
336 2
337 1
338 0
339 1
340 0
341 2
342 1
343 2
344 1
345 1
346 1
347 1
348 1
349 0
350 0
351 1
352 0
353 0
354 1
355 0
356 1
357 1
358 1
359 1
360 2
361 0
362 1
363 1
364 1
365 1
366 1
367 2
368 0
369 1
370 1
371 0
372 0
373 1
374 0
375 0
376 0
377 2
378 1
379 1
380 1
381 1
382 0
383 0
384 1
385 1
386 1
387 1
388 1
389 1
390 2
391 2
392 2
393 0
394 1
395 2
396 1
397 1
398 1
399 1
400 2
401 2
402 1
403 2
404 1
405 1
406 1
407 1
408 2
409 1
410 1
411 2
412 1
413 1
414 1
415 1
416 0
417 2
418 1
419 2
420 1
421 1
422 0
423 1
424 1
425 0
426 2
427 0
428 1
429 0
430 2
431 1
432 2
433 0
434 2
435 1
436 1
437 1
438 1
439 2
440 1
441 1
442 1
443 2
444 1
445 2
446 2
447 1
448 1
449 1
450 1
451 1
452 1
453 1
454 1
455 1
456 0
457 2
458 1
459 1
460 1
461 1
462 0
463 1
464 0
465 0
466 1
467 0
468 2
469 1
470 2
471 1
472 1
473 1
474 1
475 2
476 3
477 1
478 2
479 1
480 2
481 1
482 0
483 1
484 1
485 1
486 0
487 1
488 0
489 1
490 3
491 1
492 2
493 1
494 1
495 2
496 1
497 2
498 0
499 1
500 1
501 1
502 1
503 1
504 1
505 0
506 2
507 1
508 2
509 1
510 2
511 0
512 1
513 2
514 0
515 1
516 1
517 2
518 1
519 1
520 2
521 1
522 2
523 2
524 1
525 1
526 1
527 1
528 0
529 1
530 1
531 1
532 0
533 0
534 1
535 2
536 1
537 1
538 2
539 1
540 1
541 0
542 1
543 2
544 1
545 1
546 2
547 2
548 2
549 1
550 2
551 0
552 2
553 1
554 1
555 1
556 1
557 1
558 1
559 1
560 1
561 1
562 2
563 1
564 0
565 2
566 1
567 1
568 1
569 2
570 2
571 1
572 1
573 1
574 2
575 1
576 1
577 0
578 1
579 1
580 2
581 2
582 1
583 3
584 1
585 0
586 1
587 2
588 1
589 2
590 2
591 0
592 0
593 1
594 1
595 1
596 2
597 1
598 0
599 1
600 2
601 1
602 2
603 1
604 2
605 2
606 1
607 0
608 1
609 1
610 1
611 1
612 1
613 0
614 1
615 1
616 1
617 2
618 1
619 1
620 1
621 0
622 1
623 0
624 1
625 2
626 0
627 2
628 1
629 1
630 2
631 1
632 1
633 2
634 1
635 1
636 1
637 2
638 1
639 1
640 1
641 1
642 1
643 1
644 0
645 0
646 1
647 2
648 1
649 0
650 1
651 0
652 2
653 1
654 2
655 1
656 3
657 2
658 1
659 2
660 1
661 0
662 2
663 1
664 2
665 1
666 1
667 3
668 1
669 0
670 1
671 1
672 1
673 1
674 1
675 0
676 1
677 2
678 1
679 2
680 1
681 2
682 0
683 1
684 1
685 0
686 1
687 1
688 2
689 1
690 1
691 1
692 1
693 2
694 1
695 1
696 1
697 0
698 1
699 1
700 1
701 1
702 1
703 1
704 0
705 0
706 3
707 2
708 0
709 1
710 1
711 2
712 1
713 1
714 2
715 1
716 0
717 1
718 1
719 2
720 1
721 1
722 2
723 0
724 1
725 1
726 1
727 1
728 0
729 1
730 1
731 1
732 1
733 0
734 1
735 1
736 0
737 1
738 1
739 1
740 2
741 0
742 1
743 1
744 1
745 2
746 1
747 1
748 1
749 1
750 1
751 0
752 2
753 1
754 0
755 1
756 1
757 1
758 0
759 2
760 1
761 2
762 1
763 1
764 0
765 1
766 1
767 1
768 1
769 2
770 1
771 1
772 1
773 2
774 1
775 2
776 1
777 1
778 1
779 1
780 2
781 2
782 1
783 1
784 1
785 2
786 1
787 1
788 2
789 1
790 0
791 1
792 1
793 0
794 1
795 1
796 0
797 1
798 1
799 1
800 2
801 2
802 2
803 1
804 2
805 1
806 0
807 1
808 0
809 2
810 1
811 1
812 1
813 0
814 1
815 1
816 1
817 1
818 0
819 1
820 2
821 1
822 2
823 2
824 0
825 1
826 0
827 1
828 1
829 1
830 0
831 1
832 1
833 2
834 1
835 1
836 2
837 0
838 1
839 0
840 1
841 1
842 0
843 1
844 0
845 1
846 1
847 1
848 0
849 2
850 1
851 1
852 0
853 2
854 0
855 1
856 1
857 2
858 0
859 0
860 1
861 1
862 1
863 2
864 1
865 0
866 2
867 1
868 1
869 1
870 1
871 1
872 1
873 0
874 0
875 1
876 1
877 1
878 0
879 2
880 0
881 0
882 1
883 1
884 0
885 2
886 0
887 0
888 2
889 0
890 2
891 0
892 1
893 1
894 2
895 1
896 1
897 0
898 1
899 2
900 1
901 2
902 0
903 1
904 0
905 2
906 1
907 1
908 0
909 2
910 1
911 0
912 0
913 2
914 1
915 0
916 1
917 1
918 0
919 1
920 1
921 2
922 1
923 2
924 1
925 1
926 0
927 1
928 1
929 1
930 1
931 1
932 1
933 2
934 0
935 2
936 1
937 2
938 2
939 0
940 1
941 0
942 1
943 0
944 1
945 0
946 1
947 0
948 2
949 1
950 2
951 0
952 1
953 1
954 1
955 0
956 0
957 3
958 1
959 0
960 0
961 2
962 1
963 1
964 1
965 0
966 2
967 0
968 1
969 1
970 1
971 1
972 0
973 0
974 1
975 1
976 0
977 0
978 0
979 2
980 0
981 0
982 1
983 0
984 0
985 1
986 0
987 0
988 1
989 1
990 2
991 2
992 0
993 0
994 2
995 1
996 0
997 2
998 0
999 0
1000 0
1001 2
1002 2
1003 2
1004 0
1005 1
1006 0
1007 1
1008 0
1009 2
1010 1
1011 0
1012 0
1013 1
1014 2
1015 0
1016 1
1017 1
1018 1
1019 2
1020 2
1021 1
1022 0
1023 1
1024 1
1025 0
1026 1
1027 1
1028 2
1029 1
1030 1
1031 0
1032 1
1033 1
1034 1
1035 0
1036 2
1037 2
1038 1
1039 1
1040 0
1041 0
1042 1
1043 2
1044 2
1045 0
1046 0
1047 0
1048 0
1049 2
1050 0
1051 1
1052 2
1053 1
1054 1
1055 1
1056 0
1057 1
1058 0
1059 1
1060 2
1061 2
1062 1
1063 0
1064 0
1065 0
1066 1
1067 1
1068 0
1069 1
1070 1
1071 0
1072 1
1073 0
1074 1
1075 0
1076 0
1077 0
1078 1
1079 1
1080 1
1081 2
1082 1
1083 1
1084 0
1085 2
1086 3
1087 2
1088 1
1089 1
1090 1
1091 1
1092 2
1093 0
1094 0
1095 2
1096 1
1097 2
1098 0
1099 1
1100 1
1101 1
1102 0
1103 1
1104 1
1105 0
1106 0
1107 1
1108 1
1109 1
1110 1
1111 1
1112 1
1113 0
1114 3
1115 0
1116 0
1117 2
1118 1
1119 2
1120 2
1121 1
1122 0
1123 1
1124 1
1125 1
1126 1
1127 2
1128 0
1129 1
1130 1
1131 1
1132 1
1133 1
1134 1
1135 0
1136 1
1137 1
1138 1
1139 0
1140 2
1141 1
1142 1
1143 0
1144 1
1145 2
1146 1
1147 0
1148 2
1149 0
1150 1
1151 1
1152 1
1153 1
1154 0
1155 1
1156 0
1157 1
1158 0
1159 1
1160 1
1161 1
1162 1
1163 1
1164 1
1165 1
1166 3
1167 2
1168 1
1169 1
1170 1
1171 1
1172 1
1173 0
1174 1
1175 1
1176 1
1177 2
1178 1
1179 1
1180 2
1181 1
1182 2
1183 2
1184 2
1185 2
1186 1
1187 1
1188 2
1189 1
1190 2
1191 1
1192 1
1193 1
1194 2
1195 0
1196 0
1197 1
1198 0
1199 0
1200 1
1201 1
1202 2
1203 0
1204 1
1205 1
1206 1
1207 1
1208 2
1209 0
1210 2
1211 1
1212 1
1213 1
1214 2
1215 1
1216 2
1217 2
1218 1
1219 0
1220 1
1221 1
1222 2
1223 2
1224 1
1225 1
1226 1
1227 2
1228 0
1229 1
1230 2
1231 0
1232 1
1233 2
1234 1
1235 1
1236 2
1237 1
1238 1
1239 2
1240 0
1241 2
1242 0
1243 1
1244 1
1245 2
1246 1
1247 0
1248 2
1249 1
1250 2
1251 0
1252 0
1253 2
1254 2
1255 2
1256 1
1257 1
1258 2
1259 1
1260 2
1261 1
1262 1
1263 0
1264 1
1265 2
1266 1
1267 2
1268 2
1269 3
1270 1
1271 1
1272 0
1273 2
1274 1
1275 2
1276 1
1277 1
1278 1
1279 2
1280 2
1281 1
1282 0
1283 2
1284 1
1285 2
1286 1
1287 0
1288 0
1289 0
1290 1
1291 0
1292 0
1293 1
1294 1
1295 1
1296 1
1297 1
1298 2
1299 1
1300 1
1301 1
1302 2
1303 0
1304 1
1305 1
1306 1
1307 0
1308 1
1309 0
1310 0
1311 0
1312 2
1313 0
1314 2
1315 1
1316 1
1317 1
1318 0
1319 2
1320 1
1321 0
1322 0
1323 0
1324 1
1325 1
1326 1
1327 1
1328 2
1329 1
1330 1
1331 1
1332 1
1333 1
1334 1
1335 1
1336 2
1337 1
1338 1
1339 1
1340 0
1341 2
1342 2
1343 0
1344 2
1345 1
1346 1
1347 1
1348 0
1349 1
1350 1
1351 1
1352 1
1353 1
1354 2
1355 1
1356 1
1357 0
1358 0
1359 2
1360 0
1361 2
1362 1
1363 0
1364 1
1365 1
1366 1
1367 1
1368 3
1369 1
1370 0
1371 0
1372 1
1373 1
1374 1
1375 1
1376 1
1377 1
1378 2
1379 1
1380 1
1381 0
1382 2
1383 1
1384 3
1385 1
1386 1
1387 0
1388 2
1389 1
1390 1
1391 0
1392 1
1393 1
1394 1
1395 1
1396 1
1397 1
1398 0
1399 3
1400 1
1401 1
1402 1
1403 0
1404 0
1405 0
1406 1
1407 1
1408 1
1409 2
1410 2
1411 1
1412 1
1413 2
1414 1
1415 1
1416 1
1417 0
1418 0
1419 0
1420 2
1421 0
1422 1
1423 0
1424 2
1425 1
1426 0
1427 1
1428 1
1429 1
1430 1
1431 0
1432 2
1433 3
1434 1
1435 0
1436 0
1437 0
1438 2
1439 0
1440 2
1441 0
1442 0
1443 1
1444 2
1445 0
1446 1
1447 0
1448 2
1449 1
1450 2
1451 1
1452 2
1453 1
1454 1
1455 1
1456 2
1457 0
1458 1
1459 0
1460 1
1461 1
1462 2
1463 1
1464 1
1465 1
1466 0
1467 2
1468 0
1469 2
1470 1
1471 2
1472 1
1473 0
1474 1
1475 0
1476 1
1477 3
1478 1
1479 1
1480 1
1481 1
1482 1
1483 1
1484 0
1485 1
1486 2
1487 2
1488 2
1489 0
1490 1
1491 0
1492 1
1493 2
1494 1
1495 1
1496 2
1497 1
1498 2
1499 1
1500 2
1501 1
1502 1
1503 1
1504 2
1505 0
1506 2
1507 2
1508 1
1509 0
1510 2
1511 2
1512 1
1513 2
1514 1
1515 0
1516 1
1517 1
1518 1
1519 1
1520 1
1521 1
1522 1
1523 0
1524 1
1525 2
1526 2
1527 1
1528 2
1529 0
1530 1
1531 1
1532 1
1533 2
1534 0
1535 1
1536 1
1537 2
1538 0
1539 0
1540 1
1541 2
1542 0
1543 1
1544 1
1545 1
1546 1
1547 1
1548 1
1549 1
1550 1
1551 1
1552 1
1553 2
1554 1
1555 0
1556 1
1557 2
1558 1
1559 0
1560 0
1561 1
1562 0
1563 0
1564 1
1565 0
1566 0
1567 0
1568 1
1569 1
1570 1
1571 1
1572 0
1573 1
1574 1
1575 2
1576 1
1577 0
1578 0
1579 0
1580 4
1581 1
1582 0
1583 0
1584 0
1585 2
1586 0
1587 2
1588 2
1589 1
1590 2
1591 1
1592 0
1593 3
1594 1
1595 0
1596 3
1597 1
1598 0
1599 0
1600 0
1601 2
1602 0
1603 1
1604 2
1605 1
1606 1
1607 1
1608 0
1609 0
1610 0
1611 1
1612 0
1613 2
1614 2
1615 0
1616 1
1617 0
1618 0
1619 0
1620 1
1621 0
1622 0
1623 0
1624 0
1625 0
1626 0
1627 0
1628 1
1629 0
1630 0
1631 0
1632 0
1633 0
1634 2
1635 0
1636 0
1637 0
1638 0
1639 0
1640 0
1641 0
1642 1
1643 2
1644 0
1645 0
1646 0
1647 1
1648 0
1649 0
1650 0
1651 0
1652 0
1653 0
1654 0
1655 0
1656 1
1657 0
1658 0
1659 1
1660 0
1661 1
1662 0
1663 1
1664 0
1665 1
1666 1
1667 0
1668 5
1669 0
1670 0
1671 1
1672 0
1673 0
1674 0
1675 0
1676 0
1677 0
1678 0
1679 2
1680 0
1681 1
1682 0
1683 1
1684 0
1685 0
1686 0
1687 0
1688 2
1689 0
1690 0
1691 0
1692 0
1693 0
1694 0
1695 1
1696 1
1697 1
1698 0
1699 0
1700 1
1701 1
1702 0
1703 0
1704 0
1705 0
1706 1
1707 0
1708 0
1709 0
1710 0
1711 0
1712 0
1713 0
1714 0
1715 1
1716 0
1717 1
1718 1
1719 1
1720 0
1721 1
1722 0
1723 0
1724 0
1725 0
1726 0
1727 0
1728 0
1729 0
1730 0
1731 0
1732 0
1733 0
1734 0
1735 0
1736 0
1737 0
1738 0
1739 2
1740 3
1741 2
1742 3
1743 1
1744 4
1745 3
1746 0
1747 0
1748 2
1749 2
1750 1
1751 1
1752 2
1753 0
1754 1
1755 2
1756 0
1757 1
1758 0
1759 0
1760 0
1761 0
1762 0
1763 0
1764 0
1765 0
1766 0
1767 0
1768 0
1769 0
1770 0
1771 0
1772 0
1773 0
1774 0
1775 0
1776 0
1777 0
1778 0
1779 0
1780 1
1781 0
1782 0
1783 0
1784 0
1785 0
1786 0
1787 0
1788 0
1789 0
1790 0
1791 1
1792 0
1793 0
1794 0
1795 0
1796 1
1797 0
1798 1
1799 0
1800 0
1801 0
1802 0
1803 0
1804 0
1805 0
1806 0
1807 0
1808 0
1809 0
1810 0
1811 0
1812 0
1813 0
1814 0
1815 0
1816 0
1817 0
1818 0
1819 0
1820 1
1821 0
1822 0
1823 0
1824 0
1825 0
1826 0
1827 1
1828 0
1829 0
1830 1
1831 0
1832 0
1833 0
1834 0
1835 0
1836 0
1837 1
1838 1
1839 0
1840 0
1841 0
1842 0
1843 0
1844 0
1845 0
1846 1
1847 1
1848 0
1849 1
1850 0
1851 0
1852 1
1853 0
1854 0
1855 0
1856 0
1857 0
1858 0
1859 0
1860 2
1861 1
1862 1
1863 1
1864 1
1865 0
1866 0
1867 0
1868 0
1869 0
1870 0
1871 0
1872 0
1873 1
1874 1
1875 0
1876 1
1877 0
1878 0
1879 0
1880 0
1881 0
1882 1
1883 0
1884 0
1885 0
1886 0
1887 1
1888 1
1889 1
1890 1
1891 1
1892 0
1893 1
1894 0
1895 1
1896 2
1897 1
1898 1
1899 0
1900 0
1901 1
1902 1
1903 0
1904 0
1905 1
1906 0
1907 1
1908 1
1909 0
1910 0
1911 0
1912 0
1913 0
1914 3
1915 3
1916 0
1917 0
1918 0
1919 2
1920 0
1921 0
1922 0
1923 0
1924 0
1925 0
1926 2
1927 2
1928 3
1929 2
1930 2
1931 2
1932 1
1933 0
1934 1
1935 2
1936 1
1937 1
1938 1
1939 0
1940 1
1941 2
1942 2
1943 1
1944 0
1945 0
1946 0
1947 0
1948 0
1949 1
1950 1
1951 0
1952 0
1953 0
1954 0
1955 1
1956 0
1957 0
1958 0
1959 0
1960 0
1961 0
1962 1
1963 0
1964 1
1965 0
1966 0
1967 0
1968 1
1969 0
1970 0
1971 0
1972 0
1973 0
1974 0
1975 1
1976 2
1977 3
1978 2
1979 2
1980 0
1981 1
1982 2
1983 1
1984 2
1985 1
1986 0
1987 0
1988 0
1989 1
1990 2
1991 1
1992 1
1993 0
1994 1
1995 3
1996 0
1997 1
1998 2
1999 1
