0 1
1 0
2 0
3 1
4 0
5 0
6 0
7 1
8 0
9 1
10 0
11 1
12 1
13 1
14 1
15 0
16 0
17 0
18 0
19 0
20 0
21 0
22 0
23 0
24 0
25 1
26 0
27 0
28 0
29 1
30 1
31 0
32 0
33 0
34 0
35 1
36 0
37 1
38 0
39 1
40 1
41 0
42 0
43 0
44 0
45 0
46 0
47 0
48 0
49 0
50 0
51 0
52 0
53 0
54 0
55 0
56 0
57 1
58 0
59 0
60 0
61 0
62 0
63 0
64 0
65 0
66 0
67 0
68 0
69 0
70 0
71 0
72 0
73 0
74 0
75 0
76 0
77 0
78 1
79 0
80 2
81 0
82 2
83 0
84 0
85 0
86 1
87 1
88 1
89 2
90 1
91 2
92 2
93 1
94 0
95 2
96 2
97 0
98 0
99 0
100 0
101 2
102 1
103 0
104 0
105 0
106 0
107 0
108 1
109 0
110 0
111 1
112 1
113 0
114 1
115 1
116 1
117 0
118 1
119 0
120 0
121 0
122 0
123 0
124 1
125 0
126 0
127 0
128 0
129 0
130 0
131 0
132 0
133 1
134 0
135 0
136 1
137 0
138 0
139 0
140 0
141 0
142 0
143 0
144 0
145 0
146 0
147 0
148 0
149 0
150 0
151 0
152 0
153 0
154 0
155 0
156 1
157 0
158 0
159 0
160 0
161 0
162 0
163 0
164 0
165 1
166 0
167 0
168 0
169 0
170 0
171 0
172 1
173 0
174 1
175 0
176 0
177 0
178 0
179 0
180 0
181 1
182 1
183 1
184 1
185 1
186 1
187 2
188 1
189 1
190 1
191 1
192 0
193 0
194 1
195 1
196 0
197 0
198 0
199 0
200 0
201 0
202 0
203 0
204 0
205 0
206 1
207 1
208 0
209 0
210 0
211 0
212 0
213 0
214 0
215 0
216 0
217 0
218 0
219 0
220 0
221 0
222 0
223 0
224 1
225 1
226 0
227 0
228 0
229 0
230 0
231 0
232 0
233 0
234 0
235 0
236 0
237 0
238 0
239 0
240 1
241 0
242 0
243 0
244 0
245 0
246 0
247 0
248 0
249 0
250 0
251 0
252 0
253 0
254 1
255 0
256 0
257 0
258 0
259 0
260 1
261 0
262 0
263 0
264 0
265 0
266 1
267 0
268 0
269 1
270 0
271 1
272 0
273 1
274 0
275 0
276 0
277 1
278 0
279 0
280 1
281 1
282 1
283 0
284 0
285 0
286 0
287 0
288 0
289 0
290 0
291 1
292 0
293 1
294 1
295 0
296 0
297 0
298 1
299 1
300 0
301 1
302 0
303 0
304 0
305 0
306 0
307 0
308 0
309 0
310 0
311 1
312 1
313 0
314 0
315 1
316 0
317 1
318 0
319 0
320 0
321 0
322 0
323 0
324 1
325 1
326 1
327 0
328 0
329 0
330 1
331 0
332 0
333 0
334 1
335 0
336 0
337 1
338 1
339 1
340 1
341 1
342 1
343 1
344 1
345 0
346 1
347 0
348 1
349 0
350 0
351 1
352 1
353 1
354 1
355 1
356 1
357 1
358 1
359 1
360 1
361 1
362 2
363 1
364 0
365 1
366 1
367 1
368 1
369 1
370 1
371 1
372 0
373 1
374 0
375 0
376 0
377 0
378 0
379 1
380 0
381 0
382 1
383 1
384 0
385 0
386 1
387 0
388 0
389 0
390 1
391 0
392 0
393 0
394 0
395 1
396 0
397 2
398 1
399 1
400 2
401 1
402 0
403 0
404 2
405 0
406 1
407 1
408 0
409 0
410 0
411 2
412 0
413 0
414 1
415 1
416 1
417 1
418 0
419 0
420 1
421 1
422 1
423 1
424 1
425 1
426 0
427 1
428 1
429 0
430 1
431 1
432 0
433 1
434 0
435 1
436 1
437 0
438 1
439 1
440 0
441 1
442 1
443 0
444 1
445 1
446 1
447 1
448 1
449 0
450 0
451 0
452 0
453 1
454 2
455 0
456 1
457 1
458 1
459 0
460 1
461 1
462 0
463 0
464 1
465 1
466 0
467 1
468 0
469 1
470 1
471 1
472 1
473 0
474 0
475 2
476 0
477 1
478 1
479 1
480 1
481 1
482 1
483 1
484 1
485 2
486 0
487 1
488 0
489 0
490 0
491 0
492 1
493 0
494 1
495 0
496 0
497 0
498 0
499 1
500 0
501 0
502 0
503 1
504 0
505 0
506 0
507 0
508 1
509 0
510 2
511 1
512 0
513 0
514 0
515 1
516 0
517 0
518 0
519 0
520 0
521 0
522 0
523 0
524 0
525 1
526 0
527 1
528 1
529 1
530 1
531 0
532 1
533 1
534 1
535 1
536 1
537 1
538 0
539 1
540 0
541 1
542 1
543 1
544 0
545 0
546 2
547 1
548 1
549 1
550 0
551 0
552 1
553 1
554 0
555 0
556 0
557 0
558 0
559 0
560 0
561 0
562 1
563 0
564 0
565 0
566 0
567 0
568 0
569 1
570 2
571 0
572 0
573 0
574 0
575 0
576 0
577 0
578 0
579 0
580 0
581 0
582 0
583 0
584 0
585 0
586 0
587 0
588 0
589 0
590 0
591 1
592 1
593 2
594 1
595 1
596 1
597 1
598 1
599 1
600 1
601 1
602 1
603 0
604 1
605 1
606 1
607 1
608 0
609 1
610 1
611 0
612 1
613 1
614 1
615 0
616 2
617 1
618 1
619 1
620 2
621 0
622 2
623 0
624 1
625 1
626 1
627 2
628 1
629 1
630 1
631 1
632 1
633 0
634 1
635 1
636 0
637 1
638 0
639 0
640 1
641 1
642 0
643 1
644 1
645 0
646 1
647 1
648 1
649 1
650 0
651 1
652 1
653 1
654 0
655 1
656 1
657 1
658 1
659 1
660 1
661 1
662 0
663 0
664 1
665 1
666 1
667 1
668 1
669 1
670 0
671 1
672 1
673 0
674 0
675 1
676 0
677 0
678 0
679 1
680 1
681 1
682 1
683 1
684 1
685 0
686 1
687 1
688 2
689 1
690 1
691 2
692 0
693 1
694 2
695 2
696 1
697 0
698 0
699 1
700 1
701 1
702 1
703 1
704 1
705 0
706 1
707 1
708 0
709 1
710 1
711 1
712 0
713 0
714 1
715 1
716 1
717 1
718 1
719 1
720 1
721 1
722 1
723 1
724 1
725 1
726 1
727 0
728 1
729 1
730 1
731 1
732 1
733 1
734 0
735 1
736 0
737 0
738 1
739 1
740 0
741 1
742 0
743 0
744 1
745 1
746 0
747 1
748 0
749 1
750 1
751 2
752 1
753 1
754 1
755 0
756 0
757 1
758 0
759 0
760 0
761 0
762 0
763 1
764 0
765 1
766 1
767 1
768 1
769 1
770 0
771 0
772 0
773 0
774 1
775 0
776 0
777 1
778 0
779 0
780 0
781 0
782 0
783 0
784 1
785 2
786 1
787 0
788 1
789 0
790 0
791 0
792 0
793 2
794 1
795 0
796 0
797 0
798 1
799 0
800 1
801 1
802 0
803 0
804 0
805 0
806 0
807 0
808 0
809 0
810 0
811 0
812 0
813 0
814 1
815 1
816 0
817 1
818 1
819 0
820 1
821 1
822 1
823 1
824 1
825 0
826 1
827 1
828 0
829 1
830 1
831 1
832 1
833 1
834 0
835 1
836 0
837 1
838 1
839 0
840 0
841 0
842 1
843 1
844 0
845 0
846 0
847 0
848 0
849 0
850 1
851 0
852 0
853 1
854 1
855 0
856 0
857 1
858 1
859 1
860 0
861 0
862 0
863 1
864 0
865 2
866 0
867 0
868 0
869 0
870 0
871 0
872 0
873 0
874 0
875 0
876 0
877 0
878 1
879 1
880 0
881 0
882 1
883 1
884 1
885 0
886 1
887 1
888 0
889 0
890 0
891 1
892 0
893 0
894 1
895 2
896 1
897 1
898 0
899 1
900 0
901 0
902 1
903 0
904 1
905 0
906 1
907 1
908 0
909 1
910 0
911 0
912 0
913 2
914 1
915 1
916 1
917 1
918 0
919 1
920 1
921 0
922 0
923 2
924 2
925 1
926 1
927 1
928 1
929 0
930 0
931 0
932 0
933 0
934 0
935 0
936 0
937 0
938 0
939 0
940 0
941 0
942 1
943 0
944 1
945 1
946 1
947 1
948 1
949 1
950 1
951 1
952 2
953 1
954 1
955 1
956 0
957 1
958 1
959 1
960 1
961 1
962 1
963 0
964 0
965 1
966 1
967 1
968 1
969 1
970 1
971 1
972 0
973 1
974 1
975 0
976 0
977 1
978 0
979 0
980 1
981 1
982 0
983 0
984 1
985 1
986 1
987 1
988 0
989 0
990 0
991 0
992 1
993 0
994 1
995 0
996 1
997 0
998 1
999 0
1000 1
1001 1
1002 0
1003 1
1004 0
1005 1
1006 0
1007 0
1008 1
1009 0
1010 0
1011 1
1012 0
1013 1
1014 1
1015 1
1016 1
1017 1
1018 0
1019 1
1020 1
1021 1
1022 1
1023 1
1024 0
1025 0
1026 1
1027 0
1028 0
1029 0
1030 0
1031 1
1032 0
1033 0
1034 1
1035 0
1036 0
1037 0
1038 0
1039 0
1040 0
1041 1
1042 1
1043 1
1044 0
1045 0
1046 0
1047 1
1048 0
1049 1
1050 0
1051 0
1052 0
1053 1
1054 1
1055 2
1056 0
1057 0
1058 1
1059 1
1060 0
1061 1
1062 1
1063 0
1064 0
1065 0
1066 1
1067 1
1068 1
1069 1
1070 1
1071 1
1072 1
1073 1
1074 1
1075 1
1076 1
1077 1
1078 1
1079 0
1080 1
1081 0
1082 0
1083 0
1084 0
1085 1
1086 1
1087 1
1088 1
1089 1
1090 1
1091 1
1092 1
1093 1
1094 0
1095 1
1096 0
1097 0
1098 1
1099 1
1100 2
1101 2
1102 1
1103 1
1104 1
1105 0
1106 0
1107 2
1108 1
1109 0
1110 0
1111 1
1112 0
1113 1
1114 1
1115 1
1116 1
1117 0
1118 1
1119 1
1120 1
1121 1
1122 1
1123 0
1124 2
1125 1
1126 1
1127 0
1128 1
1129 0
1130 1
1131 1
1132 1
1133 1
1134 0
1135 0
1136 0
1137 1
1138 1
1139 2
1140 0
1141 2
1142 0
1143 0
1144 0
1145 0
1146 0
1147 1
1148 1
1149 1
1150 1
1151 1
1152 1
1153 0
1154 0
1155 1
1156 0
1157 0
1158 1
1159 1
1160 0
1161 0
1162 0
1163 0
1164 0
1165 0
1166 0
1167 0
1168 1
1169 1
1170 1
1171 1
1172 2
1173 1
1174 1
1175 1
1176 1
1177 0
1178 1
1179 1
1180 0
1181 0
1182 1
1183 0
1184 1
1185 0
1186 1
1187 1
1188 1
1189 1
1190 1
1191 0
1192 0
1193 0
1194 0
1195 1
1196 1
1197 1
1198 0
1199 1
1200 1
1201 1
1202 1
1203 1
1204 0
1205 1
1206 0
1207 0
1208 1
1209 0
1210 1
1211 1
1212 1
1213 1
1214 1
1215 0
1216 1
1217 0
1218 2
1219 0
1220 1
1221 3
1222 1
1223 1
1224 1
1225 0
1226 0
1227 1
1228 1
1229 1
1230 1
1231 1
1232 0
1233 1
1234 0
1235 1
1236 0
1237 1
1238 1
1239 2
1240 1
1241 1
1242 2
1243 2
1244 1
1245 1
1246 1
1247 1
1248 2
1249 1
1250 1
1251 1
1252 1
1253 1
1254 0
1255 0
1256 1
1257 1
1258 1
1259 1
1260 1
1261 0
1262 1
1263 1
1264 2
1265 1
1266 1
1267 1
1268 1
1269 0
1270 1
1271 0
1272 0
1273 1
1274 1
1275 1
1276 1
1277 0
1278 1
1279 1
1280 1
1281 1
1282 1
1283 1
1284 0
1285 0
1286 0
1287 0
1288 1
1289 0
1290 1
1291 1
1292 0
1293 1
1294 0
1295 1
1296 0
1297 0
1298 1
1299 1
1300 0
1301 0
1302 1
1303 0
1304 1
1305 1
1306 1
1307 0
1308 0
1309 0
1310 1
1311 1
1312 0
1313 1
1314 1
1315 0
1316 1
1317 1
1318 0
1319 1
1320 2
1321 0
1322 1
1323 0
1324 1
1325 1
1326 1
1327 1
1328 0
1329 0
1330 2
1331 1
1332 1
1333 1
1334 1
1335 1
1336 1
1337 1
1338 0
1339 1
1340 1
1341 0
1342 1
1343 1
1344 1
1345 1
1346 1
1347 1
1348 0
1349 0
1350 1
1351 1
1352 1
1353 1
1354 0
1355 1
1356 1
1357 0
1358 0
1359 0
1360 0
1361 0
1362 1
1363 1
1364 1
1365 0
1366 1
1367 1
1368 1
1369 0
1370 1
1371 2
1372 0
1373 0
1374 1
1375 0
1376 0
1377 1
1378 0
1379 1
1380 0
1381 0
1382 1
1383 0
1384 0
1385 0
1386 1
1387 1
1388 1
1389 1
1390 1
1391 0
1392 2
1393 1
1394 0
1395 1
1396 1
1397 0
1398 1
1399 0
1400 0
1401 1
1402 0
1403 0
1404 1
1405 1
1406 0
1407 1
1408 0
1409 0
1410 1
1411 1
1412 0
1413 1
1414 1
1415 1
1416 1
1417 1
1418 1
1419 1
1420 0
1421 1
1422 1
1423 1
1424 1
1425 0
1426 1
1427 1
1428 0
1429 1
1430 1
1431 1
1432 0
1433 1
1434 0
1435 1
1436 0
1437 0
1438 0
1439 0
1440 1
1441 1
1442 0
1443 1
1444 0
1445 1
1446 0
1447 0
1448 1
1449 1
1450 1
1451 1
1452 0
1453 0
1454 1
1455 0
1456 1
1457 1
1458 0
1459 1
1460 0
1461 0
1462 0
1463 0
1464 0
1465 0
1466 1
1467 1
1468 1
1469 1
1470 0
1471 1
1472 1
1473 0
1474 1
1475 0
1476 0
1477 1
1478 2
1479 0
1480 2
1481 0
1482 0
1483 1
1484 0
1485 1
1486 1
1487 1
1488 1
1489 1
1490 0
1491 1
1492 1
1493 0
1494 1
1495 0
1496 0
1497 1
1498 1
1499 1
1500 1
1501 1
1502 1
1503 1
1504 1
1505 1
1506 0
1507 0
1508 2
1509 2
1510 1
1511 1
1512 1
1513 1
1514 0
1515 0
1516 1
1517 1
1518 1
1519 1
1520 1
1521 1
1522 1
1523 1
1524 1
1525 1
1526 1
1527 0
1528 0
1529 1
1530 0
1531 0
1532 1
1533 0
1534 1
1535 1
1536 0
1537 1
1538 0
1539 1
1540 0
1541 1
1542 1
1543 1
1544 1
1545 0
1546 0
1547 1
1548 1
1549 1
1550 1
1551 0
1552 1
1553 1
1554 1
1555 1
1556 1
1557 1
1558 1
1559 0
1560 0
1561 1
1562 1
1563 1
1564 0
1565 1
1566 1
1567 2
1568 2
1569 1
1570 0
1571 1
1572 1
1573 1
1574 1
1575 1
1576 1
1577 0
1578 0
1579 1
1580 1
1581 1
1582 1
1583 1
1584 0
1585 0
1586 0
1587 1
1588 1
1589 1
1590 0
1591 1
1592 0
1593 1
1594 1
1595 1
1596 0
1597 2
1598 1
1599 1
1600 1
1601 1
1602 1
1603 1
1604 1
1605 0
1606 1
1607 1
1608 1
1609 1
1610 1
1611 1
1612 0
1613 1
1614 0
1615 0
1616 0
1617 2
1618 1
1619 1
1620 1
1621 0
1622 1
1623 1
1624 1
1625 1
1626 1
1627 0
1628 1
1629 0
1630 1
1631 0
1632 1
1633 0
1634 1
1635 0
1636 1
1637 0
1638 1
1639 0
1640 1
1641 0
1642 0
1643 0
1644 0
1645 1
1646 1
1647 0
1648 1
1649 1
1650 1
1651 0
1652 1
1653 1
1654 0
1655 0
1656 0
1657 1
1658 1
1659 0
1660 0
1661 0
1662 1
1663 1
1664 1
1665 1
1666 2
1667 1
1668 0
1669 1
1670 1
1671 0
1672 0
1673 1
1674 1
1675 1
1676 1
1677 1
1678 1
1679 1
1680 1
1681 1
1682 1
1683 1
1684 1
1685 1
1686 0
1687 1
1688 1
1689 1
1690 1
1691 1
1692 2
1693 0
1694 1
1695 1
1696 1
1697 1
1698 1
1699 1
1700 1
1701 1
1702 1
1703 1
1704 1
1705 0
1706 1
1707 0
1708 1
1709 0
1710 1
1711 1
1712 1
1713 0
1714 1
1715 0
1716 1
1717 1
1718 0
1719 1
1720 1
1721 1
1722 1
1723 1
1724 1
1725 1
1726 1
1727 1
1728 1
1729 0
1730 0
1731 1
1732 1
1733 1
1734 1
1735 0
1736 1
1737 0
1738 1
1739 1
1740 0
1741 1
1742 1
1743 1
1744 1
1745 1
1746 0
1747 2
1748 1
1749 1
1750 2
1751 1
1752 1
1753 1
1754 1
1755 1
1756 1
1757 1
1758 1
1759 2
1760 0
1761 1
1762 2
1763 1
1764 1
1765 1
1766 2
1767 1
1768 1
1769 1
1770 0
1771 1
1772 1
1773 1
1774 2
1775 1
1776 0
1777 0
1778 1
1779 1
1780 0
1781 1
1782 1
1783 1
1784 2
1785 0
1786 1
1787 0
1788 1
1789 0
1790 0
1791 1
1792 1
1793 0
1794 1
1795 1
1796 1
1797 0
1798 1
1799 0
1800 1
1801 0
1802 2
1803 1
1804 1
1805 1
1806 1
1807 0
1808 0
1809 1
1810 1
1811 1
1812 1
1813 1
1814 0
1815 1
1816 0
1817 1
1818 0
1819 1
1820 1
1821 1
1822 1
1823 1
1824 1
1825 0
1826 1
1827 0
1828 1
1829 0
1830 1
1831 0
1832 0
1833 1
1834 0
1835 1
1836 1
1837 1
1838 1
1839 0
1840 1
1841 1
1842 1
1843 1
1844 1
1845 1
1846 1
1847 1
1848 1
1849 1
1850 0
1851 1
1852 1
1853 1
1854 1
1855 1
1856 1
1857 1
1858 1
1859 1
1860 1
1861 1
1862 1
1863 1
1864 1
1865 1
1866 1
1867 0
1868 0
1869 1
1870 1
1871 1
1872 0
1873 0
1874 1
1875 1
1876 1
1877 1
1878 1
1879 0
1880 1
1881 1
1882 1
1883 2
1884 1
1885 0
1886 1
1887 0
1888 1
1889 0
1890 1
1891 1
1892 0
1893 1
1894 1
1895 2
1896 1
1897 0
1898 0
1899 1
1900 1
1901 0
1902 1
1903 0
1904 0
1905 1
1906 0
1907 0
1908 1
1909 1
1910 1
1911 1
1912 1
1913 1
1914 1
1915 1
1916 1
1917 1
1918 1
1919 1
1920 0
1921 1
1922 1
1923 1
1924 0
1925 1
1926 0
1927 1
1928 0
1929 1
1930 1
1931 0
1932 0
1933 1
1934 0
1935 1
1936 0
1937 0
1938 0
1939 1
1940 1
1941 2
1942 1
1943 1
1944 0
1945 1
1946 1
1947 0
1948 0
1949 1
1950 0
1951 1
1952 1
1953 1
1954 2
1955 0
1956 1
1957 2
1958 1
1959 0
1960 0
1961 0
1962 0
1963 1
1964 1
1965 0
1966 1
1967 1
1968 1
1969 1
1970 1
1971 2
1972 1
1973 1
1974 1
1975 0
1976 1
1977 1
1978 1
1979 0
1980 1
1981 1
1982 2
1983 1
1984 1
1985 0
1986 1
1987 1
1988 0
1989 1
1990 1
1991 1
1992 2
1993 1
1994 1
1995 1
1996 1
1997 1
1998 1
1999 0
