0 2
1 2
2 1
3 2
4 1
5 1
6 3
7 3
8 2
9 1
10 3
11 1
12 2
13 2
14 2
15 2
16 3
17 1
18 1
19 1
20 2
21 2
22 1
23 1
24 1
25 3
26 3
27 2
28 1
29 2
30 2
31 2
32 2
33 2
34 3
35 2
36 1
37 2
38 1
39 2
40 1
41 2
42 1
43 2
44 1
45 1
46 2
47 2
48 1
49 2
50 3
51 2
52 1
53 1
54 1
55 1
56 1
57 1
58 2
59 3
60 3
61 3
62 2
63 0
64 0
65 2
66 1
67 2
68 1
69 0
70 1
71 2
72 1
73 0
74 0
75 0
76 3
77 1
78 1
79 1
80 1
81 1
82 1
83 3
84 1
85 2
86 3
87 1
88 2
89 1
90 1
91 2
92 2
93 1
94 1
95 1
96 1
97 3
98 2
99 2
100 2
101 3
102 1
103 1
104 3
105 1
106 2
107 2
108 2
109 0
110 2
111 0
112 2
113 2
114 1
115 1
116 1
117 3
118 3
119 2
120 1
121 3
122 4
123 1
124 1
125 2
126 0
127 1
128 0
129 1
130 0
131 0
132 0
133 0
134 0
135 0
136 0
137 0
138 0
139 2
140 1
141 3
142 1
143 1
144 0
145 0
146 0
147 0
148 0
149 0
150 1
151 0
152 1
153 0
154 0
155 1
156 1
157 1
158 2
159 1
160 2
161 0
162 1
163 0
164 0
165 0
166 0
167 1
168 0
169 0
170 0
171 0
172 1
173 1
174 1
175 0
176 1
177 1
178 1
179 1
180 1
181 2
182 0
183 0
184 0
185 1
186 1
187 1
188 0
189 1
190 2
191 3
192 1
193 1
194 2
195 2
196 0
197 1
198 1
199 1
200 1
201 0
202 2
203 2
204 0
205 4
206 3
207 2
208 2
209 0
210 0
211 1
212 2
213 1
214 0
215 0
216 1
217 2
218 1
219 0
220 1
221 0
222 2
223 0
224 2
225 1
226 2
227 3
228 4
229 3
230 0
231 2
232 1
233 0
234 2
235 1
236 2
237 1
238 1
239 1
240 0
241 1
242 1
243 2
244 1
245 1
246 1
247 1
248 3
249 1
250 1
251 1
252 2
253 1
254 1
255 1
256 1
257 1
258 1
259 1
260 2
261 1
262 1
263 0
264 1
265 2
266 1
267 1
268 0
269 1
270 1
271 1
272 2
273 1
274 1
275 1
276 1
277 1
278 3
279 1
280 1
281 1
282 1
283 1
284 1
285 2
286 1
287 2
288 1
289 1
290 1
291 2
292 1
293 0
294 0
295 0
296 1
297 0
298 2
299 0
300 0
301 0
302 1
303 0
304 2
305 1
306 0
307 1
308 2
309 2
310 1
311 2
312 2
313 2
314 0
315 2
316 0
317 0
318 1
319 0
320 0
321 0
322 1
323 0
324 0
325 2
326 0
327 0
328 2
329 1
330 0
331 0
332 2
333 1
334 0
335 0
336 0
337 0
338 0
339 1
340 0
341 0
342 1
343 1
344 1
345 1
346 1
347 1
348 1
349 2
350 1
351 1
352 1
353 0
354 0
355 0
356 1
357 1
358 1
359 1
360 0
361 1
362 2
363 0
364 2
365 1
366 1
367 0
368 2
369 1
370 0
371 2
372 1
373 0
374 2
375 0
376 1
377 0
378 2
379 2
380 3
381 3
382 1
383 1
384 2
385 0
386 3
387 2
388 2
389 2
390 1
391 0
392 1
393 1
394 0
395 0
396 0
397 0
398 2
399 0
400 1
401 0
402 3
403 2
404 2
405 2
406 1
407 2
408 0
409 0
410 0
411 0
412 0
413 0
414 0
415 0
416 1
417 0
418 0
419 1
420 0
421 3
422 0
423 1
424 0
425 1
426 1
427 1
428 1
429 1
430 2
431 0
432 0
433 0
434 0
435 0
436 0
437 1
438 0
439 0
440 0
441 3
442 1
443 1
444 1
445 1
446 1
447 0
448 0
449 2
450 3
451 2
452 2
453 1
454 1
455 2
456 2
457 1
458 2
459 1
460 1
461 1
462 1
463 1
464 1
465 1
466 0
467 1
468 1
469 2
470 1
471 1
472 1
473 2
474 0
475 2
476 2
477 1
478 1
479 1
480 1
481 2
482 1
483 1
484 0
485 2
486 0
487 0
488 1
489 1
490 2
491 2
492 1
493 1
494 1
495 1
496 1
497 1
498 1
499 1
500 1
501 1
502 1
503 5
504 0
505 0
506 1
507 1
508 1
509 2
510 2
511 2
512 1
513 1
514 2
515 2
516 2
517 2
518 1
519 1
520 2
521 2
522 1
523 2
524 2
525 2
526 2
527 2
528 1
529 2
530 2
531 2
532 2
533 1
534 1
535 2
536 2
537 2
538 2
539 2
540 1
541 2
542 1
543 2
544 2
545 2
546 2
547 2
548 1
549 1
550 2
551 2
552 3
553 1
554 2
555 2
556 2
557 2
558 0
559 3
560 2
561 2
562 2
563 2
564 2
565 2
566 2
567 2
568 2
569 1
570 1
571 1
572 2
573 2
574 2
575 2
576 2
577 2
578 2
579 1
580 1
581 1
582 1
583 0
584 2
585 1
586 2
587 2
588 1
589 2
590 1
591 1
592 1
593 0
594 1
595 1
596 0
597 0
598 1
599 1
600 1
601 2
602 1
603 1
604 0
605 0
606 1
607 0
608 0
609 0
610 0
611 0
612 0
613 1
614 0
615 1
616 2
617 2
618 4
619 1
620 3
621 0
622 2
623 2
624 3
625 4
626 2
627 2
628 2
629 1
630 1
631 3
632 3
633 2
634 2
635 1
636 0
637 3
638 3
639 3
640 2
641 3
642 3
643 0
644 1
645 1
646 1
647 1
648 0
649 2
650 2
651 1
652 2
653 2
654 0
655 0
656 1
657 3
658 2
659 4
660 3
661 2
662 1
663 0
664 0
665 1
666 0
667 0
668 0
669 0
670 0
671 0
672 0
673 0
674 0
675 0
676 0
677 0
678 0
679 0
680 0
681 0
682 0
683 0
684 0
685 0
686 0
687 0
688 0
689 0
690 0
691 0
692 0
693 0
694 0
695 0
696 0
697 0
698 0
699 0
700 1
701 0
702 0
703 1
704 0
705 1
706 1
707 1
708 0
709 0
710 1
711 1
712 1
713 1
714 1
715 0
716 1
717 1
718 2
719 1
720 1
721 0
722 0
723 0
724 0
725 0
726 0
727 0
728 0
729 0
730 0
731 0
732 0
733 0
734 0
735 0
736 0
737 0
738 0
739 0
740 0
741 0
742 0
743 0
744 0
745 0
746 0
747 0
748 0
749 0
750 0
751 0
752 0
753 0
754 0
755 0
756 0
757 1
758 0
759 0
760 0
761 0
762 0
763 0
764 0
765 0
766 0
767 0
768 1
769 0
770 0
771 0
772 0
773 0
774 0
775 1
776 0
777 0
778 1
779 0
780 0
781 0
782 0
783 1
784 1
785 2
786 0
787 0
788 1
789 0
790 1
791 0
792 0
793 1
794 1
795 0
796 0
797 0
798 0
799 1
800 0
801 1
802 0
803 0
804 1
805 0
806 1
807 0
808 2
809 1
810 1
811 0
812 1
813 1
814 0
815 0
816 1
817 0
818 1
819 0
820 0
821 0
822 0
823 0
824 1
825 0
826 0
827 0
828 0
829 0
830 0
831 0
832 0
833 1
834 0
835 1
836 0
837 1
838 0
839 0
840 0
841 0
842 0
843 0
844 0
845 0
846 1
847 0
848 0
849 0
850 0
851 0
852 2
853 0
854 1
855 1
856 0
857 0
858 0
859 0
860 0
861 1
862 0
863 0
864 1
865 0
866 0
867 0
868 0
869 0
870 0
871 0
872 0
873 0
874 1
875 0
876 1
877 1
878 1
879 0
880 1
881 1
882 0
883 0
884 1
885 1
886 0
887 1
888 1
889 0
890 0
891 0
892 1
893 1
894 0
895 0
896 0
897 0
898 1
899 0
900 0
901 0
902 0
903 0
904 0
905 0
906 0
907 1
908 0
909 0
910 0
911 0
912 2
913 3
914 0
915 1
916 1
917 1
918 0
919 0
920 1
921 1
922 2
923 0
924 1
925 2
926 1
927 2
928 0
929 0
930 1
931 0
932 2
933 2
934 2
935 2
936 1
937 2
938 1
939 2
940 0
941 2
942 2
943 1
944 1
945 2
946 0
947 2
948 2
949 2
950 2
951 1
952 3
953 0
954 0
955 2
956 1
957 2
958 2
959 1
960 1
961 1
962 3
963 3
964 3
965 2
966 1
967 2
968 0
969 0
970 2
971 2
972 2
973 1
974 1
975 1
976 2
977 3
978 1
979 1
980 2
981 1
982 2
983 1
984 1
985 1
986 3
987 2
988 2
989 2
990 2
991 2
992 2
993 2
994 2
995 1
996 1
997 1
998 2
999 3
1000 2
1001 1
1002 2
1003 2
1004 2
1005 1
1006 0
1007 0
1008 0
1009 0
1010 0
1011 0
1012 0
1013 0
1014 0
1015 0
1016 1
1017 0
1018 0
1019 0
1020 1
1021 0
1022 0
1023 0
1024 0
1025 1
1026 1
1027 1
1028 0
1029 1
1030 0
1031 1
1032 0
1033 1
1034 0
1035 0
1036 0
1037 0
1038 0
1039 0
1040 0
1041 0
1042 0
1043 0
1044 0
1045 1
1046 0
1047 0
1048 1
1049 1
1050 0
1051 1
1052 1
1053 1
1054 0
1055 1
1056 0
1057 1
1058 1
1059 1
1060 0
1061 1
1062 0
1063 0
1064 1
1065 1
1066 0
1067 1
1068 0
1069 1
1070 0
1071 0
1072 0
1073 1
1074 0
1075 0
1076 1
1077 0
1078 0
1079 0
1080 1
1081 1
1082 1
1083 0
1084 1
1085 0
1086 0
1087 1
1088 1
1089 0
1090 0
1091 0
1092 0
1093 1
1094 0
1095 0
1096 1
1097 1
1098 0
1099 0
1100 0
1101 0
1102 0
1103 0
1104 0
1105 0
1106 0
1107 0
1108 0
1109 0
1110 0
1111 0
1112 0
1113 2
1114 2
1115 2
1116 2
1117 1
1118 2
1119 1
1120 1
1121 2
1122 2
1123 2
1124 1
1125 1
1126 0
1127 0
1128 0
1129 0
1130 1
1131 0
1132 0
1133 0
1134 0
1135 0
1136 0
1137 0
1138 0
1139 0
1140 0
1141 1
1142 0
1143 0
1144 0
1145 1
1146 0
1147 0
1148 0
1149 0
1150 0
1151 1
1152 0
1153 0
1154 1
1155 0
1156 0
1157 0
1158 0
1159 0
1160 0
1161 0
1162 0
1163 0
1164 0
1165 0
1166 0
1167 0
1168 0
1169 0
1170 0
1171 0
1172 0
1173 0
1174 0
1175 1
1176 0
1177 0
1178 0
1179 0
1180 0
1181 0
1182 0
1183 0
1184 1
1185 0
1186 1
1187 0
1188 0
1189 1
1190 1
1191 0
1192 0
1193 1
1194 0
1195 0
1196 0
1197 0
1198 0
1199 0
1200 0
1201 1
1202 0
1203 0
1204 0
1205 0
1206 0
1207 0
1208 0
1209 0
1210 2
1211 1
1212 0
1213 0
1214 0
1215 0
1216 1
1217 0
1218 0
1219 2
1220 2
1221 0
1222 0
1223 0
1224 0
1225 0
1226 0
1227 0
1228 0
1229 0
1230 0
1231 0
1232 0
1233 1
1234 1
1235 0
1236 0
1237 0
1238 0
1239 1
1240 0
1241 2
1242 2
1243 1
1244 1
1245 1
1246 0
1247 1
1248 0
1249 0
1250 0
1251 0
1252 0
1253 0
1254 0
1255 0
1256 1
1257 1
1258 3
1259 1
1260 2
1261 2
1262 0
1263 0
1264 0
1265 0
1266 0
1267 0
1268 0
1269 0
1270 0
1271 2
1272 2
1273 2
1274 0
1275 0
1276 0
1277 0
1278 0
1279 0
1280 0
1281 0
1282 0
1283 0
1284 0
1285 0
1286 0
1287 0
1288 0
1289 0
1290 0
1291 0
1292 0
1293 0
1294 1
1295 2
1296 0
1297 0
1298 0
1299 0
1300 0
1301 0
1302 0
1303 0
1304 0
1305 2
1306 0
1307 1
1308 0
1309 0
1310 0
1311 0
1312 0
1313 0
1314 0
1315 0
1316 0
1317 0
1318 0
1319 0
1320 0
1321 0
1322 0
1323 0
1324 0
1325 0
1326 0
1327 0
1328 0
1329 0
1330 0
1331 0
1332 0
1333 0
1334 0
1335 0
1336 0
1337 0
1338 0
1339 0
1340 1
1341 1
1342 0
1343 0
1344 0
1345 0
1346 0
1347 0
1348 0
1349 0
1350 0
1351 0
1352 0
1353 0
1354 0
1355 0
1356 0
1357 0
1358 0
1359 0
1360 0
1361 0
1362 0
1363 2
1364 1
1365 2
1366 1
1367 1
1368 1
1369 0
1370 0
1371 1
1372 1
1373 1
1374 1
1375 0
1376 0
1377 0
1378 0
1379 1
1380 2
1381 0
1382 0
1383 0
1384 0
1385 0
1386 0
1387 0
1388 0
1389 0
1390 1
1391 0
1392 0
1393 0
1394 0
1395 0
1396 0
1397 0
1398 0
1399 0
1400 4
1401 2
1402 1
1403 1
1404 1
1405 1
1406 0
1407 1
1408 0
1409 1
1410 2
1411 2
1412 0
1413 1
1414 1
1415 1
1416 1
1417 0
1418 2
1419 1
1420 0
1421 1
1422 0
1423 0
1424 0
1425 0
1426 1
1427 2
1428 0
1429 0
1430 0
1431 0
1432 0
1433 0
1434 0
1435 0
1436 0
1437 0
1438 0
1439 0
1440 0
1441 0
1442 0
1443 0
1444 0
1445 0
1446 0
1447 0
1448 0
1449 0
1450 1
1451 0
1452 0
1453 1
1454 0
1455 0
1456 0
1457 0
1458 0
1459 0
1460 1
1461 1
1462 1
1463 2
1464 2
1465 2
1466 2
1467 2
1468 2
1469 2
1470 2
1471 2
1472 1
1473 2
1474 2
1475 1
1476 2
1477 2
1478 2
1479 2
1480 2
1481 2
1482 2
1483 2
1484 2
1485 2
1486 2
1487 0
1488 1
1489 2
1490 2
1491 2
1492 2
1493 2
1494 2
1495 1
1496 2
1497 3
1498 1
1499 3
1500 2
1501 2
1502 2
1503 2
1504 2
1505 1
1506 2
1507 2
1508 1
1509 0
1510 2
1511 1
1512 1
1513 2
1514 2
1515 2
1516 2
1517 2
1518 2
1519 2
1520 2
1521 3
1522 1
1523 1
1524 1
1525 0
1526 0
1527 1
1528 0
1529 1
1530 1
1531 0
1532 2
1533 1
1534 1
1535 1
1536 2
1537 1
1538 0
1539 1
1540 1
1541 2
1542 1
1543 1
1544 2
1545 1
1546 0
1547 2
1548 2
1549 2
1550 2
1551 2
1552 2
1553 2
1554 1
1555 1
1556 3
1557 1
1558 0
1559 2
1560 1
1561 2
1562 1
1563 2
1564 1
1565 0
1566 0
1567 0
1568 0
1569 1
1570 0
1571 1
1572 1
1573 2
1574 2
1575 2
1576 3
1577 0
1578 1
1579 1
1580 0
1581 0
1582 0
1583 0
1584 1
1585 1
1586 0
1587 0
1588 0
1589 0
1590 0
1591 2
1592 1
1593 0
1594 1
1595 1
1596 1
1597 0
1598 0
1599 1
1600 0
1601 2
1602 2
1603 1
1604 1
1605 1
1606 1
1607 1
1608 1
1609 0
1610 1
1611 1
1612 3
1613 0
1614 1
1615 0
1616 0
1617 0
1618 2
1619 0
1620 0
1621 1
1622 1
1623 1
1624 1
1625 1
1626 1
1627 1
1628 1
1629 1
1630 1
1631 1
1632 1
1633 2
1634 1
1635 1
1636 1
1637 0
1638 2
1639 3
1640 1
1641 2
1642 1
1643 0
1644 0
1645 0
1646 0
1647 0
1648 1
1649 0
1650 1
1651 1
1652 0
1653 1
1654 0
1655 1
1656 1
1657 0
1658 1
1659 1
1660 1
1661 1
1662 0
1663 1
1664 1
1665 1
1666 1
1667 1
1668 1
1669 1
1670 1
1671 0
1672 1
1673 0
1674 1
1675 1
1676 1
1677 1
1678 0
1679 0
1680 0
1681 0
1682 0
1683 0
1684 1
1685 1
1686 0
1687 1
1688 0
1689 0
1690 0
1691 1
1692 0
1693 0
1694 0
1695 1
1696 2
1697 1
1698 1
1699 1
1700 1
1701 1
1702 1
1703 1
1704 2
1705 2
1706 2
1707 1
1708 0
1709 0
1710 0
1711 0
1712 0
1713 0
1714 0
1715 0
1716 0
1717 0
1718 0
1719 0
1720 0
1721 0
1722 0
1723 0
1724 0
1725 0
1726 2
1727 1
1728 1
1729 1
1730 0
1731 0
1732 1
1733 0
1734 1
1735 1
1736 0
1737 0
1738 1
1739 0
1740 0
1741 0
1742 2
1743 1
1744 0
1745 1
1746 0
1747 0
1748 1
1749 0
1750 0
1751 0
1752 0
1753 0
1754 0
1755 0
1756 0
1757 0
1758 0
1759 0
1760 0
1761 1
1762 1
1763 2
1764 2
1765 1
1766 1
1767 2
1768 2
1769 1
1770 1
1771 2
1772 1
1773 1
1774 2
1775 1
1776 1
1777 1
1778 2
1779 1
1780 1
1781 2
1782 1
1783 1
1784 1
1785 2
1786 1
1787 1
1788 1
1789 1
1790 1
1791 1
1792 1
1793 1
1794 2
1795 0
1796 0
1797 1
1798 1
1799 0
1800 1
1801 1
1802 0
1803 1
1804 1
1805 0
1806 0
1807 2
1808 1
1809 2
1810 0
1811 2
1812 1
1813 2
1814 0
1815 1
1816 0
1817 0
1818 0
1819 0
1820 0
1821 0
1822 0
1823 0
1824 1
1825 1
1826 0
1827 0
1828 0
1829 0
1830 0
1831 0
1832 0
1833 0
1834 0
1835 1
1836 3
1837 2
1838 0
1839 0
1840 0
1841 0
1842 0
1843 0
1844 0
1845 0
1846 0
1847 0
1848 0
1849 0
1850 0
1851 0
1852 0
1853 1
1854 1
1855 1
1856 2
1857 1
1858 1
1859 0
1860 0
1861 0
1862 0
1863 0
1864 0
1865 1
1866 0
1867 1
1868 1
1869 0
1870 0
1871 0
1872 0
1873 0
1874 0
1875 0
1876 0
1877 0
1878 0
1879 0
1880 0
1881 0
1882 0
1883 1
1884 1
1885 1
1886 1
1887 2
1888 1
1889 1
1890 2
1891 0
1892 1
1893 0
1894 0
1895 0
1896 1
1897 1
1898 1
1899 0
1900 1
1901 1
1902 0
1903 1
1904 1
1905 1
1906 0
1907 1
1908 2
1909 1
1910 0
1911 1
1912 1
1913 0
1914 2
1915 0
1916 2
1917 0
1918 0
1919 2
1920 0
1921 0
1922 0
1923 1
1924 2
1925 0
1926 0
1927 0
1928 0
1929 0
1930 2
1931 0
1932 0
1933 0
1934 1
1935 0
1936 1
1937 0
1938 0
1939 0
1940 0
1941 0
1942 0
1943 1
1944 0
1945 0
1946 0
1947 0
1948 0
1949 0
1950 0
1951 0
1952 0
1953 0
1954 0
1955 0
1956 0
1957 0
1958 0
1959 0
1960 0
1961 0
1962 1
1963 0
1964 0
1965 0
1966 0
1967 0
1968 0
1969 0
1970 0
1971 0
1972 0
1973 0
1974 0
1975 1
1976 0
1977 0
1978 0
1979 0
1980 0
1981 1
1982 0
1983 1
1984 0
1985 0
1986 0
1987 0
1988 1
1989 1
1990 0
1991 0
1992 0
1993 0
1994 0
1995 0
1996 0
1997 0
1998 0
1999 0
