0 0
1 0
2 0
3 0
4 0
5 0
6 0
7 1
8 1
9 0
10 0
11 0
12 0
13 0
14 0
15 0
16 0
17 0
18 0
19 0
20 0
21 0
22 0
23 0
24 0
25 0
26 0
27 0
28 0
29 0
30 0
31 0
32 0
33 0
34 0
35 0
36 0
37 0
38 0
39 0
40 0
41 0
42 0
43 0
44 0
45 0
46 0
47 0
48 0
49 0
50 0
51 0
52 0
53 0
54 0
55 0
56 0
57 0
58 0
59 0
60 0
61 0
62 0
63 0
64 0
65 0
66 0
67 0
68 0
69 0
70 0
71 0
72 0
73 0
74 0
75 0
76 0
77 0
78 0
79 0
80 0
81 0
82 0
83 0
84 0
85 0
86 0
87 0
88 0
89 0
90 0
91 0
92 0
93 0
94 0
95 0
96 0
97 0
98 1
99 1
100 0
101 1
102 0
103 1
104 1
105 0
106 0
107 1
108 0
109 1
110 1
111 1
112 1
113 1
114 0
115 0
116 1
117 1
118 0
119 0
120 0
121 0
122 0
123 0
124 0
125 0
126 1
127 0
128 0
129 1
130 0
131 0
132 1
133 1
134 0
135 1
136 1
137 1
138 0
139 1
140 1
141 1
142 1
143 1
144 0
145 1
146 1
147 0
148 1
149 1
150 0
151 0
152 0
153 1
154 1
155 0
156 1
157 0
158 0
159 1
160 1
161 0
162 1
163 0
164 1
165 0
166 0
167 0
168 0
169 0
170 1
171 1
172 0
173 0
174 0
175 0
176 1
177 1
178 0
179 1
180 1
181 1
182 1
183 0
184 0
185 1
186 1
187 1
188 0
189 1
190 0
191 1
192 0
193 1
194 1
195 1
196 1
197 0
198 1
199 0
200 1
201 1
202 1
203 1
204 1
205 1
206 0
207 1
208 1
209 1
210 0
211 1
212 1
213 1
214 2
215 1
216 1
217 0
218 1
219 1
220 1
221 1
222 1
223 1
224 1
225 1
226 2
227 1
228 0
229 1
230 1
231 1
232 1
233 2
234 1
235 1
236 0
237 1
238 0
239 2
240 1
241 1
242 0
243 0
244 1
245 1
246 0
247 1
248 1
249 1
250 1
251 1
252 1
253 0
254 1
255 0
256 1
257 1
258 0
259 1
260 1
261 1
262 1
263 1
264 1
265 1
266 1
267 1
268 1
269 1
270 1
271 1
272 1
273 1
274 0
275 1
276 1
277 0
278 1
279 1
280 1
281 1
282 1
283 1
284 1
285 1
286 1
287 1
288 0
289 1
290 1
291 1
292 1
293 1
294 1
295 0
296 1
297 0
298 1
299 0
300 1
301 1
302 0
303 0
304 0
305 1
306 1
307 0
308 1
309 1
310 1
311 1
312 0
313 0
314 1
315 1
316 2
317 1
318 0
319 1
320 1
321 0
322 1
323 0
324 0
325 1
326 0
327 1
328 1
329 1
330 1
331 1
332 0
333 1
334 0
335 1
336 1
337 1
338 1
339 0
340 1
341 1
342 1
343 1
344 1
345 1
346 0
347 1
348 0
349 1
350 1
351 1
352 1
353 1
354 1
355 1
356 0
357 0
358 1
359 1
360 0
361 1
362 1
363 1
364 0
365 1
366 1
367 1
368 0
369 1
370 1
371 0
372 0
373 1
374 1
375 0
376 1
377 0
378 0
379 1
380 1
381 2
382 2
383 1
384 1
385 0
386 0
387 3
388 1
389 2
390 1
391 1
392 3
393 1
394 0
395 0
396 1
397 1
398 1
399 1
400 0
401 0
402 1
403 0
404 0
405 0
406 0
407 0
408 0
409 0
410 0
411 0
412 1
413 1
414 1
415 1
416 1
417 0
418 1
419 1
420 1
421 3
422 1
423 1
424 1
425 1
426 1
427 2
428 0
429 0
430 0
431 1
432 1
433 1
434 0
435 0
436 1
437 0
438 1
439 0
440 0
441 1
442 0
443 1
444 0
445 0
446 1
447 1
448 1
449 2
450 1
451 1
452 0
453 0
454 0
455 0
456 0
457 0
458 0
459 0
460 0
461 0
462 0
463 0
464 0
465 0
466 0
467 0
468 3
469 1
470 0
471 1
472 1
473 1
474 0
475 0
476 2
477 1
478 1
479 1
480 0
481 1
482 0
483 1
484 0
485 0
486 0
487 0
488 1
489 0
490 0
491 0
492 0
493 0
494 0
495 0
496 0
497 0
498 0
499 0
500 0
501 0
502 1
503 1
504 0
505 0
506 1
507 0
508 1
509 0
510 1
511 0
512 1
513 1
514 1
515 1
516 0
517 0
518 0
519 1
520 1
521 0
522 0
523 0
524 0
525 0
526 0
527 1
528 0
529 2
530 1
531 2
532 0
533 1
534 1
535 0
536 1
537 1
538 1
539 0
540 2
541 1
542 0
543 1
544 1
545 0
546 1
547 1
548 1
549 1
550 0
551 0
552 1
553 1
554 0
555 0
556 1
557 1
558 1
559 1
560 1
561 1
562 1
563 1
564 0
565 0
566 1
567 1
568 1
569 0
570 1
571 1
572 0
573 1
574 1
575 1
576 1
577 1
578 1
579 1
580 1
581 1
582 1
583 1
584 1
585 1
586 0
587 1
588 1
589 0
590 0
591 0
592 1
593 1
594 2
595 1
596 1
597 1
598 1
599 0
600 0
601 1
602 0
603 1
604 1
605 1
606 0
607 1
608 0
609 0
610 1
611 1
612 1
613 0
614 1
615 2
616 1
617 0
618 1
619 0
620 1
621 1
622 0
623 1
624 1
625 0
626 1
627 1
628 1
629 0
630 0
631 1
632 1
633 1
634 1
635 1
636 0
637 1
638 1
639 1
640 0
641 1
642 1
643 1
644 1
645 1
646 1
647 1
648 1
649 1
650 1
651 1
652 0
653 1
654 1
655 0
656 1
657 1
658 1
659 1
660 1
661 1
662 1
663 1
664 2
665 1
666 1
667 0
668 1
669 2
670 1
671 1
672 1
673 1
674 1
675 1
676 1
677 0
678 1
679 2
680 1
681 1
682 1
683 1
684 1
685 1
686 1
687 1
688 1
689 0
690 1
691 0
692 0
693 0
694 0
695 1
696 0
697 1
698 2
699 1
700 1
701 0
702 1
703 1
704 1
705 0
706 1
707 0
708 1
709 0
710 0
711 0
712 1
713 0
714 0
715 1
716 0
717 0
718 1
719 1
720 1
721 2
722 1
723 1
724 1
725 1
726 1
727 1
728 0
729 2
730 1
731 1
732 1
733 1
734 1
735 1
736 1
737 1
738 1
739 1
740 1
741 1
742 1
743 2
744 1
745 1
746 1
747 1
748 1
749 0
750 1
751 1
752 1
753 2
754 0
755 0
756 1
757 1
758 2
759 0
760 0
761 1
762 1
763 0
764 1
765 2
766 1
767 1
768 1
769 0
770 1
771 0
772 1
773 1
774 1
775 1
776 1
777 1
778 1
779 0
780 0
781 0
782 1
783 1
784 1
785 1
786 1
787 1
788 1
789 0
790 1
791 0
792 0
793 0
794 0
795 0
796 1
797 0
798 1
799 0
800 0
801 1
802 0
803 0
804 1
805 1
806 0
807 0
808 0
809 1
810 1
811 0
812 1
813 1
814 0
815 1
816 1
817 0
818 1
819 1
820 1
821 1
822 1
823 1
824 1
825 1
826 0
827 0
828 1
829 0
830 0
831 0
832 0
833 0
834 1
835 1
836 1
837 0
838 1
839 1
840 3
841 1
842 2
843 1
844 1
845 2
846 1
847 3
848 2
849 2
850 2
851 1
852 1
853 2
854 3
855 1
856 3
857 1
858 2
859 3
860 2
861 2
862 1
863 2
864 1
865 1
866 1
867 2
868 1
869 2
870 2
871 3
872 1
873 2
874 1
875 3
876 2
877 3
878 3
879 3
880 3
881 3
882 2
883 2
884 3
885 2
886 1
887 1
888 1
889 1
890 2
891 1
892 1
893 1
894 1
895 0
896 0
897 0
898 0
899 0
900 0
901 0
902 0
903 0
904 0
905 0
906 0
907 0
908 0
909 0
910 0
911 0
912 1
913 2
914 0
915 0
916 0
917 0
918 0
919 0
920 0
921 0
922 0
923 0
924 0
925 0
926 0
927 0
928 0
929 0
930 0
931 0
932 0
933 0
934 0
935 0
936 0
937 0
938 0
939 1
940 0
941 0
942 0
943 0
944 0
945 0
946 0
947 0
948 0
949 0
950 0
951 0
952 0
953 0
954 0
955 0
956 0
957 0
958 0
959 1
960 1
961 1
962 1
963 1
964 0
965 2
966 1
967 0
968 1
969 0
970 1
971 1
972 1
973 2
974 1
975 0
976 1
977 1
978 1
979 1
980 0
981 0
982 1
983 0
984 0
985 1
986 1
987 1
988 1
989 0
990 1
991 1
992 1
993 0
994 1
995 0
996 0
997 0
998 1
999 1
1000 1
1001 1
1002 1
1003 1
1004 0
1005 1
1006 1
1007 1
1008 0
1009 0
1010 1
1011 0
1012 0
1013 0
1014 1
1015 0
1016 0
1017 1
1018 0
1019 1
1020 1
1021 1
1022 0
1023 0
1024 1
1025 1
1026 1
1027 1
1028 1
1029 1
1030 1
1031 1
1032 1
1033 1
1034 1
1035 0
1036 0
1037 1
1038 1
1039 1
1040 1
1041 1
1042 1
1043 1
1044 1
1045 1
1046 1
1047 0
1048 1
1049 1
1050 0
1051 1
1052 1
1053 1
1054 1
1055 0
1056 2
1057 1
1058 1
1059 1
1060 1
1061 1
1062 0
1063 2
1064 1
1065 1
1066 1
1067 1
1068 1
1069 1
1070 1
1071 1
1072 1
1073 1
1074 0
1075 1
1076 1
1077 1
1078 1
1079 1
1080 1
1081 1
1082 1
1083 1
1084 1
1085 1
1086 1
1087 1
1088 1
1089 1
1090 1
1091 0
1092 1
1093 1
1094 1
1095 1
1096 0
1097 1
1098 1
1099 2
1100 1
1101 1
1102 1
1103 0
1104 0
1105 0
1106 2
1107 0
1108 1
1109 1
1110 1
1111 1
1112 0
1113 1
1114 1
1115 1
1116 0
1117 1
1118 1
1119 1
1120 1
1121 1
1122 1
1123 1
1124 1
1125 1
1126 1
1127 1
1128 1
1129 1
1130 1
1131 1
1132 1
1133 1
1134 0
1135 0
1136 0
1137 1
1138 1
1139 1
1140 1
1141 1
1142 1
1143 1
1144 1
1145 1
1146 0
1147 0
1148 1
1149 1
1150 1
1151 1
1152 0
1153 1
1154 1
1155 1
1156 1
1157 1
1158 1
1159 1
1160 0
1161 0
1162 1
1163 1
1164 1
1165 1
1166 1
1167 1
1168 1
1169 0
1170 1
1171 1
1172 1
1173 1
1174 1
1175 1
1176 1
1177 1
1178 1
1179 1
1180 1
1181 1
1182 2
1183 0
1184 1
1185 1
1186 0
1187 0
1188 2
1189 1
1190 1
1191 1
1192 1
1193 1
1194 1
1195 0
1196 0
1197 1
1198 1
1199 0
1200 0
1201 0
1202 1
1203 2
1204 0
1205 0
1206 2
1207 1
1208 1
1209 1
1210 0
1211 1
1212 1
1213 1
1214 1
1215 1
1216 1
1217 1
1218 0
1219 1
1220 1
1221 0
1222 1
1223 1
1224 0
1225 0
1226 1
1227 1
1228 1
1229 1
1230 1
1231 1
1232 0
1233 1
1234 1
1235 0
1236 1
1237 1
1238 0
1239 1
1240 1
1241 0
1242 2
1243 0
1244 1
1245 1
1246 1
1247 1
1248 1
1249 1
1250 1
1251 0
1252 0
1253 1
1254 0
1255 1
1256 1
1257 0
1258 1
1259 0
1260 1
1261 1
1262 0
1263 1
1264 0
1265 1
1266 2
1267 1
1268 1
1269 0
1270 0
1271 0
1272 0
1273 1
1274 1
1275 0
1276 1
1277 1
1278 1
1279 1
1280 0
1281 1
1282 0
1283 0
1284 1
1285 0
1286 0
1287 0
1288 1
1289 2
1290 1
1291 1
1292 1
1293 1
1294 0
1295 1
1296 0
1297 1
1298 1
1299 0
1300 1
1301 0
1302 0
1303 0
1304 0
1305 0
1306 1
1307 1
1308 1
1309 0
1310 0
1311 0
1312 1
1313 1
1314 1
1315 1
1316 0
1317 0
1318 0
1319 1
1320 1
1321 0
1322 0
1323 0
1324 1
1325 1
1326 2
1327 1
1328 1
1329 1
1330 0
1331 0
1332 1
1333 0
1334 0
1335 1
1336 1
1337 1
1338 0
1339 1
1340 0
1341 1
1342 0
1343 1
1344 1
1345 0
1346 0
1347 0
1348 0
1349 0
1350 1
1351 1
1352 0
1353 0
1354 1
1355 1
1356 0
1357 0
1358 1
1359 0
1360 0
1361 1
1362 1
1363 1
1364 0
1365 1
1366 1
1367 0
1368 1
1369 1
1370 1
1371 0
1372 1
1373 1
1374 1
1375 1
1376 1
1377 2
1378 1
1379 2
1380 1
1381 0
1382 0
1383 0
1384 1
1385 3
1386 1
1387 1
1388 1
1389 1
1390 1
1391 0
1392 1
1393 1
1394 1
1395 1
1396 1
1397 1
1398 2
1399 1
1400 1
1401 1
1402 1
1403 1
1404 1
1405 1
1406 1
1407 1
1408 1
1409 1
1410 1
1411 1
1412 1
1413 1
1414 0
1415 1
1416 1
1417 1
1418 1
1419 2
1420 1
1421 1
1422 0
1423 1
1424 1
1425 1
1426 1
1427 1
1428 1
1429 1
1430 1
1431 0
1432 1
1433 0
1434 1
1435 1
1436 1
1437 2
1438 1
1439 1
1440 0
1441 1
1442 1
1443 1
1444 1
1445 1
1446 1
1447 1
1448 1
1449 1
1450 1
1451 1
1452 0
1453 1
1454 1
1455 1
1456 1
1457 1
1458 1
1459 1
1460 1
1461 1
1462 1
1463 1
1464 0
1465 1
1466 1
1467 0
1468 1
1469 0
1470 0
1471 2
1472 0
1473 0
1474 1
1475 1
1476 1
1477 0
1478 1
1479 1
1480 0
1481 1
1482 1
1483 1
1484 1
1485 1
1486 1
1487 1
1488 1
1489 1
1490 1
1491 1
1492 1
1493 1
1494 1
1495 2
1496 0
1497 1
1498 1
1499 1
1500 1
1501 1
1502 1
1503 1
1504 1
1505 1
1506 1
1507 1
1508 1
1509 1
1510 1
1511 1
1512 1
1513 1
1514 1
1515 1
1516 1
1517 1
1518 1
1519 1
1520 1
1521 1
1522 0
1523 2
1524 1
1525 1
1526 1
1527 0
1528 0
1529 1
1530 1
1531 0
1532 1
1533 1
1534 1
1535 1
1536 1
1537 0
1538 1
1539 1
1540 1
1541 1
1542 1
1543 0
1544 1
1545 1
1546 1
1547 1
1548 1
1549 1
1550 1
1551 1
1552 0
1553 1
1554 0
1555 1
1556 1
1557 1
1558 1
1559 1
1560 2
1561 1
1562 1
1563 1
1564 1
1565 1
1566 1
1567 1
1568 1
1569 1
1570 1
1571 1
1572 1
1573 0
1574 0
1575 1
1576 1
1577 0
1578 0
1579 0
1580 0
1581 0
1582 0
1583 0
1584 0
1585 0
1586 0
1587 0
1588 0
1589 0
1590 0
1591 0
1592 0
1593 0
1594 0
1595 0
1596 0
1597 0
1598 1
1599 1
1600 3
1601 1
1602 1
1603 1
1604 1
1605 1
1606 1
1607 1
1608 1
1609 1
1610 1
1611 1
1612 0
1613 1
1614 0
1615 1
1616 2
1617 1
1618 2
1619 1
1620 1
1621 1
1622 1
1623 1
1624 1
1625 1
1626 0
1627 1
1628 0
1629 0
1630 1
1631 2
1632 1
1633 1
1634 0
1635 1
1636 0
1637 1
1638 1
1639 3
1640 2
1641 1
1642 1
1643 1
1644 0
1645 1
1646 1
1647 1
1648 2
1649 1
1650 1
1651 1
1652 1
1653 1
1654 2
1655 1
1656 1
1657 1
1658 2
1659 1
1660 2
1661 2
1662 1
1663 1
1664 1
1665 1
1666 2
1667 0
1668 1
1669 1
1670 1
1671 2
1672 1
1673 1
1674 1
1675 1
1676 0
1677 1
1678 0
1679 1
1680 1
1681 1
1682 1
1683 1
1684 1
1685 1
1686 1
1687 0
1688 1
1689 1
1690 0
1691 3
1692 2
1693 2
1694 3
1695 4
1696 2
1697 1
1698 2
1699 2
1700 2
1701 1
1702 3
1703 2
1704 1
1705 2
1706 2
1707 2
1708 1
1709 1
1710 2
1711 3
1712 2
1713 2
1714 3
1715 2
1716 1
1717 2
1718 2
1719 1
1720 3
1721 4
1722 2
1723 1
1724 2
1725 0
1726 1
1727 1
1728 2
1729 0
1730 0
1731 0
1732 0
1733 0
1734 0
1735 0
1736 0
1737 0
1738 0
1739 0
1740 0
1741 0
1742 0
1743 0
1744 0
1745 0
1746 0
1747 0
1748 0
1749 0
1750 0
1751 0
1752 0
1753 0
1754 0
1755 0
1756 0
1757 0
1758 0
1759 0
1760 0
1761 0
1762 0
1763 0
1764 1
1765 1
1766 1
1767 3
1768 4
1769 1
1770 1
1771 2
1772 2
1773 2
1774 1
1775 1
1776 2
1777 2
1778 0
1779 1
1780 1
1781 1
1782 2
1783 3
1784 2
1785 0
1786 1
1787 1
1788 1
1789 1
1790 1
1791 2
1792 0
1793 2
1794 0
1795 1
1796 1
1797 2
1798 1
1799 2
1800 1
1801 1
1802 1
1803 1
1804 1
1805 1
1806 1
1807 1
1808 1
1809 1
1810 1
1811 1
1812 1
1813 1
1814 1
1815 1
1816 0
1817 2
1818 1
1819 2
1820 1
1821 2
1822 2
1823 2
1824 2
1825 1
1826 1
1827 1
1828 1
1829 0
1830 0
1831 1
1832 0
1833 1
1834 1
1835 1
1836 0
1837 1
1838 1
1839 2
1840 2
1841 1
1842 2
1843 2
1844 2
1845 2
1846 2
1847 2
1848 0
1849 1
1850 2
1851 2
1852 1
1853 2
1854 1
1855 2
1856 2
1857 0
1858 3
1859 2
1860 2
1861 3
1862 1
1863 3
1864 2
1865 0
1866 1
1867 1
1868 1
1869 2
1870 2
1871 2
1872 1
1873 1
1874 2
1875 2
1876 1
1877 3
1878 2
1879 1
1880 2
1881 2
1882 2
1883 2
1884 2
1885 1
1886 1
1887 1
1888 1
1889 1
1890 1
1891 1
1892 1
1893 1
1894 1
1895 2
1896 2
1897 2
1898 2
1899 2
1900 2
1901 2
1902 3
1903 2
1904 1
1905 2
1906 2
1907 2
1908 2
1909 1
1910 1
1911 2
1912 2
1913 2
1914 2
1915 2
1916 2
1917 2
1918 2
1919 2
1920 2
1921 2
1922 1
1923 1
1924 1
1925 2
1926 2
1927 2
1928 2
1929 2
1930 3
1931 2
1932 1
1933 1
1934 1
1935 2
1936 1
1937 1
1938 1
1939 1
1940 1
1941 1
1942 1
1943 1
1944 1
1945 1
1946 0
1947 1
1948 2
1949 1
1950 1
1951 1
1952 1
1953 1
1954 1
1955 1
1956 1
1957 1
1958 1
1959 1
1960 1
1961 1
1962 1
1963 2
1964 2
1965 2
1966 2
1967 2
1968 2
1969 2
1970 1
1971 1
1972 1
1973 1
1974 1
1975 0
1976 1
1977 1
1978 1
1979 2
1980 1
1981 1
1982 1
1983 1
1984 1
1985 1
1986 1
1987 1
1988 1
1989 1
1990 0
1991 0
1992 1
1993 1
1994 1
1995 1
1996 1
1997 2
1998 1
1999 0
