0 0
1 1
2 1
3 1
4 1
5 3
6 1
7 1
8 2
9 2
10 0
11 2
12 0
13 1
14 3
15 2
16 1
17 3
18 2
19 2
20 2
21 1
22 2
23 0
24 3
25 2
26 2
27 0
28 0
29 2
30 2
31 1
32 1
33 2
34 1
35 0
36 0
37 0
38 1
39 1
40 1
41 1
42 0
43 0
44 1
45 1
46 1
47 0
48 0
49 0
50 0
51 1
52 1
53 1
54 1
55 1
56 1
57 1
58 0
59 0
60 1
61 2
62 0
63 1
64 1
65 1
66 1
67 1
68 1
69 1
70 2
71 0
72 1
73 0
74 1
75 1
76 0
77 1
78 0
79 0
80 1
81 0
82 1
83 1
84 1
85 0
86 1
87 1
88 0
89 1
90 1
91 0
92 1
93 1
94 1
95 0
96 1
97 0
98 2
99 1
100 0
101 0
102 1
103 0
104 0
105 0
106 1
107 0
108 0
109 0
110 1
111 0
112 0
113 0
114 0
115 0
116 0
117 1
118 0
119 1
120 0
121 0
122 0
123 0
124 1
125 0
126 0
127 1
128 2
129 1
130 0
131 2
132 0
133 2
134 1
135 0
136 1
137 0
138 0
139 1
140 0
141 0
142 0
143 1
144 1
145 1
146 0
147 0
148 1
149 1
150 2
151 0
152 0
153 0
154 0
155 0
156 3
157 0
158 0
159 1
160 1
161 0
162 0
163 0
164 0
165 0
166 0
167 0
168 0
169 0
170 0
171 0
172 0
173 0
174 0
175 0
176 0
177 2
178 0
179 1
180 0
181 0
182 0
183 0
184 0
185 0
186 0
187 0
188 0
189 0
190 0
191 0
192 0
193 1
194 0
195 1
196 0
197 0
198 1
199 0
200 0
201 2
202 1
203 0
204 1
205 2
206 0
207 0
208 0
209 0
210 1
211 2
212 0
213 1
214 0
215 0
216 1
217 1
218 0
219 0
220 0
221 0
222 0
223 0
224 1
225 1
226 0
227 0
228 0
229 0
230 2
231 0
232 0
233 0
234 0
235 0
236 0
237 0
238 2
239 0
240 0
241 0
242 0
243 0
244 0
245 0
246 0
247 1
248 0
249 0
250 0
251 0
252 0
253 0
254 1
255 0
256 2
257 0
258 0
259 0
260 1
261 0
262 0
263 0
264 0
265 2
266 0
267 0
268 1
269 1
270 0
271 2
272 0
273 1
274 0
275 0
276 0
277 0
278 1
279 1
280 0
281 0
282 0
283 0
284 0
285 0
286 0
287 0
288 0
289 0
290 1
291 1
292 0
293 0
294 0
295 0
296 0
297 0
298 0
299 0
300 0
301 0
302 0
303 0
304 0
305 0
306 0
307 0
308 0
309 0
310 0
311 0
312 0
313 0
314 0
315 0
316 0
317 0
318 0
319 0
320 0
321 0
322 0
323 0
324 0
325 0
326 0
327 0
328 0
329 0
330 0
331 0
332 0
333 0
334 0
335 0
336 0
337 0
338 0
339 0
340 0
341 0
342 0
343 0
344 0
345 0
346 0
347 0
348 0
349 0
350 0
351 0
352 0
353 1
354 1
355 0
356 0
357 0
358 0
359 0
360 1
361 2
362 1
363 1
364 0
365 0
366 0
367 2
368 2
369 3
370 1
371 1
372 0
373 0
374 0
375 0
376 0
377 1
378 3
379 0
380 2
381 0
382 0
383 0
384 1
385 1
386 2
387 1
388 0
389 0
390 0
391 0
392 0
393 0
394 0
395 0
396 0
397 0
398 0
399 0
400 0
401 1
402 0
403 0
404 1
405 0
406 0
407 2
408 3
409 1
410 1
411 0
412 0
413 1
414 0
415 2
416 1
417 1
418 1
419 2
420 1
421 1
422 0
423 0
424 1
425 1
426 1
427 0
428 0
429 0
430 1
431 0
432 0
433 1
434 0
435 0
436 2
437 3
438 2
439 3
440 3
441 2
442 1
443 4
444 1
445 1
446 1
447 3
448 3
449 2
450 2
451 2
452 2
453 1
454 1
455 3
456 1
457 2
458 1
459 2
460 2
461 3
462 1
463 2
464 0
465 1
466 1
467 1
468 2
469 2
470 3
471 1
472 1
473 2
474 2
475 3
476 2
477 2
478 2
479 2
480 2
481 1
482 3
483 1
484 2
485 1
486 1
487 2
488 2
489 0
490 2
491 1
492 2
493 1
494 0
495 1
496 2
497 1
498 3
499 0
500 0
501 0
502 2
503 0
504 2
505 0
506 2
507 1
508 2
509 2
510 1
511 1
512 2
513 3
514 0
515 3
516 2
517 2
518 3
519 0
520 0
521 0
522 1
523 1
524 1
525 2
526 0
527 1
528 1
529 0
530 1
531 2
532 1
533 1
534 1
535 0
536 1
537 1
538 0
539 0
540 1
541 1
542 1
543 1
544 1
545 0
546 1
547 1
548 0
549 0
550 1
551 0
552 0
553 0
554 0
555 0
556 0
557 0
558 0
559 1
560 2
561 0
562 0
563 0
564 1
565 0
566 2
567 1
568 0
569 0
570 0
571 1
572 0
573 0
574 0
575 0
576 1
577 0
578 1
579 0
580 0
581 0
582 1
583 0
584 0
585 0
586 2
587 1
588 0
589 1
590 0
591 1
592 0
593 0
594 0
595 1
596 0
597 0
598 1
599 0
600 0
601 0
602 0
603 0
604 0
605 0
606 1
607 0
608 1
609 1
610 2
611 0
612 0
613 2
614 0
615 0
616 1
617 0
618 0
619 0
620 0
621 0
622 0
623 0
624 0
625 1
626 0
627 0
628 0
629 1
630 0
631 0
632 0
633 1
634 0
635 1
636 1
637 1
638 1
639 1
640 1
641 1
642 1
643 0
644 1
645 1
646 0
647 1
648 1
649 1
650 2
651 1
652 1
653 2
654 1
655 2
656 0
657 1
658 1
659 0
660 0
661 0
662 0
663 0
664 0
665 0
666 0
667 0
668 0
669 0
670 1
671 0
672 0
673 1
674 0
675 0
676 0
677 2
678 0
679 1
680 1
681 0
682 0
683 1
684 1
685 0
686 0
687 0
688 0
689 0
690 0
691 0
692 0
693 1
694 1
695 0
696 0
697 0
698 1
699 1
700 1
701 0
702 1
703 0
704 1
705 1
706 1
707 1
708 0
709 1
710 1
711 0
712 1
713 1
714 1
715 2
716 1
717 1
718 1
719 2
720 3
721 0
722 3
723 1
724 0
725 2
726 2
727 0
728 0
729 0
730 1
731 2
732 2
733 0
734 1
735 1
736 1
737 1
738 1
739 1
740 1
741 2
742 2
743 3
744 1
745 1
746 1
747 1
748 1
749 3
750 1
751 0
752 1
753 2
754 2
755 0
756 2
757 1
758 1
759 1
760 1
761 2
762 1
763 1
764 1
765 1
766 1
767 1
768 1
769 2
770 1
771 1
772 1
773 1
774 2
775 1
776 1
777 2
778 1
779 1
780 0
781 2
782 2
783 1
784 3
785 2
786 1
787 2
788 1
789 1
790 1
791 1
792 2
793 2
794 1
795 2
796 2
797 2
798 1
799 1
800 1
801 2
802 1
803 0
804 3
805 2
806 2
807 1
808 0
809 1
810 1
811 2
812 1
813 1
814 1
815 3
816 1
817 1
818 2
819 0
820 1
821 1
822 1
823 2
824 2
825 1
826 1
827 2
828 1
829 1
830 2
831 1
832 2
833 1
834 2
835 2
836 1
837 1
838 1
839 1
840 3
841 1
842 1
843 1
844 1
845 1
846 1
847 1
848 1
849 0
850 2
851 1
852 1
853 0
854 0
855 1
856 1
857 1
858 0
859 1
860 2
861 0
862 2
863 0
864 1
865 1
866 2
867 0
868 1
869 1
870 1
871 0
872 1
873 2
874 2
875 1
876 1
877 0
878 2
879 1
880 1
881 1
882 0
883 3
884 1
885 2
886 0
887 0
888 2
889 2
890 1
891 1
892 2
893 1
894 1
895 2
896 0
897 2
898 1
899 1
900 2
901 1
902 1
903 1
904 1
905 1
906 1
907 1
908 0
909 1
910 2
911 2
912 3
913 1
914 1
915 2
916 1
917 1
918 0
919 2
920 1
921 2
922 1
923 1
924 2
925 2
926 1
927 1
928 1
929 1
930 1
931 1
932 2
933 1
934 1
935 0
936 2
937 1
938 1
939 1
940 2
941 1
942 1
943 2
944 2
945 1
946 1
947 0
948 1
949 0
950 2
951 2
952 2
953 1
954 1
955 2
956 2
957 2
958 1
959 1
960 1
961 1
962 1
963 1
964 2
965 2
966 1
967 1
968 1
969 0
970 0
971 1
972 1
973 0
974 1
975 1
976 0
977 1
978 2
979 1
980 2
981 1
982 3
983 1
984 0
985 0
986 1
987 1
988 1
989 1
990 0
991 2
992 1
993 1
994 2
995 2
996 1
997 1
998 0
999 1
1000 1
1001 1
1002 1
1003 1
1004 1
1005 3
1006 1
1007 1
1008 1
1009 1
1010 2
1011 1
1012 1
1013 1
1014 1
1015 2
1016 2
1017 0
1018 0
1019 1
1020 1
1021 1
1022 1
1023 2
1024 3
1025 1
1026 0
1027 1
1028 1
1029 2
1030 1
1031 1
1032 3
1033 1
1034 1
1035 1
1036 1
1037 1
1038 1
1039 0
1040 2
1041 1
1042 1
1043 1
1044 1
1045 1
1046 0
1047 2
1048 3
1049 1
1050 0
1051 2
1052 1
1053 0
1054 1
1055 1
1056 0
1057 2
1058 2
1059 1
1060 1
1061 1
1062 2
1063 1
1064 0
1065 1
1066 1
1067 0
1068 1
1069 1
1070 3
1071 1
1072 1
1073 1
1074 1
1075 1
1076 0
1077 1
1078 1
1079 1
1080 0
1081 0
1082 0
1083 0
1084 0
1085 0
1086 0
1087 1
1088 1
1089 1
1090 1
1091 0
1092 2
1093 2
1094 0
1095 1
1096 1
1097 1
1098 1
1099 0
1100 0
1101 0
1102 1
1103 2
1104 2
1105 1
1106 2
1107 1
1108 1
1109 0
1110 0
1111 0
1112 1
1113 1
1114 1
1115 1
1116 2
1117 2
1118 1
1119 1
1120 2
1121 1
1122 1
1123 0
1124 1
1125 1
1126 0
1127 0
1128 0
1129 0
1130 0
1131 0
1132 0
1133 0
1134 0
1135 0
1136 0
1137 0
1138 0
1139 0
1140 0
1141 0
1142 0
1143 1
1144 0
1145 0
1146 0
1147 1
1148 0
1149 0
1150 0
1151 0
1152 0
1153 1
1154 0
1155 0
1156 0
1157 0
1158 0
1159 0
1160 0
1161 0
1162 0
1163 0
1164 0
1165 0
1166 0
1167 1
1168 0
1169 1
1170 0
1171 0
1172 0
1173 0
1174 0
1175 1
1176 1
1177 0
1178 0
1179 0
1180 0
1181 0
1182 0
1183 0
1184 1
1185 0
1186 1
1187 0
1188 1
1189 0
1190 0
1191 0
1192 0
1193 0
1194 0
1195 0
1196 0
1197 1
1198 0
1199 1
1200 1
1201 0
1202 1
1203 0
1204 0
1205 0
1206 1
1207 0
1208 1
1209 0
1210 0
1211 2
1212 0
1213 0
1214 0
1215 0
1216 1
1217 0
1218 0
1219 0
1220 0
1221 0
1222 0
1223 0
1224 0
1225 0
1226 0
1227 0
1228 0
1229 0
1230 0
1231 1
1232 0
1233 0
1234 0
1235 0
1236 0
1237 0
1238 0
1239 1
1240 0
1241 0
1242 0
1243 1
1244 0
1245 0
1246 0
1247 0
1248 0
1249 0
1250 0
1251 0
1252 0
1253 0
1254 0
1255 0
1256 0
1257 0
1258 0
1259 0
1260 0
1261 0
1262 0
1263 0
1264 0
1265 0
1266 0
1267 0
1268 1
1269 0
1270 0
1271 0
1272 0
1273 0
1274 0
1275 0
1276 0
1277 0
1278 1
1279 0
1280 0
1281 1
1282 1
1283 0
1284 0
1285 0
1286 0
1287 0
1288 0
1289 0
1290 0
1291 0
1292 0
1293 0
1294 0
1295 0
1296 0
1297 0
1298 0
1299 0
1300 1
1301 0
1302 1
1303 0
1304 0
1305 0
1306 0
1307 0
1308 0
1309 0
1310 0
1311 0
1312 0
1313 0
1314 1
1315 1
1316 0
1317 0
1318 0
1319 0
1320 0
1321 0
1322 0
1323 1
1324 1
1325 0
1326 1
1327 0
1328 0
1329 0
1330 0
1331 0
1332 0
1333 0
1334 0
1335 0
1336 0
1337 0
1338 0
1339 0
1340 0
1341 0
1342 0
1343 0
1344 1
1345 0
1346 1
1347 0
1348 0
1349 0
1350 0
1351 0
1352 0
1353 0
1354 1
1355 1
1356 1
1357 0
1358 0
1359 0
1360 1
1361 0
1362 0
1363 0
1364 0
1365 1
1366 0
1367 0
1368 0
1369 0
1370 0
1371 0
1372 0
1373 0
1374 0
1375 0
1376 1
1377 1
1378 0
1379 0
1380 0
1381 0
1382 0
1383 0
1384 0
1385 0
1386 0
1387 0
1388 0
1389 0
1390 1
1391 0
1392 1
1393 0
1394 0
1395 0
1396 0
1397 0
1398 0
1399 0
1400 0
1401 0
1402 0
1403 0
1404 0
1405 0
1406 0
1407 0
1408 0
1409 0
1410 0
1411 0
1412 0
1413 0
1414 0
1415 0
1416 0
1417 0
1418 0
1419 0
1420 0
1421 0
1422 0
1423 0
1424 0
1425 0
1426 0
1427 0
1428 0
1429 0
1430 0
1431 1
1432 0
1433 0
1434 0
1435 0
1436 0
1437 0
1438 1
1439 0
1440 0
1441 0
1442 0
1443 1
1444 0
1445 0
1446 0
1447 0
1448 0
1449 0
1450 0
1451 0
1452 0
1453 0
1454 0
1455 0
1456 0
1457 0
1458 0
1459 0
1460 0
1461 0
1462 0
1463 0
1464 0
1465 0
1466 1
1467 0
1468 0
1469 0
1470 0
1471 0
1472 0
1473 0
1474 0
1475 0
1476 0
1477 0
1478 0
1479 0
1480 0
1481 0
1482 0
1483 0
1484 1
1485 1
1486 0
1487 0
1488 0
1489 1
1490 2
1491 1
1492 1
1493 2
1494 1
1495 0
1496 0
1497 0
1498 0
1499 0
1500 0
1501 0
1502 0
1503 0
1504 0
1505 0
1506 0
1507 0
1508 0
1509 0
1510 0
1511 0
1512 0
1513 0
1514 0
1515 0
1516 0
1517 0
1518 0
1519 0
1520 0
1521 0
1522 0
1523 0
1524 0
1525 0
1526 0
1527 0
1528 0
1529 0
1530 0
1531 0
1532 0
1533 0
1534 0
1535 0
1536 0
1537 0
1538 0
1539 0
1540 0
1541 0
1542 1
1543 0
1544 0
1545 0
1546 0
1547 0
1548 0
1549 0
1550 0
1551 0
1552 0
1553 0
1554 0
1555 1
1556 0
1557 0
1558 0
1559 0
1560 0
1561 1
1562 0
1563 0
1564 0
1565 0
1566 0
1567 0
1568 0
1569 0
1570 1
1571 0
1572 0
1573 0
1574 0
1575 1
1576 0
1577 0
1578 0
1579 0
1580 0
1581 0
1582 0
1583 0
1584 2
1585 0
1586 0
1587 0
1588 0
1589 0
1590 1
1591 1
1592 1
1593 1
1594 1
1595 1
1596 1
1597 1
1598 0
1599 0
1600 1
1601 1
1602 1
1603 1
1604 1
1605 1
1606 1
1607 2
1608 1
1609 1
1610 0
1611 1
1612 1
1613 2
1614 2
1615 0
1616 0
1617 0
1618 0
1619 0
1620 0
1621 0
1622 0
1623 1
1624 1
1625 1
1626 0
1627 0
1628 0
1629 0
1630 1
1631 1
1632 0
1633 1
1634 2
1635 1
1636 1
1637 1
1638 1
1639 1
1640 1
1641 2
1642 1
1643 2
1644 1
1645 1
1646 1
1647 1
1648 1
1649 1
1650 0
1651 1
1652 1
1653 0
1654 1
1655 1
1656 1
1657 1
1658 1
1659 1
1660 0
1661 2
1662 1
1663 1
1664 0
1665 0
1666 2
1667 1
1668 1
1669 0
1670 2
1671 1
1672 1
1673 1
1674 0
1675 0
1676 0
1677 0
1678 0
1679 0
1680 0
1681 0
1682 0
1683 0
1684 0
1685 0
1686 0
1687 0
1688 0
1689 0
1690 0
1691 0
1692 0
1693 0
1694 0
1695 1
1696 0
1697 0
1698 0
1699 0
1700 0
1701 0
1702 0
1703 0
1704 0
1705 0
1706 0
1707 0
1708 0
1709 0
1710 0
1711 0
1712 0
1713 0
1714 0
1715 0
1716 1
1717 0
1718 0
1719 1
1720 1
1721 0
1722 0
1723 1
1724 1
1725 1
1726 2
1727 1
1728 1
1729 0
1730 1
1731 1
1732 0
1733 1
1734 1
1735 1
1736 1
1737 1
1738 0
1739 1
1740 1
1741 0
1742 0
1743 0
1744 0
1745 0
1746 0
1747 0
1748 0
1749 0
1750 1
1751 0
1752 2
1753 0
1754 0
1755 1
1756 0
1757 0
1758 1
1759 0
1760 1
1761 1
1762 0
1763 1
1764 0
1765 0
1766 0
1767 0
1768 1
1769 1
1770 0
1771 0
1772 1
1773 1
1774 0
1775 2
1776 1
1777 1
1778 0
1779 1
1780 1
1781 0
1782 0
1783 0
1784 0
1785 0
1786 2
1787 0
1788 1
1789 1
1790 0
1791 0
1792 1
1793 0
1794 1
1795 0
1796 0
1797 0
1798 0
1799 0
1800 0
1801 0
1802 0
1803 0
1804 0
1805 1
1806 1
1807 1
1808 1
1809 1
1810 1
1811 1
1812 1
1813 0
1814 0
1815 0
1816 0
1817 0
1818 1
1819 0
1820 0
1821 0
1822 0
1823 0
1824 0
1825 0
1826 0
1827 0
1828 0
1829 0
1830 0
1831 0
1832 0
1833 0
1834 0
1835 1
1836 0
1837 0
1838 0
1839 0
1840 0
1841 0
1842 0
1843 0
1844 0
1845 0
1846 0
1847 0
1848 0
1849 0
1850 0
1851 0
1852 0
1853 0
1854 0
1855 1
1856 1
1857 1
1858 0
1859 1
1860 1
1861 0
1862 0
1863 0
1864 0
1865 0
1866 0
1867 0
1868 0
1869 0
1870 0
1871 0
1872 0
1873 0
1874 0
1875 1
1876 0
1877 0
1878 0
1879 0
1880 0
1881 0
1882 0
1883 1
1884 0
1885 0
1886 0
1887 0
1888 0
1889 0
1890 0
1891 0
1892 0
1893 0
1894 0
1895 0
1896 0
1897 0
1898 0
1899 0
1900 0
1901 0
1902 0
1903 0
1904 0
1905 0
1906 0
1907 0
1908 0
1909 0
1910 0
1911 1
1912 0
1913 0
1914 0
1915 0
1916 1
1917 0
1918 0
1919 0
1920 0
1921 0
1922 0
1923 1
1924 0
1925 0
1926 1
1927 0
1928 0
1929 0
1930 0
1931 0
1932 0
1933 0
1934 0
1935 0
1936 0
1937 0
1938 0
1939 0
1940 1
1941 0
1942 0
1943 0
1944 1
1945 0
1946 0
1947 0
1948 0
1949 0
1950 0
1951 0
1952 0
1953 0
1954 0
1955 0
1956 0
1957 2
1958 0
1959 1
1960 0
1961 0
1962 0
1963 0
1964 0
1965 0
1966 0
1967 0
1968 0
1969 0
1970 0
1971 0
1972 0
1973 0
1974 0
1975 2
1976 2
1977 2
1978 1
1979 1
1980 2
1981 1
1982 1
1983 1
1984 1
1985 1
1986 2
1987 2
1988 2
1989 3
1990 2
1991 2
1992 1
1993 2
1994 1
1995 2
1996 1
1997 2
1998 1
1999 0
