0 0
1 0
2 0
3 0
4 0
5 0
6 0
7 0
8 0
9 0
10 0
11 0
12 0
13 0
14 0
15 0
16 0
17 0
18 0
19 0
20 0
21 0
22 0
23 0
24 0
25 0
26 0
27 0
28 0
29 0
30 0
31 0
32 0
33 0
34 0
35 0
36 0
37 0
38 0
39 0
40 0
41 0
42 0
43 0
44 0
45 0
46 0
47 0
48 0
49 0
50 0
51 0
52 0
53 0
54 0
55 0
56 0
57 0
58 0
59 0
60 0
61 0
62 0
63 0
64 0
65 0
66 0
67 0
68 0
69 0
70 0
71 0
72 0
73 0
74 0
75 0
76 0
77 0
78 0
79 0
80 0
81 0
82 1
83 0
84 0
85 0
86 1
87 0
88 0
89 0
90 0
91 0
92 0
93 0
94 0
95 0
96 0
97 0
98 0
99 0
100 0
101 0
102 0
103 0
104 0
105 0
106 0
107 0
108 0
109 0
110 0
111 0
112 1
113 0
114 0
115 0
116 0
117 0
118 0
119 0
120 0
121 0
122 0
123 0
124 0
125 0
126 0
127 0
128 0
129 0
130 0
131 0
132 0
133 0
134 0
135 0
136 0
137 0
138 0
139 0
140 0
141 0
142 0
143 0
144 0
145 0
146 0
147 0
148 0
149 0
150 0
151 0
152 0
153 0
154 0
155 0
156 0
157 0
158 0
159 0
160 0
161 0
162 0
163 0
164 0
165 0
166 0
167 0
168 0
169 0
170 0
171 0
172 0
173 0
174 0
175 0
176 0
177 0
178 0
179 0
180 0
181 0
182 0
183 0
184 0
185 0
186 0
187 0
188 0
189 0
190 0
191 0
192 0
193 0
194 0
195 0
196 0
197 0
198 0
199 0
200 0
201 0
202 0
203 0
204 0
205 0
206 0
207 0
208 0
209 0
210 0
211 0
212 0
213 0
214 0
215 0
216 0
217 0
218 0
219 0
220 0
221 0
222 0
223 0
224 0
225 0
226 0
227 0
228 0
229 0
230 0
231 0
232 0
233 0
234 0
235 0
236 0
237 0
238 0
239 0
240 0
241 0
242 0
243 0
244 0
245 0
246 0
247 0
248 0
249 0
250 0
251 0
252 0
253 0
254 0
255 0
256 0
257 0
258 0
259 0
260 0
261 0
262 0
263 0
264 0
265 0
266 0
267 0
268 0
269 0
270 0
271 0
272 0
273 0
274 0
275 0
276 0
277 0
278 0
279 0
280 0
281 0
282 0
283 0
284 0
285 0
286 0
287 0
288 0
289 0
290 0
291 0
292 0
293 0
294 0
295 0
296 0
297 0
298 0
299 0
300 0
301 0
302 0
303 0
304 0
305 0
306 0
307 0
308 0
309 0
310 0
311 0
312 0
313 0
314 0
315 0
316 0
317 0
318 0
319 0
320 0
321 0
322 0
323 0
324 0
325 0
326 0
327 0
328 0
329 0
330 0
331 0
332 0
333 0
334 0
335 0
336 0
337 0
338 0
339 0
340 0
341 0
342 0
343 0
344 0
345 0
346 0
347 0
348 0
349 0
350 0
351 0
352 0
353 0
354 0
355 0
356 0
357 0
358 0
359 0
360 0
361 0
362 0
363 0
364 0
365 0
366 0
367 0
368 0
369 0
370 0
371 0
372 0
373 0
374 0
375 0
376 0
377 0
378 0
379 1
380 0
381 0
382 0
383 0
384 0
385 0
386 0
387 0
388 0
389 0
390 0
391 0
392 0
393 0
394 0
395 1
396 0
397 1
398 0
399 0
400 0
401 0
402 1
403 1
404 0
405 0
406 2
407 1
408 0
409 1
410 1
411 0
412 1
413 0
414 0
415 1
416 1
417 0
418 0
419 0
420 0
421 0
422 0
423 1
424 1
425 0
426 0
427 0
428 0
429 1
430 2
431 0
432 0
433 0
434 1
435 1
436 0
437 1
438 0
439 0
440 0
441 1
442 1
443 0
444 0
445 0
446 1
447 1
448 0
449 0
450 1
451 1
452 1
453 1
454 1
455 2
456 1
457 2
458 0
459 3
460 1
461 1
462 1
463 1
464 2
465 0
466 0
467 0
468 1
469 1
470 0
471 0
472 1
473 0
474 0
475 0
476 0
477 2
478 1
479 0
480 0
481 0
482 0
483 0
484 0
485 0
486 0
487 0
488 0
489 0
490 0
491 0
492 0
493 0
494 0
495 0
496 0
497 0
498 0
499 1
500 0
501 0
502 0
503 0
504 1
505 1
506 0
507 1
508 0
509 0
510 0
511 0
512 1
513 0
514 0
515 1
516 1
517 1
518 1
519 1
520 0
521 0
522 0
523 0
524 0
525 0
526 0
527 0
528 0
529 0
530 0
531 0
532 0
533 0
534 0
535 0
536 0
537 0
538 0
539 0
540 0
541 0
542 0
543 1
544 1
545 0
546 0
547 0
548 0
549 0
550 0
551 0
552 0
553 0
554 0
555 0
556 0
557 0
558 0
559 0
560 0
561 0
562 0
563 0
564 0
565 0
566 0
567 0
568 0
569 1
570 0
571 0
572 0
573 0
574 0
575 0
576 0
577 0
578 0
579 0
580 0
581 0
582 0
583 0
584 0
585 0
586 0
587 0
588 0
589 0
590 0
591 0
592 0
593 0
594 1
595 2
596 0
597 0
598 0
599 0
600 0
601 0
602 0
603 0
604 0
605 0
606 0
607 0
608 1
609 1
610 1
611 2
612 1
613 0
614 1
615 1
616 1
617 1
618 1
619 1
620 1
621 1
622 1
623 1
624 0
625 2
626 1
627 1
628 1
629 1
630 1
631 1
632 1
633 1
634 1
635 1
636 1
637 1
638 2
639 1
640 2
641 1
642 1
643 2
644 1
645 1
646 1
647 1
648 1
649 1
650 1
651 1
652 1
653 1
654 0
655 0
656 0
657 1
658 1
659 1
660 1
661 1
662 1
663 1
664 1
665 1
666 1
667 1
668 0
669 0
670 0
671 0
672 1
673 0
674 2
675 1
676 1
677 1
678 1
679 1
680 1
681 1
682 1
683 0
684 0
685 0
686 1
687 0
688 0
689 1
690 1
691 1
692 1
693 1
694 1
695 1
696 1
697 1
698 1
699 1
700 1
701 1
702 1
703 2
704 0
705 1
706 1
707 1
708 0
709 1
710 0
711 1
712 1
713 2
714 0
715 0
716 0
717 1
718 1
719 0
720 1
721 1
722 1
723 0
724 0
725 1
726 0
727 0
728 0
729 0
730 1
731 1
732 1
733 0
734 0
735 0
736 0
737 0
738 1
739 0
740 0
741 1
742 1
743 1
744 1
745 1
746 1
747 0
748 0
749 0
750 1
751 1
752 0
753 0
754 1
755 1
756 0
757 0
758 0
759 0
760 0
761 0
762 0
763 1
764 0
765 1
766 0
767 1
768 1
769 1
770 1
771 0
772 0
773 0
774 0
775 0
776 0
777 0
778 0
779 0
780 1
781 1
782 1
783 0
784 0
785 1
786 1
787 1
788 1
789 0
790 1
791 0
792 0
793 1
794 0
795 0
796 0
797 0
798 0
799 0
800 1
801 0
802 0
803 1
804 0
805 0
806 0
807 0
808 0
809 0
810 1
811 1
812 0
813 0
814 1
815 0
816 0
817 0
818 0
819 0
820 0
821 0
822 0
823 0
824 0
825 0
826 0
827 0
828 0
829 0
830 0
831 0
832 0
833 0
834 0
835 0
836 1
837 0
838 0
839 0
840 0
841 0
842 1
843 0
844 0
845 0
846 1
847 0
848 0
849 0
850 0
851 0
852 0
853 0
854 0
855 0
856 0
857 0
858 0
859 0
860 0
861 0
862 0
863 0
864 0
865 0
866 0
867 0
868 0
869 0
870 0
871 0
872 0
873 0
874 0
875 0
876 0
877 0
878 0
879 0
880 0
881 0
882 1
883 1
884 0
885 0
886 0
887 0
888 0
889 0
890 0
891 0
892 0
893 0
894 0
895 0
896 0
897 0
898 0
899 0
900 0
901 0
902 0
903 0
904 0
905 0
906 0
907 0
908 2
909 1
910 2
911 1
912 1
913 1
914 0
915 1
916 0
917 1
918 1
919 1
920 2
921 1
922 0
923 0
924 1
925 1
926 1
927 0
928 0
929 0
930 0
931 0
932 0
933 0
934 0
935 0
936 0
937 0
938 0
939 0
940 0
941 0
942 0
943 0
944 0
945 0
946 2
947 1
948 1
949 2
950 1
951 1
952 1
953 0
954 0
955 1
956 0
957 0
958 1
959 1
960 1
961 1
962 0
963 1
964 1
965 1
966 0
967 0
968 0
969 0
970 0
971 0
972 0
973 0
974 0
975 0
976 0
977 0
978 0
979 0
980 0
981 0
982 0
983 0
984 0
985 0
986 0
987 0
988 0
989 0
990 0
991 0
992 0
993 0
994 0
995 0
996 0
997 0
998 0
999 0
1000 0
1001 0
1002 0
1003 0
1004 0
1005 0
1006 0
1007 0
1008 0
1009 0
1010 0
1011 0
1012 0
1013 1
1014 0
1015 0
1016 0
1017 0
1018 0
1019 0
1020 0
1021 0
1022 0
1023 0
1024 1
1025 0
1026 0
1027 0
1028 0
1029 0
1030 0
1031 0
1032 0
1033 0
1034 0
1035 0
1036 0
1037 0
1038 0
1039 0
1040 0
1041 0
1042 0
1043 0
1044 0
1045 0
1046 0
1047 0
1048 0
1049 0
1050 0
1051 0
1052 0
1053 0
1054 1
1055 0
1056 0
1057 1
1058 1
1059 1
1060 0
1061 0
1062 0
1063 0
1064 1
1065 0
1066 0
1067 1
1068 1
1069 1
1070 1
1071 2
1072 1
1073 0
1074 0
1075 0
1076 1
1077 0
1078 0
1079 0
1080 0
1081 0
1082 0
1083 0
1084 0
1085 0
1086 0
1087 0
1088 0
1089 1
1090 1
1091 1
1092 1
1093 1
1094 0
1095 1
1096 0
1097 1
1098 1
1099 0
1100 2
1101 1
1102 1
1103 2
1104 0
1105 1
1106 1
1107 1
1108 0
1109 1
1110 0
1111 0
1112 0
1113 1
1114 0
1115 1
1116 1
1117 1
1118 1
1119 1
1120 1
1121 1
1122 1
1123 2
1124 1
1125 0
1126 0
1127 1
1128 1
1129 0
1130 1
1131 0
1132 1
1133 0
1134 1
1135 2
1136 1
1137 0
1138 0
1139 0
1140 0
1141 2
1142 1
1143 1
1144 0
1145 2
1146 1
1147 1
1148 1
1149 0
1150 1
1151 0
1152 1
1153 1
1154 0
1155 0
1156 2
1157 1
1158 1
1159 0
1160 0
1161 0
1162 0
1163 0
1164 1
1165 1
1166 1
1167 1
1168 1
1169 1
1170 1
1171 1
1172 1
1173 1
1174 1
1175 0
1176 0
1177 1
1178 1
1179 1
1180 1
1181 1
1182 1
1183 1
1184 0
1185 1
1186 1
1187 0
1188 0
1189 0
1190 0
1191 0
1192 0
1193 0
1194 0
1195 0
1196 0
1197 1
1198 0
1199 1
1200 1
1201 0
1202 2
1203 2
1204 0
1205 0
1206 0
1207 0
1208 0
1209 0
1210 0
1211 0
1212 1
1213 0
1214 1
1215 1
1216 0
1217 1
1218 1
1219 1
1220 1
1221 2
1222 1
1223 1
1224 1
1225 1
1226 0
1227 0
1228 0
1229 0
1230 0
1231 0
1232 0
1233 0
1234 0
1235 0
1236 0
1237 1
1238 1
1239 1
1240 1
1241 0
1242 1
1243 0
1244 3
1245 1
1246 1
1247 2
1248 1
1249 1
1250 0
1251 0
1252 0
1253 0
1254 0
1255 1
1256 0
1257 2
1258 1
1259 1
1260 1
1261 0
1262 1
1263 1
1264 1
1265 1
1266 1
1267 0
1268 1
1269 1
1270 1
1271 1
1272 1
1273 0
1274 0
1275 0
1276 0
1277 1
1278 1
1279 0
1280 0
1281 0
1282 0
1283 0
1284 0
1285 0
1286 0
1287 1
1288 1
1289 0
1290 0
1291 0
1292 0
1293 0
1294 0
1295 0
1296 0
1297 1
1298 1
1299 0
1300 0
1301 0
1302 0
1303 0
1304 0
1305 0
1306 0
1307 0
1308 0
1309 0
1310 0
1311 0
1312 0
1313 0
1314 0
1315 0
1316 0
1317 0
1318 0
1319 0
1320 0
1321 0
1322 0
1323 0
1324 0
1325 1
1326 0
1327 0
1328 0
1329 0
1330 0
1331 2
1332 2
1333 2
1334 1
1335 1
1336 2
1337 1
1338 0
1339 1
1340 0
1341 0
1342 0
1343 0
1344 1
1345 0
1346 1
1347 0
1348 0
1349 0
1350 2
1351 0
1352 0
1353 0
1354 0
1355 0
1356 0
1357 1
1358 1
1359 1
1360 1
1361 0
1362 0
1363 0
1364 0
1365 1
1366 0
1367 0
1368 0
1369 0
1370 0
1371 0
1372 0
1373 0
1374 1
1375 1
1376 1
1377 0
1378 0
1379 0
1380 0
1381 0
1382 0
1383 0
1384 0
1385 0
1386 0
1387 0
1388 0
1389 0
1390 0
1391 0
1392 0
1393 1
1394 2
1395 1
1396 1
1397 1
1398 1
1399 1
1400 1
1401 1
1402 2
1403 1
1404 0
1405 3
1406 1
1407 0
1408 1
1409 1
1410 1
1411 1
1412 1
1413 1
1414 1
1415 1
1416 0
1417 1
1418 1
1419 0
1420 2
1421 1
1422 1
1423 0
1424 0
1425 0
1426 0
1427 2
1428 1
1429 0
1430 0
1431 0
1432 0
1433 0
1434 0
1435 0
1436 0
1437 0
1438 1
1439 1
1440 0
1441 1
1442 0
1443 0
1444 0
1445 1
1446 1
1447 1
1448 0
1449 0
1450 0
1451 0
1452 0
1453 0
1454 0
1455 1
1456 0
1457 0
1458 0
1459 0
1460 0
1461 1
1462 0
1463 1
1464 0
1465 0
1466 0
1467 0
1468 1
1469 0
1470 0
1471 0
1472 0
1473 0
1474 0
1475 0
1476 1
1477 0
1478 2
1479 2
1480 1
1481 1
1482 0
1483 0
1484 0
1485 1
1486 1
1487 1
1488 1
1489 1
1490 1
1491 0
1492 1
1493 1
1494 2
1495 1
1496 2
1497 0
1498 1
1499 0
1500 0
1501 1
1502 1
1503 0
1504 0
1505 0
1506 0
1507 1
1508 1
1509 1
1510 1
1511 0
1512 1
1513 2
1514 1
1515 1
1516 1
1517 1
1518 1
1519 1
1520 1
1521 1
1522 1
1523 1
1524 1
1525 0
1526 2
1527 0
1528 1
1529 1
1530 0
1531 1
1532 1
1533 1
1534 0
1535 0
1536 1
1537 0
1538 0
1539 1
1540 1
1541 1
1542 1
1543 0
1544 0
1545 0
1546 0
1547 0
1548 2
1549 1
1550 1
1551 1
1552 1
1553 1
1554 0
1555 1
1556 1
1557 1
1558 0
1559 0
1560 0
1561 0
1562 0
1563 2
1564 2
1565 1
1566 1
1567 2
1568 2
1569 0
1570 1
1571 1
1572 1
1573 2
1574 1
1575 1
1576 2
1577 1
1578 1
1579 1
1580 2
1581 1
1582 1
1583 0
1584 1
1585 1
1586 1
1587 1
1588 1
1589 0
1590 0
1591 0
1592 0
1593 1
1594 1
1595 2
1596 1
1597 1
1598 1
1599 1
1600 1
1601 0
1602 2
1603 0
1604 0
1605 1
1606 1
1607 1
1608 0
1609 1
1610 1
1611 1
1612 0
1613 1
1614 1
1615 1
1616 1
1617 1
1618 1
1619 2
1620 1
1621 0
1622 0
1623 1
1624 2
1625 0
1626 1
1627 1
1628 2
1629 2
1630 1
1631 0
1632 1
1633 1
1634 0
1635 0
1636 1
1637 1
1638 0
1639 1
1640 2
1641 0
1642 0
1643 0
1644 0
1645 0
1646 1
1647 1
1648 1
1649 1
1650 2
1651 1
1652 1
1653 2
1654 1
1655 1
1656 0
1657 1
1658 1
1659 1
1660 1
1661 2
1662 1
1663 1
1664 1
1665 1
1666 0
1667 0
1668 0
1669 0
1670 1
1671 1
1672 2
1673 1
1674 1
1675 1
1676 0
1677 1
1678 0
1679 0
1680 1
1681 1
1682 1
1683 0
1684 1
1685 1
1686 0
1687 1
1688 1
1689 1
1690 0
1691 1
1692 1
1693 1
1694 1
1695 2
1696 2
1697 2
1698 0
1699 1
1700 1
1701 0
1702 0
1703 1
1704 1
1705 0
1706 1
1707 1
1708 1
1709 2
1710 2
1711 0
1712 0
1713 1
1714 1
1715 1
1716 1
1717 2
1718 0
1719 1
1720 1
1721 0
1722 1
1723 0
1724 1
1725 1
1726 1
1727 1
1728 0
1729 1
1730 2
1731 1
1732 0
1733 1
1734 1
1735 0
1736 2
1737 1
1738 1
1739 1
1740 0
1741 1
1742 1
1743 1
1744 1
1745 1
1746 2
1747 1
1748 0
1749 1
1750 0
1751 1
1752 1
1753 1
1754 1
1755 0
1756 1
1757 2
1758 2
1759 1
1760 1
1761 1
1762 1
1763 1
1764 1
1765 1
1766 1
1767 1
1768 0
1769 0
1770 1
1771 1
1772 2
1773 1
1774 1
1775 0
1776 1
1777 0
1778 0
1779 0
1780 2
1781 0
1782 1
1783 0
1784 1
1785 1
1786 2
1787 1
1788 1
1789 0
1790 0
1791 1
1792 1
1793 1
1794 1
1795 0
1796 1
1797 0
1798 0
1799 0
1800 0
1801 0
1802 2
1803 0
1804 1
1805 1
1806 1
1807 1
1808 1
1809 2
1810 2
1811 0
1812 1
1813 2
1814 0
1815 1
1816 1
1817 2
1818 1
1819 0
1820 1
1821 1
1822 1
1823 1
1824 1
1825 1
1826 1
1827 0
1828 1
1829 1
1830 1
1831 0
1832 0
1833 1
1834 1
1835 1
1836 1
1837 0
1838 1
1839 1
1840 0
1841 1
1842 1
1843 1
1844 1
1845 0
1846 1
1847 0
1848 1
1849 1
1850 2
1851 0
1852 1
1853 1
1854 1
1855 1
1856 1
1857 1
1858 1
1859 1
1860 1
1861 1
1862 1
1863 0
1864 1
1865 1
1866 1
1867 1
1868 1
1869 1
1870 1
1871 1
1872 1
1873 1
1874 1
1875 1
1876 1
1877 1
1878 2
1879 1
1880 1
1881 0
1882 1
1883 0
1884 0
1885 0
1886 2
1887 1
1888 1
1889 2
1890 0
1891 1
1892 0
1893 0
1894 1
1895 0
1896 0
1897 0
1898 0
1899 0
1900 0
1901 1
1902 0
1903 0
1904 0
1905 1
1906 0
1907 1
1908 1
1909 1
1910 1
1911 2
1912 1
1913 1
1914 0
1915 0
1916 1
1917 1
1918 1
1919 0
1920 1
1921 1
1922 1
1923 1
1924 1
1925 1
1926 0
1927 1
1928 0
1929 1
1930 1
1931 1
1932 2
1933 3
1934 1
1935 1
1936 1
1937 1
1938 0
1939 1
1940 1
1941 1
1942 1
1943 0
1944 1
1945 1
1946 1
1947 1
1948 0
1949 0
1950 1
1951 1
1952 1
1953 1
1954 1
1955 2
1956 1
1957 1
1958 0
1959 0
1960 1
1961 0
1962 1
1963 1
1964 2
1965 0
1966 1
1967 1
1968 1
1969 1
1970 1
1971 0
1972 1
1973 1
1974 3
1975 0
1976 0
1977 2
1978 0
1979 0
1980 2
1981 1
1982 1
1983 0
1984 1
1985 1
1986 1
1987 1
1988 2
1989 1
1990 1
1991 0
1992 1
1993 2
1994 1
1995 1
1996 1
1997 1
1998 1
1999 0
