0 0
1 1
2 2
3 1
4 0
5 0
6 2
7 2
8 1
9 1
10 0
11 1
12 1
13 0
14 1
15 2
16 2
17 0
18 1
19 0
20 0
21 0
22 0
23 0
24 0
25 2
26 2
27 2
28 0
29 0
30 0
31 1
32 0
33 0
34 0
35 0
36 0
37 1
38 2
39 0
40 1
41 2
42 2
43 0
44 2
45 1
46 1
47 1
48 2
49 1
50 1
51 1
52 1
53 1
54 2
55 1
56 2
57 1
58 2
59 2
60 1
61 1
62 1
63 2
64 2
65 2
66 2
67 1
68 1
69 1
70 2
71 2
72 1
73 1
74 1
75 2
76 0
77 1
78 2
79 2
80 1
81 1
82 3
83 0
84 1
85 1
86 1
87 2
88 2
89 2
90 2
91 2
92 3
93 2
94 1
95 2
96 1
97 1
98 2
99 1
100 1
101 2
102 2
103 1
104 1
105 3
106 3
107 2
108 1
109 3
110 1
111 3
112 0
113 2
114 0
115 0
116 1
117 0
118 0
119 1
120 0
121 0
122 0
123 0
124 0
125 0
126 0
127 0
128 0
129 0
130 0
131 0
132 0
133 0
134 1
135 1
136 1
137 1
138 1
139 1
140 0
141 0
142 1
143 1
144 1
145 2
146 0
147 0
148 0
149 0
150 0
151 0
152 0
153 0
154 0
155 0
156 1
157 1
158 1
159 1
160 1
161 1
162 1
163 1
164 3
165 2
166 2
167 2
168 2
169 3
170 3
171 2
172 2
173 2
174 0
175 0
176 0
177 0
178 0
179 0
180 2
181 1
182 0
183 0
184 0
185 0
186 1
187 1
188 3
189 3
190 3
191 1
192 2
193 3
194 3
195 2
196 1
197 2
198 0
199 2
200 1
201 3
202 1
203 2
204 1
205 2
206 3
207 1
208 2
209 2
210 2
211 0
212 1
213 2
214 2
215 2
216 0
217 2
218 3
219 2
220 2
221 1
222 1
223 1
224 2
225 2
226 2
227 1
228 1
229 2
230 2
231 0
232 2
233 3
234 1
235 1
236 1
237 2
238 2
239 0
240 2
241 1
242 2
243 2
244 1
245 2
246 1
247 2
248 2
249 1
250 2
251 1
252 2
253 2
254 0
255 1
256 2
257 2
258 1
259 2
260 1
261 1
262 2
263 3
264 0
265 1
266 2
267 3
268 0
269 0
270 0
271 0
272 0
273 0
274 0
275 0
276 0
277 0
278 0
279 1
280 0
281 1
282 1
283 1
284 0
285 1
286 1
287 1
288 0
289 1
290 1
291 1
292 0
293 0
294 0
295 1
296 1
297 1
298 1
299 0
300 1
301 2
302 1
303 0
304 0
305 0
306 0
307 0
308 1
309 0
310 0
311 0
312 0
313 2
314 2
315 2
316 1
317 0
318 1
319 0
320 0
321 0
322 0
323 1
324 3
325 1
326 0
327 1
328 2
329 1
330 1
331 0
332 1
333 0
334 0
335 0
336 1
337 3
338 0
339 0
340 2
341 1
342 1
343 0
344 2
345 1
346 2
347 1
348 1
349 1
350 2
351 0
352 1
353 2
354 2
355 0
356 0
357 1
358 0
359 0
360 0
361 0
362 0
363 0
364 1
365 0
366 0
367 1
368 0
369 0
370 0
371 0
372 0
373 0
374 0
375 0
376 0
377 0
378 0
379 0
380 0
381 0
382 0
383 0
384 0
385 0
386 0
387 0
388 0
389 0
390 0
391 0
392 0
393 0
394 0
395 0
396 0
397 1
398 0
399 0
400 0
401 0
402 0
403 0
404 0
405 0
406 0
407 0
408 1
409 1
410 2
411 0
412 1
413 1
414 1
415 0
416 1
417 0
418 0
419 0
420 0
421 0
422 1
423 1
424 0
425 0
426 2
427 0
428 2
429 2
430 2
431 1
432 1
433 1
434 1
435 1
436 1
437 1
438 1
439 0
440 1
441 1
442 1
443 1
444 1
445 2
446 1
447 0
448 1
449 0
450 1
451 1
452 1
453 0
454 2
455 2
456 1
457 1
458 1
459 1
460 0
461 1
462 0
463 1
464 0
465 0
466 1
467 0
468 0
469 1
470 1
471 1
472 2
473 0
474 0
475 0
476 2
477 1
478 2
479 2
480 0
481 0
482 0
483 0
484 0
485 0
486 2
487 1
488 1
489 2
490 1
491 1
492 0
493 3
494 2
495 0
496 0
497 1
498 0
499 2
500 0
501 1
502 1
503 0
504 0
505 0
506 1
507 0
508 1
509 1
510 1
511 2
512 2
513 1
514 1
515 2
516 1
517 1
518 0
519 0
520 1
521 1
522 1
523 1
524 1
525 0
526 0
527 1
528 0
529 0
530 0
531 0
532 2
533 2
534 2
535 1
536 0
537 2
538 0
539 1
540 1
541 0
542 1
543 1
544 2
545 1
546 1
547 0
548 3
549 2
550 2
551 2
552 2
553 2
554 0
555 2
556 1
557 1
558 1
559 1
560 1
561 1
562 1
563 1
564 1
565 2
566 1
567 2
568 1
569 2
570 1
571 1
572 1
573 1
574 0
575 1
576 2
577 2
578 1
579 0
580 2
581 3
582 1
583 1
584 1
585 2
586 1
587 3
588 2
589 1
590 0
591 1
592 2
593 1
594 2
595 1
596 1
597 1
598 1
599 1
600 0
601 2
602 1
603 1
604 1
605 1
606 0
607 2
608 0
609 0
610 1
611 0
612 1
613 1
614 1
615 3
616 2
617 1
618 1
619 1
620 1
621 2
622 1
623 2
624 1
625 1
626 3
627 1
628 1
629 3
630 0
631 2
632 1
633 3
634 1
635 1
636 1
637 1
638 2
639 1
640 0
641 0
642 0
643 0
644 0
645 1
646 1
647 1
648 2
649 1
650 1
651 1
652 1
653 0
654 1
655 1
656 0
657 3
658 1
659 3
660 1
661 0
662 0
663 0
664 0
665 0
666 0
667 0
668 3
669 1
670 2
671 0
672 0
673 2
674 1
675 1
676 2
677 1
678 1
679 1
680 2
681 2
682 1
683 1
684 1
685 0
686 1
687 1
688 1
689 1
690 1
691 1
692 0
693 1
694 1
695 2
696 1
697 0
698 0
699 1
700 0
701 0
702 0
703 2
704 1
705 1
706 0
707 1
708 1
709 1
710 0
711 0
712 1
713 1
714 2
715 2
716 1
717 1
718 2
719 2
720 2
721 2
722 2
723 2
724 1
725 1
726 1
727 2
728 1
729 2
730 2
731 2
732 2
733 0
734 2
735 1
736 1
737 1
738 0
739 2
740 0
741 2
742 1
743 1
744 0
745 1
746 1
747 2
748 1
749 2
750 2
751 1
752 2
753 1
754 2
755 1
756 2
757 0
758 2
759 1
760 1
761 1
762 0
763 0
764 0
765 0
766 0
767 0
768 0
769 0
770 0
771 0
772 0
773 1
774 1
775 2
776 2
777 2
778 2
779 2
780 3
781 4
782 1
783 1
784 1
785 1
786 1
787 1
788 1
789 1
790 1
791 1
792 0
793 1
794 0
795 2
796 1
797 1
798 1
799 1
800 1
801 0
802 2
803 2
804 2
805 2
806 0
807 1
808 0
809 1
810 1
811 2
812 1
813 2
814 1
815 3
816 2
817 2
818 1
819 1
820 2
821 2
822 2
823 2
824 3
825 1
826 1
827 1
828 0
829 2
830 2
831 0
832 1
833 2
834 2
835 1
836 1
837 2
838 2
839 2
840 2
841 1
842 2
843 0
844 1
845 1
846 0
847 1
848 1
849 1
850 0
851 1
852 0
853 1
854 3
855 2
856 0
857 1
858 1
859 1
860 1
861 3
862 3
863 3
864 1
865 2
866 2
867 0
868 1
869 1
870 1
871 1
872 2
873 1
874 2
875 2
876 2
877 2
878 1
879 1
880 3
881 2
882 2
883 2
884 1
885 2
886 2
887 3
888 2
889 2
890 2
891 1
892 1
893 2
894 2
895 2
896 3
897 2
898 1
899 2
900 0
901 0
902 2
903 1
904 2
905 0
906 2
907 2
908 0
909 1
910 1
911 1
912 1
913 1
914 3
915 1
916 1
917 0
918 1
919 0
920 0
921 1
922 3
923 2
924 1
925 1
926 1
927 1
928 2
929 1
930 2
931 1
932 1
933 1
934 1
935 1
936 1
937 1
938 1
939 1
940 2
941 2
942 0
943 0
944 1
945 1
946 2
947 1
948 2
949 1
950 1
951 1
952 1
953 4
954 1
955 1
956 1
957 1
958 2
959 3
960 3
961 2
962 0
963 1
964 1
965 1
966 2
967 1
968 2
969 2
970 3
971 1
972 3
973 1
974 0
975 2
976 1
977 1
978 0
979 1
980 1
981 1
982 1
983 3
984 0
985 0
986 0
987 0
988 0
989 3
990 2
991 2
992 2
993 0
994 1
995 1
996 1
997 1
998 1
999 1
1000 1
1001 0
1002 2
1003 4
1004 3
1005 4
1006 1
1007 2
1008 1
1009 1
1010 0
1011 1
1012 0
1013 0
1014 1
1015 1
1016 0
1017 1
1018 0
1019 2
1020 2
1021 0
1022 1
1023 1
1024 0
1025 0
1026 1
1027 4
1028 0
1029 4
1030 3
1031 4
1032 4
1033 1
1034 1
1035 0
1036 2
1037 2
1038 3
1039 1
1040 1
1041 3
1042 1
1043 1
1044 1
1045 3
1046 2
1047 3
1048 3
1049 1
1050 3
1051 3
1052 2
1053 2
1054 3
1055 1
1056 2
1057 3
1058 2
1059 2
1060 3
1061 3
1062 1
1063 3
1064 1
1065 4
1066 1
1067 1
1068 1
1069 0
1070 3
1071 1
1072 2
1073 3
1074 3
1075 4
1076 2
1077 4
1078 3
1079 1
1080 3
1081 4
1082 0
1083 0
1084 0
1085 0
1086 0
1087 2
1088 0
1089 0
1090 1
1091 0
1092 1
1093 1
1094 1
1095 1
1096 1
1097 0
1098 1
1099 1
1100 1
1101 1
1102 0
1103 2
1104 1
1105 1
1106 1
1107 3
1108 0
1109 1
1110 0
1111 0
1112 0
1113 0
1114 1
1115 0
1116 3
1117 3
1118 1
1119 2
1120 1
1121 2
1122 1
1123 0
1124 1
1125 1
1126 1
1127 2
1128 2
1129 2
1130 1
1131 0
1132 0
1133 0
1134 0
1135 0
1136 0
1137 0
1138 1
1139 0
1140 0
1141 0
1142 0
1143 0
1144 0
1145 2
1146 0
1147 1
1148 0
1149 0
1150 0
1151 0
1152 1
1153 0
1154 1
1155 0
1156 0
1157 0
1158 0
1159 0
1160 0
1161 0
1162 1
1163 1
1164 0
1165 0
1166 0
1167 1
1168 1
1169 1
1170 1
1171 0
1172 1
1173 0
1174 0
1175 1
1176 1
1177 1
1178 0
1179 0
1180 1
1181 0
1182 3
1183 2
1184 0
1185 3
1186 0
1187 1
1188 1
1189 2
1190 2
1191 2
1192 4
1193 1
1194 1
1195 3
1196 2
1197 1
1198 2
1199 1
1200 2
1201 1
1202 1
1203 1
1204 1
1205 0
1206 1
1207 1
1208 2
1209 0
1210 1
1211 1
1212 1
1213 2
1214 2
1215 1
1216 2
1217 1
1218 1
1219 0
1220 0
1221 0
1222 0
1223 1
1224 1
1225 0
1226 0
1227 1
1228 0
1229 1
1230 1
1231 1
1232 1
1233 0
1234 1
1235 1
1236 2
1237 1
1238 1
1239 3
1240 1
1241 2
1242 1
1243 1
1244 3
1245 1
1246 2
1247 1
1248 1
1249 3
1250 1
1251 1
1252 1
1253 2
1254 2
1255 2
1256 1
1257 2
1258 2
1259 1
1260 1
1261 1
1262 1
1263 1
1264 1
1265 1
1266 2
1267 0
1268 1
1269 2
1270 2
1271 1
1272 2
1273 1
1274 1
1275 1
1276 1
1277 1
1278 1
1279 2
1280 2
1281 0
1282 1
1283 1
1284 2
1285 2
1286 1
1287 2
1288 2
1289 1
1290 3
1291 1
1292 1
1293 1
1294 1
1295 2
1296 1
1297 1
1298 2
1299 2
1300 1
1301 2
1302 1
1303 2
1304 2
1305 2
1306 2
1307 2
1308 0
1309 1
1310 5
1311 0
1312 1
1313 1
1314 1
1315 1
1316 2
1317 1
1318 1
1319 0
1320 0
1321 0
1322 0
1323 0
1324 0
1325 0
1326 1
1327 1
1328 1
1329 2
1330 1
1331 0
1332 1
1333 0
1334 2
1335 2
1336 1
1337 1
1338 1
1339 1
1340 1
1341 2
1342 1
1343 2
1344 2
1345 1
1346 2
1347 2
1348 1
1349 2
1350 1
1351 1
1352 2
1353 1
1354 2
1355 1
1356 1
1357 1
1358 2
1359 2
1360 2
1361 1
1362 1
1363 2
1364 2
1365 1
1366 2
1367 0
1368 2
1369 2
1370 1
1371 1
1372 2
1373 1
1374 1
1375 2
1376 1
1377 1
1378 1
1379 1
1380 2
1381 0
1382 2
1383 0
1384 1
1385 1
1386 1
1387 1
1388 2
1389 2
1390 2
1391 1
1392 2
1393 0
1394 1
1395 1
1396 1
1397 1
1398 1
1399 1
1400 1
1401 1
1402 1
1403 0
1404 2
1405 1
1406 1
1407 1
1408 1
1409 0
1410 1
1411 0
1412 2
1413 2
1414 1
1415 1
1416 2
1417 1
1418 1
1419 2
1420 2
1421 1
1422 2
1423 1
1424 1
1425 0
1426 1
1427 1
1428 1
1429 1
1430 1
1431 2
1432 1
1433 1
1434 2
1435 2
1436 1
1437 1
1438 1
1439 1
1440 1
1441 0
1442 2
1443 3
1444 2
1445 1
1446 2
1447 1
1448 1
1449 1
1450 2
1451 2
1452 1
1453 1
1454 1
1455 0
1456 1
1457 2
1458 1
1459 1
1460 2
1461 1
1462 2
1463 2
1464 2
1465 1
1466 2
1467 1
1468 1
1469 0
1470 1
1471 1
1472 2
1473 2
1474 1
1475 0
1476 1
1477 1
1478 2
1479 1
1480 1
1481 1
1482 2
1483 2
1484 2
1485 1
1486 1
1487 0
1488 1
1489 2
1490 2
1491 2
1492 2
1493 1
1494 2
1495 2
1496 1
1497 2
1498 1
1499 2
1500 1
1501 2
1502 2
1503 1
1504 1
1505 1
1506 2
1507 1
1508 1
1509 2
1510 1
1511 0
1512 1
1513 1
1514 1
1515 2
1516 1
1517 1
1518 1
1519 1
1520 1
1521 1
1522 1
1523 1
1524 1
1525 1
1526 3
1527 1
1528 1
1529 1
1530 2
1531 1
1532 1
1533 1
1534 0
1535 1
1536 2
1537 1
1538 1
1539 2
1540 1
1541 1
1542 1
1543 1
1544 1
1545 2
1546 1
1547 0
1548 1
1549 2
1550 1
1551 2
1552 2
1553 2
1554 1
1555 1
1556 0
1557 2
1558 1
1559 1
1560 1
1561 1
1562 1
1563 1
1564 1
1565 2
1566 2
1567 1
1568 1
1569 1
1570 1
1571 2
1572 2
1573 1
1574 2
1575 1
1576 1
1577 2
1578 2
1579 1
1580 1
1581 2
1582 2
1583 1
1584 1
1585 1
1586 1
1587 1
1588 2
1589 1
1590 1
1591 2
1592 1
1593 1
1594 1
1595 1
1596 1
1597 2
1598 1
1599 2
1600 2
1601 2
1602 0
1603 2
1604 2
1605 1
1606 2
1607 2
1608 1
1609 1
1610 1
1611 1
1612 1
1613 0
1614 1
1615 1
1616 1
1617 1
1618 1
1619 1
1620 2
1621 1
1622 1
1623 1
1624 1
1625 1
1626 0
1627 2
1628 1
1629 2
1630 2
1631 2
1632 2
1633 2
1634 1
1635 0
1636 2
1637 1
1638 1
1639 1
1640 1
1641 2
1642 2
1643 0
1644 2
1645 0
1646 1
1647 1
1648 1
1649 1
1650 2
1651 1
1652 1
1653 2
1654 1
1655 1
1656 1
1657 1
1658 0
1659 2
1660 1
1661 1
1662 2
1663 1
1664 1
1665 1
1666 2
1667 1
1668 1
1669 1
1670 1
1671 2
1672 2
1673 2
1674 2
1675 1
1676 1
1677 1
1678 2
1679 1
1680 2
1681 0
1682 1
1683 2
1684 1
1685 1
1686 2
1687 2
1688 1
1689 1
1690 1
1691 1
1692 1
1693 1
1694 2
1695 1
1696 1
1697 2
1698 1
1699 0
1700 2
1701 1
1702 1
1703 1
1704 2
1705 1
1706 1
1707 2
1708 1
1709 2
1710 1
1711 1
1712 1
1713 2
1714 2
1715 1
1716 1
1717 2
1718 1
1719 2
1720 1
1721 1
1722 1
1723 2
1724 2
1725 1
1726 1
1727 1
1728 1
1729 1
1730 2
1731 1
1732 1
1733 2
1734 2
1735 2
1736 1
1737 1
1738 0
1739 1
1740 1
1741 1
1742 2
1743 1
1744 0
1745 2
1746 1
1747 2
1748 1
1749 1
1750 1
1751 1
1752 2
1753 1
1754 2
1755 2
1756 1
1757 1
1758 1
1759 1
1760 1
1761 2
1762 0
1763 1
1764 1
1765 1
1766 2
1767 2
1768 2
1769 1
1770 2
1771 1
1772 1
1773 2
1774 1
1775 2
1776 1
1777 0
1778 2
1779 1
1780 1
1781 1
1782 2
1783 2
1784 2
1785 2
1786 1
1787 2
1788 1
1789 2
1790 2
1791 1
1792 1
1793 1
1794 1
1795 1
1796 2
1797 2
1798 2
1799 2
1800 1
1801 2
1802 1
1803 2
1804 1
1805 2
1806 1
1807 2
1808 0
1809 1
1810 2
1811 1
1812 2
1813 1
1814 1
1815 2
1816 1
1817 1
1818 2
1819 0
1820 2
1821 1
1822 1
1823 1
1824 1
1825 2
1826 0
1827 1
1828 1
1829 1
1830 1
1831 1
1832 1
1833 1
1834 1
1835 0
1836 1
1837 0
1838 2
1839 0
1840 2
1841 1
1842 1
1843 1
1844 1
1845 1
1846 2
1847 0
1848 1
1849 2
1850 1
1851 1
1852 0
1853 1
1854 1
1855 1
1856 1
1857 1
1858 2
1859 1
1860 1
1861 2
1862 1
1863 1
1864 1
1865 2
1866 1
1867 1
1868 1
1869 0
1870 1
1871 1
1872 1
1873 2
1874 2
1875 1
1876 0
1877 1
1878 1
1879 1
1880 0
1881 2
1882 2
1883 2
1884 1
1885 2
1886 0
1887 1
1888 2
1889 1
1890 1
1891 2
1892 0
1893 2
1894 0
1895 2
1896 1
1897 2
1898 2
1899 2
1900 1
1901 1
1902 0
1903 1
1904 1
1905 2
1906 1
1907 1
1908 1
1909 1
1910 1
1911 2
1912 1
1913 2
1914 1
1915 1
1916 2
1917 2
1918 1
1919 2
1920 0
1921 2
1922 1
1923 0
1924 3
1925 1
1926 2
1927 1
1928 2
1929 1
1930 2
1931 0
1932 2
1933 1
1934 0
1935 2
1936 2
1937 1
1938 1
1939 2
1940 1
1941 2
1942 0
1943 1
1944 1
1945 1
1946 1
1947 2
1948 1
1949 1
1950 1
1951 1
1952 1
1953 1
1954 1
1955 1
1956 1
1957 1
1958 2
1959 1
1960 0
1961 1
1962 0
1963 2
1964 1
1965 1
1966 2
1967 2
1968 1
1969 1
1970 2
1971 1
1972 1
1973 1
1974 1
1975 0
1976 1
1977 1
1978 2
1979 2
1980 1
1981 1
1982 0
1983 2
1984 1
1985 2
1986 2
1987 1
1988 1
1989 1
1990 0
1991 1
1992 2
1993 0
1994 2
1995 1
1996 1
1997 0
1998 1
1999 1
