0 0
1 0
2 0
3 0
4 0
5 0
6 0
7 0
8 0
9 0
10 0
11 0
12 0
13 0
14 0
15 0
16 0
17 0
18 0
19 0
20 0
21 0
22 0
23 0
24 0
25 0
26 0
27 0
28 0
29 0
30 0
31 0
32 0
33 0
34 0
35 0
36 0
37 0
38 0
39 0
40 0
41 0
42 0
43 0
44 0
45 0
46 0
47 0
48 0
49 0
50 0
51 0
52 0
53 0
54 0
55 0
56 0
57 0
58 0
59 0
60 0
61 0
62 0
63 0
64 0
65 0
66 0
67 0
68 0
69 0
70 0
71 0
72 0
73 0
74 0
75 0
76 0
77 0
78 0
79 0
80 0
81 0
82 0
83 0
84 0
85 0
86 0
87 0
88 0
89 0
90 0
91 0
92 0
93 0
94 0
95 0
96 0
97 0
98 0
99 0
100 0
101 0
102 0
103 0
104 0
105 0
106 0
107 0
108 0
109 0
110 0
111 0
112 0
113 0
114 0
115 0
116 0
117 0
118 0
119 0
120 0
121 0
122 0
123 1
124 2
125 1
126 0
127 0
128 1
129 2
130 1
131 0
132 1
133 2
134 1
135 1
136 1
137 0
138 1
139 1
140 2
141 2
142 1
143 0
144 0
145 1
146 1
147 1
148 0
149 0
150 0
151 0
152 0
153 0
154 0
155 0
156 0
157 0
158 1
159 0
160 1
161 1
162 0
163 0
164 0
165 0
166 0
167 3
168 1
169 1
170 0
171 1
172 1
173 1
174 1
175 2
176 0
177 2
178 2
179 2
180 1
181 2
182 0
183 0
184 1
185 2
186 2
187 0
188 1
189 1
190 2
191 0
192 3
193 2
194 1
195 1
196 2
197 0
198 0
199 0
200 1
201 0
202 2
203 3
204 2
205 2
206 2
207 1
208 0
209 1
210 0
211 0
212 1
213 1
214 3
215 2
216 2
217 3
218 3
219 2
220 5
221 3
222 3
223 2
224 1
225 2
226 3
227 0
228 1
229 0
230 0
231 1
232 1
233 1
234 1
235 3
236 1
237 0
238 2
239 1
240 1
241 0
242 2
243 1
244 1
245 3
246 0
247 1
248 1
249 0
250 1
251 0
252 1
253 1
254 1
255 1
256 1
257 0
258 0
259 0
260 1
261 1
262 3
263 4
264 3
265 4
266 2
267 1
268 0
269 1
270 1
271 1
272 2
273 4
274 1
275 2
276 1
277 2
278 2
279 3
280 2
281 2
282 3
283 3
284 2
285 3
286 3
287 3
288 3
289 3
290 2
291 3
292 2
293 3
294 2
295 4
296 3
297 3
298 3
299 2
300 3
301 3
302 3
303 3
304 2
305 2
306 4
307 1
308 5
309 3
310 5
311 3
312 2
313 3
314 1
315 4
316 2
317 4
318 3
319 4
320 2
321 4
322 2
323 3
324 4
325 3
326 4
327 4
328 2
329 3
330 3
331 3
332 1
333 3
334 3
335 2
336 3
337 3
338 4
339 3
340 4
341 3
342 3
343 3
344 3
345 3
346 3
347 2
348 3
349 3
350 3
351 2
352 3
353 4
354 2
355 3
356 3
357 3
358 3
359 4
360 3
361 3
362 3
363 2
364 3
365 4
366 3
367 3
368 3
369 2
370 3
371 3
372 2
373 3
374 2
375 3
376 2
377 2
378 1
379 2
380 3
381 2
382 2
383 3
384 2
385 2
386 2
387 1
388 3
389 2
390 3
391 2
392 3
393 4
394 3
395 2
396 4
397 2
398 3
399 3
400 2
401 3
402 3
403 1
404 3
405 2
406 3
407 4
408 3
409 2
410 4
411 3
412 3
413 2
414 3
415 2
416 3
417 2
418 2
419 3
420 3
421 2
422 3
423 2
424 4
425 2
426 3
427 2
428 3
429 3
430 1
431 2
432 3
433 2
434 3
435 3
436 3
437 3
438 3
439 4
440 3
441 3
442 3
443 3
444 2
445 3
446 3
447 3
448 3
449 2
450 3
451 1
452 2
453 3
454 2
455 3
456 3
457 3
458 3
459 2
460 4
461 3
462 3
463 2
464 2
465 3
466 4
467 3
468 1
469 3
470 3
471 3
472 3
473 2
474 1
475 3
476 3
477 3
478 3
479 1
480 2
481 3
482 3
483 1
484 1
485 0
486 3
487 2
488 3
489 4
490 3
491 1
492 2
493 1
494 1
495 2
496 3
497 3
498 3
499 2
500 2
501 5
502 4
503 3
504 3
505 3
506 3
507 3
508 2
509 1
510 2
511 1
512 2
513 1
514 3
515 1
516 3
517 2
518 4
519 2
520 3
521 2
522 3
523 4
524 3
525 1
526 2
527 4
528 3
529 3
530 3
531 2
532 2
533 3
534 3
535 2
536 2
537 1
538 2
539 2
540 2
541 3
542 1
543 1
544 1
545 2
546 2
547 1
548 2
549 2
550 2
551 1
552 1
553 1
554 1
555 1
556 0
557 0
558 1
559 0
560 1
561 1
562 1
563 1
564 1
565 0
566 1
567 1
568 2
569 2
570 0
571 1
572 4
573 3
574 5
575 4
576 2
577 4
578 2
579 2
580 2
581 0
582 1
583 0
584 1
585 0
586 1
587 0
588 0
589 0
590 0
591 1
592 0
593 0
594 0
595 0
596 0
597 1
598 1
599 1
600 1
601 2
602 1
603 1
604 1
605 0
606 0
607 1
608 0
609 2
610 1
611 1
612 1
613 2
614 2
615 0
616 1
617 0
618 3
619 1
620 0
621 2
622 2
623 2
624 2
625 0
626 1
627 2
628 1
629 1
630 2
631 2
632 0
633 1
634 0
635 0
636 1
637 0
638 1
639 1
640 0
641 0
642 1
643 2
644 1
645 2
646 1
647 1
648 1
649 1
650 0
651 1
652 1
653 2
654 0
655 0
656 0
657 1
658 1
659 0
660 2
661 2
662 2
663 1
664 1
665 1
666 1
667 1
668 1
669 1
670 0
671 1
672 2
673 2
674 2
675 1
676 1
677 2
678 2
679 1
680 1
681 1
682 1
683 1
684 1
685 1
686 2
687 1
688 1
689 1
690 0
691 1
692 2
693 1
694 2
695 2
696 1
697 1
698 1
699 2
700 1
701 1
702 2
703 1
704 0
705 1
706 1
707 0
708 1
709 1
710 1
711 0
712 1
713 1
714 1
715 2
716 1
717 1
718 1
719 1
720 1
721 1
722 1
723 0
724 1
725 1
726 1
727 2
728 1
729 0
730 0
731 1
732 2
733 1
734 2
735 0
736 1
737 1
738 2
739 1
740 1
741 1
742 2
743 1
744 1
745 1
746 1
747 0
748 1
749 2
750 1
751 0
752 2
753 1
754 1
755 1
756 0
757 1
758 2
759 0
760 1
761 0
762 1
763 2
764 0
765 1
766 1
767 1
768 1
769 1
770 3
771 1
772 2
773 1
774 0
775 1
776 1
777 2
778 1
779 1
780 1
781 1
782 1
783 2
784 1
785 2
786 1
787 1
788 1
789 2
790 1
791 1
792 1
793 0
794 2
795 1
796 2
797 1
798 0
799 0
800 1
801 1
802 0
803 1
804 0
805 0
806 2
807 0
808 1
809 0
810 0
811 1
812 0
813 0
814 1
815 1
816 0
817 1
818 2
819 2
820 2
821 0
822 0
823 0
824 0
825 0
826 0
827 0
828 0
829 0
830 0
831 0
832 0
833 0
834 0
835 0
836 0
837 0
838 0
839 0
840 0
841 0
842 0
843 0
844 0
845 0
846 0
847 0
848 0
849 0
850 0
851 0
852 0
853 0
854 0
855 0
856 0
857 0
858 0
859 0
860 0
861 0
862 0
863 0
864 0
865 0
866 0
867 0
868 0
869 0
870 0
871 0
872 0
873 0
874 0
875 0
876 0
877 0
878 0
879 0
880 0
881 0
882 0
883 0
884 0
885 0
886 0
887 0
888 0
889 0
890 0
891 0
892 0
893 0
894 0
895 0
896 0
897 0
898 0
899 0
900 0
901 0
902 0
903 0
904 0
905 0
906 0
907 0
908 0
909 0
910 0
911 0
912 0
913 0
914 0
915 0
916 0
917 0
918 0
919 0
920 0
921 0
922 0
923 0
924 0
925 0
926 0
927 0
928 0
929 0
930 0
931 0
932 0
933 0
934 0
935 0
936 0
937 0
938 0
939 0
940 0
941 0
942 0
943 0
944 0
945 0
946 0
947 0
948 0
949 0
950 0
951 0
952 0
953 0
954 0
955 0
956 0
957 0
958 0
959 0
960 0
961 0
962 0
963 1
964 0
965 0
966 0
967 0
968 0
969 0
970 0
971 0
972 0
973 0
974 0
975 1
976 0
977 3
978 1
979 0
980 1
981 1
982 0
983 1
984 0
985 0
986 0
987 0
988 0
989 0
990 0
991 0
992 0
993 0
994 0
995 0
996 1
997 0
998 1
999 1
1000 0
1001 1
1002 0
1003 1
1004 1
1005 2
1006 0
1007 0
1008 0
1009 0
1010 0
1011 0
1012 1
1013 1
1014 1
1015 1
1016 1
1017 1
1018 1
1019 1
1020 2
1021 1
1022 1
1023 1
1024 0
1025 1
1026 1
1027 1
1028 1
1029 2
1030 1
1031 1
1032 0
1033 1
1034 1
1035 1
1036 1
1037 1
1038 1
1039 2
1040 1
1041 1
1042 1
1043 1
1044 1
1045 1
1046 1
1047 1
1048 1
1049 1
1050 1
1051 1
1052 1
1053 1
1054 0
1055 1
1056 1
1057 1
1058 1
1059 1
1060 1
1061 1
1062 1
1063 1
1064 1
1065 0
1066 1
1067 1
1068 1
1069 0
1070 1
1071 1
1072 1
1073 1
1074 1
1075 1
1076 1
1077 1
1078 1
1079 1
1080 1
1081 1
1082 1
1083 1
1084 0
1085 0
1086 1
1087 1
1088 0
1089 1
1090 0
1091 0
1092 1
1093 1
1094 1
1095 1
1096 1
1097 1
1098 1
1099 2
1100 1
1101 2
1102 2
1103 3
1104 1
1105 1
1106 0
1107 2
1108 1
1109 2
1110 2
1111 1
1112 3
1113 1
1114 2
1115 1
1116 1
1117 1
1118 2
1119 1
1120 1
1121 3
1122 2
1123 0
1124 1
1125 2
1126 2
1127 4
1128 2
1129 3
1130 3
1131 2
1132 2
1133 1
1134 3
1135 1
1136 1
1137 2
1138 2
1139 2
1140 1
1141 1
1142 1
1143 0
1144 1
1145 2
1146 2
1147 1
1148 1
1149 2
1150 1
1151 2
1152 2
1153 1
1154 1
1155 1
1156 2
1157 1
1158 1
1159 1
1160 1
1161 2
1162 1
1163 0
1164 0
1165 1
1166 2
1167 1
1168 2
1169 1
1170 2
1171 1
1172 2
1173 2
1174 0
1175 1
1176 1
1177 1
1178 1
1179 1
1180 2
1181 1
1182 1
1183 1
1184 2
1185 2
1186 1
1187 2
1188 0
1189 1
1190 1
1191 2
1192 1
1193 1
1194 1
1195 0
1196 2
1197 2
1198 1
1199 1
1200 2
1201 1
1202 0
1203 1
1204 1
1205 1
1206 1
1207 1
1208 1
1209 1
1210 1
1211 1
1212 1
1213 1
1214 1
1215 2
1216 2
1217 1
1218 2
1219 1
1220 2
1221 1
1222 1
1223 1
1224 2
1225 1
1226 1
1227 2
1228 1
1229 3
1230 1
1231 1
1232 1
1233 1
1234 2
1235 1
1236 1
1237 1
1238 1
1239 1
1240 0
1241 2
1242 4
1243 1
1244 0
1245 2
1246 0
1247 2
1248 2
1249 2
1250 1
1251 1
1252 3
1253 3
1254 4
1255 3
1256 3
1257 4
1258 3
1259 1
1260 1
1261 0
1262 1
1263 1
1264 1
1265 1
1266 2
1267 2
1268 1
1269 0
1270 2
1271 2
1272 1
1273 1
1274 1
1275 1
1276 1
1277 1
1278 1
1279 2
1280 1
1281 2
1282 2
1283 2
1284 2
1285 1
1286 1
1287 1
1288 1
1289 1
1290 2
1291 1
1292 1
1293 1
1294 0
1295 2
1296 2
1297 1
1298 1
1299 1
1300 2
1301 2
1302 2
1303 2
1304 1
1305 3
1306 1
1307 1
1308 1
1309 3
1310 2
1311 1
1312 2
1313 1
1314 1
1315 1
1316 1
1317 2
1318 1
1319 2
1320 2
1321 1
1322 2
1323 1
1324 1
1325 1
1326 2
1327 1
1328 1
1329 2
1330 2
1331 2
1332 0
1333 0
1334 1
1335 1
1336 1
1337 1
1338 1
1339 2
1340 1
1341 4
1342 1
1343 0
1344 2
1345 2
1346 2
1347 2
1348 2
1349 1
1350 2
1351 0
1352 2
1353 1
1354 1
1355 2
1356 0
1357 2
1358 1
1359 1
1360 0
1361 0
1362 2
1363 2
1364 1
1365 2
1366 1
1367 1
1368 1
1369 2
1370 1
1371 1
1372 1
1373 1
1374 1
1375 2
1376 1
1377 1
1378 1
1379 2
1380 1
1381 2
1382 1
1383 2
1384 1
1385 1
1386 3
1387 1
1388 0
1389 1
1390 1
1391 1
1392 1
1393 1
1394 0
1395 1
1396 1
1397 2
1398 1
1399 2
1400 1
1401 1
1402 2
1403 1
1404 1
1405 1
1406 2
1407 1
1408 1
1409 1
1410 1
1411 1
1412 0
1413 1
1414 1
1415 1
1416 1
1417 0
1418 1
1419 1
1420 1
1421 1
1422 1
1423 1
1424 1
1425 1
1426 1
1427 1
1428 1
1429 2
1430 1
1431 1
1432 1
1433 1
1434 1
1435 1
1436 2
1437 1
1438 1
1439 1
1440 1
1441 1
1442 1
1443 1
1444 1
1445 0
1446 1
1447 1
1448 1
1449 2
1450 0
1451 1
1452 1
1453 1
1454 1
1455 1
1456 1
1457 1
1458 1
1459 2
1460 0
1461 2
1462 1
1463 1
1464 2
1465 1
1466 1
1467 3
1468 1
1469 0
1470 1
1471 1
1472 2
1473 2
1474 1
1475 1
1476 1
1477 0
1478 1
1479 1
1480 1
1481 1
1482 1
1483 0
1484 1
1485 1
1486 1
1487 1
1488 1
1489 1
1490 1
1491 1
1492 1
1493 1
1494 1
1495 1
1496 1
1497 1
1498 1
1499 1
1500 1
1501 1
1502 1
1503 1
1504 0
1505 0
1506 1
1507 2
1508 1
1509 3
1510 1
1511 1
1512 0
1513 1
1514 3
1515 1
1516 1
1517 1
1518 1
1519 1
1520 1
1521 1
1522 4
1523 2
1524 2
1525 1
1526 1
1527 2
1528 1
1529 2
1530 1
1531 0
1532 0
1533 2
1534 1
1535 1
1536 1
1537 1
1538 1
1539 1
1540 1
1541 1
1542 1
1543 1
1544 1
1545 1
1546 1
1547 1
1548 1
1549 1
1550 2
1551 2
1552 1
1553 2
1554 1
1555 1
1556 0
1557 1
1558 1
1559 1
1560 0
1561 1
1562 1
1563 1
1564 2
1565 0
1566 0
1567 1
1568 1
1569 1
1570 0
1571 1
1572 1
1573 0
1574 0
1575 1
1576 0
1577 0
1578 0
1579 0
1580 1
1581 0
1582 1
1583 0
1584 1
1585 1
1586 1
1587 1
1588 1
1589 0
1590 2
1591 1
1592 1
1593 1
1594 1
1595 1
1596 1
1597 1
1598 1
1599 1
1600 2
1601 3
1602 0
1603 1
1604 1
1605 3
1606 1
1607 1
1608 1
1609 1
1610 0
1611 0
1612 0
1613 1
1614 0
1615 0
1616 1
1617 1
1618 1
1619 1
1620 0
1621 1
1622 1
1623 0
1624 2
1625 0
1626 1
1627 1
1628 1
1629 0
1630 0
1631 0
1632 1
1633 0
1634 0
1635 0
1636 2
1637 1
1638 1
1639 1
1640 2
1641 2
1642 1
1643 1
1644 1
1645 3
1646 2
1647 1
1648 1
1649 0
1650 1
1651 2
1652 1
1653 2
1654 1
1655 1
1656 2
1657 1
1658 2
1659 1
1660 2
1661 1
1662 2
1663 1
1664 1
1665 2
1666 1
1667 2
1668 1
1669 1
1670 2
1671 1
1672 1
1673 1
1674 1
1675 1
1676 1
1677 1
1678 1
1679 1
1680 1
1681 1
1682 2
1683 1
1684 1
1685 2
1686 1
1687 1
1688 3
1689 2
1690 1
1691 0
1692 0
1693 0
1694 0
1695 0
1696 0
1697 0
1698 0
1699 0
1700 0
1701 0
1702 0
1703 0
1704 0
1705 0
1706 1
1707 0
1708 1
1709 0
1710 0
1711 0
1712 0
1713 0
1714 0
1715 0
1716 0
1717 0
1718 0
1719 0
1720 0
1721 0
1722 1
1723 1
1724 0
1725 1
1726 0
1727 0
1728 0
1729 0
1730 0
1731 0
1732 0
1733 0
1734 1
1735 0
1736 1
1737 0
1738 0
1739 0
1740 0
1741 0
1742 0
1743 0
1744 0
1745 0
1746 0
1747 0
1748 0
1749 0
1750 0
1751 0
1752 0
1753 0
1754 0
1755 1
1756 0
1757 0
1758 1
1759 0
1760 0
1761 0
1762 0
1763 0
1764 0
1765 1
1766 0
1767 0
1768 1
1769 0
1770 0
1771 1
1772 0
1773 0
1774 0
1775 0
1776 0
1777 0
1778 0
1779 0
1780 1
1781 0
1782 0
1783 0
1784 0
1785 0
1786 0
1787 1
1788 0
1789 1
1790 0
1791 1
1792 0
1793 0
1794 0
1795 0
1796 0
1797 3
1798 2
1799 1
1800 0
1801 1
1802 1
1803 1
1804 1
1805 3
1806 1
1807 1
1808 1
1809 1
1810 3
1811 2
1812 2
1813 2
1814 2
1815 1
1816 1
1817 2
1818 1
1819 1
1820 1
1821 3
1822 3
1823 1
1824 1
1825 1
1826 2
1827 0
1828 1
1829 2
1830 1
1831 1
1832 0
1833 1
1834 2
1835 3
1836 1
1837 2
1838 1
1839 1
1840 2
1841 1
1842 1
1843 2
1844 1
1845 1
1846 1
1847 2
1848 1
1849 1
1850 0
1851 1
1852 1
1853 1
1854 1
1855 1
1856 1
1857 1
1858 1
1859 1
1860 2
1861 1
1862 2
1863 1
1864 1
1865 3
1866 2
1867 2
1868 1
1869 2
1870 0
1871 2
1872 2
1873 2
1874 1
1875 2
1876 1
1877 1
1878 0
1879 1
1880 0
1881 1
1882 1
1883 1
1884 3
1885 1
1886 1
1887 2
1888 1
1889 1
1890 2
1891 0
1892 1
1893 3
1894 1
1895 1
1896 1
1897 2
1898 1
1899 1
1900 2
1901 2
1902 1
1903 1
1904 4
1905 2
1906 2
1907 1
1908 2
1909 1
1910 2
1911 1
1912 1
1913 1
1914 1
1915 1
1916 1
1917 1
1918 2
1919 1
1920 1
1921 1
1922 0
1923 1
1924 1
1925 1
1926 1
1927 1
1928 1
1929 1
1930 1
1931 1
1932 1
1933 1
1934 1
1935 1
1936 1
1937 1
1938 1
1939 1
1940 0
1941 1
1942 1
1943 1
1944 1
1945 1
1946 1
1947 1
1948 1
1949 1
1950 1
1951 1
1952 1
1953 2
1954 1
1955 1
1956 2
1957 1
1958 1
1959 1
1960 1
1961 1
1962 1
1963 1
1964 0
1965 1
1966 1
1967 1
1968 1
1969 2
1970 1
1971 2
1972 2
1973 1
1974 3
1975 2
1976 2
1977 2
1978 1
1979 2
1980 1
1981 2
1982 1
1983 3
1984 2
1985 2
1986 1
1987 2
1988 2
1989 1
1990 1
1991 0
1992 1
1993 1
1994 0
1995 0
1996 3
1997 1
1998 1
1999 2
