0 2
1 2
2 1
3 1
4 1
5 1
6 3
7 2
8 2
9 1
10 1
11 0
12 2
13 1
14 2
15 2
16 1
17 2
18 2
19 2
20 1
21 2
22 2
23 2
24 1
25 1
26 2
27 4
28 3
29 3
30 2
31 2
32 3
33 2
34 4
35 2
36 3
37 2
38 4
39 4
40 3
41 3
42 3
43 2
44 1
45 1
46 3
47 2
48 2
49 2
50 2
51 2
52 2
53 2
54 2
55 1
56 1
57 1
58 1
59 2
60 2
61 3
62 1
63 1
64 3
65 0
66 0
67 1
68 1
69 2
70 2
71 1
72 1
73 2
74 1
75 3
76 1
77 2
78 2
79 3
80 1
81 2
82 1
83 2
84 2
85 3
86 2
87 2
88 2
89 1
90 1
91 0
92 3
93 1
94 1
95 3
96 2
97 1
98 1
99 2
100 1
101 1
102 2
103 2
104 2
105 1
106 1
107 1
108 1
109 1
110 1
111 1
112 1
113 1
114 0
115 1
116 3
117 2
118 2
119 3
120 2
121 1
122 2
123 0
124 3
125 1
126 0
127 2
128 2
129 3
130 3
131 2
132 2
133 1
134 1
135 1
136 2
137 2
138 1
139 1
140 2
141 2
142 2
143 2
144 2
145 2
146 2
147 2
148 2
149 2
150 2
151 3
152 1
153 3
154 1
155 1
156 1
157 3
158 2
159 2
160 2
161 2
162 2
163 4
164 2
165 2
166 2
167 2
168 2
169 2
170 1
171 1
172 1
173 2
174 2
175 2
176 0
177 2
178 2
179 2
180 2
181 3
182 1
183 3
184 1
185 4
186 2
187 2
188 2
189 2
190 1
191 1
192 3
193 3
194 1
195 1
196 2
197 2
198 3
199 2
200 2
201 2
202 3
203 1
204 2
205 1
206 3
207 2
208 3
209 2
210 1
211 1
212 3
213 2
214 2
215 1
216 1
217 2
218 2
219 3
220 2
221 1
222 2
223 2
224 2
225 2
226 2
227 0
228 1
229 2
230 3
231 2
232 1
233 1
234 4
235 3
236 2
237 2
238 1
239 1
240 0
241 2
242 2
243 0
244 0
245 2
246 1
247 0
248 2
249 0
250 1
251 2
252 2
253 2
254 1
255 1
256 0
257 3
258 3
259 4
260 2
261 0
262 3
263 1
264 2
265 0
266 0
267 0
268 0
269 2
270 2
271 2
272 0
273 0
274 0
275 0
276 0
277 1
278 2
279 2
280 3
281 0
282 3
283 3
284 2
285 1
286 1
287 1
288 1
289 1
290 2
291 3
292 2
293 2
294 3
295 0
296 2
297 3
298 4
299 2
300 3
301 2
302 2
303 2
304 1
305 1
306 3
307 2
308 1
309 2
310 3
311 2
312 1
313 1
314 1
315 1
316 2
317 3
318 1
319 2
320 1
321 2
322 1
323 2
324 2
325 2
326 1
327 1
328 2
329 1
330 0
331 0
332 0
333 0
334 0
335 2
336 1
337 1
338 1
339 2
340 0
341 1
342 3
343 1
344 2
345 2
346 1
347 2
348 1
349 1
350 3
351 3
352 2
353 0
354 0
355 0
356 0
357 0
358 0
359 0
360 0
361 0
362 0
363 1
364 0
365 0
366 3
367 1
368 2
369 0
370 0
371 0
372 1
373 0
374 0
375 0
376 0
377 0
378 0
379 0
380 0
381 0
382 0
383 0
384 0
385 0
386 0
387 0
388 0
389 0
390 0
391 0
392 0
393 0
394 0
395 0
396 0
397 0
398 0
399 0
400 0
401 0
402 0
403 0
404 0
405 0
406 0
407 0
408 0
409 0
410 0
411 0
412 0
413 0
414 0
415 0
416 0
417 0
418 0
419 0
420 0
421 1
422 2
423 1
424 1
425 1
426 1
427 2
428 1
429 1
430 0
431 2
432 1
433 2
434 1
435 1
436 0
437 1
438 3
439 0
440 1
441 1
442 0
443 0
444 1
445 1
446 3
447 1
448 1
449 3
450 1
451 1
452 2
453 3
454 2
455 2
456 1
457 1
458 1
459 3
460 0
461 2
462 2
463 2
464 1
465 0
466 0
467 1
468 2
469 2
470 1
471 1
472 3
473 2
474 0
475 2
476 0
477 2
478 1
479 2
480 0
481 1
482 1
483 1
484 0
485 1
486 2
487 1
488 3
489 0
490 2
491 2
492 3
493 1
494 1
495 2
496 2
497 3
498 1
499 2
500 3
501 0
502 1
503 2
504 1
505 3
506 3
507 1
508 1
509 0
510 0
511 1
512 1
513 2
514 2
515 0
516 0
517 2
518 1
519 1
520 1
521 2
522 2
523 1
524 2
525 2
526 0
527 2
528 1
529 2
530 0
531 0
532 1
533 0
534 0
535 0
536 0
537 0
538 4
539 0
540 1
541 1
542 0
543 0
544 0
545 0
546 3
547 0
548 0
549 0
550 1
551 1
552 2
553 0
554 0
555 0
556 2
557 2
558 0
559 0
560 0
561 1
562 2
563 2
564 3
565 1
566 0
567 1
568 1
569 2
570 2
571 1
572 3
573 3
574 3
575 2
576 0
577 1
578 2
579 1
580 2
581 2
582 3
583 2
584 2
585 3
586 1
587 2
588 2
589 2
590 3
591 2
592 2
593 2
594 2
595 0
596 2
597 3
598 2
599 5
600 3
601 3
602 2
603 2
604 3
605 1
606 1
607 1
608 1
609 2
610 2
611 2
612 2
613 2
614 2
615 1
616 1
617 2
618 3
619 2
620 1
621 2
622 2
623 2
624 2
625 1
626 1
627 4
628 1
629 2
630 1
631 1
632 2
633 1
634 3
635 2
636 2
637 2
638 2
639 2
640 2
641 3
642 2
643 2
644 2
645 4
646 3
647 2
648 2
649 3
650 4
651 1
652 0
653 3
654 2
655 4
656 2
657 3
658 2
659 3
660 3
661 2
662 2
663 2
664 2
665 2
666 3
667 3
668 3
669 2
670 3
671 3
672 4
673 2
674 2
675 3
676 2
677 2
678 1
679 1
680 3
681 2
682 2
683 1
684 2
685 2
686 3
687 2
688 1
689 1
690 2
691 2
692 4
693 2
694 0
695 2
696 2
697 2
698 2
699 4
700 1
701 4
702 4
703 3
704 3
705 2
706 2
707 3
708 3
709 3
710 3
711 3
712 4
713 1
714 2
715 1
716 2
717 2
718 3
719 2
720 2
721 1
722 2
723 2
724 2
725 3
726 1
727 0
728 0
729 2
730 1
731 2
732 2
733 1
734 1
735 1
736 3
737 1
738 2
739 3
740 2
741 3
742 2
743 2
744 1
745 3
746 1
747 2
748 2
749 3
750 2
751 1
752 1
753 1
754 4
755 1
756 2
757 2
758 1
759 2
760 2
761 0
762 0
763 0
764 1
765 0
766 0
767 1
768 0
769 1
770 1
771 0
772 1
773 2
774 1
775 1
776 1
777 1
778 2
779 4
780 2
781 0
782 2
783 1
784 2
785 2
786 0
787 2
788 0
789 0
790 0
791 0
792 0
793 0
794 0
795 0
796 2
797 1
798 1
799 1
800 1
801 0
802 0
803 0
804 1
805 2
806 2
807 0
808 0
809 0
810 0
811 0
812 0
813 1
814 2
815 1
816 0
817 2
818 2
819 2
820 3
821 2
822 2
823 2
824 1
825 2
826 0
827 2
828 1
829 2
830 2
831 2
832 0
833 2
834 2
835 1
836 0
837 3
838 1
839 1
840 0
841 1
842 0
843 0
844 1
845 1
846 0
847 2
848 3
849 2
850 2
851 2
852 1
853 2
854 4
855 3
856 3
857 2
858 1
859 3
860 2
861 5
862 2
863 1
864 3
865 1
866 2
867 3
868 2
869 4
870 1
871 2
872 2
873 1
874 1
875 2
876 1
877 0
878 1
879 0
880 0
881 3
882 2
883 1
884 1
885 2
886 3
887 2
888 2
889 2
890 2
891 3
892 1
893 2
894 1
895 1
896 2
897 1
898 3
899 0
900 3
901 3
902 2
903 1
904 3
905 3
906 3
907 2
908 3
909 1
910 4
911 2
912 1
913 1
914 3
915 3
916 3
917 1
918 2
919 3
920 3
921 1
922 1
923 1
924 0
925 2
926 3
927 2
928 2
929 3
930 2
931 1
932 2
933 2
934 2
935 2
936 2
937 1
938 1
939 3
940 3
941 2
942 2
943 1
944 1
945 3
946 3
947 3
948 3
949 2
950 3
951 3
952 3
953 2
954 3
955 1
956 2
957 2
958 1
959 1
960 0
961 0
962 0
963 0
964 0
965 0
966 0
967 0
968 0
969 0
970 0
971 0
972 0
973 0
974 0
975 1
976 2
977 1
978 1
979 1
980 3
981 1
982 1
983 1
984 2
985 1
986 1
987 0
988 2
989 1
990 0
991 3
992 1
993 1
994 2
995 2
996 0
997 1
998 0
999 0
1000 1
1001 0
1002 0
1003 0
1004 0
1005 0
1006 0
1007 1
1008 2
1009 1
1010 1
1011 0
1012 0
1013 0
1014 0
1015 0
1016 0
1017 0
1018 0
1019 0
1020 0
1021 0
1022 0
1023 0
1024 1
1025 1
1026 1
1027 2
1028 2
1029 3
1030 0
1031 1
1032 2
1033 2
1034 1
1035 2
1036 2
1037 1
1038 2
1039 2
1040 1
1041 3
1042 2
1043 3
1044 2
1045 3
1046 4
1047 3
1048 2
1049 1
1050 2
1051 4
1052 2
1053 1
1054 1
1055 1
1056 2
1057 3
1058 0
1059 1
1060 3
1061 2
1062 3
1063 0
1064 1
1065 3
1066 2
1067 2
1068 0
1069 4
1070 2
1071 2
1072 2
1073 2
1074 1
1075 1
1076 0
1077 2
1078 4
1079 3
1080 2
1081 1
1082 5
1083 1
1084 0
1085 3
1086 4
1087 3
1088 1
1089 3
1090 1
1091 1
1092 1
1093 3
1094 2
1095 3
1096 4
1097 2
1098 1
1099 2
1100 2
1101 1
1102 2
1103 1
1104 2
1105 1
1106 1
1107 0
1108 0
1109 1
1110 3
1111 1
1112 2
1113 2
1114 2
1115 0
1116 1
1117 2
1118 3
1119 2
1120 2
1121 1
1122 0
1123 1
1124 1
1125 2
1126 2
1127 3
1128 0
1129 1
1130 1
1131 1
1132 1
1133 1
1134 1
1135 2
1136 1
1137 1
1138 2
1139 3
1140 1
1141 1
1142 3
1143 0
1144 3
1145 1
1146 0
1147 2
1148 1
1149 1
1150 1
1151 1
1152 1
1153 2
1154 1
1155 3
1156 2
1157 1
1158 0
1159 0
1160 0
1161 0
1162 0
1163 1
1164 1
1165 2
1166 0
1167 0
1168 1
1169 1
1170 0
1171 0
1172 2
1173 1
1174 0
1175 2
1176 0
1177 2
1178 2
1179 1
1180 0
1181 2
1182 2
1183 1
1184 1
1185 1
1186 0
1187 1
1188 2
1189 3
1190 3
1191 1
1192 2
1193 1
1194 1
1195 1
1196 1
1197 4
1198 2
1199 2
1200 1
1201 2
1202 2
1203 2
1204 3
1205 3
1206 2
1207 2
1208 2
1209 1
1210 2
1211 3
1212 2
1213 2
1214 1
1215 1
1216 2
1217 5
1218 4
1219 3
1220 0
1221 1
1222 2
1223 3
1224 2
1225 3
1226 2
1227 1
1228 2
1229 2
1230 3
1231 2
1232 1
1233 2
1234 1
1235 1
1236 4
1237 2
1238 2
1239 3
1240 3
1241 2
1242 2
1243 2
1244 2
1245 0
1246 1
1247 1
1248 0
1249 5
1250 1
1251 1
1252 2
1253 4
1254 2
1255 1
1256 2
1257 1
1258 4
1259 3
1260 2
1261 1
1262 2
1263 2
1264 2
1265 3
1266 1
1267 1
1268 0
1269 1
1270 0
1271 0
1272 1
1273 2
1274 3
1275 2
1276 1
1277 4
1278 2
1279 1
1280 1
1281 3
1282 3
1283 2
1284 3
1285 2
1286 3
1287 3
1288 3
1289 2
1290 2
1291 2
1292 1
1293 0
1294 1
1295 5
1296 1
1297 1
1298 3
1299 3
1300 3
1301 2
1302 3
1303 2
1304 1
1305 2
1306 3
1307 2
1308 0
1309 0
1310 0
1311 1
1312 1
1313 0
1314 1
1315 2
1316 3
1317 3
1318 4
1319 1
1320 2
1321 3
1322 0
1323 2
1324 2
1325 2
1326 3
1327 3
1328 3
1329 3
1330 1
1331 2
1332 2
1333 1
1334 4
1335 0
1336 1
1337 1
1338 1
1339 0
1340 0
1341 0
1342 0
1343 1
1344 0
1345 0
1346 0
1347 1
1348 0
1349 1
1350 0
1351 0
1352 2
1353 1
1354 0
1355 1
1356 1
1357 1
1358 1
1359 2
1360 1
1361 1
1362 1
1363 1
1364 1
1365 2
1366 1
1367 1
1368 2
1369 1
1370 0
1371 1
1372 2
1373 0
1374 0
1375 2
1376 2
1377 2
1378 1
1379 0
1380 1
1381 0
1382 1
1383 0
1384 1
1385 1
1386 1
1387 2
1388 1
1389 0
1390 1
1391 0
1392 1
1393 1
1394 1
1395 2
1396 2
1397 1
1398 2
1399 2
1400 0
1401 0
1402 2
1403 3
1404 1
1405 1
1406 1
1407 1
1408 1
1409 2
1410 1
1411 1
1412 1
1413 3
1414 0
1415 1
1416 2
1417 1
1418 0
1419 1
1420 1
1421 1
1422 2
1423 1
1424 0
1425 0
1426 0
1427 1
1428 2
1429 1
1430 1
1431 1
1432 1
1433 1
1434 1
1435 2
1436 0
1437 1
1438 0
1439 1
1440 0
1441 0
1442 0
1443 0
1444 0
1445 0
1446 0
1447 0
1448 0
1449 0
1450 0
1451 0
1452 0
1453 0
1454 0
1455 0
1456 0
1457 0
1458 1
1459 2
1460 0
1461 1
1462 0
1463 0
1464 0
1465 0
1466 0
1467 0
1468 0
1469 0
1470 0
1471 0
1472 0
1473 0
1474 0
1475 0
1476 2
1477 2
1478 2
1479 2
1480 2
1481 1
1482 2
1483 0
1484 0
1485 0
1486 0
1487 1
1488 0
1489 0
1490 0
1491 0
1492 0
1493 0
1494 0
1495 0
1496 0
1497 0
1498 0
1499 0
1500 0
1501 0
1502 0
1503 0
1504 0
1505 0
1506 0
1507 0
1508 0
1509 0
1510 0
1511 0
1512 0
1513 0
1514 0
1515 0
1516 0
1517 0
1518 0
1519 0
1520 0
1521 0
1522 0
1523 0
1524 0
1525 0
1526 0
1527 0
1528 0
1529 0
1530 0
1531 0
1532 0
1533 0
1534 0
1535 0
1536 0
1537 0
1538 0
1539 0
1540 0
1541 0
1542 0
1543 0
1544 0
1545 0
1546 0
1547 0
1548 0
1549 0
1550 0
1551 0
1552 0
1553 0
1554 0
1555 0
1556 0
1557 0
1558 0
1559 0
1560 0
1561 0
1562 0
1563 0
1564 0
1565 0
1566 0
1567 0
1568 0
1569 0
1570 0
1571 0
1572 0
1573 0
1574 0
1575 0
1576 0
1577 0
1578 0
1579 0
1580 0
1581 0
1582 0
1583 0
1584 0
1585 0
1586 0
1587 0
1588 0
1589 0
1590 0
1591 0
1592 0
1593 0
1594 0
1595 0
1596 0
1597 1
1598 1
1599 0
1600 1
1601 0
1602 0
1603 0
1604 1
1605 1
1606 0
1607 0
1608 0
1609 0
1610 0
1611 0
1612 0
1613 0
1614 0
1615 0
1616 0
1617 0
1618 0
1619 0
1620 0
1621 0
1622 0
1623 0
1624 0
1625 0
1626 0
1627 0
1628 0
1629 0
1630 0
1631 0
1632 0
1633 0
1634 0
1635 0
1636 0
1637 0
1638 0
1639 0
1640 0
1641 0
1642 0
1643 0
1644 0
1645 0
1646 0
1647 0
1648 0
1649 0
1650 0
1651 0
1652 0
1653 0
1654 0
1655 0
1656 0
1657 0
1658 0
1659 0
1660 0
1661 0
1662 0
1663 0
1664 0
1665 0
1666 0
1667 0
1668 0
1669 0
1670 0
1671 0
1672 0
1673 0
1674 0
1675 0
1676 0
1677 0
1678 0
1679 0
1680 0
1681 0
1682 0
1683 0
1684 0
1685 0
1686 0
1687 0
1688 0
1689 0
1690 0
1691 0
1692 0
1693 0
1694 0
1695 0
1696 0
1697 0
1698 0
1699 0
1700 0
1701 0
1702 0
1703 0
1704 0
1705 0
1706 0
1707 0
1708 0
1709 0
1710 0
1711 0
1712 0
1713 0
1714 0
1715 2
1716 2
1717 1
1718 3
1719 0
1720 0
1721 0
1722 1
1723 0
1724 1
1725 1
1726 1
1727 0
1728 1
1729 1
1730 0
1731 1
1732 0
1733 0
1734 0
1735 0
1736 0
1737 0
1738 0
1739 0
1740 0
1741 0
1742 0
1743 0
1744 0
1745 0
1746 0
1747 0
1748 0
1749 0
1750 0
1751 0
1752 0
1753 0
1754 0
1755 0
1756 0
1757 0
1758 0
1759 0
1760 0
1761 0
1762 0
1763 0
1764 0
1765 0
1766 0
1767 1
1768 0
1769 0
1770 0
1771 0
1772 0
1773 0
1774 0
1775 0
1776 0
1777 0
1778 0
1779 0
1780 0
1781 0
1782 0
1783 0
1784 0
1785 0
1786 0
1787 0
1788 0
1789 0
1790 0
1791 1
1792 0
1793 0
1794 0
1795 0
1796 0
1797 0
1798 0
1799 0
1800 0
1801 0
1802 0
1803 0
1804 0
1805 0
1806 0
1807 0
1808 0
1809 0
1810 0
1811 0
1812 0
1813 0
1814 0
1815 0
1816 0
1817 0
1818 0
1819 0
1820 0
1821 0
1822 0
1823 0
1824 0
1825 0
1826 0
1827 0
1828 0
1829 0
1830 0
1831 0
1832 0
1833 0
1834 0
1835 0
1836 0
1837 0
1838 0
1839 0
1840 0
1841 0
1842 0
1843 0
1844 0
1845 0
1846 0
1847 0
1848 0
1849 0
1850 0
1851 0
1852 0
1853 0
1854 0
1855 0
1856 0
1857 0
1858 0
1859 0
1860 0
1861 0
1862 0
1863 0
1864 0
1865 0
1866 0
1867 0
1868 0
1869 0
1870 0
1871 0
1872 0
1873 0
1874 0
1875 0
1876 0
1877 0
1878 0
1879 0
1880 0
1881 0
1882 0
1883 0
1884 0
1885 0
1886 0
1887 0
1888 0
1889 0
1890 0
1891 0
1892 0
1893 0
1894 0
1895 0
1896 0
1897 0
1898 0
1899 0
1900 0
1901 0
1902 0
1903 0
1904 0
1905 0
1906 0
1907 0
1908 0
1909 0
1910 0
1911 0
1912 0
1913 0
1914 0
1915 0
1916 0
1917 0
1918 0
1919 0
1920 0
1921 0
1922 0
1923 0
1924 0
1925 0
1926 0
1927 0
1928 0
1929 0
1930 0
1931 0
1932 0
1933 0
1934 0
1935 0
1936 0
1937 0
1938 0
1939 0
1940 0
1941 0
1942 1
1943 2
1944 1
1945 1
1946 1
1947 2
1948 1
1949 0
1950 0
1951 0
1952 0
1953 0
1954 0
1955 0
1956 0
1957 0
1958 0
1959 0
1960 0
1961 0
1962 0
1963 0
1964 0
1965 0
1966 0
1967 0
1968 1
1969 0
1970 0
1971 0
1972 0
1973 2
1974 2
1975 1
1976 0
1977 0
1978 0
1979 0
1980 0
1981 0
1982 0
1983 0
1984 0
1985 0
1986 0
1987 0
1988 0
1989 0
1990 0
1991 0
1992 0
1993 0
1994 1
1995 1
1996 0
1997 0
1998 0
1999 0
