0 3
1 1
2 0
3 2
4 2
5 1
6 1
7 2
8 2
9 0
10 1
11 1
12 2
13 2
14 0
15 1
16 0
17 0
18 0
19 1
20 3
21 2
22 2
23 1
24 1
25 3
26 1
27 2
28 2
29 2
30 0
31 2
32 3
33 0
34 1
35 0
36 0
37 0
38 0
39 0
40 2
41 1
42 2
43 1
44 2
45 2
46 1
47 1
48 3
49 2
50 2
51 3
52 2
53 2
54 3
55 3
56 2
57 1
58 1
59 0
60 1
61 0
62 1
63 2
64 2
65 1
66 3
67 1
68 4
69 0
70 1
71 4
72 1
73 3
74 1
75 1
76 3
77 0
78 2
79 1
80 1
81 2
82 2
83 2
84 3
85 3
86 1
87 1
88 3
89 1
90 3
91 2
92 2
93 1
94 0
95 0
96 1
97 0
98 1
99 0
100 0
101 0
102 0
103 0
104 0
105 2
106 1
107 2
108 2
109 0
110 1
111 2
112 2
113 0
114 2
115 3
116 1
117 0
118 2
119 1
120 1
121 2
122 3
123 0
124 1
125 1
126 1
127 1
128 0
129 1
130 0
131 1
132 1
133 1
134 0
135 0
136 1
137 1
138 0
139 0
140 1
141 0
142 2
143 1
144 1
145 1
146 1
147 1
148 1
149 1
150 0
151 2
152 2
153 1
154 1
155 1
156 1
157 3
158 2
159 0
160 1
161 0
162 0
163 0
164 0
165 0
166 1
167 0
168 0
169 0
170 1
171 0
172 1
173 1
174 0
175 1
176 1
177 0
178 0
179 0
180 0
181 1
182 1
183 0
184 2
185 0
186 0
187 1
188 2
189 2
190 2
191 0
192 0
193 1
194 1
195 0
196 0
197 0
198 1
199 0
200 2
201 0
202 1
203 2
204 2
205 0
206 1
207 1
208 1
209 1
210 0
211 1
212 2
213 2
214 0
215 0
216 1
217 2
218 1
219 2
220 1
221 2
222 2
223 2
224 2
225 2
226 3
227 2
228 3
229 3
230 2
231 0
232 1
233 2
234 4
235 4
236 2
237 2
238 2
239 1
240 4
241 2
242 4
243 3
244 1
245 2
246 1
247 1
248 1
249 0
250 1
251 1
252 1
253 1
254 1
255 1
256 1
257 0
258 0
259 1
260 0
261 1
262 0
263 1
264 1
265 0
266 1
267 0
268 2
269 0
270 1
271 0
272 2
273 2
274 0
275 2
276 1
277 0
278 0
279 1
280 1
281 0
282 3
283 2
284 1
285 1
286 0
287 2
288 0
289 2
290 0
291 0
292 1
293 1
294 1
295 1
296 1
297 0
298 0
299 1
300 3
301 2
302 2
303 0
304 0
305 3
306 4
307 1
308 1
309 0
310 0
311 1
312 2
313 1
314 1
315 0
316 1
317 2
318 1
319 0
320 1
321 2
322 1
323 1
324 1
325 1
326 1
327 0
328 1
329 0
330 0
331 2
332 1
333 2
334 0
335 1
336 1
337 2
338 0
339 1
340 1
341 2
342 2
343 2
344 1
345 2
346 2
347 1
348 2
349 1
350 2
351 2
352 1
353 0
354 0
355 1
356 1
357 0
358 1
359 3
360 0
361 1
362 0
363 0
364 2
365 2
366 0
367 2
368 1
369 1
370 0
371 1
372 0
373 2
374 0
375 1
376 0
377 0
378 0
379 0
380 0
381 1
382 1
383 1
384 1
385 2
386 0
387 0
388 0
389 0
390 0
391 0
392 0
393 1
394 0
395 2
396 1
397 0
398 2
399 0
400 2
401 3
402 2
403 2
404 2
405 2
406 1
407 2
408 1
409 1
410 0
411 1
412 2
413 2
414 1
415 0
416 0
417 1
418 2
419 2
420 1
421 1
422 1
423 3
424 2
425 3
426 1
427 2
428 0
429 1
430 0
431 1
432 2
433 2
434 1
435 0
436 0
437 2
438 0
439 2
440 0
441 0
442 0
443 0
444 2
445 0
446 0
447 0
448 1
449 0
450 1
451 2
452 0
453 3
454 0
455 5
456 0
457 0
458 0
459 0
460 2
461 1
462 1
463 0
464 0
465 1
466 0
467 0
468 0
469 0
470 1
471 1
472 1
473 1
474 1
475 3
476 1
477 1
478 0
479 3
480 2
481 1
482 3
483 0
484 1
485 0
486 2
487 1
488 1
489 1
490 0
491 2
492 1
493 1
494 1
495 1
496 0
497 1
498 1
499 1
500 0
501 3
502 1
503 2
504 1
505 2
506 0
507 0
508 0
509 1
510 0
511 1
512 1
513 1
514 0
515 1
516 2
517 1
518 1
519 0
520 1
521 0
522 1
523 1
524 0
525 0
526 0
527 1
528 2
529 0
530 0
531 1
532 2
533 1
534 1
535 0
536 2
537 0
538 0
539 0
540 0
541 2
542 2
543 1
544 2
545 2
546 2
547 2
548 1
549 1
550 0
551 2
552 1
553 1
554 1
555 1
556 0
557 2
558 2
559 2
560 2
561 1
562 0
563 0
564 3
565 3
566 3
567 2
568 3
569 2
570 1
571 1
572 1
573 1
574 1
575 1
576 1
577 2
578 1
579 1
580 1
581 2
582 2
583 2
584 1
585 3
586 3
587 1
588 0
589 1
590 1
591 1
592 2
593 2
594 2
595 0
596 1
597 0
598 0
599 4
600 3
601 0
602 0
603 1
604 1
605 0
606 0
607 0
608 1
609 1
610 1
611 1
612 1
613 3
614 4
615 2
616 1
617 2
618 1
619 1
620 1
621 1
622 0
623 0
624 0
625 0
626 1
627 0
628 0
629 1
630 1
631 0
632 3
633 1
634 1
635 3
636 1
637 2
638 0
639 0
640 1
641 1
642 0
643 1
644 2
645 0
646 2
647 1
648 0
649 0
650 0
651 1
652 1
653 1
654 2
655 3
656 1
657 0
658 2
659 2
660 1
661 2
662 1
663 1
664 0
665 1
666 2
667 3
668 2
669 1
670 1
671 2
672 0
673 1
674 2
675 0
676 1
677 1
678 3
679 2
680 1
681 1
682 2
683 3
684 3
685 1
686 2
687 0
688 1
689 2
690 1
691 1
692 3
693 2
694 0
695 0
696 2
697 2
698 1
699 0
700 0
701 2
702 0
703 2
704 2
705 2
706 0
707 2
708 1
709 1
710 2
711 0
712 1
713 0
714 1
715 0
716 2
717 1
718 0
719 1
720 2
721 3
722 3
723 3
724 1
725 0
726 0
727 2
728 1
729 2
730 1
731 2
732 0
733 0
734 0
735 1
736 1
737 2
738 1
739 2
740 3
741 1
742 0
743 0
744 0
745 1
746 0
747 2
748 3
749 1
750 1
751 1
752 0
753 1
754 2
755 1
756 2
757 3
758 1
759 3
760 1
761 1
762 2
763 1
764 2
765 2
766 3
767 0
768 2
769 2
770 1
771 2
772 2
773 2
774 1
775 3
776 3
777 1
778 2
779 4
780 2
781 1
782 1
783 0
784 0
785 0
786 0
787 1
788 3
789 0
790 0
791 1
792 1
793 1
794 1
795 0
796 2
797 1
798 2
799 2
800 1
801 1
802 0
803 1
804 2
805 0
806 0
807 1
808 2
809 0
810 2
811 0
812 1
813 2
814 1
815 1
816 1
817 0
818 0
819 2
820 1
821 1
822 0
823 1
824 1
825 2
826 1
827 1
828 0
829 2
830 1
831 1
832 0
833 1
834 1
835 0
836 3
837 0
838 3
839 3
840 0
841 0
842 1
843 0
844 0
845 2
846 1
847 2
848 2
849 2
850 1
851 2
852 1
853 2
854 2
855 3
856 1
857 1
858 3
859 3
860 3
861 1
862 1
863 1
864 0
865 1
866 0
867 0
868 0
869 1
870 4
871 1
872 2
873 1
874 1
875 0
876 1
877 2
878 2
879 1
880 0
881 0
882 0
883 0
884 2
885 2
886 1
887 0
888 2
889 1
890 0
891 2
892 2
893 2
894 0
895 1
896 1
897 1
898 3
899 0
900 2
901 3
902 1
903 2
904 2
905 3
906 3
907 0
908 1
909 1
910 1
911 0
912 2
913 1
914 2
915 2
916 1
917 1
918 1
919 2
920 3
921 2
922 4
923 2
924 1
925 1
926 3
927 1
928 2
929 2
930 2
931 0
932 2
933 2
934 2
935 0
936 2
937 1
938 2
939 2
940 0
941 2
942 2
943 0
944 1
945 3
946 2
947 2
948 1
949 2
950 3
951 1
952 2
953 2
954 0
955 3
956 2
957 1
958 2
959 3
960 0
961 1
962 0
963 2
964 2
965 1
966 2
967 2
968 1
969 3
970 0
971 1
972 1
973 1
974 2
975 1
976 0
977 2
978 1
979 1
980 1
981 3
982 0
983 1
984 1
985 1
986 0
987 1
988 1
989 0
990 1
991 3
992 3
993 1
994 1
995 1
996 0
997 4
998 2
999 1
1000 0
1001 2
1002 1
1003 1
1004 3
1005 0
1006 0
1007 1
1008 1
1009 0
1010 2
1011 2
1012 2
1013 1
1014 2
1015 1
1016 0
1017 2
1018 3
1019 1
1020 0
1021 2
1022 1
1023 1
1024 1
1025 2
1026 1
1027 1
1028 1
1029 2
1030 3
1031 1
1032 0
1033 1
1034 1
1035 2
1036 1
1037 3
1038 1
1039 0
1040 1
1041 0
1042 0
1043 0
1044 0
1045 0
1046 1
1047 1
1048 0
1049 1
1050 0
1051 0
1052 1
1053 0
1054 0
1055 1
1056 0
1057 0
1058 0
1059 3
1060 1
1061 0
1062 3
1063 0
1064 0
1065 0
1066 1
1067 0
1068 0
1069 0
1070 0
1071 0
1072 0
1073 1
1074 0
1075 1
1076 3
1077 1
1078 0
1079 1
1080 0
1081 0
1082 0
1083 0
1084 0
1085 0
1086 0
1087 2
1088 2
1089 2
1090 0
1091 1
1092 0
1093 1
1094 1
1095 0
1096 0
1097 1
1098 1
1099 2
1100 0
1101 0
1102 0
1103 1
1104 0
1105 1
1106 0
1107 0
1108 0
1109 0
1110 0
1111 0
1112 0
1113 0
1114 0
1115 0
1116 1
1117 0
1118 0
1119 0
1120 0
1121 0
1122 2
1123 1
1124 0
1125 0
1126 0
1127 0
1128 0
1129 2
1130 1
1131 0
1132 1
1133 1
1134 2
1135 1
1136 1
1137 0
1138 0
1139 2
1140 3
1141 3
1142 1
1143 2
1144 0
1145 0
1146 0
1147 0
1148 0
1149 1
1150 0
1151 1
1152 0
1153 1
1154 1
1155 2
1156 1
1157 1
1158 1
1159 1
1160 1
1161 1
1162 0
1163 0
1164 0
1165 0
1166 0
1167 0
1168 0
1169 0
1170 0
1171 0
1172 0
1173 0
1174 0
1175 1
1176 0
1177 0
1178 0
1179 0
1180 2
1181 1
1182 0
1183 1
1184 0
1185 1
1186 0
1187 1
1188 0
1189 3
1190 0
1191 2
1192 2
1193 2
1194 2
1195 0
1196 1
1197 1
1198 0
1199 0
1200 0
1201 1
1202 0
1203 0
1204 1
1205 1
1206 0
1207 0
1208 0
1209 1
1210 1
1211 1
1212 1
1213 0
1214 0
1215 1
1216 0
1217 1
1218 0
1219 0
1220 2
1221 2
1222 3
1223 0
1224 2
1225 0
1226 0
1227 0
1228 0
1229 1
1230 1
1231 1
1232 1
1233 0
1234 2
1235 0
1236 1
1237 1
1238 0
1239 2
1240 0
1241 0
1242 0
1243 1
1244 1
1245 1
1246 1
1247 1
1248 2
1249 0
1250 0
1251 3
1252 1
1253 0
1254 0
1255 0
1256 0
1257 0
1258 1
1259 0
1260 0
1261 0
1262 0
1263 0
1264 0
1265 0
1266 0
1267 1
1268 0
1269 0
1270 0
1271 0
1272 0
1273 0
1274 0
1275 0
1276 1
1277 2
1278 2
1279 4
1280 3
1281 3
1282 3
1283 1
1284 1
1285 1
1286 2
1287 1
1288 3
1289 3
1290 1
1291 0
1292 0
1293 0
1294 1
1295 1
1296 1
1297 1
1298 0
1299 3
1300 0
1301 1
1302 1
1303 1
1304 0
1305 1
1306 3
1307 0
1308 3
1309 2
1310 2
1311 3
1312 3
1313 0
1314 0
1315 0
1316 1
1317 1
1318 1
1319 2
1320 0
1321 1
1322 0
1323 0
1324 0
1325 0
1326 0
1327 0
1328 0
1329 1
1330 0
1331 1
1332 1
1333 1
1334 0
1335 0
1336 0
1337 0
1338 2
1339 1
1340 0
1341 0
1342 0
1343 0
1344 0
1345 0
1346 0
1347 1
1348 3
1349 3
1350 3
1351 3
1352 0
1353 2
1354 1
1355 2
1356 0
1357 0
1358 0
1359 0
1360 1
1361 0
1362 0
1363 0
1364 0
1365 0
1366 0
1367 0
1368 0
1369 0
1370 0
1371 0
1372 1
1373 0
1374 2
1375 0
1376 0
1377 0
1378 0
1379 0
1380 0
1381 0
1382 0
1383 0
1384 0
1385 0
1386 0
1387 0
1388 0
1389 0
1390 0
1391 0
1392 0
1393 0
1394 0
1395 0
1396 1
1397 1
1398 3
1399 2
1400 3
1401 0
1402 1
1403 1
1404 1
1405 0
1406 1
1407 2
1408 0
1409 0
1410 0
1411 0
1412 0
1413 0
1414 0
1415 1
1416 0
1417 0
1418 0
1419 0
1420 0
1421 0
1422 0
1423 1
1424 0
1425 0
1426 0
1427 0
1428 0
1429 0
1430 0
1431 0
1432 0
1433 0
1434 0
1435 0
1436 0
1437 0
1438 0
1439 0
1440 1
1441 0
1442 1
1443 1
1444 1
1445 3
1446 1
1447 1
1448 2
1449 2
1450 3
1451 2
1452 1
1453 0
1454 0
1455 1
1456 2
1457 1
1458 0
1459 1
1460 0
1461 1
1462 1
1463 2
1464 0
1465 0
1466 1
1467 2
1468 2
1469 2
1470 2
1471 0
1472 3
1473 2
1474 2
1475 1
1476 0
1477 0
1478 0
1479 1
1480 1
1481 0
1482 0
1483 0
1484 0
1485 2
1486 1
1487 1
1488 2
1489 0
1490 0
1491 0
1492 1
1493 2
1494 0
1495 1
1496 0
1497 1
1498 2
1499 0
1500 0
1501 2
1502 0
1503 0
1504 0
1505 0
1506 1
1507 0
1508 1
1509 0
1510 1
1511 2
1512 0
1513 1
1514 2
1515 1
1516 1
1517 1
1518 1
1519 1
1520 1
1521 1
1522 0
1523 0
1524 1
1525 2
1526 1
1527 1
1528 1
1529 1
1530 2
1531 1
1532 1
1533 1
1534 1
1535 0
1536 1
1537 1
1538 2
1539 1
1540 2
1541 1
1542 1
1543 1
1544 2
1545 1
1546 3
1547 1
1548 1
1549 2
1550 1
1551 1
1552 2
1553 1
1554 1
1555 1
1556 2
1557 1
1558 0
1559 1
1560 3
1561 1
1562 2
1563 1
1564 2
1565 0
1566 2
1567 2
1568 1
1569 0
1570 2
1571 4
1572 1
1573 1
1574 1
1575 3
1576 1
1577 1
1578 2
1579 2
1580 1
1581 1
1582 0
1583 1
1584 2
1585 1
1586 2
1587 1
1588 1
1589 2
1590 1
1591 1
1592 2
1593 1
1594 2
1595 2
1596 0
1597 2
1598 2
1599 2
1600 3
1601 2
1602 3
1603 1
1604 1
1605 1
1606 1
1607 1
1608 1
1609 2
1610 1
1611 2
1612 2
1613 1
1614 0
1615 3
1616 2
1617 1
1618 1
1619 1
1620 1
1621 1
1622 2
1623 2
1624 1
1625 1
1626 2
1627 2
1628 3
1629 0
1630 0
1631 1
1632 0
1633 1
1634 1
1635 2
1636 3
1637 2
1638 1
1639 2
1640 3
1641 1
1642 1
1643 1
1644 1
1645 1
1646 2
1647 2
1648 0
1649 1
1650 1
1651 1
1652 1
1653 1
1654 2
1655 1
1656 4
1657 2
1658 2
1659 0
1660 0
1661 2
1662 1
1663 1
1664 2
1665 1
1666 4
1667 2
1668 1
1669 0
1670 1
1671 2
1672 0
1673 1
1674 2
1675 1
1676 1
1677 1
1678 1
1679 2
1680 2
1681 2
1682 2
1683 1
1684 2
1685 1
1686 2
1687 1
1688 1
1689 1
1690 1
1691 2
1692 1
1693 1
1694 1
1695 2
1696 1
1697 1
1698 1
1699 2
1700 1
1701 2
1702 1
1703 2
1704 2
1705 3
1706 3
1707 2
1708 2
1709 1
1710 1
1711 2
1712 0
1713 1
1714 1
1715 1
1716 1
1717 1
1718 1
1719 1
1720 2
1721 2
1722 1
1723 1
1724 1
1725 0
1726 2
1727 1
1728 2
1729 0
1730 2
1731 1
1732 1
1733 1
1734 2
1735 1
1736 3
1737 1
1738 0
1739 1
1740 0
1741 3
1742 1
1743 0
1744 1
1745 2
1746 2
1747 1
1748 1
1749 2
1750 2
1751 1
1752 1
1753 2
1754 3
1755 0
1756 1
1757 3
1758 1
1759 2
1760 2
1761 2
1762 2
1763 1
1764 2
1765 1
1766 1
1767 1
1768 2
1769 2
1770 1
1771 1
1772 2
1773 1
1774 2
1775 1
1776 2
1777 2
1778 1
1779 2
1780 1
1781 2
1782 1
1783 2
1784 2
1785 2
1786 2
1787 2
1788 2
1789 3
1790 2
1791 2
1792 3
1793 2
1794 3
1795 4
1796 1
1797 3
1798 1
1799 2
1800 2
1801 1
1802 3
1803 2
1804 1
1805 1
1806 2
1807 2
1808 2
1809 2
1810 3
1811 3
1812 1
1813 0
1814 3
1815 2
1816 1
1817 2
1818 1
1819 3
1820 1
1821 4
1822 1
1823 1
1824 2
1825 2
1826 2
1827 1
1828 3
1829 1
1830 1
1831 0
1832 1
1833 3
1834 1
1835 2
1836 1
1837 2
1838 1
1839 2
1840 1
1841 1
1842 2
1843 1
1844 1
1845 3
1846 1
1847 3
1848 2
1849 0
1850 1
1851 1
1852 1
1853 1
1854 2
1855 2
1856 1
1857 1
1858 1
1859 2
1860 2
1861 2
1862 2
1863 0
1864 3
1865 4
1866 1
1867 2
1868 3
1869 2
1870 2
1871 3
1872 1
1873 2
1874 2
1875 2
1876 1
1877 2
1878 0
1879 1
1880 1
1881 2
1882 1
1883 2
1884 1
1885 1
1886 1
1887 1
1888 0
1889 4
1890 1
1891 1
1892 1
1893 2
1894 2
1895 2
1896 2
1897 3
1898 0
1899 2
1900 2
1901 0
1902 4
1903 2
1904 2
1905 3
1906 1
1907 1
1908 2
1909 1
1910 1
1911 1
1912 4
1913 2
1914 1
1915 1
1916 1
1917 1
1918 3
1919 1
1920 1
1921 2
1922 2
1923 1
1924 2
1925 2
1926 2
1927 1
1928 2
1929 1
1930 2
1931 1
1932 2
1933 2
1934 1
1935 1
1936 3
1937 2
1938 2
1939 2
1940 2
1941 1
1942 1
1943 1
1944 4
1945 1
1946 2
1947 2
1948 0
1949 1
1950 2
1951 2
1952 3
1953 0
1954 2
1955 1
1956 2
1957 1
1958 3
1959 3
1960 1
1961 1
1962 1
1963 1
1964 3
1965 3
1966 1
1967 1
1968 0
1969 1
1970 4
1971 1
1972 2
1973 3
1974 3
1975 3
1976 2
1977 2
1978 1
1979 1
1980 1
1981 1
1982 1
1983 2
1984 2
1985 2
1986 2
1987 1
1988 1
1989 3
1990 1
1991 1
1992 2
1993 1
1994 1
1995 1
1996 1
1997 1
1998 1
1999 2
