0 1
1 1
2 0
3 2
4 1
5 0
6 3
7 2
8 1
9 1
10 4
11 2
12 0
13 0
14 2
15 0
16 0
17 2
18 1
19 1
20 1
21 2
22 2
23 1
24 0
25 2
26 1
27 0
28 0
29 1
30 1
31 2
32 1
33 1
34 1
35 1
36 0
37 1
38 0
39 1
40 0
41 1
42 0
43 0
44 1
45 0
46 0
47 0
48 0
49 0
50 0
51 1
52 2
53 1
54 0
55 2
56 1
57 1
58 0
59 2
60 1
61 0
62 1
63 2
64 0
65 1
66 0
67 0
68 0
69 0
70 0
71 0
72 0
73 0
74 0
75 1
76 1
77 3
78 2
79 0
80 2
81 3
82 1
83 1
84 0
85 0
86 1
87 0
88 1
89 1
90 1
91 0
92 1
93 1
94 1
95 3
96 1
97 0
98 1
99 1
100 2
101 2
102 1
103 1
104 2
105 0
106 0
107 0
108 1
109 1
110 1
111 2
112 1
113 3
114 0
115 0
116 0
117 0
118 0
119 0
120 0
121 0
122 0
123 0
124 0
125 0
126 0
127 0
128 1
129 1
130 1
131 2
132 3
133 2
134 2
135 3
136 3
137 2
138 3
139 3
140 2
141 2
142 2
143 2
144 3
145 0
146 2
147 0
148 2
149 1
150 1
151 2
152 1
153 1
154 2
155 2
156 2
157 1
158 1
159 0
160 0
161 0
162 0
163 2
164 1
165 1
166 1
167 0
168 0
169 2
170 0
171 1
172 0
173 0
174 2
175 2
176 1
177 0
178 0
179 2
180 0
181 0
182 2
183 0
184 1
185 0
186 0
187 0
188 0
189 1
190 1
191 2
192 2
193 1
194 3
195 1
196 2
197 0
198 2
199 2
200 3
201 2
202 1
203 1
204 0
205 1
206 1
207 1
208 2
209 2
210 1
211 1
212 0
213 3
214 4
215 1
216 3
217 4
218 2
219 4
220 2
221 1
222 1
223 2
224 0
225 2
226 1
227 1
228 1
229 2
230 2
231 0
232 0
233 1
234 1
235 0
236 2
237 2
238 2
239 2
240 1
241 0
242 1
243 0
244 1
245 1
246 2
247 0
248 2
249 1
250 2
251 0
252 1
253 1
254 2
255 0
256 0
257 2
258 2
259 2
260 0
261 0
262 1
263 1
264 2
265 1
266 2
267 2
268 1
269 2
270 0
271 1
272 1
273 1
274 2
275 2
276 2
277 2
278 1
279 2
280 2
281 0
282 0
283 0
284 2
285 0
286 2
287 2
288 1
289 2
290 2
291 1
292 1
293 1
294 2
295 3
296 2
297 3
298 2
299 3
300 3
301 2
302 2
303 1
304 1
305 1
306 2
307 0
308 1
309 0
310 0
311 0
312 1
313 1
314 0
315 2
316 1
317 0
318 1
319 1
320 1
321 2
322 1
323 1
324 1
325 0
326 0
327 1
328 2
329 0
330 1
331 2
332 2
333 1
334 2
335 3
336 4
337 0
338 1
339 2
340 3
341 2
342 3
343 3
344 1
345 0
346 0
347 0
348 0
349 1
350 1
351 1
352 2
353 1
354 2
355 2
356 0
357 1
358 1
359 1
360 1
361 3
362 1
363 1
364 2
365 1
366 1
367 1
368 0
369 1
370 2
371 1
372 2
373 1
374 2
375 2
376 2
377 2
378 1
379 1
380 1
381 2
382 1
383 2
384 1
385 3
386 2
387 1
388 2
389 2
390 2
391 3
392 1
393 4
394 4
395 4
396 2
397 3
398 3
399 1
400 0
401 2
402 3
403 4
404 2
405 1
406 1
407 2
408 1
409 2
410 0
411 2
412 2
413 2
414 1
415 2
416 1
417 1
418 2
419 1
420 1
421 2
422 2
423 0
424 1
425 2
426 3
427 3
428 4
429 0
430 3
431 3
432 2
433 1
434 1
435 1
436 1
437 1
438 2
439 1
440 2
441 2
442 2
443 1
444 2
445 1
446 2
447 1
448 2
449 1
450 1
451 3
452 3
453 2
454 1
455 1
456 0
457 1
458 2
459 2
460 2
461 2
462 2
463 3
464 1
465 3
466 1
467 2
468 1
469 0
470 2
471 2
472 2
473 1
474 1
475 2
476 3
477 2
478 0
479 1
480 1
481 1
482 0
483 1
484 2
485 2
486 1
487 0
488 0
489 0
490 1
491 1
492 0
493 0
494 0
495 1
496 0
497 2
498 2
499 1
500 2
501 1
502 2
503 0
504 1
505 0
506 0
507 0
508 1
509 1
510 1
511 1
512 0
513 1
514 0
515 1
516 1
517 1
518 0
519 2
520 1
521 2
522 1
523 2
524 1
525 1
526 0
527 2
528 3
529 2
530 3
531 2
532 2
533 1
534 2
535 1
536 1
537 0
538 1
539 2
540 2
541 1
542 2
543 2
544 1
545 2
546 1
547 2
548 2
549 1
550 2
551 0
552 0
553 2
554 1
555 2
556 0
557 0
558 0
559 0
560 0
561 0
562 1
563 1
564 1
565 1
566 1
567 1
568 0
569 0
570 0
571 0
572 1
573 0
574 1
575 2
576 1
577 1
578 1
579 1
580 1
581 1
582 1
583 1
584 1
585 0
586 2
587 1
588 2
589 0
590 1
591 1
592 1
593 3
594 0
595 1
596 1
597 0
598 2
599 0
600 1
601 2
602 2
603 1
604 0
605 0
606 2
607 2
608 3
609 2
610 1
611 1
612 0
613 0
614 1
615 2
616 0
617 2
618 2
619 2
620 0
621 0
622 2
623 2
624 2
625 1
626 2
627 1
628 1
629 0
630 0
631 1
632 0
633 1
634 1
635 1
636 1
637 0
638 1
639 2
640 2
641 2
642 1
643 2
644 1
645 1
646 2
647 2
648 2
649 1
650 0
651 0
652 2
653 1
654 2
655 0
656 1
657 0
658 1
659 0
660 1
661 0
662 2
663 0
664 0
665 1
666 1
667 2
668 1
669 1
670 1
671 1
672 2
673 0
674 1
675 0
676 1
677 0
678 1
679 1
680 1
681 1
682 1
683 3
684 3
685 1
686 2
687 1
688 1
689 2
690 2
691 0
692 1
693 1
694 1
695 0
696 2
697 1
698 1
699 2
700 1
701 2
702 0
703 0
704 1
705 1
706 1
707 1
708 2
709 1
710 0
711 1
712 1
713 0
714 0
715 1
716 0
717 1
718 0
719 1
720 2
721 2
722 1
723 1
724 3
725 1
726 1
727 2
728 1
729 1
730 1
731 2
732 1
733 1
734 1
735 1
736 1
737 1
738 1
739 0
740 0
741 0
742 1
743 1
744 1
745 1
746 1
747 1
748 1
749 1
750 0
751 1
752 1
753 1
754 0
755 1
756 1
757 1
758 1
759 1
760 1
761 0
762 0
763 1
764 0
765 2
766 1
767 1
768 3
769 1
770 3
771 2
772 2
773 2
774 2
775 2
776 1
777 2
778 2
779 2
780 3
781 2
782 1
783 0
784 2
785 1
786 2
787 1
788 2
789 0
790 1
791 0
792 2
793 0
794 1
795 2
796 3
797 2
798 3
799 0
800 0
801 1
802 1
803 2
804 1
805 3
806 1
807 1
808 2
809 0
810 1
811 0
812 1
813 2
814 2
815 1
816 0
817 1
818 1
819 1
820 1
821 1
822 1
823 0
824 0
825 0
826 1
827 2
828 0
829 3
830 0
831 1
832 0
833 0
834 0
835 1
836 0
837 1
838 0
839 1
840 2
841 1
842 1
843 0
844 2
845 0
846 2
847 1
848 0
849 1
850 1
851 2
852 0
853 2
854 1
855 1
856 0
857 1
858 0
859 2
860 1
861 0
862 1
863 0
864 0
865 2
866 1
867 0
868 2
869 1
870 2
871 3
872 1
873 0
874 2
875 2
876 1
877 1
878 2
879 1
880 1
881 1
882 0
883 1
884 3
885 0
886 0
887 1
888 0
889 0
890 1
891 1
892 0
893 0
894 1
895 1
896 1
897 1
898 1
899 1
900 2
901 1
902 2
903 4
904 1
905 1
906 1
907 0
908 0
909 1
910 2
911 2
912 1
913 1
914 1
915 1
916 1
917 1
918 0
919 2
920 2
921 1
922 0
923 1
924 1
925 3
926 1
927 2
928 1
929 1
930 2
931 1
932 2
933 2
934 2
935 1
936 2
937 1
938 0
939 0
940 0
941 2
942 0
943 0
944 0
945 2
946 1
947 2
948 1
949 0
950 2
951 2
952 1
953 1
954 3
955 2
956 5
957 0
958 0
959 2
960 0
961 1
962 2
963 0
964 1
965 3
966 0
967 1
968 1
969 2
970 3
971 1
972 1
973 2
974 1
975 2
976 1
977 1
978 2
979 2
980 3
981 1
982 1
983 3
984 1
985 2
986 2
987 2
988 3
989 2
990 2
991 1
992 1
993 0
994 2
995 2
996 0
997 1
998 1
999 4
1000 2
1001 3
1002 3
1003 2
1004 2
1005 1
1006 0
1007 1
1008 1
1009 2
1010 3
1011 1
1012 2
1013 0
1014 0
1015 1
1016 2
1017 0
1018 0
1019 1
1020 0
1021 1
1022 1
1023 1
1024 2
1025 1
1026 3
1027 1
1028 1
1029 2
1030 2
1031 2
1032 1
1033 2
1034 1
1035 3
1036 0
1037 2
1038 2
1039 1
1040 2
1041 1
1042 2
1043 2
1044 2
1045 3
1046 1
1047 1
1048 0
1049 0
1050 1
1051 0
1052 0
1053 0
1054 0
1055 0
1056 0
1057 0
1058 0
1059 1
1060 2
1061 0
1062 1
1063 1
1064 1
1065 1
1066 1
1067 1
1068 0
1069 0
1070 0
1071 1
1072 0
1073 1
1074 2
1075 1
1076 1
1077 1
1078 0
1079 3
1080 0
1081 1
1082 0
1083 0
1084 0
1085 0
1086 0
1087 1
1088 0
1089 1
1090 0
1091 1
1092 1
1093 0
1094 2
1095 3
1096 1
1097 1
1098 0
1099 1
1100 1
1101 1
1102 1
1103 0
1104 0
1105 1
1106 1
1107 1
1108 1
1109 1
1110 1
1111 1
1112 1
1113 1
1114 2
1115 0
1116 0
1117 1
1118 0
1119 0
1120 0
1121 1
1122 0
1123 0
1124 1
1125 0
1126 1
1127 0
1128 0
1129 1
1130 0
1131 1
1132 1
1133 0
1134 1
1135 2
1136 1
1137 1
1138 1
1139 0
1140 0
1141 0
1142 2
1143 1
1144 0
1145 0
1146 0
1147 1
1148 2
1149 1
1150 0
1151 2
1152 2
1153 2
1154 3
1155 1
1156 2
1157 2
1158 0
1159 2
1160 2
1161 1
1162 2
1163 1
1164 2
1165 2
1166 2
1167 1
1168 4
1169 4
1170 2
1171 1
1172 3
1173 2
1174 3
1175 2
1176 4
1177 1
1178 1
1179 2
1180 1
1181 0
1182 1
1183 1
1184 2
1185 1
1186 1
1187 1
1188 2
1189 2
1190 5
1191 2
1192 1
1193 3
1194 2
1195 2
1196 2
1197 1
1198 2
1199 1
1200 1
1201 0
1202 0
1203 2
1204 1
1205 1
1206 1
1207 0
1208 3
1209 1
1210 1
1211 3
1212 2
1213 1
1214 2
1215 3
1216 3
1217 2
1218 0
1219 2
1220 2
1221 1
1222 2
1223 2
1224 3
1225 3
1226 2
1227 1
1228 1
1229 2
1230 0
1231 1
1232 2
1233 3
1234 1
1235 2
1236 0
1237 2
1238 1
1239 2
1240 2
1241 2
1242 3
1243 1
1244 0
1245 2
1246 1
1247 2
1248 1
1249 1
1250 1
1251 2
1252 2
1253 2
1254 1
1255 2
1256 1
1257 1
1258 0
1259 0
1260 2
1261 3
1262 3
1263 3
1264 3
1265 2
1266 2
1267 0
1268 2
1269 1
1270 2
1271 2
1272 0
1273 2
1274 3
1275 2
1276 2
1277 1
1278 2
1279 1
1280 1
1281 2
1282 1
1283 0
1284 1
1285 2
1286 3
1287 1
1288 1
1289 2
1290 2
1291 1
1292 3
1293 1
1294 3
1295 2
1296 3
1297 2
1298 1
1299 1
1300 4
1301 1
1302 3
1303 2
1304 1
1305 1
1306 0
1307 1
1308 0
1309 0
1310 1
1311 2
1312 2
1313 1
1314 2
1315 0
1316 1
1317 1
1318 2
1319 0
1320 1
1321 0
1322 1
1323 1
1324 2
1325 4
1326 2
1327 1
1328 1
1329 3
1330 2
1331 1
1332 1
1333 1
1334 2
1335 2
1336 2
1337 3
1338 1
1339 1
1340 1
1341 2
1342 1
1343 1
1344 1
1345 1
1346 1
1347 2
1348 1
1349 0
1350 2
1351 2
1352 1
1353 2
1354 1
1355 2
1356 3
1357 1
1358 1
1359 3
1360 2
1361 2
1362 1
1363 1
1364 3
1365 1
1366 2
1367 1
1368 1
1369 1
1370 0
1371 3
1372 2
1373 2
1374 2
1375 1
1376 2
1377 2
1378 2
1379 2
1380 2
1381 2
1382 2
1383 2
1384 1
1385 2
1386 2
1387 1
1388 1
1389 1
1390 0
1391 0
1392 1
1393 0
1394 1
1395 2
1396 1
1397 2
1398 0
1399 1
1400 1
1401 1
1402 2
1403 2
1404 1
1405 1
1406 2
1407 1
1408 1
1409 2
1410 2
1411 3
1412 2
1413 1
1414 2
1415 1
1416 2
1417 2
1418 1
1419 3
1420 2
1421 1
1422 3
1423 2
1424 2
1425 2
1426 1
1427 1
1428 2
1429 2
1430 3
1431 0
1432 1
1433 2
1434 1
1435 2
1436 2
1437 2
1438 2
1439 2
1440 1
1441 3
1442 1
1443 2
1444 2
1445 2
1446 1
1447 2
1448 1
1449 2
1450 1
1451 1
1452 2
1453 1
1454 2
1455 1
1456 2
1457 2
1458 1
1459 2
1460 2
1461 3
1462 1
1463 4
1464 3
1465 3
1466 2
1467 3
1468 4
1469 1
1470 3
1471 1
1472 2
1473 0
1474 1
1475 1
1476 1
1477 0
1478 1
1479 2
1480 1
1481 2
1482 2
1483 1
1484 1
1485 1
1486 1
1487 1
1488 2
1489 1
1490 2
1491 2
1492 0
1493 1
1494 1
1495 0
1496 2
1497 2
1498 0
1499 1
1500 0
1501 0
1502 0
1503 1
1504 2
1505 1
1506 0
1507 1
1508 0
1509 2
1510 3
1511 1
1512 1
1513 1
1514 1
1515 1
1516 0
1517 2
1518 0
1519 2
1520 0
1521 0
1522 2
1523 2
1524 1
1525 1
1526 2
1527 1
1528 1
1529 1
1530 1
1531 2
1532 1
1533 2
1534 1
1535 2
1536 1
1537 0
1538 1
1539 3
1540 3
1541 2
1542 4
1543 2
1544 2
1545 3
1546 3
1547 2
1548 2
1549 4
1550 2
1551 1
1552 1
1553 2
1554 1
1555 1
1556 2
1557 2
1558 2
1559 1
1560 2
1561 2
1562 2
1563 1
1564 2
1565 1
1566 1
1567 1
1568 1
1569 1
1570 0
1571 1
1572 1
1573 0
1574 0
1575 1
1576 1
1577 1
1578 1
1579 1
1580 0
1581 3
1582 1
1583 2
1584 1
1585 2
1586 1
1587 1
1588 0
1589 1
1590 1
1591 0
1592 1
1593 3
1594 4
1595 2
1596 1
1597 3
1598 2
1599 3
1600 1
1601 3
1602 3
1603 1
1604 1
1605 3
1606 3
1607 2
1608 3
1609 2
1610 1
1611 3
1612 3
1613 2
1614 2
1615 3
1616 3
1617 3
1618 4
1619 2
1620 1
1621 1
1622 1
1623 1
1624 1
1625 1
1626 2
1627 2
1628 2
1629 1
1630 1
1631 0
1632 2
1633 0
1634 2
1635 0
1636 2
1637 1
1638 1
1639 1
1640 0
1641 4
1642 2
1643 2
1644 1
1645 3
1646 0
1647 2
1648 2
1649 2
1650 1
1651 1
1652 1
1653 2
1654 2
1655 2
1656 0
1657 2
1658 1
1659 1
1660 2
1661 1
1662 1
1663 2
1664 2
1665 1
1666 1
1667 1
1668 2
1669 2
1670 3
1671 2
1672 1
1673 2
1674 2
1675 1
1676 2
1677 2
1678 2
1679 1
1680 1
1681 2
1682 1
1683 1
1684 3
1685 0
1686 1
1687 1
1688 0
1689 2
1690 2
1691 3
1692 1
1693 2
1694 3
1695 2
1696 2
1697 3
1698 2
1699 1
1700 2
1701 4
1702 2
1703 3
1704 1
1705 2
1706 0
1707 0
1708 2
1709 0
1710 0
1711 1
1712 1
1713 3
1714 1
1715 2
1716 1
1717 1
1718 0
1719 0
1720 2
1721 1
1722 0
1723 2
1724 2
1725 4
1726 3
1727 1
1728 2
1729 0
1730 3
1731 2
1732 1
1733 0
1734 2
1735 4
1736 1
1737 0
1738 2
1739 2
1740 2
1741 2
1742 1
1743 3
1744 2
1745 2
1746 1
1747 2
1748 2
1749 1
1750 1
1751 3
1752 0
1753 0
1754 1
1755 1
1756 2
1757 1
1758 2
1759 1
1760 0
1761 1
1762 2
1763 1
1764 2
1765 1
1766 1
1767 2
1768 1
1769 0
1770 2
1771 2
1772 0
1773 3
1774 2
1775 1
1776 1
1777 2
1778 2
1779 0
1780 0
1781 0
1782 0
1783 1
1784 0
1785 0
1786 1
1787 1
1788 2
1789 1
1790 2
1791 2
1792 2
1793 2
1794 1
1795 1
1796 0
1797 1
1798 0
1799 1
1800 1
1801 1
1802 0
1803 0
1804 0
1805 0
1806 0
1807 1
1808 0
1809 1
1810 1
1811 1
1812 1
1813 0
1814 1
1815 2
1816 2
1817 2
1818 2
1819 2
1820 1
1821 1
1822 3
1823 1
1824 0
1825 1
1826 0
1827 0
1828 1
1829 1
1830 1
1831 0
1832 1
1833 1
1834 1
1835 1
1836 3
1837 1
1838 2
1839 2
1840 2
1841 2
1842 3
1843 2
1844 2
1845 2
1846 2
1847 3
1848 4
1849 3
1850 4
1851 2
1852 0
1853 1
1854 0
1855 1
1856 2
1857 0
1858 1
1859 1
1860 1
1861 1
1862 0
1863 0
1864 0
1865 0
1866 2
1867 3
1868 2
1869 2
1870 0
1871 1
1872 1
1873 3
1874 1
1875 2
1876 3
1877 3
1878 2
1879 2
1880 2
1881 1
1882 2
1883 2
1884 2
1885 2
1886 2
1887 2
1888 2
1889 4
1890 2
1891 2
1892 3
1893 3
1894 2
1895 1
1896 1
1897 1
1898 1
1899 1
1900 0
1901 2
1902 3
1903 2
1904 0
1905 3
1906 2
1907 2
1908 1
1909 2
1910 0
1911 1
1912 2
1913 2
1914 1
1915 0
1916 1
1917 1
1918 2
1919 3
1920 2
1921 1
1922 3
1923 3
1924 2
1925 1
1926 0
1927 1
1928 1
1929 2
1930 2
1931 3
1932 2
1933 3
1934 1
1935 3
1936 2
1937 2
1938 0
1939 2
1940 0
1941 0
1942 1
1943 1
1944 1
1945 1
1946 1
1947 1
1948 1
1949 1
1950 1
1951 2
1952 1
1953 2
1954 2
1955 1
1956 0
1957 0
1958 2
1959 1
1960 2
1961 0
1962 3
1963 4
1964 2
1965 3
1966 1
1967 2
1968 0
1969 1
1970 2
1971 1
1972 2
1973 1
1974 2
1975 0
1976 2
1977 1
1978 2
1979 1
1980 0
1981 2
1982 0
1983 1
1984 2
1985 1
1986 3
1987 2
1988 1
1989 3
1990 1
1991 2
1992 0
1993 1
1994 2
1995 0
1996 0
1997 2
1998 1
1999 1
