0 0
1 0
2 0
3 0
4 0
5 0
6 0
7 0
8 0
9 0
10 0
11 0
12 0
13 0
14 0
15 0
16 0
17 0
18 0
19 0
20 0
21 0
22 0
23 0
24 0
25 0
26 0
27 0
28 0
29 0
30 0
31 0
32 0
33 0
34 0
35 0
36 1
37 0
38 0
39 0
40 0
41 0
42 0
43 0
44 0
45 0
46 0
47 0
48 0
49 1
50 0
51 0
52 0
53 0
54 0
55 0
56 0
57 0
58 0
59 0
60 0
61 0
62 1
63 0
64 0
65 0
66 1
67 1
68 0
69 0
70 0
71 0
72 0
73 0
74 0
75 0
76 0
77 0
78 0
79 0
80 0
81 0
82 0
83 0
84 0
85 0
86 1
87 0
88 0
89 0
90 0
91 0
92 0
93 0
94 0
95 0
96 0
97 1
98 0
99 0
100 0
101 0
102 0
103 0
104 0
105 0
106 0
107 0
108 0
109 0
110 0
111 0
112 0
113 0
114 1
115 0
116 0
117 0
118 0
119 0
120 0
121 0
122 0
123 0
124 1
125 0
126 0
127 0
128 0
129 0
130 0
131 0
132 0
133 0
134 0
135 0
136 0
137 0
138 0
139 0
140 1
141 0
142 0
143 0
144 0
145 0
146 0
147 0
148 0
149 0
150 0
151 0
152 0
153 0
154 0
155 0
156 0
157 0
158 0
159 0
160 0
161 0
162 0
163 0
164 0
165 0
166 0
167 0
168 0
169 0
170 0
171 0
172 0
173 0
174 0
175 0
176 0
177 0
178 1
179 1
180 0
181 0
182 1
183 0
184 0
185 1
186 0
187 0
188 0
189 0
190 0
191 0
192 0
193 1
194 0
195 0
196 0
197 0
198 0
199 0
200 0
201 0
202 0
203 0
204 0
205 0
206 0
207 0
208 0
209 0
210 0
211 0
212 0
213 0
214 0
215 0
216 0
217 0
218 0
219 0
220 0
221 2
222 0
223 2
224 2
225 1
226 1
227 0
228 2
229 0
230 3
231 0
232 1
233 1
234 1
235 0
236 0
237 2
238 0
239 2
240 0
241 1
242 0
243 1
244 1
245 2
246 1
247 1
248 1
249 1
250 1
251 2
252 0
253 1
254 0
255 2
256 1
257 0
258 2
259 1
260 0
261 1
262 1
263 2
264 1
265 2
266 1
267 1
268 1
269 2
270 1
271 2
272 1
273 2
274 1
275 2
276 1
277 1
278 1
279 1
280 1
281 1
282 1
283 0
284 1
285 1
286 1
287 1
288 0
289 1
290 1
291 0
292 1
293 0
294 1
295 1
296 0
297 0
298 0
299 1
300 1
301 1
302 0
303 1
304 1
305 0
306 1
307 1
308 0
309 0
310 1
311 1
312 0
313 0
314 0
315 0
316 0
317 0
318 1
319 1
320 1
321 1
322 1
323 1
324 0
325 1
326 1
327 1
328 1
329 1
330 1
331 1
332 1
333 1
334 1
335 1
336 1
337 1
338 1
339 1
340 1
341 0
342 1
343 0
344 1
345 1
346 1
347 1
348 1
349 0
350 1
351 0
352 1
353 2
354 1
355 1
356 1
357 1
358 1
359 1
360 1
361 0
362 1
363 1
364 1
365 1
366 1
367 0
368 1
369 1
370 1
371 0
372 0
373 1
374 1
375 1
376 0
377 1
378 1
379 1
380 0
381 1
382 0
383 1
384 1
385 2
386 1
387 2
388 1
389 0
390 1
391 1
392 1
393 1
394 1
395 1
396 1
397 1
398 1
399 1
400 1
401 1
402 1
403 1
404 1
405 1
406 1
407 1
408 1
409 1
410 0
411 1
412 1
413 1
414 1
415 1
416 1
417 1
418 1
419 1
420 0
421 1
422 1
423 1
424 1
425 0
426 2
427 1
428 1
429 0
430 1
431 0
432 0
433 0
434 0
435 1
436 1
437 0
438 0
439 1
440 0
441 0
442 0
443 0
444 1
445 1
446 1
447 0
448 1
449 1
450 1
451 0
452 1
453 1
454 0
455 1
456 1
457 2
458 0
459 1
460 0
461 1
462 1
463 1
464 1
465 0
466 1
467 2
468 1
469 1
470 1
471 2
472 0
473 0
474 0
475 1
476 1
477 1
478 1
479 2
480 1
481 1
482 1
483 1
484 1
485 2
486 1
487 1
488 1
489 1
490 2
491 1
492 1
493 1
494 1
495 2
496 1
497 1
498 0
499 1
500 1
501 0
502 1
503 1
504 0
505 1
506 1
507 1
508 2
509 1
510 2
511 1
512 1
513 2
514 1
515 0
516 1
517 1
518 1
519 3
520 1
521 1
522 2
523 2
524 1
525 1
526 2
527 1
528 2
529 2
530 1
531 1
532 1
533 2
534 0
535 2
536 0
537 1
538 1
539 0
540 0
541 1
542 1
543 1
544 1
545 1
546 1
547 2
548 0
549 2
550 0
551 0
552 1
553 2
554 2
555 1
556 1
557 1
558 1
559 1
560 1
561 0
562 1
563 1
564 1
565 1
566 1
567 2
568 1
569 1
570 2
571 1
572 1
573 0
574 1
575 1
576 2
577 1
578 1
579 1
580 1
581 1
582 1
583 0
584 1
585 2
586 1
587 0
588 0
589 0
590 1
591 1
592 0
593 1
594 1
595 0
596 0
597 2
598 1
599 3
600 1
601 1
602 1
603 2
604 1
605 1
606 2
607 1
608 1
609 1
610 2
611 1
612 2
613 1
614 2
615 1
616 1
617 1
618 1
619 1
620 0
621 1
622 1
623 0
624 0
625 0
626 1
627 2
628 1
629 2
630 2
631 0
632 2
633 2
634 1
635 1
636 2
637 1
638 1
639 0
640 1
641 1
642 1
643 0
644 1
645 2
646 1
647 2
648 1
649 1
650 1
651 2
652 2
653 1
654 1
655 1
656 0
657 2
658 1
659 0
660 2
661 2
662 2
663 2
664 1
665 5
666 2
667 1
668 2
669 2
670 2
671 2
672 1
673 1
674 0
675 2
676 2
677 1
678 1
679 1
680 1
681 2
682 1
683 1
684 0
685 1
686 1
687 1
688 1
689 0
690 1
691 0
692 1
693 0
694 2
695 1
696 1
697 1
698 2
699 1
700 0
701 0
702 0
703 1
704 0
705 0
706 0
707 1
708 1
709 0
710 0
711 0
712 0
713 0
714 1
715 0
716 0
717 1
718 1
719 2
720 2
721 1
722 1
723 1
724 0
725 1
726 0
727 0
728 0
729 0
730 0
731 0
732 1
733 1
734 1
735 1
736 0
737 2
738 0
739 2
740 0
741 0
742 1
743 0
744 0
745 1
746 0
747 1
748 0
749 0
750 0
751 0
752 1
753 1
754 1
755 2
756 1
757 0
758 1
759 1
760 1
761 1
762 0
763 1
764 0
765 1
766 0
767 0
768 0
769 1
770 1
771 1
772 1
773 1
774 1
775 1
776 1
777 2
778 2
779 1
780 1
781 1
782 1
783 0
784 1
785 0
786 1
787 1
788 1
789 0
790 0
791 0
792 1
793 1
794 1
795 0
796 1
797 0
798 1
799 1
800 0
801 1
802 0
803 0
804 0
805 0
806 1
807 0
808 1
809 0
810 0
811 1
812 0
813 0
814 0
815 1
816 1
817 0
818 1
819 0
820 1
821 1
822 2
823 1
824 1
825 1
826 1
827 1
828 2
829 1
830 1
831 1
832 1
833 2
834 1
835 1
836 0
837 2
838 2
839 0
840 0
841 1
842 2
843 0
844 1
845 2
846 2
847 0
848 0
849 0
850 0
851 0
852 0
853 0
854 0
855 0
856 1
857 1
858 1
859 2
860 1
861 0
862 2
863 2
864 0
865 1
866 1
867 1
868 2
869 1
870 1
871 1
872 2
873 1
874 2
875 1
876 2
877 2
878 0
879 1
880 1
881 1
882 1
883 1
884 1
885 2
886 1
887 2
888 1
889 1
890 2
891 1
892 2
893 2
894 1
895 1
896 1
897 1
898 1
899 1
900 2
901 1
902 1
903 1
904 0
905 0
906 2
907 1
908 1
909 1
910 1
911 3
912 0
913 2
914 0
915 1
916 1
917 1
918 0
919 0
920 2
921 0
922 0
923 0
924 0
925 0
926 1
927 1
928 0
929 0
930 0
931 0
932 1
933 0
934 0
935 0
936 0
937 0
938 0
939 0
940 0
941 0
942 0
943 0
944 0
945 0
946 0
947 0
948 0
949 0
950 0
951 0
952 1
953 1
954 0
955 1
956 1
957 1
958 1
959 1
960 0
961 1
962 1
963 1
964 1
965 1
966 1
967 1
968 1
969 2
970 1
971 1
972 0
973 0
974 0
975 0
976 0
977 0
978 0
979 0
980 0
981 0
982 0
983 0
984 0
985 0
986 0
987 0
988 0
989 1
990 0
991 0
992 0
993 0
994 0
995 1
996 0
997 0
998 0
999 1
1000 0
1001 0
1002 0
1003 0
1004 1
1005 0
1006 1
1007 1
1008 1
1009 1
1010 0
1011 0
1012 1
1013 1
1014 0
1015 2
1016 1
1017 0
1018 0
1019 1
1020 0
1021 1
1022 0
1023 1
1024 0
1025 1
1026 1
1027 1
1028 1
1029 0
1030 1
1031 0
1032 1
1033 0
1034 1
1035 1
1036 0
1037 1
1038 0
1039 1
1040 0
1041 1
1042 0
1043 1
1044 1
1045 0
1046 1
1047 0
1048 1
1049 1
1050 1
1051 1
1052 1
1053 0
1054 1
1055 1
1056 1
1057 1
1058 1
1059 1
1060 1
1061 0
1062 1
1063 1
1064 0
1065 1
1066 1
1067 0
1068 0
1069 2
1070 0
1071 1
1072 1
1073 1
1074 1
1075 1
1076 1
1077 1
1078 1
1079 1
1080 0
1081 1
1082 2
1083 1
1084 1
1085 1
1086 1
1087 1
1088 1
1089 1
1090 0
1091 1
1092 1
1093 1
1094 1
1095 2
1096 0
1097 1
1098 1
1099 1
1100 1
1101 1
1102 1
1103 1
1104 0
1105 1
1106 0
1107 1
1108 1
1109 1
1110 1
1111 1
1112 0
1113 0
1114 0
1115 0
1116 0
1117 0
1118 0
1119 0
1120 0
1121 1
1122 1
1123 0
1124 1
1125 0
1126 0
1127 0
1128 0
1129 0
1130 0
1131 0
1132 0
1133 0
1134 0
1135 0
1136 0
1137 0
1138 0
1139 0
1140 0
1141 0
1142 0
1143 0
1144 0
1145 0
1146 0
1147 0
1148 1
1149 1
1150 0
1151 1
1152 1
1153 0
1154 1
1155 1
1156 1
1157 2
1158 1
1159 3
1160 0
1161 0
1162 0
1163 0
1164 2
1165 1
1166 1
1167 0
1168 0
1169 1
1170 1
1171 1
1172 1
1173 0
1174 2
1175 0
1176 0
1177 0
1178 0
1179 0
1180 0
1181 0
1182 0
1183 0
1184 0
1185 1
1186 0
1187 0
1188 1
1189 0
1190 0
1191 0
1192 0
1193 0
1194 0
1195 0
1196 0
1197 0
1198 0
1199 0
1200 0
1201 0
1202 1
1203 0
1204 0
1205 0
1206 0
1207 2
1208 0
1209 0
1210 0
1211 0
1212 0
1213 0
1214 0
1215 0
1216 0
1217 0
1218 0
1219 1
1220 0
1221 0
1222 0
1223 0
1224 2
1225 1
1226 0
1227 0
1228 0
1229 0
1230 0
1231 0
1232 1
1233 0
1234 0
1235 0
1236 0
1237 1
1238 1
1239 0
1240 0
1241 0
1242 0
1243 0
1244 0
1245 0
1246 0
1247 0
1248 0
1249 0
1250 0
1251 0
1252 1
1253 1
1254 0
1255 0
1256 0
1257 0
1258 0
1259 0
1260 0
1261 1
1262 1
1263 0
1264 1
1265 1
1266 0
1267 0
1268 1
1269 1
1270 0
1271 0
1272 0
1273 0
1274 0
1275 0
1276 0
1277 0
1278 0
1279 0
1280 0
1281 0
1282 0
1283 0
1284 0
1285 0
1286 0
1287 0
1288 0
1289 0
1290 0
1291 0
1292 0
1293 0
1294 0
1295 1
1296 0
1297 0
1298 0
1299 0
1300 0
1301 0
1302 0
1303 0
1304 0
1305 0
1306 0
1307 0
1308 0
1309 0
1310 0
1311 0
1312 0
1313 0
1314 0
1315 0
1316 0
1317 0
1318 0
1319 0
1320 0
1321 0
1322 0
1323 2
1324 1
1325 1
1326 1
1327 1
1328 2
1329 1
1330 2
1331 1
1332 2
1333 1
1334 2
1335 1
1336 1
1337 1
1338 0
1339 1
1340 1
1341 0
1342 0
1343 1
1344 0
1345 1
1346 1
1347 2
1348 1
1349 1
1350 1
1351 0
1352 0
1353 0
1354 2
1355 1
1356 1
1357 3
1358 3
1359 0
1360 3
1361 1
1362 0
1363 2
1364 2
1365 2
1366 1
1367 1
1368 0
1369 1
1370 1
1371 0
1372 2
1373 1
1374 2
1375 1
1376 1
1377 0
1378 0
1379 0
1380 1
1381 0
1382 1
1383 1
1384 0
1385 2
1386 1
1387 1
1388 0
1389 1
1390 2
1391 0
1392 0
1393 1
1394 1
1395 0
1396 2
1397 1
1398 1
1399 2
1400 0
1401 2
1402 1
1403 1
1404 2
1405 2
1406 2
1407 1
1408 0
1409 1
1410 1
1411 2
1412 2
1413 1
1414 1
1415 0
1416 0
1417 0
1418 0
1419 0
1420 0
1421 0
1422 0
1423 0
1424 0
1425 0
1426 0
1427 0
1428 1
1429 0
1430 0
1431 0
1432 2
1433 2
1434 2
1435 1
1436 0
1437 0
1438 0
1439 3
1440 0
1441 2
1442 2
1443 1
1444 1
1445 0
1446 0
1447 2
1448 3
1449 2
1450 4
1451 1
1452 2
1453 2
1454 2
1455 2
1456 0
1457 1
1458 1
1459 1
1460 1
1461 2
1462 1
1463 1
1464 2
1465 3
1466 2
1467 2
1468 1
1469 1
1470 3
1471 1
1472 0
1473 1
1474 1
1475 2
1476 2
1477 1
1478 1
1479 2
1480 2
1481 2
1482 2
1483 2
1484 2
1485 2
1486 1
1487 2
1488 2
1489 2
1490 0
1491 2
1492 2
1493 0
1494 0
1495 2
1496 2
1497 1
1498 0
1499 3
1500 2
1501 2
1502 2
1503 2
1504 1
1505 0
1506 2
1507 2
1508 1
1509 1
1510 2
1511 1
1512 1
1513 3
1514 1
1515 1
1516 2
1517 2
1518 2
1519 1
1520 2
1521 0
1522 2
1523 1
1524 2
1525 2
1526 1
1527 2
1528 2
1529 1
1530 1
1531 3
1532 2
1533 0
1534 2
1535 2
1536 1
1537 3
1538 1
1539 2
1540 1
1541 1
1542 2
1543 2
1544 1
1545 2
1546 2
1547 2
1548 2
1549 2
1550 0
1551 2
1552 3
1553 0
1554 2
1555 2
1556 2
1557 0
1558 0
1559 2
1560 1
1561 0
1562 2
1563 2
1564 2
1565 2
1566 2
1567 0
1568 4
1569 1
1570 2
1571 3
1572 1
1573 2
1574 2
1575 2
1576 2
1577 1
1578 2
1579 1
1580 2
1581 2
1582 2
1583 2
1584 3
1585 1
1586 3
1587 2
1588 1
1589 3
1590 2
1591 3
1592 2
1593 1
1594 2
1595 2
1596 2
1597 2
1598 1
1599 2
1600 2
1601 0
1602 1
1603 1
1604 0
1605 2
1606 1
1607 3
1608 2
1609 2
1610 1
1611 3
1612 0
1613 2
1614 3
1615 2
1616 1
1617 0
1618 0
1619 3
1620 1
1621 2
1622 0
1623 3
1624 2
1625 2
1626 1
1627 0
1628 2
1629 3
1630 3
1631 1
1632 3
1633 1
1634 3
1635 1
1636 0
1637 0
1638 1
1639 1
1640 2
1641 2
1642 1
1643 2
1644 3
1645 2
1646 0
1647 4
1648 0
1649 1
1650 1
1651 1
1652 1
1653 2
1654 0
1655 2
1656 1
1657 1
1658 1
1659 0
1660 2
1661 1
1662 0
1663 2
1664 2
1665 1
1666 2
1667 1
1668 3
1669 1
1670 1
1671 1
1672 3
1673 3
1674 2
1675 3
1676 2
1677 1
1678 1
1679 2
1680 2
1681 1
1682 4
1683 2
1684 0
1685 2
1686 2
1687 1
1688 1
1689 1
1690 1
1691 3
1692 1
1693 3
1694 2
1695 3
1696 2
1697 4
1698 1
1699 2
1700 1
1701 2
1702 1
1703 2
1704 3
1705 2
1706 2
1707 3
1708 3
1709 0
1710 1
1711 1
1712 1
1713 1
1714 2
1715 2
1716 2
1717 2
1718 2
1719 1
1720 2
1721 2
1722 0
1723 1
1724 0
1725 2
1726 1
1727 0
1728 2
1729 1
1730 3
1731 0
1732 2
1733 1
1734 2
1735 3
1736 3
1737 3
1738 0
1739 1
1740 3
1741 1
1742 2
1743 3
1744 0
1745 2
1746 3
1747 1
1748 2
1749 4
1750 2
1751 0
1752 1
1753 4
1754 2
1755 4
1756 2
1757 2
1758 2
1759 2
1760 2
1761 0
1762 3
1763 4
1764 2
1765 2
1766 2
1767 2
1768 1
1769 2
1770 2
1771 1
1772 2
1773 1
1774 2
1775 2
1776 0
1777 1
1778 3
1779 2
1780 2
1781 2
1782 2
1783 1
1784 1
1785 1
1786 1
1787 3
1788 1
1789 1
1790 1
1791 2
1792 2
1793 1
1794 2
1795 3
1796 2
1797 3
1798 3
1799 3
1800 2
1801 2
1802 1
1803 1
1804 1
1805 0
1806 0
1807 0
1808 4
1809 1
1810 2
1811 0
1812 1
1813 2
1814 0
1815 1
1816 1
1817 0
1818 0
1819 0
1820 2
1821 1
1822 0
1823 0
1824 2
1825 0
1826 1
1827 0
1828 0
1829 1
1830 0
1831 3
1832 1
1833 0
1834 0
1835 1
1836 0
1837 1
1838 1
1839 1
1840 0
1841 0
1842 1
1843 1
1844 1
1845 1
1846 1
1847 1
1848 1
1849 1
1850 1
1851 1
1852 1
1853 0
1854 1
1855 2
1856 1
1857 1
1858 0
1859 1
1860 0
1861 1
1862 1
1863 0
1864 0
1865 1
1866 0
1867 1
1868 1
1869 2
1870 0
1871 0
1872 0
1873 0
1874 0
1875 0
1876 0
1877 0
1878 0
1879 0
1880 0
1881 0
1882 0
1883 2
1884 1
1885 0
1886 0
1887 0
1888 0
1889 0
1890 1
1891 0
1892 0
1893 0
1894 0
1895 0
1896 0
1897 0
1898 0
1899 0
1900 0
1901 0
1902 0
1903 0
1904 0
1905 0
1906 0
1907 0
1908 0
1909 2
1910 0
1911 0
1912 0
1913 0
1914 0
1915 0
1916 0
1917 0
1918 0
1919 0
1920 0
1921 0
1922 0
1923 0
1924 0
1925 1
1926 0
1927 0
1928 0
1929 1
1930 0
1931 0
1932 0
1933 0
1934 1
1935 0
1936 1
1937 0
1938 0
1939 0
1940 0
1941 1
1942 0
1943 0
1944 0
1945 0
1946 1
1947 0
1948 1
1949 0
1950 0
1951 1
1952 1
1953 0
1954 0
1955 0
1956 0
1957 0
1958 0
1959 0
1960 0
1961 0
1962 0
1963 0
1964 0
1965 0
1966 0
1967 1
1968 0
1969 0
1970 0
1971 0
1972 0
1973 2
1974 0
1975 0
1976 0
1977 0
1978 1
1979 0
1980 0
1981 0
1982 0
1983 1
1984 0
1985 0
1986 0
1987 0
1988 0
1989 0
1990 0
1991 1
1992 0
1993 0
1994 1
1995 0
1996 0
1997 0
1998 0
1999 0
