0 0
1 0
2 0
3 0
4 0
5 0
6 0
7 0
8 0
9 0
10 0
11 0
12 0
13 0
14 0
15 0
16 0
17 0
18 0
19 0
20 0
21 0
22 0
23 0
24 0
25 0
26 0
27 0
28 0
29 0
30 0
31 0
32 0
33 0
34 0
35 0
36 0
37 0
38 0
39 0
40 0
41 0
42 0
43 0
44 0
45 0
46 0
47 0
48 0
49 0
50 0
51 0
52 0
53 0
54 0
55 0
56 0
57 0
58 0
59 0
60 0
61 0
62 0
63 0
64 0
65 0
66 0
67 0
68 0
69 0
70 0
71 0
72 0
73 0
74 0
75 0
76 0
77 0
78 0
79 0
80 0
81 0
82 0
83 0
84 0
85 0
86 0
87 0
88 1
89 0
90 0
91 0
92 0
93 0
94 0
95 0
96 0
97 0
98 0
99 0
100 0
101 0
102 1
103 0
104 0
105 0
106 0
107 0
108 0
109 0
110 0
111 0
112 0
113 0
114 0
115 0
116 0
117 0
118 0
119 0
120 0
121 0
122 0
123 0
124 0
125 0
126 0
127 0
128 0
129 0
130 0
131 0
132 0
133 1
134 2
135 1
136 2
137 0
138 0
139 0
140 0
141 1
142 0
143 0
144 0
145 0
146 1
147 1
148 0
149 0
150 0
151 0
152 0
153 0
154 0
155 0
156 0
157 0
158 0
159 0
160 0
161 0
162 0
163 0
164 0
165 0
166 0
167 0
168 0
169 0
170 0
171 0
172 0
173 0
174 0
175 0
176 0
177 0
178 0
179 0
180 0
181 0
182 0
183 0
184 0
185 0
186 0
187 0
188 1
189 0
190 1
191 0
192 3
193 1
194 1
195 1
196 1
197 1
198 0
199 0
200 1
201 2
202 0
203 0
204 0
205 1
206 1
207 1
208 0
209 1
210 0
211 0
212 1
213 0
214 1
215 1
216 1
217 1
218 1
219 2
220 1
221 1
222 1
223 1
224 0
225 2
226 1
227 1
228 1
229 3
230 2
231 2
232 2
233 2
234 2
235 2
236 1
237 0
238 0
239 1
240 0
241 0
242 0
243 1
244 1
245 0
246 2
247 1
248 1
249 1
250 0
251 0
252 0
253 0
254 0
255 0
256 0
257 0
258 0
259 0
260 1
261 0
262 0
263 0
264 0
265 0
266 0
267 1
268 0
269 0
270 0
271 0
272 0
273 0
274 0
275 0
276 0
277 0
278 0
279 0
280 0
281 0
282 1
283 0
284 0
285 0
286 0
287 0
288 0
289 0
290 0
291 0
292 0
293 0
294 0
295 0
296 1
297 1
298 1
299 0
300 0
301 1
302 0
303 1
304 2
305 1
306 1
307 0
308 1
309 1
310 1
311 1
312 2
313 3
314 4
315 1
316 1
317 0
318 1
319 0
320 0
321 0
322 0
323 0
324 0
325 0
326 0
327 0
328 1
329 1
330 1
331 1
332 2
333 1
334 0
335 1
336 2
337 0
338 0
339 1
340 1
341 1
342 1
343 1
344 1
345 0
346 0
347 1
348 1
349 0
350 1
351 1
352 2
353 1
354 0
355 1
356 0
357 0
358 0
359 0
360 0
361 0
362 1
363 0
364 1
365 0
366 1
367 2
368 2
369 3
370 2
371 2
372 0
373 0
374 2
375 1
376 2
377 1
378 0
379 1
380 1
381 1
382 3
383 4
384 0
385 0
386 0
387 1
388 1
389 1
390 4
391 1
392 1
393 4
394 1
395 1
396 0
397 2
398 2
399 2
400 0
401 1
402 2
403 1
404 1
405 1
406 0
407 3
408 2
409 0
410 3
411 2
412 0
413 2
414 2
415 0
416 2
417 1
418 2
419 1
420 1
421 1
422 2
423 2
424 1
425 1
426 1
427 1
428 3
429 1
430 1
431 2
432 2
433 3
434 1
435 2
436 0
437 2
438 2
439 2
440 1
441 2
442 0
443 0
444 3
445 0
446 1
447 2
448 3
449 4
450 1
451 1
452 2
453 1
454 2
455 1
456 2
457 2
458 1
459 0
460 1
461 0
462 1
463 1
464 3
465 1
466 2
467 1
468 3
469 1
470 1
471 1
472 3
473 0
474 1
475 4
476 0
477 3
478 1
479 2
480 3
481 1
482 1
483 2
484 3
485 2
486 1
487 3
488 3
489 0
490 3
491 2
492 3
493 1
494 0
495 2
496 2
497 0
498 0
499 3
500 2
501 0
502 1
503 2
504 2
505 0
506 1
507 2
508 3
509 0
510 1
511 0
512 0
513 1
514 1
515 1
516 0
517 0
518 1
519 1
520 1
521 3
522 1
523 3
524 3
525 1
526 0
527 1
528 1
529 0
530 1
531 1
532 0
533 0
534 1
535 0
536 2
537 1
538 1
539 1
540 1
541 1
542 1
543 1
544 1
545 0
546 0
547 0
548 2
549 1
550 4
551 2
552 1
553 0
554 1
555 0
556 0
557 1
558 2
559 0
560 0
561 0
562 0
563 0
564 0
565 0
566 0
567 0
568 0
569 0
570 0
571 0
572 0
573 0
574 0
575 0
576 0
577 0
578 0
579 0
580 0
581 0
582 1
583 0
584 0
585 0
586 0
587 0
588 0
589 0
590 1
591 1
592 1
593 1
594 0
595 0
596 2
597 0
598 0
599 0
600 0
601 0
602 1
603 0
604 1
605 0
606 0
607 0
608 1
609 1
610 1
611 0
612 0
613 1
614 1
615 1
616 1
617 1
618 1
619 1
620 1
621 1
622 1
623 1
624 1
625 0
626 1
627 2
628 0
629 0
630 0
631 0
632 0
633 0
634 0
635 0
636 0
637 0
638 0
639 0
640 0
641 0
642 0
643 0
644 0
645 0
646 0
647 1
648 1
649 0
650 0
651 1
652 0
653 0
654 0
655 0
656 0
657 0
658 0
659 0
660 0
661 0
662 2
663 0
664 0
665 2
666 1
667 1
668 0
669 0
670 0
671 0
672 0
673 0
674 1
675 1
676 1
677 1
678 1
679 1
680 2
681 1
682 2
683 1
684 1
685 2
686 1
687 1
688 2
689 0
690 0
691 1
692 0
693 0
694 0
695 0
696 0
697 0
698 1
699 0
700 0
701 0
702 1
703 1
704 0
705 0
706 1
707 1
708 3
709 2
710 2
711 0
712 1
713 0
714 2
715 0
716 1
717 1
718 0
719 1
720 1
721 1
722 1
723 1
724 0
725 0
726 1
727 0
728 0
729 0
730 2
731 0
732 1
733 1
734 0
735 1
736 2
737 1
738 0
739 1
740 1
741 0
742 2
743 2
744 0
745 1
746 1
747 1
748 1
749 3
750 1
751 1
752 1
753 2
754 1
755 0
756 1
757 0
758 0
759 1
760 1
761 2
762 0
763 1
764 1
765 1
766 1
767 1
768 1
769 1
770 2
771 0
772 2
773 1
774 1
775 0
776 2
777 1
778 1
779 1
780 0
781 0
782 0
783 0
784 1
785 0
786 0
787 1
788 1
789 1
790 1
791 1
792 3
793 1
794 0
795 2
796 2
797 1
798 1
799 0
800 1
801 0
802 1
803 1
804 1
805 1
806 1
807 0
808 1
809 0
810 1
811 2
812 0
813 1
814 2
815 0
816 1
817 0
818 1
819 1
820 0
821 0
822 0
823 0
824 0
825 0
826 0
827 0
828 0
829 0
830 0
831 0
832 0
833 0
834 0
835 0
836 0
837 0
838 0
839 0
840 0
841 0
842 0
843 2
844 1
845 1
846 1
847 3
848 0
849 1
850 1
851 0
852 0
853 0
854 1
855 0
856 0
857 0
858 0
859 0
860 0
861 1
862 0
863 0
864 1
865 1
866 1
867 0
868 1
869 1
870 0
871 1
872 1
873 0
874 0
875 0
876 0
877 0
878 0
879 2
880 1
881 0
882 0
883 3
884 1
885 1
886 1
887 1
888 5
889 2
890 1
891 3
892 0
893 0
894 0
895 0
896 0
897 0
898 0
899 0
900 0
901 1
902 3
903 1
904 1
905 2
906 1
907 3
908 1
909 1
910 2
911 3
912 3
913 0
914 1
915 1
916 2
917 3
918 3
919 1
920 1
921 1
922 1
923 1
924 3
925 2
926 1
927 2
928 1
929 0
930 0
931 0
932 0
933 0
934 0
935 0
936 0
937 0
938 0
939 2
940 1
941 1
942 1
943 2
944 0
945 1
946 1
947 1
948 0
949 0
950 1
951 1
952 0
953 0
954 0
955 0
956 0
957 0
958 0
959 0
960 0
961 0
962 0
963 0
964 0
965 0
966 0
967 0
968 0
969 0
970 0
971 0
972 0
973 0
974 0
975 2
976 1
977 0
978 0
979 0
980 1
981 2
982 2
983 1
984 1
985 0
986 0
987 0
988 0
989 1
990 1
991 1
992 1
993 1
994 1
995 2
996 2
997 1
998 3
999 1
1000 1
1001 2
1002 1
1003 0
1004 1
1005 1
1006 1
1007 1
1008 1
1009 1
1010 1
1011 1
1012 1
1013 1
1014 1
1015 1
1016 1
1017 1
1018 0
1019 0
1020 0
1021 0
1022 0
1023 0
1024 1
1025 0
1026 0
1027 0
1028 0
1029 0
1030 0
1031 0
1032 0
1033 0
1034 0
1035 0
1036 0
1037 0
1038 0
1039 0
1040 0
1041 0
1042 1
1043 1
1044 0
1045 0
1046 1
1047 0
1048 0
1049 0
1050 0
1051 0
1052 0
1053 0
1054 2
1055 0
1056 2
1057 1
1058 3
1059 2
1060 0
1061 3
1062 1
1063 2
1064 2
1065 3
1066 2
1067 1
1068 1
1069 2
1070 2
1071 0
1072 0
1073 0
1074 0
1075 0
1076 0
1077 1
1078 0
1079 0
1080 0
1081 0
1082 0
1083 0
1084 0
1085 0
1086 0
1087 0
1088 0
1089 0
1090 0
1091 0
1092 0
1093 3
1094 1
1095 1
1096 1
1097 1
1098 1
1099 0
1100 0
1101 0
1102 0
1103 0
1104 1
1105 1
1106 0
1107 0
1108 0
1109 0
1110 0
1111 0
1112 0
1113 0
1114 0
1115 0
1116 0
1117 0
1118 2
1119 2
1120 1
1121 1
1122 1
1123 0
1124 1
1125 0
1126 0
1127 2
1128 2
1129 2
1130 1
1131 2
1132 2
1133 1
1134 1
1135 1
1136 1
1137 2
1138 0
1139 2
1140 0
1141 0
1142 0
1143 0
1144 1
1145 0
1146 0
1147 0
1148 2
1149 1
1150 0
1151 2
1152 1
1153 1
1154 1
1155 0
1156 0
1157 1
1158 1
1159 1
1160 1
1161 1
1162 1
1163 2
1164 0
1165 1
1166 1
1167 1
1168 0
1169 1
1170 1
1171 0
1172 1
1173 1
1174 1
1175 0
1176 0
1177 1
1178 1
1179 1
1180 1
1181 1
1182 0
1183 1
1184 0
1185 1
1186 0
1187 0
1188 0
1189 0
1190 0
1191 0
1192 0
1193 0
1194 1
1195 1
1196 1
1197 4
1198 3
1199 2
1200 1
1201 1
1202 1
1203 1
1204 4
1205 1
1206 2
1207 3
1208 2
1209 3
1210 1
1211 1
1212 1
1213 1
1214 1
1215 1
1216 0
1217 0
1218 1
1219 0
1220 2
1221 2
1222 0
1223 0
1224 0
1225 1
1226 1
1227 0
1228 0
1229 1
1230 2
1231 2
1232 2
1233 1
1234 0
1235 2
1236 1
1237 1
1238 2
1239 2
1240 0
1241 1
1242 0
1243 1
1244 2
1245 1
1246 2
1247 0
1248 2
1249 0
1250 1
1251 1
1252 2
1253 1
1254 0
1255 0
1256 1
1257 1
1258 0
1259 1
1260 2
1261 2
1262 1
1263 0
1264 1
1265 1
1266 1
1267 1
1268 0
1269 0
1270 1
1271 1
1272 1
1273 2
1274 2
1275 1
1276 0
1277 0
1278 1
1279 1
1280 2
1281 3
1282 1
1283 0
1284 1
1285 1
1286 2
1287 3
1288 2
1289 1
1290 3
1291 3
1292 3
1293 4
1294 1
1295 1
1296 1
1297 2
1298 2
1299 5
1300 2
1301 2
1302 2
1303 2
1304 2
1305 2
1306 3
1307 4
1308 3
1309 2
1310 4
1311 2
1312 2
1313 3
1314 1
1315 2
1316 4
1317 4
1318 2
1319 2
1320 1
1321 2
1322 2
1323 2
1324 2
1325 2
1326 2
1327 1
1328 3
1329 3
1330 1
1331 2
1332 2
1333 1
1334 2
1335 2
1336 2
1337 3
1338 3
1339 3
1340 2
1341 3
1342 1
1343 1
1344 1
1345 2
1346 2
1347 0
1348 0
1349 0
1350 0
1351 0
1352 1
1353 1
1354 1
1355 1
1356 1
1357 3
1358 2
1359 3
1360 2
1361 1
1362 0
1363 2
1364 0
1365 0
1366 0
1367 0
1368 0
1369 0
1370 0
1371 0
1372 2
1373 0
1374 0
1375 3
1376 2
1377 2
1378 2
1379 2
1380 1
1381 1
1382 2
1383 2
1384 3
1385 2
1386 3
1387 2
1388 2
1389 1
1390 1
1391 2
1392 1
1393 1
1394 1
1395 0
1396 1
1397 0
1398 0
1399 1
1400 0
1401 1
1402 1
1403 2
1404 1
1405 1
1406 1
1407 1
1408 1
1409 2
1410 0
1411 1
1412 1
1413 2
1414 2
1415 0
1416 2
1417 1
1418 2
1419 1
1420 0
1421 1
1422 1
1423 0
1424 2
1425 1
1426 2
1427 0
1428 2
1429 2
1430 2
1431 1
1432 0
1433 1
1434 1
1435 1
1436 1
1437 1
1438 0
1439 2
1440 1
1441 2
1442 2
1443 1
1444 1
1445 1
1446 1
1447 1
1448 3
1449 1
1450 0
1451 1
1452 0
1453 2
1454 1
1455 1
1456 1
1457 1
1458 1
1459 1
1460 0
1461 2
1462 2
1463 1
1464 2
1465 1
1466 0
1467 1
1468 1
1469 1
1470 1
1471 1
1472 1
1473 2
1474 1
1475 3
1476 3
1477 1
1478 0
1479 0
1480 2
1481 1
1482 0
1483 1
1484 2
1485 0
1486 0
1487 0
1488 0
1489 0
1490 0
1491 0
1492 0
1493 0
1494 1
1495 1
1496 1
1497 0
1498 0
1499 0
1500 0
1501 1
1502 1
1503 1
1504 0
1505 0
1506 1
1507 2
1508 1
1509 1
1510 2
1511 1
1512 2
1513 1
1514 0
1515 2
1516 1
1517 1
1518 1
1519 1
1520 1
1521 2
1522 1
1523 2
1524 1
1525 2
1526 2
1527 1
1528 1
1529 1
1530 1
1531 0
1532 1
1533 2
1534 2
1535 2
1536 2
1537 1
1538 1
1539 1
1540 0
1541 0
1542 1
1543 1
1544 2
1545 1
1546 2
1547 0
1548 0
1549 0
1550 1
1551 1
1552 1
1553 1
1554 1
1555 0
1556 0
1557 1
1558 2
1559 1
1560 0
1561 0
1562 0
1563 0
1564 0
1565 1
1566 2
1567 2
1568 1
1569 2
1570 1
1571 1
1572 1
1573 2
1574 0
1575 1
1576 1
1577 1
1578 0
1579 0
1580 1
1581 0
1582 2
1583 1
1584 0
1585 2
1586 1
1587 1
1588 0
1589 1
1590 2
1591 0
1592 0
1593 1
1594 1
1595 3
1596 1
1597 1
1598 0
1599 1
1600 0
1601 1
1602 1
1603 1
1604 0
1605 0
1606 2
1607 1
1608 0
1609 0
1610 1
1611 1
1612 1
1613 2
1614 1
1615 2
1616 1
1617 3
1618 2
1619 1
1620 2
1621 2
1622 2
1623 1
1624 0
1625 0
1626 1
1627 1
1628 0
1629 2
1630 1
1631 4
1632 2
1633 0
1634 0
1635 0
1636 1
1637 0
1638 0
1639 0
1640 0
1641 0
1642 1
1643 3
1644 1
1645 1
1646 2
1647 3
1648 1
1649 2
1650 1
1651 0
1652 0
1653 1
1654 0
1655 0
1656 0
1657 0
1658 2
1659 1
1660 1
1661 1
1662 1
1663 2
1664 1
1665 1
1666 0
1667 2
1668 2
1669 0
1670 1
1671 0
1672 0
1673 2
1674 2
1675 0
1676 0
1677 0
1678 0
1679 0
1680 0
1681 0
1682 0
1683 0
1684 0
1685 2
1686 0
1687 0
1688 2
1689 0
1690 0
1691 0
1692 3
1693 2
1694 1
1695 0
1696 3
1697 2
1698 3
1699 2
1700 2
1701 3
1702 0
1703 2
1704 2
1705 0
1706 0
1707 0
1708 0
1709 0
1710 0
1711 0
1712 0
1713 0
1714 0
1715 0
1716 0
1717 0
1718 0
1719 0
1720 0
1721 0
1722 0
1723 0
1724 0
1725 0
1726 0
1727 0
1728 0
1729 0
1730 0
1731 0
1732 0
1733 0
1734 0
1735 0
1736 0
1737 0
1738 0
1739 0
1740 0
1741 0
1742 0
1743 0
1744 0
1745 0
1746 0
1747 0
1748 0
1749 0
1750 0
1751 0
1752 0
1753 0
1754 0
1755 0
1756 0
1757 0
1758 0
1759 0
1760 0
1761 0
1762 0
1763 0
1764 0
1765 0
1766 0
1767 0
1768 0
1769 0
1770 0
1771 0
1772 0
1773 0
1774 0
1775 0
1776 0
1777 0
1778 0
1779 0
1780 0
1781 0
1782 0
1783 0
1784 0
1785 0
1786 0
1787 0
1788 0
1789 0
1790 0
1791 0
1792 0
1793 0
1794 0
1795 0
1796 0
1797 0
1798 0
1799 0
1800 0
1801 0
1802 0
1803 0
1804 0
1805 0
1806 0
1807 0
1808 0
1809 0
1810 0
1811 1
1812 0
1813 0
1814 0
1815 0
1816 0
1817 0
1818 0
1819 0
1820 0
1821 0
1822 0
1823 0
1824 0
1825 0
1826 0
1827 0
1828 0
1829 0
1830 0
1831 0
1832 0
1833 0
1834 0
1835 0
1836 0
1837 0
1838 0
1839 0
1840 0
1841 0
1842 0
1843 0
1844 0
1845 0
1846 0
1847 0
1848 0
1849 0
1850 0
1851 0
1852 0
1853 0
1854 0
1855 0
1856 0
1857 0
1858 0
1859 0
1860 0
1861 0
1862 0
1863 0
1864 0
1865 0
1866 0
1867 0
1868 0
1869 0
1870 0
1871 0
1872 0
1873 0
1874 0
1875 0
1876 0
1877 0
1878 0
1879 0
1880 0
1881 0
1882 0
1883 0
1884 0
1885 0
1886 0
1887 0
1888 0
1889 0
1890 0
1891 0
1892 0
1893 0
1894 0
1895 0
1896 0
1897 0
1898 0
1899 0
1900 0
1901 0
1902 0
1903 0
1904 0
1905 0
1906 0
1907 0
1908 0
1909 0
1910 0
1911 0
1912 0
1913 0
1914 0
1915 0
1916 0
1917 0
1918 0
1919 0
1920 0
1921 0
1922 0
1923 0
1924 0
1925 0
1926 0
1927 0
1928 0
1929 0
1930 0
1931 0
1932 0
1933 0
1934 0
1935 0
1936 0
1937 0
1938 0
1939 0
1940 0
1941 0
1942 0
1943 0
1944 0
1945 0
1946 0
1947 0
1948 0
1949 0
1950 0
1951 0
1952 0
1953 0
1954 0
1955 0
1956 0
1957 0
1958 0
1959 0
1960 0
1961 0
1962 0
1963 0
1964 0
1965 0
1966 0
1967 0
1968 0
1969 0
1970 0
1971 0
1972 0
1973 0
1974 0
1975 0
1976 0
1977 0
1978 0
1979 0
1980 0
1981 0
1982 0
1983 0
1984 0
1985 0
1986 0
1987 0
1988 0
1989 0
1990 0
1991 0
1992 0
1993 0
1994 0
1995 0
1996 0
1997 0
1998 0
1999 0
