0 2
1 2
2 0
3 2
4 2
5 1
6 1
7 1
8 1
9 0
10 1
11 1
12 1
13 2
14 2
15 1
16 1
17 1
18 1
19 1
20 1
21 1
22 0
23 2
24 1
25 1
26 1
27 1
28 1
29 2
30 1
31 2
32 1
33 1
34 2
35 1
36 1
37 1
38 2
39 2
40 2
41 1
42 2
43 1
44 1
45 1
46 1
47 1
48 2
49 3
50 1
51 1
52 1
53 1
54 2
55 1
56 2
57 2
58 3
59 2
60 0
61 2
62 2
63 2
64 1
65 2
66 0
67 2
68 0
69 2
70 1
71 1
72 0
73 1
74 1
75 2
76 1
77 3
78 3
79 2
80 2
81 2
82 2
83 2
84 2
85 2
86 2
87 2
88 0
89 1
90 0
91 1
92 2
93 1
94 1
95 0
96 1
97 1
98 0
99 2
100 2
101 2
102 0
103 1
104 1
105 1
106 0
107 1
108 1
109 1
110 1
111 0
112 1
113 1
114 1
115 0
116 0
117 0
118 0
119 0
120 0
121 0
122 0
123 0
124 0
125 0
126 0
127 0
128 0
129 0
130 0
131 0
132 0
133 0
134 0
135 0
136 0
137 0
138 0
139 0
140 0
141 0
142 0
143 0
144 0
145 0
146 1
147 0
148 0
149 0
150 1
151 0
152 2
153 3
154 0
155 2
156 0
157 1
158 0
159 0
160 0
161 0
162 0
163 0
164 0
165 0
166 1
167 1
168 1
169 0
170 2
171 1
172 0
173 0
174 0
175 0
176 1
177 3
178 1
179 2
180 2
181 2
182 1
183 1
184 3
185 1
186 2
187 1
188 0
189 1
190 0
191 0
192 1
193 2
194 1
195 3
196 2
197 0
198 3
199 2
200 0
201 1
202 2
203 2
204 0
205 0
206 0
207 0
208 0
209 1
210 0
211 1
212 1
213 2
214 0
215 1
216 0
217 0
218 0
219 0
220 0
221 0
222 0
223 0
224 1
225 2
226 3
227 0
228 0
229 3
230 3
231 2
232 3
233 3
234 1
235 1
236 2
237 1
238 3
239 2
240 1
241 1
242 2
243 1
244 2
245 1
246 2
247 2
248 2
249 2
250 2
251 2
252 2
253 1
254 3
255 1
256 1
257 0
258 1
259 2
260 1
261 1
262 0
263 0
264 0
265 0
266 0
267 0
268 0
269 0
270 0
271 0
272 0
273 0
274 0
275 0
276 0
277 0
278 0
279 0
280 0
281 0
282 0
283 0
284 0
285 0
286 0
287 0
288 1
289 1
290 0
291 1
292 0
293 0
294 1
295 0
296 0
297 0
298 1
299 0
300 0
301 0
302 0
303 0
304 1
305 1
306 0
307 0
308 0
309 0
310 0
311 1
312 0
313 0
314 0
315 0
316 0
317 0
318 1
319 0
320 0
321 0
322 0
323 0
324 0
325 0
326 0
327 0
328 0
329 0
330 0
331 0
332 0
333 0
334 0
335 0
336 0
337 0
338 0
339 0
340 0
341 0
342 0
343 0
344 0
345 0
346 0
347 0
348 0
349 0
350 0
351 0
352 0
353 0
354 0
355 0
356 0
357 0
358 0
359 0
360 0
361 0
362 0
363 0
364 0
365 0
366 0
367 0
368 0
369 0
370 0
371 0
372 0
373 0
374 0
375 0
376 0
377 0
378 0
379 0
380 0
381 0
382 0
383 0
384 0
385 0
386 0
387 0
388 0
389 0
390 0
391 0
392 0
393 0
394 0
395 0
396 0
397 0
398 0
399 0
400 0
401 0
402 0
403 0
404 0
405 0
406 0
407 0
408 0
409 0
410 0
411 0
412 0
413 0
414 0
415 0
416 0
417 0
418 0
419 0
420 0
421 0
422 0
423 0
424 0
425 0
426 0
427 0
428 0
429 0
430 0
431 0
432 0
433 0
434 0
435 0
436 0
437 0
438 0
439 0
440 0
441 0
442 0
443 0
444 0
445 0
446 0
447 0
448 0
449 0
450 0
451 0
452 0
453 0
454 0
455 0
456 0
457 0
458 0
459 0
460 0
461 0
462 0
463 1
464 1
465 0
466 1
467 0
468 0
469 0
470 0
471 0
472 0
473 0
474 0
475 0
476 0
477 0
478 0
479 1
480 0
481 1
482 0
483 0
484 1
485 0
486 0
487 0
488 1
489 0
490 0
491 0
492 0
493 0
494 0
495 0
496 0
497 1
498 0
499 0
500 0
501 1
502 1
503 0
504 1
505 0
506 0
507 1
508 0
509 0
510 0
511 0
512 0
513 0
514 1
515 0
516 0
517 0
518 0
519 0
520 1
521 0
522 0
523 0
524 1
525 1
526 0
527 0
528 0
529 0
530 0
531 0
532 0
533 0
534 0
535 0
536 0
537 0
538 0
539 0
540 0
541 1
542 1
543 1
544 1
545 1
546 1
547 0
548 1
549 2
550 2
551 1
552 2
553 1
554 1
555 1
556 0
557 1
558 1
559 1
560 1
561 1
562 1
563 1
564 2
565 2
566 0
567 2
568 1
569 1
570 3
571 1
572 1
573 2
574 1
575 2
576 1
577 1
578 1
579 1
580 1
581 1
582 1
583 0
584 0
585 0
586 0
587 0
588 0
589 0
590 0
591 0
592 0
593 0
594 0
595 0
596 0
597 0
598 0
599 0
600 1
601 0
602 0
603 0
604 0
605 0
606 0
607 0
608 0
609 1
610 0
611 0
612 0
613 0
614 0
615 0
616 0
617 0
618 0
619 0
620 0
621 0
622 0
623 0
624 0
625 0
626 0
627 0
628 0
629 0
630 0
631 0
632 0
633 0
634 0
635 0
636 1
637 0
638 0
639 0
640 0
641 0
642 0
643 0
644 0
645 0
646 0
647 0
648 0
649 0
650 0
651 0
652 0
653 0
654 0
655 0
656 0
657 0
658 0
659 0
660 0
661 0
662 0
663 0
664 0
665 0
666 0
667 0
668 0
669 0
670 0
671 0
672 0
673 0
674 0
675 2
676 0
677 1
678 2
679 1
680 0
681 3
682 0
683 0
684 0
685 0
686 0
687 0
688 0
689 0
690 0
691 0
692 0
693 0
694 0
695 0
696 0
697 1
698 0
699 0
700 0
701 0
702 0
703 0
704 0
705 0
706 0
707 0
708 1
709 0
710 0
711 1
712 0
713 0
714 0
715 0
716 0
717 0
718 0
719 0
720 1
721 0
722 0
723 0
724 0
725 0
726 0
727 0
728 0
729 1
730 0
731 0
732 0
733 0
734 0
735 0
736 0
737 0
738 0
739 0
740 0
741 0
742 0
743 0
744 0
745 0
746 0
747 0
748 0
749 0
750 0
751 0
752 0
753 0
754 0
755 0
756 0
757 0
758 0
759 0
760 0
761 0
762 0
763 0
764 0
765 0
766 0
767 0
768 0
769 0
770 0
771 0
772 0
773 0
774 1
775 0
776 0
777 0
778 0
779 0
780 0
781 0
782 0
783 0
784 0
785 0
786 0
787 1
788 0
789 0
790 0
791 0
792 0
793 0
794 0
795 0
796 0
797 0
798 0
799 0
800 0
801 0
802 0
803 0
804 0
805 0
806 0
807 0
808 0
809 0
810 0
811 0
812 0
813 0
814 0
815 0
816 0
817 1
818 0
819 0
820 0
821 1
822 0
823 0
824 0
825 0
826 0
827 0
828 0
829 0
830 0
831 0
832 0
833 0
834 0
835 0
836 0
837 0
838 0
839 0
840 0
841 0
842 0
843 0
844 0
845 0
846 0
847 0
848 0
849 0
850 0
851 0
852 1
853 0
854 0
855 1
856 0
857 0
858 0
859 0
860 0
861 0
862 1
863 0
864 0
865 0
866 0
867 0
868 0
869 0
870 0
871 0
872 0
873 1
874 1
875 0
876 0
877 0
878 0
879 0
880 0
881 0
882 0
883 0
884 0
885 0
886 0
887 0
888 0
889 0
890 0
891 0
892 0
893 0
894 0
895 0
896 0
897 0
898 0
899 0
900 0
901 0
902 0
903 0
904 0
905 0
906 0
907 0
908 0
909 0
910 0
911 0
912 1
913 0
914 0
915 0
916 0
917 0
918 0
919 0
920 0
921 0
922 0
923 0
924 0
925 0
926 0
927 0
928 1
929 0
930 0
931 0
932 0
933 0
934 0
935 0
936 0
937 0
938 0
939 0
940 0
941 0
942 0
943 0
944 0
945 0
946 0
947 0
948 0
949 0
950 0
951 0
952 0
953 0
954 0
955 0
956 0
957 0
958 0
959 0
960 0
961 0
962 0
963 0
964 0
965 0
966 0
967 1
968 0
969 0
970 0
971 0
972 0
973 0
974 0
975 0
976 1
977 0
978 0
979 0
980 0
981 0
982 0
983 0
984 0
985 0
986 0
987 0
988 0
989 0
990 1
991 0
992 0
993 0
994 0
995 1
996 1
997 1
998 2
999 2
1000 1
1001 0
1002 1
1003 0
1004 1
1005 0
1006 0
1007 0
1008 0
1009 0
1010 0
1011 0
1012 0
1013 0
1014 0
1015 0
1016 0
1017 0
1018 0
1019 0
1020 0
1021 0
1022 0
1023 0
1024 0
1025 0
1026 1
1027 0
1028 0
1029 0
1030 0
1031 1
1032 0
1033 0
1034 0
1035 0
1036 0
1037 0
1038 0
1039 0
1040 0
1041 0
1042 1
1043 0
1044 0
1045 0
1046 0
1047 1
1048 0
1049 0
1050 0
1051 0
1052 0
1053 0
1054 0
1055 0
1056 1
1057 1
1058 1
1059 1
1060 1
1061 1
1062 1
1063 1
1064 1
1065 1
1066 2
1067 1
1068 2
1069 2
1070 1
1071 1
1072 1
1073 0
1074 1
1075 1
1076 1
1077 2
1078 2
1079 2
1080 1
1081 1
1082 1
1083 1
1084 1
1085 0
1086 1
1087 1
1088 2
1089 1
1090 1
1091 1
1092 1
1093 1
1094 0
1095 2
1096 0
1097 1
1098 2
1099 0
1100 1
1101 0
1102 0
1103 0
1104 0
1105 0
1106 0
1107 2
1108 2
1109 1
1110 2
1111 2
1112 0
1113 0
1114 0
1115 0
1116 0
1117 0
1118 0
1119 0
1120 0
1121 0
1122 0
1123 0
1124 0
1125 0
1126 0
1127 0
1128 1
1129 0
1130 0
1131 0
1132 3
1133 2
1134 1
1135 1
1136 1
1137 1
1138 1
1139 0
1140 1
1141 1
1142 1
1143 2
1144 2
1145 3
1146 2
1147 2
1148 2
1149 2
1150 0
1151 1
1152 2
1153 0
1154 2
1155 1
1156 1
1157 1
1158 1
1159 1
1160 0
1161 1
1162 1
1163 1
1164 0
1165 1
1166 0
1167 1
1168 1
1169 0
1170 1
1171 1
1172 0
1173 0
1174 1
1175 1
1176 1
1177 1
1178 1
1179 1
1180 1
1181 0
1182 1
1183 1
1184 2
1185 0
1186 1
1187 0
1188 1
1189 0
1190 1
1191 2
1192 2
1193 2
1194 1
1195 1
1196 2
1197 2
1198 0
1199 1
1200 2
1201 2
1202 3
1203 2
1204 2
1205 1
1206 2
1207 3
1208 3
1209 4
1210 4
1211 3
1212 2
1213 3
1214 1
1215 3
1216 2
1217 1
1218 2
1219 3
1220 1
1221 2
1222 4
1223 2
1224 1
1225 1
1226 1
1227 0
1228 4
1229 1
1230 2
1231 1
1232 1
1233 1
1234 1
1235 2
1236 1
1237 1
1238 1
1239 0
1240 2
1241 1
1242 1
1243 0
1244 1
1245 0
1246 1
1247 2
1248 1
1249 1
1250 2
1251 1
1252 3
1253 1
1254 1
1255 0
1256 0
1257 2
1258 1
1259 1
1260 2
1261 3
1262 1
1263 1
1264 1
1265 2
1266 1
1267 2
1268 0
1269 0
1270 2
1271 3
1272 1
1273 1
1274 2
1275 0
1276 1
1277 1
1278 1
1279 1
1280 1
1281 2
1282 2
1283 2
1284 2
1285 1
1286 1
1287 1
1288 1
1289 2
1290 1
1291 1
1292 2
1293 1
1294 1
1295 0
1296 0
1297 0
1298 0
1299 0
1300 0
1301 1
1302 2
1303 2
1304 3
1305 2
1306 1
1307 0
1308 2
1309 1
1310 3
1311 2
1312 0
1313 1
1314 0
1315 2
1316 2
1317 2
1318 3
1319 2
1320 1
1321 3
1322 3
1323 2
1324 0
1325 1
1326 0
1327 1
1328 3
1329 0
1330 0
1331 3
1332 1
1333 2
1334 1
1335 0
1336 0
1337 2
1338 0
1339 1
1340 0
1341 2
1342 0
1343 2
1344 2
1345 1
1346 2
1347 0
1348 0
1349 1
1350 1
1351 0
1352 1
1353 1
1354 1
1355 1
1356 1
1357 2
1358 1
1359 1
1360 0
1361 1
1362 2
1363 1
1364 3
1365 3
1366 2
1367 1
1368 1
1369 2
1370 1
1371 1
1372 2
1373 2
1374 2
1375 0
1376 0
1377 3
1378 3
1379 3
1380 3
1381 1
1382 3
1383 2
1384 3
1385 3
1386 1
1387 1
1388 2
1389 1
1390 1
1391 1
1392 1
1393 2
1394 2
1395 1
1396 1
1397 1
1398 2
1399 2
1400 1
1401 1
1402 1
1403 2
1404 2
1405 1
1406 2
1407 2
1408 0
1409 4
1410 0
1411 0
1412 3
1413 1
1414 2
1415 2
1416 2
1417 2
1418 0
1419 1
1420 1
1421 1
1422 1
1423 1
1424 1
1425 1
1426 1
1427 1
1428 1
1429 0
1430 2
1431 1
1432 1
1433 0
1434 1
1435 1
1436 1
1437 1
1438 1
1439 1
1440 1
1441 2
1442 3
1443 1
1444 3
1445 1
1446 2
1447 2
1448 1
1449 2
1450 0
1451 2
1452 0
1453 2
1454 1
1455 2
1456 0
1457 1
1458 0
1459 2
1460 2
1461 2
1462 2
1463 2
1464 2
1465 1
1466 0
1467 1
1468 2
1469 2
1470 2
1471 2
1472 1
1473 1
1474 1
1475 2
1476 2
1477 1
1478 1
1479 2
1480 2
1481 2
1482 1
1483 1
1484 1
1485 3
1486 1
1487 0
1488 1
1489 1
1490 1
1491 0
1492 1
1493 1
1494 1
1495 3
1496 2
1497 2
1498 1
1499 2
1500 0
1501 1
1502 0
1503 2
1504 2
1505 0
1506 2
1507 1
1508 1
1509 1
1510 1
1511 1
1512 0
1513 1
1514 1
1515 1
1516 1
1517 1
1518 0
1519 2
1520 0
1521 2
1522 0
1523 2
1524 4
1525 1
1526 1
1527 2
1528 2
1529 2
1530 1
1531 3
1532 1
1533 2
1534 1
1535 1
1536 0
1537 2
1538 0
1539 1
1540 3
1541 1
1542 2
1543 1
1544 1
1545 0
1546 2
1547 2
1548 2
1549 1
1550 1
1551 1
1552 1
1553 0
1554 1
1555 1
1556 1
1557 3
1558 2
1559 0
1560 2
1561 2
1562 2
1563 2
1564 1
1565 1
1566 0
1567 1
1568 2
1569 2
1570 2
1571 2
1572 2
1573 1
1574 1
1575 0
1576 1
1577 1
1578 1
1579 1
1580 2
1581 2
1582 1
1583 0
1584 1
1585 2
1586 2
1587 1
1588 3
1589 0
1590 0
1591 1
1592 1
1593 1
1594 1
1595 1
1596 1
1597 2
1598 1
1599 2
1600 1
1601 1
1602 2
1603 1
1604 2
1605 1
1606 0
1607 1
1608 2
1609 1
1610 1
1611 1
1612 2
1613 2
1614 0
1615 2
1616 3
1617 2
1618 0
1619 1
1620 0
1621 2
1622 2
1623 0
1624 2
1625 1
1626 0
1627 1
1628 3
1629 0
1630 1
1631 1
1632 0
1633 2
1634 3
1635 2
1636 1
1637 0
1638 0
1639 1
1640 2
1641 4
1642 1
1643 2
1644 2
1645 2
1646 1
1647 3
1648 0
1649 1
1650 2
1651 2
1652 0
1653 1
1654 1
1655 1
1656 2
1657 1
1658 2
1659 1
1660 1
1661 1
1662 1
1663 1
1664 2
1665 1
1666 0
1667 1
1668 1
1669 1
1670 0
1671 1
1672 2
1673 1
1674 3
1675 2
1676 1
1677 2
1678 2
1679 1
1680 1
1681 3
1682 1
1683 2
1684 2
1685 3
1686 2
1687 2
1688 2
1689 2
1690 2
1691 2
1692 2
1693 1
1694 2
1695 2
1696 2
1697 2
1698 2
1699 2
1700 2
1701 2
1702 1
1703 2
1704 2
1705 3
1706 2
1707 1
1708 1
1709 0
1710 1
1711 1
1712 1
1713 1
1714 1
1715 1
1716 2
1717 1
1718 1
1719 1
1720 1
1721 1
1722 0
1723 1
1724 2
1725 1
1726 1
1727 1
1728 2
1729 2
1730 1
1731 2
1732 2
1733 2
1734 0
1735 1
1736 2
1737 2
1738 2
1739 1
1740 2
1741 0
1742 1
1743 1
1744 0
1745 2
1746 1
1747 2
1748 1
1749 3
1750 2
1751 2
1752 1
1753 2
1754 1
1755 1
1756 2
1757 2
1758 2
1759 2
1760 2
1761 1
1762 2
1763 2
1764 2
1765 4
1766 3
1767 2
1768 1
1769 3
1770 1
1771 1
1772 2
1773 2
1774 2
1775 2
1776 1
1777 2
1778 2
1779 2
1780 2
1781 2
1782 2
1783 3
1784 2
1785 2
1786 2
1787 1
1788 1
1789 1
1790 1
1791 2
1792 2
1793 1
1794 2
1795 1
1796 2
1797 1
1798 2
1799 3
1800 3
1801 1
1802 2
1803 1
1804 2
1805 2
1806 1
1807 0
1808 0
1809 0
1810 1
1811 1
1812 2
1813 4
1814 3
1815 3
1816 2
1817 2
1818 0
1819 1
1820 2
1821 1
1822 0
1823 3
1824 2
1825 2
1826 0
1827 2
1828 1
1829 4
1830 2
1831 2
1832 2
1833 2
1834 2
1835 1
1836 1
1837 1
1838 1
1839 1
1840 1
1841 0
1842 1
1843 1
1844 0
1845 0
1846 3
1847 4
1848 0
1849 2
1850 1
1851 1
1852 3
1853 3
1854 1
1855 3
1856 1
1857 1
1858 1
1859 1
1860 1
1861 1
1862 0
1863 0
1864 1
1865 0
1866 2
1867 1
1868 1
1869 1
1870 1
1871 1
1872 1
1873 3
1874 2
1875 1
1876 2
1877 1
1878 2
1879 3
1880 2
1881 1
1882 1
1883 4
1884 3
1885 5
1886 3
1887 3
1888 2
1889 2
1890 1
1891 4
1892 5
1893 1
1894 2
1895 1
1896 2
1897 3
1898 3
1899 2
1900 1
1901 2
1902 2
1903 3
1904 4
1905 2
1906 1
1907 1
1908 2
1909 0
1910 1
1911 1
1912 0
1913 0
1914 2
1915 2
1916 0
1917 1
1918 1
1919 1
1920 1
1921 0
1922 1
1923 1
1924 1
1925 0
1926 0
1927 1
1928 1
1929 2
1930 1
1931 1
1932 1
1933 1
1934 0
1935 1
1936 1
1937 1
1938 1
1939 1
1940 1
1941 1
1942 1
1943 1
1944 1
1945 1
1946 1
1947 1
1948 0
1949 1
1950 1
1951 1
1952 1
1953 1
1954 0
1955 1
1956 1
1957 0
1958 0
1959 0
1960 0
1961 1
1962 1
1963 1
1964 1
1965 1
1966 1
1967 0
1968 1
1969 2
1970 2
1971 1
1972 1
1973 1
1974 3
1975 3
1976 2
1977 2
1978 2
1979 2
1980 4
1981 2
1982 2
1983 3
1984 1
1985 4
1986 1
1987 2
1988 3
1989 3
1990 3
1991 4
1992 3
1993 3
1994 1
1995 2
1996 3
1997 1
1998 1
1999 4
