0 0
1 0
2 1
3 1
4 2
5 0
6 1
7 1
8 1
9 0
10 1
11 0
12 1
13 0
14 0
15 1
16 0
17 1
18 0
19 0
20 0
21 1
22 1
23 0
24 1
25 0
26 1
27 1
28 0
29 1
30 1
31 1
32 1
33 0
34 0
35 1
36 1
37 0
38 2
39 2
40 0
41 1
42 0
43 0
44 1
45 0
46 0
47 1
48 1
49 3
50 0
51 1
52 0
53 0
54 0
55 1
56 0
57 0
58 1
59 0
60 1
61 1
62 2
63 1
64 0
65 0
66 1
67 0
68 0
69 1
70 2
71 1
72 0
73 0
74 1
75 1
76 0
77 1
78 0
79 1
80 1
81 0
82 1
83 1
84 0
85 1
86 1
87 1
88 0
89 0
90 1
91 0
92 2
93 0
94 1
95 0
96 0
97 0
98 1
99 1
100 0
101 0
102 0
103 0
104 1
105 0
106 1
107 1
108 2
109 1
110 2
111 1
112 1
113 1
114 0
115 1
116 0
117 1
118 1
119 1
120 1
121 1
122 1
123 1
124 0
125 0
126 1
127 0
128 1
129 3
130 1
131 2
132 0
133 0
134 1
135 0
136 1
137 1
138 2
139 1
140 1
141 0
142 1
143 1
144 1
145 1
146 1
147 2
148 1
149 1
150 2
151 1
152 0
153 1
154 0
155 1
156 0
157 1
158 0
159 1
160 1
161 1
162 1
163 0
164 2
165 1
166 1
167 1
168 1
169 1
170 1
171 1
172 1
173 2
174 1
175 1
176 1
177 1
178 0
179 0
180 1
181 1
182 2
183 0
184 1
185 1
186 1
187 1
188 1
189 1
190 2
191 1
192 1
193 0
194 1
195 1
196 0
197 0
198 1
199 0
200 3
201 0
202 1
203 1
204 1
205 2
206 0
207 1
208 1
209 1
210 0
211 2
212 1
213 1
214 2
215 2
216 1
217 0
218 0
219 1
220 0
221 1
222 0
223 0
224 0
225 0
226 1
227 1
228 1
229 1
230 3
231 1
232 2
233 3
234 1
235 0
236 1
237 1
238 1
239 1
240 1
241 1
242 1
243 2
244 2
245 1
246 2
247 1
248 0
249 1
250 1
251 1
252 1
253 1
254 1
255 1
256 2
257 1
258 1
259 1
260 1
261 2
262 2
263 1
264 0
265 2
266 1
267 1
268 1
269 1
270 1
271 1
272 0
273 2
274 2
275 0
276 1
277 1
278 0
279 0
280 1
281 1
282 2
283 1
284 1
285 1
286 0
287 0
288 1
289 0
290 0
291 0
292 1
293 1
294 1
295 2
296 1
297 1
298 0
299 0
300 0
301 0
302 1
303 1
304 1
305 3
306 0
307 1
308 1
309 0
310 1
311 0
312 2
313 1
314 2
315 1
316 1
317 0
318 1
319 2
320 1
321 2
322 1
323 1
324 1
325 1
326 2
327 0
328 1
329 1
330 1
331 0
332 1
333 1
334 2
335 1
336 1
337 0
338 1
339 0
340 0
341 1
342 1
343 2
344 1
345 1
346 1
347 1
348 0
349 1
350 1
351 0
352 1
353 2
354 0
355 1
356 1
357 1
358 1
359 1
360 1
361 1
362 1
363 1
364 1
365 1
366 1
367 1
368 1
369 0
370 0
371 2
372 3
373 2
374 1
375 1
376 1
377 2
378 0
379 1
380 0
381 3
382 2
383 1
384 1
385 2
386 0
387 1
388 2
389 1
390 2
391 0
392 2
393 1
394 2
395 1
396 0
397 1
398 1
399 1
400 0
401 0
402 1
403 1
404 0
405 1
406 1
407 1
408 1
409 0
410 2
411 1
412 1
413 1
414 1
415 1
416 1
417 1
418 1
419 1
420 0
421 1
422 2
423 1
424 1
425 1
426 1
427 2
428 0
429 0
430 1
431 1
432 2
433 1
434 2
435 0
436 1
437 1
438 1
439 2
440 0
441 2
442 1
443 1
444 1
445 1
446 1
447 1
448 1
449 1
450 1
451 0
452 1
453 1
454 2
455 2
456 1
457 1
458 1
459 1
460 1
461 1
462 1
463 1
464 1
465 1
466 0
467 1
468 1
469 3
470 1
471 1
472 1
473 0
474 0
475 0
476 1
477 1
478 1
479 0
480 1
481 1
482 1
483 1
484 1
485 1
486 1
487 2
488 1
489 0
490 1
491 1
492 1
493 0
494 1
495 1
496 1
497 1
498 2
499 2
500 0
501 1
502 1
503 1
504 2
505 2
506 2
507 1
508 2
509 1
510 1
511 1
512 1
513 1
514 1
515 1
516 0
517 1
518 1
519 1
520 1
521 1
522 2
523 0
524 1
525 0
526 1
527 1
528 2
529 0
530 0
531 1
532 2
533 0
534 1
535 0
536 2
537 1
538 1
539 2
540 1
541 1
542 1
543 1
544 1
545 1
546 1
547 1
548 0
549 1
550 2
551 1
552 0
553 0
554 1
555 1
556 1
557 3
558 0
559 1
560 1
561 2
562 1
563 2
564 1
565 1
566 1
567 1
568 1
569 2
570 1
571 1
572 1
573 1
574 1
575 1
576 0
577 2
578 2
579 1
580 2
581 0
582 1
583 1
584 1
585 0
586 2
587 1
588 0
589 1
590 1
591 3
592 2
593 1
594 1
595 0
596 1
597 1
598 3
599 1
600 1
601 1
602 1
603 2
604 0
605 1
606 0
607 1
608 1
609 3
610 1
611 1
612 0
613 1
614 0
615 1
616 1
617 3
618 1
619 2
620 0
621 2
622 1
623 0
624 1
625 0
626 1
627 1
628 1
629 0
630 1
631 1
632 1
633 1
634 0
635 1
636 0
637 1
638 1
639 1
640 2
641 1
642 1
643 2
644 2
645 1
646 1
647 1
648 2
649 1
650 0
651 1
652 1
653 1
654 1
655 1
656 1
657 1
658 1
659 0
660 1
661 1
662 1
663 0
664 1
665 0
666 1
667 0
668 0
669 0
670 1
671 1
672 2
673 2
674 1
675 0
676 0
677 1
678 0
679 0
680 1
681 0
682 1
683 1
684 1
685 2
686 1
687 1
688 1
689 1
690 1
691 2
692 2
693 0
694 2
695 1
696 1
697 1
698 1
699 1
700 2
701 0
702 0
703 2
704 1
705 1
706 0
707 1
708 1
709 0
710 1
711 2
712 1
713 1
714 1
715 2
716 1
717 1
718 0
719 1
720 0
721 1
722 0
723 1
724 2
725 2
726 0
727 2
728 2
729 1
730 1
731 1
732 0
733 0
734 0
735 1
736 0
737 2
738 0
739 0
740 1
741 2
742 1
743 2
744 1
745 0
746 1
747 1
748 1
749 3
750 2
751 0
752 2
753 1
754 1
755 2
756 0
757 2
758 3
759 2
760 1
761 1
762 1
763 1
764 2
765 0
766 2
767 2
768 1
769 2
770 1
771 1
772 1
773 1
774 0
775 1
776 2
777 0
778 1
779 2
780 0
781 1
782 1
783 2
784 2
785 1
786 1
787 0
788 0
789 2
790 1
791 1
792 2
793 2
794 0
795 1
796 1
797 1
798 1
799 1
800 1
801 0
802 1
803 0
804 1
805 1
806 1
807 1
808 0
809 1
810 0
811 1
812 1
813 0
814 0
815 1
816 0
817 0
818 0
819 1
820 2
821 1
822 0
823 1
824 2
825 1
826 2
827 0
828 2
829 2
830 2
831 1
832 0
833 1
834 1
835 0
836 1
837 0
838 0
839 0
840 0
841 1
842 1
843 1
844 1
845 0
846 2
847 1
848 1
849 2
850 1
851 1
852 1
853 1
854 3
855 0
856 2
857 1
858 1
859 2
860 2
861 2
862 2
863 2
864 2
865 2
866 1
867 1
868 1
869 1
870 1
871 0
872 0
873 3
874 2
875 1
876 1
877 2
878 1
879 3
880 2
881 1
882 1
883 0
884 1
885 0
886 2
887 1
888 1
889 1
890 2
891 1
892 1
893 1
894 0
895 1
896 1
897 1
898 1
899 1
900 2
901 1
902 2
903 2
904 1
905 0
906 1
907 2
908 0
909 1
910 2
911 3
912 2
913 0
914 1
915 1
916 2
917 0
918 2
919 1
920 3
921 1
922 2
923 1
924 2
925 1
926 1
927 1
928 0
929 1
930 1
931 1
932 2
933 1
934 1
935 2
936 0
937 1
938 1
939 1
940 1
941 2
942 2
943 1
944 0
945 0
946 3
947 2
948 1
949 0
950 0
951 0
952 1
953 1
954 2
955 3
956 0
957 0
958 2
959 3
960 0
961 1
962 1
963 1
964 1
965 0
966 2
967 1
968 1
969 0
970 2
971 1
972 1
973 1
974 0
975 1
976 0
977 1
978 0
979 1
980 3
981 0
982 0
983 1
984 2
985 1
986 1
987 1
988 0
989 1
990 2
991 1
992 0
993 1
994 1
995 2
996 1
997 3
998 2
999 2
1000 0
1001 1
1002 1
1003 1
1004 2
1005 1
1006 2
1007 1
1008 1
1009 0
1010 1
1011 3
1012 1
1013 1
1014 0
1015 1
1016 1
1017 1
1018 1
1019 1
1020 1
1021 1
1022 1
1023 2
1024 1
1025 1
1026 1
1027 1
1028 1
1029 2
1030 1
1031 0
1032 0
1033 1
1034 1
1035 1
1036 1
1037 1
1038 2
1039 2
1040 1
1041 2
1042 0
1043 0
1044 0
1045 1
1046 0
1047 1
1048 1
1049 1
1050 1
1051 1
1052 1
1053 0
1054 1
1055 0
1056 1
1057 1
1058 2
1059 1
1060 2
1061 1
1062 1
1063 2
1064 1
1065 0
1066 1
1067 1
1068 1
1069 1
1070 1
1071 1
1072 0
1073 1
1074 1
1075 2
1076 1
1077 0
1078 2
1079 1
1080 1
1081 1
1082 1
1083 2
1084 0
1085 1
1086 0
1087 1
1088 1
1089 1
1090 1
1091 1
1092 2
1093 2
1094 1
1095 1
1096 0
1097 1
1098 1
1099 1
1100 1
1101 0
1102 1
1103 0
1104 1
1105 0
1106 1
1107 1
1108 1
1109 1
1110 1
1111 1
1112 1
1113 0
1114 1
1115 1
1116 1
1117 1
1118 3
1119 1
1120 1
1121 0
1122 2
1123 2
1124 2
1125 2
1126 2
1127 1
1128 0
1129 1
1130 2
1131 1
1132 1
1133 1
1134 1
1135 0
1136 1
1137 1
1138 1
1139 1
1140 2
1141 2
1142 1
1143 2
1144 1
1145 1
1146 1
1147 3
1148 1
1149 1
1150 2
1151 1
1152 1
1153 2
1154 0
1155 3
1156 2
1157 2
1158 2
1159 0
1160 1
1161 1
1162 0
1163 2
1164 0
1165 1
1166 1
1167 0
1168 0
1169 0
1170 1
1171 2
1172 1
1173 3
1174 1
1175 3
1176 2
1177 1
1178 1
1179 2
1180 2
1181 0
1182 3
1183 2
1184 2
1185 1
1186 2
1187 1
1188 0
1189 1
1190 0
1191 0
1192 2
1193 2
1194 1
1195 1
1196 1
1197 2
1198 0
1199 1
1200 0
1201 1
1202 1
1203 0
1204 0
1205 1
1206 1
1207 1
1208 0
1209 2
1210 0
1211 0
1212 1
1213 1
1214 1
1215 1
1216 2
1217 2
1218 1
1219 1
1220 1
1221 1
1222 2
1223 1
1224 1
1225 0
1226 2
1227 2
1228 1
1229 0
1230 0
1231 0
1232 0
1233 0
1234 1
1235 1
1236 1
1237 2
1238 0
1239 2
1240 0
1241 2
1242 1
1243 1
1244 0
1245 2
1246 2
1247 0
1248 3
1249 3
1250 1
1251 0
1252 1
1253 0
1254 1
1255 0
1256 1
1257 1
1258 1
1259 0
1260 0
1261 2
1262 1
1263 1
1264 1
1265 0
1266 1
1267 0
1268 1
1269 2
1270 1
1271 1
1272 1
1273 2
1274 0
1275 3
1276 1
1277 0
1278 1
1279 1
1280 1
1281 0
1282 0
1283 1
1284 1
1285 1
1286 0
1287 1
1288 1
1289 3
1290 3
1291 3
1292 1
1293 1
1294 2
1295 1
1296 1
1297 1
1298 1
1299 0
1300 1
1301 0
1302 1
1303 2
1304 1
1305 1
1306 1
1307 2
1308 0
1309 1
1310 1
1311 0
1312 2
1313 1
1314 0
1315 0
1316 1
1317 1
1318 0
1319 2
1320 3
1321 0
1322 2
1323 1
1324 1
1325 1
1326 2
1327 1
1328 1
1329 1
1330 1
1331 0
1332 1
1333 1
1334 1
1335 2
1336 1
1337 2
1338 1
1339 1
1340 1
1341 1
1342 0
1343 1
1344 1
1345 1
1346 1
1347 1
1348 2
1349 1
1350 2
1351 3
1352 1
1353 1
1354 1
1355 1
1356 1
1357 0
1358 1
1359 2
1360 0
1361 0
1362 2
1363 1
1364 0
1365 2
1366 1
1367 0
1368 1
1369 1
1370 2
1371 0
1372 1
1373 1
1374 2
1375 0
1376 1
1377 1
1378 1
1379 2
1380 1
1381 0
1382 1
1383 1
1384 0
1385 1
1386 2
1387 1
1388 1
1389 0
1390 1
1391 0
1392 1
1393 0
1394 0
1395 0
1396 0
1397 2
1398 2
1399 1
1400 1
1401 1
1402 0
1403 0
1404 1
1405 1
1406 2
1407 0
1408 0
1409 1
1410 1
1411 1
1412 1
1413 0
1414 1
1415 1
1416 2
1417 1
1418 0
1419 0
1420 0
1421 0
1422 1
1423 2
1424 0
1425 1
1426 2
1427 1
1428 1
1429 2
1430 0
1431 0
1432 1
1433 0
1434 1
1435 3
1436 2
1437 1
1438 1
1439 1
1440 2
1441 0
1442 1
1443 1
1444 0
1445 1
1446 2
1447 2
1448 1
1449 0
1450 1
1451 1
1452 1
1453 1
1454 3
1455 3
1456 0
1457 0
1458 1
1459 1
1460 2
1461 1
1462 1
1463 1
1464 0
1465 1
1466 1
1467 2
1468 1
1469 2
1470 1
1471 2
1472 1
1473 1
1474 1
1475 1
1476 0
1477 0
1478 1
1479 1
1480 1
1481 1
1482 1
1483 1
1484 0
1485 1
1486 1
1487 0
1488 2
1489 2
1490 1
1491 1
1492 1
1493 1
1494 1
1495 2
1496 1
1497 2
1498 0
1499 2
1500 2
1501 1
1502 1
1503 0
1504 0
1505 1
1506 0
1507 0
1508 0
1509 1
1510 0
1511 0
1512 0
1513 0
1514 0
1515 0
1516 1
1517 1
1518 1
1519 2
1520 2
1521 1
1522 1
1523 2
1524 1
1525 1
1526 1
1527 0
1528 2
1529 2
1530 1
1531 1
1532 1
1533 1
1534 0
1535 1
1536 1
1537 2
1538 2
1539 1
1540 0
1541 1
1542 1
1543 0
1544 1
1545 1
1546 1
1547 1
1548 1
1549 1
1550 2
1551 0
1552 1
1553 2
1554 1
1555 1
1556 1
1557 2
1558 1
1559 0
1560 1
1561 2
1562 1
1563 1
1564 2
1565 0
1566 2
1567 0
1568 0
1569 1
1570 1
1571 0
1572 1
1573 1
1574 2
1575 1
1576 1
1577 0
1578 1
1579 1
1580 0
1581 1
1582 2
1583 1
1584 1
1585 1
1586 1
1587 1
1588 2
1589 1
1590 0
1591 1
1592 2
1593 1
1594 0
1595 0
1596 2
1597 1
1598 2
1599 1
1600 1
1601 1
1602 2
1603 0
1604 0
1605 1
1606 2
1607 1
1608 0
1609 0
1610 2
1611 0
1612 1
1613 1
1614 1
1615 1
1616 1
1617 2
1618 1
1619 1
1620 1
1621 1
1622 1
1623 2
1624 1
1625 0
1626 1
1627 1
1628 1
1629 1
1630 1
1631 1
1632 1
1633 1
1634 1
1635 0
1636 1
1637 0
1638 0
1639 0
1640 1
1641 1
1642 2
1643 0
1644 2
1645 1
1646 0
1647 1
1648 0
1649 0
1650 1
1651 1
1652 2
1653 2
1654 0
1655 1
1656 1
1657 0
1658 1
1659 0
1660 1
1661 1
1662 2
1663 1
1664 0
1665 1
1666 1
1667 1
1668 1
1669 1
1670 1
1671 2
1672 1
1673 0
1674 1
1675 1
1676 1
1677 1
1678 1
1679 1
1680 2
1681 1
1682 0
1683 1
1684 1
1685 1
1686 0
1687 1
1688 2
1689 2
1690 1
1691 1
1692 0
1693 1
1694 2
1695 1
1696 1
1697 1
1698 0
1699 1
1700 1
1701 1
1702 1
1703 2
1704 1
1705 1
1706 1
1707 0
1708 0
1709 0
1710 0
1711 1
1712 0
1713 1
1714 1
1715 1
1716 0
1717 2
1718 0
1719 0
1720 1
1721 1
1722 2
1723 1
1724 0
1725 1
1726 1
1727 0
1728 1
1729 1
1730 1
1731 1
1732 0
1733 1
1734 0
1735 1
1736 1
1737 1
1738 2
1739 0
1740 1
1741 2
1742 0
1743 1
1744 1
1745 1
1746 2
1747 0
1748 0
1749 1
1750 0
1751 0
1752 1
1753 1
1754 0
1755 0
1756 1
1757 0
1758 1
1759 1
1760 0
1761 2
1762 1
1763 1
1764 2
1765 2
1766 0
1767 1
1768 1
1769 1
1770 2
1771 2
1772 1
1773 0
1774 1
1775 1
1776 1
1777 1
1778 1
1779 2
1780 1
1781 0
1782 2
1783 2
1784 0
1785 1
1786 1
1787 3
1788 2
1789 1
1790 1
1791 1
1792 2
1793 1
1794 2
1795 2
1796 2
1797 1
1798 2
1799 1
1800 1
1801 0
1802 2
1803 2
1804 1
1805 1
1806 1
1807 1
1808 1
1809 1
1810 2
1811 1
1812 1
1813 1
1814 0
1815 1
1816 1
1817 1
1818 1
1819 0
1820 1
1821 1
1822 1
1823 2
1824 1
1825 4
1826 2
1827 2
1828 1
1829 1
1830 1
1831 2
1832 2
1833 2
1834 1
1835 1
1836 2
1837 1
1838 1
1839 3
1840 2
1841 1
1842 1
1843 1
1844 2
1845 1
1846 1
1847 1
1848 1
1849 0
1850 3
1851 1
1852 1
1853 1
1854 1
1855 2
1856 1
1857 2
1858 1
1859 1
1860 2
1861 0
1862 1
1863 2
1864 1
1865 2
1866 1
1867 1
1868 1
1869 2
1870 2
1871 0
1872 3
1873 1
1874 0
1875 1
1876 2
1877 2
1878 2
1879 0
1880 1
1881 0
1882 0
1883 2
1884 0
1885 0
1886 1
1887 1
1888 2
1889 2
1890 1
1891 0
1892 2
1893 1
1894 1
1895 1
1896 1
1897 1
1898 1
1899 0
1900 1
1901 0
1902 2
1903 0
1904 0
1905 1
1906 0
1907 1
1908 0
1909 1
1910 2
1911 2
1912 0
1913 1
1914 1
1915 1
1916 1
1917 0
1918 1
1919 1
1920 2
1921 1
1922 0
1923 0
1924 0
1925 1
1926 1
1927 1
1928 0
1929 1
1930 1
1931 2
1932 1
1933 1
1934 0
1935 1
1936 1
1937 2
1938 0
1939 1
1940 0
1941 0
1942 1
1943 1
1944 0
1945 0
1946 0
1947 0
1948 2
1949 1
1950 1
1951 1
1952 1
1953 1
1954 2
1955 0
1956 1
1957 1
1958 1
1959 2
1960 1
1961 1
1962 2
1963 2
1964 4
1965 2
1966 1
1967 2
1968 1
1969 1
1970 1
1971 0
1972 0
1973 0
1974 1
1975 0
1976 2
1977 0
1978 1
1979 2
1980 1
1981 0
1982 0
1983 2
1984 2
1985 2
1986 0
1987 0
1988 2
1989 1
1990 2
1991 1
1992 1
1993 2
1994 1
1995 1
1996 3
1997 2
1998 2
1999 0
