DNA_Base Inside_Mean Inside_SEM Outside_Mean Outside_SEM
1 0.106626 0.004700 0.003756 0.000578
2 0.053188 0.003801 0.018412 0.001682
3 0.006493 0.000870 0.028774 0.005158
4 0.001162 0.000241 0.039154 0.005924
5 0.001134 0.000353 0.095020 0.006414
6 0.008971 0.001358 0.223189 0.012007
7 0.177775 0.013721 0.287576 0.018805
8 0.465652 0.033588 0.109879 0.007234
9 0.380240 0.025730 0.002009 0.000343
10 0.163898 0.011231 0.000303 0.000133
11 0.041660 0.003934 0.000491 0.000108
12 0.012099 0.001841 0.003572 0.000463
13 0.001197 0.000154 0.014887 0.001133
14 0.000037 0.000022 0.042367 0.002882
15 0.001962 0.000352 0.126078 0.011559
16 0.008750 0.001162 0.249116 0.023958
17 0.253006 0.025851 0.110832 0.009874
18 0.310328 0.030408 0.002984 0.000292
19 0.157851 0.016260 0.000016 0.000016
20 0.049363 0.005611 0.000069 0.000032
21 0.018002 0.002340 0.000641 0.000063
22 0.001078 0.000227 0.002878 0.000537
23 0.000000 0.000000 0.003590 0.000707
24 0.000000 0.000000 0.003375 0.000652
25 0.000000 0.000000 0.005765 0.001082
26 0.000097 0.000011 0.007200 0.001442
27 0.004812 0.001213 0.002553 0.000589
28 0.004434 0.001288 0.000219 0.000119
29 0.002644 0.000903 0.000003 0.000003
30 0.000491 0.000264 0.000000 0.000000
31 0.000106 0.000078 0.000003 0.000003
32 0.000047 0.000027 0.000044 0.000025
33 0.000000 0.000000 0.000109 0.000037
34 0.000000 0.000000 0.000112 0.000071
35 0.000000 0.000000 0.000403 0.000322
36 0.000112 0.000104 0.001919 0.001465
37 0.003165 0.002379 0.003344 0.002378
38 0.013206 0.009420 0.000584 0.000377
39 0.018121 0.012836 0.000041 0.000029
40 0.012715 0.008896 0.000000 0.000000
41 0.003547 0.002386 0.000000 0.000000
42 0.000172 0.000094 0.000016 0.000008
43 0.000028 0.000008 0.000334 0.000119
44 0.000000 0.000000 0.001581 0.000711
45 0.000000 0.000000 0.005753 0.002828
46 0.000800 0.000502 0.024874 0.013408
47 0.013909 0.008726 0.054907 0.027398
48 0.093830 0.047283 0.006947 0.003278
49 0.071881 0.033225 0.000016 0.000012
50 0.016762 0.006630 0.000000 0.000000
51 0.003750 0.000718 0.000312 0.000110
52 0.003694 0.000251 0.006156 0.001011
53 0.000131 0.000033 0.023689 0.002234
54 0.000016 0.000009 0.056497 0.008310
55 0.000244 0.000130 0.095195 0.016271
56 0.000437 0.000104 0.134171 0.019252
57 0.027730 0.010617 0.151861 0.023911
58 0.126987 0.018042 0.020905 0.002946
59 0.074678 0.007258 0.001444 0.000374
60 0.015887 0.001421 0.000009 0.000003
61 0.008118 0.000651 0.001441 0.000585
62 0.008212 0.000470 0.019658 0.000741
63 0.000634 0.000110 0.063006 0.002045
64 0.000134 0.000043 0.106642 0.004791
65 0.000041 0.000008 0.158433 0.008987
66 0.002109 0.000247 0.213136 0.015769
67 0.044770 0.004273 0.220567 0.017965
68 0.232048 0.020712 0.063928 0.004215
69 0.239594 0.020608 0.011406 0.000538
70 0.095251 0.007500 0.000803 0.000268
71 0.041154 0.002731 0.002184 0.001078
72 0.021611 0.004485 0.030414 0.011270
73 0.013146 0.004269 0.076618 0.019091
74 0.004437 0.001812 0.122344 0.018344
75 0.002191 0.000520 0.162476 0.010494
76 0.001869 0.000101 0.209527 0.003501
77 0.005659 0.000315 0.250341 0.004683
78 0.027071 0.001020 0.286792 0.010655
79 0.167923 0.009583 0.172754 0.008395
80 0.222305 0.014373 0.034958 0.002502
81 0.143480 0.011006 0.000419 0.000086
82 0.021699 0.001367 0.001006 0.000272
83 0.033192 0.004051 0.008159 0.001438
84 0.023808 0.001620 0.079893 0.010623
85 0.000316 0.000093 0.158951 0.014196
86 0.000031 0.000011 0.204346 0.010069
87 0.000169 0.000045 0.220205 0.005550
88 0.006762 0.000604 0.176866 0.005393
89 0.049585 0.003944 0.072878 0.003327
90 0.059841 0.004572 0.000975 0.000104
91 0.026061 0.002151 0.000003 0.000003
92 0.063631 0.004157 0.003994 0.000504
93 0.154186 0.010232 0.055657 0.001636
94 0.118469 0.008372 0.300782 0.014777
95 0.000169 0.000033 0.493600 0.029799
96 0.000019 0.000012 0.379106 0.024924
97 0.000009 0.000006 0.183197 0.012802
98 0.000894 0.000135 0.087083 0.005765
99 0.011809 0.000481 0.031105 0.002140
100 0.014346 0.000101 0.000312 0.000027
101 0.011687 0.000437 0.000000 0.000000
102 0.069293 0.005667 0.002159 0.000133
103 0.214705 0.019716 0.063806 0.004059
104 0.025580 0.002390 0.447921 0.037745
105 0.000141 0.000019 0.433663 0.037244
106 0.000041 0.000006 0.229348 0.020139
107 0.000037 0.000020 0.085611 0.007328
108 0.000406 0.000062 0.029586 0.002251
109 0.001844 0.000259 0.010015 0.000766
110 0.002403 0.000268 0.000084 0.000027
111 0.007625 0.000623 0.000003 0.000003
112 0.069462 0.007400 0.000994 0.000140
113 0.082658 0.008904 0.083377 0.010160
114 0.010784 0.000997 0.142124 0.017831
115 0.000037 0.000014 0.066278 0.008751
116 0.000000 0.000000 0.013177 0.002188
117 0.000016 0.000016 0.002803 0.000622
118 0.000075 0.000026 0.000394 0.000082
119 0.000066 0.000013 0.000025 0.000009
120 0.000069 0.000029 0.000000 0.000000
121 0.000562 0.000145 0.000000 0.000000
122 0.001731 0.000966 0.000141 0.000082
123 0.002625 0.001868 0.001372 0.000874
124 0.000916 0.000668 0.003575 0.002473
125 0.000069 0.000050 0.002819 0.001978
126 0.000009 0.000009 0.002575 0.001813
127 0.000012 0.000012 0.001778 0.001229
128 0.000037 0.000030 0.000959 0.000693
129 0.000222 0.000190 0.000456 0.000404
130 0.000772 0.000679 0.000031 0.000027
131 0.003644 0.002666 0.000037 0.000037
132 0.019149 0.012681 0.000644 0.000510
133 0.030920 0.019715 0.016240 0.010367
134 0.009931 0.006409 0.064809 0.041415
135 0.008375 0.005006 0.062669 0.041176
136 0.000241 0.000126 0.041129 0.026776
137 0.000203 0.000049 0.018955 0.012483
138 0.002012 0.000478 0.009243 0.006002
139 0.011762 0.003184 0.002865 0.001769
140 0.028158 0.003488 0.000175 0.000036
141 0.056922 0.008211 0.000625 0.000174
142 0.089224 0.024072 0.011262 0.003770
143 0.060050 0.022158 0.065906 0.023827
144 0.010403 0.004384 0.099645 0.041263
145 0.001675 0.000545 0.066506 0.029252
146 0.000437 0.000300 0.032470 0.012967
147 0.001156 0.000271 0.020358 0.006313
148 0.064278 0.013799 0.006028 0.001626
149 0.063972 0.010520 0.000369 0.000100
150 0.045266 0.006460 0.000166 0.000016
151 0.024658 0.004190 0.001484 0.000520
152 0.008646 0.002573 0.010243 0.005090
153 0.001322 0.000333 0.027614 0.015875
154 0.000331 0.000179 0.059950 0.034314
155 0.001034 0.000367 0.094486 0.050889
156 0.012418 0.006451 0.076240 0.038402
157 0.030067 0.013459 0.017255 0.008076
158 0.012121 0.004315 0.001184 0.000602
159 0.002834 0.001105 0.000016 0.000016
160 0.001312 0.000912 0.000562 0.000411
161 0.002116 0.001663 0.001372 0.001066
162 0.000700 0.000523 0.005847 0.004261
163 0.000084 0.000072 0.012893 0.009222
164 0.000094 0.000054 0.023299 0.016565
165 0.000919 0.000724 0.032120 0.022586
166 0.010524 0.007460 0.013706 0.009702
167 0.008253 0.005906 0.002097 0.001622
168 0.002590 0.002012 0.000187 0.000171
169 0.000662 0.000530 0.000000 0.000000
170 0.000181 0.000161 0.000009 0.000009
171 0.000041 0.000041 0.000028 0.000028
172 0.000025 0.000014 0.000066 0.000057
173 0.000006 0.000006 0.000237 0.000101
174 0.000003 0.000003 0.001822 0.000262
175 0.000037 0.000015 0.011571 0.001966
176 0.002203 0.000341 0.023530 0.004232
177 0.017343 0.002630 0.013521 0.002426
178 0.018402 0.003150 0.000687 0.000109
179 0.002687 0.000445 0.000000 0.000000
180 0.000756 0.000160 0.000003 0.000003
181 0.001091 0.000210 0.000184 0.000062
182 0.001831 0.000270 0.004550 0.000490
183 0.000034 0.000022 0.040017 0.004389
184 0.000009 0.000003 0.153214 0.015972
185 0.004469 0.000433 0.277005 0.027969
186 0.227817 0.022754 0.080052 0.006944
187 0.173898 0.016025 0.015793 0.000651
188 0.039386 0.003048 0.000819 0.000105
189 0.004437 0.000316 0.000003 0.000003
190 0.007987 0.000447 0.000022 0.000018
191 0.023677 0.000957 0.003031 0.000251
192 0.003903 0.000318 0.063937 0.003960
193 0.000494 0.000043 0.217042 0.016850
194 0.000050 0.000005 0.476479 0.036579
195 0.007134 0.000515 0.585105 0.042377
196 0.263559 0.018587 0.240138 0.015460
197 0.163854 0.010141 0.016018 0.000248
198 0.032661 0.001790 0.000072 0.000029
199 0.028899 0.002150 0.000000 0.000000
200 0.047582 0.003836 0.000031 0.000012
201 0.046466 0.002666 0.035358 0.002940
202 0.010999 0.000588 0.129915 0.007785
203 0.001050 0.000168 0.210036 0.008302
204 0.000019 0.000008 0.248900 0.007949
205 0.001781 0.000178 0.236541 0.008838
206 0.049710 0.002859 0.126816 0.005381
207 0.042201 0.001915 0.011068 0.000382
208 0.026667 0.001428 0.000144 0.000077
209 0.069390 0.004464 0.000006 0.000006
210 0.179963 0.009034 0.000778 0.000067
211 0.131075 0.007133 0.116822 0.004376
212 0.015124 0.000708 0.240354 0.005533
213 0.003090 0.000299 0.221776 0.007734
214 0.000331 0.000075 0.184550 0.013303
215 0.011093 0.001562 0.125300 0.021022
216 0.039795 0.013566 0.050254 0.012698
217 0.041239 0.011850 0.007975 0.003152
218 0.097751 0.003248 0.003906 0.000195
219 0.238041 0.015632 0.002887 0.000199
220 0.377466 0.026195 0.006240 0.000200
221 0.394380 0.027201 0.020199 0.001320
222 0.276142 0.019441 0.072996 0.004414
223 0.101882 0.006130 0.160020 0.009530
224 0.005515 0.000316 0.196259 0.010121
225 0.000281 0.000034 0.153345 0.007024
226 0.001950 0.000409 0.091302 0.004411
227 0.004834 0.000179 0.040104 0.002744
228 0.010324 0.001080 0.005025 0.000671
229 0.021068 0.001911 0.000212 0.000056
230 0.097361 0.009718 0.000050 0.000030
231 0.182969 0.017000 0.000828 0.000308
232 0.183875 0.012505 0.005128 0.000729
233 0.085161 0.004146 0.078271 0.002569
234 0.005062 0.000465 0.134728 0.002949
235 0.000022 0.000011 0.096342 0.001499
236 0.000378 0.000087 0.061356 0.000912
237 0.001975 0.000218 0.028599 0.001292
238 0.007122 0.000572 0.002219 0.000720
239 0.024024 0.006354 0.000012 0.000009
240 0.091589 0.030753 0.000372 0.000252
241 0.157942 0.054722 0.000062 0.000042
242 0.164689 0.056355 0.001131 0.000414
243 0.082533 0.032331 0.045995 0.013311
244 0.007081 0.004361 0.059516 0.018803
245 0.000075 0.000071 0.024680 0.007068
246 0.000000 0.000000 0.007243 0.001486
247 0.000184 0.000085 0.001844 0.000202
248 0.001175 0.000464 0.000181 0.000032
249 0.007806 0.005050 0.000069 0.000042
250 0.036139 0.024096 0.000016 0.000012
251 0.058535 0.039177 0.000047 0.000020
252 0.043792 0.029817 0.002562 0.001501
253 0.007700 0.005259 0.010818 0.007223
254 0.000116 0.000100 0.005097 0.003409
255 0.000000 0.000000 0.002025 0.001413
256 0.000000 0.000000 0.000366 0.000256
257 0.000012 0.000009 0.000087 0.000079
258 0.000056 0.000029 0.000019 0.000012
259 0.000553 0.000402 0.000000 0.000000
260 0.001431 0.001018 0.000000 0.000000
261 0.002031 0.001392 0.000000 0.000000
262 0.001059 0.000518 0.000006 0.000004
263 0.000241 0.000082 0.000212 0.000070
264 0.000006 0.000006 0.000412 0.000187
265 0.000000 0.000000 0.000637 0.000303
266 0.000000 0.000000 0.000784 0.000332
267 0.000028 0.000020 0.000609 0.000217
268 0.000322 0.000084 0.000334 0.000115
269 0.007818 0.001134 0.000009 0.000009
270 0.043148 0.005928 0.000006 0.000004
271 0.099367 0.012722 0.000022 0.000006
272 0.117466 0.015414 0.000147 0.000040
273 0.076771 0.009411 0.024955 0.003453
274 0.008506 0.001087 0.070046 0.008970
275 0.001706 0.000355 0.091970 0.010220
276 0.000044 0.000023 0.082521 0.008709
277 0.000037 0.000011 0.030839 0.003257
278 0.003815 0.000252 0.004375 0.000602
279 0.052757 0.003893 0.000169 0.000072
280 0.160951 0.012372 0.000041 0.000025
281 0.379934 0.029961 0.000437 0.000139
282 0.448156 0.036776 0.036545 0.001998
283 0.151177 0.012218 0.209177 0.015109
284 0.020080 0.002121 0.168788 0.010626
285 0.002234 0.000554 0.080537 0.007044
286 0.000491 0.000105 0.047101 0.007073
287 0.011268 0.001742 0.025458 0.005930
288 0.071268 0.006105 0.010199 0.001875
289 0.230467 0.013022 0.002987 0.000879
290 0.427850 0.024164 0.000978 0.000541
291 0.466436 0.024355 0.005093 0.000556
292 0.299044 0.013183 0.018249 0.001074
293 0.087396 0.003908 0.051335 0.002306
294 0.010046 0.001374 0.063903 0.003326
