DNA_Base Inside_Mean Inside_SEM Outside_Mean Outside_SEM
1 0.070434 0.004068 0.002475 0.000274
2 0.025152 0.002884 0.014706 0.001737
3 0.002478 0.000378 0.019612 0.004879
4 0.000347 0.000074 0.030805 0.008450
5 0.000456 0.000156 0.086918 0.023992
6 0.006003 0.002134 0.203724 0.062422
7 0.175576 0.061398 0.223242 0.071441
8 0.414042 0.145647 0.059735 0.017811
9 0.271186 0.092805 0.000447 0.000132
10 0.075552 0.024372 0.000050 0.000020
11 0.012490 0.004188 0.000209 0.000106
12 0.003603 0.001221 0.001916 0.000830
13 0.000359 0.000141 0.010581 0.004199
14 0.000003 0.000003 0.034767 0.013822
15 0.001772 0.000810 0.102792 0.039690
16 0.009415 0.004016 0.205415 0.078359
17 0.234045 0.090145 0.083615 0.030407
18 0.284780 0.107857 0.003044 0.001125
19 0.147793 0.055948 0.000000 0.000000
20 0.045501 0.017232 0.000059 0.000039
21 0.016271 0.005998 0.000641 0.000301
22 0.000778 0.000273 0.001716 0.000615
23 0.000028 0.000014 0.002231 0.000743
24 0.000000 0.000000 0.001956 0.000647
25 0.000000 0.000000 0.003303 0.001143
26 0.000059 0.000024 0.004119 0.001505
27 0.003106 0.001016 0.001306 0.000398
28 0.002969 0.000756 0.000162 0.000084
29 0.001972 0.000383 0.000003 0.000003
30 0.000584 0.000369 0.000000 0.000000
31 0.000219 0.000195 0.000000 0.000000
32 0.000062 0.000027 0.000016 0.000012
33 0.000003 0.000003 0.000159 0.000075
34 0.000000 0.000000 0.000584 0.000345
35 0.000003 0.000003 0.002016 0.001459
36 0.000359 0.000300 0.009340 0.006638
37 0.024239 0.016755 0.008562 0.005847
38 0.059469 0.040419 0.000937 0.000754
39 0.053944 0.036566 0.000081 0.000059
40 0.022874 0.015698 0.000000 0.000000
41 0.004978 0.003396 0.000006 0.000006
42 0.000191 0.000127 0.000134 0.000087
43 0.000019 0.000012 0.000803 0.000468
44 0.000000 0.000000 0.005509 0.003567
45 0.000003 0.000003 0.021161 0.014044
46 0.004203 0.003218 0.087443 0.057633
47 0.121660 0.081510 0.077099 0.049217
48 0.211161 0.136816 0.004728 0.003166
49 0.102448 0.064602 0.000106 0.000087
50 0.014918 0.008941 0.000000 0.000000
51 0.003106 0.000655 0.000909 0.000600
52 0.002347 0.000599 0.009762 0.003925
53 0.000128 0.000032 0.031270 0.008770
54 0.000047 0.000024 0.091589 0.038402
55 0.000619 0.000380 0.168692 0.079076
56 0.004497 0.002949 0.211102 0.092232
57 0.161011 0.101061 0.144496 0.054402
58 0.147155 0.063601 0.014337 0.004236
59 0.055294 0.019894 0.001166 0.000690
60 0.011309 0.004433 0.000025 0.000025
61 0.007384 0.001555 0.003228 0.001465
62 0.007250 0.001168 0.022824 0.003660
63 0.000378 0.000136 0.062350 0.006189
64 0.000037 0.000020 0.095283 0.008461
65 0.000041 0.000012 0.124488 0.011388
66 0.006572 0.002528 0.143802 0.017963
67 0.039729 0.005951 0.129525 0.026552
68 0.185097 0.049742 0.036723 0.007548
69 0.267777 0.089087 0.005512 0.000861
70 0.131909 0.038286 0.000572 0.000105
71 0.073662 0.013745 0.014606 0.009522
72 0.036579 0.015115 0.105067 0.063041
73 0.024643 0.013717 0.180991 0.093414
74 0.010243 0.007195 0.201012 0.079808
75 0.002987 0.001468 0.206605 0.053016
76 0.002678 0.000772 0.227829 0.026089
77 0.005893 0.000243 0.248188 0.014780
78 0.020280 0.001233 0.294038 0.036907
79 0.176666 0.048457 0.179263 0.018447
80 0.276711 0.063131 0.044479 0.006476
81 0.228876 0.063789 0.000597 0.000109
82 0.045523 0.006563 0.001634 0.000853
83 0.061981 0.020901 0.010037 0.004632
84 0.069053 0.026450 0.097892 0.027328
85 0.000566 0.000167 0.228898 0.049322
86 0.000019 0.000011 0.266324 0.018952
87 0.000078 0.000020 0.274646 0.018389
88 0.004865 0.000635 0.223154 0.029394
89 0.053147 0.009397 0.102411 0.016654
90 0.076799 0.013326 0.001706 0.000555
91 0.028174 0.005514 0.000006 0.000006
92 0.050351 0.006812 0.002472 0.000332
93 0.127353 0.022999 0.027820 0.002756
94 0.064347 0.007582 0.216449 0.039183
95 0.000184 0.000051 0.337196 0.069247
96 0.000019 0.000011 0.262840 0.066766
97 0.000000 0.000000 0.125128 0.037317
98 0.000369 0.000151 0.068050 0.023554
99 0.010118 0.003933 0.030273 0.010526
100 0.018890 0.007013 0.000684 0.000276
101 0.011428 0.004225 0.000000 0.000000
102 0.038201 0.014006 0.000700 0.000276
103 0.129931 0.047110 0.034401 0.012476
104 0.020149 0.007776 0.288576 0.107426
105 0.000097 0.000033 0.316400 0.122514
106 0.000028 0.000016 0.192887 0.076560
107 0.000019 0.000019 0.082702 0.033208
108 0.000219 0.000097 0.031689 0.012765
109 0.001781 0.000709 0.012178 0.005141
110 0.003575 0.001557 0.000172 0.000086
111 0.006143 0.002334 0.000019 0.000015
112 0.062825 0.025100 0.000850 0.000344
113 0.090499 0.038206 0.073549 0.029872
114 0.016455 0.007916 0.140843 0.059307
115 0.000053 0.000029 0.066834 0.029530
116 0.000000 0.000000 0.013237 0.005851
117 0.000009 0.000006 0.002850 0.001154
118 0.000044 0.000018 0.000519 0.000120
119 0.000219 0.000109 0.000056 0.000019
120 0.000212 0.000147 0.000000 0.000000
121 0.000647 0.000315 0.000003 0.000003
122 0.003381 0.002481 0.000100 0.000076
123 0.006743 0.005775 0.002803 0.002107
124 0.002940 0.002625 0.009234 0.007764
125 0.000200 0.000172 0.009100 0.007870
126 0.000037 0.000037 0.008415 0.007070
127 0.000012 0.000012 0.006265 0.005028
128 0.000034 0.000024 0.004525 0.003515
129 0.000944 0.000663 0.002781 0.002076
130 0.003056 0.002162 0.000534 0.000311
131 0.011237 0.007453 0.000122 0.000071
132 0.052791 0.033847 0.001384 0.000939
133 0.073856 0.047157 0.047719 0.029931
134 0.037504 0.024249 0.165857 0.105720
135 0.034642 0.021956 0.182485 0.117856
136 0.001087 0.000686 0.146443 0.094089
137 0.000103 0.000046 0.068562 0.043945
138 0.001878 0.000830 0.031464 0.019861
139 0.012971 0.006039 0.012271 0.007647
140 0.018199 0.005889 0.000825 0.000482
141 0.038467 0.014464 0.000294 0.000119
142 0.092442 0.050921 0.017037 0.008737
143 0.109876 0.070722 0.101373 0.058489
144 0.036795 0.024269 0.199671 0.122547
145 0.009725 0.006074 0.174357 0.106827
146 0.000775 0.000458 0.101801 0.060844
147 0.002547 0.001371 0.055957 0.032306
148 0.082755 0.042451 0.010203 0.005172
149 0.061994 0.026125 0.000300 0.000124
150 0.032930 0.010724 0.000678 0.000380
151 0.019149 0.006593 0.005218 0.003087
152 0.010153 0.004810 0.033445 0.020265
153 0.002359 0.001264 0.090414 0.055961
154 0.000437 0.000271 0.181157 0.114192
155 0.004862 0.002829 0.232532 0.146088
156 0.036245 0.022699 0.154977 0.094705
157 0.057144 0.034284 0.036739 0.021391
158 0.024780 0.014179 0.000984 0.000495
159 0.006228 0.003633 0.000147 0.000135
160 0.004356 0.002980 0.003590 0.002396
161 0.007490 0.005155 0.008806 0.006144
162 0.001928 0.001316 0.027727 0.019412
163 0.000172 0.000101 0.051538 0.035739
164 0.000794 0.000488 0.073768 0.051205
165 0.004962 0.003448 0.085280 0.058632
166 0.022533 0.015883 0.035908 0.025313
167 0.019358 0.014062 0.005587 0.004097
168 0.006172 0.004630 0.000228 0.000168
169 0.001622 0.001292 0.000012 0.000009
170 0.000822 0.000688 0.000022 0.000015
171 0.000544 0.000468 0.000206 0.000167
172 0.000084 0.000061 0.000541 0.000457
173 0.000003 0.000003 0.000803 0.000569
174 0.000000 0.000000 0.002103 0.000417
175 0.000056 0.000024 0.010799 0.004057
176 0.003715 0.001690 0.018515 0.007510
177 0.018918 0.007861 0.006247 0.002602
178 0.014049 0.005892 0.000722 0.000326
179 0.002056 0.000820 0.000000 0.000000
180 0.000772 0.000330 0.000000 0.000000
181 0.001709 0.000827 0.000303 0.000135
182 0.002219 0.000970 0.004997 0.002266
183 0.000009 0.000009 0.038770 0.016686
184 0.000016 0.000009 0.147521 0.060920
185 0.006262 0.002757 0.253097 0.101223
186 0.202599 0.079475 0.055097 0.020131
187 0.128428 0.047367 0.009959 0.003498
188 0.026330 0.009381 0.000353 0.000152
189 0.006184 0.002426 0.000003 0.000003
190 0.012499 0.005072 0.000003 0.000003
191 0.026255 0.010405 0.005140 0.002050
192 0.002428 0.000976 0.064481 0.025273
193 0.000266 0.000092 0.173260 0.066231
194 0.000037 0.000014 0.387203 0.141756
195 0.009887 0.003749 0.481304 0.163752
196 0.206683 0.062905 0.163176 0.056051
197 0.067181 0.014414 0.006625 0.001596
198 0.017168 0.003657 0.000066 0.000040
199 0.029277 0.009342 0.000009 0.000009
200 0.053029 0.016709 0.000084 0.000022
201 0.046632 0.012594 0.033161 0.008610
202 0.006934 0.002153 0.116572 0.020946
203 0.000616 0.000054 0.180947 0.018542
204 0.000075 0.000023 0.219130 0.012621
205 0.001562 0.000448 0.207068 0.025105
206 0.046013 0.013609 0.090827 0.012521
207 0.030102 0.005812 0.006818 0.002085
208 0.030511 0.001527 0.000175 0.000126
209 0.098198 0.008484 0.000025 0.000009
210 0.224636 0.026333 0.001487 0.000327
211 0.135999 0.015786 0.155258 0.011544
212 0.010190 0.001518 0.301904 0.010216
213 0.003040 0.000917 0.317603 0.039912
214 0.001059 0.000475 0.318628 0.085113
215 0.038476 0.018339 0.262787 0.099176
216 0.099229 0.050252 0.091445 0.036493
217 0.082377 0.030850 0.017627 0.009916
218 0.133712 0.012976 0.005915 0.000187
219 0.286539 0.084211 0.003300 0.000719
220 0.437891 0.135730 0.005437 0.001551
221 0.411448 0.120287 0.013862 0.002227
222 0.264390 0.062103 0.057881 0.011620
223 0.091336 0.005458 0.130468 0.022625
224 0.010243 0.003583 0.162954 0.015383
225 0.000472 0.000240 0.137199 0.020129
226 0.002372 0.001608 0.090130 0.019214
227 0.003834 0.001202 0.041520 0.011172
228 0.007231 0.001978 0.008396 0.004130
229 0.009387 0.001301 0.000603 0.000369
230 0.036454 0.010192 0.000003 0.000003
231 0.075415 0.022589 0.000178 0.000111
232 0.091039 0.023252 0.002681 0.000863
233 0.055913 0.011788 0.043470 0.008092
234 0.011528 0.004628 0.087624 0.014206
235 0.000062 0.000020 0.079552 0.009627
236 0.000144 0.000048 0.056250 0.006613
237 0.001719 0.000349 0.028349 0.002542
238 0.006418 0.000697 0.003625 0.001205
239 0.023846 0.011388 0.000037 0.000018
240 0.128503 0.071911 0.000737 0.000608
241 0.273449 0.159750 0.000159 0.000119
242 0.272755 0.160654 0.001234 0.000666
243 0.191315 0.120987 0.027233 0.012678
244 0.067137 0.045401 0.077590 0.045437
245 0.000153 0.000145 0.063212 0.039074
246 0.000000 0.000000 0.014543 0.008516
247 0.000187 0.000139 0.003097 0.001615
248 0.001262 0.000775 0.001000 0.000646
249 0.010668 0.007050 0.000109 0.000080
250 0.072821 0.047709 0.000034 0.000027
251 0.164832 0.108782 0.000075 0.000053
252 0.161301 0.107480 0.002497 0.001730
253 0.063403 0.043021 0.016852 0.011382
254 0.000450 0.000350 0.022539 0.015462
255 0.000000 0.000000 0.008815 0.005991
256 0.000000 0.000000 0.001900 0.001225
257 0.000016 0.000012 0.000591 0.000358
258 0.000216 0.000145 0.000128 0.000086
259 0.001919 0.001385 0.000000 0.000000
260 0.005472 0.003925 0.000003 0.000003
261 0.008387 0.006150 0.000006 0.000006
262 0.004365 0.003420 0.000059 0.000055
263 0.000922 0.000758 0.000381 0.000336
264 0.000022 0.000022 0.000387 0.000170
265 0.000000 0.000000 0.000366 0.000111
266 0.000000 0.000000 0.000387 0.000179
267 0.000022 0.000018 0.000284 0.000127
268 0.000222 0.000081 0.000184 0.000065
269 0.007943 0.002905 0.000019 0.000008
270 0.044663 0.016890 0.000009 0.000006
271 0.099239 0.038260 0.000037 0.000020
272 0.112304 0.043588 0.000250 0.000109
273 0.070021 0.027848 0.020696 0.007810
274 0.009150 0.003918 0.056791 0.021763
275 0.001841 0.000878 0.074031 0.028917
276 0.000025 0.000014 0.064975 0.025725
277 0.000028 0.000016 0.023580 0.009308
278 0.001822 0.000641 0.002997 0.001221
279 0.031627 0.011227 0.000144 0.000124
280 0.094014 0.032925 0.000016 0.000012
281 0.241925 0.086285 0.000144 0.000051
282 0.315375 0.114947 0.020821 0.007254
283 0.119272 0.044950 0.136634 0.048414
284 0.015274 0.006073 0.125141 0.045342
285 0.001284 0.000646 0.058731 0.021163
286 0.000125 0.000038 0.031423 0.010887
287 0.004350 0.001055 0.013862 0.004739
288 0.034608 0.008362 0.004465 0.001095
289 0.170466 0.048955 0.000703 0.000174
290 0.383587 0.110431 0.000112 0.000033
291 0.444428 0.111697 0.002100 0.000366
292 0.314250 0.059605 0.009240 0.000935
293 0.107407 0.012011 0.045154 0.005419
294 0.010181 0.001526 0.073309 0.009896
