DNA_Base Inside_Mean Inside_SEM Outside_Mean Outside_SEM
1 0.122959 0.003085 0.001494 0.000107
2 0.045526 0.002277 0.005362 0.000173
3 0.005259 0.000395 0.008856 0.000508
4 0.000737 0.000041 0.020946 0.000930
5 0.002084 0.000355 0.078571 0.002724
6 0.008693 0.001066 0.206743 0.005979
7 0.203265 0.008255 0.262818 0.002836
8 0.486826 0.005294 0.185647 0.002519
9 0.607854 0.006764 0.018943 0.001304
10 0.435225 0.007331 0.001753 0.000440
11 0.169467 0.003980 0.000969 0.000144
12 0.034958 0.001613 0.002706 0.000212
13 0.005015 0.000339 0.007987 0.000340
14 0.000659 0.000226 0.019193 0.000652
15 0.002284 0.000344 0.057760 0.000987
16 0.007909 0.000597 0.138484 0.001604
17 0.133828 0.001158 0.121875 0.002643
18 0.226548 0.003604 0.012262 0.000835
19 0.119063 0.002492 0.000347 0.000118
20 0.023380 0.000703 0.000059 0.000022
21 0.002825 0.000131 0.000156 0.000038
22 0.000187 0.000018 0.000269 0.000021
23 0.000003 0.000003 0.000166 0.000035
24 0.000000 0.000000 0.000069 0.000015
25 0.000000 0.000000 0.000106 0.000018
26 0.000003 0.000003 0.000094 0.000028
27 0.000006 0.000004 0.000016 0.000008
28 0.000006 0.000004 0.000003 0.000003
29 0.000003 0.000003 0.000000 0.000000
30 0.000000 0.000000 0.000000 0.000000
31 0.000000 0.000000 0.000000 0.000000
32 0.000000 0.000000 0.000000 0.000000
33 0.000000 0.000000 0.000000 0.000000
34 0.000000 0.000000 0.000000 0.000000
35 0.000000 0.000000 0.000000 0.000000
36 0.000000 0.000000 0.000000 0.000000
37 0.000000 0.000000 0.000000 0.000000
38 0.000003 0.000003 0.000003 0.000003
39 0.000056 0.000018 0.000003 0.000003
40 0.000266 0.000032 0.000000 0.000000
41 0.000219 0.000016 0.000000 0.000000
42 0.000025 0.000011 0.000009 0.000009
43 0.000012 0.000009 0.000159 0.000019
44 0.000000 0.000000 0.000747 0.000054
45 0.000000 0.000000 0.003353 0.000194
46 0.000181 0.000019 0.025002 0.001134
47 0.007515 0.000378 0.132681 0.003674
48 0.361869 0.005901 0.014671 0.000539
49 0.459308 0.004028 0.000047 0.000039
50 0.162911 0.001743 0.000000 0.000000
51 0.020149 0.000660 0.000009 0.000003
52 0.001628 0.000079 0.001925 0.000042
53 0.000078 0.000031 0.003569 0.000115
54 0.000009 0.000006 0.020277 0.000437
55 0.000109 0.000029 0.068534 0.001014
56 0.000072 0.000011 0.150008 0.001180
57 0.032898 0.000547 0.575743 0.002448
58 0.696475 0.001090 0.065075 0.002277
59 0.545726 0.005019 0.002466 0.000664
60 0.098970 0.001940 0.000009 0.000006
61 0.006975 0.000419 0.000006 0.000004
62 0.000381 0.000053 0.000925 0.000534
63 0.000044 0.000019 0.002659 0.001112
64 0.000006 0.000004 0.028489 0.001543
65 0.000006 0.000004 0.155348 0.002137
66 0.000075 0.000017 0.308081 0.003185
67 0.166473 0.003601 0.266690 0.001622
68 0.557338 0.004870 0.121344 0.003861
69 0.616029 0.004626 0.004094 0.000525
70 0.151102 0.002766 0.000059 0.000035
71 0.002878 0.000414 0.000006 0.000006
72 0.000325 0.000140 0.000503 0.000395
73 0.000047 0.000028 0.000969 0.000775
74 0.000012 0.000007 0.001347 0.001139
75 0.000019 0.000015 0.001550 0.001382
76 0.000031 0.000031 0.001516 0.001299
77 0.000059 0.000055 0.001437 0.001046
78 0.000125 0.000077 0.002022 0.000912
79 0.000356 0.000082 0.002337 0.000503
80 0.008150 0.000439 0.001091 0.000159
81 0.053922 0.001502 0.000131 0.000011
82 0.271180 0.004285 0.008603 0.000412
83 0.856526 0.001103 0.024214 0.001041
84 0.587749 0.005850 0.338733 0.005635
85 0.000731 0.000313 0.893083 0.000779
86 0.000016 0.000009 0.659989 0.001845
87 0.000019 0.000011 0.303157 0.002315
88 0.000497 0.000066 0.109313 0.002494
89 0.006597 0.000380 0.021643 0.001175
90 0.005093 0.000426 0.000091 0.000087
91 0.005522 0.000525 0.000003 0.000003
92 0.145643 0.001862 0.002253 0.000549
93 0.508459 0.002114 0.026439 0.002146
94 0.311294 0.004521 0.467683 0.003998
95 0.000147 0.000078 0.638431 0.003521
96 0.000022 0.000008 0.272361 0.002336
97 0.000000 0.000000 0.072231 0.000666
98 0.000066 0.000031 0.027602 0.000604
99 0.000422 0.000057 0.012574 0.000330
100 0.002191 0.000110 0.000028 0.000008
101 0.002894 0.000148 0.000000 0.000000
102 0.022796 0.000464 0.000250 0.000060
103 0.097048 0.001179 0.004394 0.000372
104 0.018024 0.000404 0.124288 0.002262
105 0.000087 0.000024 0.082883 0.002175
106 0.000009 0.000003 0.015940 0.000475
107 0.000000 0.000000 0.002147 0.000072
108 0.000003 0.000003 0.000300 0.000042
109 0.000000 0.000000 0.000066 0.000012
110 0.000003 0.000003 0.000000 0.000000
111 0.000000 0.000000 0.000000 0.000000
112 0.000000 0.000000 0.000000 0.000000
113 0.000000 0.000000 0.000000 0.000000
114 0.000000 0.000000 0.000000 0.000000
115 0.000000 0.000000 0.000000 0.000000
116 0.000000 0.000000 0.000000 0.000000
117 0.000000 0.000000 0.000000 0.000000
118 0.000000 0.000000 0.000000 0.000000
119 0.000000 0.000000 0.000000 0.000000
120 0.000000 0.000000 0.000000 0.000000
121 0.000006 0.000004 0.000000 0.000000
122 0.000069 0.000008 0.000000 0.000000
123 0.000272 0.000033 0.000091 0.000014
124 0.000350 0.000094 0.000634 0.000096
125 0.000009 0.000006 0.001059 0.000187
126 0.000003 0.000003 0.001541 0.000265
127 0.000000 0.000000 0.001459 0.000218
128 0.000012 0.000009 0.000981 0.000056
129 0.000322 0.000011 0.000681 0.000084
130 0.004128 0.000155 0.000181 0.000094
131 0.038036 0.000464 0.000062 0.000026
132 0.229235 0.002207 0.003787 0.000385
133 0.309475 0.003911 0.209615 0.003341
134 0.104826 0.001465 0.605845 0.005227
135 0.128744 0.001855 0.477132 0.002773
136 0.002397 0.000441 0.318100 0.003752
137 0.000075 0.000030 0.106363 0.002757
138 0.002131 0.000187 0.038207 0.001372
139 0.011146 0.000847 0.019074 0.000531
140 0.020946 0.000773 0.001194 0.000126
141 0.111166 0.002525 0.000303 0.000053
142 0.248903 0.003562 0.091989 0.002447
143 0.195337 0.001294 0.386824 0.004935
144 0.073731 0.000936 0.554669 0.000318
145 0.031298 0.000711 0.462930 0.002160
146 0.002403 0.000173 0.292079 0.002407
147 0.009628 0.000237 0.173569 0.001753
148 0.200665 0.002014 0.041079 0.001262
149 0.099589 0.002153 0.000453 0.000080
150 0.023189 0.000722 0.000547 0.000034
151 0.008731 0.000727 0.005272 0.000139
152 0.007928 0.000936 0.045591 0.001156
153 0.002522 0.000263 0.158845 0.003351
154 0.001316 0.000335 0.437075 0.004385
155 0.038470 0.000870 0.692662 0.003234
156 0.183610 0.001258 0.558047 0.004985
157 0.269665 0.002354 0.177269 0.004301
158 0.123834 0.001820 0.003750 0.000385
159 0.017596 0.000549 0.000034 0.000015
160 0.004375 0.000206 0.003690 0.000259
161 0.010737 0.000288 0.009021 0.000515
162 0.004140 0.000173 0.037286 0.000871
163 0.000378 0.000049 0.093742 0.001951
164 0.001634 0.000134 0.165801 0.003073
165 0.012915 0.000602 0.230054 0.004134
166 0.041107 0.001572 0.091574 0.001697
167 0.035754 0.000661 0.012140 0.000643
168 0.007290 0.000238 0.000200 0.000016
169 0.000306 0.000032 0.000000 0.000000
170 0.000025 0.000007 0.000000 0.000000
171 0.000009 0.000003 0.000000 0.000000
172 0.000000 0.000000 0.000000 0.000000
173 0.000000 0.000000 0.000003 0.000003
174 0.000000 0.000000 0.000000 0.000000
175 0.000000 0.000000 0.000000 0.000000
176 0.000000 0.000000 0.000000 0.000000
177 0.000000 0.000000 0.000000 0.000000
178 0.000000 0.000000 0.000000 0.000000
179 0.000000 0.000000 0.000000 0.000000
180 0.000000 0.000000 0.000000 0.000000
181 0.000000 0.000000 0.000000 0.000000
182 0.000000 0.000000 0.000003 0.000003
183 0.000000 0.000000 0.000009 0.000006
184 0.000000 0.000000 0.000091 0.000014
185 0.000047 0.000016 0.000337 0.000034
186 0.001428 0.000071 0.000169 0.000013
187 0.003569 0.000169 0.000037 0.000012
188 0.001819 0.000050 0.000000 0.000000
189 0.000184 0.000009 0.000000 0.000000
190 0.000469 0.000027 0.000000 0.000000
191 0.002187 0.000102 0.000497 0.000040
192 0.000078 0.000013 0.010724 0.000294
193 0.000153 0.000012 0.063581 0.001501
194 0.000022 0.000008 0.248097 0.004323
195 0.002690 0.000229 0.475614 0.006213
196 0.448371 0.004755 0.044282 0.001634
197 0.156245 0.001087 0.006425 0.000771
198 0.015480 0.000752 0.000025 0.000015
199 0.004675 0.000118 0.000003 0.000003
200 0.002765 0.000170 0.000012 0.000009
201 0.005715 0.000451 0.006081 0.000171
202 0.000281 0.000036 0.056482 0.001355
203 0.000059 0.000039 0.233435 0.001883
204 0.000006 0.000004 0.530205 0.002165
205 0.001941 0.000164 0.745613 0.001715
206 0.352820 0.003753 0.212942 0.003554
207 0.109026 0.001039 0.007181 0.000878
208 0.012040 0.000599 0.000278 0.000108
209 0.003915 0.000434 0.000000 0.000000
210 0.007509 0.000628 0.000094 0.000081
211 0.008184 0.000307 0.036648 0.001120
212 0.000778 0.000100 0.231010 0.002440
213 0.001559 0.000127 0.499288 0.002560
214 0.007796 0.000097 0.593708 0.001959
215 0.123078 0.001664 0.600411 0.003456
216 0.301229 0.002102 0.145733 0.004354
217 0.184788 0.002234 0.034576 0.000838
218 0.043623 0.000423 0.001300 0.000092
219 0.002175 0.000142 0.000106 0.000024
220 0.000184 0.000143 0.000000 0.000000
221 0.000362 0.000255 0.000012 0.000005
222 0.001209 0.000505 0.000084 0.000039
223 0.002156 0.000753 0.000919 0.000443
224 0.000075 0.000026 0.004140 0.001492
225 0.000003 0.000003 0.004237 0.001741
226 0.000000 0.000000 0.002481 0.001592
227 0.000219 0.000015 0.001706 0.001237
228 0.012346 0.001041 0.000478 0.000283
229 0.287242 0.008412 0.000066 0.000011
230 0.758740 0.002956 0.000103 0.000003
231 0.855107 0.000594 0.000537 0.000062
232 0.759843 0.001417 0.002159 0.000441
233 0.493688 0.007136 0.124344 0.004713
234 0.003865 0.000073 0.293479 0.001765
235 0.000000 0.000000 0.048776 0.000762
236 0.000003 0.000003 0.008100 0.000444
237 0.000116 0.000033 0.001294 0.000196
238 0.005503 0.000545 0.000066 0.000009
239 0.161117 0.002746 0.000037 0.000014
240 0.579727 0.005016 0.001125 0.000069
241 0.834865 0.002722 0.000216 0.000022
242 0.784839 0.002765 0.005200 0.000375
243 0.382568 0.003361 0.120103 0.000619
244 0.001216 0.000107 0.150567 0.002087
245 0.000000 0.000000 0.022365 0.001043
246 0.000000 0.000000 0.005768 0.000245
247 0.000575 0.000071 0.001481 0.000060
248 0.003100 0.000211 0.000059 0.000012
249 0.015584 0.000467 0.000187 0.000049
250 0.055441 0.001974 0.000012 0.000009
251 0.044679 0.001838 0.000028 0.000014
252 0.011628 0.000793 0.000700 0.000078
253 0.000422 0.000038 0.001072 0.000104
254 0.000000 0.000000 0.000209 0.000016
255 0.000000 0.000000 0.000012 0.000005
256 0.000000 0.000000 0.000000 0.000000
257 0.000000 0.000000 0.000000 0.000000
258 0.000000 0.000000 0.000000 0.000000
259 0.000000 0.000000 0.000000 0.000000
260 0.000000 0.000000 0.000000 0.000000
261 0.000000 0.000000 0.000000 0.000000
262 0.000000 0.000000 0.000000 0.000000
263 0.000000 0.000000 0.000000 0.000000
264 0.000000 0.000000 0.000000 0.000000
265 0.000000 0.000000 0.000000 0.000000
266 0.000000 0.000000 0.000000 0.000000
267 0.000000 0.000000 0.000000 0.000000
268 0.000022 0.000011 0.000009 0.000009
269 0.000350 0.000051 0.000000 0.000000
270 0.002462 0.000140 0.000000 0.000000
271 0.008287 0.000473 0.000012 0.000005
272 0.011346 0.000497 0.000206 0.000063
273 0.006747 0.000462 0.004625 0.000165
274 0.001625 0.000123 0.008868 0.000270
275 0.000772 0.000025 0.015265 0.000510
276 0.000272 0.000103 0.016296 0.000535
277 0.000503 0.000097 0.007065 0.000191
278 0.010340 0.000388 0.002006 0.000176
279 0.135412 0.002369 0.000169 0.000065
280 0.370138 0.005835 0.000084 0.000029
281 0.561356 0.006287 0.005306 0.000677
282 0.391987 0.004361 0.068647 0.001363
283 0.131234 0.005338 0.160636 0.001514
284 0.025986 0.002026 0.113922 0.002413
285 0.003134 0.000479 0.057550 0.001926
286 0.001394 0.000242 0.027889 0.000970
287 0.012862 0.000864 0.006934 0.000153
288 0.078112 0.003468 0.001991 0.000124
289 0.260487 0.005971 0.000562 0.000040
290 0.482407 0.006260 0.000619 0.000101
291 0.551135 0.002796 0.014690 0.000642
292 0.394958 0.005356 0.040476 0.000683
293 0.145571 0.004846 0.068772 0.001282
294 0.018183 0.001584 0.095639 0.001444
