DNA_Base Inside_Mean Inside_SEM Outside_Mean Outside_SEM
1 0.118153 0.012633 0.002184 0.000430
2 0.051872 0.005926 0.010490 0.002004
3 0.006262 0.000591 0.013077 0.001475
4 0.000681 0.000092 0.016049 0.001358
5 0.000500 0.000174 0.052047 0.007980
6 0.003831 0.000674 0.140130 0.027751
7 0.133928 0.034382 0.197728 0.035132
8 0.359801 0.076975 0.127031 0.020179
9 0.425029 0.079762 0.004684 0.000869
10 0.275824 0.053148 0.000322 0.000082
11 0.096420 0.019882 0.000403 0.000109
12 0.017668 0.003847 0.001256 0.000267
13 0.002022 0.000421 0.005000 0.001054
14 0.000066 0.000031 0.013434 0.003721
15 0.000597 0.000211 0.043601 0.013483
16 0.004428 0.001645 0.108251 0.036072
17 0.124572 0.052917 0.091461 0.025561
18 0.214567 0.084949 0.007521 0.002948
19 0.124919 0.054337 0.000044 0.000023
20 0.033005 0.017388 0.000012 0.000007
21 0.007881 0.004678 0.000444 0.000265
22 0.000522 0.000280 0.000537 0.000295
23 0.000012 0.000007 0.000678 0.000355
24 0.000000 0.000000 0.001031 0.000524
25 0.000000 0.000000 0.003244 0.001511
26 0.000194 0.000056 0.005756 0.001993
27 0.008131 0.002467 0.005434 0.001979
28 0.022602 0.011335 0.002690 0.001681
29 0.023449 0.013088 0.000241 0.000208
30 0.017368 0.011331 0.000006 0.000006
31 0.008296 0.005608 0.000025 0.000021
32 0.000931 0.000638 0.000291 0.000168
33 0.000159 0.000125 0.000666 0.000382
34 0.000003 0.000003 0.001244 0.000789
35 0.000000 0.000000 0.005968 0.003603
36 0.000400 0.000295 0.031498 0.018277
37 0.038236 0.024444 0.048369 0.028957
38 0.125897 0.072828 0.007568 0.004579
39 0.123084 0.070973 0.001319 0.000914
40 0.065119 0.037416 0.000003 0.000003
41 0.013574 0.007770 0.000009 0.000009
42 0.000728 0.000378 0.000131 0.000069
43 0.000069 0.000040 0.000997 0.000400
44 0.000006 0.000004 0.004806 0.002074
45 0.000000 0.000000 0.018193 0.008139
46 0.002531 0.001576 0.086314 0.038945
47 0.064719 0.039196 0.170501 0.064024
48 0.333780 0.126815 0.025939 0.013546
49 0.276667 0.099163 0.000269 0.000173
50 0.065569 0.023335 0.000000 0.000000
51 0.006997 0.002560 0.000191 0.000081
52 0.001781 0.000691 0.005822 0.002094
53 0.000109 0.000032 0.016049 0.005094
54 0.000009 0.000009 0.052101 0.016804
55 0.000478 0.000289 0.106379 0.032314
56 0.001987 0.001344 0.173026 0.042947
57 0.060981 0.027503 0.300160 0.073446
58 0.322909 0.078875 0.034217 0.010976
59 0.202849 0.052937 0.004809 0.002583
60 0.035042 0.009474 0.000137 0.000091
61 0.012659 0.001992 0.002191 0.001082
62 0.009690 0.002755 0.041645 0.011950
63 0.002131 0.001120 0.100761 0.022700
64 0.000597 0.000350 0.152880 0.025336
65 0.000044 0.000008 0.221139 0.030401
66 0.003453 0.000308 0.326106 0.049012
67 0.116141 0.026208 0.271646 0.046328
68 0.303760 0.088055 0.069018 0.010492
69 0.227098 0.075667 0.007771 0.001889
70 0.086808 0.029139 0.000509 0.000159
71 0.088614 0.026274 0.012531 0.008357
72 0.059569 0.023334 0.085986 0.030581
73 0.041970 0.021520 0.154008 0.035281
74 0.010440 0.005462 0.212355 0.038900
75 0.002053 0.000544 0.224579 0.037501
76 0.002100 0.000534 0.224898 0.046544
77 0.004075 0.001325 0.213421 0.054670
78 0.015805 0.005071 0.187038 0.056976
79 0.085508 0.040139 0.079537 0.018693
80 0.084827 0.030438 0.013574 0.003030
81 0.049298 0.012347 0.000300 0.000104
82 0.082621 0.035027 0.002494 0.000948
83 0.254303 0.085622 0.014568 0.003934
84 0.110263 0.029826 0.337158 0.040724
85 0.000812 0.000332 0.489263 0.054383
86 0.000009 0.000006 0.405317 0.033266
87 0.000059 0.000021 0.267074 0.029162
88 0.003437 0.000917 0.128828 0.016073
89 0.029258 0.007294 0.024905 0.003563
90 0.020021 0.005360 0.000287 0.000061
91 0.021074 0.009681 0.000000 0.000000
92 0.175810 0.054595 0.004081 0.001407
93 0.366232 0.054365 0.054841 0.023310
94 0.103629 0.011629 0.487460 0.099974
95 0.000172 0.000089 0.533936 0.119396
96 0.000019 0.000015 0.276464 0.078580
97 0.000003 0.000003 0.085308 0.028544
98 0.000156 0.000091 0.027749 0.009471
99 0.003462 0.001924 0.008237 0.002213
100 0.002481 0.001146 0.000056 0.000019
101 0.004972 0.002254 0.000003 0.000003
102 0.083299 0.038912 0.001297 0.000781
103 0.257215 0.110029 0.046738 0.027618
104 0.019187 0.006229 0.354289 0.155326
105 0.000166 0.000056 0.222280 0.095989
106 0.000019 0.000011 0.077362 0.036878
107 0.000009 0.000006 0.025124 0.012714
108 0.000262 0.000170 0.008556 0.004465
109 0.000944 0.000513 0.002466 0.001336
110 0.000784 0.000474 0.000034 0.000019
111 0.004287 0.002830 0.000009 0.000009
112 0.021815 0.014331 0.001041 0.000750
113 0.019993 0.013346 0.026749 0.017993
114 0.004703 0.003330 0.033261 0.022382
115 0.000022 0.000013 0.017215 0.011917
116 0.000000 0.000000 0.004662 0.003297
117 0.000012 0.000012 0.001237 0.000886
118 0.000037 0.000025 0.000362 0.000212
119 0.000203 0.000098 0.000053 0.000028
120 0.000706 0.000392 0.000003 0.000003
121 0.006828 0.004000 0.000000 0.000000
122 0.036995 0.021439 0.000441 0.000271
123 0.057541 0.033042 0.024061 0.014268
124 0.018215 0.010557 0.071821 0.041311
125 0.000669 0.000392 0.059525 0.034153
126 0.000044 0.000030 0.046329 0.026614
127 0.000006 0.000004 0.024305 0.013989
128 0.000137 0.000078 0.009490 0.005501
129 0.001147 0.000650 0.002609 0.001518
130 0.003194 0.001678 0.000234 0.000133
131 0.021749 0.011504 0.000047 0.000030
132 0.111701 0.057587 0.001650 0.000913
133 0.147265 0.072168 0.087061 0.041957
134 0.048782 0.024736 0.299301 0.141055
135 0.047498 0.023478 0.259565 0.121598
136 0.000537 0.000306 0.145777 0.066710
137 0.000037 0.000018 0.047644 0.021104
138 0.001603 0.000498 0.018058 0.007614
139 0.008959 0.001834 0.006953 0.003287
140 0.020268 0.003671 0.000434 0.000251
141 0.079071 0.017140 0.000337 0.000056
142 0.201393 0.061211 0.032470 0.010872
143 0.145340 0.057130 0.224301 0.072031
144 0.041954 0.019932 0.302238 0.103607
145 0.009225 0.004254 0.204259 0.071654
146 0.000534 0.000181 0.098451 0.032981
147 0.002444 0.000608 0.053760 0.015133
148 0.116482 0.025696 0.014749 0.004165
149 0.084793 0.016104 0.000353 0.000089
150 0.033748 0.005118 0.000269 0.000132
151 0.011868 0.003290 0.002150 0.001059
152 0.006018 0.001138 0.017955 0.007586
153 0.001012 0.000304 0.068537 0.027842
154 0.000225 0.000134 0.203405 0.083789
155 0.008503 0.004071 0.356045 0.145168
156 0.057128 0.025923 0.298585 0.118008
157 0.115447 0.044075 0.070971 0.029686
158 0.047498 0.018989 0.001887 0.000839
159 0.007931 0.003443 0.000022 0.000015
160 0.003784 0.001854 0.001844 0.001024
161 0.007378 0.003690 0.005600 0.003167
162 0.002637 0.001325 0.025505 0.013515
163 0.000147 0.000081 0.067340 0.035678
164 0.000819 0.000472 0.142955 0.076925
165 0.009825 0.005314 0.208665 0.113162
166 0.061331 0.034892 0.123547 0.068639
167 0.098854 0.055855 0.011565 0.006640
168 0.039945 0.023005 0.000347 0.000215
169 0.009625 0.005628 0.000003 0.000003
170 0.001994 0.001168 0.000016 0.000012
171 0.000922 0.000532 0.000412 0.000239
172 0.000350 0.000202 0.003056 0.001707
173 0.000012 0.000009 0.007696 0.004148
174 0.000003 0.000003 0.012053 0.005322
175 0.000144 0.000028 0.017402 0.005193
176 0.003272 0.000960 0.014287 0.003349
177 0.007503 0.002241 0.003125 0.001629
178 0.003556 0.002186 0.000800 0.000558
179 0.000775 0.000503 0.000006 0.000006
180 0.000169 0.000106 0.000003 0.000003
181 0.000347 0.000187 0.000125 0.000074
182 0.000694 0.000362 0.001869 0.001052
183 0.000037 0.000027 0.012771 0.007483
184 0.000006 0.000006 0.049566 0.029120
185 0.003509 0.002052 0.113410 0.065180
186 0.108623 0.060170 0.078302 0.043644
187 0.152374 0.081671 0.014277 0.009194
188 0.044801 0.023839 0.000756 0.000511
189 0.001625 0.000886 0.000003 0.000003
190 0.001259 0.000715 0.000000 0.000000
191 0.003365 0.001735 0.000575 0.000210
192 0.000803 0.000561 0.010809 0.004037
193 0.000156 0.000081 0.063431 0.019602
194 0.000053 0.000021 0.248372 0.073612
195 0.003662 0.001392 0.449074 0.123634
196 0.221892 0.023092 0.244553 0.111922
197 0.161264 0.048117 0.008353 0.003242
198 0.014906 0.004053 0.000037 0.000009
199 0.006934 0.002175 0.000000 0.000000
200 0.011221 0.004535 0.000056 0.000023
201 0.022255 0.008260 0.012774 0.004654
202 0.005300 0.002758 0.102457 0.033065
203 0.000341 0.000127 0.270586 0.072792
204 0.000034 0.000014 0.467302 0.096820
205 0.003190 0.000390 0.603973 0.105418
206 0.140430 0.015558 0.408955 0.105707
207 0.213730 0.075162 0.015330 0.004003
208 0.057444 0.024020 0.000131 0.000050
209 0.027695 0.006141 0.000003 0.000003
210 0.074106 0.020765 0.000506 0.000207
211 0.086646 0.027731 0.044985 0.008502
212 0.008946 0.002454 0.210864 0.029145
213 0.002653 0.000658 0.345623 0.075075
214 0.002175 0.001041 0.392793 0.099057
215 0.034920 0.015087 0.353376 0.102532
216 0.121903 0.050149 0.130950 0.031601
217 0.069418 0.022053 0.015790 0.005385
218 0.061219 0.015184 0.002094 0.000480
219 0.107991 0.044374 0.001478 0.000463
220 0.181553 0.077393 0.002197 0.000772
221 0.211693 0.079569 0.011640 0.003941
222 0.183916 0.053476 0.068434 0.019065
223 0.105370 0.020669 0.163770 0.028318
224 0.009800 0.000923 0.251647 0.025766
225 0.000447 0.000203 0.255106 0.019887
226 0.008675 0.005049 0.217111 0.030642
227 0.024261 0.011725 0.145011 0.031040
228 0.067378 0.028617 0.033539 0.008859
229 0.058616 0.018726 0.001278 0.000939
230 0.224017 0.042005 0.000078 0.000033
231 0.398899 0.074187 0.001203 0.000520
232 0.365388 0.069711 0.007053 0.002240
233 0.225270 0.045638 0.092980 0.017516
234 0.013624 0.002296 0.218255 0.039860
235 0.000066 0.000031 0.097442 0.012507
236 0.000397 0.000213 0.042192 0.005057
237 0.000847 0.000305 0.015834 0.001721
238 0.005747 0.001862 0.001191 0.000319
239 0.060122 0.019351 0.000066 0.000057
240 0.231748 0.072882 0.001416 0.000786
241 0.399921 0.125946 0.000175 0.000096
242 0.426410 0.136634 0.003350 0.001281
243 0.258437 0.086533 0.073615 0.025120
244 0.027367 0.019352 0.121938 0.037708
245 0.000034 0.000020 0.040523 0.014748
246 0.000000 0.000000 0.010243 0.002806
247 0.000409 0.000182 0.003384 0.001013
248 0.003562 0.001364 0.000372 0.000187
249 0.026358 0.012873 0.000187 0.000080
250 0.121722 0.059389 0.000194 0.000108
251 0.212971 0.109753 0.000984 0.000668
252 0.178263 0.097939 0.014762 0.008182
253 0.054110 0.033088 0.046541 0.025872
254 0.000750 0.000599 0.032470 0.018517
255 0.000000 0.000000 0.013896 0.008064
256 0.000003 0.000003 0.003419 0.002200
257 0.000187 0.000133 0.001053 0.000770
258 0.002581 0.001699 0.000247 0.000193
259 0.022465 0.014018 0.000000 0.000000
260 0.058175 0.035911 0.000006 0.000006
261 0.076106 0.046228 0.001131 0.000899
262 0.048888 0.030229 0.001591 0.001097
263 0.009812 0.006158 0.011921 0.007992
264 0.000234 0.000176 0.006487 0.004256
265 0.000000 0.000000 0.002341 0.001516
266 0.000000 0.000000 0.000384 0.000200
267 0.000019 0.000011 0.000059 0.000014
268 0.000297 0.000111 0.000162 0.000073
269 0.006350 0.003627 0.000037 0.000020
270 0.027155 0.016829 0.000006 0.000006
271 0.050876 0.031953 0.000019 0.000008
272 0.049157 0.030149 0.000372 0.000219
273 0.025074 0.015272 0.009618 0.005371
274 0.005122 0.003127 0.017777 0.009821
275 0.000531 0.000250 0.023789 0.012169
276 0.000053 0.000033 0.020127 0.009355
277 0.000097 0.000030 0.006893 0.002703
278 0.006034 0.001925 0.001359 0.000424
279 0.090861 0.025638 0.000041 0.000011
280 0.251050 0.064356 0.000012 0.000012
281 0.410070 0.105941 0.001047 0.000289
282 0.306485 0.086450 0.045707 0.009705
283 0.089492 0.026702 0.117182 0.024031
284 0.011984 0.002544 0.079337 0.016640
285 0.000712 0.000167 0.034461 0.005728
286 0.000362 0.000064 0.018024 0.002319
287 0.010774 0.000943 0.007393 0.000774
288 0.073599 0.012456 0.003231 0.000448
289 0.238497 0.045165 0.000866 0.000212
290 0.429450 0.085647 0.000419 0.000111
291 0.473170 0.095384 0.006018 0.000812
292 0.312047 0.060530 0.020630 0.002279
293 0.101076 0.018524 0.049010 0.005530
294 0.008900 0.001210 0.071409 0.008082
