0 0
1 0
2 0
3 3
4 1
5 0
6 1
7 0
8 0
9 2
10 0
11 1
12 0
13 0
14 0
15 0
16 0
17 0
18 0
19 0
20 0
21 0
22 0
23 0
24 0
25 0
26 0
27 0
28 0
29 0
30 0
31 0
32 0
33 0
34 0
35 0
36 0
37 0
38 0
39 0
40 0
41 0
42 0
43 0
44 0
45 0
46 0
47 0
48 0
49 0
50 0
51 0
52 0
53 0
54 0
55 0
56 0
57 0
58 0
59 0
60 0
61 1
62 0
63 0
64 0
65 0
66 1
67 1
68 0
69 1
70 0
71 0
72 0
73 0
74 0
75 0
76 0
77 0
78 0
79 0
80 0
81 0
82 0
83 0
84 0
85 0
86 0
87 0
88 0
89 0
90 0
91 0
92 0
93 0
94 0
95 0
96 0
97 0
98 0
99 0
100 0
101 0
102 0
103 0
104 0
105 0
106 0
107 0
108 0
109 0
110 0
111 0
112 0
113 0
114 0
115 0
116 0
117 0
118 0
119 0
120 0
121 0
122 0
123 0
124 0
125 0
126 0
127 0
128 2
129 1
130 2
131 2
132 0
133 2
134 1
135 1
136 1
137 2
138 2
139 2
140 0
141 0
142 0
143 1
144 2
145 1
146 2
147 0
148 1
149 2
150 2
151 0
152 0
153 0
154 0
155 0
156 0
157 0
158 2
159 0
160 0
161 0
162 0
163 1
164 0
165 0
166 2
167 1
168 2
169 0
170 1
171 2
172 0
173 1
174 0
175 2
176 1
177 0
178 2
179 1
180 2
181 1
182 0
183 1
184 0
185 0
186 0
187 0
188 0
189 0
190 0
191 0
192 0
193 0
194 0
195 0
196 0
197 0
198 0
199 0
200 0
201 0
202 0
203 0
204 0
205 0
206 0
207 0
208 0
209 0
210 0
211 0
212 0
213 0
214 0
215 0
216 0
217 0
218 0
219 1
220 0
221 0
222 0
223 0
224 0
225 0
226 2
227 1
228 0
229 0
230 0
231 0
232 0
233 0
234 0
235 0
236 0
237 0
238 0
239 0
240 0
241 0
242 0
243 0
244 0
245 0
246 0
247 0
248 0
249 0
250 0
251 0
252 0
253 0
254 0
255 0
256 0
257 0
258 0
259 0
260 0
261 0
262 0
263 0
264 0
265 0
266 0
267 0
268 0
269 0
270 0
271 0
272 0
273 0
274 0
275 0
276 0
277 0
278 0
279 0
280 0
281 0
282 0
283 0
284 0
285 0
286 0
287 0
288 0
289 0
290 0
291 0
292 0
293 0
294 0
295 0
296 0
297 0
298 0
299 0
300 0
301 0
302 0
303 0
304 0
305 0
306 0
307 0
308 0
309 0
310 0
311 0
312 0
313 0
314 0
315 0
316 0
317 0
318 0
319 0
320 0
321 0
322 0
323 0
324 0
325 0
326 0
327 0
328 0
329 0
330 0
331 0
332 0
333 0
334 0
335 0
336 0
337 0
338 0
339 0
340 0
341 0
342 0
343 0
344 0
345 0
346 0
347 0
348 0
349 0
350 0
351 0
352 0
353 0
354 0
355 0
356 0
357 0
358 0
359 0
360 0
361 0
362 0
363 0
364 0
365 0
366 0
367 0
368 0
369 0
370 0
371 0
372 0
373 0
374 0
375 0
376 0
377 0
378 0
379 0
380 0
381 0
382 0
383 0
384 0
385 0
386 0
387 0
388 0
389 2
390 0
391 2
392 0
393 0
394 0
395 0
396 0
397 0
398 0
399 0
400 0
401 0
402 0
403 0
404 0
405 0
406 1
407 1
408 0
409 0
410 0
411 0
412 0
413 0
414 0
415 0
416 0
417 0
418 0
419 0
420 0
421 0
422 1
423 0
424 0
425 1
426 0
427 0
428 1
429 0
430 0
431 0
432 0
433 0
434 0
435 0
436 0
437 0
438 0
439 0
440 0
441 0
442 0
443 0
444 0
445 0
446 0
447 0
448 0
449 0
450 0
451 0
452 0
453 0
454 0
455 0
456 0
457 0
458 1
459 0
460 0
461 0
462 0
463 0
464 0
465 4
466 2
467 1
468 1
469 1
470 1
471 0
472 1
473 0
474 0
475 1
476 0
477 0
478 0
479 0
480 0
481 0
482 0
483 0
484 0
485 1
486 0
487 0
488 1
489 0
490 1
491 2
492 1
493 1
494 3
495 2
496 1
497 1
498 1
499 2
500 0
501 0
502 0
503 0
504 1
505 0
506 1
507 1
508 2
509 2
510 2
511 2
512 0
513 1
514 2
515 1
516 2
517 1
518 2
519 2
520 0
521 0
522 0
523 1
524 1
525 1
526 2
527 2
528 1
529 0
530 0
531 0
532 1
533 0
534 1
535 1
536 0
537 1
538 0
539 1
540 0
541 0
542 1
543 1
544 1
545 1
546 2
547 2
548 2
549 0
550 2
551 2
552 1
553 1
554 2
555 1
556 2
557 2
558 1
559 1
560 0
561 0
562 0
563 0
564 0
565 0
566 0
567 0
568 0
569 1
570 1
571 2
572 0
573 2
574 1
575 1
576 1
577 0
578 0
579 1
580 0
581 1
582 1
583 3
584 3
585 0
586 0
587 2
588 2
589 1
590 1
591 0
592 1
593 0
594 3
595 3
596 0
597 0
598 0
599 1
600 0
601 0
602 1
603 0
604 0
605 0
606 0
607 0
608 0
609 1
610 0
611 0
612 0
613 0
614 0
615 0
616 0
617 0
618 0
619 1
620 0
621 0
622 0
623 1
624 1
625 0
626 1
627 1
628 0
629 0
630 0
631 0
632 0
633 0
634 0
635 0
636 0
637 0
638 0
639 0
640 0
641 0
642 0
643 0
644 0
645 0
646 0
647 0
648 0
649 0
650 0
651 0
652 0
653 0
654 1
655 1
656 0
657 2
658 1
659 2
660 1
661 2
662 1
663 2
664 1
665 2
666 1
667 1
668 1
669 1
670 1
671 0
672 1
673 0
674 0
675 0
676 0
677 1
678 1
679 0
680 0
681 1
682 2
683 1
684 0
685 0
686 1
687 1
688 1
689 1
690 1
691 1
692 0
693 1
694 1
695 0
696 1
697 1
698 1
699 2
700 1
701 1
702 1
703 1
704 0
705 1
706 0
707 1
708 1
709 1
710 1
711 1
712 1
713 1
714 1
715 1
716 1
717 2
718 1
719 0
720 2
721 1
722 2
723 1
724 1
725 1
726 1
727 1
728 2
729 1
730 1
731 1
732 1
733 1
734 1
735 1
736 1
737 1
738 0
739 1
740 1
741 1
742 1
743 0
744 2
745 2
746 1
747 0
748 1
749 1
750 1
751 1
752 0
753 1
754 1
755 1
756 2
757 1
758 1
759 2
760 1
761 1
762 1
763 2
764 1
765 2
766 0
767 1
768 0
769 0
770 0
771 1
772 1
773 1
774 1
775 1
776 1
777 1
778 1
779 1
780 0
781 1
782 1
783 1
784 2
785 1
786 0
787 0
788 1
789 2
790 1
791 1
792 1
793 1
794 1
795 1
796 0
797 1
798 1
799 1
800 1
801 1
802 1
803 1
804 1
805 1
806 1
807 1
808 1
809 2
810 1
811 1
812 1
813 1
814 1
815 0
816 1
817 1
818 1
819 1
820 1
821 2
822 2
823 0
824 1
825 0
826 1
827 1
828 1
829 0
830 1
831 1
832 1
833 1
834 0
835 1
836 1
837 1
838 1
839 2
840 1
841 1
842 1
843 1
844 2
845 1
846 1
847 2
848 2
849 2
850 0
851 2
852 1
853 1
854 0
855 1
856 1
857 1
858 1
859 0
860 1
861 1
862 1
863 1
864 1
865 0
866 1
867 2
868 1
869 1
870 1
871 2
872 1
873 1
874 0
875 1
876 1
877 0
878 0
879 1
880 0
881 1
882 1
883 0
884 0
885 1
886 0
887 1
888 1
889 1
890 1
891 1
892 1
893 0
894 0
895 0
896 0
897 1
898 1
899 1
900 2
901 1
902 1
903 1
904 1
905 2
906 0
907 1
908 1
909 1
910 0
911 1
912 1
913 1
914 0
915 1
916 1
917 1
918 0
919 1
920 2
921 1
922 1
923 1
924 0
925 1
926 1
927 1
928 1
929 1
930 1
931 2
932 2
933 1
934 0
935 1
936 0
937 1
938 1
939 1
940 2
941 0
942 2
943 2
944 2
945 0
946 0
947 0
948 1
949 1
950 1
951 1
952 0
953 1
954 1
955 1
956 3
957 0
958 2
959 1
960 0
961 2
962 1
963 1
964 0
965 0
966 1
967 1
968 1
969 1
970 1
971 1
972 1
973 2
974 2
975 1
976 0
977 0
978 0
979 2
980 0
981 1
982 1
983 1
984 0
985 2
986 1
987 0
988 1
989 2
990 1
991 0
992 1
993 1
994 0
995 1
996 1
997 1
998 1
999 1
1000 2
1001 1
1002 2
1003 0
1004 2
1005 4
1006 2
1007 2
1008 2
1009 2
1010 0
1011 1
1012 1
1013 0
1014 1
1015 2
1016 2
1017 1
1018 0
1019 1
1020 0
1021 0
1022 1
1023 1
1024 1
1025 0
1026 1
1027 2
1028 0
1029 1
1030 1
1031 0
1032 1
1033 1
1034 0
1035 0
1036 0
1037 1
1038 0
1039 0
1040 0
1041 1
1042 3
1043 0
1044 3
1045 2
1046 0
1047 1
1048 1
1049 1
1050 1
1051 1
1052 1
1053 1
1054 2
1055 1
1056 1
1057 1
1058 0
1059 2
1060 0
1061 1
1062 2
1063 1
1064 2
1065 2
1066 2
1067 3
1068 2
1069 1
1070 1
1071 1
1072 0
1073 2
1074 2
1075 1
1076 2
1077 1
1078 1
1079 2
1080 1
1081 0
1082 2
1083 3
1084 0
1085 3
1086 1
1087 2
1088 0
1089 0
1090 1
1091 1
1092 0
1093 1
1094 0
1095 1
1096 0
1097 0
1098 0
1099 1
1100 0
1101 1
1102 0
1103 0
1104 0
1105 2
1106 0
1107 0
1108 0
1109 0
1110 0
1111 1
1112 1
1113 1
1114 2
1115 1
1116 1
1117 1
1118 2
1119 1
1120 2
1121 2
1122 2
1123 1
1124 1
1125 2
1126 1
1127 0
1128 0
1129 1
1130 1
1131 0
1132 1
1133 2
1134 2
1135 1
1136 0
1137 1
1138 1
1139 0
1140 1
1141 1
1142 1
1143 2
1144 0
1145 0
1146 1
1147 1
1148 1
1149 2
1150 1
1151 1
1152 1
1153 1
1154 1
1155 3
1156 1
1157 0
1158 2
1159 0
1160 0
1161 0
1162 1
1163 1
1164 1
1165 0
1166 1
1167 1
1168 2
1169 1
1170 2
1171 1
1172 0
1173 1
1174 2
1175 0
1176 2
1177 1
1178 1
1179 1
1180 0
1181 3
1182 2
1183 1
1184 2
1185 2
1186 1
1187 1
1188 1
1189 0
1190 2
1191 1
1192 1
1193 1
1194 1
1195 1
1196 1
1197 1
1198 0
1199 1
1200 1
1201 2
1202 2
1203 1
1204 1
1205 0
1206 2
1207 1
1208 2
1209 1
1210 1
1211 2
1212 2
1213 2
1214 0
1215 1
1216 0
1217 0
1218 2
1219 2
1220 1
1221 0
1222 2
1223 1
1224 0
1225 0
1226 0
1227 2
1228 2
1229 0
1230 0
1231 0
1232 0
1233 2
1234 1
1235 0
1236 0
1237 0
1238 0
1239 0
1240 0
1241 0
1242 1
1243 1
1244 1
1245 0
1246 1
1247 1
1248 2
1249 2
1250 2
1251 2
1252 2
1253 2
1254 2
1255 1
1256 1
1257 1
1258 0
1259 0
1260 2
1261 2
1262 0
1263 1
1264 2
1265 2
1266 2
1267 1
1268 2
1269 2
1270 0
1271 0
1272 0
1273 0
1274 0
1275 0
1276 0
1277 0
1278 0
1279 1
1280 2
1281 0
1282 1
1283 0
1284 1
1285 1
1286 1
1287 1
1288 0
1289 2
1290 1
1291 1
1292 1
1293 0
1294 0
1295 0
1296 3
1297 1
1298 0
1299 1
1300 2
1301 1
1302 1
1303 0
1304 2
1305 0
1306 1
1307 1
1308 0
1309 2
1310 1
1311 1
1312 0
1313 2
1314 0
1315 1
1316 1
1317 0
1318 1
1319 1
1320 1
1321 3
1322 2
1323 1
1324 1
1325 1
1326 1
1327 0
1328 2
1329 1
1330 1
1331 1
1332 0
1333 1
1334 0
1335 1
1336 2
1337 1
1338 1
1339 0
1340 2
1341 2
1342 2
1343 1
1344 0
1345 3
1346 1
1347 2
1348 3
1349 2
1350 2
1351 2
1352 2
1353 2
1354 2
1355 2
1356 1
1357 0
1358 0
1359 1
1360 2
1361 3
1362 1
1363 0
1364 0
1365 2
1366 1
1367 1
1368 1
1369 0
1370 2
1371 1
1372 0
1373 1
1374 0
1375 1
1376 1
1377 0
1378 1
1379 0
1380 0
1381 0
1382 2
1383 0
1384 0
1385 1
1386 1
1387 1
1388 3
1389 1
1390 1
1391 0
1392 1
1393 1
1394 1
1395 0
1396 0
1397 0
1398 1
1399 0
1400 0
1401 0
1402 0
1403 0
1404 0
1405 0
1406 0
1407 2
1408 0
1409 0
1410 0
1411 1
1412 1
1413 3
1414 2
1415 1
1416 1
1417 1
1418 0
1419 1
1420 1
1421 2
1422 1
1423 3
1424 1
1425 2
1426 1
1427 0
1428 0
1429 1
1430 1
1431 0
1432 1
1433 2
1434 0
1435 0
1436 1
1437 0
1438 0
1439 0
1440 0
1441 0
1442 0
1443 2
1444 0
1445 0
1446 1
1447 0
1448 2
1449 1
1450 0
1451 2
1452 1
1453 0
1454 0
1455 0
1456 0
1457 0
1458 0
1459 1
1460 0
1461 1
1462 0
1463 2
1464 0
1465 0
1466 1
1467 0
1468 0
1469 0
1470 0
1471 0
1472 0
1473 0
1474 0
1475 0
1476 2
1477 0
1478 0
1479 1
1480 0
1481 0
1482 0
1483 0
1484 0
1485 0
1486 0
1487 0
1488 1
1489 0
1490 0
1491 0
1492 1
1493 0
1494 1
1495 1
1496 1
1497 0
1498 0
1499 2
1500 1
1501 1
1502 0
1503 1
1504 1
1505 1
1506 0
1507 0
1508 2
1509 2
1510 0
1511 0
1512 0
1513 0
1514 0
1515 0
1516 0
1517 0
1518 1
1519 0
1520 1
1521 1
1522 1
1523 0
1524 0
1525 1
1526 0
1527 0
1528 1
1529 0
1530 1
1531 0
1532 1
1533 0
1534 1
1535 0
1536 3
1537 3
1538 0
1539 0
1540 1
1541 2
1542 1
1543 1
1544 1
1545 1
1546 0
1547 0
1548 1
1549 0
1550 1
1551 1
1552 0
1553 1
1554 2
1555 1
1556 1
1557 1
1558 0
1559 1
1560 1
1561 1
1562 0
1563 1
1564 1
1565 1
1566 2
1567 1
1568 1
1569 1
1570 1
1571 1
1572 1
1573 1
1574 0
1575 2
1576 1
1577 1
1578 1
1579 0
1580 1
1581 0
1582 1
1583 0
1584 1
1585 0
1586 0
1587 1
1588 1
1589 1
1590 1
1591 1
1592 1
1593 0
1594 1
1595 1
1596 1
1597 1
1598 0
1599 0
1600 1
1601 2
1602 1
1603 1
1604 1
1605 1
1606 1
1607 2
1608 1
1609 2
1610 2
1611 1
1612 2
1613 1
1614 1
1615 1
1616 0
1617 1
1618 1
1619 1
1620 1
1621 1
1622 2
1623 1
1624 1
1625 1
1626 1
1627 1
1628 1
1629 1
1630 1
1631 1
1632 1
1633 2
1634 1
1635 1
1636 1
1637 2
1638 1
1639 1
1640 2
1641 2
1642 1
1643 1
1644 1
1645 1
1646 1
1647 0
1648 1
1649 0
1650 0
1651 1
1652 2
1653 2
1654 2
1655 1
1656 1
1657 2
1658 0
1659 2
1660 1
1661 1
1662 1
1663 2
1664 2
1665 0
1666 1
1667 1
1668 0
1669 1
1670 2
1671 1
1672 1
1673 1
1674 1
1675 2
1676 1
1677 1
1678 0
1679 1
1680 1
1681 1
1682 1
1683 1
1684 1
1685 1
1686 1
1687 1
1688 1
1689 1
1690 1
1691 1
1692 1
1693 1
1694 1
1695 1
1696 2
1697 1
1698 1
1699 1
1700 2
1701 0
1702 2
1703 1
1704 2
1705 1
1706 1
1707 1
1708 1
1709 1
1710 1
1711 1
1712 2
1713 1
1714 2
1715 1
1716 1
1717 1
1718 0
1719 1
1720 1
1721 1
1722 1
1723 1
1724 1
1725 2
1726 1
1727 1
1728 0
1729 1
1730 1
1731 1
1732 1
1733 1
1734 1
1735 0
1736 1
1737 1
1738 1
1739 0
1740 0
1741 1
1742 0
1743 2
1744 0
1745 0
1746 1
1747 1
1748 0
1749 1
1750 2
1751 1
1752 1
1753 1
1754 1
1755 0
1756 0
1757 1
1758 1
1759 1
1760 1
1761 1
1762 1
1763 0
1764 0
1765 1
1766 0
1767 1
1768 1
1769 0
1770 2
1771 1
1772 1
1773 1
1774 1
1775 0
1776 2
1777 1
1778 1
1779 1
1780 1
1781 0
1782 1
1783 2
1784 0
1785 1
1786 1
1787 1
1788 1
1789 1
1790 1
1791 1
1792 1
1793 1
1794 1
1795 1
1796 1
1797 1
1798 0
1799 0
1800 1
1801 2
1802 0
1803 2
1804 1
1805 1
1806 1
1807 1
1808 2
1809 2
1810 1
1811 2
1812 1
1813 1
1814 1
1815 1
1816 1
1817 1
1818 1
1819 0
1820 0
1821 1
1822 1
1823 2
1824 1
1825 2
1826 0
1827 1
1828 0
1829 0
1830 1
1831 1
1832 0
1833 0
1834 0
1835 1
1836 1
1837 2
1838 0
1839 1
1840 0
1841 0
1842 0
1843 1
1844 1
1845 1
1846 1
1847 0
1848 2
1849 1
1850 2
1851 1
1852 1
1853 1
1854 1
1855 1
1856 2
1857 1
1858 0
1859 1
1860 1
1861 1
1862 0
1863 2
1864 1
1865 1
1866 1
1867 0
1868 1
1869 1
1870 2
1871 1
1872 1
1873 1
1874 2
1875 1
1876 0
1877 2
1878 1
1879 1
1880 1
1881 1
1882 1
1883 1
1884 1
1885 1
1886 1
1887 2
1888 1
1889 0
1890 1
1891 1
1892 1
1893 2
1894 2
1895 1
1896 0
1897 1
1898 1
1899 1
1900 1
1901 2
1902 1
1903 1
1904 0
1905 1
1906 1
1907 1
1908 1
1909 1
1910 1
1911 1
1912 1
1913 1
1914 1
1915 1
1916 1
1917 0
1918 1
1919 0
1920 1
1921 1
1922 2
1923 0
1924 1
1925 0
1926 0
1927 1
1928 1
1929 0
1930 1
1931 1
1932 1
1933 1
1934 1
1935 1
1936 0
1937 1
1938 1
1939 1
1940 0
1941 1
1942 1
1943 1
1944 1
1945 2
1946 0
1947 1
1948 0
1949 1
1950 0
1951 0
1952 1
1953 1
1954 1
1955 0
1956 2
1957 1
1958 2
1959 1
1960 1
1961 2
1962 1
1963 1
1964 0
1965 0
1966 1
1967 2
1968 0
1969 1
1970 1
1971 0
1972 1
1973 1
1974 1
1975 2
1976 0
1977 0
1978 1
1979 1
1980 1
1981 0
1982 1
1983 2
1984 1
1985 1
1986 1
1987 1
1988 1
1989 0
1990 0
1991 0
1992 0
1993 0
1994 0
1995 0
1996 0
1997 0
1998 0
1999 0
