0 1
1 0
2 0
3 0
4 0
5 0
6 0
7 0
8 0
9 0
10 0
11 0
12 0
13 0
14 0
15 0
16 0
17 0
18 1
19 0
20 0
21 0
22 0
23 0
24 0
25 0
26 0
27 0
28 0
29 0
30 0
31 0
32 0
33 0
34 0
35 0
36 0
37 0
38 0
39 0
40 0
41 0
42 0
43 0
44 0
45 0
46 0
47 0
48 0
49 0
50 0
51 0
52 0
53 0
54 0
55 0
56 0
57 0
58 0
59 0
60 0
61 0
62 0
63 0
64 0
65 0
66 0
67 0
68 0
69 0
70 0
71 0
72 0
73 0
74 0
75 0
76 0
77 0
78 0
79 0
80 0
81 0
82 0
83 0
84 0
85 0
86 0
87 0
88 0
89 0
90 0
91 0
92 0
93 0
94 0
95 0
96 0
97 0
98 0
99 0
100 0
101 0
102 0
103 0
104 0
105 0
106 0
107 0
108 0
109 0
110 0
111 0
112 0
113 0
114 0
115 0
116 0
117 0
118 0
119 0
120 0
121 0
122 0
123 0
124 0
125 0
126 0
127 0
128 0
129 0
130 1
131 1
132 2
133 1
134 2
135 1
136 0
137 1
138 2
139 1
140 1
141 0
142 1
143 1
144 1
145 2
146 2
147 1
148 0
149 1
150 0
151 1
152 0
153 1
154 1
155 0
156 0
157 0
158 0
159 0
160 0
161 0
162 0
163 0
164 0
165 0
166 0
167 1
168 0
169 0
170 0
171 0
172 0
173 0
174 0
175 0
176 0
177 0
178 0
179 0
180 0
181 2
182 0
183 1
184 1
185 1
186 1
187 1
188 2
189 1
190 0
191 0
192 0
193 0
194 0
195 1
196 2
197 0
198 0
199 0
200 0
201 0
202 0
203 2
204 1
205 1
206 0
207 1
208 1
209 0
210 0
211 0
212 2
213 2
214 1
215 2
216 0
217 2
218 2
219 2
220 0
221 1
222 1
223 0
224 1
225 0
226 0
227 0
228 0
229 0
230 0
231 0
232 0
233 0
234 0
235 0
236 0
237 0
238 0
239 0
240 0
241 0
242 0
243 0
244 0
245 0
246 0
247 0
248 1
249 1
250 1
251 1
252 1
253 0
254 0
255 0
256 0
257 0
258 0
259 1
260 1
261 0
262 1
263 1
264 1
265 0
266 1
267 2
268 1
269 2
270 0
271 0
272 1
273 1
274 0
275 1
276 1
277 2
278 0
279 1
280 2
281 1
282 1
283 2
284 1
285 0
286 1
287 0
288 0
289 1
290 2
291 2
292 2
293 1
294 2
295 0
296 0
297 2
298 2
299 2
300 3
301 2
302 1
303 1
304 0
305 0
306 1
307 1
308 1
309 0
310 2
311 1
312 0
313 1
314 1
315 1
316 3
317 2
318 0
319 0
320 1
321 1
322 1
323 0
324 2
325 1
326 0
327 0
328 1
329 2
330 0
331 2
332 0
333 0
334 0
335 0
336 0
337 1
338 0
339 0
340 0
341 0
342 0
343 0
344 0
345 0
346 0
347 0
348 1
349 0
350 0
351 0
352 0
353 0
354 2
355 1
356 1
357 0
358 0
359 1
360 0
361 1
362 0
363 2
364 2
365 2
366 0
367 1
368 0
369 0
370 0
371 1
372 1
373 1
374 2
375 2
376 0
377 1
378 1
379 2
380 0
381 0
382 1
383 1
384 0
385 0
386 0
387 1
388 2
389 1
390 0
391 0
392 0
393 1
394 2
395 1
396 1
397 1
398 2
399 1
400 2
401 2
402 0
403 0
404 0
405 1
406 1
407 2
408 2
409 1
410 1
411 0
412 0
413 0
414 0
415 0
416 0
417 0
418 1
419 1
420 2
421 1
422 1
423 1
424 2
425 0
426 0
427 0
428 0
429 0
430 1
431 0
432 1
433 0
434 0
435 0
436 0
437 0
438 0
439 0
440 0
441 0
442 0
443 0
444 0
445 1
446 2
447 1
448 2
449 1
450 2
451 1
452 0
453 2
454 1
455 2
456 2
457 1
458 0
459 1
460 2
461 1
462 0
463 1
464 1
465 1
466 1
467 2
468 2
469 1
470 1
471 2
472 1
473 1
474 1
475 1
476 2
477 1
478 0
479 1
480 0
481 0
482 0
483 1
484 1
485 0
486 1
487 1
488 0
489 0
490 0
491 0
492 0
493 0
494 0
495 0
496 0
497 0
498 1
499 1
500 0
501 0
502 0
503 2
504 1
505 2
506 1
507 1
508 2
509 2
510 2
511 2
512 2
513 2
514 1
515 0
516 1
517 1
518 2
519 1
520 1
521 1
522 1
523 2
524 2
525 0
526 2
527 0
528 0
529 2
530 1
531 0
532 0
533 1
534 0
535 0
536 0
537 0
538 0
539 0
540 1
541 0
542 0
543 0
544 0
545 0
546 1
547 1
548 2
549 2
550 1
551 0
552 0
553 0
554 1
555 2
556 1
557 1
558 1
559 1
560 2
561 2
562 2
563 2
564 2
565 2
566 2
567 1
568 0
569 0
570 1
571 1
572 0
573 1
574 1
575 1
576 1
577 0
578 0
579 0
580 0
581 1
582 1
583 0
584 0
585 0
586 1
587 0
588 0
589 1
590 3
591 1
592 0
593 2
594 1
595 3
596 1
597 1
598 0
599 1
600 2
601 1
602 2
603 0
604 0
605 2
606 0
607 2
608 3
609 3
610 3
611 2
612 2
613 1
614 3
615 1
616 0
617 2
618 2
619 0
620 2
621 2
622 1
623 2
624 1
625 4
626 3
627 3
628 0
629 2
630 2
631 2
632 0
633 2
634 2
635 2
636 2
637 2
638 0
639 2
640 3
641 1
642 0
643 3
644 4
645 2
646 1
647 1
648 3
649 1
650 1
651 2
652 1
653 1
654 2
655 2
656 2
657 2
658 3
659 2
660 1
661 2
662 2
663 3
664 3
665 3
666 1
667 1
668 1
669 1
670 3
671 2
672 1
673 1
674 0
675 1
676 2
677 1
678 1
679 1
680 1
681 1
682 1
683 0
684 1
685 1
686 3
687 1
688 1
689 0
690 3
691 3
692 2
693 1
694 0
695 0
696 1
697 0
698 1
699 0
700 0
701 1
702 1
703 0
704 1
705 1
706 1
707 1
708 0
709 1
710 0
711 1
712 0
713 1
714 1
715 1
716 0
717 1
718 0
719 1
720 2
721 1
722 0
723 1
724 1
725 1
726 2
727 0
728 0
729 1
730 0
731 0
732 1
733 3
734 1
735 1
736 1
737 2
738 1
739 1
740 0
741 0
742 1
743 2
744 0
745 2
746 2
747 0
748 3
749 1
750 1
751 1
752 1
753 0
754 0
755 1
756 2
757 1
758 1
759 3
760 1
761 1
762 0
763 0
764 1
765 0
766 1
767 3
768 2
769 3
770 1
771 2
772 1
773 1
774 1
775 3
776 0
777 3
778 0
779 2
780 2
781 0
782 2
783 2
784 0
785 0
786 0
787 1
788 0
789 1
790 0
791 0
792 1
793 1
794 0
795 0
796 2
797 2
798 0
799 1
800 1
801 0
802 1
803 1
804 1
805 0
806 0
807 2
808 1
809 2
810 1
811 2
812 1
813 1
814 0
815 1
816 2
817 1
818 1
819 2
820 1
821 1
822 0
823 1
824 1
825 2
826 0
827 3
828 1
829 0
830 2
831 2
832 3
833 2
834 1
835 2
836 1
837 0
838 0
839 1
840 3
841 1
842 2
843 1
844 1
845 1
846 2
847 1
848 3
849 1
850 1
851 1
852 2
853 2
854 1
855 2
856 1
857 1
858 1
859 2
860 1
861 1
862 0
863 2
864 2
865 0
866 2
867 0
868 1
869 2
870 2
871 1
872 2
873 0
874 1
875 0
876 0
877 3
878 1
879 1
880 2
881 2
882 2
883 2
884 2
885 2
886 1
887 1
888 2
889 2
890 3
891 1
892 1
893 1
894 1
895 2
896 1
897 1
898 2
899 2
900 1
901 4
902 0
903 2
904 4
905 1
906 1
907 1
908 2
909 0
910 0
911 1
912 1
913 2
914 0
915 1
916 0
917 2
918 2
919 3
920 1
921 1
922 2
923 3
924 2
925 2
926 2
927 2
928 1
929 3
930 2
931 2
932 2
933 1
934 2
935 3
936 2
937 2
938 3
939 3
940 2
941 2
942 3
943 2
944 1
945 3
946 3
947 2
948 2
949 3
950 3
951 1
952 1
953 1
954 2
955 2
956 0
957 3
958 1
959 0
960 0
961 2
962 1
963 2
964 1
965 0
966 2
967 0
968 2
969 2
970 1
971 2
972 1
973 0
974 1
975 1
976 1
977 1
978 2
979 1
980 3
981 0
982 0
983 1
984 0
985 3
986 3
987 2
988 3
989 1
990 0
991 1
992 3
993 3
994 2
995 1
996 1
997 1
998 0
999 0
1000 1
1001 1
1002 1
1003 1
1004 0
1005 1
1006 1
1007 1
1008 1
1009 3
1010 0
1011 1
1012 1
1013 1
1014 1
1015 2
1016 1
1017 3
1018 1
1019 1
1020 0
1021 1
1022 1
1023 1
1024 1
1025 1
1026 0
1027 0
1028 0
1029 1
1030 1
1031 1
1032 1
1033 1
1034 1
1035 1
1036 1
1037 0
1038 0
1039 0
1040 0
1041 0
1042 1
1043 0
1044 2
1045 1
1046 1
1047 1
1048 1
1049 1
1050 1
1051 1
1052 1
1053 1
1054 1
1055 1
1056 1
1057 1
1058 1
1059 1
1060 1
1061 2
1062 0
1063 1
1064 0
1065 1
1066 1
1067 1
1068 1
1069 1
1070 1
1071 0
1072 1
1073 0
1074 1
1075 1
1076 1
1077 1
1078 1
1079 1
1080 1
1081 0
1082 1
1083 1
1084 0
1085 1
1086 1
1087 0
1088 0
1089 0
1090 0
1091 0
1092 0
1093 0
1094 0
1095 0
1096 0
1097 0
1098 0
1099 0
1100 1
1101 0
1102 1
1103 0
1104 1
1105 1
1106 1
1107 1
1108 1
1109 0
1110 1
1111 0
1112 1
1113 0
1114 0
1115 2
1116 1
1117 0
1118 1
1119 1
1120 1
1121 1
1122 1
1123 2
1124 2
1125 1
1126 1
1127 0
1128 0
1129 1
1130 1
1131 2
1132 0
1133 1
1134 1
1135 0
1136 2
1137 1
1138 1
1139 2
1140 0
1141 0
1142 0
1143 0
1144 0
1145 0
1146 0
1147 1
1148 0
1149 1
1150 1
1151 0
1152 0
1153 1
1154 1
1155 0
1156 1
1157 0
1158 1
1159 0
1160 0
1161 1
1162 0
1163 1
1164 1
1165 1
1166 1
1167 1
1168 1
1169 1
1170 2
1171 1
1172 1
1173 2
1174 2
1175 3
1176 1
1177 0
1178 2
1179 1
1180 0
1181 0
1182 1
1183 1
1184 1
1185 1
1186 1
1187 2
1188 0
1189 1
1190 1
1191 3
1192 3
1193 1
1194 1
1195 0
1196 1
1197 0
1198 1
1199 1
1200 1
1201 1
1202 0
1203 1
1204 1
1205 2
1206 1
1207 1
1208 2
1209 2
1210 2
1211 1
1212 1
1213 3
1214 2
1215 1
1216 1
1217 2
1218 0
1219 2
1220 1
1221 1
1222 2
1223 2
1224 1
1225 1
1226 3
1227 0
1228 2
1229 1
1230 2
1231 2
1232 2
1233 2
1234 1
1235 1
1236 1
1237 1
1238 2
1239 1
1240 1
1241 1
1242 1
1243 0
1244 1
1245 1
1246 1
1247 1
1248 1
1249 1
1250 1
1251 1
1252 2
1253 1
1254 3
1255 1
1256 2
1257 1
1258 1
1259 1
1260 2
1261 1
1262 1
1263 1
1264 0
1265 1
1266 1
1267 2
1268 1
1269 1
1270 2
1271 2
1272 2
1273 2
1274 3
1275 1
1276 2
1277 1
1278 2
1279 2
1280 1
1281 0
1282 2
1283 1
1284 2
1285 2
1286 1
1287 1
1288 3
1289 2
1290 2
1291 1
1292 2
1293 1
1294 1
1295 3
1296 3
1297 2
1298 2
1299 3
1300 1
1301 2
1302 1
1303 1
1304 3
1305 2
1306 2
1307 2
1308 3
1309 3
1310 1
1311 0
1312 1
1313 3
1314 1
1315 1
1316 2
1317 2
1318 3
1319 1
1320 1
1321 2
1322 2
1323 2
1324 2
1325 2
1326 3
1327 2
1328 1
1329 2
1330 2
1331 2
1332 2
1333 2
1334 2
1335 2
1336 3
1337 2
1338 3
1339 3
1340 2
1341 3
1342 3
1343 2
1344 2
1345 1
1346 2
1347 2
1348 3
1349 3
1350 2
1351 2
1352 2
1353 2
1354 0
1355 1
1356 2
1357 2
1358 3
1359 3
1360 2
1361 3
1362 1
1363 2
1364 2
1365 2
1366 1
1367 2
1368 1
1369 1
1370 2
1371 3
1372 0
1373 2
1374 2
1375 3
1376 2
1377 3
1378 2
1379 2
1380 3
1381 2
1382 2
1383 1
1384 3
1385 2
1386 1
1387 1
1388 3
1389 2
1390 1
1391 2
1392 4
1393 2
1394 2
1395 2
1396 1
1397 1
1398 2
1399 2
1400 2
1401 3
1402 1
1403 1
1404 2
1405 3
1406 2
1407 2
1408 3
1409 0
1410 2
1411 0
1412 2
1413 0
1414 1
1415 2
1416 2
1417 4
1418 2
1419 3
1420 3
1421 2
1422 3
1423 2
1424 2
1425 3
1426 2
1427 3
1428 2
1429 3
1430 2
1431 2
1432 1
1433 2
1434 3
1435 2
1436 2
1437 1
1438 2
1439 2
1440 3
1441 3
1442 2
1443 3
1444 2
1445 1
1446 2
1447 2
1448 3
1449 1
1450 3
1451 2
1452 3
1453 1
1454 3
1455 2
1456 2
1457 2
1458 1
1459 1
1460 3
1461 3
1462 1
1463 2
1464 2
1465 2
1466 3
1467 0
1468 2
1469 1
1470 1
1471 4
1472 2
1473 3
1474 3
1475 3
1476 3
1477 2
1478 2
1479 1
1480 2
1481 2
1482 3
1483 2
1484 2
1485 2
1486 1
1487 2
1488 1
1489 2
1490 2
1491 2
1492 2
1493 2
1494 2
1495 1
1496 1
1497 1
1498 1
1499 1
1500 1
1501 2
1502 2
1503 3
1504 1
1505 2
1506 3
1507 2
1508 2
1509 2
1510 1
1511 1
1512 2
1513 3
1514 2
1515 1
1516 2
1517 3
1518 0
1519 2
1520 2
1521 3
1522 2
1523 3
1524 1
1525 1
1526 1
1527 3
1528 1
1529 3
1530 2
1531 0
1532 1
1533 2
1534 1
1535 2
1536 2
1537 2
1538 2
1539 2
1540 2
1541 2
1542 3
1543 2
1544 3
1545 1
1546 2
1547 2
1548 2
1549 3
1550 3
1551 2
1552 3
1553 2
1554 2
1555 3
1556 3
1557 3
1558 1
1559 3
1560 3
1561 1
1562 3
1563 2
1564 1
1565 2
1566 2
1567 1
1568 3
1569 2
1570 1
1571 3
1572 1
1573 1
1574 3
1575 1
1576 2
1577 2
1578 2
1579 3
1580 3
1581 1
1582 2
1583 2
1584 2
1585 3
1586 2
1587 1
1588 2
1589 2
1590 1
1591 1
1592 3
1593 2
1594 2
1595 3
1596 3
1597 1
1598 2
1599 3
1600 2
1601 2
1602 2
1603 1
1604 1
1605 1
1606 2
1607 3
1608 2
1609 2
1610 2
1611 3
1612 1
1613 1
1614 3
1615 2
1616 2
1617 2
1618 1
1619 0
1620 2
1621 2
1622 2
1623 2
1624 2
1625 1
1626 2
1627 3
1628 3
1629 3
1630 2
1631 1
1632 2
1633 3
1634 3
1635 2
1636 1
1637 1
1638 1
1639 2
1640 0
1641 2
1642 2
1643 0
1644 2
1645 2
1646 1
1647 0
1648 2
1649 2
1650 2
1651 3
1652 2
1653 2
1654 0
1655 0
1656 1
1657 0
1658 1
1659 1
1660 2
1661 1
1662 0
1663 0
1664 0
1665 0
1666 0
1667 0
1668 0
1669 0
1670 0
1671 0
1672 0
1673 0
1674 0
1675 0
1676 0
1677 0
1678 0
1679 0
1680 0
1681 0
1682 0
1683 0
1684 0
1685 0
1686 0
1687 0
1688 0
1689 1
1690 0
1691 0
1692 0
1693 1
1694 0
1695 0
1696 0
1697 0
1698 0
1699 1
1700 1
1701 0
1702 0
1703 0
1704 0
1705 0
1706 0
1707 0
1708 0
1709 0
1710 0
1711 0
1712 0
1713 0
1714 0
1715 0
1716 0
1717 0
1718 0
1719 0
1720 0
1721 0
1722 0
1723 0
1724 0
1725 0
1726 0
1727 0
1728 0
1729 0
1730 0
1731 0
1732 0
1733 0
1734 0
1735 0
1736 0
1737 0
1738 0
1739 0
1740 0
1741 0
1742 0
1743 0
1744 0
1745 0
1746 0
1747 0
1748 0
1749 0
1750 0
1751 0
1752 0
1753 0
1754 0
1755 0
1756 0
1757 0
1758 0
1759 0
1760 0
1761 0
1762 0
1763 0
1764 0
1765 0
1766 0
1767 0
1768 0
1769 0
1770 0
1771 0
1772 0
1773 0
1774 0
1775 0
1776 0
1777 0
1778 0
1779 1
1780 0
1781 0
1782 0
1783 0
1784 0
1785 0
1786 0
1787 0
1788 0
1789 0
1790 0
1791 0
1792 0
1793 0
1794 0
1795 0
1796 0
1797 0
1798 0
1799 0
1800 0
1801 0
1802 0
1803 0
1804 0
1805 0
1806 0
1807 0
1808 0
1809 0
1810 0
1811 1
1812 1
1813 0
1814 0
1815 2
1816 0
1817 1
1818 0
1819 0
1820 0
1821 0
1822 2
1823 0
1824 0
1825 0
1826 0
1827 0
1828 0
1829 0
1830 0
1831 0
1832 0
1833 0
1834 0
1835 0
1836 0
1837 0
1838 0
1839 0
1840 0
1841 0
1842 0
1843 0
1844 0
1845 0
1846 0
1847 0
1848 0
1849 0
1850 0
1851 0
1852 0
1853 0
1854 0
1855 0
1856 0
1857 0
1858 0
1859 0
1860 0
1861 0
1862 0
1863 0
1864 0
1865 0
1866 0
1867 0
1868 0
1869 0
1870 0
1871 0
1872 0
1873 0
1874 0
1875 0
1876 2
1877 0
1878 0
1879 0
1880 0
1881 0
1882 0
1883 0
1884 0
1885 0
1886 0
1887 0
1888 0
1889 0
1890 0
1891 0
1892 0
1893 0
1894 0
1895 0
1896 0
1897 0
1898 0
1899 0
1900 0
1901 0
1902 0
1903 0
1904 0
1905 0
1906 0
1907 0
1908 0
1909 0
1910 0
1911 0
1912 0
1913 0
1914 0
1915 0
1916 0
1917 0
1918 0
1919 0
1920 0
1921 0
1922 0
1923 0
1924 0
1925 0
1926 0
1927 0
1928 0
1929 0
1930 0
1931 0
1932 0
1933 0
1934 0
1935 0
1936 0
1937 0
1938 0
1939 0
1940 0
1941 0
1942 0
1943 0
1944 0
1945 0
1946 0
1947 0
1948 0
1949 0
1950 0
1951 0
1952 0
1953 0
1954 0
1955 0
1956 0
1957 0
1958 0
1959 0
1960 0
1961 0
1962 0
1963 0
1964 0
1965 0
1966 0
1967 0
1968 0
1969 0
1970 0
1971 0
1972 0
1973 0
1974 0
1975 0
1976 0
1977 0
1978 0
1979 0
1980 0
1981 0
1982 0
1983 0
1984 0
1985 0
1986 0
1987 0
1988 0
1989 0
1990 0
1991 0
1992 0
1993 0
1994 0
1995 0
1996 0
1997 0
1998 0
1999 0
