0 0
1 0
2 0
3 0
4 0
5 0
6 0
7 0
8 0
9 0
10 0
11 0
12 0
13 0
14 0
15 0
16 0
17 0
18 0
19 0
20 0
21 0
22 0
23 0
24 0
25 0
26 0
27 0
28 0
29 0
30 0
31 0
32 0
33 0
34 0
35 0
36 0
37 0
38 0
39 0
40 0
41 0
42 0
43 0
44 0
45 0
46 0
47 0
48 0
49 0
50 0
51 0
52 0
53 0
54 0
55 0
56 0
57 0
58 0
59 0
60 0
61 0
62 0
63 0
64 1
65 0
66 0
67 0
68 0
69 0
70 0
71 0
72 0
73 0
74 0
75 0
76 0
77 0
78 0
79 0
80 0
81 0
82 0
83 0
84 0
85 0
86 0
87 0
88 0
89 0
90 0
91 0
92 0
93 0
94 0
95 0
96 0
97 0
98 0
99 0
100 0
101 0
102 0
103 0
104 0
105 0
106 0
107 0
108 0
109 0
110 0
111 0
112 0
113 0
114 0
115 0
116 0
117 0
118 0
119 0
120 0
121 0
122 0
123 0
124 0
125 0
126 0
127 0
128 0
129 0
130 0
131 0
132 0
133 0
134 0
135 0
136 0
137 0
138 0
139 0
140 0
141 0
142 0
143 0
144 0
145 0
146 0
147 1
148 0
149 0
150 0
151 0
152 0
153 1
154 0
155 0
156 0
157 0
158 0
159 0
160 0
161 2
162 1
163 1
164 0
165 0
166 1
167 0
168 1
169 0
170 1
171 4
172 2
173 2
174 0
175 0
176 2
177 1
178 2
179 0
180 0
181 0
182 0
183 0
184 0
185 0
186 0
187 0
188 0
189 0
190 0
191 0
192 0
193 0
194 0
195 0
196 0
197 0
198 0
199 0
200 0
201 0
202 0
203 0
204 0
205 0
206 0
207 0
208 0
209 0
210 0
211 0
212 0
213 0
214 0
215 0
216 0
217 0
218 0
219 0
220 0
221 0
222 0
223 0
224 0
225 0
226 0
227 0
228 0
229 0
230 0
231 0
232 0
233 1
234 1
235 2
236 0
237 0
238 0
239 0
240 0
241 0
242 1
243 0
244 0
245 0
246 0
247 0
248 0
249 0
250 0
251 0
252 0
253 0
254 0
255 0
256 0
257 3
258 0
259 1
260 1
261 0
262 0
263 0
264 0
265 0
266 0
267 0
268 0
269 0
270 0
271 0
272 0
273 0
274 0
275 0
276 0
277 0
278 0
279 0
280 0
281 0
282 0
283 0
284 0
285 0
286 0
287 0
288 0
289 0
290 0
291 0
292 0
293 0
294 0
295 0
296 0
297 0
298 0
299 0
300 0
301 0
302 0
303 0
304 0
305 0
306 0
307 0
308 0
309 0
310 0
311 0
312 0
313 0
314 0
315 0
316 0
317 0
318 0
319 0
320 0
321 0
322 0
323 0
324 0
325 0
326 0
327 0
328 0
329 0
330 0
331 0
332 0
333 0
334 0
335 0
336 0
337 0
338 0
339 0
340 0
341 0
342 0
343 0
344 0
345 0
346 0
347 0
348 0
349 1
350 0
351 2
352 0
353 1
354 0
355 0
356 1
357 0
358 1
359 1
360 1
361 2
362 0
363 2
364 2
365 1
366 2
367 1
368 1
369 2
370 2
371 2
372 1
373 3
374 1
375 1
376 1
377 1
378 2
379 1
380 1
381 2
382 2
383 0
384 1
385 2
386 0
387 1
388 1
389 2
390 2
391 1
392 0
393 0
394 0
395 1
396 0
397 0
398 0
399 0
400 1
401 1
402 1
403 3
404 1
405 0
406 1
407 1
408 3
409 1
410 1
411 2
412 5
413 2
414 3
415 3
416 2
417 1
418 3
419 3
420 1
421 2
422 2
423 0
424 2
425 2
426 2
427 2
428 2
429 2
430 2
431 2
432 1
433 1
434 2
435 3
436 2
437 3
438 3
439 2
440 2
441 2
442 2
443 2
444 1
445 0
446 0
447 0
448 0
449 2
450 2
451 2
452 3
453 3
454 1
455 1
456 2
457 1
458 1
459 2
460 1
461 2
462 1
463 2
464 1
465 0
466 0
467 0
468 0
469 1
470 2
471 1
472 2
473 1
474 1
475 2
476 2
477 1
478 1
479 0
480 1
481 1
482 1
483 1
484 1
485 0
486 1
487 2
488 1
489 1
490 2
491 1
492 1
493 1
494 1
495 1
496 2
497 1
498 2
499 1
500 1
501 1
502 1
503 0
504 1
505 0
506 0
507 0
508 0
509 0
510 0
511 1
512 0
513 0
514 0
515 0
516 0
517 1
518 1
519 1
520 2
521 0
522 0
523 1
524 1
525 0
526 2
527 0
528 0
529 0
530 0
531 1
532 1
533 0
534 0
535 1
536 1
537 0
538 1
539 1
540 1
541 2
542 2
543 0
544 2
545 1
546 2
547 0
548 0
549 1
550 0
551 0
552 0
553 0
554 1
555 2
556 0
557 0
558 2
559 1
560 0
561 0
562 2
563 1
564 1
565 1
566 0
567 0
568 0
569 0
570 2
571 0
572 1
573 0
574 2
575 3
576 3
577 2
578 3
579 0
580 1
581 2
582 1
583 2
584 1
585 1
586 2
587 0
588 1
589 2
590 2
591 3
592 2
593 1
594 1
595 1
596 1
597 3
598 1
599 3
600 1
601 2
602 3
603 4
604 2
605 0
606 1
607 2
608 2
609 2
610 1
611 1
612 1
613 0
614 2
615 2
616 1
617 1
618 0
619 4
620 2
621 3
622 3
623 1
624 0
625 3
626 1
627 1
628 2
629 1
630 3
631 1
632 1
633 0
634 1
635 1
636 2
637 1
638 1
639 2
640 3
641 3
642 1
643 3
644 3
645 3
646 0
647 0
648 1
649 0
650 0
651 0
652 0
653 1
654 2
655 3
656 1
657 1
658 1
659 1
660 2
661 3
662 2
663 0
664 3
665 2
666 2
667 0
668 2
669 2
670 3
671 2
672 2
673 1
674 3
675 1
676 4
677 2
678 2
679 2
680 2
681 1
682 2
683 2
684 2
685 2
686 3
687 1
688 1
689 2
690 3
691 1
692 0
693 1
694 1
695 2
696 1
697 1
698 2
699 3
700 2
701 2
702 2
703 4
704 1
705 1
706 3
707 1
708 1
709 2
710 1
711 1
712 2
713 3
714 3
715 2
716 2
717 3
718 2
719 2
720 2
721 2
722 3
723 2
724 2
725 2
726 2
727 1
728 0
729 4
730 1
731 2
732 1
733 2
734 2
735 3
736 2
737 1
738 2
739 2
740 1
741 3
742 2
743 2
744 2
745 1
746 2
747 2
748 4
749 1
750 3
751 1
752 1
753 2
754 3
755 1
756 0
757 2
758 1
759 1
760 1
761 1
762 2
763 1
764 1
765 1
766 1
767 0
768 1
769 0
770 1
771 1
772 1
773 0
774 1
775 1
776 4
777 1
778 2
779 2
780 2
781 1
782 3
783 2
784 3
785 1
786 2
787 2
788 2
789 1
790 1
791 1
792 2
793 1
794 1
795 1
796 3
797 1
798 2
799 1
800 3
801 4
802 2
803 2
804 2
805 3
806 1
807 3
808 1
809 2
810 3
811 2
812 2
813 3
814 3
815 3
816 2
817 2
818 2
819 1
820 1
821 2
822 2
823 2
824 2
825 3
826 2
827 2
828 2
829 2
830 3
831 2
832 2
833 2
834 3
835 1
836 3
837 1
838 3
839 2
840 2
841 3
842 2
843 2
844 3
845 2
846 3
847 2
848 2
849 2
850 3
851 2
852 2
853 2
854 3
855 3
856 3
857 3
858 3
859 1
860 2
861 4
862 3
863 2
864 2
865 1
866 1
867 2
868 1
869 1
870 0
871 1
872 2
873 2
874 3
875 1
876 0
877 3
878 2
879 2
880 2
881 1
882 2
883 1
884 2
885 1
886 1
887 1
888 1
889 1
890 2
891 0
892 2
893 3
894 1
895 2
896 2
897 1
898 1
899 1
900 1
901 1
902 2
903 1
904 1
905 0
906 2
907 3
908 2
909 2
910 2
911 2
912 1
913 1
914 2
915 1
916 2
917 1
918 1
919 2
920 1
921 2
922 2
923 1
924 2
925 2
926 2
927 2
928 1
929 1
930 2
931 1
932 0
933 2
934 1
935 2
936 1
937 1
938 1
939 1
940 1
941 1
942 1
943 3
944 0
945 3
946 3
947 0
948 1
949 1
950 1
951 1
952 1
953 2
954 3
955 2
956 4
957 2
958 2
959 3
960 2
961 4
962 3
963 4
964 2
965 2
966 3
967 2
968 0
969 1
970 1
971 1
972 1
973 2
974 1
975 2
976 2
977 3
978 2
979 2
980 2
981 2
982 3
983 3
984 3
985 3
986 3
987 1
988 1
989 3
990 4
991 2
992 2
993 2
994 2
995 2
996 1
997 2
998 2
999 3
1000 2
1001 3
1002 2
1003 3
1004 2
1005 3
1006 0
1007 2
1008 3
1009 2
1010 2
1011 2
1012 0
1013 4
1014 3
1015 4
1016 1
1017 3
1018 2
1019 3
1020 3
1021 2
1022 2
1023 2
1024 2
1025 3
1026 1
1027 2
1028 1
1029 3
1030 3
1031 3
1032 3
1033 2
1034 3
1035 3
1036 1
1037 3
1038 2
1039 1
1040 2
1041 1
1042 5
1043 3
1044 2
1045 2
1046 2
1047 3
1048 2
1049 3
1050 2
1051 2
1052 2
1053 1
1054 3
1055 3
1056 2
1057 4
1058 3
1059 2
1060 3
1061 2
1062 3
1063 3
1064 2
1065 2
1066 2
1067 2
1068 1
1069 1
1070 3
1071 3
1072 2
1073 2
1074 3
1075 1
1076 2
1077 2
1078 2
1079 2
1080 4
1081 3
1082 2
1083 2
1084 1
1085 2
1086 1
1087 2
1088 2
1089 2
1090 2
1091 2
1092 1
1093 0
1094 1
1095 2
1096 2
1097 2
1098 1
1099 2
1100 1
1101 2
1102 1
1103 2
1104 2
1105 1
1106 2
1107 3
1108 4
1109 3
1110 3
1111 1
1112 1
1113 2
1114 1
1115 1
1116 1
1117 1
1118 0
1119 1
1120 2
1121 1
1122 1
1123 1
1124 1
1125 0
1126 1
1127 1
1128 1
1129 2
1130 1
1131 2
1132 1
1133 1
1134 1
1135 2
1136 1
1137 2
1138 1
1139 2
1140 2
1141 2
1142 2
1143 2
1144 2
1145 1
1146 1
1147 1
1148 1
1149 1
1150 1
1151 1
1152 1
1153 2
1154 1
1155 1
1156 2
1157 1
1158 1
1159 1
1160 1
1161 1
1162 1
1163 1
1164 2
1165 1
1166 1
1167 1
1168 1
1169 2
1170 1
1171 2
1172 2
1173 2
1174 2
1175 1
1176 1
1177 2
1178 1
1179 2
1180 2
1181 1
1182 1
1183 1
1184 2
1185 2
1186 2
1187 3
1188 2
1189 1
1190 1
1191 2
1192 3
1193 2
1194 2
1195 1
1196 2
1197 1
1198 1
1199 1
1200 2
1201 1
1202 2
1203 1
1204 2
1205 2
1206 2
1207 3
1208 3
1209 2
1210 3
1211 1
1212 1
1213 2
1214 3
1215 3
1216 3
1217 1
1218 2
1219 3
1220 2
1221 2
1222 2
1223 3
1224 3
1225 1
1226 2
1227 3
1228 1
1229 1
1230 2
1231 1
1232 3
1233 3
1234 2
1235 1
1236 2
1237 3
1238 2
1239 2
1240 3
1241 1
1242 2
1243 3
1244 3
1245 2
1246 3
1247 2
1248 3
1249 2
1250 1
1251 3
1252 2
1253 3
1254 2
1255 2
1256 1
1257 2
1258 3
1259 1
1260 2
1261 1
1262 2
1263 3
1264 3
1265 1
1266 2
1267 2
1268 3
1269 3
1270 2
1271 3
1272 3
1273 3
1274 1
1275 3
1276 1
1277 3
1278 2
1279 2
1280 1
1281 1
1282 3
1283 2
1284 1
1285 3
1286 3
1287 2
1288 1
1289 2
1290 2
1291 1
1292 1
1293 1
1294 1
1295 2
1296 2
1297 2
1298 2
1299 1
1300 2
1301 2
1302 3
1303 1
1304 2
1305 2
1306 1
1307 1
1308 3
1309 3
1310 3
1311 2
1312 2
1313 2
1314 3
1315 3
1316 1
1317 2
1318 3
1319 1
1320 2
1321 1
1322 2
1323 2
1324 1
1325 1
1326 2
1327 2
1328 3
1329 1
1330 2
1331 2
1332 2
1333 2
1334 3
1335 2
1336 2
1337 3
1338 1
1339 2
1340 1
1341 2
1342 3
1343 3
1344 3
1345 2
1346 2
1347 1
1348 2
1349 1
1350 2
1351 3
1352 2
1353 2
1354 1
1355 1
1356 3
1357 2
1358 2
1359 2
1360 3
1361 3
1362 2
1363 0
1364 2
1365 2
1366 2
1367 2
1368 2
1369 3
1370 3
1371 2
1372 2
1373 0
1374 3
1375 3
1376 2
1377 2
1378 2
1379 2
1380 1
1381 2
1382 2
1383 2
1384 2
1385 2
1386 3
1387 2
1388 2
1389 2
1390 2
1391 3
1392 3
1393 3
1394 2
1395 3
1396 1
1397 1
1398 3
1399 3
1400 3
1401 3
1402 3
1403 2
1404 3
1405 1
1406 2
1407 3
1408 3
1409 3
1410 1
1411 3
1412 2
1413 0
1414 3
1415 1
1416 3
1417 1
1418 2
1419 2
1420 2
1421 4
1422 3
1423 3
1424 1
1425 1
1426 1
1427 3
1428 1
1429 2
1430 2
1431 3
1432 2
1433 1
1434 2
1435 1
1436 3
1437 1
1438 2
1439 1
1440 2
1441 3
1442 2
1443 3
1444 1
1445 3
1446 3
1447 2
1448 2
1449 1
1450 2
1451 2
1452 3
1453 1
1454 2
1455 2
1456 2
1457 2
1458 2
1459 1
1460 2
1461 2
1462 1
1463 2
1464 2
1465 3
1466 3
1467 3
1468 0
1469 2
1470 4
1471 3
1472 2
1473 2
1474 3
1475 3
1476 2
1477 2
1478 2
1479 3
1480 2
1481 2
1482 1
1483 2
1484 2
1485 2
1486 2
1487 3
1488 2
1489 2
1490 1
1491 1
1492 1
1493 3
1494 1
1495 3
1496 3
1497 2
1498 1
1499 2
1500 2
1501 1
1502 0
1503 1
1504 1
1505 1
1506 1
1507 2
1508 1
1509 3
1510 1
1511 2
1512 0
1513 3
1514 3
1515 2
1516 2
1517 2
1518 0
1519 2
1520 1
1521 2
1522 3
1523 2
1524 2
1525 3
1526 3
1527 2
1528 2
1529 2
1530 2
1531 2
1532 3
1533 2
1534 3
1535 2
1536 3
1537 2
1538 2
1539 3
1540 2
1541 1
1542 1
1543 2
1544 2
1545 3
1546 1
1547 2
1548 2
1549 2
1550 2
1551 2
1552 2
1553 1
1554 3
1555 2
1556 1
1557 2
1558 1
1559 0
1560 1
1561 1
1562 1
1563 1
1564 0
1565 1
1566 0
1567 1
1568 1
1569 2
1570 0
1571 1
1572 0
1573 1
1574 2
1575 1
1576 1
1577 0
1578 1
1579 1
1580 0
1581 1
1582 1
1583 1
1584 1
1585 1
1586 0
1587 2
1588 1
1589 1
1590 1
1591 1
1592 1
1593 0
1594 1
1595 0
1596 1
1597 0
1598 2
1599 1
1600 1
1601 0
1602 1
1603 0
1604 1
1605 1
1606 0
1607 1
1608 1
1609 1
1610 3
1611 2
1612 1
1613 1
1614 1
1615 1
1616 0
1617 1
1618 1
1619 1
1620 1
1621 2
1622 0
1623 1
1624 1
1625 1
1626 1
1627 1
1628 0
1629 0
1630 1
1631 0
1632 0
1633 1
1634 0
1635 1
1636 0
1637 0
1638 1
1639 1
1640 2
1641 1
1642 1
1643 0
1644 1
1645 1
1646 1
1647 0
1648 1
1649 1
1650 0
1651 1
1652 1
1653 0
1654 1
1655 2
1656 1
1657 1
1658 0
1659 1
1660 0
1661 1
1662 2
1663 0
1664 0
1665 1
1666 1
1667 0
1668 0
1669 1
1670 2
1671 2
1672 2
1673 0
1674 0
1675 2
1676 2
1677 1
1678 1
1679 1
1680 1
1681 0
1682 2
1683 1
1684 0
1685 0
1686 1
1687 0
1688 1
1689 1
1690 2
1691 0
1692 2
1693 2
1694 3
1695 2
1696 1
1697 1
1698 1
1699 0
1700 1
1701 0
1702 1
1703 0
1704 1
1705 1
1706 1
1707 0
1708 2
1709 1
1710 1
1711 3
1712 1
1713 1
1714 1
1715 1
1716 1
1717 1
1718 0
1719 1
1720 1
1721 1
1722 0
1723 0
1724 0
1725 2
1726 1
1727 1
1728 2
1729 1
1730 0
1731 0
1732 1
1733 2
1734 0
1735 1
1736 1
1737 1
1738 0
1739 1
1740 1
1741 2
1742 2
1743 1
1744 2
1745 1
1746 1
1747 3
1748 0
1749 2
1750 0
1751 0
1752 0
1753 3
1754 0
1755 2
1756 0
1757 0
1758 0
1759 2
1760 1
1761 1
1762 1
1763 2
1764 2
1765 2
1766 2
1767 1
1768 2
1769 0
1770 2
1771 2
1772 3
1773 2
1774 0
1775 1
1776 2
1777 2
1778 1
1779 3
1780 0
1781 1
1782 0
1783 1
1784 1
1785 3
1786 1
1787 0
1788 0
1789 0
1790 1
1791 1
1792 0
1793 0
1794 0
1795 1
1796 1
1797 1
1798 1
1799 1
1800 1
1801 2
1802 0
1803 0
1804 0
1805 0
1806 1
1807 0
1808 1
1809 0
1810 0
1811 1
1812 0
1813 0
1814 0
1815 1
1816 0
1817 1
1818 0
1819 0
1820 0
1821 0
1822 0
1823 1
1824 0
1825 0
1826 0
1827 0
1828 0
1829 0
1830 0
1831 0
1832 0
1833 0
1834 0
1835 0
1836 0
1837 0
1838 3
1839 1
1840 3
1841 3
1842 2
1843 3
1844 1
1845 0
1846 0
1847 0
1848 0
1849 0
1850 0
1851 1
1852 0
1853 0
1854 0
1855 0
1856 0
1857 0
1858 0
1859 0
1860 0
1861 0
1862 1
1863 1
1864 0
1865 1
1866 2
1867 2
1868 0
1869 0
1870 0
1871 0
1872 0
1873 0
1874 1
1875 0
1876 0
1877 0
1878 0
1879 0
1880 1
1881 1
1882 0
1883 0
1884 0
1885 0
1886 0
1887 0
1888 0
1889 0
1890 0
1891 0
1892 0
1893 0
1894 0
1895 0
1896 0
1897 0
1898 0
1899 0
1900 0
1901 0
1902 0
1903 0
1904 0
1905 0
1906 0
1907 0
1908 0
1909 0
1910 0
1911 0
1912 0
1913 0
1914 0
1915 0
1916 0
1917 1
1918 0
1919 0
1920 0
1921 0
1922 0
1923 0
1924 0
1925 0
1926 1
1927 0
1928 0
1929 0
1930 1
1931 1
1932 0
1933 0
1934 0
1935 0
1936 0
1937 0
1938 0
1939 0
1940 0
1941 0
1942 1
1943 0
1944 1
1945 1
1946 1
1947 1
1948 1
1949 0
1950 1
1951 0
1952 1
1953 1
1954 0
1955 1
1956 0
1957 0
1958 0
1959 1
1960 0
1961 0
1962 1
1963 1
1964 0
1965 1
1966 1
1967 1
1968 1
1969 1
1970 1
1971 1
1972 0
1973 1
1974 1
1975 0
1976 0
1977 0
1978 0
1979 1
1980 0
1981 0
1982 1
1983 0
1984 0
1985 1
1986 0
1987 1
1988 0
1989 0
1990 0
1991 0
1992 0
1993 0
1994 0
1995 0
1996 0
1997 0
1998 0
1999 0
