0 0
1 0
2 0
3 0
4 0
5 0
6 0
7 0
8 0
9 0
10 0
11 0
12 0
13 0
14 0
15 0
16 0
17 0
18 0
19 0
20 0
21 0
22 0
23 0
24 0
25 0
26 0
27 0
28 0
29 0
30 0
31 0
32 0
33 1
34 0
35 0
36 0
37 0
38 0
39 0
40 0
41 0
42 0
43 0
44 0
45 0
46 0
47 0
48 0
49 0
50 0
51 0
52 1
53 1
54 0
55 1
56 0
57 0
58 0
59 0
60 0
61 0
62 0
63 1
64 0
65 1
66 0
67 0
68 0
69 0
70 0
71 0
72 0
73 0
74 1
75 0
76 0
77 0
78 0
79 0
80 0
81 0
82 0
83 0
84 0
85 0
86 0
87 0
88 0
89 0
90 0
91 0
92 0
93 0
94 0
95 0
96 0
97 0
98 0
99 0
100 0
101 0
102 0
103 0
104 0
105 0
106 0
107 1
108 0
109 0
110 0
111 0
112 0
113 0
114 0
115 0
116 0
117 0
118 0
119 0
120 0
121 0
122 0
123 0
124 0
125 0
126 0
127 0
128 0
129 0
130 0
131 0
132 0
133 0
134 0
135 0
136 0
137 0
138 0
139 1
140 1
141 1
142 0
143 0
144 0
145 0
146 0
147 0
148 0
149 0
150 0
151 0
152 0
153 0
154 1
155 1
156 0
157 0
158 1
159 0
160 0
161 0
162 1
163 0
164 0
165 1
166 1
167 0
168 0
169 0
170 0
171 0
172 0
173 0
174 0
175 0
176 0
177 0
178 0
179 0
180 0
181 0
182 0
183 0
184 0
185 0
186 0
187 0
188 0
189 0
190 0
191 0
192 1
193 0
194 0
195 1
196 0
197 1
198 0
199 1
200 0
201 0
202 0
203 0
204 0
205 0
206 0
207 0
208 0
209 0
210 0
211 0
212 0
213 0
214 0
215 0
216 0
217 0
218 0
219 0
220 0
221 0
222 0
223 0
224 0
225 0
226 0
227 0
228 0
229 0
230 0
231 0
232 0
233 0
234 0
235 0
236 0
237 0
238 2
239 1
240 1
241 0
242 1
243 1
244 0
245 0
246 0
247 0
248 0
249 0
250 1
251 0
252 0
253 1
254 0
255 0
256 0
257 0
258 0
259 0
260 0
261 0
262 0
263 0
264 0
265 0
266 1
267 0
268 0
269 0
270 1
271 0
272 1
273 2
274 0
275 0
276 1
277 1
278 0
279 2
280 2
281 0
282 1
283 0
284 0
285 0
286 0
287 0
288 0
289 0
290 0
291 0
292 0
293 0
294 0
295 0
296 0
297 0
298 1
299 0
300 0
301 0
302 0
303 0
304 0
305 0
306 2
307 0
308 0
309 0
310 0
311 1
312 1
313 1
314 0
315 0
316 1
317 0
318 1
319 0
320 0
321 1
322 0
323 0
324 0
325 1
326 0
327 0
328 0
329 0
330 0
331 0
332 0
333 0
334 0
335 0
336 0
337 0
338 1
339 0
340 0
341 0
342 0
343 0
344 0
345 0
346 1
347 1
348 1
349 1
350 1
351 1
352 1
353 1
354 1
355 2
356 1
357 0
358 1
359 2
360 1
361 1
362 1
363 1
364 2
365 2
366 1
367 0
368 1
369 0
370 0
371 0
372 0
373 0
374 0
375 1
376 1
377 1
378 1
379 1
380 1
381 1
382 1
383 1
384 0
385 0
386 1
387 0
388 0
389 1
390 0
391 1
392 0
393 0
394 0
395 0
396 1
397 1
398 1
399 0
400 0
401 1
402 1
403 2
404 2
405 1
406 1
407 0
408 0
409 0
410 1
411 1
412 0
413 2
414 1
415 1
416 1
417 1
418 0
419 0
420 0
421 0
422 2
423 1
424 0
425 1
426 0
427 1
428 1
429 1
430 1
431 1
432 1
433 0
434 0
435 1
436 1
437 0
438 0
439 0
440 1
441 0
442 0
443 2
444 1
445 1
446 0
447 0
448 0
449 0
450 0
451 1
452 1
453 1
454 1
455 1
456 2
457 0
458 0
459 0
460 0
461 0
462 0
463 0
464 1
465 1
466 1
467 0
468 0
469 1
470 0
471 0
472 0
473 0
474 0
475 0
476 0
477 0
478 1
479 1
480 1
481 0
482 0
483 0
484 0
485 0
486 0
487 0
488 0
489 0
490 0
491 0
492 0
493 0
494 0
495 0
496 1
497 0
498 1
499 0
500 1
501 0
502 1
503 1
504 1
505 0
506 1
507 1
508 1
509 1
510 0
511 0
512 1
513 0
514 1
515 0
516 1
517 0
518 0
519 1
520 0
521 1
522 1
523 0
524 1
525 1
526 0
527 1
528 0
529 0
530 2
531 0
532 1
533 1
534 0
535 0
536 0
537 0
538 0
539 1
540 0
541 0
542 0
543 1
544 0
545 0
546 0
547 1
548 1
549 0
550 0
551 0
552 0
553 1
554 0
555 0
556 1
557 1
558 1
559 1
560 1
561 0
562 0
563 1
564 1
565 1
566 0
567 1
568 1
569 1
570 0
571 1
572 0
573 0
574 0
575 0
576 0
577 0
578 0
579 0
580 0
581 1
582 1
583 0
584 1
585 1
586 0
587 0
588 0
589 1
590 1
591 2
592 1
593 1
594 0
595 1
596 0
597 0
598 1
599 0
600 1
601 0
602 1
603 0
604 0
605 1
606 0
607 2
608 1
609 1
610 1
611 1
612 1
613 0
614 2
615 1
616 1
617 1
618 1
619 1
620 0
621 1
622 1
623 0
624 0
625 0
626 1
627 1
628 1
629 1
630 1
631 1
632 0
633 1
634 0
635 0
636 0
637 0
638 0
639 1
640 0
641 0
642 1
643 0
644 1
645 0
646 0
647 0
648 0
649 0
650 1
651 0
652 1
653 0
654 0
655 0
656 1
657 1
658 0
659 0
660 0
661 1
662 1
663 0
664 2
665 1
666 1
667 1
668 0
669 0
670 1
671 1
672 1
673 2
674 1
675 0
676 0
677 0
678 0
679 1
680 0
681 0
682 0
683 0
684 0
685 0
686 0
687 1
688 0
689 0
690 2
691 0
692 0
693 0
694 0
695 0
696 0
697 0
698 0
699 0
700 0
701 0
702 0
703 0
704 0
705 0
706 1
707 1
708 0
709 0
710 0
711 0
712 1
713 0
714 0
715 1
716 0
717 0
718 0
719 1
720 0
721 0
722 1
723 0
724 1
725 1
726 0
727 0
728 1
729 0
730 0
731 0
732 0
733 0
734 0
735 0
736 0
737 0
738 0
739 0
740 0
741 0
742 0
743 0
744 1
745 0
746 0
747 1
748 0
749 0
750 0
751 0
752 0
753 1
754 0
755 0
756 0
757 0
758 0
759 0
760 1
761 0
762 0
763 1
764 0
765 0
766 0
767 0
768 0
769 1
770 1
771 0
772 1
773 0
774 0
775 1
776 0
777 1
778 1
779 0
780 1
781 0
782 0
783 0
784 0
785 1
786 0
787 0
788 0
789 1
790 0
791 1
792 0
793 0
794 0
795 0
796 0
797 0
798 0
799 0
800 0
801 1
802 0
803 1
804 1
805 1
806 1
807 0
808 0
809 0
810 1
811 0
812 0
813 0
814 1
815 0
816 1
817 0
818 0
819 2
820 0
821 0
822 0
823 0
824 0
825 0
826 1
827 0
828 0
829 0
830 0
831 0
832 0
833 0
834 0
835 0
836 1
837 0
838 0
839 0
840 1
841 1
842 1
843 0
844 1
845 0
846 0
847 0
848 1
849 1
850 2
851 1
852 1
853 2
854 0
855 0
856 0
857 0
858 0
859 0
860 1
861 1
862 1
863 0
864 1
865 2
866 1
867 1
868 0
869 0
870 1
871 1
872 0
873 0
874 0
875 1
876 1
877 1
878 0
879 0
880 1
881 1
882 1
883 1
884 1
885 1
886 1
887 0
888 0
889 0
890 0
891 0
892 0
893 1
894 1
895 1
896 0
897 1
898 1
899 0
900 1
901 1
902 0
903 1
904 0
905 1
906 0
907 0
908 0
909 0
910 0
911 0
912 0
913 0
914 1
915 0
916 0
917 0
918 0
919 1
920 1
921 0
922 0
923 0
924 0
925 0
926 0
927 1
928 0
929 0
930 1
931 1
932 0
933 0
934 0
935 0
936 0
937 1
938 1
939 0
940 0
941 0
942 1
943 0
944 0
945 0
946 2
947 2
948 1
949 0
950 0
951 1
952 0
953 1
954 1
955 1
956 0
957 0
958 0
959 1
960 0
961 0
962 0
963 1
964 1
965 1
966 0
967 0
968 1
969 0
970 0
971 0
972 0
973 1
974 0
975 0
976 0
977 0
978 0
979 0
980 1
981 1
982 0
983 0
984 0
985 1
986 0
987 0
988 0
989 1
990 0
991 1
992 2
993 1
994 2
995 1
996 0
997 0
998 0
999 0
1000 0
1001 1
1002 0
1003 1
1004 0
1005 0
1006 0
1007 1
1008 0
1009 0
1010 0
1011 0
1012 0
1013 0
1014 0
1015 0
1016 0
1017 0
1018 0
1019 0
1020 0
1021 1
1022 0
1023 0
1024 0
1025 0
1026 0
1027 0
1028 0
1029 0
1030 0
1031 0
1032 0
1033 0
1034 0
1035 1
1036 0
1037 0
1038 0
1039 0
1040 0
1041 1
1042 1
1043 1
1044 1
1045 0
1046 0
1047 1
1048 0
1049 0
1050 0
1051 0
1052 0
1053 0
1054 2
1055 0
1056 0
1057 0
1058 0
1059 1
1060 0
1061 0
1062 0
1063 0
1064 0
1065 0
1066 0
1067 0
1068 0
1069 0
1070 1
1071 0
1072 1
1073 1
1074 1
1075 1
1076 0
1077 0
1078 0
1079 0
1080 0
1081 0
1082 0
1083 0
1084 1
1085 0
1086 0
1087 0
1088 1
1089 0
1090 0
1091 0
1092 0
1093 1
1094 0
1095 0
1096 0
1097 0
1098 0
1099 0
1100 0
1101 0
1102 0
1103 0
1104 0
1105 1
1106 0
1107 0
1108 0
1109 1
1110 1
1111 1
1112 1
1113 0
1114 0
1115 0
1116 0
1117 0
1118 0
1119 0
1120 0
1121 0
1122 0
1123 0
1124 0
1125 0
1126 2
1127 1
1128 0
1129 1
1130 0
1131 1
1132 0
1133 0
1134 0
1135 0
1136 0
1137 1
1138 1
1139 0
1140 0
1141 0
1142 0
1143 0
1144 0
1145 0
1146 0
1147 0
1148 0
1149 0
1150 0
1151 1
1152 0
1153 0
1154 0
1155 0
1156 0
1157 1
1158 1
1159 0
1160 1
1161 1
1162 0
1163 0
1164 0
1165 0
1166 0
1167 0
1168 0
1169 0
1170 0
1171 0
1172 0
1173 0
1174 0
1175 0
1176 1
1177 0
1178 1
1179 1
1180 1
1181 0
1182 0
1183 0
1184 0
1185 0
1186 1
1187 0
1188 0
1189 0
1190 0
1191 0
1192 0
1193 1
1194 1
1195 1
1196 0
1197 2
1198 0
1199 1
1200 1
1201 0
1202 0
1203 0
1204 0
1205 0
1206 0
1207 0
1208 0
1209 0
1210 0
1211 0
1212 0
1213 0
1214 0
1215 0
1216 0
1217 0
1218 0
1219 0
1220 1
1221 0
1222 0
1223 0
1224 0
1225 0
1226 0
1227 0
1228 0
1229 1
1230 0
1231 0
1232 0
1233 0
1234 0
1235 0
1236 0
1237 1
1238 0
1239 0
1240 0
1241 1
1242 1
1243 1
1244 1
1245 0
1246 0
1247 1
1248 1
1249 1
1250 0
1251 0
1252 0
1253 0
1254 0
1255 0
1256 1
1257 1
1258 0
1259 0
1260 0
1261 0
1262 0
1263 1
1264 0
1265 0
1266 0
1267 0
1268 0
1269 0
1270 1
1271 1
1272 1
1273 0
1274 1
1275 1
1276 1
1277 1
1278 1
1279 0
1280 1
1281 1
1282 0
1283 1
1284 0
1285 1
1286 1
1287 0
1288 0
1289 1
1290 1
1291 1
1292 0
1293 1
1294 0
1295 1
1296 0
1297 0
1298 0
1299 1
1300 0
1301 1
1302 1
1303 1
1304 1
1305 1
1306 1
1307 0
1308 0
1309 0
1310 0
1311 0
1312 1
1313 1
1314 1
1315 0
1316 0
1317 1
1318 1
1319 1
1320 1
1321 0
1322 0
1323 1
1324 1
1325 0
1326 0
1327 0
1328 0
1329 0
1330 0
1331 0
1332 1
1333 0
1334 0
1335 0
1336 0
1337 0
1338 0
1339 0
1340 0
1341 0
1342 0
1343 0
1344 0
1345 0
1346 0
1347 0
1348 0
1349 0
1350 0
1351 0
1352 0
1353 0
1354 0
1355 0
1356 1
1357 0
1358 0
1359 0
1360 0
1361 0
1362 0
1363 0
1364 0
1365 0
1366 0
1367 0
1368 0
1369 0
1370 1
1371 1
1372 1
1373 1
1374 0
1375 0
1376 0
1377 0
1378 0
1379 1
1380 0
1381 1
1382 1
1383 1
1384 1
1385 0
1386 0
1387 0
1388 0
1389 0
1390 0
1391 0
1392 0
1393 0
1394 0
1395 0
1396 0
1397 0
1398 0
1399 1
1400 0
1401 0
1402 1
1403 0
1404 0
1405 0
1406 0
1407 1
1408 0
1409 1
1410 1
1411 0
1412 1
1413 0
1414 0
1415 1
1416 0
1417 0
1418 0
1419 0
1420 0
1421 0
1422 1
1423 1
1424 1
1425 0
1426 0
1427 0
1428 1
1429 1
1430 1
1431 1
1432 1
1433 0
1434 0
1435 1
1436 0
1437 0
1438 0
1439 1
1440 0
1441 0
1442 0
1443 0
1444 1
1445 1
1446 0
1447 0
1448 0
1449 0
1450 1
1451 0
1452 1
1453 1
1454 0
1455 0
1456 1
1457 0
1458 1
1459 0
1460 1
1461 2
1462 0
1463 0
1464 0
1465 0
1466 0
1467 0
1468 0
1469 0
1470 0
1471 0
1472 0
1473 0
1474 0
1475 0
1476 0
1477 0
1478 0
1479 0
1480 1
1481 0
1482 0
1483 0
1484 0
1485 0
1486 0
1487 0
1488 0
1489 0
1490 0
1491 0
1492 0
1493 0
1494 1
1495 1
1496 0
1497 0
1498 0
1499 0
1500 0
1501 0
1502 0
1503 0
1504 0
1505 0
1506 1
1507 1
1508 2
1509 1
1510 1
1511 1
1512 1
1513 1
1514 1
1515 3
1516 1
1517 2
1518 2
1519 1
1520 1
1521 1
1522 1
1523 1
1524 1
1525 1
1526 0
1527 1
1528 1
1529 2
1530 0
1531 2
1532 2
1533 1
1534 0
1535 0
1536 1
1537 1
1538 1
1539 1
1540 0
1541 1
1542 1
1543 0
1544 0
1545 1
1546 1
1547 1
1548 0
1549 1
1550 2
1551 1
1552 1
1553 2
1554 1
1555 2
1556 1
1557 2
1558 0
1559 1
1560 0
1561 1
1562 0
1563 1
1564 1
1565 0
1566 1
1567 2
1568 1
1569 1
1570 0
1571 1
1572 1
1573 1
1574 1
1575 1
1576 0
1577 2
1578 1
1579 2
1580 1
1581 1
1582 1
1583 1
1584 1
1585 0
1586 2
1587 3
1588 1
1589 2
1590 1
1591 2
1592 1
1593 0
1594 1
1595 0
1596 2
1597 0
1598 0
1599 0
1600 0
1601 0
1602 1
1603 1
1604 0
1605 1
1606 0
1607 0
1608 1
1609 0
1610 0
1611 0
1612 0
1613 0
1614 0
1615 0
1616 0
1617 0
1618 0
1619 0
1620 0
1621 0
1622 1
1623 0
1624 0
1625 1
1626 1
1627 1
1628 1
1629 1
1630 0
1631 1
1632 2
1633 0
1634 2
1635 1
1636 1
1637 1
1638 0
1639 0
1640 0
1641 1
1642 0
1643 0
1644 0
1645 0
1646 0
1647 0
1648 0
1649 0
1650 0
1651 0
1652 0
1653 0
1654 0
1655 0
1656 0
1657 0
1658 0
1659 0
1660 0
1661 0
1662 0
1663 0
1664 0
1665 0
1666 0
1667 0
1668 0
1669 0
1670 0
1671 0
1672 1
1673 1
1674 0
1675 0
1676 0
1677 0
1678 0
1679 0
1680 0
1681 0
1682 0
1683 0
1684 0
1685 1
1686 1
1687 0
1688 0
1689 0
1690 1
1691 0
1692 0
1693 0
1694 0
1695 1
1696 0
1697 0
1698 0
1699 1
1700 0
1701 0
1702 0
1703 0
1704 1
1705 0
1706 0
1707 0
1708 0
1709 0
1710 0
1711 0
1712 0
1713 0
1714 0
1715 0
1716 1
1717 0
1718 0
1719 0
1720 0
1721 0
1722 0
1723 1
1724 1
1725 1
1726 0
1727 1
1728 0
1729 0
1730 0
1731 0
1732 0
1733 0
1734 1
1735 0
1736 0
1737 0
1738 0
1739 0
1740 2
1741 1
1742 1
1743 1
1744 0
1745 0
1746 2
1747 0
1748 0
1749 0
1750 0
1751 0
1752 0
1753 2
1754 0
1755 0
1756 1
1757 0
1758 1
1759 0
1760 1
1761 0
1762 0
1763 0
1764 1
1765 1
1766 1
1767 0
1768 0
1769 0
1770 0
1771 1
1772 1
1773 0
1774 1
1775 0
1776 0
1777 0
1778 1
1779 0
1780 1
1781 1
1782 1
1783 1
1784 0
1785 0
1786 1
1787 0
1788 0
1789 1
1790 1
1791 0
1792 1
1793 0
1794 0
1795 1
1796 0
1797 0
1798 0
1799 0
1800 0
1801 0
1802 0
1803 0
1804 0
1805 0
1806 0
1807 0
1808 1
1809 1
1810 0
1811 1
1812 0
1813 0
1814 0
1815 1
1816 0
1817 1
1818 0
1819 1
1820 0
1821 0
1822 0
1823 0
1824 0
1825 0
1826 0
1827 1
1828 0
1829 1
1830 0
1831 0
1832 1
1833 0
1834 0
1835 0
1836 0
1837 0
1838 0
1839 0
1840 0
1841 0
1842 0
1843 0
1844 0
1845 0
1846 0
1847 0
1848 1
1849 0
1850 0
1851 0
1852 0
1853 0
1854 0
1855 0
1856 0
1857 0
1858 2
1859 0
1860 0
1861 0
1862 0
1863 1
1864 1
1865 0
1866 1
1867 0
1868 0
1869 0
1870 0
1871 0
1872 1
1873 1
1874 1
1875 0
1876 1
1877 0
1878 0
1879 0
1880 1
1881 0
1882 0
1883 0
1884 0
1885 0
1886 0
1887 0
1888 0
1889 0
1890 0
1891 0
1892 1
1893 1
1894 0
1895 0
1896 1
1897 0
1898 1
1899 0
1900 0
1901 1
1902 0
1903 0
1904 0
1905 0
1906 1
1907 0
1908 0
1909 0
1910 0
1911 0
1912 2
1913 0
1914 0
1915 1
1916 0
1917 0
1918 0
1919 0
1920 1
1921 0
1922 0
1923 0
1924 0
1925 0
1926 1
1927 0
1928 0
1929 0
1930 1
1931 1
1932 2
1933 0
1934 1
1935 0
1936 0
1937 1
1938 0
1939 0
1940 0
1941 0
1942 0
1943 0
1944 0
1945 1
1946 1
1947 0
1948 0
1949 0
1950 0
1951 0
1952 0
1953 1
1954 1
1955 0
1956 0
1957 0
1958 0
1959 0
1960 0
1961 0
1962 0
1963 0
1964 1
1965 1
1966 0
1967 1
1968 1
1969 1
1970 1
1971 1
1972 0
1973 1
1974 1
1975 1
1976 1
1977 2
1978 1
1979 1
1980 0
1981 0
1982 1
1983 0
1984 0
1985 1
1986 0
1987 1
1988 0
1989 1
1990 0
1991 1
1992 1
1993 1
1994 0
1995 0
1996 0
1997 0
1998 0
1999 0
