0 0
1 0
2 0
3 0
4 0
5 0
6 0
7 0
8 0
9 0
10 0
11 0
12 0
13 0
14 0
15 0
16 0
17 0
18 0
19 0
20 0
21 0
22 0
23 0
24 0
25 0
26 0
27 0
28 0
29 0
30 0
31 0
32 0
33 0
34 0
35 0
36 0
37 0
38 0
39 0
40 0
41 0
42 0
43 0
44 0
45 0
46 0
47 0
48 0
49 0
50 0
51 0
52 0
53 0
54 0
55 0
56 0
57 0
58 0
59 0
60 0
61 0
62 0
63 0
64 0
65 0
66 0
67 0
68 0
69 0
70 0
71 0
72 0
73 0
74 0
75 0
76 0
77 0
78 0
79 0
80 0
81 0
82 0
83 0
84 0
85 0
86 0
87 0
88 0
89 0
90 0
91 0
92 0
93 0
94 0
95 0
96 0
97 0
98 0
99 0
100 0
101 0
102 0
103 0
104 0
105 0
106 0
107 0
108 0
109 0
110 0
111 0
112 0
113 0
114 0
115 0
116 0
117 0
118 0
119 0
120 0
121 0
122 0
123 0
124 0
125 0
126 0
127 0
128 0
129 0
130 0
131 0
132 0
133 0
134 0
135 0
136 0
137 0
138 0
139 0
140 0
141 0
142 0
143 0
144 0
145 0
146 0
147 0
148 0
149 0
150 0
151 0
152 0
153 0
154 0
155 0
156 0
157 0
158 0
159 0
160 0
161 0
162 0
163 0
164 0
165 0
166 0
167 0
168 0
169 0
170 0
171 0
172 0
173 0
174 0
175 0
176 1
177 1
178 1
179 1
180 1
181 2
182 0
183 2
184 0
185 1
186 0
187 0
188 0
189 0
190 0
191 0
192 0
193 1
194 0
195 0
196 0
197 1
198 0
199 0
200 0
201 0
202 0
203 0
204 0
205 0
206 0
207 0
208 0
209 0
210 0
211 0
212 0
213 0
214 0
215 0
216 0
217 0
218 0
219 0
220 0
221 0
222 0
223 0
224 0
225 0
226 0
227 0
228 0
229 0
230 0
231 0
232 0
233 0
234 0
235 0
236 0
237 0
238 0
239 0
240 0
241 0
242 0
243 0
244 1
245 1
246 0
247 0
248 0
249 0
250 0
251 0
252 0
253 0
254 0
255 0
256 1
257 1
258 0
259 1
260 1
261 0
262 0
263 1
264 0
265 0
266 0
267 0
268 0
269 0
270 0
271 1
272 1
273 0
274 0
275 0
276 0
277 0
278 0
279 0
280 0
281 0
282 0
283 0
284 0
285 0
286 0
287 0
288 0
289 0
290 0
291 0
292 0
293 0
294 1
295 0
296 0
297 0
298 0
299 0
300 0
301 0
302 0
303 1
304 1
305 0
306 0
307 0
308 0
309 0
310 0
311 0
312 0
313 0
314 0
315 0
316 0
317 0
318 1
319 0
320 0
321 0
322 0
323 0
324 0
325 0
326 0
327 1
328 0
329 0
330 0
331 0
332 1
333 0
334 0
335 0
336 0
337 0
338 0
339 0
340 0
341 0
342 0
343 0
344 1
345 1
346 0
347 2
348 2
349 2
350 1
351 1
352 1
353 0
354 0
355 0
356 0
357 0
358 2
359 0
360 2
361 0
362 0
363 0
364 1
365 1
366 0
367 0
368 0
369 1
370 2
371 2
372 3
373 1
374 2
375 4
376 2
377 1
378 1
379 2
380 2
381 1
382 2
383 1
384 0
385 0
386 1
387 2
388 2
389 3
390 1
391 1
392 3
393 2
394 1
395 1
396 2
397 2
398 1
399 2
400 2
401 2
402 2
403 2
404 3
405 1
406 1
407 0
408 1
409 1
410 3
411 3
412 2
413 0
414 0
415 1
416 1
417 2
418 1
419 2
420 1
421 4
422 2
423 2
424 1
425 2
426 2
427 2
428 1
429 1
430 2
431 1
432 2
433 1
434 2
435 3
436 2
437 1
438 2
439 2
440 1
441 0
442 2
443 1
444 1
445 2
446 2
447 2
448 1
449 1
450 1
451 1
452 2
453 1
454 2
455 1
456 1
457 3
458 1
459 1
460 0
461 0
462 0
463 0
464 1
465 1
466 0
467 1
468 1
469 0
470 0
471 0
472 1
473 1
474 1
475 3
476 1
477 2
478 1
479 2
480 1
481 2
482 2
483 2
484 2
485 2
486 1
487 1
488 1
489 2
490 1
491 1
492 1
493 2
494 1
495 1
496 1
497 2
498 2
499 2
500 2
501 2
502 3
503 2
504 1
505 2
506 1
507 2
508 2
509 2
510 2
511 3
512 2
513 2
514 0
515 2
516 2
517 3
518 2
519 2
520 3
521 1
522 2
523 2
524 1
525 2
526 1
527 1
528 2
529 1
530 1
531 2
532 2
533 2
534 1
535 1
536 1
537 1
538 0
539 0
540 0
541 0
542 1
543 1
544 1
545 1
546 0
547 0
548 1
549 0
550 0
551 0
552 0
553 0
554 0
555 0
556 1
557 1
558 1
559 1
560 1
561 1
562 1
563 1
564 1
565 1
566 1
567 1
568 2
569 1
570 1
571 1
572 1
573 1
574 1
575 1
576 2
577 2
578 1
579 1
580 1
581 2
582 1
583 1
584 1
585 1
586 0
587 1
588 1
589 1
590 2
591 1
592 1
593 1
594 1
595 2
596 0
597 1
598 0
599 0
600 0
601 0
602 0
603 0
604 0
605 1
606 0
607 0
608 0
609 0
610 0
611 0
612 0
613 0
614 0
615 1
616 2
617 0
618 2
619 1
620 1
621 1
622 1
623 2
624 2
625 0
626 1
627 2
628 1
629 1
630 1
631 2
632 1
633 1
634 1
635 0
636 2
637 1
638 1
639 1
640 0
641 0
642 0
643 0
644 1
645 0
646 1
647 0
648 1
649 1
650 1
651 1
652 1
653 1
654 1
655 1
656 1
657 1
658 1
659 1
660 1
661 2
662 2
663 1
664 0
665 0
666 2
667 1
668 1
669 1
670 1
671 1
672 1
673 1
674 1
675 1
676 0
677 1
678 1
679 0
680 3
681 1
682 1
683 0
684 0
685 1
686 1
687 1
688 1
689 1
690 1
691 0
692 1
693 1
694 0
695 0
696 0
697 0
698 0
699 0
700 0
701 0
702 0
703 0
704 0
705 0
706 0
707 2
708 1
709 1
710 1
711 1
712 1
713 0
714 1
715 0
716 1
717 0
718 0
719 0
720 0
721 0
722 0
723 0
724 0
725 0
726 0
727 0
728 0
729 0
730 0
731 0
732 0
733 0
734 0
735 0
736 0
737 0
738 0
739 0
740 0
741 0
742 0
743 0
744 0
745 0
746 0
747 0
748 0
749 0
750 0
751 0
752 1
753 0
754 0
755 0
756 0
757 0
758 0
759 0
760 0
761 0
762 0
763 1
764 3
765 2
766 2
767 1
768 1
769 1
770 0
771 3
772 0
773 1
774 0
775 2
776 2
777 2
778 2
779 0
780 1
781 1
782 0
783 1
784 1
785 0
786 2
787 2
788 1
789 1
790 1
791 1
792 1
793 0
794 1
795 1
796 0
797 2
798 1
799 0
800 0
801 1
802 1
803 0
804 0
805 1
806 2
807 0
808 3
809 2
810 2
811 1
812 3
813 1
814 3
815 2
816 1
817 3
818 1
819 2
820 1
821 2
822 2
823 2
824 2
825 1
826 1
827 2
828 1
829 1
830 3
831 1
832 0
833 1
834 1
835 0
836 0
837 0
838 0
839 0
840 0
841 1
842 0
843 1
844 1
845 1
846 0
847 1
848 1
849 0
850 1
851 0
852 0
853 0
854 1
855 0
856 2
857 1
858 1
859 0
860 1
861 1
862 0
863 0
864 1
865 0
866 1
867 1
868 1
869 1
870 1
871 0
872 1
873 1
874 0
875 0
876 1
877 0
878 0
879 1
880 0
881 1
882 1
883 1
884 3
885 1
886 1
887 1
888 3
889 2
890 1
891 1
892 2
893 2
894 2
895 2
896 0
897 1
898 0
899 0
900 0
901 2
902 2
903 0
904 0
905 1
906 1
907 0
908 1
909 1
910 1
911 1
912 2
913 0
914 1
915 1
916 1
917 1
918 1
919 1
920 1
921 1
922 0
923 0
924 0
925 0
926 0
927 0
928 1
929 0
930 2
931 0
932 1
933 1
934 1
935 2
936 1
937 1
938 0
939 1
940 1
941 0
942 0
943 1
944 1
945 1
946 1
947 0
948 2
949 1
950 1
951 0
952 1
953 1
954 1
955 0
956 1
957 0
958 1
959 0
960 0
961 2
962 1
963 2
964 2
965 3
966 1
967 1
968 1
969 0
970 1
971 2
972 1
973 2
974 2
975 1
976 1
977 0
978 1
979 1
980 1
981 0
982 1
983 0
984 0
985 1
986 0
987 0
988 0
989 0
990 0
991 0
992 0
993 0
994 0
995 1
996 2
997 0
998 0
999 0
1000 0
1001 0
1002 0
1003 0
1004 0
1005 0
1006 0
1007 0
1008 0
1009 0
1010 0
1011 0
1012 0
1013 0
1014 0
1015 1
1016 0
1017 0
1018 1
1019 0
1020 1
1021 0
1022 0
1023 0
1024 0
1025 0
1026 0
1027 1
1028 1
1029 1
1030 1
1031 1
1032 1
1033 1
1034 1
1035 1
1036 1
1037 0
1038 1
1039 0
1040 1
1041 0
1042 0
1043 1
1044 1
1045 1
1046 1
1047 0
1048 1
1049 1
1050 1
1051 1
1052 1
1053 1
1054 1
1055 1
1056 1
1057 1
1058 1
1059 1
1060 1
1061 0
1062 1
1063 1
1064 1
1065 1
1066 1
1067 1
1068 1
1069 1
1070 0
1071 1
1072 1
1073 1
1074 1
1075 1
1076 1
1077 1
1078 1
1079 1
1080 1
1081 1
1082 1
1083 1
1084 1
1085 1
1086 1
1087 1
1088 1
1089 1
1090 0
1091 1
1092 0
1093 1
1094 1
1095 0
1096 0
1097 0
1098 1
1099 0
1100 0
1101 0
1102 0
1103 1
1104 1
1105 0
1106 1
1107 0
1108 1
1109 1
1110 1
1111 1
1112 1
1113 1
1114 1
1115 1
1116 1
1117 1
1118 1
1119 1
1120 1
1121 1
1122 1
1123 1
1124 0
1125 1
1126 1
1127 0
1128 1
1129 0
1130 1
1131 1
1132 0
1133 0
1134 0
1135 0
1136 0
1137 0
1138 0
1139 0
1140 0
1141 0
1142 0
1143 0
1144 0
1145 0
1146 0
1147 0
1148 0
1149 0
1150 0
1151 0
1152 1
1153 0
1154 0
1155 0
1156 0
1157 0
1158 0
1159 0
1160 0
1161 0
1162 0
1163 0
1164 0
1165 0
1166 0
1167 0
1168 0
1169 0
1170 0
1171 0
1172 0
1173 0
1174 0
1175 0
1176 0
1177 0
1178 0
1179 0
1180 0
1181 0
1182 0
1183 0
1184 0
1185 0
1186 0
1187 0
1188 0
1189 0
1190 0
1191 0
1192 0
1193 0
1194 0
1195 0
1196 0
1197 0
1198 0
1199 0
1200 0
1201 0
1202 0
1203 0
1204 0
1205 0
1206 1
1207 0
1208 0
1209 0
1210 1
1211 1
1212 0
1213 0
1214 0
1215 0
1216 0
1217 0
1218 0
1219 0
1220 0
1221 0
1222 0
1223 0
1224 0
1225 0
1226 0
1227 0
1228 0
1229 0
1230 0
1231 0
1232 0
1233 0
1234 0
1235 0
1236 0
1237 0
1238 1
1239 0
1240 0
1241 0
1242 0
1243 0
1244 1
1245 0
1246 0
1247 1
1248 0
1249 0
1250 0
1251 0
1252 0
1253 0
1254 0
1255 0
1256 0
1257 0
1258 0
1259 0
1260 0
1261 0
1262 0
1263 0
1264 0
1265 0
1266 0
1267 0
1268 0
1269 1
1270 0
1271 0
1272 0
1273 0
1274 0
1275 0
1276 0
1277 0
1278 0
1279 0
1280 0
1281 0
1282 1
1283 1
1284 1
1285 1
1286 0
1287 0
1288 0
1289 0
1290 0
1291 0
1292 0
1293 0
1294 1
1295 0
1296 0
1297 0
1298 0
1299 0
1300 0
1301 0
1302 1
1303 0
1304 0
1305 0
1306 0
1307 0
1308 0
1309 0
1310 0
1311 0
1312 0
1313 0
1314 0
1315 0
1316 0
1317 0
1318 0
1319 0
1320 0
1321 0
1322 0
1323 0
1324 0
1325 0
1326 0
1327 0
1328 0
1329 0
1330 0
1331 0
1332 0
1333 0
1334 0
1335 0
1336 0
1337 0
1338 0
1339 0
1340 0
1341 0
1342 0
1343 0
1344 1
1345 0
1346 0
1347 0
1348 0
1349 0
1350 0
1351 0
1352 0
1353 0
1354 0
1355 0
1356 0
1357 0
1358 0
1359 0
1360 0
1361 0
1362 0
1363 0
1364 0
1365 0
1366 0
1367 0
1368 0
1369 0
1370 0
1371 0
1372 0
1373 0
1374 0
1375 0
1376 0
1377 0
1378 0
1379 0
1380 0
1381 0
1382 0
1383 0
1384 0
1385 0
1386 0
1387 0
1388 0
1389 0
1390 0
1391 0
1392 0
1393 0
1394 0
1395 0
1396 0
1397 0
1398 0
1399 0
1400 0
1401 0
1402 0
1403 0
1404 0
1405 0
1406 0
1407 0
1408 0
1409 0
1410 0
1411 0
1412 0
1413 0
1414 0
1415 0
1416 0
1417 0
1418 0
1419 0
1420 0
1421 0
1422 0
1423 0
1424 0
1425 0
1426 0
1427 0
1428 0
1429 0
1430 0
1431 0
1432 0
1433 0
1434 0
1435 0
1436 0
1437 0
1438 0
1439 0
1440 0
1441 0
1442 0
1443 0
1444 0
1445 0
1446 0
1447 0
1448 0
1449 0
1450 0
1451 0
1452 0
1453 0
1454 0
1455 0
1456 0
1457 0
1458 0
1459 0
1460 0
1461 0
1462 0
1463 0
1464 0
1465 0
1466 0
1467 0
1468 0
1469 0
1470 0
1471 0
1472 0
1473 0
1474 0
1475 0
1476 0
1477 0
1478 0
1479 0
1480 0
1481 0
1482 0
1483 0
1484 0
1485 0
1486 0
1487 0
1488 0
1489 0
1490 0
1491 0
1492 0
1493 0
1494 0
1495 0
1496 0
1497 0
1498 0
1499 0
1500 0
1501 0
1502 0
1503 0
1504 0
1505 0
1506 0
1507 1
1508 0
1509 0
1510 0
1511 0
1512 0
1513 0
1514 1
1515 0
1516 0
1517 0
1518 0
1519 0
1520 0
1521 0
1522 0
1523 0
1524 0
1525 0
1526 0
1527 0
1528 0
1529 0
1530 0
1531 1
1532 0
1533 0
1534 0
1535 1
1536 1
1537 1
1538 0
1539 0
1540 0
1541 0
1542 0
1543 0
1544 0
1545 0
1546 0
1547 0
1548 0
1549 0
1550 0
1551 0
1552 0
1553 0
1554 0
1555 0
1556 0
1557 0
1558 0
1559 0
1560 0
1561 0
1562 0
1563 0
1564 0
1565 0
1566 0
1567 0
1568 0
1569 0
1570 0
1571 0
1572 0
1573 0
1574 0
1575 0
1576 0
1577 0
1578 0
1579 0
1580 0
1581 0
1582 0
1583 0
1584 0
1585 0
1586 0
1587 0
1588 0
1589 0
1590 0
1591 0
1592 0
1593 0
1594 0
1595 0
1596 0
1597 0
1598 0
1599 0
1600 1
1601 1
1602 1
1603 1
1604 1
1605 2
1606 1
1607 1
1608 1
1609 1
1610 0
1611 0
1612 0
1613 0
1614 2
1615 2
1616 1
1617 2
1618 2
1619 2
1620 1
1621 1
1622 3
1623 2
1624 2
1625 0
1626 1
1627 1
1628 1
1629 1
1630 1
1631 2
1632 2
1633 2
1634 1
1635 1
1636 1
1637 1
1638 0
1639 1
1640 2
1641 1
1642 0
1643 2
1644 1
1645 1
1646 2
1647 1
1648 1
1649 0
1650 1
1651 0
1652 1
1653 1
1654 1
1655 1
1656 0
1657 1
1658 1
1659 1
1660 1
1661 1
1662 1
1663 1
1664 1
1665 1
1666 1
1667 1
1668 1
1669 1
1670 1
1671 2
1672 0
1673 1
1674 1
1675 1
1676 0
1677 2
1678 1
1679 1
1680 2
1681 2
1682 1
1683 1
1684 0
1685 1
1686 1
1687 1
1688 1
1689 1
1690 0
1691 0
1692 1
1693 1
1694 1
1695 0
1696 0
1697 1
1698 1
1699 1
1700 1
1701 2
1702 1
1703 1
1704 2
1705 2
1706 0
1707 0
1708 0
1709 2
1710 1
1711 0
1712 2
1713 3
1714 2
1715 1
1716 4
1717 1
1718 2
1719 2
1720 2
1721 2
1722 1
1723 0
1724 3
1725 2
1726 1
1727 2
1728 2
1729 1
1730 2
1731 2
1732 1
1733 1
1734 2
1735 2
1736 2
1737 1
1738 2
1739 2
1740 1
1741 2
1742 2
1743 1
1744 1
1745 2
1746 2
1747 1
1748 2
1749 2
1750 1
1751 3
1752 2
1753 2
1754 2
1755 2
1756 0
1757 1
1758 1
1759 3
1760 1
1761 2
1762 2
1763 2
1764 2
1765 2
1766 2
1767 1
1768 2
1769 1
1770 2
1771 1
1772 2
1773 2
1774 2
1775 1
1776 1
1777 3
1778 2
1779 2
1780 1
1781 2
1782 2
1783 2
1784 2
1785 1
1786 1
1787 2
1788 1
1789 2
1790 2
1791 2
1792 2
1793 3
1794 2
1795 2
1796 1
1797 2
1798 2
1799 1
1800 2
1801 2
1802 2
1803 2
1804 0
1805 2
1806 2
1807 2
1808 3
1809 2
1810 2
1811 1
1812 3
1813 1
1814 1
1815 2
1816 2
1817 2
1818 3
1819 2
1820 2
1821 2
1822 4
1823 1
1824 2
1825 2
1826 2
1827 2
1828 2
1829 2
1830 1
1831 0
1832 2
1833 3
1834 2
1835 2
1836 2
1837 2
1838 1
1839 2
1840 3
1841 3
1842 2
1843 2
1844 1
1845 2
1846 3
1847 2
1848 1
1849 2
1850 2
1851 1
1852 2
1853 2
1854 2
1855 2
1856 2
1857 2
1858 1
1859 2
1860 3
1861 1
1862 1
1863 2
1864 2
1865 3
1866 3
1867 2
1868 2
1869 3
1870 2
1871 1
1872 1
1873 2
1874 2
1875 2
1876 3
1877 2
1878 2
1879 2
1880 1
1881 4
1882 2
1883 2
1884 1
1885 1
1886 2
1887 1
1888 0
1889 2
1890 2
1891 2
1892 2
1893 3
1894 2
1895 2
1896 1
1897 1
1898 3
1899 2
1900 2
1901 2
1902 2
1903 1
1904 2
1905 2
1906 1
1907 2
1908 3
1909 1
1910 1
1911 2
1912 3
1913 2
1914 1
1915 1
1916 1
1917 1
1918 1
1919 2
1920 2
1921 1
1922 1
1923 2
1924 2
1925 1
1926 2
1927 2
1928 1
1929 2
1930 2
1931 1
1932 1
1933 3
1934 2
1935 2
1936 2
1937 2
1938 1
1939 2
1940 2
1941 2
1942 2
1943 2
1944 2
1945 2
1946 3
1947 2
1948 1
1949 1
1950 1
1951 2
1952 0
1953 0
1954 2
1955 1
1956 2
1957 1
1958 2
1959 1
1960 1
1961 2
1962 3
1963 2
1964 2
1965 1
1966 2
1967 1
1968 1
1969 2
1970 4
1971 3
1972 2
1973 2
1974 2
1975 2
1976 1
1977 2
1978 1
1979 1
1980 3
1981 1
1982 3
1983 2
1984 1
1985 1
1986 2
1987 0
1988 1
1989 0
1990 0
1991 0
1992 0
1993 1
1994 0
1995 0
1996 2
1997 1
1998 2
1999 0
