0 2
1 1
2 2
3 2
4 1
5 2
6 5
7 2
8 2
9 2
10 2
11 0
12 3
13 3
14 3
15 2
16 1
17 4
18 0
19 1
20 1
21 0
22 1
23 1
24 1
25 2
26 3
27 5
28 3
29 3
30 4
31 3
32 3
33 2
34 4
35 2
36 4
37 3
38 2
39 3
40 3
41 3
42 3
43 3
44 3
45 2
46 3
47 4
48 3
49 2
50 5
51 2
52 3
53 4
54 2
55 3
56 4
57 3
58 4
59 3
60 3
61 4
62 2
63 3
64 4
65 3
66 3
67 4
68 3
69 3
70 4
71 3
72 4
73 4
74 4
75 4
76 3
77 2
78 4
79 2
80 2
81 2
82 1
83 2
84 1
85 2
86 1
87 2
88 1
89 2
90 3
91 0
92 2
93 1
94 0
95 0
96 1
97 1
98 1
99 2
100 1
101 1
102 1
103 1
104 1
105 1
106 1
107 1
108 1
109 1
110 1
111 1
112 0
113 0
114 1
115 0
116 1
117 1
118 1
119 0
120 1
121 1
122 1
123 0
124 0
125 1
126 1
127 0
128 1
129 2
130 0
131 1
132 0
133 4
134 2
135 2
136 2
137 1
138 3
139 2
140 3
141 1
142 1
143 3
144 1
145 2
146 2
147 2
148 1
149 3
150 1
151 3
152 5
153 2
154 2
155 3
156 3
157 2
158 2
159 2
160 3
161 5
162 4
163 4
164 1
165 3
166 4
167 3
168 1
169 3
170 2
171 2
172 2
173 4
174 2
175 3
176 2
177 4
178 3
179 0
180 0
181 0
182 0
183 0
184 0
185 1
186 0
187 0
188 1
189 0
190 1
191 1
192 2
193 1
194 3
195 2
196 2
197 3
198 4
199 3
200 3
201 4
202 3
203 2
204 4
205 3
206 3
207 2
208 2
209 3
210 2
211 2
212 2
213 3
214 2
215 2
216 3
217 3
218 3
219 3
220 2
221 2
222 2
223 3
224 2
225 3
226 3
227 3
228 3
229 3
230 3
231 4
232 4
233 3
234 3
235 5
236 3
237 2
238 3
239 3
240 3
241 3
242 2
243 2
244 2
245 2
246 2
247 3
248 2
249 3
250 2
251 2
252 2
253 4
254 1
255 3
256 5
257 3
258 3
259 2
260 2
261 2
262 2
263 2
264 3
265 3
266 3
267 2
268 3
269 4
270 5
271 2
272 3
273 2
274 2
275 3
276 2
277 2
278 3
279 2
280 3
281 3
282 2
283 2
284 2
285 1
286 0
287 3
288 2
289 3
290 4
291 4
292 3
293 2
294 2
295 3
296 3
297 3
298 3
299 3
300 1
301 3
302 2
303 3
304 4
305 2
306 3
307 3
308 4
309 2
310 3
311 3
312 2
313 2
314 2
315 4
316 3
317 3
318 3
319 1
320 3
321 2
322 2
323 2
324 4
325 3
326 4
327 3
328 3
329 3
330 3
331 3
332 3
333 2
334 2
335 3
336 4
337 2
338 4
339 2
340 2
341 1
342 1
343 1
344 1
345 1
346 2
347 0
348 1
349 0
350 1
351 1
352 1
353 0
354 1
355 1
356 1
357 0
358 2
359 1
360 1
361 1
362 1
363 2
364 1
365 3
366 2
367 1
368 2
369 2
370 3
371 1
372 2
373 2
374 1
375 2
376 1
377 1
378 1
379 3
380 1
381 2
382 3
383 2
384 1
385 1
386 3
387 1
388 1
389 1
390 3
391 1
392 3
393 1
394 2
395 3
396 3
397 3
398 2
399 0
400 1
401 0
402 0
403 1
404 2
405 3
406 1
407 1
408 1
409 1
410 2
411 3
412 2
413 1
414 1
415 4
416 2
417 3
418 2
419 4
420 1
421 1
422 1
423 2
424 2
425 1
426 0
427 1
428 2
429 1
430 2
431 3
432 3
433 1
434 1
435 2
436 1
437 1
438 0
439 0
440 0
441 3
442 3
443 1
444 1
445 1
446 2
447 2
448 3
449 0
450 3
451 2
452 2
453 0
454 1
455 1
456 1
457 0
458 1
459 1
460 2
461 2
462 2
463 2
464 2
465 2
466 2
467 3
468 2
469 2
470 2
471 3
472 2
473 2
474 2
475 2
476 2
477 3
478 3
479 2
480 3
481 3
482 3
483 2
484 2
485 3
486 1
487 1
488 2
489 2
490 3
491 1
492 0
493 3
494 2
495 0
496 2
497 1
498 2
499 2
500 2
501 2
502 2
503 3
504 2
505 2
506 3
507 2
508 2
509 3
510 3
511 3
512 2
513 2
514 3
515 2
516 2
517 3
518 2
519 2
520 3
521 1
522 2
523 3
524 2
525 2
526 2
527 2
528 2
529 1
530 2
531 2
532 3
533 1
534 3
535 3
536 2
537 3
538 4
539 4
540 2
541 2
542 2
543 2
544 3
545 3
546 3
547 4
548 3
549 3
550 2
551 2
552 2
553 1
554 2
555 4
556 4
557 5
558 2
559 3
560 3
561 3
562 2
563 3
564 3
565 1
566 1
567 3
568 3
569 1
570 4
571 3
572 3
573 3
574 4
575 3
576 2
577 1
578 2
579 3
580 5
581 2
582 2
583 2
584 3
585 2
586 2
587 2
588 2
589 2
590 2
591 4
592 3
593 2
594 2
595 2
596 2
597 3
598 1
599 2
600 4
601 2
602 2
603 2
604 2
605 2
606 3
607 1
608 2
609 2
610 2
611 2
612 2
613 3
614 3
615 1
616 2
617 3
618 2
619 2
620 3
621 3
622 3
623 3
624 1
625 1
626 1
627 1
628 2
629 2
630 1
631 0
632 0
633 0
634 0
635 0
636 0
637 0
638 0
639 0
640 1
641 3
642 0
643 0
644 0
645 0
646 0
647 0
648 0
649 0
650 0
651 0
652 0
653 1
654 0
655 1
656 2
657 1
658 0
659 0
660 1
661 1
662 1
663 1
664 1
665 1
666 0
667 1
668 1
669 1
670 2
671 0
672 0
673 2
674 2
675 2
676 2
677 2
678 2
679 2
680 2
681 2
682 4
683 3
684 4
685 3
686 2
687 3
688 3
689 2
690 3
691 3
692 4
693 2
694 2
695 3
696 3
697 2
698 2
699 2
700 2
701 3
702 4
703 4
704 4
705 4
706 3
707 3
708 2
709 2
710 2
711 3
712 2
713 2
714 3
715 2
716 2
717 2
718 0
719 2
720 2
721 4
722 3
723 2
724 3
725 0
726 0
727 0
728 0
729 3
730 2
731 1
732 0
733 0
734 0
735 0
736 0
737 1
738 1
739 1
740 1
741 0
742 1
743 1
744 2
745 0
746 0
747 0
748 2
749 0
750 0
751 0
752 1
753 0
754 1
755 0
756 1
757 1
758 1
759 1
760 1
761 1
762 1
763 1
764 1
765 1
766 0
767 1
768 1
769 1
770 0
771 1
772 1
773 0
774 1
775 1
776 1
777 1
778 0
779 1
780 0
781 0
782 0
783 0
784 1
785 1
786 1
787 1
788 1
789 0
790 1
791 1
792 1
793 1
794 1
795 1
796 1
797 0
798 1
799 1
800 1
801 1
802 1
803 0
804 1
805 1
806 1
807 1
808 1
809 1
810 0
811 1
812 1
813 0
814 1
815 1
816 1
817 1
818 0
819 1
820 1
821 1
822 1
823 1
824 1
825 1
826 0
827 0
828 1
829 0
830 0
831 1
832 0
833 0
834 2
835 1
836 1
837 1
838 1
839 1
840 1
841 1
842 1
843 1
844 1
845 0
846 1
847 1
848 0
849 1
850 1
851 1
852 1
853 1
854 1
855 1
856 0
857 1
858 1
859 1
860 1
861 0
862 0
863 0
864 0
865 0
866 0
867 0
868 0
869 0
870 0
871 0
872 0
873 0
874 0
875 0
876 0
877 0
878 0
879 0
880 0
881 0
882 0
883 0
884 0
885 0
886 0
887 0
888 0
889 0
890 0
891 0
892 0
893 0
894 0
895 0
896 0
897 0
898 0
899 0
900 0
901 0
902 0
903 0
904 0
905 0
906 0
907 0
908 0
909 0
910 0
911 0
912 0
913 0
914 0
915 0
916 0
917 0
918 0
919 0
920 0
921 1
922 1
923 1
924 3
925 0
926 0
927 0
928 0
929 0
930 0
931 0
932 0
933 0
934 0
935 0
936 0
937 0
938 0
939 0
940 0
941 0
942 0
943 0
944 0
945 0
946 0
947 0
948 0
949 0
950 0
951 0
952 0
953 0
954 0
955 0
956 0
957 0
958 0
959 0
960 0
961 0
962 0
963 0
964 0
965 0
966 0
967 0
968 0
969 0
970 0
971 0
972 1
973 2
974 0
975 2
976 1
977 0
978 0
979 0
980 0
981 0
982 0
983 1
984 1
985 1
986 0
987 0
988 1
989 0
990 0
991 0
992 0
993 0
994 0
995 0
996 0
997 0
998 0
999 0
1000 0
1001 0
1002 0
1003 0
1004 0
1005 0
1006 0
1007 0
1008 0
1009 0
1010 0
1011 0
1012 0
1013 0
1014 0
1015 0
1016 0
1017 0
1018 0
1019 0
1020 0
1021 0
1022 0
1023 0
1024 0
1025 1
1026 1
1027 1
1028 0
1029 0
1030 0
1031 0
1032 1
1033 0
1034 0
1035 0
1036 0
1037 0
1038 0
1039 0
1040 0
1041 0
1042 0
1043 0
1044 0
1045 0
1046 0
1047 0
1048 0
1049 0
1050 0
1051 0
1052 1
1053 0
1054 0
1055 0
1056 0
1057 1
1058 1
1059 0
1060 1
1061 3
1062 1
1063 1
1064 1
1065 2
1066 2
1067 2
1068 1
1069 0
1070 0
1071 0
1072 0
1073 1
1074 0
1075 0
1076 0
1077 0
1078 0
1079 1
1080 3
1081 1
1082 1
1083 0
1084 0
1085 0
1086 0
1087 1
1088 1
1089 2
1090 0
1091 1
1092 2
1093 2
1094 1
1095 1
1096 1
1097 2
1098 0
1099 1
1100 0
1101 1
1102 2
1103 2
1104 0
1105 2
1106 0
1107 0
1108 0
1109 1
1110 1
1111 0
1112 0
1113 1
1114 0
1115 2
1116 0
1117 0
1118 0
1119 0
1120 0
1121 0
1122 0
1123 0
1124 0
1125 1
1126 1
1127 2
1128 0
1129 0
1130 0
1131 0
1132 0
1133 0
1134 0
1135 0
1136 1
1137 0
1138 1
1139 1
1140 0
1141 0
1142 0
1143 0
1144 0
1145 2
1146 0
1147 1
1148 1
1149 0
1150 0
1151 0
1152 0
1153 1
1154 1
1155 2
1156 1
1157 2
1158 2
1159 1
1160 1
1161 0
1162 2
1163 1
1164 1
1165 1
1166 1
1167 0
1168 2
1169 0
1170 2
1171 3
1172 2
1173 2
1174 2
1175 1
1176 0
1177 2
1178 2
1179 3
1180 1
1181 1
1182 1
1183 2
1184 1
1185 2
1186 0
1187 1
1188 2
1189 2
1190 1
1191 2
1192 1
1193 0
1194 1
1195 1
1196 1
1197 1
1198 0
1199 0
1200 0
1201 2
1202 2
1203 1
1204 2
1205 1
1206 1
1207 2
1208 0
1209 2
1210 0
1211 2
1212 1
1213 1
1214 1
1215 2
1216 0
1217 1
1218 1
1219 2
1220 1
1221 2
1222 1
1223 2
1224 3
1225 2
1226 1
1227 1
1228 3
1229 2
1230 2
1231 1
1232 2
1233 1
1234 1
1235 2
1236 1
1237 0
1238 0
1239 0
1240 0
1241 0
1242 1
1243 2
1244 2
1245 1
1246 2
1247 2
1248 2
1249 3
1250 1
1251 2
1252 1
1253 2
1254 2
1255 3
1256 3
1257 1
1258 2
1259 2
1260 2
1261 2
1262 3
1263 0
1264 2
1265 2
1266 2
1267 3
1268 2
1269 1
1270 1
1271 2
1272 2
1273 1
1274 1
1275 1
1276 1
1277 1
1278 1
1279 1
1280 1
1281 2
1282 1
1283 1
1284 3
1285 1
1286 1
1287 1
1288 1
1289 1
1290 1
1291 1
1292 1
1293 1
1294 1
1295 0
1296 1
1297 0
1298 1
1299 3
1300 0
1301 1
1302 2
1303 3
1304 0
1305 0
1306 0
1307 2
1308 1
1309 0
1310 0
1311 0
1312 0
1313 0
1314 0
1315 0
1316 0
1317 0
1318 0
1319 0
1320 0
1321 0
1322 0
1323 0
1324 0
1325 0
1326 0
1327 0
1328 0
1329 0
1330 0
1331 0
1332 0
1333 0
1334 0
1335 0
1336 0
1337 0
1338 0
1339 0
1340 0
1341 0
1342 0
1343 0
1344 0
1345 0
1346 0
1347 2
1348 0
1349 0
1350 0
1351 0
1352 0
1353 2
1354 1
1355 1
1356 2
1357 1
1358 0
1359 1
1360 1
1361 1
1362 1
1363 0
1364 0
1365 0
1366 0
1367 0
1368 0
1369 0
1370 0
1371 0
1372 0
1373 0
1374 0
1375 0
1376 0
1377 0
1378 0
1379 0
1380 0
1381 0
1382 0
1383 0
1384 0
1385 0
1386 0
1387 0
1388 0
1389 0
1390 0
1391 0
1392 0
1393 0
1394 0
1395 0
1396 0
1397 0
1398 0
1399 0
1400 0
1401 0
1402 0
1403 0
1404 0
1405 0
1406 0
1407 0
1408 0
1409 0
1410 0
1411 0
1412 0
1413 0
1414 0
1415 0
1416 0
1417 0
1418 0
1419 0
1420 0
1421 0
1422 0
1423 0
1424 0
1425 0
1426 0
1427 0
1428 0
1429 0
1430 0
1431 0
1432 0
1433 0
1434 0
1435 0
1436 0
1437 0
1438 0
1439 0
1440 0
1441 0
1442 0
1443 0
1444 1
1445 0
1446 0
1447 0
1448 0
1449 0
1450 0
1451 2
1452 4
1453 1
1454 1
1455 0
1456 2
1457 3
1458 0
1459 1
1460 1
1461 1
1462 1
1463 1
1464 1
1465 0
1466 0
1467 1
1468 0
1469 1
1470 3
1471 1
1472 3
1473 1
1474 2
1475 0
1476 1
1477 0
1478 2
1479 1
1480 1
1481 0
1482 1
1483 0
1484 1
1485 1
1486 1
1487 0
1488 1
1489 1
1490 2
1491 2
1492 1
1493 2
1494 2
1495 2
1496 0
1497 1
1498 1
1499 2
1500 1
1501 0
1502 1
1503 1
1504 0
1505 1
1506 2
1507 4
1508 2
1509 1
1510 1
1511 2
1512 1
1513 1
1514 1
1515 0
1516 2
1517 1
1518 1
1519 1
1520 1
1521 1
1522 1
1523 1
1524 2
1525 0
1526 1
1527 1
1528 2
1529 1
1530 1
1531 1
1532 1
1533 2
1534 0
1535 3
1536 1
1537 3
1538 2
1539 2
1540 2
1541 2
1542 3
1543 1
1544 1
1545 1
1546 1
1547 3
1548 1
1549 1
1550 0
1551 2
1552 1
1553 1
1554 1
1555 1
1556 1
1557 2
1558 1
1559 1
1560 2
1561 2
1562 1
1563 1
1564 1
1565 3
1566 1
1567 1
1568 1
1569 2
1570 4
1571 1
1572 1
1573 2
1574 2
1575 2
1576 2
1577 1
1578 1
1579 1
1580 2
1581 1
1582 2
1583 2
1584 1
1585 1
1586 2
1587 2
1588 2
1589 1
1590 2
1591 2
1592 2
1593 2
1594 1
1595 1
1596 1
1597 2
1598 1
1599 1
1600 1
1601 1
1602 1
1603 1
1604 2
1605 2
1606 2
1607 0
1608 2
1609 2
1610 1
1611 1
1612 1
1613 1
1614 1
1615 1
1616 2
1617 1
1618 1
1619 3
1620 1
1621 2
1622 2
1623 3
1624 1
1625 1
1626 1
1627 2
1628 1
1629 2
1630 1
1631 1
1632 1
1633 1
1634 1
1635 1
1636 2
1637 2
1638 3
1639 1
1640 0
1641 1
1642 1
1643 3
1644 2
1645 2
1646 2
1647 2
1648 2
1649 2
1650 2
1651 1
1652 1
1653 2
1654 0
1655 1
1656 1
1657 0
1658 2
1659 1
1660 1
1661 3
1662 2
1663 2
1664 2
1665 1
1666 1
1667 2
1668 2
1669 3
1670 2
1671 3
1672 3
1673 2
1674 3
1675 2
1676 1
1677 2
1678 3
1679 2
1680 2
1681 1
1682 2
1683 2
1684 1
1685 1
1686 3
1687 3
1688 1
1689 2
1690 2
1691 3
1692 3
1693 3
1694 2
1695 2
1696 3
1697 2
1698 1
1699 2
1700 3
1701 3
1702 1
1703 3
1704 1
1705 3
1706 2
1707 2
1708 2
1709 2
1710 2
1711 3
1712 3
1713 2
1714 2
1715 1
1716 1
1717 1
1718 2
1719 2
1720 1
1721 1
1722 2
1723 1
1724 2
1725 2
1726 3
1727 2
1728 3
1729 2
1730 2
1731 2
1732 1
1733 2
1734 3
1735 2
1736 2
1737 2
1738 2
1739 2
1740 2
1741 0
1742 3
1743 2
1744 2
1745 2
1746 2
1747 2
1748 1
1749 2
1750 1
1751 2
1752 1
1753 3
1754 1
1755 2
1756 2
1757 0
1758 2
1759 2
1760 2
1761 2
1762 2
1763 2
1764 2
1765 2
1766 2
1767 1
1768 2
1769 1
1770 2
1771 2
1772 2
1773 2
1774 2
1775 4
1776 2
1777 2
1778 2
1779 2
1780 3
1781 3
1782 2
1783 2
1784 3
1785 2
1786 3
1787 3
1788 2
1789 2
1790 1
1791 1
1792 2
1793 2
1794 2
1795 2
1796 2
1797 3
1798 2
1799 1
1800 2
1801 3
1802 3
1803 1
1804 2
1805 2
1806 2
1807 2
1808 3
1809 3
1810 2
1811 2
1812 2
1813 3
1814 2
1815 1
1816 1
1817 0
1818 2
1819 2
1820 1
1821 3
1822 2
1823 2
1824 3
1825 2
1826 1
1827 1
1828 1
1829 2
1830 2
1831 3
1832 3
1833 2
1834 2
1835 3
1836 2
1837 2
1838 3
1839 2
1840 2
1841 1
1842 2
1843 2
1844 2
1845 2
1846 3
1847 3
1848 2
1849 2
1850 2
1851 3
1852 2
1853 2
1854 3
1855 2
1856 1
1857 2
1858 2
1859 2
1860 2
1861 2
1862 2
1863 2
1864 1
1865 0
1866 0
1867 1
1868 0
1869 1
1870 1
1871 0
1872 2
1873 1
1874 1
1875 1
1876 0
1877 1
1878 1
1879 1
1880 1
1881 1
1882 0
1883 2
1884 1
1885 1
1886 0
1887 1
1888 1
1889 1
1890 0
1891 1
1892 2
1893 2
1894 1
1895 0
1896 1
1897 1
1898 1
1899 0
1900 1
1901 0
1902 1
1903 1
1904 1
1905 1
1906 1
1907 1
1908 1
1909 1
1910 1
1911 2
1912 1
1913 0
1914 0
1915 1
1916 0
1917 0
1918 0
1919 0
1920 0
1921 0
1922 0
1923 0
1924 0
1925 0
1926 0
1927 0
1928 0
1929 0
1930 0
1931 0
1932 0
1933 0
1934 0
1935 0
1936 0
1937 0
1938 0
1939 0
1940 0
1941 0
1942 0
1943 0
1944 0
1945 0
1946 0
1947 0
1948 0
1949 0
1950 0
1951 0
1952 2
1953 1
1954 1
1955 3
1956 1
1957 1
1958 0
1959 3
1960 2
1961 1
1962 2
1963 1
1964 1
1965 2
1966 1
1967 0
1968 3
1969 1
1970 1
1971 1
1972 1
1973 0
1974 0
1975 1
1976 1
1977 1
1978 2
1979 0
1980 0
1981 0
1982 0
1983 0
1984 0
1985 0
1986 0
1987 0
1988 0
1989 0
1990 0
1991 1
1992 0
1993 2
1994 0
1995 2
1996 0
1997 0
1998 1
1999 2
