0 0
1 0
2 0
3 0
4 0
5 0
6 0
7 0
8 0
9 0
10 0
11 0
12 0
13 0
14 0
15 0
16 0
17 0
18 0
19 0
20 0
21 0
22 0
23 0
24 0
25 0
26 0
27 0
28 0
29 0
30 0
31 0
32 0
33 0
34 0
35 0
36 0
37 0
38 0
39 0
40 0
41 0
42 0
43 0
44 0
45 0
46 0
47 0
48 0
49 0
50 0
51 0
52 0
53 0
54 0
55 0
56 0
57 0
58 0
59 0
60 0
61 0
62 0
63 0
64 0
65 0
66 0
67 0
68 0
69 0
70 0
71 0
72 0
73 0
74 0
75 0
76 0
77 0
78 0
79 0
80 0
81 0
82 0
83 0
84 0
85 0
86 0
87 0
88 0
89 0
90 0
91 0
92 0
93 0
94 0
95 0
96 0
97 0
98 0
99 0
100 0
101 0
102 0
103 0
104 0
105 0
106 0
107 0
108 0
109 0
110 0
111 0
112 0
113 0
114 0
115 0
116 0
117 0
118 0
119 0
120 0
121 0
122 0
123 0
124 0
125 0
126 0
127 0
128 0
129 0
130 0
131 0
132 0
133 0
134 0
135 0
136 0
137 0
138 0
139 0
140 0
141 0
142 0
143 0
144 0
145 0
146 0
147 0
148 0
149 0
150 0
151 0
152 0
153 0
154 0
155 0
156 0
157 0
158 0
159 0
160 0
161 0
162 0
163 0
164 0
165 0
166 0
167 0
168 0
169 0
170 0
171 0
172 0
173 0
174 0
175 0
176 0
177 0
178 0
179 0
180 0
181 0
182 0
183 0
184 0
185 0
186 0
187 0
188 0
189 0
190 0
191 0
192 0
193 0
194 0
195 0
196 0
197 0
198 0
199 0
200 0
201 0
202 0
203 0
204 0
205 0
206 0
207 0
208 0
209 0
210 0
211 0
212 0
213 0
214 0
215 0
216 0
217 0
218 0
219 0
220 0
221 0
222 0
223 0
224 0
225 0
226 0
227 0
228 0
229 0
230 0
231 0
232 0
233 0
234 0
235 0
236 0
237 0
238 0
239 0
240 0
241 0
242 0
243 0
244 0
245 0
246 0
247 0
248 0
249 0
250 0
251 0
252 0
253 0
254 0
255 0
256 0
257 0
258 0
259 0
260 0
261 0
262 0
263 0
264 0
265 0
266 0
267 0
268 0
269 0
270 0
271 0
272 0
273 0
274 0
275 0
276 0
277 0
278 0
279 0
280 0
281 0
282 0
283 0
284 0
285 0
286 0
287 0
288 0
289 0
290 0
291 0
292 0
293 0
294 0
295 0
296 0
297 0
298 0
299 0
300 0
301 0
302 0
303 0
304 0
305 0
306 0
307 0
308 0
309 0
310 0
311 0
312 0
313 0
314 0
315 0
316 0
317 0
318 0
319 0
320 0
321 0
322 0
323 0
324 0
325 0
326 0
327 0
328 0
329 0
330 0
331 0
332 0
333 0
334 0
335 0
336 0
337 0
338 0
339 0
340 0
341 0
342 0
343 0
344 0
345 0
346 0
347 0
348 0
349 0
350 0
351 0
352 0
353 0
354 2
355 1
356 0
357 0
358 0
359 0
360 0
361 0
362 0
363 0
364 0
365 0
366 0
367 0
368 0
369 0
370 0
371 0
372 0
373 0
374 0
375 0
376 0
377 0
378 0
379 1
380 1
381 0
382 1
383 0
384 0
385 1
386 0
387 0
388 0
389 0
390 0
391 1
392 0
393 1
394 1
395 2
396 1
397 0
398 1
399 1
400 0
401 2
402 0
403 0
404 0
405 0
406 0
407 1
408 1
409 1
410 2
411 0
412 0
413 1
414 1
415 1
416 1
417 1
418 1
419 1
420 2
421 0
422 0
423 0
424 0
425 1
426 0
427 0
428 0
429 0
430 0
431 0
432 0
433 0
434 0
435 0
436 1
437 0
438 0
439 0
440 0
441 0
442 0
443 0
444 0
445 0
446 0
447 0
448 0
449 0
450 0
451 0
452 0
453 0
454 0
455 0
456 0
457 0
458 0
459 1
460 0
461 0
462 0
463 0
464 0
465 0
466 0
467 0
468 0
469 0
470 0
471 0
472 0
473 0
474 0
475 0
476 1
477 0
478 0
479 0
480 0
481 0
482 0
483 0
484 0
485 0
486 0
487 0
488 0
489 0
490 0
491 0
492 0
493 1
494 0
495 0
496 0
497 0
498 0
499 0
500 0
501 0
502 0
503 0
504 0
505 0
506 0
507 0
508 0
509 0
510 0
511 0
512 0
513 0
514 0
515 0
516 0
517 0
518 0
519 0
520 0
521 0
522 0
523 0
524 0
525 0
526 0
527 0
528 1
529 0
530 0
531 0
532 0
533 0
534 0
535 0
536 0
537 0
538 0
539 0
540 0
541 0
542 0
543 0
544 0
545 0
546 0
547 0
548 0
549 0
550 0
551 0
552 0
553 0
554 0
555 0
556 1
557 0
558 0
559 0
560 0
561 0
562 0
563 0
564 0
565 0
566 0
567 0
568 1
569 0
570 0
571 0
572 0
573 1
574 1
575 1
576 1
577 1
578 1
579 1
580 0
581 0
582 1
583 1
584 0
585 0
586 0
587 0
588 0
589 0
590 0
591 1
592 1
593 1
594 1
595 1
596 2
597 1
598 1
599 0
600 1
601 1
602 1
603 1
604 0
605 1
606 2
607 1
608 2
609 2
610 2
611 1
612 1
613 1
614 1
615 1
616 1
617 1
618 1
619 1
620 2
621 2
622 2
623 2
624 2
625 2
626 1
627 2
628 2
629 1
630 2
631 2
632 2
633 2
634 2
635 2
636 2
637 2
638 2
639 2
640 3
641 2
642 1
643 1
644 2
645 2
646 2
647 1
648 2
649 1
650 3
651 2
652 1
653 3
654 1
655 2
656 1
657 2
658 2
659 2
660 3
661 1
662 2
663 3
664 2
665 3
666 3
667 2
668 1
669 2
670 2
671 1
672 2
673 2
674 1
675 2
676 1
677 2
678 2
679 3
680 1
681 1
682 1
683 0
684 0
685 1
686 1
687 0
688 0
689 1
690 1
691 1
692 0
693 1
694 1
695 1
696 1
697 1
698 1
699 1
700 1
701 1
702 1
703 1
704 1
705 1
706 1
707 1
708 1
709 1
710 1
711 1
712 1
713 1
714 1
715 1
716 0
717 1
718 1
719 1
720 1
721 1
722 1
723 1
724 1
725 1
726 1
727 1
728 1
729 1
730 0
731 1
732 1
733 1
734 1
735 1
736 2
737 0
738 0
739 1
740 1
741 1
742 1
743 2
744 1
745 1
746 2
747 1
748 1
749 1
750 1
751 1
752 1
753 3
754 2
755 2
756 2
757 1
758 1
759 1
760 1
761 1
762 1
763 1
764 1
765 1
766 1
767 0
768 1
769 0
770 1
771 1
772 0
773 1
774 1
775 1
776 1
777 2
778 2
779 2
780 1
781 2
782 2
783 3
784 2
785 1
786 2
787 2
788 2
789 2
790 1
791 1
792 1
793 1
794 1
795 2
796 3
797 2
798 2
799 3
800 3
801 3
802 2
803 2
804 2
805 3
806 2
807 2
808 2
809 2
810 1
811 1
812 1
813 1
814 0
815 1
816 1
817 1
818 0
819 0
820 0
821 1
822 0
823 1
824 0
825 0
826 0
827 0
828 1
829 0
830 0
831 1
832 0
833 1
834 1
835 1
836 1
837 1
838 1
839 1
840 1
841 1
842 1
843 1
844 1
845 1
846 1
847 1
848 1
849 1
850 1
851 1
852 2
853 2
854 1
855 1
856 1
857 1
858 1
859 1
860 1
861 1
862 1
863 0
864 0
865 1
866 1
867 1
868 1
869 1
870 1
871 1
872 2
873 1
874 2
875 2
876 1
877 2
878 1
879 2
880 2
881 2
882 2
883 1
884 2
885 1
886 3
887 2
888 1
889 2
890 2
891 2
892 2
893 1
894 2
895 2
896 2
897 2
898 1
899 2
900 2
901 2
902 1
903 2
904 3
905 1
906 1
907 2
908 2
909 2
910 2
911 2
912 3
913 2
914 3
915 2
916 2
917 2
918 1
919 1
920 1
921 1
922 1
923 1
924 1
925 2
926 1
927 1
928 1
929 1
930 1
931 0
932 1
933 1
934 0
935 1
936 1
937 1
938 1
939 1
940 2
941 2
942 2
943 1
944 1
945 2
946 1
947 0
948 1
949 0
950 1
951 0
952 0
953 0
954 0
955 0
956 0
957 0
958 0
959 0
960 0
961 0
962 0
963 0
964 0
965 0
966 0
967 0
968 0
969 0
970 0
971 0
972 0
973 0
974 0
975 0
976 0
977 0
978 0
979 0
980 0
981 0
982 0
983 0
984 0
985 0
986 1
987 1
988 1
989 1
990 0
991 0
992 0
993 0
994 0
995 0
996 0
997 0
998 0
999 0
1000 0
1001 0
1002 0
1003 0
1004 0
1005 0
1006 0
1007 0
1008 0
1009 0
1010 0
1011 0
1012 0
1013 0
1014 0
1015 0
1016 0
1017 0
1018 0
1019 0
1020 0
1021 0
1022 0
1023 0
1024 0
1025 0
1026 0
1027 0
1028 0
1029 0
1030 0
1031 0
1032 0
1033 1
1034 0
1035 0
1036 0
1037 0
1038 0
1039 0
1040 0
1041 0
1042 0
1043 0
1044 0
1045 0
1046 0
1047 0
1048 0
1049 0
1050 0
1051 0
1052 0
1053 0
1054 0
1055 0
1056 0
1057 0
1058 0
1059 0
1060 0
1061 0
1062 0
1063 0
1064 0
1065 0
1066 0
1067 0
1068 0
1069 0
1070 0
1071 0
1072 0
1073 0
1074 0
1075 0
1076 0
1077 0
1078 0
1079 0
1080 0
1081 0
1082 0
1083 0
1084 0
1085 0
1086 0
1087 0
1088 0
1089 1
1090 0
1091 1
1092 0
1093 1
1094 1
1095 0
1096 0
1097 1
1098 0
1099 0
1100 0
1101 1
1102 1
1103 0
1104 1
1105 1
1106 0
1107 0
1108 0
1109 0
1110 0
1111 0
1112 1
1113 1
1114 0
1115 1
1116 1
1117 0
1118 0
1119 0
1120 0
1121 1
1122 1
1123 0
1124 0
1125 0
1126 0
1127 0
1128 0
1129 0
1130 0
1131 0
1132 0
1133 0
1134 0
1135 0
1136 0
1137 1
1138 1
1139 1
1140 2
1141 1
1142 1
1143 1
1144 1
1145 1
1146 1
1147 1
1148 1
1149 0
1150 1
1151 1
1152 2
1153 1
1154 1
1155 0
1156 1
1157 0
1158 1
1159 1
1160 0
1161 0
1162 1
1163 0
1164 0
1165 1
1166 0
1167 1
1168 0
1169 1
1170 1
1171 0
1172 0
1173 0
1174 1
1175 1
1176 0
1177 1
1178 1
1179 1
1180 0
1181 0
1182 1
1183 0
1184 0
1185 0
1186 0
1187 0
1188 0
1189 0
1190 0
1191 0
1192 0
1193 0
1194 0
1195 0
1196 0
1197 0
1198 0
1199 0
1200 0
1201 0
1202 0
1203 0
1204 0
1205 0
1206 0
1207 0
1208 0
1209 0
1210 0
1211 0
1212 0
1213 0
1214 0
1215 0
1216 0
1217 0
1218 0
1219 0
1220 0
1221 0
1222 0
1223 1
1224 0
1225 0
1226 0
1227 0
1228 0
1229 0
1230 0
1231 0
1232 0
1233 0
1234 0
1235 0
1236 0
1237 0
1238 0
1239 0
1240 0
1241 0
1242 0
1243 0
1244 0
1245 0
1246 0
1247 0
1248 0
1249 0
1250 0
1251 0
1252 0
1253 0
1254 0
1255 0
1256 0
1257 0
1258 0
1259 0
1260 0
1261 0
1262 0
1263 0
1264 0
1265 0
1266 0
1267 0
1268 0
1269 0
1270 0
1271 0
1272 0
1273 0
1274 0
1275 0
1276 0
1277 0
1278 0
1279 0
1280 0
1281 1
1282 0
1283 0
1284 0
1285 0
1286 0
1287 0
1288 0
1289 0
1290 0
1291 0
1292 0
1293 0
1294 0
1295 0
1296 0
1297 0
1298 0
1299 0
1300 0
1301 0
1302 0
1303 0
1304 0
1305 0
1306 0
1307 0
1308 0
1309 0
1310 0
1311 0
1312 0
1313 0
1314 1
1315 0
1316 0
1317 0
1318 0
1319 0
1320 0
1321 0
1322 0
1323 0
1324 0
1325 0
1326 0
1327 0
1328 0
1329 0
1330 0
1331 0
1332 2
1333 0
1334 0
1335 0
1336 0
1337 0
1338 0
1339 0
1340 0
1341 0
1342 0
1343 0
1344 0
1345 0
1346 0
1347 0
1348 0
1349 0
1350 0
1351 0
1352 0
1353 1
1354 2
1355 0
1356 0
1357 0
1358 0
1359 0
1360 0
1361 0
1362 0
1363 0
1364 1
1365 1
1366 1
1367 1
1368 1
1369 1
1370 1
1371 1
1372 1
1373 1
1374 1
1375 0
1376 1
1377 1
1378 1
1379 1
1380 1
1381 1
1382 1
1383 1
1384 1
1385 0
1386 0
1387 0
1388 0
1389 0
1390 0
1391 0
1392 0
1393 0
1394 0
1395 0
1396 0
1397 0
1398 1
1399 0
1400 0
1401 0
1402 0
1403 0
1404 0
1405 0
1406 0
1407 0
1408 0
1409 0
1410 0
1411 0
1412 1
1413 0
1414 0
1415 0
1416 0
1417 0
1418 0
1419 0
1420 0
1421 0
1422 0
1423 0
1424 0
1425 0
1426 0
1427 0
1428 1
1429 0
1430 0
1431 0
1432 1
1433 1
1434 1
1435 1
1436 1
1437 1
1438 1
1439 0
1440 1
1441 1
1442 2
1443 1
1444 2
1445 0
1446 1
1447 1
1448 1
1449 1
1450 1
1451 0
1452 1
1453 1
1454 1
1455 1
1456 1
1457 1
1458 1
1459 1
1460 1
1461 1
1462 1
1463 1
1464 0
1465 1
1466 1
1467 1
1468 1
1469 0
1470 1
1471 0
1472 0
1473 0
1474 0
1475 0
1476 0
1477 0
1478 0
1479 0
1480 0
1481 1
1482 1
1483 1
1484 0
1485 1
1486 1
1487 1
1488 2
1489 2
1490 0
1491 1
1492 1
1493 1
1494 1
1495 1
1496 1
1497 1
1498 1
1499 1
1500 1
1501 1
1502 1
1503 1
1504 1
1505 2
1506 1
1507 1
1508 1
1509 1
1510 1
1511 1
1512 1
1513 1
1514 1
1515 1
1516 1
1517 1
1518 1
1519 1
1520 1
1521 2
1522 1
1523 1
1524 1
1525 1
1526 1
1527 1
1528 1
1529 1
1530 1
1531 1
1532 2
1533 1
1534 1
1535 1
1536 1
1537 1
1538 1
1539 1
1540 1
1541 1
1542 1
1543 1
1544 1
1545 1
1546 1
1547 1
1548 1
1549 2
1550 1
1551 1
1552 1
1553 1
1554 0
1555 0
1556 0
1557 0
1558 0
1559 0
1560 0
1561 0
1562 0
1563 0
1564 0
1565 0
1566 0
1567 0
1568 0
1569 0
1570 0
1571 0
1572 0
1573 0
1574 0
1575 0
1576 0
1577 0
1578 0
1579 0
1580 0
1581 0
1582 0
1583 0
1584 0
1585 0
1586 0
1587 0
1588 0
1589 0
1590 0
1591 0
1592 0
1593 0
1594 0
1595 0
1596 0
1597 0
1598 0
1599 0
1600 0
1601 0
1602 0
1603 0
1604 0
1605 0
1606 0
1607 0
1608 0
1609 0
1610 0
1611 0
1612 0
1613 0
1614 0
1615 0
1616 0
1617 0
1618 0
1619 0
1620 0
1621 0
1622 0
1623 0
1624 0
1625 0
1626 0
1627 0
1628 0
1629 0
1630 0
1631 0
1632 0
1633 0
1634 0
1635 0
1636 0
1637 0
1638 0
1639 0
1640 0
1641 0
1642 0
1643 0
1644 0
1645 0
1646 0
1647 0
1648 0
1649 0
1650 0
1651 0
1652 0
1653 0
1654 0
1655 0
1656 0
1657 0
1658 0
1659 1
1660 2
1661 1
1662 1
1663 1
1664 1
1665 1
1666 1
1667 1
1668 1
1669 1
1670 1
1671 1
1672 1
1673 0
1674 1
1675 1
1676 1
1677 1
1678 1
1679 1
1680 0
1681 1
1682 1
1683 1
1684 1
1685 0
1686 1
1687 1
1688 1
1689 1
1690 1
1691 1
1692 1
1693 1
1694 1
1695 1
1696 1
1697 1
1698 1
1699 1
1700 1
1701 1
1702 1
1703 1
1704 1
1705 1
1706 1
1707 2
1708 1
1709 1
1710 1
1711 1
1712 0
1713 1
1714 1
1715 1
1716 1
1717 1
1718 1
1719 1
1720 0
1721 2
1722 0
1723 0
1724 1
1725 1
1726 1
1727 1
1728 1
1729 1
1730 0
1731 0
1732 0
1733 0
1734 1
1735 2
1736 1
1737 1
1738 0
1739 1
1740 2
1741 1
1742 1
1743 1
1744 1
1745 1
1746 1
1747 1
1748 1
1749 1
1750 1
1751 1
1752 1
1753 1
1754 2
1755 1
1756 1
1757 1
1758 1
1759 1
1760 2
1761 1
1762 1
1763 1
1764 0
1765 1
1766 1
1767 1
1768 1
1769 1
1770 1
1771 1
1772 1
1773 1
1774 1
1775 1
1776 1
1777 1
1778 1
1779 1
1780 1
1781 1
1782 1
1783 1
1784 1
1785 1
1786 1
1787 2
1788 1
1789 1
1790 1
1791 0
1792 1
1793 1
1794 1
1795 1
1796 1
1797 1
1798 1
1799 1
1800 0
1801 0
1802 0
1803 0
1804 0
1805 0
1806 1
1807 1
1808 1
1809 1
1810 1
1811 1
1812 1
1813 2
1814 1
1815 1
1816 1
1817 1
1818 1
1819 1
1820 1
1821 1
1822 1
1823 1
1824 2
1825 0
1826 0
1827 2
1828 1
1829 1
1830 1
1831 1
1832 1
1833 1
1834 1
1835 1
1836 1
1837 1
1838 1
1839 1
1840 0
1841 1
1842 1
1843 1
1844 0
1845 1
1846 0
1847 1
1848 1
1849 1
1850 1
1851 1
1852 1
1853 1
1854 1
1855 1
1856 3
1857 2
1858 1
1859 2
1860 2
1861 2
1862 2
1863 1
1864 2
1865 2
1866 2
1867 2
1868 2
1869 2
1870 2
1871 2
1872 2
1873 2
1874 2
1875 2
1876 1
1877 2
1878 2
1879 2
1880 1
1881 2
1882 2
1883 2
1884 2
1885 2
1886 1
1887 3
1888 2
1889 2
1890 2
1891 1
1892 2
1893 2
1894 1
1895 2
1896 2
1897 2
1898 2
1899 2
1900 2
1901 2
1902 2
1903 2
1904 1
1905 3
1906 2
1907 2
1908 3
1909 2
1910 2
1911 2
1912 2
1913 2
1914 2
1915 2
1916 2
1917 2
1918 2
1919 1
1920 2
1921 1
1922 2
1923 2
1924 2
1925 2
1926 2
1927 3
1928 2
1929 2
1930 1
1931 2
1932 2
1933 2
1934 2
1935 2
1936 2
1937 2
1938 2
1939 2
1940 2
1941 2
1942 2
1943 2
1944 2
1945 2
1946 2
1947 2
1948 2
1949 1
1950 2
1951 1
1952 1
1953 2
1954 2
1955 1
1956 2
1957 1
1958 2
1959 1
1960 2
1961 2
1962 2
1963 2
1964 2
1965 2
1966 2
1967 2
1968 2
1969 2
1970 2
1971 2
1972 2
1973 1
1974 1
1975 2
1976 1
1977 2
1978 2
1979 2
1980 2
1981 2
1982 2
1983 2
1984 1
1985 2
1986 2
1987 2
1988 3
1989 1
1990 3
1991 2
1992 3
1993 2
1994 4
1995 2
1996 2
1997 2
1998 2
1999 1
