0 0
1 3
2 2
3 1
4 1
5 2
6 1
7 1
8 2
9 1
10 1
11 0
12 3
13 1
14 1
15 0
16 0
17 1
18 0
19 0
20 0
21 1
22 1
23 0
24 1
25 1
26 2
27 1
28 1
29 1
30 1
31 0
32 2
33 0
34 2
35 0
36 1
37 1
38 0
39 1
40 1
41 0
42 1
43 1
44 0
45 0
46 2
47 0
48 0
49 1
50 0
51 2
52 2
53 2
54 0
55 0
56 2
57 2
58 0
59 0
60 0
61 0
62 2
63 1
64 1
65 0
66 1
67 0
68 0
69 0
70 0
71 0
72 1
73 1
74 2
75 0
76 0
77 2
78 1
79 0
80 0
81 0
82 0
83 1
84 1
85 0
86 0
87 0
88 0
89 1
90 2
91 1
92 0
93 2
94 0
95 0
96 1
97 1
98 1
99 0
100 0
101 2
102 3
103 2
104 1
105 1
106 2
107 2
108 1
109 1
110 1
111 0
112 1
113 1
114 1
115 0
116 0
117 1
118 0
119 1
120 1
121 1
122 2
123 1
124 0
125 1
126 2
127 2
128 0
129 0
130 2
131 1
132 1
133 1
134 0
135 3
136 1
137 2
138 2
139 2
140 1
141 1
142 0
143 0
144 0
145 0
146 0
147 0
148 0
149 1
150 1
151 1
152 0
153 2
154 1
155 0
156 2
157 1
158 1
159 2
160 1
161 2
162 1
163 2
164 0
165 1
166 2
167 2
168 2
169 2
170 2
171 0
172 2
173 2
174 1
175 0
176 1
177 2
178 1
179 1
180 0
181 1
182 1
183 0
184 0
185 0
186 0
187 2
188 1
189 1
190 0
191 1
192 2
193 1
194 1
195 1
196 1
197 1
198 1
199 1
200 1
201 2
202 1
203 1
204 3
205 1
206 1
207 2
208 0
209 0
210 0
211 1
212 1
213 1
214 2
215 2
216 1
217 2
218 2
219 0
220 1
221 1
222 1
223 2
224 1
225 1
226 1
227 3
228 1
229 0
230 2
231 2
232 1
233 1
234 2
235 2
236 1
237 1
238 2
239 0
240 2
241 0
242 0
243 1
244 0
245 2
246 1
247 1
248 0
249 2
250 1
251 1
252 3
253 1
254 2
255 1
256 2
257 0
258 2
259 1
260 1
261 2
262 2
263 2
264 1
265 3
266 0
267 3
268 2
269 0
270 1
271 1
272 1
273 0
274 3
275 2
276 2
277 3
278 1
279 2
280 0
281 2
282 3
283 2
284 1
285 1
286 0
287 1
288 0
289 2
290 1
291 1
292 2
293 1
294 2
295 1
296 1
297 0
298 2
299 2
300 2
301 1
302 0
303 0
304 0
305 2
306 0
307 1
308 1
309 2
310 0
311 1
312 2
313 1
314 2
315 0
316 2
317 1
318 1
319 2
320 1
321 1
322 1
323 0
324 1
325 0
326 0
327 1
328 0
329 0
330 0
331 1
332 2
333 0
334 0
335 1
336 1
337 1
338 2
339 1
340 2
341 2
342 1
343 2
344 3
345 1
346 1
347 1
348 2
349 2
350 1
351 1
352 0
353 1
354 1
355 1
356 0
357 1
358 1
359 0
360 1
361 1
362 2
363 1
364 1
365 2
366 1
367 1
368 2
369 1
370 1
371 0
372 2
373 0
374 1
375 1
376 0
377 1
378 2
379 1
380 1
381 0
382 1
383 1
384 0
385 0
386 0
387 0
388 0
389 1
390 0
391 1
392 1
393 1
394 2
395 0
396 1
397 1
398 1
399 1
400 3
401 1
402 1
403 1
404 1
405 2
406 2
407 2
408 1
409 3
410 0
411 1
412 1
413 1
414 2
415 0
416 3
417 1
418 2
419 1
420 1
421 1
422 1
423 0
424 0
425 2
426 1
427 1
428 2
429 1
430 1
431 1
432 1
433 1
434 1
435 1
436 1
437 1
438 2
439 2
440 2
441 0
442 0
443 1
444 1
445 0
446 2
447 1
448 0
449 1
450 1
451 1
452 1
453 1
454 2
455 3
456 1
457 3
458 1
459 0
460 0
461 1
462 1
463 0
464 1
465 1
466 0
467 1
468 1
469 1
470 2
471 2
472 1
473 0
474 2
475 2
476 0
477 1
478 1
479 0
480 1
481 1
482 0
483 3
484 1
485 0
486 1
487 2
488 1
489 1
490 1
491 0
492 1
493 1
494 2
495 0
496 1
497 2
498 2
499 1
500 0
501 1
502 1
503 2
504 2
505 1
506 1
507 1
508 1
509 1
510 1
511 1
512 1
513 1
514 0
515 1
516 3
517 2
518 2
519 1
520 0
521 1
522 1
523 1
524 1
525 2
526 2
527 1
528 1
529 2
530 0
531 1
532 2
533 2
534 1
535 1
536 2
537 1
538 1
539 2
540 1
541 1
542 0
543 0
544 2
545 1
546 0
547 2
548 3
549 1
550 0
551 1
552 1
553 1
554 1
555 2
556 2
557 2
558 3
559 2
560 1
561 2
562 2
563 2
564 2
565 2
566 1
567 1
568 0
569 1
570 2
571 1
572 1
573 2
574 1
575 2
576 1
577 1
578 1
579 1
580 2
581 1
582 1
583 1
584 0
585 2
586 3
587 3
588 2
589 1
590 1
591 1
592 1
593 2
594 1
595 2
596 1
597 1
598 1
599 0
600 2
601 1
602 1
603 1
604 2
605 2
606 0
607 0
608 2
609 2
610 3
611 1
612 0
613 1
614 2
615 1
616 2
617 1
618 1
619 1
620 0
621 1
622 1
623 2
624 1
625 1
626 1
627 0
628 1
629 1
630 0
631 2
632 3
633 1
634 1
635 1
636 0
637 1
638 2
639 1
640 2
641 2
642 2
643 1
644 0
645 2
646 0
647 1
648 0
649 1
650 0
651 1
652 1
653 0
654 3
655 0
656 1
657 1
658 1
659 0
660 1
661 1
662 0
663 1
664 1
665 1
666 2
667 1
668 1
669 1
670 2
671 1
672 1
673 2
674 2
675 2
676 1
677 1
678 1
679 1
680 1
681 1
682 1
683 1
684 2
685 1
686 2
687 1
688 0
689 1
690 1
691 2
692 2
693 2
694 1
695 1
696 2
697 1
698 1
699 2
700 1
701 2
702 2
703 1
704 1
705 1
706 2
707 1
708 2
709 1
710 1
711 2
712 2
713 1
714 1
715 1
716 0
717 1
718 1
719 0
720 1
721 1
722 1
723 1
724 0
725 0
726 1
727 1
728 1
729 1
730 1
731 2
732 3
733 0
734 2
735 1
736 1
737 2
738 2
739 1
740 1
741 1
742 1
743 1
744 1
745 2
746 1
747 2
748 1
749 1
750 1
751 1
752 2
753 3
754 2
755 1
756 1
757 0
758 2
759 1
760 1
761 1
762 2
763 0
764 3
765 0
766 1
767 1
768 0
769 1
770 1
771 1
772 2
773 1
774 0
775 1
776 1
777 1
778 2
779 1
780 0
781 0
782 2
783 2
784 2
785 2
786 1
787 1
788 2
789 2
790 1
791 1
792 1
793 1
794 0
795 1
796 2
797 1
798 1
799 2
800 2
801 1
802 2
803 1
804 0
805 2
806 1
807 1
808 1
809 1
810 1
811 1
812 0
813 1
814 1
815 2
816 2
817 0
818 1
819 0
820 2
821 0
822 1
823 1
824 2
825 1
826 1
827 2
828 1
829 2
830 2
831 3
832 4
833 0
834 1
835 1
836 1
837 1
838 1
839 0
840 1
841 0
842 1
843 1
844 0
845 0
846 1
847 3
848 0
849 1
850 1
851 1
852 1
853 1
854 1
855 1
856 3
857 1
858 2
859 1
860 1
861 0
862 1
863 2
864 0
865 0
866 1
867 1
868 1
869 1
870 2
871 1
872 1
873 1
874 1
875 2
876 0
877 0
878 2
879 1
880 1
881 1
882 1
883 2
884 2
885 0
886 1
887 2
888 2
889 1
890 2
891 2
892 1
893 1
894 1
895 1
896 1
897 2
898 2
899 3
900 1
901 2
902 1
903 0
904 1
905 1
906 1
907 1
908 2
909 1
910 4
911 1
912 1
913 0
914 1
915 1
916 1
917 1
918 3
919 2
920 1
921 1
922 0
923 0
924 1
925 1
926 2
927 0
928 2
929 1
930 2
931 2
932 3
933 1
934 1
935 1
936 0
937 1
938 2
939 2
940 0
941 2
942 1
943 1
944 1
945 1
946 0
947 1
948 0
949 0
950 1
951 2
952 1
953 1
954 3
955 1
956 1
957 1
958 2
959 2
960 2
961 2
962 0
963 1
964 2
965 1
966 1
967 1
968 1
969 2
970 1
971 1
972 2
973 2
974 1
975 2
976 1
977 2
978 1
979 1
980 1
981 3
982 2
983 2
984 2
985 1
986 2
987 2
988 1
989 3
990 1
991 1
992 1
993 1
994 1
995 1
996 0
997 2
998 2
999 3
1000 0
1001 1
1002 1
1003 2
1004 2
1005 1
1006 1
1007 1
1008 2
1009 1
1010 1
1011 1
1012 2
1013 1
1014 1
1015 2
1016 0
1017 2
1018 3
1019 1
1020 2
1021 1
1022 1
1023 1
1024 2
1025 1
1026 2
1027 1
1028 1
1029 1
1030 1
1031 0
1032 1
1033 1
1034 1
1035 1
1036 2
1037 1
1038 1
1039 2
1040 1
1041 1
1042 1
1043 3
1044 1
1045 3
1046 1
1047 1
1048 1
1049 1
1050 2
1051 2
1052 1
1053 1
1054 1
1055 1
1056 3
1057 1
1058 2
1059 1
1060 1
1061 0
1062 1
1063 1
1064 1
1065 2
1066 1
1067 2
1068 1
1069 2
1070 1
1071 1
1072 2
1073 2
1074 1
1075 1
1076 2
1077 1
1078 1
1079 2
1080 1
1081 2
1082 1
1083 1
1084 0
1085 1
1086 2
1087 3
1088 2
1089 0
1090 1
1091 2
1092 0
1093 1
1094 0
1095 1
1096 1
1097 2
1098 1
1099 0
1100 0
1101 2
1102 0
1103 1
1104 2
1105 1
1106 0
1107 0
1108 1
1109 1
1110 1
1111 1
1112 1
1113 0
1114 1
1115 2
1116 1
1117 1
1118 1
1119 1
1120 1
1121 1
1122 0
1123 0
1124 1
1125 1
1126 2
1127 0
1128 0
1129 1
1130 1
1131 2
1132 1
1133 1
1134 1
1135 0
1136 1
1137 1
1138 1
1139 1
1140 2
1141 1
1142 1
1143 2
1144 2
1145 0
1146 1
1147 1
1148 2
1149 2
1150 1
1151 2
1152 2
1153 3
1154 2
1155 1
1156 1
1157 2
1158 1
1159 1
1160 1
1161 2
1162 2
1163 2
1164 1
1165 1
1166 2
1167 1
1168 1
1169 3
1170 6
1171 1
1172 3
1173 2
1174 3
1175 2
1176 2
1177 1
1178 3
1179 3
1180 2
1181 1
1182 1
1183 2
1184 1
1185 2
1186 2
1187 1
1188 2
1189 2
1190 1
1191 1
1192 2
1193 1
1194 1
1195 0
1196 2
1197 2
1198 1
1199 2
1200 1
1201 2
1202 0
1203 1
1204 1
1205 2
1206 2
1207 1
1208 1
1209 2
1210 0
1211 1
1212 2
1213 2
1214 1
1215 3
1216 2
1217 1
1218 2
1219 2
1220 2
1221 1
1222 1
1223 2
1224 1
1225 1
1226 0
1227 1
1228 1
1229 1
1230 0
1231 1
1232 1
1233 2
1234 1
1235 1
1236 3
1237 0
1238 1
1239 3
1240 0
1241 1
1242 1
1243 1
1244 2
1245 0
1246 2
1247 1
1248 3
1249 1
1250 1
1251 0
1252 0
1253 4
1254 2
1255 1
1256 1
1257 1
1258 2
1259 1
1260 1
1261 1
1262 2
1263 0
1264 1
1265 1
1266 0
1267 3
1268 2
1269 1
1270 2
1271 3
1272 1
1273 0
1274 1
1275 0
1276 1
1277 1
1278 2
1279 0
1280 2
1281 0
1282 2
1283 1
1284 2
1285 1
1286 1
1287 0
1288 1
1289 1
1290 1
1291 0
1292 0
1293 1
1294 1
1295 0
1296 0
1297 0
1298 1
1299 1
1300 1
1301 1
1302 0
1303 3
1304 0
1305 2
1306 2
1307 1
1308 3
1309 2
1310 1
1311 1
1312 1
1313 1
1314 2
1315 1
1316 1
1317 1
1318 1
1319 0
1320 0
1321 1
1322 2
1323 1
1324 1
1325 2
1326 1
1327 2
1328 3
1329 1
1330 1
1331 0
1332 1
1333 1
1334 2
1335 2
1336 3
1337 1
1338 0
1339 1
1340 3
1341 0
1342 3
1343 1
1344 2
1345 1
1346 0
1347 1
1348 2
1349 2
1350 1
1351 1
1352 1
1353 1
1354 1
1355 2
1356 2
1357 1
1358 1
1359 1
1360 1
1361 0
1362 0
1363 1
1364 1
1365 2
1366 2
1367 1
1368 0
1369 1
1370 0
1371 0
1372 2
1373 2
1374 1
1375 1
1376 1
1377 1
1378 1
1379 1
1380 2
1381 2
1382 0
1383 1
1384 1
1385 1
1386 3
1387 1
1388 0
1389 1
1390 0
1391 2
1392 0
1393 1
1394 2
1395 2
1396 1
1397 1
1398 1
1399 1
1400 2
1401 2
1402 1
1403 0
1404 1
1405 0
1406 2
1407 1
1408 0
1409 1
1410 0
1411 2
1412 1
1413 1
1414 1
1415 1
1416 1
1417 1
1418 1
1419 0
1420 0
1421 2
1422 1
1423 2
1424 2
1425 1
1426 0
1427 0
1428 3
1429 1
1430 0
1431 1
1432 1
1433 1
1434 3
1435 1
1436 0
1437 2
1438 2
1439 0
1440 1
1441 1
1442 1
1443 1
1444 1
1445 2
1446 0
1447 1
1448 0
1449 1
1450 1
1451 1
1452 2
1453 1
1454 3
1455 1
1456 0
1457 0
1458 1
1459 0
1460 2
1461 2
1462 0
1463 1
1464 1
1465 2
1466 0
1467 1
1468 0
1469 1
1470 0
1471 1
1472 0
1473 2
1474 1
1475 1
1476 1
1477 2
1478 0
1479 1
1480 2
1481 1
1482 2
1483 1
1484 2
1485 2
1486 2
1487 2
1488 1
1489 0
1490 2
1491 1
1492 3
1493 2
1494 2
1495 1
1496 1
1497 2
1498 2
1499 2
1500 3
1501 0
1502 0
1503 2
1504 1
1505 1
1506 1
1507 1
1508 0
1509 1
1510 0
1511 0
1512 2
1513 2
1514 1
1515 1
1516 1
1517 1
1518 2
1519 1
1520 2
1521 1
1522 2
1523 2
1524 2
1525 2
1526 2
1527 1
1528 3
1529 1
1530 0
1531 0
1532 1
1533 1
1534 1
1535 0
1536 3
1537 1
1538 2
1539 2
1540 2
1541 0
1542 1
1543 2
1544 1
1545 1
1546 1
1547 3
1548 2
1549 0
1550 2
1551 2
1552 1
1553 2
1554 1
1555 0
1556 2
1557 1
1558 1
1559 1
1560 1
1561 1
1562 0
1563 0
1564 2
1565 1
1566 3
1567 2
1568 2
1569 2
1570 2
1571 1
1572 1
1573 2
1574 0
1575 1
1576 1
1577 2
1578 2
1579 2
1580 1
1581 0
1582 1
1583 2
1584 2
1585 2
1586 1
1587 1
1588 1
1589 2
1590 3
1591 2
1592 1
1593 2
1594 1
1595 1
1596 1
1597 2
1598 2
1599 2
1600 3
1601 2
1602 1
1603 1
1604 1
1605 1
1606 2
1607 4
1608 1
1609 0
1610 2
1611 1
1612 0
1613 3
1614 1
1615 2
1616 2
1617 1
1618 2
1619 2
1620 1
1621 0
1622 2
1623 1
1624 2
1625 2
1626 2
1627 1
1628 1
1629 3
1630 1
1631 1
1632 3
1633 1
1634 4
1635 0
1636 2
1637 2
1638 1
1639 3
1640 1
1641 1
1642 1
1643 1
1644 1
1645 1
1646 1
1647 0
1648 0
1649 1
1650 1
1651 1
1652 1
1653 2
1654 0
1655 2
1656 0
1657 1
1658 1
1659 1
1660 1
1661 1
1662 1
1663 1
1664 3
1665 3
1666 0
1667 1
1668 2
1669 0
1670 2
1671 2
1672 2
1673 0
1674 1
1675 3
1676 3
1677 0
1678 2
1679 1
1680 1
1681 0
1682 4
1683 3
1684 2
1685 1
1686 3
1687 0
1688 1
1689 1
1690 2
1691 0
1692 4
1693 4
1694 3
1695 3
1696 2
1697 2
1698 4
1699 5
1700 1
1701 3
1702 3
1703 1
1704 1
1705 2
1706 1
1707 1
1708 0
1709 1
1710 1
1711 2
1712 2
1713 2
1714 1
1715 3
1716 2
1717 2
1718 1
1719 1
1720 0
1721 2
1722 2
1723 1
1724 2
1725 1
1726 3
1727 3
1728 2
1729 0
1730 1
1731 1
1732 3
1733 2
1734 3
1735 3
1736 3
1737 2
1738 2
1739 2
1740 1
1741 1
1742 2
1743 3
1744 1
1745 0
1746 4
1747 2
1748 1
1749 1
1750 1
1751 2
1752 2
1753 1
1754 2
1755 2
1756 2
1757 2
1758 1
1759 1
1760 1
1761 2
1762 3
1763 0
1764 1
1765 2
1766 0
1767 0
1768 3
1769 2
1770 2
1771 1
1772 1
1773 1
1774 2
1775 1
1776 1
1777 1
1778 2
1779 1
1780 1
1781 0
1782 2
1783 1
1784 1
1785 0
1786 1
1787 1
1788 1
1789 1
1790 2
1791 2
1792 1
1793 0
1794 2
1795 1
1796 1
1797 1
1798 1
1799 2
1800 2
1801 2
1802 1
1803 1
1804 3
1805 1
1806 2
1807 1
1808 1
1809 1
1810 2
1811 2
1812 1
1813 2
1814 2
1815 2
1816 1
1817 2
1818 1
1819 1
1820 2
1821 2
1822 1
1823 1
1824 1
1825 1
1826 1
1827 2
1828 1
1829 2
1830 1
1831 1
1832 0
1833 1
1834 1
1835 1
1836 2
1837 0
1838 1
1839 1
1840 3
1841 2
1842 2
1843 1
1844 2
1845 1
1846 1
1847 0
1848 2
1849 1
1850 3
1851 1
1852 2
1853 1
1854 2
1855 0
1856 3
1857 1
1858 1
1859 3
1860 2
1861 0
1862 1
1863 1
1864 1
1865 1
1866 1
1867 0
1868 1
1869 2
1870 1
1871 1
1872 1
1873 1
1874 3
1875 1
1876 2
1877 2
1878 1
1879 1
1880 1
1881 1
1882 3
1883 2
1884 1
1885 1
1886 1
1887 1
1888 1
1889 2
1890 1
1891 1
1892 1
1893 2
1894 1
1895 1
1896 1
1897 2
1898 1
1899 1
1900 1
1901 2
1902 1
1903 3
1904 2
1905 1
1906 1
1907 1
1908 0
1909 0
1910 0
1911 2
1912 1
1913 2
1914 1
1915 3
1916 1
1917 2
1918 1
1919 1
1920 1
1921 1
1922 2
1923 1
1924 0
1925 2
1926 2
1927 0
1928 1
1929 0
1930 1
1931 2
1932 2
1933 1
1934 0
1935 2
1936 2
1937 1
1938 2
1939 1
1940 1
1941 1
1942 2
1943 2
1944 2
1945 2
1946 1
1947 1
1948 1
1949 1
1950 1
1951 2
1952 1
1953 1
1954 1
1955 1
1956 2
1957 1
1958 2
1959 1
1960 1
1961 2
1962 1
1963 3
1964 1
1965 1
1966 1
1967 2
1968 2
1969 1
1970 1
1971 1
1972 1
1973 0
1974 1
1975 1
1976 1
1977 2
1978 2
1979 1
1980 2
1981 2
1982 2
1983 1
1984 2
1985 1
1986 2
1987 1
1988 1
1989 3
1990 2
1991 1
1992 2
1993 2
1994 1
1995 2
1996 0
1997 1
1998 1
1999 1
