0 2
1 1
2 2
3 0
4 1
5 1
6 0
7 2
8 2
9 1
10 3
11 2
12 3
13 2
14 3
15 3
16 3
17 2
18 1
19 1
20 1
21 1
22 2
23 1
24 1
25 0
26 2
27 1
28 1
29 1
30 0
31 0
32 0
33 0
34 0
35 0
36 2
37 0
38 0
39 1
40 0
41 1
42 1
43 1
44 0
45 0
46 2
47 2
48 1
49 0
50 0
51 0
52 0
53 0
54 1
55 1
56 0
57 0
58 0
59 0
60 0
61 0
62 0
63 0
64 0
65 0
66 0
67 0
68 0
69 0
70 2
71 0
72 0
73 0
74 0
75 0
76 0
77 0
78 0
79 0
80 0
81 0
82 0
83 0
84 0
85 0
86 0
87 0
88 0
89 0
90 0
91 0
92 0
93 1
94 0
95 0
96 1
97 1
98 1
99 0
100 0
101 0
102 0
103 0
104 0
105 0
106 0
107 0
108 0
109 0
110 0
111 0
112 0
113 0
114 0
115 0
116 0
117 0
118 0
119 0
120 0
121 0
122 0
123 0
124 0
125 0
126 0
127 0
128 0
129 0
130 0
131 0
132 0
133 0
134 0
135 0
136 0
137 0
138 0
139 0
140 0
141 0
142 0
143 0
144 0
145 0
146 0
147 0
148 0
149 0
150 0
151 0
152 0
153 0
154 0
155 0
156 0
157 0
158 0
159 0
160 0
161 0
162 0
163 0
164 0
165 0
166 0
167 0
168 0
169 0
170 0
171 0
172 0
173 0
174 0
175 0
176 0
177 0
178 0
179 0
180 0
181 0
182 0
183 0
184 0
185 0
186 0
187 0
188 0
189 0
190 0
191 0
192 0
193 0
194 0
195 0
196 0
197 0
198 0
199 0
200 0
201 0
202 0
203 0
204 0
205 0
206 0
207 0
208 0
209 0
210 0
211 0
212 0
213 0
214 0
215 0
216 0
217 0
218 0
219 0
220 0
221 0
222 0
223 0
224 0
225 0
226 0
227 0
228 0
229 0
230 0
231 0
232 0
233 0
234 0
235 0
236 0
237 0
238 0
239 0
240 0
241 0
242 0
243 0
244 0
245 0
246 0
247 0
248 0
249 0
250 0
251 0
252 0
253 0
254 0
255 0
256 0
257 0
258 0
259 0
260 0
261 0
262 0
263 0
264 0
265 0
266 0
267 0
268 0
269 0
270 0
271 0
272 0
273 0
274 0
275 1
276 0
277 0
278 0
279 0
280 0
281 0
282 0
283 0
284 0
285 0
286 0
287 0
288 0
289 0
290 0
291 0
292 0
293 0
294 0
295 0
296 0
297 0
298 0
299 0
300 0
301 0
302 0
303 0
304 0
305 0
306 0
307 0
308 0
309 0
310 0
311 0
312 0
313 0
314 0
315 0
316 0
317 0
318 0
319 1
320 0
321 0
322 0
323 0
324 1
325 0
326 0
327 0
328 0
329 0
330 0
331 0
332 0
333 0
334 0
335 0
336 0
337 0
338 0
339 0
340 0
341 0
342 0
343 0
344 0
345 0
346 0
347 0
348 0
349 0
350 0
351 0
352 0
353 0
354 0
355 0
356 1
357 0
358 0
359 0
360 0
361 1
362 0
363 0
364 0
365 1
366 0
367 1
368 0
369 0
370 0
371 0
372 0
373 1
374 0
375 1
376 0
377 1
378 1
379 0
380 1
381 1
382 1
383 1
384 0
385 0
386 0
387 1
388 1
389 0
390 1
391 1
392 1
393 0
394 0
395 1
396 2
397 2
398 1
399 1
400 0
401 1
402 1
403 1
404 1
405 1
406 1
407 1
408 0
409 1
410 0
411 1
412 1
413 1
414 1
415 0
416 1
417 1
418 0
419 0
420 0
421 1
422 0
423 0
424 0
425 0
426 0
427 0
428 0
429 0
430 1
431 0
432 0
433 0
434 0
435 1
436 0
437 0
438 0
439 0
440 0
441 1
442 0
443 0
444 1
445 1
446 1
447 1
448 0
449 0
450 0
451 0
452 0
453 1
454 1
455 1
456 0
457 0
458 0
459 1
460 0
461 0
462 0
463 0
464 0
465 0
466 0
467 0
468 0
469 0
470 0
471 0
472 0
473 0
474 0
475 0
476 0
477 0
478 0
479 0
480 0
481 0
482 0
483 0
484 0
485 0
486 0
487 0
488 0
489 0
490 0
491 0
492 0
493 0
494 0
495 0
496 0
497 1
498 1
499 1
500 1
501 0
502 0
503 0
504 0
505 1
506 0
507 1
508 0
509 1
510 0
511 1
512 1
513 2
514 0
515 1
516 1
517 1
518 0
519 0
520 0
521 1
522 0
523 0
524 1
525 1
526 0
527 1
528 0
529 1
530 0
531 0
532 1
533 1
534 0
535 1
536 1
537 2
538 1
539 1
540 0
541 1
542 2
543 1
544 0
545 1
546 1
547 1
548 2
549 1
550 1
551 1
552 0
553 0
554 0
555 0
556 0
557 0
558 0
559 0
560 0
561 0
562 0
563 0
564 0
565 0
566 0
567 0
568 0
569 0
570 0
571 0
572 0
573 0
574 0
575 0
576 0
577 0
578 0
579 0
580 0
581 0
582 0
583 0
584 1
585 0
586 0
587 0
588 0
589 0
590 0
591 0
592 0
593 0
594 1
595 0
596 0
597 1
598 0
599 0
600 1
601 0
602 0
603 0
604 0
605 0
606 0
607 0
608 1
609 0
610 0
611 0
612 0
613 1
614 0
615 0
616 1
617 0
618 1
619 2
620 0
621 1
622 1
623 0
624 0
625 0
626 0
627 0
628 0
629 0
630 0
631 0
632 1
633 0
634 0
635 0
636 0
637 1
638 1
639 0
640 1
641 0
642 0
643 0
644 0
645 0
646 0
647 0
648 1
649 0
650 1
651 0
652 0
653 1
654 1
655 0
656 1
657 1
658 2
659 0
660 1
661 0
662 1
663 1
664 1
665 0
666 0
667 1
668 1
669 0
670 1
671 0
672 0
673 1
674 0
675 0
676 0
677 0
678 1
679 1
680 0
681 1
682 0
683 2
684 1
685 1
686 0
687 0
688 2
689 2
690 1
691 1
692 1
693 0
694 1
695 1
696 0
697 2
698 1
699 0
700 2
701 2
702 1
703 0
704 1
705 1
706 1
707 1
708 0
709 1
710 1
711 0
712 0
713 0
714 2
715 2
716 1
717 0
718 0
719 1
720 1
721 0
722 1
723 0
724 1
725 1
726 1
727 1
728 1
729 0
730 0
731 0
732 0
733 1
734 1
735 0
736 0
737 2
738 1
739 0
740 2
741 0
742 1
743 0
744 1
745 1
746 0
747 1
748 1
749 0
750 0
751 0
752 1
753 0
754 0
755 1
756 0
757 0
758 0
759 0
760 0
761 0
762 0
763 1
764 0
765 2
766 0
767 0
768 0
769 0
770 0
771 0
772 0
773 0
774 0
775 0
776 0
777 0
778 1
779 0
780 0
781 0
782 0
783 0
784 0
785 0
786 0
787 0
788 0
789 1
790 1
791 0
792 1
793 0
794 1
795 1
796 1
797 0
798 1
799 0
800 1
801 1
802 1
803 0
804 1
805 0
806 1
807 1
808 0
809 0
810 0
811 1
812 0
813 1
814 1
815 0
816 0
817 0
818 0
819 0
820 0
821 0
822 0
823 0
824 0
825 0
826 0
827 0
828 0
829 0
830 0
831 0
832 1
833 0
834 1
835 0
836 0
837 0
838 0
839 0
840 0
841 0
842 0
843 0
844 0
845 0
846 0
847 0
848 0
849 0
850 1
851 2
852 0
853 0
854 0
855 0
856 1
857 0
858 0
859 1
860 0
861 0
862 1
863 0
864 0
865 0
866 0
867 1
868 0
869 0
870 0
871 0
872 0
873 0
874 1
875 0
876 0
877 0
878 0
879 0
880 0
881 0
882 0
883 0
884 0
885 0
886 0
887 0
888 0
889 0
890 0
891 0
892 0
893 0
894 0
895 0
896 0
897 0
898 0
899 0
900 0
901 0
902 0
903 0
904 0
905 0
906 0
907 0
908 0
909 0
910 0
911 0
912 0
913 0
914 0
915 0
916 0
917 0
918 0
919 0
920 0
921 0
922 0
923 0
924 0
925 0
926 0
927 0
928 0
929 0
930 0
931 0
932 0
933 0
934 0
935 0
936 0
937 0
938 0
939 0
940 0
941 0
942 1
943 1
944 1
945 2
946 0
947 0
948 0
949 0
950 0
951 0
952 0
953 0
954 0
955 0
956 1
957 0
958 0
959 0
960 0
961 0
962 0
963 0
964 0
965 0
966 0
967 0
968 0
969 0
970 0
971 0
972 0
973 0
974 0
975 0
976 0
977 0
978 0
979 0
980 0
981 0
982 0
983 0
984 0
985 2
986 0
987 0
988 0
989 0
990 0
991 0
992 0
993 0
994 0
995 0
996 1
997 1
998 0
999 0
1000 0
1001 0
1002 0
1003 0
1004 1
1005 0
1006 0
1007 0
1008 1
1009 0
1010 1
1011 0
1012 0
1013 0
1014 0
1015 1
1016 0
1017 0
1018 0
1019 0
1020 0
1021 0
1022 0
1023 0
1024 0
1025 0
1026 0
1027 0
1028 0
1029 0
1030 0
1031 0
1032 0
1033 0
1034 0
1035 0
1036 0
1037 0
1038 0
1039 0
1040 0
1041 0
1042 0
1043 0
1044 0
1045 0
1046 0
1047 0
1048 0
1049 0
1050 0
1051 0
1052 0
1053 0
1054 0
1055 0
1056 0
1057 0
1058 0
1059 0
1060 1
1061 0
1062 0
1063 0
1064 0
1065 0
1066 0
1067 0
1068 0
1069 0
1070 0
1071 0
1072 1
1073 0
1074 0
1075 0
1076 2
1077 1
1078 1
1079 2
1080 1
1081 1
1082 1
1083 1
1084 2
1085 1
1086 0
1087 2
1088 1
1089 2
1090 1
1091 1
1092 2
1093 1
1094 0
1095 1
1096 2
1097 0
1098 1
1099 1
1100 1
1101 1
1102 3
1103 1
1104 0
1105 1
1106 1
1107 2
1108 0
1109 0
1110 0
1111 0
1112 0
1113 0
1114 0
1115 0
1116 0
1117 0
1118 0
1119 0
1120 0
1121 0
1122 0
1123 0
1124 0
1125 0
1126 0
1127 0
1128 0
1129 0
1130 0
1131 0
1132 0
1133 1
1134 0
1135 2
1136 0
1137 0
1138 0
1139 0
1140 0
1141 0
1142 0
1143 0
1144 0
1145 0
1146 0
1147 0
1148 0
1149 0
1150 0
1151 0
1152 0
1153 0
1154 0
1155 0
1156 2
1157 1
1158 0
1159 0
1160 1
1161 0
1162 1
1163 0
1164 0
1165 0
1166 0
1167 0
1168 0
1169 0
1170 0
1171 0
1172 0
1173 0
1174 0
1175 0
1176 0
1177 0
1178 0
1179 0
1180 0
1181 0
1182 0
1183 0
1184 0
1185 0
1186 0
1187 0
1188 0
1189 0
1190 0
1191 0
1192 0
1193 0
1194 0
1195 0
1196 0
1197 0
1198 0
1199 0
1200 0
1201 0
1202 0
1203 0
1204 0
1205 0
1206 0
1207 0
1208 0
1209 0
1210 0
1211 0
1212 0
1213 0
1214 0
1215 0
1216 0
1217 0
1218 0
1219 0
1220 0
1221 0
1222 0
1223 0
1224 0
1225 0
1226 0
1227 0
1228 0
1229 0
1230 0
1231 0
1232 0
1233 0
1234 0
1235 0
1236 0
1237 0
1238 0
1239 0
1240 0
1241 0
1242 0
1243 0
1244 0
1245 0
1246 0
1247 0
1248 0
1249 0
1250 0
1251 0
1252 0
1253 0
1254 0
1255 0
1256 0
1257 0
1258 0
1259 0
1260 0
1261 0
1262 0
1263 0
1264 0
1265 0
1266 0
1267 0
1268 0
1269 0
1270 0
1271 0
1272 0
1273 0
1274 0
1275 0
1276 0
1277 0
1278 0
1279 0
1280 0
1281 0
1282 0
1283 0
1284 0
1285 0
1286 0
1287 0
1288 0
1289 0
1290 0
1291 0
1292 0
1293 0
1294 0
1295 0
1296 0
1297 0
1298 0
1299 0
1300 0
1301 0
1302 0
1303 0
1304 0
1305 0
1306 0
1307 0
1308 0
1309 0
1310 0
1311 0
1312 0
1313 0
1314 0
1315 0
1316 0
1317 0
1318 0
1319 0
1320 0
1321 0
1322 0
1323 0
1324 0
1325 0
1326 0
1327 0
1328 0
1329 0
1330 0
1331 0
1332 0
1333 0
1334 0
1335 0
1336 0
1337 0
1338 1
1339 2
1340 2
1341 0
1342 1
1343 1
1344 1
1345 2
1346 2
1347 2
1348 1
1349 2
1350 2
1351 1
1352 1
1353 1
1354 1
1355 1
1356 1
1357 1
1358 0
1359 2
1360 1
1361 1
1362 0
1363 1
1364 3
1365 1
1366 0
1367 1
1368 1
1369 3
1370 1
1371 1
1372 2
1373 2
1374 2
1375 1
1376 1
1377 2
1378 0
1379 1
1380 1
1381 1
1382 1
1383 1
1384 1
1385 1
1386 2
1387 2
1388 1
1389 2
1390 1
1391 1
1392 2
1393 2
1394 1
1395 0
1396 0
1397 2
1398 1
1399 1
1400 1
1401 1
1402 1
1403 1
1404 0
1405 1
1406 1
1407 0
1408 1
1409 1
1410 1
1411 1
1412 1
1413 1
1414 1
1415 1
1416 1
1417 1
1418 0
1419 1
1420 0
1421 1
1422 0
1423 1
1424 0
1425 1
1426 0
1427 1
1428 1
1429 0
1430 1
1431 1
1432 0
1433 0
1434 0
1435 1
1436 1
1437 1
1438 1
1439 1
1440 1
1441 0
1442 1
1443 1
1444 1
1445 1
1446 0
1447 1
1448 0
1449 1
1450 0
1451 0
1452 1
1453 1
1454 1
1455 1
1456 1
1457 0
1458 1
1459 1
1460 1
1461 1
1462 0
1463 1
1464 1
1465 1
1466 1
1467 0
1468 1
1469 0
1470 0
1471 1
1472 1
1473 1
1474 1
1475 1
1476 0
1477 1
1478 0
1479 1
1480 1
1481 0
1482 1
1483 1
1484 0
1485 2
1486 1
1487 1
1488 0
1489 1
1490 2
1491 1
1492 1
1493 1
1494 2
1495 2
1496 1
1497 2
1498 1
1499 2
1500 2
1501 2
1502 1
1503 1
1504 2
1505 1
1506 1
1507 0
1508 2
1509 1
1510 1
1511 1
1512 2
1513 2
1514 1
1515 1
1516 1
1517 1
1518 1
1519 1
1520 1
1521 2
1522 1
1523 0
1524 1
1525 1
1526 1
1527 0
1528 2
1529 1
1530 1
1531 1
1532 2
1533 1
1534 0
1535 1
1536 2
1537 1
1538 1
1539 2
1540 2
1541 2
1542 2
1543 2
1544 1
1545 1
1546 1
1547 1
1548 2
1549 2
1550 1
1551 1
1552 2
1553 2
1554 2
1555 1
1556 2
1557 2
1558 1
1559 1
1560 1
1561 0
1562 2
1563 2
1564 2
1565 2
1566 2
1567 0
1568 1
1569 1
1570 2
1571 1
1572 2
1573 1
1574 1
1575 2
1576 1
1577 0
1578 1
1579 1
1580 1
1581 0
1582 1
1583 1
1584 1
1585 1
1586 2
1587 1
1588 2
1589 1
1590 1
1591 1
1592 1
1593 0
1594 1
1595 1
1596 1
1597 1
1598 0
1599 1
1600 1
1601 1
1602 1
1603 1
1604 1
1605 2
1606 1
1607 1
1608 1
1609 0
1610 0
1611 1
1612 1
1613 1
1614 1
1615 1
1616 0
1617 1
1618 1
1619 1
1620 1
1621 2
1622 2
1623 2
1624 1
1625 2
1626 1
1627 2
1628 0
1629 2
1630 2
1631 2
1632 0
1633 2
1634 1
1635 1
1636 2
1637 0
1638 1
1639 2
1640 1
1641 2
1642 0
1643 2
1644 1
1645 2
1646 2
1647 2
1648 2
1649 1
1650 2
1651 1
1652 2
1653 0
1654 2
1655 2
1656 1
1657 2
1658 1
1659 1
1660 2
1661 2
1662 0
1663 2
1664 1
1665 1
1666 2
1667 1
1668 1
1669 0
1670 1
1671 2
1672 1
1673 2
1674 1
1675 1
1676 2
1677 2
1678 0
1679 1
1680 2
1681 0
1682 1
1683 1
1684 2
1685 1
1686 1
1687 1
1688 1
1689 1
1690 0
1691 0
1692 2
1693 1
1694 2
1695 2
1696 2
1697 1
1698 2
1699 2
1700 1
1701 0
1702 2
1703 2
1704 1
1705 0
1706 0
1707 1
1708 1
1709 2
1710 1
1711 2
1712 1
1713 1
1714 2
1715 1
1716 1
1717 1
1718 1
1719 2
1720 2
1721 1
1722 1
1723 0
1724 1
1725 0
1726 1
1727 1
1728 1
1729 1
1730 1
1731 1
1732 0
1733 2
1734 2
1735 1
1736 1
1737 1
1738 1
1739 1
1740 2
1741 1
1742 1
1743 1
1744 0
1745 2
1746 0
1747 1
1748 2
1749 2
1750 1
1751 2
1752 1
1753 1
1754 0
1755 1
1756 0
1757 1
1758 0
1759 1
1760 3
1761 2
1762 2
1763 2
1764 2
1765 2
1766 2
1767 1
1768 2
1769 2
1770 1
1771 0
1772 1
1773 1
1774 2
1775 1
1776 2
1777 1
1778 1
1779 2
1780 1
1781 2
1782 1
1783 0
1784 1
1785 0
1786 1
1787 1
1788 1
1789 2
1790 1
1791 0
1792 2
1793 1
1794 1
1795 1
1796 0
1797 2
1798 1
1799 2
1800 0
1801 1
1802 0
1803 0
1804 2
1805 1
1806 2
1807 0
1808 1
1809 1
1810 1
1811 1
1812 1
1813 1
1814 1
1815 1
1816 1
1817 1
1818 1
1819 0
1820 1
1821 1
1822 2
1823 1
1824 2
1825 2
1826 0
1827 1
1828 0
1829 1
1830 1
1831 1
1832 1
1833 2
1834 1
1835 1
1836 2
1837 2
1838 0
1839 1
1840 1
1841 0
1842 2
1843 2
1844 2
1845 1
1846 1
1847 1
1848 1
1849 2
1850 1
1851 2
1852 2
1853 2
1854 1
1855 1
1856 0
1857 1
1858 1
1859 1
1860 2
1861 1
1862 1
1863 0
1864 2
1865 1
1866 1
1867 1
1868 1
1869 0
1870 1
1871 2
1872 1
1873 2
1874 2
1875 1
1876 4
1877 1
1878 2
1879 1
1880 0
1881 0
1882 1
1883 0
1884 0
1885 0
1886 1
1887 1
1888 0
1889 0
1890 0
1891 2
1892 0
1893 0
1894 1
1895 1
1896 0
1897 0
1898 0
1899 0
1900 0
1901 0
1902 0
1903 0
1904 1
1905 0
1906 0
1907 1
1908 1
1909 0
1910 0
1911 0
1912 0
1913 0
1914 0
1915 0
1916 0
1917 0
1918 0
1919 1
1920 2
1921 1
1922 1
1923 1
1924 1
1925 1
1926 1
1927 1
1928 1
1929 1
1930 1
1931 1
1932 1
1933 1
1934 0
1935 1
1936 1
1937 1
1938 0
1939 0
1940 0
1941 0
1942 1
1943 1
1944 0
1945 1
1946 1
1947 1
1948 1
1949 3
1950 1
1951 1
1952 1
1953 3
1954 2
1955 2
1956 2
1957 0
1958 1
1959 1
1960 0
1961 1
1962 2
1963 1
1964 1
1965 1
1966 1
1967 0
1968 1
1969 0
1970 1
1971 1
1972 1
1973 1
1974 1
1975 1
1976 2
1977 1
1978 2
1979 0
1980 1
1981 1
1982 1
1983 1
1984 1
1985 1
1986 2
1987 0
1988 0
1989 0
1990 0
1991 0
1992 0
1993 0
1994 1
1995 0
1996 0
1997 0
1998 0
1999 0
