0 0
1 0
2 0
3 0
4 0
5 1
6 1
7 1
8 0
9 1
10 1
11 0
12 0
13 0
14 0
15 1
16 0
17 0
18 0
19 0
20 1
21 1
22 0
23 2
24 1
25 1
26 0
27 1
28 0
29 0
30 0
31 1
32 0
33 0
34 0
35 1
36 1
37 0
38 0
39 0
40 0
41 0
42 0
43 0
44 1
45 0
46 2
47 0
48 0
49 0
50 0
51 0
52 0
53 2
54 0
55 1
56 1
57 0
58 1
59 1
60 0
61 0
62 0
63 1
64 0
65 1
66 1
67 1
68 0
69 0
70 1
71 0
72 0
73 0
74 0
75 0
76 0
77 0
78 0
79 0
80 0
81 0
82 0
83 0
84 0
85 0
86 0
87 0
88 0
89 0
90 0
91 0
92 1
93 2
94 0
95 0
96 0
97 0
98 0
99 0
100 0
101 0
102 0
103 0
104 0
105 0
106 0
107 0
108 0
109 0
110 1
111 0
112 0
113 0
114 1
115 0
116 0
117 0
118 0
119 0
120 0
121 0
122 0
123 0
124 0
125 0
126 0
127 1
128 0
129 0
130 0
131 1
132 0
133 0
134 0
135 1
136 0
137 0
138 0
139 0
140 0
141 1
142 1
143 0
144 0
145 0
146 0
147 0
148 0
149 2
150 0
151 0
152 0
153 0
154 0
155 1
156 1
157 0
158 0
159 0
160 0
161 0
162 0
163 0
164 0
165 0
166 0
167 0
168 0
169 0
170 0
171 0
172 0
173 0
174 0
175 0
176 0
177 0
178 0
179 0
180 0
181 0
182 1
183 0
184 0
185 0
186 0
187 0
188 0
189 0
190 0
191 0
192 0
193 0
194 0
195 0
196 0
197 0
198 1
199 1
200 0
201 1
202 1
203 0
204 0
205 0
206 1
207 0
208 0
209 0
210 1
211 0
212 1
213 2
214 1
215 0
216 0
217 0
218 1
219 1
220 0
221 0
222 1
223 1
224 1
225 1
226 0
227 0
228 0
229 0
230 0
231 2
232 0
233 1
234 1
235 2
236 0
237 1
238 0
239 0
240 0
241 0
242 0
243 0
244 0
245 0
246 0
247 0
248 0
249 0
250 0
251 0
252 0
253 0
254 0
255 0
256 0
257 0
258 0
259 0
260 0
261 0
262 0
263 0
264 0
265 0
266 0
267 0
268 0
269 0
270 0
271 0
272 0
273 0
274 0
275 0
276 0
277 0
278 0
279 0
280 0
281 1
282 0
283 0
284 0
285 0
286 0
287 0
288 0
289 0
290 0
291 0
292 0
293 0
294 0
295 1
296 0
297 0
298 0
299 0
300 0
301 0
302 1
303 1
304 1
305 0
306 1
307 0
308 0
309 0
310 0
311 0
312 0
313 0
314 1
315 0
316 0
317 0
318 1
319 0
320 0
321 0
322 0
323 0
324 0
325 1
326 0
327 0
328 1
329 1
330 0
331 0
332 0
333 0
334 0
335 1
336 1
337 1
338 1
339 1
340 0
341 2
342 0
343 0
344 1
345 0
346 1
347 0
348 1
349 0
350 0
351 0
352 0
353 0
354 0
355 0
356 0
357 0
358 0
359 0
360 0
361 0
362 1
363 0
364 0
365 0
366 0
367 0
368 0
369 1
370 0
371 0
372 0
373 0
374 0
375 0
376 0
377 0
378 0
379 0
380 0
381 0
382 0
383 0
384 0
385 0
386 1
387 0
388 0
389 0
390 1
391 0
392 0
393 0
394 0
395 0
396 0
397 0
398 0
399 0
400 0
401 0
402 0
403 0
404 0
405 0
406 0
407 0
408 0
409 0
410 0
411 0
412 0
413 0
414 0
415 0
416 0
417 0
418 0
419 0
420 0
421 0
422 0
423 0
424 0
425 0
426 0
427 0
428 0
429 0
430 0
431 0
432 0
433 0
434 0
435 0
436 0
437 0
438 0
439 0
440 0
441 0
442 0
443 0
444 0
445 0
446 0
447 0
448 0
449 0
450 0
451 1
452 0
453 0
454 0
455 0
456 0
457 0
458 0
459 0
460 0
461 0
462 0
463 0
464 0
465 0
466 1
467 0
468 0
469 0
470 0
471 0
472 0
473 0
474 0
475 0
476 0
477 0
478 0
479 0
480 0
481 0
482 0
483 0
484 0
485 0
486 0
487 0
488 0
489 0
490 0
491 1
492 1
493 0
494 0
495 0
496 0
497 0
498 0
499 0
500 0
501 0
502 0
503 0
504 0
505 0
506 0
507 0
508 0
509 0
510 0
511 0
512 0
513 0
514 0
515 0
516 0
517 0
518 0
519 0
520 0
521 0
522 0
523 0
524 0
525 0
526 0
527 0
528 0
529 0
530 0
531 1
532 0
533 1
534 0
535 0
536 0
537 0
538 1
539 0
540 0
541 0
542 0
543 0
544 0
545 0
546 0
547 0
548 0
549 0
550 0
551 0
552 0
553 0
554 0
555 0
556 0
557 1
558 0
559 0
560 0
561 0
562 0
563 1
564 1
565 0
566 0
567 0
568 0
569 0
570 0
571 0
572 0
573 0
574 0
575 0
576 1
577 0
578 0
579 0
580 0
581 0
582 0
583 0
584 0
585 0
586 0
587 0
588 0
589 0
590 0
591 0
592 0
593 0
594 0
595 0
596 0
597 0
598 0
599 0
600 0
601 0
602 0
603 0
604 0
605 0
606 0
607 0
608 0
609 0
610 0
611 0
612 0
613 0
614 0
615 0
616 0
617 0
618 0
619 0
620 0
621 0
622 0
623 0
624 0
625 0
626 0
627 0
628 0
629 0
630 0
631 0
632 0
633 0
634 0
635 0
636 0
637 0
638 0
639 0
640 0
641 0
642 0
643 0
644 0
645 0
646 0
647 0
648 0
649 0
650 0
651 0
652 0
653 0
654 0
655 0
656 0
657 0
658 0
659 0
660 0
661 0
662 0
663 0
664 0
665 0
666 0
667 0
668 0
669 0
670 0
671 0
672 0
673 0
674 0
675 0
676 0
677 0
678 0
679 0
680 0
681 0
682 0
683 0
684 0
685 0
686 0
687 0
688 0
689 0
690 0
691 0
692 0
693 0
694 0
695 0
696 0
697 0
698 0
699 0
700 0
701 0
702 0
703 0
704 0
705 0
706 0
707 0
708 0
709 0
710 0
711 0
712 0
713 0
714 0
715 0
716 0
717 0
718 0
719 0
720 0
721 0
722 0
723 1
724 0
725 0
726 0
727 0
728 0
729 0
730 0
731 0
732 0
733 0
734 0
735 0
736 0
737 0
738 0
739 0
740 0
741 0
742 0
743 0
744 0
745 0
746 0
747 0
748 0
749 0
750 0
751 0
752 0
753 0
754 0
755 0
756 0
757 0
758 0
759 0
760 0
761 0
762 0
763 0
764 0
765 0
766 0
767 0
768 0
769 0
770 0
771 0
772 0
773 0
774 0
775 1
776 0
777 0
778 0
779 0
780 0
781 0
782 0
783 0
784 0
785 0
786 0
787 0
788 0
789 0
790 0
791 0
792 0
793 0
794 0
795 0
796 0
797 0
798 0
799 0
800 0
801 0
802 0
803 0
804 0
805 0
806 0
807 0
808 0
809 0
810 1
811 1
812 0
813 0
814 0
815 0
816 0
817 2
818 0
819 0
820 0
821 0
822 0
823 0
824 1
825 0
826 0
827 0
828 0
829 0
830 0
831 0
832 0
833 0
834 0
835 0
836 0
837 0
838 0
839 0
840 1
841 0
842 0
843 1
844 0
845 0
846 0
847 1
848 0
849 0
850 0
851 0
852 0
853 0
854 0
855 0
856 0
857 0
858 0
859 1
860 1
861 0
862 0
863 0
864 0
865 0
866 0
867 0
868 0
869 0
870 0
871 0
872 1
873 0
874 0
875 0
876 0
877 0
878 0
879 0
880 0
881 1
882 0
883 1
884 1
885 0
886 0
887 0
888 0
889 0
890 0
891 1
892 0
893 0
894 0
895 0
896 0
897 1
898 0
899 1
900 1
901 0
902 0
903 0
904 0
905 1
906 0
907 1
908 1
909 0
910 0
911 1
912 1
913 1
914 1
915 0
916 0
917 0
918 0
919 0
920 0
921 0
922 0
923 0
924 0
925 0
926 1
927 0
928 0
929 0
930 0
931 0
932 0
933 0
934 0
935 0
936 0
937 1
938 1
939 0
940 0
941 0
942 0
943 0
944 0
945 0
946 0
947 0
948 0
949 0
950 0
951 0
952 0
953 0
954 0
955 0
956 1
957 0
958 0
959 0
960 0
961 0
962 0
963 0
964 0
965 0
966 0
967 0
968 0
969 0
970 0
971 0
972 0
973 1
974 0
975 0
976 0
977 0
978 0
979 0
980 0
981 1
982 0
983 1
984 0
985 0
986 0
987 0
988 0
989 0
990 1
991 1
992 0
993 0
994 0
995 0
996 0
997 2
998 1
999 0
1000 0
1001 0
1002 1
1003 1
1004 0
1005 1
1006 1
1007 1
1008 1
1009 0
1010 1
1011 1
1012 1
1013 0
1014 1
1015 0
1016 1
1017 0
1018 1
1019 1
1020 0
1021 1
1022 0
1023 2
1024 1
1025 1
1026 1
1027 0
1028 0
1029 1
1030 2
1031 1
1032 2
1033 0
1034 2
1035 1
1036 0
1037 0
1038 0
1039 1
1040 1
1041 1
1042 0
1043 0
1044 0
1045 1
1046 2
1047 2
1048 0
1049 0
1050 1
1051 2
1052 1
1053 1
1054 0
1055 1
1056 0
1057 2
1058 1
1059 0
1060 1
1061 1
1062 0
1063 1
1064 0
1065 1
1066 0
1067 0
1068 1
1069 1
1070 2
1071 0
1072 1
1073 1
1074 1
1075 1
1076 2
1077 1
1078 1
1079 1
1080 1
1081 0
1082 2
1083 0
1084 1
1085 1
1086 1
1087 2
1088 3
1089 1
1090 1
1091 0
1092 1
1093 1
1094 1
1095 2
1096 0
1097 2
1098 1
1099 1
1100 2
1101 0
1102 0
1103 1
1104 1
1105 1
1106 1
1107 0
1108 1
1109 1
1110 0
1111 2
1112 0
1113 2
1114 1
1115 1
1116 1
1117 0
1118 2
1119 0
1120 3
1121 1
1122 0
1123 1
1124 0
1125 1
1126 0
1127 1
1128 0
1129 1
1130 1
1131 0
1132 1
1133 0
1134 1
1135 1
1136 0
1137 1
1138 1
1139 1
1140 1
1141 0
1142 2
1143 2
1144 0
1145 0
1146 1
1147 0
1148 1
1149 1
1150 0
1151 1
1152 2
1153 1
1154 0
1155 1
1156 1
1157 2
1158 0
1159 0
1160 0
1161 0
1162 0
1163 1
1164 2
1165 0
1166 1
1167 0
1168 1
1169 1
1170 2
1171 2
1172 0
1173 1
1174 1
1175 1
1176 1
1177 0
1178 1
1179 2
1180 1
1181 1
1182 1
1183 1
1184 1
1185 1
1186 1
1187 1
1188 2
1189 0
1190 1
1191 1
1192 0
1193 0
1194 1
1195 1
1196 2
1197 1
1198 1
1199 0
1200 1
1201 2
1202 1
1203 1
1204 0
1205 3
1206 1
1207 1
1208 2
1209 0
1210 0
1211 1
1212 1
1213 2
1214 1
1215 1
1216 1
1217 1
1218 1
1219 0
1220 2
1221 0
1222 1
1223 0
1224 1
1225 2
1226 0
1227 1
1228 0
1229 1
1230 1
1231 1
1232 0
1233 0
1234 1
1235 0
1236 1
1237 1
1238 1
1239 1
1240 1
1241 1
1242 1
1243 1
1244 1
1245 1
1246 1
1247 2
1248 2
1249 0
1250 1
1251 0
1252 0
1253 2
1254 1
1255 1
1256 0
1257 0
1258 1
1259 1
1260 1
1261 0
1262 1
1263 1
1264 1
1265 2
1266 0
1267 1
1268 0
1269 1
1270 1
1271 2
1272 0
1273 1
1274 0
1275 0
1276 1
1277 0
1278 1
1279 1
1280 1
1281 0
1282 0
1283 1
1284 1
1285 0
1286 2
1287 1
1288 0
1289 1
1290 1
1291 0
1292 0
1293 0
1294 0
1295 1
1296 1
1297 0
1298 2
1299 0
1300 1
1301 1
1302 0
1303 0
1304 2
1305 1
1306 0
1307 0
1308 1
1309 1
1310 0
1311 2
1312 0
1313 0
1314 0
1315 1
1316 1
1317 2
1318 1
1319 1
1320 0
1321 1
1322 1
1323 1
1324 1
1325 1
1326 0
1327 1
1328 0
1329 1
1330 1
1331 1
1332 1
1333 1
1334 1
1335 1
1336 0
1337 1
1338 0
1339 0
1340 0
1341 1
1342 0
1343 1
1344 0
1345 0
1346 0
1347 0
1348 1
1349 1
1350 1
1351 0
1352 1
1353 2
1354 1
1355 1
1356 0
1357 1
1358 2
1359 0
1360 0
1361 0
1362 0
1363 0
1364 0
1365 0
1366 0
1367 1
1368 1
1369 0
1370 0
1371 1
1372 0
1373 0
1374 1
1375 0
1376 0
1377 1
1378 1
1379 1
1380 1
1381 1
1382 1
1383 2
1384 1
1385 1
1386 0
1387 0
1388 0
1389 1
1390 0
1391 0
1392 0
1393 0
1394 1
1395 0
1396 1
1397 0
1398 0
1399 1
1400 1
1401 0
1402 0
1403 0
1404 1
1405 1
1406 1
1407 0
1408 0
1409 0
1410 0
1411 1
1412 0
1413 1
1414 2
1415 1
1416 0
1417 2
1418 2
1419 0
1420 1
1421 0
1422 1
1423 1
1424 0
1425 1
1426 0
1427 0
1428 2
1429 0
1430 0
1431 0
1432 1
1433 0
1434 1
1435 1
1436 1
1437 0
1438 1
1439 0
1440 0
1441 1
1442 1
1443 0
1444 0
1445 1
1446 0
1447 1
1448 0
1449 1
1450 1
1451 1
1452 1
1453 1
1454 0
1455 1
1456 0
1457 0
1458 0
1459 1
1460 1
1461 0
1462 1
1463 0
1464 1
1465 1
1466 1
1467 0
1468 0
1469 0
1470 1
1471 0
1472 2
1473 0
1474 0
1475 1
1476 1
1477 1
1478 0
1479 0
1480 0
1481 1
1482 0
1483 1
1484 0
1485 0
1486 0
1487 0
1488 0
1489 0
1490 1
1491 0
1492 0
1493 1
1494 0
1495 0
1496 0
1497 2
1498 0
1499 1
1500 2
1501 0
1502 1
1503 1
1504 0
1505 0
1506 0
1507 2
1508 1
1509 1
1510 1
1511 1
1512 0
1513 1
1514 0
1515 0
1516 0
1517 2
1518 0
1519 1
1520 1
1521 0
1522 1
1523 0
1524 0
1525 1
1526 0
1527 0
1528 0
1529 0
1530 0
1531 2
1532 1
1533 1
1534 1
1535 0
1536 0
1537 1
1538 0
1539 0
1540 1
1541 1
1542 0
1543 0
1544 1
1545 1
1546 1
1547 0
1548 1
1549 0
1550 1
1551 0
1552 0
1553 0
1554 2
1555 1
1556 1
1557 1
1558 1
1559 1
1560 0
1561 1
1562 1
1563 1
1564 0
1565 1
1566 0
1567 1
1568 1
1569 1
1570 0
1571 0
1572 0
1573 1
1574 2
1575 0
1576 1
1577 1
1578 1
1579 2
1580 0
1581 1
1582 1
1583 0
1584 1
1585 1
1586 1
1587 1
1588 1
1589 1
1590 0
1591 1
1592 1
1593 0
1594 0
1595 2
1596 1
1597 0
1598 1
1599 0
1600 1
1601 1
1602 1
1603 0
1604 1
1605 0
1606 1
1607 1
1608 1
1609 1
1610 0
1611 1
1612 1
1613 0
1614 0
1615 0
1616 1
1617 1
1618 1
1619 1
1620 1
1621 1
1622 1
1623 0
1624 1
1625 1
1626 1
1627 1
1628 1
1629 1
1630 1
1631 1
1632 2
1633 0
1634 0
1635 0
1636 1
1637 1
1638 1
1639 1
1640 1
1641 1
1642 1
1643 1
1644 0
1645 1
1646 1
1647 1
1648 1
1649 1
1650 1
1651 0
1652 1
1653 0
1654 0
1655 0
1656 0
1657 2
1658 1
1659 1
1660 1
1661 0
1662 1
1663 2
1664 1
1665 0
1666 1
1667 1
1668 0
1669 0
1670 1
1671 0
1672 0
1673 0
1674 1
1675 1
1676 2
1677 0
1678 0
1679 0
1680 1
1681 1
1682 1
1683 0
1684 1
1685 0
1686 0
1687 1
1688 0
1689 1
1690 0
1691 0
1692 0
1693 1
1694 2
1695 0
1696 0
1697 1
1698 0
1699 1
1700 0
1701 1
1702 0
1703 0
1704 0
1705 0
1706 0
1707 1
1708 0
1709 1
1710 0
1711 1
1712 0
1713 0
1714 1
1715 0
1716 1
1717 1
1718 1
1719 1
1720 1
1721 0
1722 1
1723 0
1724 0
1725 0
1726 0
1727 0
1728 1
1729 1
1730 0
1731 0
1732 1
1733 1
1734 1
1735 1
1736 0
1737 1
1738 1
1739 1
1740 1
1741 1
1742 0
1743 0
1744 0
1745 1
1746 1
1747 1
1748 0
1749 0
1750 1
1751 1
1752 1
1753 0
1754 1
1755 0
1756 1
1757 0
1758 1
1759 0
1760 0
1761 0
1762 0
1763 0
1764 0
1765 1
1766 0
1767 0
1768 0
1769 1
1770 0
1771 0
1772 0
1773 0
1774 1
1775 0
1776 0
1777 0
1778 0
1779 1
1780 1
1781 1
1782 0
1783 3
1784 1
1785 0
1786 1
1787 0
1788 1
1789 0
1790 2
1791 0
1792 0
1793 2
1794 2
1795 0
1796 1
1797 0
1798 2
1799 1
1800 0
1801 1
1802 0
1803 0
1804 0
1805 0
1806 1
1807 2
1808 0
1809 2
1810 0
1811 1
1812 1
1813 1
1814 0
1815 1
1816 1
1817 0
1818 0
1819 0
1820 1
1821 0
1822 1
1823 0
1824 0
1825 0
1826 1
1827 1
1828 0
1829 2
1830 1
1831 0
1832 0
1833 1
1834 1
1835 0
1836 0
1837 0
1838 0
1839 0
1840 1
1841 1
1842 1
1843 0
1844 1
1845 1
1846 0
1847 2
1848 0
1849 0
1850 1
1851 1
1852 1
1853 0
1854 0
1855 2
1856 1
1857 0
1858 2
1859 0
1860 1
1861 0
1862 1
1863 0
1864 0
1865 1
1866 0
1867 0
1868 1
1869 1
1870 1
1871 1
1872 1
1873 2
1874 2
1875 0
1876 1
1877 0
1878 0
1879 1
1880 0
1881 0
1882 0
1883 1
1884 0
1885 1
1886 1
1887 1
1888 2
1889 1
1890 1
1891 0
1892 0
1893 0
1894 0
1895 1
1896 0
1897 1
1898 1
1899 1
1900 0
1901 2
1902 0
1903 0
1904 0
1905 0
1906 0
1907 1
1908 0
1909 0
1910 0
1911 0
1912 1
1913 1
1914 0
1915 0
1916 1
1917 0
1918 0
1919 0
1920 1
1921 1
1922 1
1923 1
1924 0
1925 0
1926 0
1927 2
1928 1
1929 0
1930 0
1931 2
1932 0
1933 0
1934 1
1935 2
1936 1
1937 3
1938 1
1939 0
1940 0
1941 0
1942 2
1943 0
1944 1
1945 0
1946 2
1947 2
1948 0
1949 1
1950 0
1951 1
1952 1
1953 1
1954 1
1955 1
1956 1
1957 1
1958 1
1959 1
1960 2
1961 1
1962 0
1963 0
1964 1
1965 1
1966 0
1967 0
1968 1
1969 1
1970 1
1971 0
1972 0
1973 0
1974 0
1975 2
1976 1
1977 1
1978 1
1979 2
1980 0
1981 1
1982 0
1983 1
1984 0
1985 1
1986 0
1987 1
1988 1
1989 0
1990 0
1991 1
1992 0
1993 0
1994 0
1995 1
1996 1
1997 1
1998 2
1999 0
