0 0
1 0
2 0
3 0
4 0
5 0
6 0
7 0
8 0
9 0
10 0
11 0
12 0
13 0
14 0
15 0
16 0
17 0
18 0
19 1
20 0
21 1
22 0
23 0
24 1
25 1
26 0
27 0
28 0
29 0
30 0
31 0
32 0
33 0
34 0
35 0
36 0
37 0
38 0
39 2
40 0
41 0
42 1
43 0
44 1
45 1
46 0
47 0
48 0
49 0
50 0
51 0
52 0
53 0
54 0
55 0
56 0
57 0
58 0
59 0
60 0
61 0
62 0
63 0
64 0
65 0
66 0
67 0
68 0
69 0
70 0
71 0
72 0
73 1
74 1
75 1
76 0
77 0
78 1
79 1
80 0
81 1
82 1
83 0
84 1
85 0
86 1
87 1
88 1
89 2
90 0
91 0
92 1
93 1
94 2
95 0
96 2
97 2
98 0
99 1
100 2
101 1
102 1
103 2
104 1
105 0
106 0
107 0
108 0
109 0
110 0
111 0
112 0
113 0
114 0
115 0
116 0
117 0
118 0
119 0
120 0
121 2
122 0
123 1
124 3
125 2
126 0
127 3
128 1
129 1
130 1
131 0
132 3
133 0
134 0
135 0
136 0
137 2
138 0
139 2
140 2
141 3
142 2
143 2
144 2
145 3
146 2
147 3
148 3
149 1
150 3
151 1
152 1
153 2
154 1
155 2
156 2
157 2
158 1
159 2
160 2
161 2
162 2
163 1
164 3
165 2
166 2
167 1
168 0
169 1
170 1
171 1
172 2
173 1
174 1
175 1
176 2
177 2
178 1
179 2
180 2
181 1
182 0
183 0
184 1
185 1
186 1
187 0
188 1
189 0
190 1
191 2
192 0
193 0
194 1
195 2
196 0
197 2
198 2
199 1
200 1
201 2
202 1
203 1
204 1
205 3
206 0
207 2
208 1
209 2
210 2
211 2
212 1
213 2
214 1
215 1
216 2
217 1
218 2
219 0
220 0
221 2
222 3
223 3
224 0
225 1
226 1
227 1
228 1
229 1
230 1
231 2
232 3
233 1
234 1
235 1
236 1
237 1
238 1
239 1
240 1
241 1
242 3
243 2
244 2
245 0
246 0
247 2
248 3
249 2
250 1
251 2
252 1
253 1
254 1
255 2
256 3
257 3
258 3
259 2
260 2
261 2
262 0
263 1
264 1
265 0
266 0
267 0
268 0
269 1
270 1
271 1
272 1
273 1
274 0
275 0
276 0
277 0
278 0
279 0
280 3
281 0
282 2
283 1
284 2
285 1
286 1
287 3
288 1
289 1
290 2
291 0
292 0
293 1
294 3
295 2
296 1
297 0
298 0
299 1
300 0
301 1
302 1
303 0
304 1
305 0
306 0
307 0
308 2
309 1
310 2
311 2
312 0
313 0
314 2
315 0
316 1
317 0
318 1
319 0
320 1
321 2
322 1
323 0
324 2
325 1
326 1
327 3
328 0
329 0
330 0
331 2
332 2
333 1
334 1
335 3
336 1
337 2
338 2
339 1
340 1
341 2
342 1
343 2
344 1
345 0
346 2
347 1
348 0
349 0
350 1
351 0
352 1
353 2
354 0
355 0
356 2
357 1
358 0
359 0
360 0
361 0
362 0
363 0
364 1
365 1
366 2
367 0
368 1
369 1
370 0
371 0
372 2
373 2
374 0
375 2
376 2
377 2
378 2
379 1
380 1
381 1
382 1
383 1
384 1
385 2
386 0
387 1
388 0
389 1
390 1
391 0
392 1
393 0
394 1
395 2
396 1
397 1
398 1
399 0
400 1
401 1
402 1
403 1
404 1
405 0
406 1
407 1
408 1
409 1
410 1
411 0
412 1
413 1
414 1
415 0
416 2
417 1
418 0
419 2
420 0
421 2
422 1
423 0
424 2
425 2
426 2
427 1
428 1
429 0
430 1
431 1
432 0
433 1
434 1
435 0
436 2
437 0
438 0
439 0
440 0
441 0
442 1
443 3
444 1
445 1
446 1
447 1
448 3
449 1
450 1
451 0
452 1
453 0
454 1
455 2
456 1
457 1
458 3
459 1
460 1
461 1
462 1
463 0
464 2
465 0
466 1
467 0
468 0
469 1
470 2
471 0
472 1
473 0
474 1
475 1
476 1
477 1
478 1
479 3
480 0
481 2
482 2
483 0
484 1
485 1
486 1
487 0
488 1
489 0
490 1
491 2
492 1
493 1
494 0
495 1
496 1
497 0
498 0
499 2
500 1
501 2
502 0
503 0
504 0
505 0
506 2
507 1
508 2
509 0
510 1
511 0
512 1
513 0
514 1
515 1
516 0
517 1
518 1
519 0
520 1
521 1
522 2
523 1
524 1
525 1
526 1
527 1
528 1
529 1
530 0
531 2
532 0
533 2
534 1
535 1
536 1
537 2
538 2
539 2
540 0
541 1
542 1
543 2
544 0
545 0
546 1
547 1
548 0
549 1
550 2
551 1
552 0
553 2
554 1
555 1
556 0
557 0
558 2
559 2
560 0
561 0
562 2
563 1
564 1
565 0
566 0
567 1
568 1
569 1
570 1
571 1
572 1
573 1
574 1
575 0
576 2
577 1
578 3
579 1
580 1
581 1
582 1
583 2
584 1
585 1
586 1
587 2
588 1
589 0
590 0
591 1
592 1
593 2
594 0
595 1
596 0
597 1
598 3
599 1
600 2
601 0
602 1
603 3
604 2
605 2
606 1
607 1
608 2
609 0
610 1
611 1
612 1
613 2
614 1
615 1
616 1
617 1
618 1
619 0
620 1
621 2
622 2
623 0
624 1
625 0
626 2
627 0
628 2
629 1
630 1
631 1
632 2
633 2
634 1
635 1
636 1
637 1
638 0
639 2
640 1
641 2
642 1
643 2
644 1
645 1
646 1
647 0
648 1
649 1
650 1
651 0
652 1
653 1
654 0
655 1
656 0
657 1
658 0
659 3
660 0
661 2
662 0
663 1
664 1
665 1
666 2
667 2
668 0
669 1
670 1
671 0
672 0
673 0
674 1
675 1
676 1
677 1
678 1
679 0
680 0
681 1
682 2
683 1
684 1
685 0
686 2
687 1
688 0
689 2
690 2
691 2
692 1
693 2
694 0
695 2
696 2
697 1
698 2
699 0
700 2
701 0
702 1
703 0
704 1
705 0
706 0
707 2
708 2
709 1
710 0
711 1
712 1
713 1
714 1
715 1
716 2
717 0
718 4
719 0
720 0
721 1
722 0
723 1
724 2
725 1
726 1
727 2
728 0
729 1
730 1
731 0
732 2
733 1
734 3
735 1
736 0
737 2
738 2
739 1
740 1
741 1
742 2
743 1
744 0
745 0
746 1
747 2
748 0
749 1
750 0
751 2
752 2
753 1
754 2
755 0
756 0
757 1
758 1
759 2
760 2
761 3
762 0
763 0
764 0
765 0
766 1
767 0
768 0
769 0
770 0
771 0
772 0
773 0
774 0
775 0
776 2
777 2
778 1
779 2
780 2
781 2
782 1
783 2
784 0
785 2
786 2
787 1
788 1
789 2
790 3
791 2
792 1
793 2
794 3
795 2
796 3
797 2
798 2
799 3
800 1
801 0
802 1
803 0
804 0
805 2
806 0
807 0
808 0
809 1
810 1
811 0
812 1
813 1
814 1
815 0
816 2
817 2
818 0
819 2
820 2
821 2
822 1
823 0
824 1
825 0
826 1
827 0
828 0
829 1
830 1
831 1
832 1
833 0
834 1
835 3
836 2
837 0
838 1
839 0
840 1
841 0
842 1
843 1
844 1
845 2
846 3
847 2
848 2
849 0
850 1
851 1
852 1
853 2
854 1
855 1
856 1
857 1
858 1
859 1
860 1
861 1
862 1
863 0
864 1
865 1
866 1
867 1
868 1
869 1
870 2
871 2
872 1
873 1
874 1
875 1
876 0
877 1
878 1
879 0
880 0
881 1
882 2
883 0
884 1
885 2
886 1
887 0
888 1
889 0
890 1
891 0
892 0
893 0
894 0
895 0
896 0
897 0
898 2
899 0
900 1
901 0
902 2
903 1
904 1
905 0
906 1
907 0
908 1
909 0
910 1
911 2
912 0
913 0
914 1
915 1
916 1
917 0
918 0
919 1
920 0
921 3
922 1
923 1
924 2
925 1
926 0
927 0
928 1
929 1
930 1
931 0
932 1
933 1
934 0
935 1
936 2
937 1
938 0
939 0
940 0
941 3
942 0
943 1
944 1
945 2
946 1
947 2
948 3
949 2
950 1
951 0
952 1
953 2
954 0
955 2
956 2
957 0
958 1
959 2
960 1
961 1
962 1
963 1
964 2
965 1
966 1
967 1
968 0
969 0
970 2
971 1
972 2
973 1
974 1
975 0
976 1
977 1
978 0
979 1
980 0
981 0
982 1
983 1
984 0
985 1
986 0
987 0
988 2
989 2
990 1
991 0
992 0
993 0
994 2
995 0
996 1
997 1
998 2
999 2
1000 0
1001 1
1002 1
1003 2
1004 1
1005 2
1006 1
1007 1
1008 0
1009 0
1010 1
1011 1
1012 0
1013 1
1014 0
1015 0
1016 0
1017 2
1018 0
1019 0
1020 0
1021 0
1022 0
1023 0
1024 0
1025 1
1026 1
1027 0
1028 0
1029 0
1030 0
1031 0
1032 0
1033 0
1034 0
1035 0
1036 0
1037 0
1038 0
1039 0
1040 0
1041 2
1042 1
1043 1
1044 0
1045 0
1046 0
1047 0
1048 0
1049 0
1050 0
1051 1
1052 0
1053 1
1054 1
1055 0
1056 0
1057 0
1058 2
1059 2
1060 2
1061 1
1062 2
1063 0
1064 2
1065 2
1066 1
1067 1
1068 1
1069 2
1070 2
1071 2
1072 1
1073 2
1074 2
1075 2
1076 2
1077 2
1078 2
1079 2
1080 2
1081 1
1082 2
1083 2
1084 1
1085 2
1086 2
1087 2
1088 2
1089 2
1090 0
1091 1
1092 1
1093 1
1094 2
1095 0
1096 2
1097 1
1098 1
1099 4
1100 1
1101 0
1102 0
1103 0
1104 0
1105 1
1106 1
1107 0
1108 1
1109 1
1110 1
1111 2
1112 2
1113 1
1114 1
1115 2
1116 3
1117 1
1118 0
1119 1
1120 2
1121 0
1122 0
1123 1
1124 0
1125 0
1126 0
1127 0
1128 0
1129 3
1130 2
1131 4
1132 0
1133 0
1134 2
1135 4
1136 1
1137 1
1138 1
1139 2
1140 1
1141 1
1142 1
1143 2
1144 0
1145 0
1146 2
1147 1
1148 0
1149 2
1150 0
1151 1
1152 1
1153 1
1154 2
1155 1
1156 2
1157 0
1158 0
1159 3
1160 1
1161 0
1162 1
1163 2
1164 2
1165 1
1166 0
1167 0
1168 1
1169 0
1170 1
1171 1
1172 1
1173 2
1174 2
1175 2
1176 0
1177 1
1178 1
1179 1
1180 1
1181 1
1182 1
1183 1
1184 1
1185 0
1186 3
1187 0
1188 0
1189 0
1190 0
1191 1
1192 1
1193 1
1194 0
1195 2
1196 1
1197 1
1198 0
1199 0
1200 0
1201 1
1202 1
1203 3
1204 1
1205 2
1206 0
1207 0
1208 1
1209 0
1210 1
1211 2
1212 1
1213 1
1214 2
1215 1
1216 0
1217 0
1218 2
1219 1
1220 0
1221 0
1222 2
1223 2
1224 1
1225 3
1226 2
1227 0
1228 1
1229 1
1230 2
1231 2
1232 2
1233 1
1234 0
1235 0
1236 2
1237 2
1238 0
1239 0
1240 0
1241 0
1242 0
1243 0
1244 2
1245 1
1246 2
1247 3
1248 0
1249 1
1250 1
1251 2
1252 2
1253 1
1254 1
1255 2
1256 0
1257 1
1258 0
1259 1
1260 2
1261 2
1262 1
1263 0
1264 0
1265 1
1266 0
1267 0
1268 1
1269 0
1270 0
1271 1
1272 0
1273 2
1274 0
1275 2
1276 1
1277 1
1278 1
1279 2
1280 1
1281 1
1282 3
1283 1
1284 0
1285 0
1286 0
1287 2
1288 0
1289 1
1290 1
1291 1
1292 0
1293 3
1294 0
1295 1
1296 1
1297 1
1298 0
1299 1
1300 0
1301 1
1302 1
1303 2
1304 2
1305 2
1306 1
1307 2
1308 2
1309 1
1310 1
1311 0
1312 0
1313 1
1314 1
1315 2
1316 0
1317 1
1318 1
1319 1
1320 0
1321 1
1322 2
1323 1
1324 1
1325 1
1326 3
1327 1
1328 1
1329 1
1330 1
1331 1
1332 2
1333 0
1334 3
1335 1
1336 2
1337 0
1338 0
1339 2
1340 0
1341 1
1342 1
1343 1
1344 1
1345 1
1346 0
1347 0
1348 1
1349 2
1350 1
1351 1
1352 1
1353 0
1354 0
1355 0
1356 0
1357 0
1358 0
1359 1
1360 0
1361 1
1362 1
1363 2
1364 2
1365 1
1366 1
1367 1
1368 1
1369 2
1370 1
1371 1
1372 1
1373 2
1374 0
1375 1
1376 1
1377 1
1378 1
1379 1
1380 3
1381 0
1382 2
1383 1
1384 0
1385 1
1386 1
1387 2
1388 1
1389 1
1390 0
1391 2
1392 0
1393 2
1394 2
1395 2
1396 1
1397 1
1398 1
1399 2
1400 1
1401 2
1402 0
1403 1
1404 0
1405 1
1406 1
1407 2
1408 0
1409 1
1410 0
1411 0
1412 0
1413 1
1414 0
1415 0
1416 0
1417 0
1418 1
1419 1
1420 1
1421 1
1422 1
1423 1
1424 0
1425 0
1426 1
1427 1
1428 1
1429 1
1430 1
1431 1
1432 2
1433 1
1434 1
1435 0
1436 1
1437 0
1438 1
1439 1
1440 1
1441 0
1442 1
1443 2
1444 4
1445 2
1446 0
1447 0
1448 1
1449 1
1450 2
1451 2
1452 2
1453 2
1454 1
1455 0
1456 2
1457 0
1458 1
1459 3
1460 1
1461 1
1462 0
1463 0
1464 1
1465 1
1466 1
1467 1
1468 3
1469 0
1470 1
1471 1
1472 1
1473 1
1474 2
1475 2
1476 2
1477 0
1478 1
1479 0
1480 0
1481 1
1482 2
1483 0
1484 2
1485 0
1486 0
1487 1
1488 0
1489 1
1490 1
1491 0
1492 1
1493 2
1494 1
1495 1
1496 1
1497 1
1498 1
1499 1
1500 1
1501 1
1502 1
1503 2
1504 1
1505 0
1506 2
1507 3
1508 2
1509 1
1510 1
1511 2
1512 3
1513 1
1514 1
1515 2
1516 1
1517 3
1518 1
1519 2
1520 3
1521 1
1522 0
1523 1
1524 1
1525 2
1526 1
1527 1
1528 1
1529 1
1530 1
1531 1
1532 1
1533 1
1534 1
1535 2
1536 1
1537 1
1538 2
1539 2
1540 1
1541 1
1542 1
1543 1
1544 1
1545 1
1546 1
1547 1
1548 3
1549 1
1550 3
1551 2
1552 1
1553 0
1554 0
1555 0
1556 0
1557 0
1558 0
1559 0
1560 0
1561 1
1562 1
1563 0
1564 0
1565 1
1566 0
1567 0
1568 0
1569 0
1570 0
1571 0
1572 1
1573 0
1574 0
1575 1
1576 2
1577 1
1578 2
1579 1
1580 1
1581 1
1582 1
1583 1
1584 2
1585 1
1586 0
1587 1
1588 3
1589 0
1590 1
1591 1
1592 1
1593 1
1594 1
1595 1
1596 0
1597 1
1598 0
1599 1
1600 0
1601 1
1602 0
1603 2
1604 0
1605 0
1606 1
1607 1
1608 0
1609 0
1610 1
1611 1
1612 2
1613 0
1614 2
1615 0
1616 1
1617 1
1618 0
1619 1
1620 1
1621 1
1622 1
1623 1
1624 0
1625 2
1626 0
1627 0
1628 2
1629 1
1630 1
1631 2
1632 1
1633 0
1634 1
1635 2
1636 1
1637 1
1638 1
1639 0
1640 0
1641 0
1642 0
1643 1
1644 1
1645 2
1646 2
1647 2
1648 1
1649 2
1650 2
1651 0
1652 1
1653 1
1654 0
1655 2
1656 1
1657 1
1658 1
1659 0
1660 1
1661 1
1662 1
1663 0
1664 2
1665 0
1666 1
1667 1
1668 1
1669 0
1670 0
1671 1
1672 2
1673 1
1674 0
1675 1
1676 2
1677 0
1678 1
1679 0
1680 1
1681 2
1682 0
1683 0
1684 0
1685 0
1686 0
1687 0
1688 2
1689 0
1690 2
1691 1
1692 1
1693 1
1694 0
1695 1
1696 0
1697 0
1698 0
1699 1
1700 1
1701 1
1702 0
1703 2
1704 2
1705 1
1706 1
1707 1
1708 2
1709 1
1710 1
1711 1
1712 2
1713 2
1714 1
1715 1
1716 1
1717 1
1718 2
1719 1
1720 1
1721 1
1722 1
1723 0
1724 2
1725 3
1726 1
1727 1
1728 1
1729 1
1730 2
1731 1
1732 1
1733 1
1734 1
1735 1
1736 1
1737 0
1738 2
1739 1
1740 2
1741 2
1742 1
1743 1
1744 0
1745 3
1746 0
1747 0
1748 0
1749 2
1750 1
1751 1
1752 2
1753 1
1754 0
1755 1
1756 2
1757 0
1758 0
1759 1
1760 0
1761 2
1762 1
1763 1
1764 0
1765 0
1766 2
1767 0
1768 0
1769 0
1770 0
1771 3
1772 1
1773 1
1774 0
1775 1
1776 3
1777 2
1778 0
1779 1
1780 0
1781 1
1782 1
1783 2
1784 0
1785 2
1786 2
1787 2
1788 1
1789 1
1790 0
1791 0
1792 1
1793 0
1794 1
1795 2
1796 0
1797 1
1798 0
1799 0
1800 1
1801 0
1802 2
1803 1
1804 2
1805 1
1806 1
1807 1
1808 1
1809 1
1810 2
1811 2
1812 1
1813 1
1814 2
1815 2
1816 1
1817 1
1818 2
1819 2
1820 1
1821 2
1822 1
1823 2
1824 2
1825 2
1826 2
1827 2
1828 1
1829 4
1830 1
1831 2
1832 1
1833 2
1834 0
1835 0
1836 1
1837 0
1838 1
1839 1
1840 1
1841 0
1842 0
1843 0
1844 1
1845 2
1846 1
1847 0
1848 0
1849 1
1850 0
1851 1
1852 0
1853 0
1854 0
1855 0
1856 1
1857 0
1858 0
1859 0
1860 0
1861 0
1862 0
1863 0
1864 0
1865 0
1866 1
1867 1
1868 0
1869 0
1870 0
1871 0
1872 0
1873 1
1874 1
1875 0
1876 1
1877 1
1878 1
1879 0
1880 0
1881 1
1882 0
1883 0
1884 1
1885 2
1886 2
1887 1
1888 0
1889 1
1890 0
1891 0
1892 0
1893 1
1894 1
1895 2
1896 1
1897 1
1898 0
1899 1
1900 2
1901 0
1902 2
1903 0
1904 0
1905 0
1906 1
1907 1
1908 1
1909 1
1910 2
1911 2
1912 2
1913 2
1914 2
1915 0
1916 1
1917 2
1918 1
1919 1
1920 1
1921 2
1922 2
1923 1
1924 3
1925 1
1926 1
1927 2
1928 2
1929 1
1930 1
1931 1
1932 1
1933 1
1934 1
1935 2
1936 0
1937 1
1938 1
1939 1
1940 2
1941 1
1942 0
1943 0
1944 0
1945 1
1946 0
1947 3
1948 1
1949 0
1950 0
1951 0
1952 0
1953 2
1954 1
1955 0
1956 1
1957 0
1958 1
1959 0
1960 2
1961 0
1962 1
1963 0
1964 0
1965 0
1966 1
1967 0
1968 1
1969 1
1970 1
1971 0
1972 1
1973 0
1974 3
1975 1
1976 2
1977 2
1978 1
1979 1
1980 1
1981 2
1982 1
1983 1
1984 1
1985 0
1986 0
1987 1
1988 1
1989 1
1990 1
1991 0
1992 1
1993 2
1994 1
1995 0
1996 1
1997 1
1998 0
1999 2
