0 0
1 0
2 0
3 0
4 0
5 0
6 0
7 0
8 0
9 0
10 0
11 0
12 0
13 0
14 0
15 0
16 0
17 0
18 0
19 0
20 0
21 0
22 0
23 0
24 0
25 0
26 0
27 0
28 0
29 0
30 0
31 0
32 1
33 0
34 0
35 0
36 0
37 0
38 0
39 0
40 0
41 0
42 0
43 0
44 0
45 0
46 0
47 0
48 0
49 0
50 0
51 0
52 0
53 0
54 0
55 0
56 0
57 0
58 0
59 0
60 0
61 0
62 0
63 0
64 0
65 0
66 0
67 0
68 0
69 0
70 0
71 0
72 0
73 0
74 0
75 0
76 0
77 0
78 0
79 0
80 0
81 0
82 0
83 0
84 0
85 0
86 0
87 0
88 0
89 0
90 0
91 0
92 0
93 0
94 0
95 0
96 0
97 0
98 0
99 0
100 0
101 0
102 0
103 0
104 0
105 0
106 0
107 0
108 0
109 0
110 0
111 0
112 0
113 0
114 0
115 0
116 0
117 0
118 0
119 0
120 0
121 0
122 0
123 0
124 0
125 0
126 0
127 0
128 0
129 0
130 0
131 0
132 0
133 0
134 0
135 0
136 0
137 0
138 0
139 0
140 0
141 0
142 0
143 0
144 0
145 0
146 0
147 0
148 0
149 0
150 0
151 0
152 0
153 0
154 0
155 0
156 0
157 0
158 0
159 0
160 0
161 0
162 0
163 0
164 0
165 0
166 0
167 0
168 0
169 0
170 0
171 0
172 0
173 0
174 0
175 0
176 0
177 0
178 0
179 0
180 1
181 0
182 0
183 0
184 0
185 0
186 0
187 0
188 0
189 0
190 0
191 0
192 0
193 0
194 0
195 0
196 0
197 0
198 0
199 0
200 0
201 0
202 0
203 0
204 0
205 0
206 0
207 0
208 0
209 0
210 0
211 0
212 0
213 0
214 0
215 0
216 0
217 0
218 0
219 0
220 0
221 0
222 0
223 0
224 0
225 0
226 0
227 0
228 0
229 0
230 0
231 0
232 0
233 0
234 0
235 0
236 0
237 0
238 0
239 0
240 0
241 0
242 0
243 0
244 0
245 0
246 0
247 0
248 0
249 0
250 0
251 0
252 0
253 0
254 0
255 0
256 0
257 0
258 0
259 0
260 0
261 0
262 0
263 0
264 0
265 0
266 0
267 0
268 0
269 0
270 0
271 0
272 0
273 0
274 0
275 0
276 0
277 0
278 0
279 0
280 0
281 0
282 0
283 0
284 0
285 0
286 0
287 0
288 0
289 0
290 0
291 0
292 0
293 0
294 0
295 0
296 0
297 0
298 0
299 0
300 0
301 1
302 0
303 0
304 0
305 0
306 1
307 0
308 0
309 1
310 1
311 0
312 1
313 1
314 1
315 1
316 1
317 0
318 1
319 1
320 0
321 1
322 1
323 0
324 0
325 1
326 0
327 1
328 1
329 1
330 1
331 1
332 0
333 0
334 0
335 1
336 1
337 0
338 1
339 1
340 1
341 1
342 1
343 1
344 2
345 1
346 1
347 1
348 1
349 1
350 1
351 0
352 0
353 1
354 0
355 1
356 1
357 1
358 1
359 1
360 1
361 1
362 1
363 0
364 1
365 1
366 1
367 1
368 0
369 1
370 0
371 1
372 1
373 1
374 1
375 1
376 1
377 1
378 1
379 1
380 0
381 1
382 1
383 0
384 1
385 1
386 1
387 1
388 1
389 0
390 1
391 0
392 1
393 0
394 1
395 1
396 1
397 1
398 0
399 1
400 1
401 1
402 1
403 1
404 1
405 1
406 0
407 1
408 1
409 1
410 1
411 1
412 1
413 1
414 0
415 1
416 1
417 1
418 1
419 1
420 0
421 1
422 0
423 1
424 1
425 0
426 1
427 0
428 1
429 1
430 1
431 1
432 1
433 1
434 1
435 1
436 1
437 1
438 0
439 1
440 1
441 0
442 1
443 1
444 1
445 1
446 1
447 0
448 1
449 1
450 0
451 1
452 1
453 1
454 0
455 1
456 1
457 1
458 1
459 0
460 1
461 0
462 1
463 1
464 1
465 1
466 1
467 1
468 0
469 1
470 1
471 1
472 1
473 1
474 1
475 0
476 0
477 0
478 1
479 1
480 1
481 1
482 1
483 1
484 0
485 1
486 1
487 1
488 0
489 1
490 0
491 1
492 0
493 1
494 0
495 1
496 1
497 0
498 1
499 1
500 0
501 1
502 1
503 0
504 0
505 0
506 1
507 0
508 0
509 0
510 0
511 1
512 1
513 1
514 0
515 1
516 1
517 1
518 0
519 0
520 1
521 1
522 1
523 0
524 0
525 1
526 1
527 1
528 1
529 1
530 1
531 1
532 1
533 1
534 1
535 1
536 2
537 0
538 1
539 1
540 1
541 1
542 1
543 0
544 1
545 1
546 1
547 1
548 1
549 1
550 1
551 1
552 1
553 1
554 0
555 1
556 1
557 1
558 0
559 1
560 1
561 1
562 1
563 1
564 1
565 1
566 1
567 1
568 0
569 1
570 1
571 1
572 1
573 1
574 1
575 1
576 0
577 1
578 1
579 0
580 1
581 0
582 0
583 1
584 1
585 0
586 1
587 1
588 1
589 1
590 0
591 0
592 0
593 0
594 0
595 1
596 1
597 1
598 1
599 0
600 1
601 0
602 0
603 1
604 0
605 1
606 1
607 1
608 1
609 1
610 1
611 1
612 1
613 1
614 0
615 0
616 1
617 1
618 1
619 1
620 0
621 0
622 1
623 1
624 1
625 1
626 1
627 0
628 0
629 0
630 1
631 0
632 1
633 1
634 0
635 1
636 0
637 1
638 1
639 1
640 1
641 0
642 1
643 0
644 1
645 0
646 1
647 1
648 1
649 1
650 1
651 0
652 1
653 1
654 1
655 1
656 1
657 2
658 0
659 1
660 0
661 0
662 1
663 0
664 1
665 1
666 1
667 1
668 0
669 1
670 0
671 1
672 1
673 0
674 1
675 1
676 0
677 1
678 1
679 1
680 1
681 0
682 0
683 1
684 0
685 1
686 1
687 1
688 1
689 1
690 1
691 0
692 0
693 1
694 0
695 0
696 1
697 1
698 0
699 0
700 1
701 0
702 0
703 1
704 1
705 1
706 0
707 1
708 0
709 1
710 0
711 1
712 0
713 0
714 1
715 1
716 1
717 0
718 0
719 1
720 1
721 0
722 1
723 1
724 0
725 1
726 1
727 0
728 0
729 1
730 0
731 1
732 0
733 0
734 0
735 1
736 1
737 1
738 1
739 1
740 1
741 1
742 1
743 1
744 0
745 0
746 0
747 0
748 1
749 1
750 1
751 1
752 1
753 1
754 1
755 1
756 1
757 0
758 1
759 0
760 1
761 1
762 0
763 1
764 1
765 0
766 1
767 1
768 1
769 1
770 0
771 1
772 1
773 1
774 1
775 0
776 0
777 1
778 1
779 1
780 1
781 1
782 1
783 1
784 1
785 1
786 1
787 0
788 0
789 1
790 1
791 1
792 1
793 1
794 0
795 1
796 1
797 1
798 1
799 0
800 1
801 0
802 1
803 1
804 1
805 1
806 1
807 0
808 1
809 1
810 1
811 0
812 1
813 0
814 1
815 0
816 0
817 1
818 1
819 0
820 0
821 1
822 1
823 1
824 1
825 1
826 2
827 0
828 1
829 0
830 0
831 1
832 0
833 1
834 0
835 1
836 0
837 0
838 1
839 0
840 1
841 0
842 1
843 2
844 1
845 1
846 1
847 1
848 1
849 1
850 0
851 1
852 1
853 0
854 1
855 1
856 1
857 1
858 1
859 0
860 0
861 0
862 1
863 1
864 0
865 1
866 1
867 1
868 0
869 0
870 1
871 1
872 1
873 1
874 1
875 1
876 1
877 1
878 0
879 0
880 0
881 1
882 1
883 1
884 1
885 1
886 1
887 0
888 0
889 1
890 0
891 1
892 0
893 1
894 0
895 1
896 1
897 1
898 0
899 0
900 1
901 1
902 1
903 1
904 0
905 1
906 1
907 0
908 1
909 1
910 0
911 1
912 0
913 1
914 1
915 1
916 1
917 1
918 1
919 1
920 1
921 0
922 0
923 1
924 1
925 0
926 1
927 1
928 0
929 1
930 1
931 1
932 1
933 1
934 0
935 0
936 1
937 1
938 1
939 1
940 1
941 1
942 1
943 1
944 0
945 0
946 1
947 0
948 1
949 1
950 1
951 1
952 1
953 1
954 0
955 1
956 0
957 1
958 1
959 1
960 1
961 0
962 0
963 1
964 0
965 1
966 1
967 1
968 1
969 0
970 0
971 1
972 0
973 1
974 1
975 1
976 1
977 1
978 1
979 0
980 1
981 1
982 1
983 0
984 0
985 0
986 1
987 0
988 1
989 0
990 1
991 1
992 1
993 1
994 0
995 1
996 0
997 1
998 1
999 1
1000 1
1001 1
1002 1
1003 1
1004 1
1005 0
1006 1
1007 1
1008 1
1009 1
1010 1
1011 1
1012 0
1013 1
1014 1
1015 1
1016 1
1017 1
1018 0
1019 1
1020 0
1021 0
1022 1
1023 0
1024 1
1025 1
1026 1
1027 1
1028 1
1029 0
1030 0
1031 1
1032 1
1033 1
1034 0
1035 1
1036 1
1037 1
1038 1
1039 1
1040 0
1041 0
1042 1
1043 1
1044 0
1045 1
1046 0
1047 1
1048 0
1049 0
1050 0
1051 0
1052 1
1053 0
1054 0
1055 2
1056 1
1057 0
1058 1
1059 1
1060 1
1061 0
1062 1
1063 1
1064 1
1065 1
1066 0
1067 1
1068 1
1069 1
1070 1
1071 0
1072 1
1073 0
1074 0
1075 1
1076 1
1077 0
1078 1
1079 1
1080 0
1081 1
1082 1
1083 1
1084 1
1085 0
1086 1
1087 1
1088 1
1089 0
1090 1
1091 0
1092 1
1093 0
1094 0
1095 1
1096 1
1097 1
1098 0
1099 1
1100 0
1101 1
1102 0
1103 1
1104 1
1105 1
1106 0
1107 0
1108 0
1109 0
1110 0
1111 0
1112 1
1113 1
1114 0
1115 0
1116 1
1117 0
1118 0
1119 1
1120 1
1121 0
1122 0
1123 1
1124 0
1125 0
1126 0
1127 0
1128 2
1129 1
1130 1
1131 1
1132 0
1133 1
1134 0
1135 1
1136 1
1137 1
1138 0
1139 0
1140 1
1141 0
1142 1
1143 1
1144 1
1145 0
1146 0
1147 1
1148 1
1149 1
1150 1
1151 1
1152 0
1153 1
1154 0
1155 1
1156 0
1157 1
1158 1
1159 1
1160 1
1161 1
1162 1
1163 1
1164 1
1165 1
1166 1
1167 1
1168 1
1169 1
1170 1
1171 0
1172 1
1173 1
1174 1
1175 1
1176 1
1177 1
1178 1
1179 1
1180 1
1181 0
1182 1
1183 1
1184 0
1185 1
1186 1
1187 1
1188 1
1189 0
1190 0
1191 1
1192 0
1193 0
1194 0
1195 1
1196 1
1197 1
1198 1
1199 1
1200 0
1201 1
1202 1
1203 0
1204 0
1205 1
1206 1
1207 1
1208 1
1209 1
1210 0
1211 1
1212 0
1213 1
1214 1
1215 1
1216 0
1217 1
1218 1
1219 1
1220 1
1221 0
1222 1
1223 1
1224 1
1225 1
1226 1
1227 1
1228 0
1229 1
1230 1
1231 0
1232 1
1233 1
1234 1
1235 0
1236 1
1237 1
1238 0
1239 1
1240 0
1241 1
1242 1
1243 1
1244 0
1245 1
1246 2
1247 1
1248 1
1249 1
1250 1
1251 1
1252 1
1253 1
1254 0
1255 1
1256 1
1257 0
1258 1
1259 1
1260 1
1261 1
1262 1
1263 1
1264 1
1265 1
1266 1
1267 1
1268 1
1269 1
1270 1
1271 0
1272 1
1273 1
1274 0
1275 1
1276 0
1277 0
1278 1
1279 1
1280 1
1281 1
1282 1
1283 1
1284 2
1285 1
1286 1
1287 0
1288 2
1289 0
1290 2
1291 0
1292 0
1293 0
1294 1
1295 1
1296 0
1297 0
1298 1
1299 2
1300 0
1301 0
1302 1
1303 0
1304 1
1305 0
1306 1
1307 1
1308 1
1309 1
1310 1
1311 1
1312 0
1313 1
1314 1
1315 1
1316 1
1317 1
1318 1
1319 1
1320 1
1321 1
1322 1
1323 1
1324 1
1325 0
1326 1
1327 0
1328 1
1329 1
1330 1
1331 0
1332 1
1333 1
1334 1
1335 1
1336 1
1337 1
1338 0
1339 1
1340 1
1341 0
1342 1
1343 1
1344 0
1345 0
1346 1
1347 0
1348 1
1349 0
1350 1
1351 1
1352 1
1353 0
1354 1
1355 1
1356 1
1357 1
1358 1
1359 1
1360 1
1361 0
1362 1
1363 0
1364 0
1365 1
1366 1
1367 1
1368 0
1369 1
1370 1
1371 1
1372 0
1373 0
1374 1
1375 2
1376 1
1377 1
1378 1
1379 0
1380 0
1381 1
1382 0
1383 0
1384 0
1385 2
1386 1
1387 1
1388 1
1389 0
1390 1
1391 1
1392 1
1393 1
1394 1
1395 0
1396 1
1397 1
1398 1
1399 1
1400 0
1401 0
1402 1
1403 1
1404 1
1405 0
1406 1
1407 1
1408 1
1409 1
1410 1
1411 1
1412 1
1413 0
1414 1
1415 1
1416 0
1417 1
1418 1
1419 1
1420 0
1421 1
1422 0
1423 1
1424 1
1425 1
1426 0
1427 1
1428 1
1429 1
1430 1
1431 0
1432 1
1433 1
1434 0
1435 1
1436 0
1437 1
1438 0
1439 0
1440 1
1441 1
1442 1
1443 0
1444 1
1445 0
1446 1
1447 1
1448 2
1449 1
1450 1
1451 2
1452 0
1453 0
1454 1
1455 1
1456 0
1457 0
1458 1
1459 1
1460 0
1461 1
1462 1
1463 1
1464 1
1465 1
1466 1
1467 1
1468 1
1469 1
1470 1
1471 1
1472 1
1473 0
1474 0
1475 1
1476 1
1477 0
1478 1
1479 1
1480 0
1481 0
1482 0
1483 1
1484 0
1485 2
1486 1
1487 0
1488 1
1489 1
1490 0
1491 1
1492 1
1493 0
1494 1
1495 1
1496 0
1497 1
1498 0
1499 0
1500 1
1501 1
1502 1
1503 0
1504 1
1505 1
1506 0
1507 0
1508 1
1509 1
1510 1
1511 1
1512 1
1513 1
1514 1
1515 1
1516 1
1517 1
1518 1
1519 1
1520 0
1521 1
1522 1
1523 1
1524 1
1525 1
1526 0
1527 1
1528 1
1529 1
1530 0
1531 1
1532 1
1533 0
1534 1
1535 0
1536 0
1537 1
1538 1
1539 0
1540 1
1541 1
1542 1
1543 0
1544 2
1545 0
1546 0
1547 0
1548 0
1549 0
1550 1
1551 1
1552 0
1553 1
1554 0
1555 1
1556 0
1557 1
1558 0
1559 0
1560 0
1561 1
1562 1
1563 1
1564 1
1565 2
1566 0
1567 0
1568 1
1569 1
1570 0
1571 0
1572 0
1573 0
1574 1
1575 0
1576 1
1577 0
1578 1
1579 1
1580 0
1581 0
1582 1
1583 1
1584 1
1585 0
1586 1
1587 1
1588 0
1589 0
1590 1
1591 1
1592 1
1593 1
1594 1
1595 0
1596 1
1597 0
1598 1
1599 1
1600 1
1601 0
1602 1
1603 1
1604 1
1605 0
1606 0
1607 1
1608 1
1609 1
1610 1
1611 1
1612 1
1613 1
1614 1
1615 1
1616 0
1617 1
1618 1
1619 1
1620 0
1621 1
1622 1
1623 0
1624 1
1625 2
1626 0
1627 0
1628 1
1629 0
1630 1
1631 1
1632 1
1633 0
1634 0
1635 0
1636 1
1637 1
1638 1
1639 0
1640 0
1641 1
1642 1
1643 0
1644 0
1645 0
1646 0
1647 1
1648 0
1649 0
1650 1
1651 1
1652 1
1653 0
1654 0
1655 1
1656 1
1657 1
1658 1
1659 1
1660 0
1661 1
1662 1
1663 0
1664 1
1665 1
1666 1
1667 1
1668 1
1669 1
1670 1
1671 1
1672 1
1673 1
1674 0
1675 0
1676 0
1677 1
1678 1
1679 1
1680 0
1681 1
1682 1
1683 0
1684 1
1685 1
1686 1
1687 1
1688 1
1689 1
1690 0
1691 1
1692 1
1693 0
1694 1
1695 1
1696 1
1697 1
1698 1
1699 2
1700 0
1701 1
1702 1
1703 1
1704 1
1705 0
1706 0
1707 1
1708 0
1709 0
1710 1
1711 1
1712 0
1713 0
1714 1
1715 1
1716 1
1717 1
1718 0
1719 1
1720 1
1721 1
1722 1
1723 1
1724 0
1725 1
1726 0
1727 0
1728 1
1729 1
1730 1
1731 0
1732 0
1733 0
1734 0
1735 1
1736 1
1737 0
1738 0
1739 1
1740 1
1741 0
1742 0
1743 0
1744 1
1745 0
1746 1
1747 1
1748 1
1749 1
1750 1
1751 1
1752 2
1753 0
1754 0
1755 1
1756 1
1757 2
1758 1
1759 0
1760 1
1761 1
1762 1
1763 1
1764 1
1765 1
1766 0
1767 0
1768 1
1769 0
1770 1
1771 1
1772 0
1773 0
1774 1
1775 0
1776 1
1777 1
1778 1
1779 1
1780 1
1781 1
1782 0
1783 1
1784 0
1785 1
1786 1
1787 1
1788 1
1789 1
1790 0
1791 1
1792 1
1793 0
1794 1
1795 1
1796 0
1797 1
1798 1
1799 1
1800 1
1801 1
1802 1
1803 1
1804 1
1805 0
1806 1
1807 0
1808 1
1809 1
1810 0
1811 0
1812 1
1813 0
1814 1
1815 1
1816 0
1817 0
1818 1
1819 1
1820 0
1821 1
1822 1
1823 1
1824 0
1825 1
1826 1
1827 0
1828 1
1829 0
1830 1
1831 1
1832 1
1833 1
1834 0
1835 0
1836 0
1837 1
1838 1
1839 1
1840 1
1841 0
1842 1
1843 0
1844 1
1845 1
1846 2
1847 1
1848 1
1849 1
1850 1
1851 0
1852 0
1853 0
1854 1
1855 1
1856 0
1857 1
1858 0
1859 1
1860 1
1861 1
1862 1
1863 0
1864 1
1865 1
1866 0
1867 1
1868 0
1869 0
1870 0
1871 1
1872 0
1873 1
1874 0
1875 1
1876 1
1877 1
1878 1
1879 0
1880 1
1881 1
1882 0
1883 0
1884 1
1885 1
1886 1
1887 0
1888 1
1889 0
1890 1
1891 1
1892 2
1893 1
1894 0
1895 1
1896 0
1897 1
1898 1
1899 1
1900 0
1901 0
1902 1
1903 0
1904 1
1905 1
1906 0
1907 1
1908 1
1909 1
1910 1
1911 0
1912 1
1913 1
1914 1
1915 0
1916 1
1917 1
1918 1
1919 1
1920 1
1921 1
1922 1
1923 0
1924 1
1925 0
1926 0
1927 0
1928 1
1929 0
1930 0
1931 1
1932 0
1933 1
1934 1
1935 0
1936 1
1937 1
1938 1
1939 0
1940 1
1941 0
1942 1
1943 2
1944 0
1945 1
1946 0
1947 1
1948 1
1949 1
1950 1
1951 1
1952 1
1953 1
1954 0
1955 1
1956 0
1957 0
1958 0
1959 1
1960 1
1961 1
1962 1
1963 1
1964 0
1965 0
1966 0
1967 1
1968 1
1969 1
1970 0
1971 1
1972 1
1973 1
1974 1
1975 0
1976 0
1977 1
1978 1
1979 1
1980 1
1981 0
1982 0
1983 0
1984 1
1985 1
1986 0
1987 1
1988 0
1989 0
1990 0
1991 1
1992 2
1993 1
1994 0
1995 1
1996 1
1997 1
1998 1
1999 1
