0 2
1 2
2 4
3 3
4 2
5 2
6 3
7 0
8 1
9 3
10 3
11 0
12 2
13 2
14 3
15 2
16 1
17 2
18 1
19 1
20 1
21 2
22 1
23 2
24 2
25 2
26 2
27 1
28 1
29 2
30 2
31 3
32 1
33 2
34 2
35 2
36 1
37 2
38 3
39 2
40 3
41 2
42 2
43 2
44 2
45 2
46 3
47 3
48 1
49 1
50 2
51 2
52 2
53 2
54 2
55 3
56 3
57 1
58 3
59 2
60 1
61 2
62 1
63 2
64 2
65 2
66 2
67 2
68 3
69 2
70 3
71 1
72 2
73 2
74 2
75 2
76 1
77 2
78 2
79 2
80 1
81 0
82 0
83 0
84 0
85 1
86 0
87 0
88 1
89 0
90 0
91 0
92 0
93 0
94 0
95 0
96 3
97 2
98 1
99 0
100 1
101 0
102 1
103 1
104 1
105 0
106 1
107 0
108 0
109 0
110 0
111 0
112 0
113 0
114 1
115 0
116 0
117 1
118 0
119 0
120 2
121 1
122 0
123 2
124 1
125 2
126 2
127 1
128 1
129 1
130 1
131 1
132 0
133 1
134 2
135 3
136 1
137 1
138 1
139 2
140 2
141 2
142 2
143 1
144 1
145 2
146 1
147 1
148 2
149 1
150 2
151 2
152 0
153 2
154 2
155 2
156 2
157 0
158 2
159 1
160 1
161 1
162 2
163 2
164 2
165 1
166 1
167 1
168 0
169 2
170 1
171 1
172 2
173 2
174 2
175 2
176 1
177 1
178 2
179 1
180 2
181 1
182 1
183 2
184 1
185 1
186 2
187 2
188 2
189 1
190 1
191 1
192 1
193 0
194 1
195 1
196 1
197 2
198 2
199 2
200 2
201 1
202 2
203 1
204 1
205 1
206 2
207 2
208 0
209 2
210 1
211 1
212 2
213 1
214 1
215 2
216 2
217 2
218 2
219 2
220 2
221 1
222 1
223 1
224 2
225 2
226 1
227 2
228 1
229 1
230 1
231 2
232 2
233 2
234 1
235 2
236 2
237 2
238 1
239 1
240 1
241 1
242 1
243 2
244 1
245 2
246 2
247 1
248 0
249 1
250 1
251 2
252 1
253 1
254 2
255 1
256 2
257 2
258 2
259 1
260 1
261 1
262 1
263 2
264 1
265 2
266 2
267 2
268 1
269 0
270 2
271 2
272 2
273 1
274 1
275 1
276 2
277 1
278 1
279 2
280 1
281 1
282 0
283 1
284 1
285 1
286 2
287 0
288 1
289 1
290 1
291 2
292 1
293 1
294 1
295 2
296 2
297 2
298 1
299 1
300 1
301 2
302 1
303 1
304 2
305 1
306 2
307 2
308 2
309 1
310 0
311 1
312 1
313 2
314 2
315 1
316 1
317 1
318 2
319 2
320 0
321 1
322 2
323 1
324 2
325 1
326 1
327 1
328 2
329 1
330 2
331 2
332 1
333 2
334 0
335 0
336 1
337 1
338 0
339 1
340 2
341 2
342 2
343 0
344 2
345 2
346 1
347 2
348 2
349 2
350 0
351 2
352 1
353 2
354 2
355 0
356 2
357 1
358 1
359 2
360 2
361 1
362 2
363 1
364 2
365 1
366 2
367 1
368 0
369 1
370 2
371 1
372 1
373 1
374 0
375 0
376 1
377 0
378 0
379 0
380 0
381 0
382 0
383 0
384 0
385 0
386 0
387 0
388 0
389 0
390 0
391 0
392 0
393 0
394 0
395 0
396 0
397 0
398 0
399 0
400 0
401 0
402 0
403 0
404 0
405 0
406 0
407 0
408 0
409 0
410 0
411 0
412 0
413 0
414 0
415 0
416 0
417 0
418 0
419 0
420 0
421 0
422 0
423 0
424 0
425 0
426 0
427 0
428 0
429 0
430 0
431 0
432 0
433 0
434 0
435 0
436 2
437 0
438 0
439 0
440 0
441 0
442 0
443 0
444 0
445 0
446 2
447 0
448 0
449 0
450 0
451 0
452 0
453 1
454 1
455 1
456 2
457 0
458 0
459 0
460 1
461 3
462 1
463 3
464 2
465 4
466 1
467 1
468 0
469 0
470 0
471 0
472 0
473 1
474 2
475 0
476 1
477 1
478 0
479 0
480 1
481 1
482 0
483 1
484 1
485 1
486 0
487 1
488 2
489 1
490 2
491 2
492 2
493 2
494 2
495 1
496 2
497 3
498 1
499 0
500 1
501 3
502 2
503 2
504 0
505 2
506 2
507 0
508 0
509 2
510 2
511 2
512 2
513 2
514 2
515 3
516 2
517 1
518 3
519 3
520 1
521 1
522 2
523 2
524 1
525 3
526 1
527 0
528 1
529 2
530 3
531 2
532 1
533 3
534 2
535 1
536 3
537 1
538 3
539 3
540 1
541 2
542 2
543 2
544 1
545 0
546 2
547 1
548 3
549 3
550 3
551 4
552 4
553 0
554 1
555 2
556 4
557 2
558 2
559 2
560 2
561 1
562 1
563 2
564 0
565 1
566 0
567 1
568 1
569 0
570 2
571 3
572 1
573 1
574 2
575 0
576 0
577 0
578 0
579 0
580 3
581 1
582 2
583 1
584 1
585 1
586 0
587 0
588 1
589 0
590 3
591 1
592 3
593 1
594 3
595 2
596 0
597 2
598 0
599 0
600 0
601 0
602 0
603 0
604 0
605 0
606 0
607 0
608 1
609 1
610 0
611 0
612 3
613 0
614 0
615 0
616 1
617 0
618 1
619 0
620 0
621 0
622 1
623 1
624 1
625 1
626 2
627 1
628 2
629 0
630 2
631 1
632 2
633 1
634 0
635 0
636 1
637 1
638 0
639 1
640 3
641 1
642 1
643 1
644 0
645 2
646 1
647 1
648 1
649 1
650 1
651 1
652 2
653 1
654 2
655 2
656 2
657 1
658 1
659 2
660 1
661 1
662 2
663 1
664 3
665 0
666 2
667 0
668 1
669 1
670 2
671 0
672 0
673 0
674 0
675 0
676 0
677 0
678 0
679 3
680 0
681 0
682 2
683 2
684 3
685 3
686 1
687 0
688 2
689 4
690 0
691 0
692 1
693 0
694 1
695 0
696 0
697 1
698 2
699 1
700 1
701 2
702 2
703 1
704 2
705 0
706 0
707 1
708 0
709 1
710 1
711 0
712 1
713 0
714 0
715 1
716 3
717 0
718 0
719 0
720 0
721 1
722 0
723 1
724 1
725 0
726 1
727 1
728 2
729 2
730 2
731 0
732 0
733 0
734 1
735 1
736 0
737 0
738 1
739 1
740 0
741 0
742 1
743 0
744 1
745 1
746 0
747 0
748 0
749 0
750 0
751 0
752 1
753 0
754 2
755 1
756 0
757 1
758 1
759 2
760 1
761 3
762 2
763 4
764 0
765 3
766 0
767 2
768 0
769 2
770 0
771 1
772 1
773 1
774 0
775 1
776 1
777 2
778 2
779 1
780 3
781 2
782 3
783 2
784 0
785 3
786 0
787 0
788 0
789 2
790 0
791 1
792 1
793 1
794 2
795 1
796 1
797 2
798 0
799 2
800 1
801 0
802 0
803 1
804 1
805 1
806 2
807 0
808 2
809 2
810 1
811 0
812 0
813 0
814 0
815 0
816 0
817 0
818 1
819 1
820 1
821 3
822 1
823 0
824 1
825 2
826 2
827 2
828 1
829 1
830 1
831 2
832 0
833 2
834 2
835 3
836 1
837 1
838 1
839 2
840 2
841 0
842 2
843 0
844 3
845 0
846 2
847 0
848 2
849 3
850 3
851 1
852 3
853 1
854 2
855 2
856 2
857 1
858 1
859 0
860 0
861 0
862 1
863 1
864 0
865 2
866 1
867 1
868 0
869 1
870 0
871 1
872 0
873 0
874 1
875 0
876 0
877 2
878 1
879 0
880 1
881 1
882 1
883 1
884 2
885 0
886 0
887 0
888 1
889 1
890 2
891 1
892 2
893 3
894 2
895 2
896 1
897 1
898 2
899 2
900 0
901 2
902 0
903 0
904 1
905 0
906 0
907 1
908 0
909 1
910 1
911 0
912 1
913 1
914 1
915 0
916 0
917 0
918 2
919 1
920 1
921 1
922 0
923 0
924 0
925 0
926 0
927 0
928 1
929 1
930 0
931 2
932 1
933 0
934 0
935 1
936 1
937 1
938 0
939 2
940 1
941 0
942 2
943 1
944 4
945 1
946 2
947 0
948 1
949 3
950 0
951 0
952 1
953 1
954 1
955 2
956 1
957 0
958 1
959 2
960 3
961 3
962 0
963 1
964 0
965 2
966 1
967 2
968 0
969 0
970 1
971 2
972 0
973 0
974 1
975 0
976 1
977 0
978 1
979 2
980 0
981 1
982 2
983 1
984 1
985 1
986 1
987 1
988 2
989 4
990 4
991 2
992 1
993 1
994 2
995 2
996 2
997 1
998 1
999 2
1000 0
1001 2
1002 0
1003 2
1004 2
1005 2
1006 1
1007 2
1008 0
1009 0
1010 1
1011 0
1012 3
1013 2
1014 3
1015 3
1016 1
1017 1
1018 1
1019 1
1020 1
1021 0
1022 1
1023 1
1024 1
1025 0
1026 2
1027 2
1028 0
1029 1
1030 2
1031 2
1032 2
1033 0
1034 2
1035 2
1036 4
1037 3
1038 1
1039 1
1040 0
1041 2
1042 2
1043 4
1044 2
1045 3
1046 3
1047 3
1048 3
1049 3
1050 3
1051 0
1052 4
1053 0
1054 1
1055 2
1056 1
1057 1
1058 3
1059 0
1060 1
1061 0
1062 0
1063 1
1064 0
1065 1
1066 1
1067 1
1068 2
1069 1
1070 2
1071 3
1072 2
1073 2
1074 2
1075 3
1076 3
1077 2
1078 3
1079 3
1080 1
1081 2
1082 1
1083 0
1084 1
1085 2
1086 2
1087 2
1088 2
1089 1
1090 3
1091 1
1092 2
1093 0
1094 1
1095 3
1096 1
1097 2
1098 2
1099 0
1100 1
1101 0
1102 2
1103 2
1104 0
1105 0
1106 2
1107 3
1108 3
1109 1
1110 0
1111 1
1112 0
1113 2
1114 1
1115 1
1116 2
1117 0
1118 1
1119 1
1120 0
1121 0
1122 0
1123 0
1124 1
1125 0
1126 1
1127 1
1128 2
1129 0
1130 1
1131 0
1132 1
1133 0
1134 1
1135 0
1136 1
1137 1
1138 2
1139 0
1140 0
1141 0
1142 1
1143 1
1144 2
1145 2
1146 2
1147 1
1148 1
1149 2
1150 0
1151 0
1152 1
1153 1
1154 0
1155 0
1156 0
1157 0
1158 0
1159 0
1160 0
1161 0
1162 1
1163 0
1164 1
1165 1
1166 3
1167 1
1168 0
1169 0
1170 0
1171 1
1172 3
1173 0
1174 0
1175 0
1176 3
1177 1
1178 2
1179 2
1180 1
1181 1
1182 1
1183 2
1184 0
1185 0
1186 0
1187 1
1188 2
1189 3
1190 2
1191 3
1192 1
1193 0
1194 2
1195 1
1196 1
1197 0
1198 2
1199 0
1200 1
1201 1
1202 0
1203 0
1204 0
1205 4
1206 0
1207 3
1208 1
1209 2
1210 2
1211 2
1212 1
1213 1
1214 0
1215 0
1216 0
1217 1
1218 0
1219 0
1220 0
1221 0
1222 0
1223 0
1224 0
1225 0
1226 1
1227 1
1228 0
1229 1
1230 0
1231 1
1232 0
1233 0
1234 1
1235 2
1236 3
1237 2
1238 1
1239 2
1240 0
1241 0
1242 0
1243 0
1244 2
1245 2
1246 0
1247 0
1248 0
1249 2
1250 1
1251 0
1252 0
1253 0
1254 0
1255 2
1256 2
1257 0
1258 0
1259 0
1260 0
1261 2
1262 0
1263 0
1264 0
1265 0
1266 0
1267 0
1268 0
1269 0
1270 0
1271 0
1272 0
1273 0
1274 0
1275 0
1276 0
1277 0
1278 0
1279 0
1280 0
1281 0
1282 0
1283 1
1284 0
1285 1
1286 1
1287 1
1288 1
1289 1
1290 1
1291 1
1292 1
1293 1
1294 0
1295 0
1296 0
1297 0
1298 0
1299 1
1300 0
1301 1
1302 1
1303 0
1304 0
1305 0
1306 0
1307 0
1308 0
1309 0
1310 0
1311 0
1312 0
1313 0
1314 0
1315 3
1316 3
1317 2
1318 2
1319 1
1320 3
1321 3
1322 2
1323 2
1324 2
1325 3
1326 3
1327 4
1328 1
1329 1
1330 1
1331 2
1332 4
1333 2
1334 0
1335 0
1336 3
1337 0
1338 1
1339 3
1340 3
1341 3
1342 1
1343 2
1344 2
1345 1
1346 1
1347 3
1348 3
1349 4
1350 3
1351 2
1352 3
1353 3
1354 3
1355 4
1356 2
1357 0
1358 2
1359 3
1360 2
1361 3
1362 0
1363 2
1364 3
1365 2
1366 2
1367 1
1368 0
1369 0
1370 0
1371 2
1372 0
1373 0
1374 0
1375 0
1376 0
1377 0
1378 0
1379 0
1380 1
1381 0
1382 0
1383 0
1384 0
1385 0
1386 1
1387 1
1388 0
1389 0
1390 2
1391 0
1392 0
1393 3
1394 0
1395 0
1396 0
1397 2
1398 2
1399 2
1400 0
1401 1
1402 0
1403 0
1404 0
1405 0
1406 0
1407 0
1408 0
1409 0
1410 0
1411 0
1412 0
1413 1
1414 2
1415 2
1416 2
1417 2
1418 1
1419 2
1420 0
1421 2
1422 0
1423 1
1424 0
1425 3
1426 2
1427 1
1428 2
1429 2
1430 3
1431 3
1432 0
1433 1
1434 1
1435 0
1436 1
1437 1
1438 2
1439 0
1440 0
1441 0
1442 0
1443 0
1444 0
1445 2
1446 3
1447 2
1448 0
1449 1
1450 1
1451 1
1452 2
1453 4
1454 3
1455 2
1456 0
1457 1
1458 3
1459 3
1460 2
1461 3
1462 1
1463 4
1464 2
1465 2
1466 2
1467 4
1468 3
1469 2
1470 3
1471 1
1472 2
1473 2
1474 2
1475 1
1476 3
1477 3
1478 3
1479 3
1480 4
1481 2
1482 1
1483 2
1484 0
1485 3
1486 0
1487 2
1488 3
1489 3
1490 1
1491 2
1492 2
1493 0
1494 1
1495 1
1496 1
1497 0
1498 0
1499 1
1500 2
1501 1
1502 1
1503 0
1504 3
1505 1
1506 0
1507 1
1508 1
1509 0
1510 3
1511 0
1512 2
1513 2
1514 2
1515 2
1516 2
1517 1
1518 1
1519 2
1520 0
1521 2
1522 2
1523 1
1524 2
1525 1
1526 2
1527 1
1528 0
1529 3
1530 2
1531 2
1532 1
1533 2
1534 2
1535 2
1536 2
1537 0
1538 3
1539 3
1540 1
1541 2
1542 1
1543 2
1544 1
1545 1
1546 0
1547 3
1548 3
1549 2
1550 3
1551 3
1552 3
1553 0
1554 2
1555 2
1556 2
1557 3
1558 2
1559 1
1560 2
1561 2
1562 2
1563 3
1564 2
1565 1
1566 3
1567 3
1568 2
1569 3
1570 1
1571 1
1572 3
1573 0
1574 1
1575 2
1576 0
1577 1
1578 3
1579 2
1580 0
1581 2
1582 1
1583 2
1584 3
1585 2
1586 2
1587 1
1588 1
1589 0
1590 1
1591 1
1592 0
1593 0
1594 0
1595 0
1596 1
1597 0
1598 1
1599 0
1600 3
1601 4
1602 3
1603 4
1604 4
1605 3
1606 2
1607 2
1608 0
1609 1
1610 1
1611 0
1612 1
1613 0
1614 0
1615 0
1616 1
1617 0
1618 0
1619 0
1620 0
1621 2
1622 1
1623 2
1624 0
1625 2
1626 2
1627 1
1628 1
1629 1
1630 1
1631 1
1632 2
1633 1
1634 1
1635 1
1636 4
1637 2
1638 2
1639 5
1640 3
1641 3
1642 0
1643 1
1644 1
1645 1
1646 1
1647 1
1648 2
1649 0
1650 0
1651 0
1652 3
1653 3
1654 4
1655 1
1656 4
1657 3
1658 3
1659 1
1660 2
1661 2
1662 2
1663 5
1664 3
1665 1
1666 4
1667 2
1668 3
1669 0
1670 0
1671 1
1672 0
1673 1
1674 2
1675 0
1676 0
1677 0
1678 0
1679 2
1680 3
1681 1
1682 0
1683 1
1684 3
1685 0
1686 2
1687 2
1688 2
1689 2
1690 1
1691 0
1692 1
1693 1
1694 1
1695 1
1696 2
1697 0
1698 0
1699 0
1700 0
1701 0
1702 3
1703 1
1704 0
1705 2
1706 2
1707 2
1708 1
1709 2
1710 1
1711 1
1712 1
1713 1
1714 2
1715 2
1716 2
1717 3
1718 0
1719 0
1720 1
1721 0
1722 0
1723 0
1724 2
1725 3
1726 3
1727 2
1728 1
1729 2
1730 2
1731 2
1732 3
1733 0
1734 0
1735 0
1736 0
1737 2
1738 2
1739 0
1740 2
1741 1
1742 2
1743 1
1744 1
1745 2
1746 0
1747 1
1748 0
1749 1
1750 2
1751 1
1752 1
1753 3
1754 0
1755 1
1756 1
1757 3
1758 1
1759 1
1760 0
1761 0
1762 1
1763 1
1764 1
1765 1
1766 3
1767 0
1768 2
1769 2
1770 1
1771 3
1772 2
1773 1
1774 1
1775 2
1776 0
1777 2
1778 4
1779 2
1780 1
1781 3
1782 2
1783 4
1784 3
1785 1
1786 3
1787 2
1788 2
1789 1
1790 3
1791 2
1792 0
1793 0
1794 0
1795 1
1796 2
1797 1
1798 1
1799 1
1800 2
1801 0
1802 0
1803 0
1804 1
1805 1
1806 0
1807 1
1808 2
1809 1
1810 1
1811 1
1812 0
1813 0
1814 0
1815 0
1816 0
1817 0
1818 0
1819 1
1820 1
1821 0
1822 1
1823 0
1824 0
1825 1
1826 0
1827 0
1828 0
1829 1
1830 0
1831 0
1832 1
1833 2
1834 1
1835 1
1836 1
1837 0
1838 0
1839 1
1840 1
1841 1
1842 1
1843 0
1844 1
1845 0
1846 1
1847 1
1848 0
1849 1
1850 1
1851 1
1852 0
1853 1
1854 1
1855 1
1856 0
1857 2
1858 1
1859 0
1860 2
1861 0
1862 1
1863 1
1864 1
1865 1
1866 1
1867 1
1868 1
1869 2
1870 0
1871 0
1872 2
1873 2
1874 1
1875 1
1876 0
1877 1
1878 1
1879 0
1880 2
1881 3
1882 0
1883 2
1884 0
1885 1
1886 2
1887 0
1888 0
1889 1
1890 1
1891 3
1892 2
1893 1
1894 2
1895 3
1896 1
1897 1
1898 1
1899 2
1900 2
1901 3
1902 1
1903 2
1904 2
1905 2
1906 0
1907 1
1908 1
1909 3
1910 1
1911 3
1912 1
1913 1
1914 1
1915 3
1916 3
1917 1
1918 0
1919 1
1920 0
1921 1
1922 2
1923 1
1924 0
1925 2
1926 0
1927 1
1928 0
1929 0
1930 1
1931 0
1932 1
1933 2
1934 0
1935 1
1936 0
1937 0
1938 1
1939 0
1940 2
1941 0
1942 1
1943 2
1944 0
1945 0
1946 0
1947 0
1948 0
1949 0
1950 0
1951 0
1952 0
1953 0
1954 0
1955 0
1956 0
1957 0
1958 0
1959 0
1960 0
1961 0
1962 1
1963 0
1964 2
1965 2
1966 0
1967 1
1968 3
1969 0
1970 3
1971 0
1972 0
1973 1
1974 0
1975 0
1976 0
1977 1
1978 0
1979 0
1980 1
1981 2
1982 1
1983 0
1984 0
1985 0
1986 1
1987 2
1988 2
1989 1
1990 0
1991 2
1992 1
1993 0
1994 3
1995 2
1996 1
1997 1
1998 2
1999 1
