0 1
1 0
2 1
3 1
4 1
5 0
6 1
7 0
8 1
9 1
10 1
11 0
12 0
13 0
14 0
15 1
16 1
17 0
18 1
19 0
20 0
21 0
22 0
23 1
24 0
25 0
26 1
27 1
28 1
29 0
30 1
31 1
32 0
33 0
34 1
35 1
36 1
37 1
38 0
39 1
40 1
41 1
42 1
43 0
44 1
45 0
46 1
47 1
48 0
49 1
50 1
51 1
52 1
53 1
54 0
55 0
56 0
57 1
58 1
59 1
60 0
61 1
62 0
63 1
64 0
65 0
66 1
67 0
68 1
69 1
70 0
71 0
72 1
73 1
74 1
75 0
76 1
77 0
78 1
79 0
80 1
81 1
82 1
83 1
84 0
85 1
86 1
87 1
88 1
89 0
90 1
91 0
92 1
93 0
94 1
95 0
96 1
97 0
98 0
99 0
100 1
101 0
102 0
103 1
104 1
105 1
106 1
107 1
108 1
109 0
110 1
111 1
112 0
113 1
114 0
115 0
116 0
117 0
118 1
119 1
120 1
121 0
122 1
123 1
124 1
125 1
126 0
127 2
128 1
129 0
130 1
131 1
132 1
133 1
134 1
135 1
136 0
137 1
138 1
139 1
140 1
141 0
142 1
143 1
144 1
145 1
146 1
147 1
148 1
149 1
150 1
151 1
152 1
153 1
154 0
155 1
156 1
157 1
158 1
159 1
160 1
161 1
162 1
163 1
164 1
165 1
166 0
167 1
168 0
169 1
170 1
171 1
172 0
173 0
174 0
175 1
176 1
177 1
178 1
179 0
180 0
181 0
182 0
183 1
184 1
185 1
186 0
187 1
188 0
189 0
190 0
191 1
192 1
193 1
194 1
195 1
196 0
197 1
198 0
199 0
200 0
201 0
202 0
203 1
204 1
205 1
206 0
207 1
208 0
209 1
210 1
211 1
212 0
213 1
214 0
215 1
216 1
217 0
218 1
219 1
220 1
221 0
222 1
223 1
224 0
225 0
226 0
227 0
228 1
229 1
230 0
231 0
232 0
233 1
234 1
235 0
236 0
237 1
238 0
239 1
240 1
241 2
242 1
243 0
244 0
245 0
246 0
247 0
248 0
249 1
250 1
251 1
252 0
253 2
254 0
255 0
256 1
257 1
258 1
259 1
260 1
261 1
262 1
263 1
264 0
265 1
266 1
267 0
268 1
269 0
270 0
271 0
272 1
273 1
274 1
275 0
276 1
277 0
278 1
279 1
280 1
281 0
282 1
283 0
284 1
285 0
286 0
287 0
288 0
289 0
290 0
291 0
292 1
293 0
294 1
295 1
296 0
297 1
298 0
299 0
300 1
301 0
302 1
303 0
304 0
305 1
306 0
307 1
308 1
309 1
310 0
311 1
312 1
313 1
314 1
315 1
316 1
317 1
318 0
319 0
320 1
321 1
322 0
323 1
324 1
325 1
326 1
327 1
328 0
329 1
330 0
331 0
332 1
333 1
334 1
335 0
336 1
337 1
338 0
339 1
340 1
341 0
342 0
343 1
344 0
345 1
346 0
347 1
348 1
349 0
350 0
351 1
352 1
353 0
354 0
355 0
356 1
357 1
358 0
359 0
360 0
361 1
362 1
363 0
364 2
365 1
366 1
367 1
368 0
369 1
370 1
371 1
372 1
373 0
374 1
375 1
376 0
377 1
378 0
379 0
380 0
381 0
382 0
383 0
384 1
385 1
386 1
387 1
388 0
389 1
390 0
391 0
392 0
393 0
394 1
395 2
396 0
397 2
398 1
399 0
400 0
401 0
402 1
403 0
404 0
405 1
406 1
407 0
408 0
409 1
410 0
411 1
412 1
413 1
414 1
415 0
416 1
417 0
418 1
419 1
420 1
421 1
422 1
423 1
424 0
425 1
426 0
427 1
428 1
429 0
430 0
431 1
432 1
433 1
434 1
435 0
436 0
437 1
438 0
439 1
440 1
441 1
442 1
443 0
444 1
445 1
446 1
447 0
448 1
449 1
450 0
451 1
452 1
453 0
454 1
455 1
456 0
457 0
458 1
459 0
460 0
461 0
462 0
463 0
464 0
465 0
466 1
467 1
468 0
469 0
470 1
471 1
472 1
473 0
474 0
475 1
476 1
477 0
478 1
479 1
480 0
481 1
482 0
483 0
484 0
485 0
486 1
487 1
488 1
489 1
490 1
491 0
492 1
493 0
494 0
495 1
496 1
497 0
498 0
499 0
500 0
501 0
502 0
503 1
504 1
505 0
506 1
507 0
508 0
509 1
510 0
511 0
512 0
513 1
514 0
515 0
516 0
517 0
518 1
519 0
520 1
521 1
522 1
523 1
524 0
525 1
526 1
527 1
528 1
529 1
530 1
531 0
532 1
533 1
534 1
535 1
536 1
537 1
538 0
539 1
540 1
541 1
542 1
543 0
544 1
545 1
546 0
547 0
548 1
549 1
550 1
551 1
552 1
553 1
554 0
555 1
556 0
557 1
558 1
559 0
560 1
561 0
562 1
563 1
564 0
565 1
566 1
567 0
568 0
569 1
570 1
571 0
572 0
573 0
574 1
575 0
576 1
577 1
578 0
579 1
580 0
581 1
582 1
583 1
584 1
585 1
586 1
587 0
588 1
589 1
590 1
591 1
592 0
593 1
594 1
595 0
596 0
597 1
598 0
599 0
600 0
601 1
602 0
603 0
604 0
605 0
606 1
607 0
608 1
609 1
610 1
611 0
612 1
613 1
614 0
615 0
616 1
617 1
618 0
619 1
620 0
621 1
622 1
623 0
624 1
625 1
626 1
627 0
628 1
629 0
630 1
631 1
632 0
633 1
634 1
635 1
636 0
637 0
638 1
639 0
640 0
641 0
642 1
643 1
644 1
645 1
646 1
647 1
648 1
649 0
650 1
651 1
652 1
653 1
654 1
655 1
656 1
657 0
658 1
659 1
660 1
661 1
662 0
663 1
664 0
665 1
666 0
667 1
668 0
669 0
670 1
671 1
672 0
673 1
674 1
675 1
676 0
677 0
678 0
679 1
680 1
681 1
682 0
683 0
684 0
685 0
686 0
687 0
688 0
689 0
690 1
691 1
692 1
693 1
694 0
695 1
696 0
697 1
698 1
699 0
700 1
701 1
702 1
703 0
704 1
705 1
706 1
707 1
708 1
709 1
710 1
711 0
712 1
713 0
714 1
715 1
716 0
717 1
718 1
719 1
720 1
721 0
722 1
723 1
724 1
725 1
726 1
727 1
728 1
729 0
730 1
731 0
732 1
733 1
734 1
735 0
736 0
737 0
738 0
739 0
740 1
741 0
742 1
743 0
744 1
745 0
746 1
747 0
748 0
749 1
750 1
751 1
752 1
753 1
754 1
755 1
756 1
757 1
758 1
759 0
760 0
761 0
762 0
763 0
764 1
765 1
766 0
767 0
768 0
769 1
770 0
771 0
772 1
773 1
774 1
775 1
776 1
777 0
778 0
779 0
780 0
781 1
782 0
783 1
784 1
785 0
786 0
787 0
788 1
789 0
790 1
791 1
792 1
793 1
794 1
795 1
796 1
797 0
798 1
799 1
800 1
801 1
802 1
803 1
804 1
805 0
806 0
807 0
808 1
809 1
810 1
811 0
812 1
813 1
814 0
815 1
816 0
817 1
818 1
819 0
820 1
821 1
822 0
823 1
824 1
825 0
826 1
827 0
828 1
829 0
830 1
831 0
832 1
833 1
834 1
835 0
836 1
837 1
838 1
839 1
840 1
841 0
842 0
843 1
844 1
845 1
846 0
847 0
848 0
849 0
850 0
851 0
852 0
853 1
854 1
855 1
856 1
857 1
858 0
859 0
860 1
861 0
862 1
863 1
864 1
865 2
866 1
867 1
868 1
869 1
870 1
871 1
872 1
873 0
874 0
875 2
876 1
877 1
878 1
879 0
880 1
881 0
882 1
883 0
884 1
885 1
886 1
887 0
888 1
889 0
890 1
891 1
892 1
893 1
894 1
895 0
896 1
897 1
898 0
899 0
900 1
901 0
902 1
903 1
904 0
905 0
906 1
907 1
908 1
909 1
910 1
911 1
912 1
913 1
914 1
915 0
916 0
917 0
918 0
919 0
920 0
921 1
922 0
923 0
924 1
925 0
926 1
927 1
928 0
929 0
930 0
931 0
932 0
933 0
934 0
935 1
936 0
937 1
938 1
939 1
940 1
941 0
942 1
943 1
944 1
945 0
946 1
947 1
948 0
949 0
950 1
951 0
952 0
953 0
954 0
955 1
956 0
957 1
958 1
959 1
960 1
961 1
962 0
963 1
964 1
965 1
966 1
967 0
968 0
969 0
970 1
971 1
972 1
973 0
974 0
975 1
976 0
977 1
978 0
979 2
980 1
981 1
982 0
983 1
984 1
985 0
986 1
987 1
988 1
989 1
990 0
991 1
992 0
993 1
994 0
995 0
996 0
997 0
998 1
999 0
1000 0
1001 1
1002 1
1003 0
1004 0
1005 1
1006 1
1007 1
1008 0
1009 0
1010 0
1011 1
1012 0
1013 1
1014 0
1015 1
1016 0
1017 1
1018 1
1019 0
1020 1
1021 1
1022 1
1023 1
1024 0
1025 0
1026 1
1027 0
1028 0
1029 0
1030 0
1031 1
1032 1
1033 1
1034 1
1035 0
1036 0
1037 0
1038 1
1039 0
1040 0
1041 1
1042 1
1043 0
1044 1
1045 0
1046 0
1047 0
1048 0
1049 1
1050 1
1051 1
1052 0
1053 0
1054 0
1055 1
1056 0
1057 0
1058 0
1059 0
1060 0
1061 1
1062 1
1063 0
1064 1
1065 1
1066 1
1067 0
1068 1
1069 0
1070 1
1071 0
1072 0
1073 1
1074 1
1075 0
1076 0
1077 0
1078 1
1079 0
1080 1
1081 1
1082 1
1083 0
1084 0
1085 1
1086 0
1087 1
1088 0
1089 1
1090 1
1091 1
1092 1
1093 1
1094 0
1095 0
1096 1
1097 0
1098 1
1099 0
1100 0
1101 1
1102 0
1103 1
1104 0
1105 1
1106 0
1107 0
1108 0
1109 1
1110 1
1111 1
1112 0
1113 1
1114 0
1115 0
1116 1
1117 0
1118 0
1119 1
1120 1
1121 1
1122 1
1123 1
1124 0
1125 0
1126 1
1127 0
1128 2
1129 1
1130 1
1131 0
1132 0
1133 1
1134 1
1135 1
1136 1
1137 0
1138 1
1139 1
1140 0
1141 1
1142 0
1143 0
1144 0
1145 1
1146 1
1147 1
1148 1
1149 0
1150 1
1151 1
1152 0
1153 0
1154 0
1155 1
1156 0
1157 1
1158 0
1159 1
1160 0
1161 0
1162 0
1163 1
1164 0
1165 1
1166 1
1167 0
1168 0
1169 0
1170 1
1171 1
1172 0
1173 1
1174 1
1175 0
1176 1
1177 1
1178 1
1179 1
1180 0
1181 1
1182 1
1183 1
1184 1
1185 1
1186 0
1187 0
1188 0
1189 0
1190 0
1191 1
1192 1
1193 1
1194 0
1195 0
1196 1
1197 1
1198 1
1199 1
1200 1
1201 0
1202 0
1203 0
1204 0
1205 1
1206 1
1207 1
1208 0
1209 1
1210 1
1211 1
1212 0
1213 1
1214 0
1215 0
1216 1
1217 0
1218 0
1219 0
1220 1
1221 1
1222 0
1223 0
1224 0
1225 1
1226 1
1227 1
1228 0
1229 0
1230 0
1231 1
1232 0
1233 1
1234 0
1235 1
1236 0
1237 1
1238 0
1239 2
1240 1
1241 0
1242 1
1243 1
1244 1
1245 0
1246 0
1247 1
1248 1
1249 0
1250 0
1251 0
1252 0
1253 0
1254 0
1255 0
1256 1
1257 1
1258 1
1259 0
1260 0
1261 1
1262 1
1263 0
1264 1
1265 1
1266 0
1267 0
1268 1
1269 1
1270 2
1271 1
1272 2
1273 0
1274 0
1275 1
1276 1
1277 1
1278 0
1279 1
1280 0
1281 1
1282 1
1283 1
1284 0
1285 1
1286 1
1287 0
1288 1
1289 0
1290 0
1291 1
1292 0
1293 0
1294 1
1295 1
1296 0
1297 1
1298 1
1299 1
1300 1
1301 0
1302 1
1303 1
1304 1
1305 1
1306 1
1307 0
1308 1
1309 1
1310 2
1311 0
1312 1
1313 0
1314 1
1315 0
1316 1
1317 0
1318 1
1319 0
1320 1
1321 0
1322 1
1323 0
1324 1
1325 0
1326 1
1327 1
1328 1
1329 0
1330 0
1331 1
1332 1
1333 1
1334 1
1335 1
1336 1
1337 1
1338 1
1339 1
1340 0
1341 0
1342 1
1343 0
1344 0
1345 1
1346 1
1347 1
1348 1
1349 0
1350 0
1351 1
1352 1
1353 0
1354 0
1355 1
1356 1
1357 0
1358 1
1359 0
1360 1
1361 1
1362 1
1363 1
1364 0
1365 1
1366 1
1367 1
1368 1
1369 0
1370 1
1371 1
1372 1
1373 1
1374 1
1375 0
1376 1
1377 1
1378 0
1379 0
1380 0
1381 1
1382 0
1383 1
1384 0
1385 0
1386 1
1387 0
1388 1
1389 0
1390 1
1391 0
1392 0
1393 0
1394 1
1395 0
1396 1
1397 0
1398 2
1399 0
1400 0
1401 0
1402 1
1403 0
1404 1
1405 1
1406 1
1407 1
1408 1
1409 0
1410 0
1411 0
1412 0
1413 1
1414 0
1415 0
1416 1
1417 1
1418 1
1419 1
1420 0
1421 0
1422 0
1423 1
1424 0
1425 1
1426 1
1427 1
1428 0
1429 1
1430 0
1431 0
1432 0
1433 1
1434 0
1435 1
1436 0
1437 0
1438 0
1439 1
1440 0
1441 1
1442 0
1443 1
1444 0
1445 1
1446 0
1447 0
1448 0
1449 1
1450 0
1451 0
1452 1
1453 0
1454 0
1455 1
1456 1
1457 0
1458 0
1459 0
1460 1
1461 1
1462 1
1463 0
1464 0
1465 1
1466 0
1467 1
1468 0
1469 1
1470 1
1471 0
1472 0
1473 0
1474 1
1475 0
1476 0
1477 0
1478 0
1479 0
1480 0
1481 0
1482 0
1483 0
1484 1
1485 1
1486 0
1487 1
1488 0
1489 1
1490 1
1491 1
1492 1
1493 1
1494 1
1495 1
1496 1
1497 0
1498 1
1499 2
1500 0
1501 0
1502 1
1503 1
1504 1
1505 1
1506 1
1507 1
1508 1
1509 0
1510 1
1511 1
1512 1
1513 0
1514 0
1515 1
1516 2
1517 1
1518 1
1519 0
1520 0
1521 0
1522 1
1523 1
1524 1
1525 1
1526 0
1527 1
1528 1
1529 1
1530 1
1531 1
1532 1
1533 1
1534 1
1535 0
1536 1
1537 1
1538 0
1539 0
1540 0
1541 0
1542 1
1543 0
1544 0
1545 1
1546 0
1547 1
1548 1
1549 1
1550 1
1551 1
1552 0
1553 1
1554 1
1555 1
1556 1
1557 1
1558 1
1559 0
1560 0
1561 0
1562 1
1563 0
1564 0
1565 1
1566 1
1567 0
1568 0
1569 1
1570 0
1571 1
1572 0
1573 0
1574 0
1575 1
1576 1
1577 0
1578 1
1579 0
1580 0
1581 1
1582 1
1583 1
1584 1
1585 0
1586 0
1587 1
1588 1
1589 1
1590 1
1591 0
1592 1
1593 1
1594 1
1595 0
1596 0
1597 1
1598 1
1599 1
1600 1
1601 0
1602 0
1603 1
1604 0
1605 1
1606 0
1607 1
1608 1
1609 1
1610 1
1611 1
1612 0
1613 1
1614 1
1615 1
1616 1
1617 0
1618 0
1619 0
1620 1
1621 1
1622 1
1623 1
1624 1
1625 1
1626 0
1627 1
1628 1
1629 1
1630 1
1631 0
1632 1
1633 0
1634 0
1635 0
1636 0
1637 0
1638 0
1639 0
1640 1
1641 1
1642 1
1643 1
1644 1
1645 1
1646 0
1647 1
1648 1
1649 0
1650 1
1651 0
1652 1
1653 1
1654 1
1655 1
1656 0
1657 1
1658 0
1659 0
1660 1
1661 0
1662 1
1663 1
1664 1
1665 1
1666 1
1667 1
1668 1
1669 0
1670 1
1671 1
1672 1
1673 0
1674 1
1675 0
1676 0
1677 1
1678 1
1679 1
1680 0
1681 1
1682 1
1683 1
1684 1
1685 0
1686 0
1687 0
1688 0
1689 1
1690 1
1691 0
1692 1
1693 1
1694 0
1695 0
1696 1
1697 1
1698 0
1699 0
1700 1
1701 1
1702 1
1703 0
1704 1
1705 0
1706 1
1707 1
1708 0
1709 1
1710 1
1711 0
1712 1
1713 1
1714 1
1715 0
1716 1
1717 1
1718 0
1719 1
1720 1
1721 1
1722 2
1723 1
1724 0
1725 0
1726 1
1727 1
1728 0
1729 0
1730 0
1731 1
1732 1
1733 1
1734 0
1735 1
1736 1
1737 0
1738 1
1739 1
1740 1
1741 1
1742 1
1743 0
1744 1
1745 0
1746 0
1747 1
1748 0
1749 1
1750 1
1751 0
1752 1
1753 0
1754 1
1755 0
1756 0
1757 0
1758 1
1759 1
1760 1
1761 0
1762 1
1763 1
1764 0
1765 0
1766 1
1767 1
1768 1
1769 0
1770 0
1771 0
1772 1
1773 0
1774 1
1775 0
1776 0
1777 0
1778 1
1779 1
1780 0
1781 1
1782 1
1783 1
1784 1
1785 0
1786 1
1787 1
1788 0
1789 0
1790 0
1791 1
1792 0
1793 1
1794 1
1795 0
1796 1
1797 1
1798 0
1799 1
1800 0
1801 2
1802 0
1803 1
1804 0
1805 0
1806 1
1807 1
1808 1
1809 0
1810 1
1811 1
1812 1
1813 1
1814 0
1815 1
1816 0
1817 0
1818 0
1819 0
1820 1
1821 0
1822 1
1823 1
1824 0
1825 1
1826 1
1827 1
1828 0
1829 0
1830 1
1831 0
1832 1
1833 0
1834 1
1835 1
1836 1
1837 2
1838 1
1839 0
1840 0
1841 1
1842 0
1843 1
1844 1
1845 0
1846 1
1847 1
1848 1
1849 1
1850 1
1851 1
1852 0
1853 1
1854 0
1855 0
1856 0
1857 0
1858 0
1859 0
1860 0
1861 1
1862 1
1863 1
1864 0
1865 1
1866 1
1867 1
1868 0
1869 0
1870 1
1871 1
1872 1
1873 0
1874 0
1875 1
1876 0
1877 1
1878 0
1879 1
1880 1
1881 1
1882 0
1883 1
1884 1
1885 1
1886 1
1887 1
1888 1
1889 1
1890 1
1891 0
1892 0
1893 0
1894 1
1895 1
1896 1
1897 1
1898 0
1899 1
1900 0
1901 0
1902 0
1903 0
1904 1
1905 0
1906 1
1907 1
1908 0
1909 0
1910 0
1911 1
1912 0
1913 0
1914 1
1915 1
1916 0
1917 1
1918 0
1919 1
1920 1
1921 1
1922 1
1923 1
1924 1
1925 0
1926 0
1927 1
1928 1
1929 0
1930 1
1931 0
1932 0
1933 1
1934 0
1935 1
1936 1
1937 0
1938 1
1939 1
1940 1
1941 0
1942 0
1943 1
1944 1
1945 0
1946 0
1947 0
1948 1
1949 0
1950 1
1951 1
1952 1
1953 1
1954 1
1955 1
1956 1
1957 1
1958 0
1959 1
1960 1
1961 1
1962 2
1963 0
1964 0
1965 1
1966 1
1967 0
1968 1
1969 1
1970 1
1971 0
1972 1
1973 0
1974 1
1975 1
1976 1
1977 0
1978 0
1979 1
1980 0
1981 0
1982 1
1983 1
1984 1
1985 0
1986 1
1987 1
1988 1
1989 1
1990 1
1991 0
1992 0
1993 1
1994 0
1995 1
1996 0
1997 0
1998 0
1999 0
