0 0
1 0
2 0
3 0
4 0
5 0
6 0
7 1
8 0
9 0
10 0
11 0
12 0
13 1
14 0
15 0
16 0
17 0
18 0
19 0
20 0
21 0
22 0
23 0
24 0
25 0
26 0
27 0
28 0
29 1
30 0
31 2
32 2
33 1
34 0
35 1
36 1
37 1
38 0
39 2
40 0
41 1
42 1
43 1
44 0
45 1
46 0
47 1
48 0
49 0
50 0
51 1
52 0
53 0
54 1
55 1
56 0
57 0
58 1
59 0
60 0
61 2
62 2
63 1
64 1
65 0
66 0
67 0
68 0
69 0
70 0
71 0
72 0
73 0
74 1
75 2
76 0
77 2
78 0
79 1
80 1
81 0
82 0
83 1
84 1
85 0
86 0
87 0
88 1
89 0
90 0
91 0
92 0
93 0
94 0
95 0
96 0
97 0
98 0
99 0
100 0
101 0
102 0
103 0
104 0
105 0
106 0
107 0
108 0
109 0
110 0
111 0
112 0
113 0
114 0
115 0
116 0
117 0
118 0
119 0
120 0
121 1
122 0
123 0
124 0
125 0
126 0
127 0
128 0
129 0
130 1
131 0
132 0
133 0
134 0
135 0
136 0
137 1
138 0
139 0
140 0
141 0
142 0
143 0
144 0
145 0
146 0
147 0
148 0
149 0
150 0
151 0
152 0
153 0
154 0
155 0
156 0
157 1
158 0
159 1
160 1
161 1
162 2
163 0
164 0
165 0
166 0
167 0
168 0
169 0
170 0
171 0
172 1
173 0
174 0
175 0
176 0
177 1
178 1
179 0
180 1
181 0
182 0
183 0
184 0
185 1
186 1
187 0
188 0
189 1
190 1
191 0
192 1
193 1
194 0
195 0
196 0
197 1
198 0
199 1
200 0
201 0
202 0
203 0
204 0
205 0
206 1
207 0
208 0
209 0
210 1
211 0
212 0
213 0
214 0
215 0
216 0
217 0
218 0
219 0
220 0
221 1
222 0
223 0
224 0
225 0
226 0
227 1
228 0
229 0
230 0
231 0
232 0
233 0
234 0
235 0
236 0
237 0
238 0
239 0
240 1
241 0
242 1
243 0
244 1
245 1
246 1
247 1
248 0
249 0
250 1
251 0
252 0
253 0
254 0
255 0
256 1
257 1
258 1
259 1
260 0
261 1
262 1
263 0
264 1
265 1
266 1
267 1
268 0
269 1
270 0
271 1
272 1
273 1
274 1
275 1
276 0
277 1
278 1
279 1
280 0
281 1
282 0
283 0
284 1
285 1
286 1
287 2
288 1
289 1
290 1
291 2
292 1
293 1
294 1
295 1
296 1
297 1
298 1
299 1
300 1
301 1
302 1
303 1
304 2
305 1
306 0
307 1
308 2
309 1
310 2
311 2
312 0
313 1
314 0
315 0
316 2
317 0
318 0
319 0
320 0
321 0
322 0
323 0
324 0
325 0
326 0
327 0
328 1
329 0
330 0
331 0
332 0
333 0
334 0
335 0
336 0
337 0
338 0
339 0
340 1
341 1
342 1
343 1
344 1
345 0
346 1
347 1
348 1
349 1
350 1
351 1
352 0
353 1
354 1
355 0
356 1
357 1
358 1
359 0
360 1
361 0
362 1
363 1
364 0
365 0
366 0
367 0
368 0
369 0
370 0
371 0
372 0
373 0
374 0
375 0
376 0
377 0
378 0
379 1
380 0
381 0
382 1
383 1
384 0
385 2
386 0
387 0
388 1
389 1
390 1
391 1
392 1
393 1
394 1
395 1
396 1
397 1
398 2
399 1
400 1
401 1
402 1
403 1
404 1
405 1
406 1
407 1
408 0
409 1
410 1
411 1
412 1
413 1
414 1
415 0
416 1
417 1
418 1
419 1
420 1
421 1
422 1
423 1
424 1
425 0
426 1
427 0
428 1
429 1
430 1
431 1
432 1
433 1
434 1
435 1
436 1
437 1
438 1
439 1
440 1
441 1
442 0
443 1
444 1
445 1
446 1
447 1
448 1
449 1
450 1
451 1
452 1
453 1
454 1
455 1
456 0
457 0
458 1
459 1
460 1
461 1
462 1
463 1
464 1
465 1
466 1
467 1
468 1
469 1
470 1
471 0
472 1
473 1
474 0
475 1
476 1
477 1
478 1
479 1
480 2
481 2
482 1
483 1
484 2
485 1
486 1
487 0
488 1
489 1
490 1
491 1
492 1
493 1
494 1
495 0
496 0
497 0
498 0
499 0
500 0
501 0
502 1
503 2
504 0
505 0
506 0
507 1
508 1
509 1
510 1
511 1
512 1
513 1
514 1
515 1
516 1
517 0
518 2
519 1
520 1
521 1
522 1
523 1
524 1
525 0
526 1
527 0
528 1
529 2
530 1
531 1
532 1
533 1
534 1
535 1
536 1
537 1
538 1
539 1
540 1
541 1
542 1
543 1
544 0
545 0
546 1
547 1
548 1
549 1
550 1
551 1
552 1
553 1
554 1
555 1
556 1
557 2
558 0
559 3
560 1
561 1
562 1
563 0
564 0
565 0
566 1
567 0
568 0
569 0
570 0
571 0
572 0
573 0
574 0
575 0
576 0
577 0
578 0
579 0
580 0
581 0
582 0
583 0
584 0
585 0
586 0
587 0
588 0
589 0
590 0
591 0
592 0
593 0
594 0
595 0
596 0
597 0
598 0
599 0
600 0
601 0
602 0
603 0
604 0
605 0
606 0
607 0
608 0
609 0
610 0
611 0
612 0
613 0
614 0
615 0
616 0
617 0
618 0
619 0
620 0
621 0
622 0
623 0
624 0
625 0
626 0
627 0
628 0
629 0
630 0
631 0
632 0
633 0
634 0
635 0
636 0
637 0
638 0
639 0
640 0
641 0
642 0
643 0
644 0
645 0
646 0
647 0
648 1
649 1
650 1
651 1
652 1
653 1
654 1
655 0
656 1
657 1
658 1
659 1
660 1
661 1
662 1
663 0
664 0
665 0
666 0
667 0
668 0
669 0
670 0
671 0
672 0
673 0
674 1
675 0
676 1
677 0
678 1
679 0
680 1
681 1
682 1
683 1
684 0
685 0
686 0
687 1
688 1
689 1
690 1
691 0
692 0
693 1
694 1
695 1
696 1
697 1
698 1
699 0
700 0
701 0
702 0
703 0
704 0
705 0
706 0
707 1
708 1
709 1
710 0
711 0
712 0
713 0
714 0
715 0
716 0
717 0
718 0
719 0
720 0
721 0
722 0
723 0
724 0
725 0
726 0
727 0
728 1
729 1
730 1
731 1
732 1
733 1
734 1
735 1
736 2
737 1
738 1
739 1
740 1
741 1
742 0
743 1
744 1
745 0
746 0
747 1
748 1
749 1
750 0
751 2
752 0
753 0
754 0
755 0
756 0
757 0
758 0
759 1
760 0
761 1
762 1
763 1
764 0
765 0
766 3
767 1
768 1
769 1
770 0
771 1
772 1
773 1
774 0
775 2
776 1
777 1
778 1
779 1
780 2
781 2
782 1
783 0
784 1
785 0
786 0
787 0
788 1
789 1
790 0
791 0
792 1
793 1
794 0
795 1
796 1
797 0
798 2
799 0
800 0
801 1
802 1
803 0
804 2
805 1
806 2
807 2
808 3
809 2
810 1
811 1
812 1
813 0
814 0
815 2
816 0
817 0
818 1
819 2
820 3
821 2
822 2
823 3
824 2
825 2
826 1
827 2
828 1
829 2
830 3
831 2
832 1
833 2
834 1
835 2
836 1
837 1
838 1
839 0
840 0
841 0
842 0
843 0
844 0
845 0
846 0
847 0
848 0
849 0
850 0
851 0
852 1
853 0
854 1
855 1
856 0
857 0
858 0
859 1
860 1
861 0
862 0
863 1
864 0
865 1
866 0
867 0
868 0
869 0
870 1
871 0
872 1
873 0
874 0
875 0
876 0
877 1
878 1
879 1
880 1
881 1
882 0
883 0
884 0
885 0
886 1
887 1
888 0
889 0
890 1
891 1
892 1
893 1
894 1
895 0
896 1
897 0
898 1
899 0
900 0
901 0
902 1
903 0
904 1
905 0
906 1
907 2
908 0
909 1
910 1
911 1
912 1
913 2
914 2
915 1
916 1
917 2
918 2
919 1
920 1
921 2
922 2
923 1
924 2
925 1
926 1
927 1
928 2
929 1
930 0
931 0
932 1
933 2
934 2
935 2
936 2
937 2
938 2
939 1
940 2
941 2
942 2
943 2
944 2
945 2
946 2
947 1
948 3
949 3
950 1
951 1
952 1
953 2
954 1
955 1
956 0
957 2
958 0
959 1
960 1
961 1
962 3
963 1
964 1
965 1
966 1
967 3
968 1
969 1
970 1
971 0
972 2
973 2
974 2
975 0
976 1
977 2
978 1
979 2
980 1
981 2
982 1
983 1
984 2
985 1
986 1
987 1
988 1
989 2
990 1
991 2
992 0
993 2
994 2
995 1
996 2
997 1
998 2
999 1
1000 1
1001 3
1002 2
1003 2
1004 2
1005 2
1006 0
1007 1
1008 1
1009 1
1010 2
1011 1
1012 2
1013 1
1014 1
1015 2
1016 1
1017 1
1018 2
1019 2
1020 2
1021 3
1022 2
1023 0
1024 2
1025 2
1026 2
1027 1
1028 2
1029 1
1030 2
1031 2
1032 3
1033 2
1034 3
1035 1
1036 2
1037 1
1038 3
1039 1
1040 2
1041 2
1042 3
1043 1
1044 3
1045 2
1046 2
1047 1
1048 1
1049 1
1050 2
1051 2
1052 2
1053 2
1054 2
1055 2
1056 3
1057 1
1058 1
1059 1
1060 3
1061 1
1062 2
1063 2
1064 1
1065 3
1066 1
1067 2
1068 1
1069 1
1070 1
1071 1
1072 1
1073 1
1074 1
1075 0
1076 1
1077 1
1078 1
1079 1
1080 2
1081 2
1082 1
1083 1
1084 1
1085 3
1086 1
1087 1
1088 1
1089 1
1090 1
1091 0
1092 1
1093 2
1094 2
1095 1
1096 1
1097 1
1098 0
1099 1
1100 1
1101 1
1102 1
1103 1
1104 1
1105 1
1106 1
1107 1
1108 1
1109 1
1110 1
1111 0
1112 1
1113 1
1114 1
1115 1
1116 1
1117 2
1118 2
1119 2
1120 0
1121 1
1122 2
1123 2
1124 1
1125 2
1126 1
1127 1
1128 1
1129 1
1130 2
1131 2
1132 2
1133 2
1134 1
1135 3
1136 1
1137 2
1138 2
1139 2
1140 2
1141 1
1142 1
1143 3
1144 1
1145 3
1146 2
1147 2
1148 1
1149 2
1150 1
1151 2
1152 1
1153 1
1154 0
1155 1
1156 1
1157 1
1158 1
1159 3
1160 1
1161 2
1162 1
1163 2
1164 1
1165 2
1166 2
1167 1
1168 1
1169 2
1170 3
1171 3
1172 2
1173 1
1174 1
1175 2
1176 3
1177 1
1178 1
1179 2
1180 1
1181 2
1182 1
1183 3
1184 1
1185 1
1186 1
1187 2
1188 1
1189 1
1190 1
1191 0
1192 1
1193 0
1194 1
1195 1
1196 1
1197 1
1198 1
1199 0
1200 1
1201 2
1202 2
1203 1
1204 1
1205 1
1206 0
1207 1
1208 0
1209 0
1210 1
1211 0
1212 0
1213 1
1214 1
1215 1
1216 1
1217 1
1218 1
1219 1
1220 0
1221 1
1222 0
1223 0
1224 1
1225 1
1226 1
1227 1
1228 1
1229 1
1230 0
1231 1
1232 2
1233 2
1234 1
1235 1
1236 2
1237 2
1238 3
1239 2
1240 2
1241 2
1242 1
1243 2
1244 1
1245 2
1246 0
1247 1
1248 1
1249 1
1250 1
1251 1
1252 1
1253 1
1254 1
1255 1
1256 1
1257 2
1258 1
1259 1
1260 1
1261 1
1262 3
1263 1
1264 1
1265 1
1266 1
1267 1
1268 1
1269 1
1270 1
1271 1
1272 1
1273 0
1274 1
1275 1
1276 1
1277 1
1278 1
1279 1
1280 1
1281 1
1282 2
1283 2
1284 2
1285 1
1286 1
1287 1
1288 1
1289 1
1290 1
1291 1
1292 1
1293 1
1294 1
1295 1
1296 1
1297 1
1298 1
1299 1
1300 1
1301 1
1302 1
1303 1
1304 1
1305 1
1306 1
1307 0
1308 2
1309 1
1310 1
1311 2
1312 1
1313 1
1314 1
1315 1
1316 1
1317 1
1318 1
1319 1
1320 2
1321 1
1322 0
1323 1
1324 1
1325 1
1326 1
1327 1
1328 0
1329 1
1330 0
1331 1
1332 1
1333 1
1334 1
1335 1
1336 1
1337 1
1338 1
1339 0
1340 0
1341 2
1342 0
1343 1
1344 1
1345 2
1346 1
1347 1
1348 1
1349 1
1350 3
1351 2
1352 2
1353 1
1354 1
1355 1
1356 1
1357 0
1358 0
1359 1
1360 1
1361 1
1362 1
1363 1
1364 1
1365 0
1366 2
1367 2
1368 1
1369 1
1370 1
1371 2
1372 0
1373 2
1374 2
1375 2
1376 2
1377 1
1378 2
1379 2
1380 1
1381 2
1382 4
1383 1
1384 2
1385 1
1386 3
1387 2
1388 2
1389 2
1390 1
1391 1
1392 0
1393 0
1394 1
1395 0
1396 0
1397 1
1398 0
1399 1
1400 1
1401 1
1402 0
1403 1
1404 0
1405 0
1406 0
1407 0
1408 0
1409 0
1410 1
1411 1
1412 3
1413 2
1414 2
1415 2
1416 2
1417 1
1418 3
1419 2
1420 1
1421 2
1422 2
1423 3
1424 2
1425 0
1426 2
1427 2
1428 2
1429 2
1430 1
1431 1
1432 0
1433 2
1434 1
1435 0
1436 1
1437 1
1438 1
1439 1
1440 1
1441 2
1442 1
1443 2
1444 2
1445 2
1446 2
1447 2
1448 1
1449 2
1450 1
1451 1
1452 1
1453 2
1454 2
1455 1
1456 2
1457 2
1458 4
1459 2
1460 2
1461 2
1462 3
1463 2
1464 2
1465 2
1466 2
1467 2
1468 3
1469 2
1470 0
1471 2
1472 1
1473 3
1474 2
1475 2
1476 2
1477 2
1478 2
1479 2
1480 2
1481 1
1482 3
1483 1
1484 1
1485 2
1486 2
1487 3
1488 2
1489 2
1490 2
1491 1
1492 2
1493 2
1494 2
1495 2
1496 2
1497 2
1498 2
1499 2
1500 2
1501 2
1502 2
1503 2
1504 2
1505 0
1506 1
1507 1
1508 1
1509 2
1510 2
1511 1
1512 0
1513 0
1514 1
1515 1
1516 0
1517 1
1518 0
1519 0
1520 0
1521 0
1522 0
1523 0
1524 0
1525 0
1526 0
1527 0
1528 0
1529 0
1530 0
1531 0
1532 0
1533 0
1534 0
1535 0
1536 0
1537 0
1538 0
1539 0
1540 0
1541 0
1542 0
1543 0
1544 0
1545 0
1546 0
1547 0
1548 0
1549 0
1550 0
1551 0
1552 0
1553 0
1554 0
1555 0
1556 0
1557 0
1558 0
1559 0
1560 0
1561 0
1562 0
1563 0
1564 0
1565 0
1566 0
1567 0
1568 0
1569 0
1570 0
1571 0
1572 0
1573 0
1574 0
1575 0
1576 0
1577 0
1578 0
1579 0
1580 0
1581 0
1582 0
1583 0
1584 0
1585 0
1586 0
1587 0
1588 0
1589 0
1590 0
1591 0
1592 0
1593 0
1594 0
1595 0
1596 0
1597 0
1598 0
1599 0
1600 0
1601 0
1602 0
1603 0
1604 0
1605 0
1606 0
1607 0
1608 0
1609 0
1610 0
1611 0
1612 0
1613 0
1614 0
1615 0
1616 0
1617 0
1618 0
1619 0
1620 0
1621 0
1622 0
1623 0
1624 0
1625 0
1626 0
1627 0
1628 0
1629 0
1630 0
1631 0
1632 0
1633 0
1634 0
1635 1
1636 0
1637 0
1638 0
1639 0
1640 0
1641 0
1642 0
1643 0
1644 0
1645 0
1646 0
1647 0
1648 0
1649 0
1650 0
1651 0
1652 0
1653 0
1654 0
1655 0
1656 0
1657 0
1658 0
1659 0
1660 0
1661 0
1662 1
1663 0
1664 0
1665 0
1666 0
1667 0
1668 2
1669 0
1670 0
1671 0
1672 3
1673 0
1674 0
1675 1
1676 0
1677 0
1678 0
1679 0
1680 1
1681 0
1682 0
1683 1
1684 2
1685 0
1686 0
1687 0
1688 0
1689 0
1690 0
1691 0
1692 0
1693 0
1694 0
1695 0
1696 0
1697 0
1698 0
1699 0
1700 0
1701 1
1702 0
1703 0
1704 0
1705 0
1706 0
1707 0
1708 1
1709 0
1710 0
1711 1
1712 0
1713 0
1714 0
1715 0
1716 0
1717 0
1718 0
1719 0
1720 0
1721 0
1722 0
1723 0
1724 0
1725 0
1726 0
1727 0
1728 0
1729 0
1730 0
1731 0
1732 0
1733 0
1734 0
1735 0
1736 0
1737 1
1738 0
1739 0
1740 0
1741 0
1742 0
1743 0
1744 0
1745 0
1746 1
1747 0
1748 0
1749 1
1750 0
1751 0
1752 0
1753 0
1754 0
1755 0
1756 0
1757 0
1758 0
1759 1
1760 1
1761 0
1762 1
1763 0
1764 0
1765 0
1766 0
1767 0
1768 0
1769 0
1770 0
1771 0
1772 0
1773 0
1774 0
1775 0
1776 1
1777 0
1778 0
1779 0
1780 0
1781 0
1782 0
1783 0
1784 0
1785 0
1786 0
1787 0
1788 0
1789 0
1790 0
1791 0
1792 0
1793 0
1794 0
1795 0
1796 0
1797 0
1798 0
1799 0
1800 0
1801 0
1802 0
1803 0
1804 0
1805 0
1806 0
1807 0
1808 0
1809 0
1810 0
1811 0
1812 0
1813 0
1814 0
1815 0
1816 0
1817 0
1818 0
1819 0
1820 0
1821 0
1822 0
1823 0
1824 0
1825 0
1826 0
1827 0
1828 0
1829 0
1830 0
1831 1
1832 1
1833 1
1834 1
1835 1
1836 1
1837 1
1838 1
1839 1
1840 1
1841 0
1842 0
1843 0
1844 1
1845 0
1846 0
1847 0
1848 0
1849 0
1850 0
1851 0
1852 0
1853 0
1854 0
1855 0
1856 0
1857 0
1858 0
1859 0
1860 0
1861 0
1862 0
1863 0
1864 0
1865 0
1866 0
1867 0
1868 0
1869 0
1870 0
1871 0
1872 0
1873 0
1874 0
1875 0
1876 0
1877 0
1878 0
1879 0
1880 0
1881 0
1882 0
1883 1
1884 1
1885 1
1886 1
1887 1
1888 1
1889 1
1890 1
1891 1
1892 1
1893 1
1894 1
1895 1
1896 1
1897 2
1898 1
1899 1
1900 1
1901 0
1902 1
1903 1
1904 1
1905 3
1906 1
1907 1
1908 0
1909 1
1910 1
1911 2
1912 1
1913 1
1914 1
1915 1
1916 1
1917 1
1918 1
1919 0
1920 0
1921 0
1922 0
1923 0
1924 0
1925 0
1926 0
1927 0
1928 0
1929 0
1930 0
1931 0
1932 0
1933 0
1934 0
1935 0
1936 0
1937 0
1938 0
1939 0
1940 0
1941 0
1942 0
1943 0
1944 0
1945 0
1946 0
1947 0
1948 0
1949 0
1950 0
1951 0
1952 0
1953 0
1954 0
1955 0
1956 0
1957 0
1958 0
1959 0
1960 0
1961 0
1962 0
1963 0
1964 0
1965 0
1966 0
1967 0
1968 0
1969 0
1970 0
1971 0
1972 0
1973 0
1974 0
1975 0
1976 0
1977 0
1978 1
1979 1
1980 1
1981 0
1982 0
1983 0
1984 0
1985 0
1986 0
1987 0
1988 0
1989 0
1990 0
1991 0
1992 0
1993 0
1994 0
1995 0
1996 0
1997 0
1998 0
1999 0
