0 2
1 2
2 2
3 0
4 2
5 2
6 1
7 1
8 0
9 2
10 1
11 1
12 1
13 1
14 1
15 1
16 0
17 1
18 1
19 2
20 0
21 1
22 2
23 2
24 2
25 1
26 3
27 2
28 2
29 0
30 1
31 2
32 0
33 3
34 1
35 1
36 0
37 1
38 1
39 2
40 2
41 1
42 1
43 2
44 2
45 2
46 1
47 2
48 1
49 0
50 0
51 1
52 1
53 1
54 0
55 2
56 2
57 1
58 1
59 0
60 1
61 2
62 2
63 1
64 0
65 1
66 2
67 3
68 1
69 0
70 0
71 1
72 1
73 2
74 2
75 1
76 1
77 2
78 1
79 2
80 2
81 1
82 0
83 0
84 0
85 0
86 1
87 3
88 0
89 0
90 1
91 0
92 2
93 1
94 1
95 1
96 1
97 0
98 0
99 0
100 1
101 2
102 0
103 1
104 1
105 0
106 2
107 3
108 0
109 2
110 0
111 0
112 0
113 1
114 2
115 1
116 1
117 0
118 1
119 1
120 1
121 0
122 2
123 0
124 2
125 2
126 1
127 1
128 1
129 1
130 0
131 1
132 0
133 0
134 1
135 1
136 2
137 2
138 1
139 0
140 2
141 0
142 1
143 2
144 0
145 1
146 0
147 1
148 1
149 0
150 1
151 2
152 1
153 1
154 1
155 1
156 0
157 0
158 0
159 1
160 1
161 2
162 2
163 0
164 1
165 1
166 0
167 0
168 2
169 1
170 0
171 1
172 1
173 2
174 1
175 2
176 1
177 1
178 0
179 1
180 1
181 1
182 0
183 1
184 0
185 1
186 2
187 0
188 0
189 1
190 2
191 2
192 1
193 1
194 1
195 1
196 1
197 3
198 1
199 1
200 1
201 0
202 1
203 0
204 1
205 0
206 2
207 1
208 1
209 1
210 2
211 1
212 0
213 1
214 1
215 0
216 0
217 1
218 1
219 1
220 0
221 1
222 1
223 0
224 1
225 0
226 1
227 0
228 0
229 1
230 1
231 0
232 0
233 2
234 0
235 1
236 1
237 1
238 1
239 1
240 1
241 1
242 1
243 1
244 0
245 1
246 0
247 1
248 2
249 2
250 0
251 1
252 0
253 0
254 2
255 0
256 2
257 1
258 1
259 1
260 1
261 1
262 1
263 0
264 1
265 0
266 0
267 1
268 1
269 1
270 0
271 1
272 0
273 0
274 0
275 0
276 0
277 0
278 1
279 0
280 0
281 0
282 1
283 0
284 0
285 0
286 0
287 0
288 0
289 0
290 0
291 1
292 2
293 0
294 3
295 1
296 1
297 2
298 1
299 1
300 1
301 1
302 0
303 2
304 0
305 1
306 1
307 1
308 0
309 1
310 1
311 1
312 1
313 0
314 0
315 1
316 0
317 1
318 1
319 1
320 0
321 0
322 1
323 0
324 0
325 1
326 1
327 0
328 1
329 1
330 1
331 1
332 1
333 1
334 1
335 1
336 2
337 0
338 1
339 2
340 1
341 1
342 0
343 1
344 1
345 1
346 2
347 1
348 0
349 1
350 0
351 2
352 2
353 1
354 1
355 0
356 0
357 0
358 1
359 1
360 1
361 0
362 1
363 2
364 2
365 1
366 2
367 1
368 1
369 0
370 0
371 0
372 1
373 0
374 2
375 1
376 1
377 0
378 1
379 1
380 2
381 0
382 1
383 1
384 1
385 0
386 0
387 1
388 1
389 0
390 1
391 1
392 1
393 1
394 0
395 1
396 1
397 0
398 0
399 1
400 0
401 2
402 1
403 0
404 0
405 2
406 1
407 0
408 0
409 2
410 0
411 1
412 0
413 1
414 3
415 1
416 0
417 0
418 0
419 3
420 0
421 1
422 1
423 2
424 1
425 0
426 1
427 1
428 0
429 0
430 2
431 2
432 0
433 0
434 2
435 0
436 1
437 1
438 1
439 0
440 0
441 1
442 2
443 0
444 1
445 1
446 1
447 1
448 1
449 1
450 1
451 0
452 0
453 0
454 1
455 0
456 0
457 0
458 0
459 0
460 3
461 3
462 2
463 1
464 2
465 1
466 2
467 3
468 3
469 3
470 2
471 2
472 1
473 1
474 3
475 3
476 2
477 1
478 2
479 2
480 2
481 2
482 2
483 1
484 2
485 3
486 2
487 1
488 2
489 2
490 2
491 1
492 1
493 0
494 0
495 1
496 2
497 2
498 1
499 0
500 0
501 0
502 0
503 1
504 1
505 1
506 1
507 1
508 0
509 0
510 0
511 0
512 0
513 0
514 0
515 0
516 0
517 1
518 1
519 0
520 1
521 0
522 0
523 0
524 0
525 1
526 0
527 0
528 0
529 0
530 1
531 0
532 0
533 1
534 2
535 1
536 1
537 0
538 0
539 2
540 2
541 0
542 0
543 0
544 1
545 1
546 0
547 0
548 1
549 1
550 1
551 0
552 1
553 0
554 0
555 1
556 1
557 0
558 0
559 0
560 1
561 0
562 0
563 0
564 0
565 0
566 0
567 0
568 0
569 0
570 1
571 0
572 0
573 0
574 0
575 0
576 0
577 0
578 0
579 1
580 0
581 2
582 0
583 0
584 2
585 1
586 0
587 1
588 0
589 1
590 0
591 1
592 0
593 1
594 1
595 0
596 0
597 0
598 0
599 0
600 0
601 0
602 1
603 0
604 0
605 1
606 0
607 0
608 0
609 0
610 0
611 1
612 1
613 0
614 1
615 0
616 1
617 0
618 0
619 1
620 0
621 0
622 0
623 0
624 0
625 0
626 1
627 1
628 1
629 1
630 0
631 1
632 1
633 0
634 0
635 1
636 0
637 0
638 0
639 1
640 0
641 0
642 0
643 0
644 1
645 2
646 0
647 1
648 0
649 1
650 1
651 0
652 1
653 1
654 1
655 1
656 1
657 0
658 1
659 0
660 1
661 0
662 0
663 0
664 0
665 1
666 1
667 1
668 1
669 1
670 1
671 0
672 1
673 0
674 2
675 1
676 0
677 0
678 1
679 0
680 0
681 0
682 2
683 1
684 1
685 1
686 1
687 2
688 1
689 0
690 0
691 0
692 0
693 0
694 0
695 0
696 0
697 0
698 0
699 0
700 1
701 0
702 0
703 1
704 1
705 1
706 0
707 1
708 1
709 0
710 1
711 1
712 0
713 1
714 1
715 1
716 1
717 1
718 1
719 0
720 1
721 1
722 2
723 1
724 1
725 1
726 1
727 1
728 1
729 0
730 1
731 1
732 1
733 1
734 1
735 1
736 1
737 1
738 1
739 1
740 1
741 1
742 1
743 1
744 1
745 0
746 1
747 1
748 0
749 0
750 0
751 0
752 1
753 1
754 1
755 1
756 1
757 1
758 1
759 1
760 1
761 1
762 1
763 1
764 2
765 2
766 0
767 1
768 2
769 1
770 1
771 1
772 1
773 1
774 0
775 1
776 1
777 2
778 1
779 1
780 2
781 1
782 2
783 0
784 0
785 0
786 0
787 0
788 0
789 1
790 0
791 0
792 0
793 1
794 0
795 0
796 0
797 1
798 1
799 1
800 3
801 1
802 1
803 1
804 1
805 1
806 1
807 0
808 0
809 1
810 2
811 1
812 1
813 1
814 1
815 1
816 1
817 1
818 1
819 1
820 1
821 1
822 1
823 1
824 1
825 1
826 1
827 1
828 1
829 0
830 1
831 1
832 1
833 1
834 1
835 1
836 0
837 1
838 1
839 1
840 1
841 1
842 2
843 1
844 1
845 1
846 1
847 1
848 0
849 1
850 1
851 1
852 0
853 1
854 1
855 1
856 1
857 1
858 1
859 1
860 0
861 2
862 1
863 1
864 1
865 0
866 1
867 1
868 1
869 1
870 2
871 1
872 1
873 1
874 1
875 1
876 1
877 1
878 2
879 2
880 1
881 1
882 1
883 1
884 1
885 1
886 1
887 1
888 1
889 1
890 1
891 1
892 1
893 1
894 2
895 1
896 1
897 2
898 1
899 1
900 0
901 1
902 1
903 1
904 1
905 1
906 1
907 1
908 1
909 1
910 1
911 1
912 1
913 1
914 1
915 1
916 1
917 1
918 1
919 1
920 0
921 1
922 1
923 1
924 2
925 1
926 1
927 2
928 2
929 1
930 1
931 1
932 1
933 1
934 1
935 2
936 0
937 1
938 1
939 1
940 1
941 1
942 1
943 2
944 1
945 0
946 1
947 1
948 0
949 1
950 1
951 2
952 0
953 2
954 1
955 1
956 1
957 1
958 1
959 1
960 1
961 1
962 1
963 2
964 1
965 0
966 2
967 1
968 1
969 1
970 2
971 2
972 1
973 1
974 1
975 1
976 1
977 2
978 1
979 1
980 1
981 1
982 1
983 1
984 1
985 0
986 1
987 1
988 1
989 1
990 1
991 1
992 1
993 2
994 1
995 1
996 1
997 0
998 1
999 1
1000 1
1001 1
1002 1
1003 0
1004 1
1005 1
1006 2
1007 1
1008 1
1009 1
1010 1
1011 1
1012 1
1013 1
1014 1
1015 1
1016 2
1017 1
1018 1
1019 1
1020 1
1021 1
1022 1
1023 1
1024 1
1025 1
1026 1
1027 1
1028 1
1029 2
1030 1
1031 1
1032 1
1033 1
1034 2
1035 1
1036 1
1037 1
1038 1
1039 1
1040 1
1041 2
1042 0
1043 1
1044 1
1045 1
1046 0
1047 1
1048 1
1049 1
1050 3
1051 3
1052 2
1053 1
1054 1
1055 1
1056 2
1057 2
1058 1
1059 1
1060 1
1061 1
1062 3
1063 1
1064 1
1065 1
1066 1
1067 0
1068 1
1069 1
1070 2
1071 1
1072 1
1073 1
1074 0
1075 1
1076 1
1077 1
1078 1
1079 1
1080 1
1081 1
1082 1
1083 1
1084 1
1085 1
1086 1
1087 1
1088 1
1089 1
1090 1
1091 1
1092 1
1093 1
1094 0
1095 1
1096 1
1097 0
1098 1
1099 1
1100 1
1101 1
1102 1
1103 1
1104 0
1105 1
1106 0
1107 1
1108 1
1109 1
1110 1
1111 1
1112 1
1113 2
1114 1
1115 1
1116 1
1117 0
1118 0
1119 0
1120 1
1121 1
1122 1
1123 0
1124 0
1125 0
1126 0
1127 1
1128 1
1129 1
1130 1
1131 0
1132 1
1133 1
1134 1
1135 1
1136 0
1137 1
1138 1
1139 0
1140 0
1141 0
1142 1
1143 0
1144 0
1145 0
1146 0
1147 1
1148 1
1149 1
1150 1
1151 1
1152 0
1153 0
1154 1
1155 0
1156 2
1157 0
1158 0
1159 1
1160 2
1161 2
1162 1
1163 1
1164 0
1165 2
1166 0
1167 1
1168 1
1169 1
1170 1
1171 1
1172 1
1173 1
1174 1
1175 2
1176 1
1177 0
1178 1
1179 0
1180 0
1181 1
1182 2
1183 1
1184 1
1185 0
1186 0
1187 1
1188 1
1189 1
1190 0
1191 2
1192 0
1193 2
1194 1
1195 0
1196 1
1197 1
1198 0
1199 0
1200 2
1201 1
1202 0
1203 2
1204 1
1205 1
1206 1
1207 1
1208 1
1209 1
1210 1
1211 2
1212 1
1213 2
1214 0
1215 1
1216 1
1217 2
1218 0
1219 1
1220 1
1221 1
1222 1
1223 1
1224 2
1225 2
1226 1
1227 1
1228 1
1229 1
1230 1
1231 1
1232 1
1233 1
1234 1
1235 2
1236 1
1237 1
1238 1
1239 1
1240 1
1241 3
1242 0
1243 1
1244 0
1245 0
1246 1
1247 1
1248 1
1249 1
1250 1
1251 0
1252 2
1253 1
1254 1
1255 0
1256 0
1257 0
1258 0
1259 0
1260 0
1261 1
1262 0
1263 0
1264 1
1265 0
1266 2
1267 1
1268 0
1269 1
1270 0
1271 0
1272 1
1273 0
1274 0
1275 0
1276 0
1277 0
1278 0
1279 0
1280 1
1281 0
1282 0
1283 0
1284 0
1285 0
1286 0
1287 0
1288 1
1289 0
1290 0
1291 0
1292 0
1293 0
1294 0
1295 1
1296 1
1297 0
1298 1
1299 0
1300 0
1301 1
1302 0
1303 0
1304 1
1305 1
1306 0
1307 2
1308 1
1309 1
1310 1
1311 1
1312 1
1313 0
1314 2
1315 1
1316 1
1317 2
1318 3
1319 1
1320 3
1321 2
1322 2
1323 3
1324 2
1325 1
1326 1
1327 2
1328 1
1329 1
1330 0
1331 2
1332 1
1333 2
1334 0
1335 2
1336 3
1337 0
1338 0
1339 2
1340 1
1341 0
1342 2
1343 2
1344 1
1345 2
1346 2
1347 3
1348 3
1349 0
1350 0
1351 2
1352 0
1353 1
1354 0
1355 1
1356 1
1357 3
1358 1
1359 0
1360 2
1361 0
1362 2
1363 2
1364 1
1365 2
1366 1
1367 0
1368 3
1369 2
1370 2
1371 3
1372 3
1373 2
1374 1
1375 2
1376 2
1377 0
1378 2
1379 1
1380 2
1381 1
1382 1
1383 0
1384 1
1385 0
1386 2
1387 0
1388 3
1389 1
1390 2
1391 0
1392 1
1393 2
1394 1
1395 1
1396 0
1397 1
1398 1
1399 0
1400 1
1401 0
1402 1
1403 1
1404 0
1405 0
1406 0
1407 1
1408 0
1409 3
1410 1
1411 1
1412 1
1413 2
1414 1
1415 1
1416 1
1417 1
1418 0
1419 2
1420 1
1421 0
1422 0
1423 0
1424 3
1425 1
1426 1
1427 2
1428 0
1429 1
1430 1
1431 1
1432 1
1433 1
1434 1
1435 1
1436 0
1437 1
1438 1
1439 1
1440 1
1441 2
1442 0
1443 2
1444 1
1445 1
1446 4
1447 0
1448 3
1449 1
1450 2
1451 2
1452 1
1453 1
1454 2
1455 1
1456 1
1457 2
1458 0
1459 1
1460 0
1461 2
1462 1
1463 1
1464 2
1465 0
1466 1
1467 3
1468 2
1469 2
1470 2
1471 0
1472 1
1473 2
1474 1
1475 3
1476 1
1477 2
1478 0
1479 1
1480 2
1481 2
1482 3
1483 1
1484 3
1485 1
1486 1
1487 1
1488 1
1489 1
1490 2
1491 2
1492 0
1493 2
1494 1
1495 1
1496 1
1497 1
1498 1
1499 1
1500 2
1501 3
1502 0
1503 1
1504 4
1505 0
1506 3
1507 1
1508 3
1509 1
1510 1
1511 0
1512 2
1513 1
1514 1
1515 2
1516 0
1517 2
1518 3
1519 3
1520 0
1521 1
1522 1
1523 0
1524 1
1525 2
1526 2
1527 0
1528 1
1529 4
1530 1
1531 3
1532 2
1533 2
1534 1
1535 0
1536 1
1537 3
1538 1
1539 2
1540 0
1541 1
1542 0
1543 0
1544 2
1545 1
1546 0
1547 1
1548 0
1549 1
1550 0
1551 0
1552 0
1553 0
1554 1
1555 0
1556 0
1557 0
1558 1
1559 0
1560 0
1561 0
1562 0
1563 1
1564 2
1565 2
1566 1
1567 3
1568 2
1569 1
1570 1
1571 2
1572 1
1573 2
1574 1
1575 3
1576 1
1577 1
1578 1
1579 1
1580 1
1581 1
1582 0
1583 2
1584 1
1585 1
1586 1
1587 1
1588 2
1589 2
1590 1
1591 1
1592 1
1593 1
1594 1
1595 0
1596 3
1597 1
1598 0
1599 1
1600 1
1601 1
1602 1
1603 1
1604 1
1605 3
1606 0
1607 1
1608 1
1609 2
1610 1
1611 2
1612 1
1613 1
1614 1
1615 1
1616 1
1617 1
1618 1
1619 0
1620 1
1621 1
1622 1
1623 0
1624 1
1625 1
1626 2
1627 1
1628 1
1629 1
1630 1
1631 1
1632 1
1633 1
1634 1
1635 1
1636 1
1637 0
1638 1
1639 1
1640 1
1641 3
1642 0
1643 1
1644 1
1645 1
1646 1
1647 1
1648 1
1649 1
1650 1
1651 1
1652 1
1653 2
1654 1
1655 0
1656 1
1657 1
1658 1
1659 1
1660 1
1661 1
1662 1
1663 1
1664 1
1665 4
1666 2
1667 1
1668 3
1669 0
1670 1
1671 1
1672 1
1673 1
1674 1
1675 1
1676 2
1677 0
1678 2
1679 1
1680 0
1681 2
1682 1
1683 1
1684 1
1685 1
1686 1
1687 1
1688 0
1689 1
1690 1
1691 1
1692 0
1693 1
1694 2
1695 2
1696 0
1697 1
1698 0
1699 2
1700 1
1701 1
1702 1
1703 1
1704 1
1705 2
1706 1
1707 1
1708 0
1709 1
1710 0
1711 0
1712 1
1713 1
1714 0
1715 0
1716 1
1717 0
1718 0
1719 0
1720 0
1721 0
1722 0
1723 0
1724 0
1725 0
1726 1
1727 1
1728 1
1729 1
1730 1
1731 1
1732 1
1733 1
1734 1
1735 0
1736 1
1737 0
1738 0
1739 2
1740 1
1741 1
1742 1
1743 2
1744 1
1745 1
1746 1
1747 1
1748 1
1749 1
1750 1
1751 0
1752 1
1753 1
1754 1
1755 1
1756 1
1757 2
1758 3
1759 2
1760 1
1761 1
1762 1
1763 1
1764 1
1765 0
1766 0
1767 1
1768 1
1769 1
1770 1
1771 2
1772 1
1773 1
1774 2
1775 1
1776 1
1777 0
1778 1
1779 2
1780 1
1781 1
1782 1
1783 0
1784 1
1785 1
1786 0
1787 1
1788 2
1789 1
1790 1
1791 1
1792 1
1793 1
1794 2
1795 0
1796 0
1797 0
1798 0
1799 0
1800 0
1801 0
1802 1
1803 1
1804 1
1805 0
1806 2
1807 1
1808 1
1809 1
1810 1
1811 1
1812 1
1813 2
1814 0
1815 1
1816 1
1817 0
1818 1
1819 1
1820 0
1821 2
1822 2
1823 1
1824 1
1825 0
1826 1
1827 1
1828 1
1829 1
1830 2
1831 2
1832 0
1833 0
1834 0
1835 0
1836 1
1837 0
1838 1
1839 1
1840 2
1841 1
1842 1
1843 2
1844 1
1845 2
1846 1
1847 1
1848 3
1849 1
1850 1
1851 1
1852 0
1853 3
1854 1
1855 1
1856 1
1857 0
1858 1
1859 1
1860 2
1861 1
1862 3
1863 1
1864 1
1865 1
1866 1
1867 1
1868 0
1869 1
1870 2
1871 1
1872 0
1873 1
1874 1
1875 1
1876 2
1877 1
1878 2
1879 1
1880 2
1881 1
1882 1
1883 1
1884 1
1885 1
1886 1
1887 0
1888 1
1889 1
1890 1
1891 0
1892 0
1893 2
1894 1
1895 1
1896 1
1897 1
1898 1
1899 1
1900 1
1901 1
1902 1
1903 1
1904 3
1905 1
1906 1
1907 1
1908 1
1909 3
1910 0
1911 0
1912 0
1913 2
1914 0
1915 1
1916 1
1917 1
1918 1
1919 1
1920 0
1921 0
1922 0
1923 0
1924 0
1925 0
1926 0
1927 0
1928 1
1929 0
1930 1
1931 1
1932 0
1933 1
1934 2
1935 2
1936 1
1937 1
1938 1
1939 3
1940 1
1941 2
1942 2
1943 1
1944 2
1945 3
1946 2
1947 1
1948 1
1949 1
1950 1
1951 1
1952 1
1953 3
1954 1
1955 0
1956 2
1957 1
1958 0
1959 2
1960 1
1961 1
1962 2
1963 1
1964 2
1965 1
1966 2
1967 2
1968 2
1969 1
1970 1
1971 2
1972 1
1973 0
1974 0
1975 0
1976 1
1977 0
1978 1
1979 0
1980 0
1981 0
1982 0
1983 0
1984 0
1985 1
1986 1
1987 1
1988 1
1989 2
1990 0
1991 1
1992 2
1993 1
1994 0
1995 1
1996 1
1997 1
1998 1
1999 1
