0 1
1 2
2 0
3 2
4 2
5 2
6 3
7 1
8 2
9 2
10 1
11 1
12 0
13 1
14 1
15 1
16 1
17 1
18 0
19 0
20 1
21 1
22 1
23 1
24 0
25 0
26 0
27 1
28 1
29 1
30 0
31 1
32 0
33 1
34 0
35 0
36 0
37 0
38 0
39 0
40 0
41 0
42 0
43 0
44 0
45 0
46 0
47 0
48 0
49 0
50 0
51 0
52 0
53 0
54 0
55 0
56 0
57 0
58 0
59 0
60 0
61 0
62 0
63 0
64 0
65 0
66 0
67 0
68 0
69 0
70 0
71 0
72 0
73 0
74 0
75 0
76 0
77 0
78 0
79 0
80 0
81 0
82 0
83 0
84 0
85 0
86 0
87 0
88 0
89 0
90 0
91 0
92 0
93 0
94 0
95 0
96 0
97 0
98 0
99 0
100 0
101 0
102 0
103 0
104 0
105 0
106 0
107 0
108 0
109 0
110 0
111 0
112 0
113 0
114 0
115 0
116 0
117 1
118 2
119 0
120 1
121 1
122 1
123 0
124 0
125 0
126 0
127 1
128 2
129 1
130 2
131 1
132 0
133 0
134 1
135 1
136 0
137 2
138 0
139 1
140 2
141 1
142 1
143 1
144 2
145 0
146 1
147 1
148 0
149 1
150 1
151 2
152 1
153 1
154 1
155 1
156 0
157 1
158 1
159 2
160 1
161 1
162 0
163 1
164 1
165 1
166 1
167 0
168 1
169 0
170 1
171 1
172 1
173 1
174 1
175 1
176 1
177 2
178 1
179 0
180 1
181 0
182 0
183 0
184 1
185 2
186 0
187 0
188 0
189 0
190 0
191 0
192 1
193 2
194 1
195 0
196 0
197 2
198 0
199 0
200 1
201 0
202 0
203 0
204 1
205 0
206 0
207 0
208 1
209 2
210 1
211 1
212 0
213 0
214 1
215 1
216 2
217 2
218 1
219 1
220 2
221 0
222 1
223 0
224 1
225 0
226 0
227 0
228 0
229 0
230 0
231 0
232 0
233 0
234 1
235 0
236 0
237 0
238 0
239 0
240 0
241 0
242 1
243 0
244 1
245 1
246 1
247 0
248 0
249 1
250 1
251 1
252 1
253 1
254 1
255 1
256 0
257 1
258 2
259 1
260 1
261 1
262 2
263 0
264 2
265 1
266 1
267 2
268 1
269 1
270 2
271 1
272 0
273 1
274 1
275 0
276 1
277 0
278 0
279 0
280 1
281 0
282 1
283 1
284 1
285 2
286 0
287 0
288 1
289 1
290 0
291 1
292 1
293 1
294 0
295 1
296 0
297 0
298 0
299 2
300 1
301 2
302 1
303 0
304 1
305 2
306 1
307 1
308 1
309 1
310 1
311 1
312 1
313 1
314 1
315 0
316 0
317 1
318 2
319 1
320 1
321 0
322 1
323 1
324 1
325 1
326 1
327 2
328 1
329 1
330 1
331 2
332 1
333 1
334 1
335 1
336 1
337 1
338 1
339 1
340 2
341 1
342 0
343 1
344 2
345 2
346 1
347 1
348 1
349 1
350 1
351 2
352 1
353 1
354 2
355 0
356 1
357 0
358 1
359 1
360 2
361 1
362 2
363 2
364 0
365 2
366 0
367 0
368 0
369 0
370 0
371 0
372 0
373 0
374 0
375 0
376 1
377 1
378 0
379 2
380 1
381 1
382 1
383 0
384 1
385 3
386 1
387 1
388 0
389 1
390 0
391 1
392 0
393 0
394 0
395 1
396 1
397 0
398 0
399 0
400 2
401 1
402 2
403 2
404 1
405 0
406 1
407 1
408 2
409 1
410 0
411 1
412 1
413 1
414 1
415 1
416 2
417 0
418 1
419 1
420 2
421 1
422 1
423 3
424 1
425 1
426 0
427 1
428 1
429 1
430 1
431 3
432 1
433 1
434 2
435 2
436 0
437 1
438 1
439 1
440 2
441 1
442 0
443 1
444 0
445 2
446 1
447 1
448 1
449 2
450 1
451 1
452 2
453 2
454 2
455 1
456 1
457 1
458 1
459 2
460 1
461 1
462 1
463 1
464 0
465 2
466 1
467 1
468 1
469 0
470 2
471 1
472 0
473 1
474 1
475 2
476 1
477 0
478 0
479 0
480 0
481 0
482 0
483 0
484 0
485 1
486 1
487 1
488 2
489 1
490 0
491 1
492 3
493 0
494 2
495 2
496 1
497 0
498 1
499 1
500 1
501 2
502 0
503 2
504 0
505 1
506 3
507 1
508 1
509 1
510 0
511 0
512 1
513 0
514 2
515 2
516 1
517 1
518 1
519 2
520 3
521 0
522 0
523 1
524 2
525 2
526 0
527 0
528 0
529 1
530 0
531 2
532 1
533 2
534 1
535 0
536 1
537 2
538 2
539 1
540 1
541 0
542 1
543 0
544 0
545 1
546 1
547 0
548 2
549 4
550 0
551 1
552 0
553 2
554 2
555 0
556 1
557 0
558 2
559 1
560 1
561 3
562 0
563 2
564 2
565 1
566 3
567 1
568 0
569 1
570 1
571 1
572 1
573 1
574 1
575 2
576 2
577 1
578 0
579 1
580 1
581 1
582 0
583 2
584 1
585 1
586 1
587 1
588 2
589 1
590 1
591 2
592 1
593 1
594 1
595 1
596 1
597 2
598 1
599 1
600 1
601 0
602 1
603 0
604 2
605 1
606 1
607 0
608 1
609 1
610 1
611 2
612 2
613 1
614 1
615 1
616 1
617 1
618 0
619 1
620 2
621 0
622 0
623 0
624 3
625 2
626 0
627 0
628 1
629 0
630 2
631 0
632 2
633 1
634 1
635 2
636 1
637 1
638 1
639 0
640 0
641 1
642 1
643 2
644 2
645 2
646 3
647 0
648 0
649 1
650 1
651 1
652 0
653 0
654 0
655 0
656 0
657 0
658 0
659 0
660 0
661 0
662 0
663 0
664 0
665 0
666 0
667 0
668 0
669 0
670 0
671 0
672 0
673 0
674 0
675 0
676 1
677 1
678 0
679 0
680 0
681 0
682 0
683 0
684 0
685 1
686 0
687 0
688 0
689 0
690 0
691 0
692 0
693 0
694 0
695 0
696 0
697 0
698 0
699 0
700 1
701 0
702 2
703 0
704 0
705 2
706 2
707 2
708 2
709 1
710 1
711 2
712 1
713 0
714 0
715 0
716 0
717 0
718 0
719 0
720 0
721 0
722 0
723 0
724 0
725 0
726 0
727 0
728 1
729 1
730 2
731 1
732 2
733 0
734 1
735 2
736 1
737 3
738 2
739 0
740 0
741 0
742 0
743 1
744 1
745 1
746 1
747 1
748 2
749 1
750 0
751 0
752 1
753 0
754 0
755 1
756 1
757 0
758 1
759 0
760 0
761 0
762 0
763 0
764 0
765 0
766 0
767 0
768 0
769 0
770 0
771 0
772 0
773 0
774 0
775 0
776 0
777 0
778 0
779 0
780 1
781 0
782 0
783 2
784 2
785 2
786 2
787 2
788 1
789 1
790 1
791 3
792 2
793 1
794 2
795 2
796 2
797 0
798 0
799 0
800 0
801 0
802 0
803 0
804 0
805 0
806 0
807 0
808 0
809 0
810 0
811 1
812 1
813 1
814 0
815 1
816 0
817 1
818 1
819 2
820 1
821 1
822 0
823 1
824 1
825 1
826 1
827 0
828 0
829 0
830 0
831 0
832 0
833 0
834 0
835 0
836 0
837 2
838 1
839 0
840 1
841 3
842 1
843 3
844 1
845 1
846 2
847 0
848 1
849 2
850 1
851 1
852 3
853 0
854 2
855 1
856 1
857 3
858 0
859 3
860 0
861 0
862 0
863 0
864 0
865 0
866 0
867 0
868 0
869 0
870 0
871 0
872 0
873 0
874 0
875 0
876 0
877 0
878 0
879 0
880 0
881 0
882 0
883 0
884 0
885 0
886 0
887 0
888 0
889 0
890 0
891 0
892 0
893 0
894 0
895 0
896 0
897 0
898 0
899 0
900 0
901 0
902 0
903 0
904 0
905 0
906 0
907 0
908 0
909 0
910 0
911 2
912 0
913 0
914 0
915 0
916 0
917 0
918 0
919 0
920 0
921 0
922 0
923 0
924 0
925 0
926 0
927 0
928 0
929 0
930 0
931 0
932 0
933 0
934 0
935 0
936 0
937 0
938 1
939 1
940 2
941 1
942 0
943 1
944 1
945 1
946 0
947 1
948 2
949 1
950 1
951 1
952 1
953 0
954 0
955 0
956 0
957 0
958 0
959 0
960 0
961 0
962 0
963 0
964 1
965 2
966 1
967 1
968 0
969 0
970 0
971 0
972 0
973 0
974 0
975 0
976 0
977 0
978 0
979 0
980 0
981 0
982 0
983 0
984 0
985 0
986 0
987 0
988 0
989 1
990 1
991 0
992 0
993 0
994 0
995 2
996 2
997 1
998 0
999 0
1000 1
1001 0
1002 0
1003 2
1004 1
1005 0
1006 1
1007 2
1008 2
1009 0
1010 0
1011 0
1012 0
1013 0
1014 0
1015 0
1016 1
1017 0
1018 0
1019 0
1020 0
1021 0
1022 0
1023 0
1024 0
1025 0
1026 0
1027 2
1028 3
1029 0
1030 1
1031 1
1032 0
1033 1
1034 1
1035 1
1036 1
1037 1
1038 2
1039 0
1040 1
1041 0
1042 2
1043 1
1044 1
1045 0
1046 1
1047 0
1048 1
1049 1
1050 1
1051 0
1052 0
1053 0
1054 0
1055 0
1056 1
1057 0
1058 0
1059 0
1060 0
1061 0
1062 0
1063 0
1064 2
1065 1
1066 2
1067 1
1068 0
1069 0
1070 2
1071 0
1072 0
1073 0
1074 0
1075 1
1076 0
1077 0
1078 0
1079 0
1080 0
1081 0
1082 0
1083 0
1084 0
1085 0
1086 0
1087 2
1088 0
1089 0
1090 0
1091 0
1092 0
1093 2
1094 0
1095 2
1096 0
1097 0
1098 0
1099 0
1100 0
1101 0
1102 2
1103 4
1104 4
1105 3
1106 1
1107 0
1108 0
1109 2
1110 1
1111 0
1112 1
1113 0
1114 0
1115 0
1116 0
1117 0
1118 0
1119 0
1120 0
1121 0
1122 0
1123 1
1124 1
1125 0
1126 0
1127 0
1128 0
1129 0
1130 0
1131 0
1132 0
1133 0
1134 0
1135 0
1136 1
1137 1
1138 1
1139 1
1140 1
1141 1
1142 2
1143 1
1144 1
1145 1
1146 2
1147 1
1148 2
1149 2
1150 1
1151 2
1152 1
1153 1
1154 2
1155 2
1156 0
1157 1
1158 2
1159 1
1160 1
1161 1
1162 1
1163 2
1164 2
1165 1
1166 2
1167 0
1168 1
1169 1
1170 1
1171 1
1172 1
1173 1
1174 2
1175 1
1176 1
1177 0
1178 1
1179 1
1180 0
1181 1
1182 2
1183 1
1184 1
1185 2
1186 0
1187 1
1188 1
1189 1
1190 0
1191 2
1192 1
1193 1
1194 1
1195 1
1196 1
1197 1
1198 0
1199 0
1200 0
1201 0
1202 0
1203 0
1204 0
1205 1
1206 0
1207 0
1208 1
1209 0
1210 0
1211 1
1212 1
1213 0
1214 0
1215 0
1216 0
1217 0
1218 0
1219 1
1220 0
1221 0
1222 1
1223 2
1224 1
1225 1
1226 1
1227 1
1228 0
1229 1
1230 2
1231 0
1232 0
1233 0
1234 0
1235 1
1236 1
1237 0
1238 1
1239 2
1240 2
1241 0
1242 1
1243 2
1244 1
1245 2
1246 1
1247 0
1248 0
1249 0
1250 0
1251 0
1252 0
1253 0
1254 0
1255 0
1256 0
1257 0
1258 0
1259 0
1260 0
1261 0
1262 0
1263 1
1264 2
1265 2
1266 0
1267 1
1268 1
1269 0
1270 1
1271 1
1272 1
1273 1
1274 1
1275 0
1276 0
1277 0
1278 0
1279 0
1280 0
1281 0
1282 0
1283 0
1284 0
1285 0
1286 0
1287 0
1288 0
1289 0
1290 2
1291 1
1292 1
1293 1
1294 1
1295 2
1296 0
1297 1
1298 2
1299 1
1300 1
1301 2
1302 1
1303 1
1304 1
1305 1
1306 2
1307 1
1308 1
1309 1
1310 1
1311 2
1312 0
1313 0
1314 0
1315 0
1316 1
1317 0
1318 1
1319 1
1320 1
1321 2
1322 2
1323 1
1324 0
1325 0
1326 1
1327 0
1328 2
1329 1
1330 1
1331 2
1332 1
1333 2
1334 0
1335 2
1336 2
1337 2
1338 2
1339 1
1340 2
1341 1
1342 1
1343 2
1344 2
1345 1
1346 1
1347 1
1348 1
1349 2
1350 2
1351 1
1352 2
1353 3
1354 2
1355 1
1356 2
1357 1
1358 2
1359 1
1360 2
1361 1
1362 2
1363 2
1364 1
1365 2
1366 1
1367 2
1368 2
1369 1
1370 1
1371 1
1372 1
1373 1
1374 1
1375 2
1376 2
1377 2
1378 1
1379 1
1380 1
1381 1
1382 1
1383 1
1384 1
1385 1
1386 1
1387 1
1388 1
1389 0
1390 1
1391 1
1392 1
1393 1
1394 1
1395 1
1396 1
1397 1
1398 2
1399 2
1400 1
1401 0
1402 1
1403 1
1404 1
1405 1
1406 0
1407 1
1408 2
1409 1
1410 1
1411 1
1412 2
1413 2
1414 2
1415 2
1416 1
1417 1
1418 2
1419 1
1420 1
1421 1
1422 1
1423 2
1424 1
1425 1
1426 1
1427 0
1428 1
1429 1
1430 1
1431 1
1432 1
1433 3
1434 1
1435 2
1436 2
1437 2
1438 1
1439 1
1440 2
1441 0
1442 0
1443 0
1444 0
1445 0
1446 2
1447 0
1448 0
1449 0
1450 0
1451 1
1452 2
1453 1
1454 0
1455 0
1456 0
1457 2
1458 1
1459 1
1460 0
1461 1
1462 0
1463 1
1464 1
1465 0
1466 1
1467 0
1468 0
1469 0
1470 1
1471 1
1472 1
1473 1
1474 1
1475 1
1476 1
1477 1
1478 0
1479 1
1480 0
1481 2
1482 1
1483 1
1484 1
1485 1
1486 0
1487 1
1488 1
1489 1
1490 1
1491 1
1492 1
1493 0
1494 1
1495 0
1496 0
1497 1
1498 0
1499 1
1500 1
1501 1
1502 1
1503 0
1504 1
1505 1
1506 1
1507 2
1508 1
1509 1
1510 1
1511 1
1512 1
1513 1
1514 1
1515 0
1516 1
1517 0
1518 1
1519 0
1520 1
1521 0
1522 0
1523 0
1524 1
1525 1
1526 1
1527 2
1528 1
1529 1
1530 0
1531 1
1532 1
1533 1
1534 1
1535 0
1536 1
1537 1
1538 0
1539 1
1540 1
1541 1
1542 1
1543 1
1544 1
1545 1
1546 1
1547 1
1548 1
1549 1
1550 1
1551 1
1552 0
1553 1
1554 1
1555 0
1556 0
1557 1
1558 0
1559 0
1560 0
1561 1
1562 1
1563 0
1564 1
1565 0
1566 1
1567 1
1568 0
1569 0
1570 1
1571 1
1572 1
1573 0
1574 1
1575 0
1576 1
1577 1
1578 1
1579 1
1580 0
1581 1
1582 0
1583 0
1584 0
1585 1
1586 0
1587 1
1588 0
1589 1
1590 1
1591 1
1592 1
1593 1
1594 1
1595 1
1596 1
1597 0
1598 0
1599 0
1600 1
1601 0
1602 1
1603 1
1604 2
1605 1
1606 2
1607 0
1608 1
1609 1
1610 1
1611 1
1612 1
1613 1
1614 2
1615 0
1616 1
1617 1
1618 1
1619 1
1620 1
1621 0
1622 2
1623 1
1624 1
1625 1
1626 0
1627 1
1628 1
1629 1
1630 1
1631 1
1632 0
1633 0
1634 1
1635 1
1636 1
1637 1
1638 0
1639 0
1640 0
1641 1
1642 2
1643 1
1644 2
1645 1
1646 0
1647 1
1648 1
1649 1
1650 0
1651 0
1652 1
1653 1
1654 1
1655 1
1656 2
1657 0
1658 0
1659 1
1660 1
1661 1
1662 1
1663 0
1664 2
1665 1
1666 1
1667 0
1668 1
1669 1
1670 0
1671 2
1672 1
1673 1
1674 1
1675 1
1676 2
1677 1
1678 1
1679 1
1680 1
1681 1
1682 1
1683 1
1684 1
1685 1
1686 1
1687 1
1688 0
1689 1
1690 1
1691 1
1692 1
1693 1
1694 1
1695 0
1696 0
1697 2
1698 1
1699 0
1700 1
1701 0
1702 1
1703 1
1704 1
1705 1
1706 1
1707 1
1708 0
1709 1
1710 1
1711 1
1712 1
1713 2
1714 1
1715 1
1716 1
1717 2
1718 1
1719 1
1720 1
1721 1
1722 1
1723 1
1724 1
1725 1
1726 1
1727 0
1728 1
1729 1
1730 0
1731 0
1732 1
1733 0
1734 1
1735 0
1736 1
1737 0
1738 0
1739 0
1740 0
1741 0
1742 0
1743 0
1744 0
1745 0
1746 0
1747 0
1748 0
1749 0
1750 0
1751 0
1752 0
1753 0
1754 0
1755 0
1756 0
1757 0
1758 0
1759 0
1760 0
1761 1
1762 1
1763 1
1764 1
1765 1
1766 1
1767 1
1768 1
1769 1
1770 1
1771 1
1772 1
1773 1
1774 1
1775 1
1776 1
1777 1
1778 1
1779 1
1780 1
1781 1
1782 1
1783 1
1784 1
1785 0
1786 1
1787 1
1788 1
1789 0
1790 1
1791 1
1792 2
1793 1
1794 2
1795 1
1796 0
1797 1
1798 2
1799 1
1800 0
1801 1
1802 0
1803 0
1804 0
1805 1
1806 0
1807 0
1808 0
1809 0
1810 2
1811 1
1812 0
1813 0
1814 0
1815 0
1816 0
1817 0
1818 1
1819 0
1820 0
1821 1
1822 0
1823 0
1824 0
1825 0
1826 0
1827 0
1828 0
1829 0
1830 0
1831 0
1832 0
1833 0
1834 0
1835 0
1836 1
1837 1
1838 0
1839 0
1840 1
1841 0
1842 0
1843 1
1844 0
1845 1
1846 1
1847 0
1848 0
1849 0
1850 0
1851 0
1852 0
1853 1
1854 2
1855 1
1856 1
1857 2
1858 1
1859 1
1860 1
1861 1
1862 2
1863 1
1864 0
1865 1
1866 2
1867 1
1868 1
1869 1
1870 2
1871 1
1872 1
1873 2
1874 2
1875 1
1876 1
1877 0
1878 1
1879 0
1880 2
1881 1
1882 2
1883 1
1884 1
1885 1
1886 0
1887 1
1888 2
1889 2
1890 1
1891 0
1892 0
1893 0
1894 2
1895 0
1896 1
1897 1
1898 0
1899 1
1900 1
1901 1
1902 1
1903 1
1904 1
1905 2
1906 1
1907 1
1908 1
1909 2
1910 2
1911 2
1912 2
1913 0
1914 1
1915 0
1916 2
1917 2
1918 1
1919 2
1920 1
1921 1
1922 1
1923 1
1924 1
1925 2
1926 2
1927 1
1928 1
1929 0
1930 2
1931 1
1932 1
1933 1
1934 1
1935 1
1936 2
1937 2
1938 1
1939 1
1940 0
1941 0
1942 1
1943 1
1944 3
1945 2
1946 2
1947 1
1948 1
1949 0
1950 1
1951 1
1952 1
1953 1
1954 1
1955 1
1956 2
1957 1
1958 0
1959 1
1960 1
1961 1
1962 2
1963 1
1964 1
1965 1
1966 1
1967 2
1968 2
1969 1
1970 0
1971 1
1972 2
1973 1
1974 2
1975 1
1976 1
1977 0
1978 1
1979 3
1980 1
1981 1
1982 1
1983 0
1984 1
1985 1
1986 1
1987 2
1988 1
1989 1
1990 2
1991 1
1992 1
1993 0
1994 1
1995 2
1996 1
1997 0
1998 1
1999 1
