0 0
1 0
2 1
3 1
4 0
5 0
6 0
7 0
8 0
9 1
10 0
11 0
12 0
13 0
14 2
15 0
16 0
17 0
18 0
19 1
20 1
21 0
22 0
23 0
24 0
25 0
26 1
27 0
28 0
29 0
30 0
31 0
32 0
33 0
34 1
35 1
36 0
37 0
38 0
39 0
40 0
41 0
42 0
43 0
44 0
45 0
46 0
47 0
48 0
49 0
50 1
51 0
52 0
53 0
54 1
55 0
56 0
57 0
58 0
59 0
60 0
61 0
62 0
63 0
64 0
65 2
66 2
67 1
68 0
69 0
70 0
71 1
72 1
73 0
74 0
75 0
76 0
77 0
78 0
79 0
80 0
81 0
82 0
83 0
84 0
85 0
86 0
87 0
88 0
89 0
90 0
91 0
92 0
93 0
94 0
95 0
96 0
97 1
98 0
99 0
100 1
101 0
102 1
103 0
104 1
105 0
106 0
107 0
108 1
109 0
110 0
111 1
112 1
113 0
114 2
115 0
116 2
117 0
118 0
119 1
120 0
121 0
122 0
123 1
124 1
125 0
126 1
127 0
128 2
129 1
130 0
131 1
132 0
133 1
134 0
135 1
136 1
137 2
138 1
139 1
140 1
141 1
142 0
143 1
144 1
145 1
146 0
147 0
148 0
149 0
150 0
151 1
152 0
153 0
154 1
155 1
156 0
157 1
158 1
159 2
160 0
161 0
162 2
163 2
164 1
165 1
166 0
167 3
168 1
169 0
170 1
171 1
172 2
173 1
174 0
175 0
176 0
177 1
178 0
179 1
180 2
181 1
182 0
183 0
184 0
185 0
186 0
187 0
188 2
189 1
190 2
191 1
192 1
193 1
194 1
195 1
196 0
197 0
198 1
199 2
200 1
201 1
202 2
203 0
204 1
205 0
206 1
207 0
208 0
209 1
210 0
211 2
212 1
213 0
214 0
215 1
216 0
217 0
218 1
219 1
220 2
221 0
222 1
223 0
224 0
225 1
226 2
227 1
228 1
229 0
230 0
231 1
232 2
233 0
234 1
235 0
236 1
237 2
238 0
239 4
240 3
241 0
242 0
243 1
244 1
245 0
246 1
247 2
248 2
249 2
250 2
251 1
252 1
253 2
254 0
255 1
256 0
257 2
258 0
259 2
260 1
261 1
262 1
263 0
264 2
265 3
266 2
267 1
268 0
269 1
270 1
271 1
272 0
273 2
274 1
275 0
276 0
277 0
278 1
279 1
280 0
281 0
282 2
283 0
284 3
285 0
286 0
287 0
288 2
289 2
290 1
291 0
292 1
293 0
294 0
295 1
296 1
297 0
298 1
299 2
300 0
301 2
302 2
303 1
304 1
305 1
306 1
307 1
308 1
309 0
310 2
311 2
312 1
313 1
314 0
315 1
316 1
317 1
318 0
319 0
320 1
321 2
322 1
323 1
324 1
325 1
326 1
327 0
328 0
329 0
330 0
331 1
332 0
333 1
334 1
335 1
336 1
337 1
338 3
339 1
340 1
341 1
342 0
343 1
344 1
345 1
346 2
347 3
348 0
349 2
350 2
351 0
352 0
353 0
354 2
355 1
356 1
357 0
358 1
359 1
360 0
361 3
362 1
363 2
364 2
365 0
366 1
367 2
368 1
369 0
370 2
371 1
372 1
373 2
374 2
375 2
376 2
377 1
378 1
379 1
380 2
381 1
382 2
383 0
384 1
385 1
386 0
387 0
388 1
389 1
390 3
391 0
392 2
393 3
394 0
395 2
396 1
397 0
398 0
399 1
400 0
401 0
402 0
403 0
404 0
405 0
406 2
407 0
408 1
409 0
410 0
411 0
412 0
413 0
414 0
415 1
416 1
417 0
418 0
419 0
420 1
421 0
422 0
423 1
424 1
425 0
426 0
427 0
428 0
429 0
430 0
431 1
432 0
433 1
434 0
435 0
436 0
437 0
438 0
439 0
440 0
441 2
442 0
443 0
444 0
445 0
446 0
447 0
448 0
449 1
450 1
451 0
452 0
453 0
454 0
455 1
456 0
457 0
458 0
459 0
460 0
461 0
462 0
463 1
464 0
465 0
466 0
467 0
468 0
469 0
470 0
471 0
472 1
473 0
474 0
475 0
476 0
477 0
478 0
479 1
480 0
481 0
482 0
483 0
484 0
485 1
486 0
487 1
488 1
489 0
490 1
491 1
492 1
493 0
494 0
495 0
496 0
497 0
498 1
499 2
500 2
501 0
502 0
503 1
504 0
505 0
506 0
507 3
508 3
509 1
510 1
511 0
512 0
513 1
514 1
515 1
516 1
517 1
518 0
519 2
520 0
521 1
522 0
523 1
524 0
525 0
526 0
527 0
528 1
529 0
530 0
531 0
532 1
533 3
534 0
535 2
536 1
537 1
538 3
539 2
540 1
541 0
542 0
543 0
544 0
545 0
546 1
547 0
548 1
549 0
550 1
551 0
552 1
553 0
554 0
555 1
556 0
557 0
558 0
559 0
560 0
561 1
562 1
563 1
564 0
565 1
566 0
567 1
568 0
569 0
570 0
571 1
572 1
573 0
574 1
575 3
576 1
577 1
578 0
579 0
580 1
581 0
582 0
583 0
584 1
585 1
586 1
587 1
588 1
589 2
590 1
591 1
592 0
593 1
594 0
595 1
596 1
597 1
598 1
599 0
600 1
601 1
602 1
603 0
604 1
605 2
606 0
607 1
608 1
609 1
610 1
611 1
612 1
613 0
614 1
615 1
616 1
617 1
618 1
619 0
620 0
621 1
622 1
623 1
624 2
625 0
626 1
627 0
628 1
629 0
630 0
631 0
632 1
633 1
634 1
635 0
636 1
637 1
638 0
639 0
640 0
641 1
642 0
643 1
644 1
645 1
646 1
647 1
648 0
649 1
650 2
651 0
652 1
653 0
654 0
655 0
656 1
657 0
658 1
659 0
660 1
661 0
662 1
663 1
664 1
665 1
666 1
667 1
668 1
669 0
670 0
671 1
672 0
673 0
674 1
675 0
676 1
677 1
678 1
679 0
680 2
681 1
682 0
683 1
684 1
685 1
686 1
687 1
688 0
689 0
690 2
691 0
692 1
693 1
694 2
695 1
696 1
697 0
698 1
699 1
700 2
701 0
702 1
703 1
704 0
705 1
706 1
707 1
708 0
709 1
710 0
711 1
712 1
713 1
714 2
715 1
716 0
717 1
718 1
719 1
720 1
721 1
722 0
723 0
724 1
725 1
726 0
727 0
728 1
729 1
730 0
731 0
732 1
733 1
734 0
735 2
736 1
737 1
738 1
739 0
740 0
741 0
742 1
743 1
744 0
745 1
746 1
747 1
748 1
749 1
750 1
751 2
752 1
753 0
754 1
755 1
756 1
757 1
758 0
759 1
760 1
761 1
762 1
763 1
764 1
765 0
766 1
767 1
768 1
769 1
770 0
771 0
772 1
773 1
774 0
775 1
776 0
777 0
778 0
779 1
780 0
781 1
782 1
783 1
784 1
785 1
786 1
787 1
788 1
789 1
790 1
791 0
792 0
793 2
794 1
795 1
796 0
797 1
798 0
799 1
800 0
801 0
802 0
803 0
804 1
805 1
806 1
807 1
808 1
809 0
810 1
811 1
812 2
813 0
814 1
815 0
816 0
817 0
818 0
819 1
820 1
821 0
822 1
823 1
824 1
825 2
826 0
827 1
828 1
829 1
830 1
831 1
832 1
833 1
834 2
835 0
836 1
837 0
838 1
839 0
840 1
841 0
842 0
843 0
844 1
845 2
846 1
847 1
848 1
849 1
850 1
851 1
852 0
853 1
854 0
855 1
856 1
857 1
858 1
859 0
860 0
861 1
862 1
863 2
864 0
865 0
866 0
867 0
868 0
869 0
870 1
871 1
872 1
873 1
874 0
875 0
876 0
877 1
878 0
879 1
880 2
881 1
882 0
883 0
884 0
885 1
886 2
887 1
888 0
889 0
890 0
891 0
892 1
893 0
894 1
895 2
896 0
897 1
898 1
899 0
900 1
901 1
902 1
903 0
904 2
905 1
906 0
907 0
908 0
909 1
910 0
911 0
912 2
913 0
914 2
915 0
916 2
917 1
918 0
919 1
920 1
921 1
922 0
923 0
924 1
925 0
926 0
927 1
928 0
929 1
930 0
931 0
932 1
933 1
934 1
935 0
936 1
937 1
938 1
939 0
940 1
941 0
942 0
943 0
944 3
945 0
946 0
947 1
948 0
949 0
950 1
951 0
952 1
953 0
954 0
955 1
956 1
957 0
958 0
959 3
960 3
961 1
962 0
963 0
964 0
965 2
966 0
967 0
968 0
969 0
970 0
971 2
972 2
973 1
974 0
975 1
976 0
977 0
978 3
979 0
980 0
981 1
982 0
983 1
984 1
985 1
986 1
987 0
988 1
989 1
990 0
991 0
992 2
993 2
994 0
995 1
996 0
997 0
998 1
999 0
1000 1
1001 1
1002 1
1003 0
1004 1
1005 0
1006 1
1007 1
1008 1
1009 1
1010 2
1011 1
1012 1
1013 0
1014 1
1015 1
1016 0
1017 0
1018 2
1019 1
1020 1
1021 0
1022 0
1023 0
1024 1
1025 0
1026 0
1027 2
1028 1
1029 0
1030 1
1031 1
1032 0
1033 0
1034 0
1035 0
1036 1
1037 1
1038 1
1039 0
1040 1
1041 0
1042 0
1043 0
1044 1
1045 1
1046 0
1047 1
1048 1
1049 1
1050 0
1051 2
1052 0
1053 0
1054 0
1055 1
1056 0
1057 1
1058 1
1059 2
1060 1
1061 1
1062 2
1063 2
1064 1
1065 1
1066 1
1067 2
1068 0
1069 0
1070 1
1071 1
1072 0
1073 1
1074 1
1075 1
1076 1
1077 0
1078 0
1079 1
1080 1
1081 1
1082 1
1083 1
1084 1
1085 1
1086 0
1087 1
1088 0
1089 1
1090 0
1091 0
1092 1
1093 0
1094 0
1095 0
1096 1
1097 0
1098 1
1099 1
1100 1
1101 0
1102 1
1103 1
1104 1
1105 0
1106 1
1107 0
1108 0
1109 1
1110 0
1111 1
1112 1
1113 0
1114 0
1115 0
1116 0
1117 1
1118 1
1119 1
1120 1
1121 1
1122 1
1123 1
1124 1
1125 2
1126 1
1127 1
1128 0
1129 1
1130 1
1131 1
1132 1
1133 1
1134 1
1135 1
1136 0
1137 0
1138 1
1139 1
1140 0
1141 0
1142 2
1143 0
1144 1
1145 0
1146 0
1147 1
1148 0
1149 1
1150 1
1151 0
1152 0
1153 0
1154 1
1155 1
1156 0
1157 1
1158 0
1159 0
1160 0
1161 1
1162 0
1163 1
1164 0
1165 1
1166 0
1167 1
1168 0
1169 1
1170 0
1171 2
1172 0
1173 1
1174 1
1175 0
1176 0
1177 1
1178 0
1179 1
1180 1
1181 2
1182 1
1183 1
1184 1
1185 1
1186 0
1187 0
1188 1
1189 2
1190 0
1191 0
1192 1
1193 1
1194 0
1195 1
1196 0
1197 0
1198 0
1199 0
1200 1
1201 0
1202 1
1203 0
1204 0
1205 1
1206 1
1207 0
1208 1
1209 0
1210 1
1211 0
1212 2
1213 1
1214 0
1215 1
1216 1
1217 0
1218 0
1219 0
1220 0
1221 0
1222 1
1223 0
1224 1
1225 1
1226 1
1227 0
1228 1
1229 0
1230 0
1231 0
1232 0
1233 1
1234 0
1235 0
1236 0
1237 2
1238 2
1239 0
1240 0
1241 0
1242 1
1243 0
1244 0
1245 0
1246 1
1247 0
1248 0
1249 0
1250 0
1251 0
1252 0
1253 0
1254 0
1255 1
1256 1
1257 1
1258 0
1259 0
1260 0
1261 0
1262 0
1263 0
1264 1
1265 0
1266 1
1267 0
1268 0
1269 0
1270 1
1271 1
1272 0
1273 0
1274 0
1275 1
1276 1
1277 1
1278 0
1279 0
1280 0
1281 0
1282 1
1283 1
1284 1
1285 1
1286 1
1287 0
1288 0
1289 0
1290 1
1291 2
1292 1
1293 2
1294 0
1295 0
1296 0
1297 0
1298 0
1299 2
1300 2
1301 0
1302 0
1303 2
1304 1
1305 1
1306 1
1307 0
1308 0
1309 1
1310 0
1311 0
1312 0
1313 0
1314 0
1315 0
1316 0
1317 0
1318 0
1319 1
1320 0
1321 0
1322 0
1323 0
1324 0
1325 0
1326 0
1327 0
1328 0
1329 0
1330 0
1331 0
1332 0
1333 0
1334 1
1335 0
1336 0
1337 0
1338 0
1339 0
1340 0
1341 0
1342 1
1343 0
1344 0
1345 0
1346 0
1347 0
1348 0
1349 0
1350 0
1351 0
1352 1
1353 1
1354 0
1355 0
1356 1
1357 0
1358 0
1359 1
1360 0
1361 0
1362 0
1363 0
1364 0
1365 0
1366 0
1367 0
1368 0
1369 0
1370 0
1371 1
1372 0
1373 1
1374 1
1375 0
1376 0
1377 2
1378 0
1379 0
1380 0
1381 0
1382 1
1383 0
1384 0
1385 0
1386 0
1387 0
1388 0
1389 0
1390 0
1391 0
1392 0
1393 0
1394 0
1395 1
1396 1
1397 0
1398 1
1399 0
1400 0
1401 1
1402 0
1403 0
1404 0
1405 0
1406 1
1407 0
1408 1
1409 0
1410 0
1411 0
1412 2
1413 0
1414 0
1415 0
1416 0
1417 0
1418 0
1419 0
1420 0
1421 0
1422 0
1423 0
1424 0
1425 0
1426 0
1427 0
1428 0
1429 0
1430 0
1431 0
1432 0
1433 0
1434 0
1435 0
1436 0
1437 0
1438 0
1439 1
1440 1
1441 0
1442 0
1443 1
1444 0
1445 0
1446 0
1447 1
1448 0
1449 0
1450 0
1451 1
1452 0
1453 0
1454 0
1455 0
1456 0
1457 1
1458 0
1459 0
1460 0
1461 2
1462 0
1463 1
1464 0
1465 1
1466 0
1467 1
1468 0
1469 0
1470 0
1471 0
1472 0
1473 0
1474 2
1475 0
1476 0
1477 0
1478 0
1479 0
1480 1
1481 0
1482 0
1483 0
1484 0
1485 0
1486 0
1487 0
1488 0
1489 0
1490 0
1491 0
1492 0
1493 0
1494 0
1495 0
1496 0
1497 0
1498 0
1499 0
1500 0
1501 0
1502 1
1503 0
1504 0
1505 0
1506 0
1507 0
1508 0
1509 0
1510 0
1511 0
1512 0
1513 0
1514 0
1515 0
1516 0
1517 0
1518 0
1519 0
1520 0
1521 0
1522 0
1523 0
1524 0
1525 0
1526 0
1527 0
1528 0
1529 0
1530 0
1531 0
1532 0
1533 1
1534 0
1535 0
1536 0
1537 0
1538 0
1539 0
1540 0
1541 0
1542 0
1543 0
1544 1
1545 0
1546 0
1547 0
1548 1
1549 1
1550 0
1551 0
1552 1
1553 0
1554 0
1555 0
1556 1
1557 1
1558 0
1559 0
1560 1
1561 1
1562 1
1563 0
1564 0
1565 0
1566 0
1567 0
1568 0
1569 0
1570 0
1571 0
1572 1
1573 0
1574 0
1575 0
1576 0
1577 0
1578 0
1579 1
1580 1
1581 1
1582 0
1583 1
1584 0
1585 0
1586 0
1587 0
1588 1
1589 1
1590 0
1591 0
1592 1
1593 0
1594 1
1595 0
1596 0
1597 0
1598 0
1599 0
1600 0
1601 1
1602 2
1603 0
1604 0
1605 0
1606 2
1607 1
1608 0
1609 0
1610 0
1611 0
1612 2
1613 0
1614 0
1615 0
1616 0
1617 1
1618 0
1619 0
1620 0
1621 1
1622 2
1623 0
1624 0
1625 1
1626 1
1627 1
1628 0
1629 1
1630 1
1631 1
1632 0
1633 0
1634 0
1635 0
1636 1
1637 0
1638 0
1639 1
1640 0
1641 0
1642 2
1643 2
1644 1
1645 0
1646 1
1647 0
1648 2
1649 0
1650 0
1651 1
1652 0
1653 0
1654 1
1655 1
1656 0
1657 0
1658 1
1659 0
1660 1
1661 1
1662 1
1663 1
1664 0
1665 0
1666 1
1667 1
1668 1
1669 1
1670 1
1671 0
1672 1
1673 1
1674 2
1675 1
1676 0
1677 1
1678 1
1679 1
1680 1
1681 0
1682 1
1683 1
1684 0
1685 1
1686 0
1687 1
1688 2
1689 0
1690 0
1691 0
1692 1
1693 2
1694 0
1695 0
1696 0
1697 1
1698 0
1699 1
1700 0
1701 1
1702 1
1703 1
1704 1
1705 1
1706 1
1707 1
1708 1
1709 2
1710 1
1711 0
1712 1
1713 0
1714 1
1715 0
1716 1
1717 0
1718 0
1719 1
1720 0
1721 0
1722 0
1723 1
1724 2
1725 1
1726 2
1727 0
1728 0
1729 0
1730 1
1731 0
1732 0
1733 1
1734 1
1735 0
1736 0
1737 2
1738 0
1739 1
1740 1
1741 0
1742 1
1743 1
1744 0
1745 1
1746 0
1747 1
1748 0
1749 2
1750 0
1751 0
1752 2
1753 0
1754 0
1755 1
1756 1
1757 0
1758 1
1759 0
1760 0
1761 0
1762 0
1763 0
1764 0
1765 0
1766 1
1767 1
1768 0
1769 1
1770 1
1771 1
1772 0
1773 1
1774 1
1775 1
1776 1
1777 1
1778 1
1779 1
1780 1
1781 2
1782 0
1783 1
1784 0
1785 2
1786 1
1787 0
1788 1
1789 1
1790 1
1791 0
1792 1
1793 0
1794 1
1795 1
1796 1
1797 1
1798 2
1799 0
1800 1
1801 0
1802 0
1803 1
1804 1
1805 1
1806 2
1807 1
1808 0
1809 1
1810 0
1811 1
1812 1
1813 0
1814 0
1815 2
1816 0
1817 2
1818 1
1819 1
1820 1
1821 0
1822 0
1823 2
1824 0
1825 0
1826 0
1827 1
1828 0
1829 0
1830 0
1831 0
1832 0
1833 0
1834 1
1835 1
1836 0
1837 0
1838 0
1839 0
1840 0
1841 0
1842 0
1843 0
1844 0
1845 0
1846 1
1847 1
1848 0
1849 0
1850 1
1851 0
1852 1
1853 1
1854 1
1855 1
1856 0
1857 1
1858 0
1859 0
1860 1
1861 0
1862 0
1863 0
1864 1
1865 0
1866 0
1867 2
1868 1
1869 0
1870 0
1871 1
1872 1
1873 0
1874 0
1875 2
1876 0
1877 0
1878 0
1879 0
1880 0
1881 0
1882 0
1883 0
1884 0
1885 0
1886 2
1887 1
1888 0
1889 0
1890 0
1891 1
1892 0
1893 0
1894 1
1895 1
1896 0
1897 1
1898 1
1899 1
1900 0
1901 1
1902 0
1903 0
1904 0
1905 0
1906 1
1907 0
1908 0
1909 0
1910 0
1911 0
1912 0
1913 0
1914 2
1915 1
1916 1
1917 0
1918 0
1919 0
1920 1
1921 1
1922 0
1923 1
1924 1
1925 1
1926 1
1927 1
1928 3
1929 0
1930 0
1931 1
1932 1
1933 0
1934 0
1935 0
1936 0
1937 1
1938 1
1939 0
1940 0
1941 0
1942 0
1943 0
1944 0
1945 0
1946 0
1947 2
1948 0
1949 0
1950 0
1951 0
1952 0
1953 0
1954 0
1955 1
1956 0
1957 1
1958 1
1959 1
1960 0
1961 1
1962 0
1963 0
1964 0
1965 0
1966 0
1967 0
1968 0
1969 0
1970 0
1971 0
1972 1
1973 1
1974 1
1975 1
1976 1
1977 1
1978 0
1979 0
1980 1
1981 0
1982 0
1983 0
1984 1
1985 2
1986 0
1987 0
1988 0
1989 0
1990 0
1991 0
1992 2
1993 0
1994 1
1995 0
1996 1
1997 1
1998 1
1999 1
