0 0
1 0
2 0
3 0
4 0
5 0
6 0
7 0
8 0
9 0
10 0
11 0
12 0
13 0
14 0
15 0
16 0
17 0
18 0
19 0
20 0
21 0
22 0
23 0
24 0
25 0
26 0
27 0
28 0
29 0
30 0
31 0
32 0
33 0
34 0
35 0
36 0
37 0
38 0
39 0
40 0
41 0
42 0
43 0
44 0
45 0
46 0
47 0
48 0
49 0
50 0
51 0
52 0
53 0
54 0
55 0
56 0
57 0
58 0
59 0
60 0
61 0
62 0
63 0
64 0
65 0
66 0
67 0
68 0
69 0
70 0
71 0
72 0
73 0
74 0
75 0
76 0
77 0
78 0
79 0
80 0
81 0
82 0
83 0
84 0
85 0
86 0
87 0
88 0
89 0
90 0
91 0
92 0
93 0
94 0
95 0
96 0
97 0
98 0
99 0
100 0
101 0
102 0
103 0
104 0
105 0
106 0
107 0
108 0
109 0
110 0
111 0
112 0
113 0
114 0
115 0
116 0
117 0
118 0
119 0
120 0
121 0
122 0
123 0
124 0
125 0
126 0
127 0
128 0
129 0
130 0
131 0
132 0
133 0
134 0
135 0
136 0
137 0
138 0
139 0
140 0
141 0
142 0
143 0
144 0
145 0
146 0
147 0
148 0
149 0
150 0
151 0
152 0
153 0
154 0
155 0
156 0
157 0
158 0
159 0
160 0
161 0
162 0
163 0
164 0
165 0
166 0
167 0
168 0
169 0
170 0
171 0
172 0
173 0
174 0
175 0
176 0
177 0
178 0
179 0
180 0
181 0
182 0
183 0
184 0
185 0
186 0
187 0
188 0
189 0
190 0
191 0
192 0
193 0
194 0
195 0
196 0
197 0
198 0
199 0
200 0
201 0
202 0
203 0
204 0
205 0
206 0
207 0
208 0
209 0
210 0
211 0
212 0
213 0
214 0
215 0
216 0
217 0
218 0
219 0
220 0
221 0
222 0
223 0
224 0
225 0
226 0
227 0
228 0
229 0
230 0
231 0
232 0
233 0
234 0
235 0
236 0
237 0
238 0
239 0
240 0
241 0
242 0
243 0
244 0
245 0
246 0
247 0
248 0
249 0
250 0
251 0
252 0
253 0
254 0
255 0
256 0
257 0
258 0
259 0
260 0
261 0
262 0
263 0
264 0
265 0
266 0
267 0
268 0
269 0
270 0
271 0
272 0
273 0
274 0
275 0
276 0
277 0
278 0
279 0
280 0
281 0
282 0
283 0
284 0
285 0
286 0
287 0
288 0
289 0
290 0
291 0
292 0
293 0
294 0
295 0
296 0
297 0
298 0
299 0
300 0
301 0
302 0
303 0
304 0
305 0
306 0
307 0
308 0
309 0
310 0
311 0
312 0
313 0
314 0
315 0
316 0
317 0
318 0
319 0
320 0
321 0
322 0
323 0
324 0
325 0
326 0
327 0
328 0
329 0
330 0
331 0
332 0
333 0
334 0
335 0
336 0
337 0
338 0
339 0
340 0
341 0
342 0
343 0
344 0
345 0
346 0
347 0
348 0
349 0
350 0
351 0
352 0
353 0
354 0
355 0
356 0
357 0
358 0
359 0
360 0
361 0
362 0
363 0
364 0
365 0
366 0
367 0
368 0
369 0
370 0
371 0
372 0
373 0
374 0
375 0
376 0
377 0
378 0
379 0
380 0
381 0
382 0
383 0
384 0
385 0
386 0
387 0
388 0
389 0
390 0
391 0
392 0
393 0
394 0
395 0
396 0
397 0
398 0
399 0
400 0
401 0
402 0
403 0
404 0
405 0
406 0
407 0
408 0
409 0
410 0
411 0
412 0
413 0
414 0
415 0
416 0
417 0
418 0
419 0
420 0
421 0
422 0
423 0
424 0
425 0
426 0
427 0
428 0
429 0
430 0
431 0
432 0
433 0
434 0
435 0
436 0
437 0
438 0
439 0
440 0
441 0
442 0
443 0
444 0
445 0
446 0
447 0
448 0
449 0
450 0
451 0
452 0
453 0
454 0
455 0
456 0
457 0
458 0
459 0
460 0
461 0
462 0
463 0
464 0
465 2
466 2
467 1
468 2
469 1
470 2
471 0
472 2
473 1
474 1
475 0
476 0
477 0
478 0
479 0
480 0
481 0
482 0
483 0
484 0
485 0
486 0
487 0
488 0
489 0
490 0
491 0
492 0
493 0
494 0
495 0
496 0
497 0
498 1
499 0
500 0
501 0
502 0
503 0
504 0
505 0
506 0
507 0
508 0
509 0
510 0
511 0
512 0
513 0
514 0
515 0
516 0
517 0
518 0
519 0
520 0
521 0
522 0
523 0
524 0
525 0
526 0
527 0
528 0
529 0
530 0
531 0
532 0
533 0
534 0
535 0
536 0
537 0
538 0
539 0
540 0
541 0
542 0
543 0
544 1
545 1
546 0
547 1
548 0
549 1
550 1
551 0
552 0
553 0
554 1
555 0
556 0
557 1
558 1
559 0
560 1
561 0
562 2
563 1
564 2
565 2
566 2
567 2
568 1
569 3
570 1
571 2
572 2
573 2
574 0
575 0
576 1
577 0
578 1
579 2
580 1
581 1
582 2
583 1
584 0
585 1
586 1
587 1
588 1
589 0
590 0
591 0
592 1
593 1
594 0
595 2
596 1
597 0
598 1
599 0
600 1
601 1
602 1
603 1
604 2
605 1
606 1
607 0
608 0
609 1
610 1
611 3
612 2
613 2
614 2
615 2
616 2
617 2
618 2
619 3
620 2
621 1
622 2
623 2
624 2
625 2
626 3
627 1
628 2
629 1
630 3
631 2
632 3
633 2
634 2
635 1
636 3
637 2
638 1
639 2
640 2
641 2
642 2
643 1
644 2
645 2
646 1
647 3
648 2
649 1
650 2
651 2
652 1
653 1
654 3
655 2
656 3
657 3
658 3
659 1
660 1
661 2
662 3
663 1
664 0
665 2
666 2
667 3
668 2
669 2
670 2
671 1
672 2
673 2
674 2
675 2
676 3
677 2
678 2
679 1
680 3
681 2
682 1
683 2
684 2
685 1
686 3
687 2
688 2
689 3
690 3
691 2
692 3
693 2
694 4
695 3
696 2
697 2
698 3
699 1
700 1
701 3
702 3
703 3
704 2
705 2
706 2
707 2
708 2
709 2
710 2
711 1
712 1
713 2
714 1
715 3
716 2
717 1
718 2
719 2
720 2
721 4
722 2
723 3
724 2
725 2
726 3
727 0
728 1
729 2
730 2
731 1
732 2
733 2
734 4
735 2
736 1
737 2
738 2
739 2
740 2
741 3
742 0
743 3
744 2
745 3
746 4
747 3
748 3
749 3
750 2
751 2
752 1
753 2
754 2
755 2
756 2
757 2
758 3
759 2
760 2
761 1
762 1
763 2
764 2
765 2
766 1
767 2
768 3
769 3
770 2
771 2
772 0
773 1
774 2
775 3
776 1
777 1
778 2
779 1
780 3
781 3
782 2
783 1
784 2
785 2
786 2
787 0
788 3
789 0
790 2
791 0
792 0
793 0
794 2
795 2
796 2
797 3
798 2
799 3
800 1
801 1
802 2
803 3
804 4
805 2
806 2
807 3
808 2
809 3
810 3
811 2
812 3
813 2
814 3
815 1
816 2
817 2
818 3
819 2
820 3
821 3
822 2
823 3
824 2
825 3
826 2
827 2
828 2
829 2
830 3
831 3
832 2
833 1
834 2
835 2
836 2
837 2
838 3
839 3
840 1
841 2
842 3
843 2
844 2
845 3
846 3
847 2
848 2
849 3
850 1
851 0
852 0
853 0
854 0
855 0
856 0
857 0
858 0
859 0
860 0
861 0
862 0
863 0
864 0
865 1
866 0
867 0
868 0
869 0
870 0
871 0
872 0
873 0
874 0
875 0
876 1
877 0
878 1
879 0
880 1
881 3
882 2
883 0
884 1
885 0
886 1
887 0
888 0
889 0
890 0
891 0
892 0
893 0
894 1
895 1
896 1
897 0
898 0
899 1
900 0
901 1
902 0
903 1
904 1
905 0
906 1
907 0
908 0
909 1
910 0
911 0
912 0
913 0
914 1
915 0
916 1
917 0
918 0
919 0
920 1
921 1
922 1
923 2
924 3
925 3
926 2
927 3
928 1
929 1
930 2
931 1
932 2
933 1
934 3
935 2
936 2
937 3
938 2
939 3
940 2
941 0
942 2
943 3
944 2
945 2
946 2
947 1
948 2
949 1
950 0
951 2
952 3
953 2
954 3
955 2
956 2
957 1
958 3
959 2
960 3
961 2
962 2
963 2
964 3
965 0
966 3
967 1
968 3
969 3
970 1
971 1
972 1
973 2
974 1
975 2
976 1
977 2
978 1
979 3
980 2
981 1
982 2
983 2
984 2
985 1
986 1
987 1
988 1
989 2
990 2
991 2
992 2
993 1
994 1
995 1
996 1
997 2
998 2
999 4
1000 1
1001 4
1002 1
1003 2
1004 2
1005 2
1006 3
1007 2
1008 2
1009 2
1010 2
1011 2
1012 3
1013 2
1014 3
1015 2
1016 2
1017 2
1018 3
1019 2
1020 2
1021 2
1022 2
1023 2
1024 3
1025 2
1026 2
1027 2
1028 3
1029 2
1030 2
1031 2
1032 2
1033 1
1034 2
1035 2
1036 3
1037 2
1038 2
1039 3
1040 2
1041 1
1042 1
1043 3
1044 2
1045 1
1046 0
1047 2
1048 2
1049 2
1050 1
1051 1
1052 1
1053 2
1054 1
1055 3
1056 2
1057 2
1058 2
1059 3
1060 1
1061 2
1062 2
1063 2
1064 0
1065 2
1066 1
1067 2
1068 1
1069 2
1070 3
1071 3
1072 0
1073 2
1074 2
1075 2
1076 2
1077 2
1078 3
1079 3
1080 3
1081 2
1082 2
1083 1
1084 3
1085 2
1086 2
1087 2
1088 2
1089 3
1090 2
1091 2
1092 2
1093 2
1094 3
1095 2
1096 2
1097 1
1098 4
1099 4
1100 3
1101 2
1102 2
1103 1
1104 2
1105 2
1106 2
1107 2
1108 2
1109 3
1110 2
1111 2
1112 3
1113 3
1114 1
1115 2
1116 0
1117 2
1118 2
1119 3
1120 2
1121 1
1122 1
1123 3
1124 2
1125 1
1126 2
1127 1
1128 2
1129 3
1130 3
1131 1
1132 3
1133 1
1134 2
1135 2
1136 2
1137 3
1138 3
1139 2
1140 2
1141 2
1142 2
1143 3
1144 2
1145 1
1146 2
1147 3
1148 3
1149 3
1150 1
1151 1
1152 0
1153 3
1154 3
1155 2
1156 1
1157 2
1158 2
1159 1
1160 3
1161 1
1162 2
1163 2
1164 2
1165 2
1166 2
1167 3
1168 2
1169 2
1170 3
1171 2
1172 2
1173 2
1174 3
1175 0
1176 3
1177 3
1178 1
1179 2
1180 1
1181 3
1182 2
1183 2
1184 2
1185 2
1186 1
1187 2
1188 2
1189 2
1190 2
1191 2
1192 4
1193 2
1194 2
1195 2
1196 3
1197 3
1198 1
1199 3
1200 0
1201 3
1202 2
1203 2
1204 3
1205 3
1206 4
1207 2
1208 2
1209 1
1210 1
1211 3
1212 1
1213 0
1214 1
1215 1
1216 1
1217 0
1218 1
1219 2
1220 1
1221 1
1222 0
1223 0
1224 0
1225 0
1226 2
1227 0
1228 1
1229 1
1230 0
1231 0
1232 1
1233 2
1234 1
1235 0
1236 0
1237 0
1238 0
1239 0
1240 0
1241 2
1242 0
1243 0
1244 0
1245 0
1246 0
1247 0
1248 0
1249 0
1250 0
1251 0
1252 0
1253 0
1254 0
1255 0
1256 0
1257 0
1258 0
1259 0
1260 0
1261 0
1262 0
1263 0
1264 0
1265 0
1266 0
1267 0
1268 0
1269 0
1270 0
1271 0
1272 0
1273 0
1274 0
1275 0
1276 0
1277 0
1278 0
1279 0
1280 0
1281 0
1282 0
1283 0
1284 0
1285 0
1286 0
1287 0
1288 0
1289 0
1290 0
1291 0
1292 0
1293 0
1294 0
1295 0
1296 0
1297 0
1298 0
1299 0
1300 0
1301 0
1302 0
1303 0
1304 0
1305 0
1306 1
1307 1
1308 1
1309 0
1310 1
1311 0
1312 1
1313 0
1314 2
1315 0
1316 2
1317 1
1318 0
1319 1
1320 0
1321 0
1322 0
1323 0
1324 0
1325 0
1326 0
1327 0
1328 0
1329 1
1330 0
1331 1
1332 0
1333 1
1334 1
1335 1
1336 1
1337 0
1338 0
1339 2
1340 1
1341 2
1342 2
1343 1
1344 0
1345 0
1346 1
1347 0
1348 0
1349 0
1350 1
1351 0
1352 0
1353 1
1354 1
1355 0
1356 1
1357 0
1358 0
1359 2
1360 0
1361 0
1362 0
1363 0
1364 0
1365 0
1366 0
1367 0
1368 1
1369 1
1370 1
1371 1
1372 1
1373 1
1374 2
1375 1
1376 0
1377 0
1378 0
1379 0
1380 0
1381 0
1382 0
1383 0
1384 0
1385 0
1386 0
1387 0
1388 0
1389 1
1390 0
1391 0
1392 0
1393 0
1394 0
1395 0
1396 0
1397 0
1398 0
1399 0
1400 0
1401 1
1402 1
1403 0
1404 0
1405 0
1406 0
1407 0
1408 1
1409 0
1410 0
1411 0
1412 0
1413 1
1414 0
1415 0
1416 0
1417 0
1418 2
1419 1
1420 1
1421 1
1422 1
1423 2
1424 0
1425 2
1426 1
1427 2
1428 1
1429 2
1430 0
1431 1
1432 1
1433 1
1434 0
1435 1
1436 0
1437 0
1438 0
1439 1
1440 0
1441 1
1442 1
1443 0
1444 1
1445 0
1446 3
1447 1
1448 1
1449 1
1450 2
1451 1
1452 0
1453 0
1454 0
1455 2
1456 1
1457 0
1458 0
1459 0
1460 0
1461 0
1462 0
1463 1
1464 0
1465 0
1466 0
1467 0
1468 0
1469 0
1470 0
1471 1
1472 0
1473 1
1474 1
1475 1
1476 1
1477 2
1478 0
1479 0
1480 1
1481 0
1482 1
1483 1
1484 1
1485 0
1486 1
1487 3
1488 0
1489 0
1490 0
1491 1
1492 0
1493 2
1494 0
1495 0
1496 1
1497 0
1498 0
1499 0
1500 0
1501 0
1502 0
1503 1
1504 0
1505 0
1506 0
1507 0
1508 2
1509 0
1510 1
1511 0
1512 0
1513 0
1514 1
1515 3
1516 1
1517 1
1518 0
1519 0
1520 0
1521 0
1522 0
1523 0
1524 0
1525 0
1526 0
1527 0
1528 0
1529 0
1530 0
1531 1
1532 2
1533 0
1534 0
1535 0
1536 1
1537 0
1538 0
1539 1
1540 0
1541 1
1542 0
1543 2
1544 1
1545 0
1546 0
1547 0
1548 0
1549 0
1550 0
1551 0
1552 0
1553 0
1554 0
1555 0
1556 1
1557 1
1558 0
1559 0
1560 0
1561 1
1562 3
1563 0
1564 2
1565 1
1566 0
1567 1
1568 0
1569 0
1570 0
1571 0
1572 1
1573 1
1574 0
1575 0
1576 0
1577 0
1578 0
1579 0
1580 0
1581 0
1582 0
1583 0
1584 0
1585 0
1586 0
1587 0
1588 1
1589 0
1590 0
1591 0
1592 0
1593 0
1594 0
1595 1
1596 1
1597 0
1598 0
1599 2
1600 0
1601 1
1602 2
1603 0
1604 0
1605 0
1606 0
1607 0
1608 0
1609 0
1610 0
1611 0
1612 0
1613 0
1614 0
1615 0
1616 0
1617 0
1618 0
1619 0
1620 0
1621 0
1622 0
1623 0
1624 1
1625 2
1626 1
1627 0
1628 2
1629 1
1630 2
1631 1
1632 2
1633 1
1634 3
1635 2
1636 2
1637 0
1638 1
1639 1
1640 1
1641 3
1642 2
1643 0
1644 0
1645 1
1646 0
1647 0
1648 1
1649 0
1650 1
1651 0
1652 0
1653 0
1654 0
1655 0
1656 0
1657 1
1658 1
1659 0
1660 1
1661 0
1662 0
1663 0
1664 0
1665 0
1666 0
1667 0
1668 1
1669 2
1670 0
1671 0
1672 0
1673 0
1674 0
1675 0
1676 0
1677 0
1678 0
1679 0
1680 0
1681 0
1682 0
1683 1
1684 0
1685 0
1686 0
1687 0
1688 0
1689 0
1690 0
1691 0
1692 0
1693 0
1694 0
1695 0
1696 0
1697 0
1698 0
1699 0
1700 1
1701 0
1702 0
1703 0
1704 0
1705 0
1706 0
1707 0
1708 0
1709 0
1710 0
1711 0
1712 0
1713 0
1714 0
1715 0
1716 0
1717 0
1718 0
1719 0
1720 0
1721 0
1722 0
1723 0
1724 0
1725 0
1726 0
1727 0
1728 0
1729 2
1730 0
1731 0
1732 0
1733 0
1734 1
1735 3
1736 1
1737 3
1738 2
1739 1
1740 0
1741 1
1742 1
1743 1
1744 1
1745 1
1746 1
1747 0
1748 0
1749 0
1750 0
1751 0
1752 0
1753 2
1754 1
1755 1
1756 0
1757 1
1758 0
1759 3
1760 1
1761 0
1762 1
1763 0
1764 0
1765 0
1766 0
1767 1
1768 0
1769 1
1770 0
1771 1
1772 2
1773 1
1774 1
1775 1
1776 1
1777 0
1778 1
1779 0
1780 0
1781 0
1782 0
1783 0
1784 1
1785 0
1786 0
1787 0
1788 0
1789 0
1790 0
1791 0
1792 0
1793 0
1794 0
1795 0
1796 0
1797 0
1798 0
1799 0
1800 0
1801 0
1802 0
1803 0
1804 0
1805 0
1806 1
1807 2
1808 0
1809 0
1810 1
1811 0
1812 0
1813 0
1814 3
1815 0
1816 3
1817 1
1818 1
1819 1
1820 2
1821 2
1822 1
1823 1
1824 3
1825 0
1826 0
1827 0
1828 0
1829 0
1830 1
1831 1
1832 0
1833 0
1834 0
1835 0
1836 0
1837 0
1838 0
1839 1
1840 1
1841 0
1842 1
1843 0
1844 0
1845 0
1846 0
1847 0
1848 2
1849 3
1850 2
1851 0
1852 0
1853 0
1854 0
1855 0
1856 0
1857 0
1858 0
1859 0
1860 0
1861 0
1862 0
1863 0
1864 0
1865 0
1866 0
1867 0
1868 0
1869 0
1870 0
1871 0
1872 0
1873 0
1874 0
1875 0
1876 0
1877 0
1878 0
1879 0
1880 0
1881 0
1882 0
1883 0
1884 0
1885 0
1886 0
1887 0
1888 0
1889 0
1890 0
1891 0
1892 0
1893 0
1894 0
1895 0
1896 0
1897 0
1898 0
1899 0
1900 0
1901 0
1902 0
1903 0
1904 0
1905 0
1906 0
1907 0
1908 0
1909 0
1910 0
1911 0
1912 0
1913 0
1914 0
1915 0
1916 0
1917 0
1918 0
1919 0
1920 0
1921 0
1922 0
1923 1
1924 0
1925 0
1926 0
1927 0
1928 0
1929 0
1930 0
1931 0
1932 0
1933 0
1934 0
1935 0
1936 0
1937 0
1938 0
1939 0
1940 0
1941 0
1942 0
1943 0
1944 0
1945 0
1946 0
1947 0
1948 0
1949 1
1950 1
1951 1
1952 2
1953 1
1954 1
1955 1
1956 0
1957 0
1958 0
1959 0
1960 0
1961 0
1962 0
1963 0
1964 0
1965 0
1966 0
1967 0
1968 0
1969 0
1970 0
1971 2
1972 0
1973 0
1974 0
1975 0
1976 0
1977 0
1978 1
1979 0
1980 0
1981 0
1982 0
1983 0
1984 0
1985 0
1986 0
1987 0
1988 1
1989 1
1990 3
1991 1
1992 0
1993 0
1994 0
1995 2
1996 0
1997 0
1998 1
1999 0
