0 1
1 1
2 1
3 0
4 0
5 0
6 1
7 1
8 1
9 0
10 0
11 1
12 0
13 0
14 0
15 0
16 0
17 0
18 0
19 0
20 0
21 0
22 0
23 1
24 0
25 0
26 0
27 0
28 0
29 0
30 0
31 0
32 0
33 0
34 0
35 0
36 0
37 0
38 0
39 0
40 0
41 0
42 0
43 0
44 0
45 0
46 1
47 1
48 0
49 0
50 1
51 0
52 0
53 0
54 1
55 1
56 0
57 0
58 0
59 0
60 1
61 1
62 0
63 1
64 1
65 0
66 0
67 1
68 1
69 0
70 0
71 0
72 0
73 0
74 0
75 0
76 0
77 1
78 0
79 0
80 0
81 0
82 0
83 0
84 1
85 1
86 1
87 0
88 2
89 1
90 1
91 2
92 0
93 0
94 0
95 0
96 0
97 0
98 0
99 0
100 0
101 0
102 0
103 0
104 1
105 0
106 0
107 1
108 0
109 0
110 0
111 1
112 1
113 0
114 1
115 2
116 1
117 0
118 0
119 0
120 0
121 0
122 0
123 1
124 1
125 1
126 1
127 0
128 1
129 1
130 0
131 0
132 0
133 0
134 1
135 0
136 0
137 0
138 0
139 0
140 0
141 0
142 0
143 1
144 0
145 0
146 3
147 0
148 0
149 1
150 2
151 0
152 0
153 0
154 0
155 1
156 0
157 0
158 0
159 0
160 0
161 0
162 0
163 1
164 0
165 1
166 0
167 0
168 0
169 0
170 0
171 0
172 1
173 1
174 0
175 0
176 0
177 0
178 0
179 0
180 1
181 0
182 0
183 1
184 1
185 0
186 1
187 0
188 0
189 0
190 0
191 0
192 0
193 0
194 0
195 0
196 0
197 0
198 0
199 0
200 1
201 1
202 1
203 1
204 1
205 1
206 1
207 1
208 1
209 1
210 0
211 1
212 0
213 1
214 1
215 0
216 1
217 1
218 2
219 0
220 1
221 1
222 1
223 0
224 0
225 0
226 0
227 0
228 1
229 1
230 0
231 0
232 1
233 2
234 1
235 0
236 0
237 0
238 2
239 0
240 0
241 0
242 0
243 0
244 0
245 0
246 0
247 1
248 0
249 0
250 0
251 0
252 0
253 0
254 0
255 0
256 0
257 1
258 0
259 1
260 0
261 1
262 1
263 0
264 0
265 1
266 1
267 0
268 0
269 0
270 0
271 0
272 0
273 0
274 0
275 0
276 1
277 0
278 1
279 0
280 1
281 0
282 0
283 1
284 1
285 1
286 0
287 0
288 1
289 1
290 1
291 0
292 0
293 1
294 1
295 0
296 0
297 0
298 0
299 0
300 0
301 0
302 0
303 0
304 2
305 1
306 1
307 1
308 1
309 0
310 0
311 0
312 0
313 0
314 0
315 1
316 1
317 0
318 0
319 0
320 0
321 0
322 0
323 0
324 1
325 1
326 1
327 0
328 0
329 0
330 0
331 0
332 0
333 1
334 0
335 0
336 1
337 0
338 0
339 0
340 0
341 0
342 0
343 0
344 0
345 0
346 0
347 0
348 0
349 0
350 1
351 0
352 0
353 1
354 0
355 0
356 0
357 1
358 0
359 0
360 1
361 1
362 0
363 0
364 1
365 0
366 0
367 1
368 0
369 0
370 1
371 0
372 0
373 0
374 1
375 1
376 1
377 0
378 0
379 0
380 0
381 0
382 0
383 0
384 0
385 0
386 0
387 0
388 0
389 0
390 0
391 1
392 0
393 0
394 0
395 0
396 1
397 0
398 1
399 0
400 0
401 0
402 1
403 0
404 1
405 0
406 1
407 0
408 0
409 0
410 0
411 0
412 0
413 0
414 0
415 0
416 0
417 1
418 0
419 0
420 0
421 0
422 0
423 1
424 0
425 0
426 0
427 0
428 0
429 1
430 1
431 0
432 0
433 0
434 1
435 0
436 0
437 0
438 0
439 0
440 0
441 0
442 0
443 0
444 0
445 0
446 0
447 0
448 0
449 0
450 1
451 0
452 0
453 1
454 0
455 0
456 0
457 0
458 0
459 0
460 0
461 2
462 0
463 0
464 1
465 0
466 1
467 1
468 0
469 1
470 1
471 0
472 0
473 0
474 0
475 0
476 0
477 0
478 0
479 0
480 0
481 0
482 1
483 1
484 1
485 0
486 0
487 1
488 1
489 0
490 0
491 1
492 0
493 0
494 0
495 0
496 0
497 0
498 0
499 0
500 0
501 0
502 0
503 0
504 0
505 0
506 0
507 1
508 0
509 1
510 0
511 0
512 0
513 1
514 0
515 0
516 1
517 1
518 3
519 1
520 0
521 0
522 0
523 0
524 0
525 1
526 0
527 1
528 0
529 0
530 1
531 0
532 0
533 1
534 1
535 0
536 0
537 0
538 0
539 0
540 0
541 0
542 0
543 0
544 1
545 1
546 1
547 0
548 0
549 0
550 2
551 1
552 1
553 0
554 1
555 0
556 0
557 0
558 0
559 1
560 1
561 1
562 0
563 1
564 0
565 1
566 0
567 0
568 1
569 0
570 1
571 1
572 0
573 0
574 0
575 0
576 1
577 0
578 1
579 1
580 2
581 1
582 1
583 1
584 1
585 0
586 1
587 0
588 0
589 1
590 0
591 0
592 0
593 0
594 0
595 0
596 0
597 0
598 0
599 0
600 0
601 0
602 0
603 0
604 0
605 0
606 0
607 0
608 2
609 1
610 0
611 0
612 0
613 0
614 0
615 0
616 0
617 0
618 0
619 0
620 0
621 0
622 0
623 0
624 0
625 0
626 0
627 0
628 0
629 1
630 0
631 0
632 0
633 0
634 0
635 0
636 0
637 0
638 0
639 0
640 0
641 0
642 0
643 0
644 0
645 0
646 0
647 0
648 0
649 0
650 0
651 0
652 0
653 0
654 0
655 0
656 1
657 0
658 2
659 1
660 0
661 0
662 0
663 0
664 0
665 1
666 1
667 0
668 0
669 0
670 1
671 0
672 0
673 0
674 0
675 1
676 0
677 0
678 0
679 2
680 0
681 0
682 1
683 1
684 1
685 0
686 0
687 1
688 0
689 1
690 0
691 1
692 0
693 1
694 0
695 0
696 0
697 0
698 0
699 1
700 2
701 1
702 0
703 0
704 0
705 1
706 1
707 0
708 0
709 2
710 0
711 0
712 1
713 1
714 1
715 1
716 2
717 3
718 1
719 2
720 0
721 1
722 0
723 1
724 0
725 1
726 2
727 2
728 1
729 1
730 2
731 2
732 1
733 2
734 0
735 1
736 1
737 1
738 1
739 2
740 1
741 1
742 3
743 1
744 1
745 0
746 1
747 0
748 1
749 1
750 1
751 2
752 2
753 0
754 1
755 3
756 1
757 0
758 1
759 2
760 2
761 2
762 0
763 2
764 1
765 3
766 1
767 2
768 1
769 2
770 2
771 1
772 1
773 2
774 2
775 2
776 2
777 0
778 1
779 4
780 1
781 2
782 1
783 0
784 0
785 2
786 0
787 0
788 1
789 0
790 0
791 1
792 1
793 1
794 1
795 1
796 0
797 2
798 0
799 0
800 0
801 1
802 1
803 2
804 0
805 2
806 2
807 2
808 1
809 1
810 1
811 2
812 2
813 3
814 1
815 3
816 0
817 2
818 2
819 1
820 1
821 2
822 1
823 1
824 2
825 2
826 1
827 1
828 1
829 1
830 0
831 1
832 1
833 1
834 2
835 2
836 2
837 1
838 2
839 1
840 0
841 2
842 0
843 1
844 1
845 1
846 2
847 2
848 0
849 1
850 1
851 3
852 2
853 0
854 1
855 1
856 0
857 0
858 2
859 2
860 1
861 1
862 2
863 2
864 2
865 3
866 2
867 1
868 1
869 1
870 1
871 2
872 1
873 2
874 1
875 2
876 0
877 1
878 3
879 3
880 3
881 2
882 4
883 2
884 2
885 3
886 1
887 1
888 2
889 0
890 0
891 4
892 1
893 1
894 1
895 1
896 1
897 1
898 1
899 1
900 1
901 1
902 0
903 2
904 2
905 2
906 1
907 0
908 2
909 1
910 1
911 1
912 2
913 2
914 1
915 1
916 1
917 2
918 1
919 1
920 1
921 2
922 0
923 0
924 2
925 1
926 1
927 1
928 1
929 1
930 1
931 2
932 0
933 2
934 1
935 1
936 0
937 2
938 0
939 1
940 0
941 0
942 0
943 0
944 0
945 1
946 0
947 1
948 1
949 0
950 0
951 1
952 1
953 1
954 1
955 0
956 1
957 0
958 0
959 1
960 0
961 0
962 1
963 2
964 1
965 1
966 1
967 1
968 1
969 1
970 1
971 1
972 1
973 1
974 1
975 1
976 1
977 1
978 0
979 1
980 1
981 2
982 2
983 2
984 1
985 1
986 0
987 2
988 2
989 0
990 1
991 0
992 0
993 1
994 2
995 2
996 1
997 1
998 0
999 1
1000 1
1001 1
1002 0
1003 3
1004 2
1005 1
1006 1
1007 1
1008 3
1009 1
1010 3
1011 3
1012 1
1013 2
1014 1
1015 2
1016 1
1017 0
1018 0
1019 0
1020 0
1021 2
1022 0
1023 0
1024 0
1025 0
1026 2
1027 0
1028 0
1029 1
1030 1
1031 0
1032 1
1033 0
1034 0
1035 0
1036 0
1037 1
1038 0
1039 0
1040 1
1041 0
1042 2
1043 1
1044 1
1045 1
1046 0
1047 3
1048 0
1049 1
1050 0
1051 0
1052 3
1053 0
1054 0
1055 2
1056 1
1057 1
1058 1
1059 1
1060 0
1061 1
1062 1
1063 2
1064 2
1065 2
1066 1
1067 0
1068 3
1069 0
1070 2
1071 2
1072 0
1073 2
1074 2
1075 1
1076 2
1077 1
1078 1
1079 1
1080 2
1081 2
1082 1
1083 0
1084 1
1085 1
1086 1
1087 0
1088 3
1089 2
1090 2
1091 2
1092 2
1093 2
1094 1
1095 2
1096 2
1097 2
1098 2
1099 3
1100 1
1101 1
1102 1
1103 2
1104 1
1105 4
1106 1
1107 2
1108 3
1109 2
1110 2
1111 2
1112 1
1113 0
1114 1
1115 0
1116 2
1117 0
1118 0
1119 1
1120 2
1121 0
1122 1
1123 0
1124 0
1125 2
1126 0
1127 2
1128 1
1129 1
1130 1
1131 1
1132 0
1133 0
1134 0
1135 1
1136 1
1137 1
1138 0
1139 0
1140 0
1141 0
1142 0
1143 0
1144 1
1145 2
1146 0
1147 0
1148 0
1149 0
1150 1
1151 0
1152 0
1153 1
1154 1
1155 1
1156 1
1157 1
1158 1
1159 1
1160 0
1161 1
1162 1
1163 1
1164 1
1165 0
1166 1
1167 2
1168 0
1169 1
1170 2
1171 1
1172 1
1173 2
1174 2
1175 0
1176 1
1177 1
1178 1
1179 2
1180 1
1181 1
1182 2
1183 3
1184 2
1185 2
1186 0
1187 1
1188 1
1189 0
1190 1
1191 1
1192 1
1193 0
1194 2
1195 1
1196 1
1197 1
1198 1
1199 1
1200 0
1201 1
1202 1
1203 0
1204 1
1205 1
1206 1
1207 2
1208 1
1209 0
1210 2
1211 0
1212 1
1213 0
1214 1
1215 1
1216 1
1217 0
1218 0
1219 1
1220 2
1221 2
1222 0
1223 1
1224 0
1225 1
1226 1
1227 1
1228 2
1229 1
1230 2
1231 3
1232 1
1233 1
1234 1
1235 1
1236 2
1237 0
1238 2
1239 0
1240 1
1241 0
1242 1
1243 1
1244 1
1245 1
1246 1
1247 0
1248 1
1249 1
1250 1
1251 1
1252 2
1253 1
1254 1
1255 0
1256 1
1257 0
1258 0
1259 0
1260 1
1261 0
1262 0
1263 0
1264 0
1265 1
1266 0
1267 0
1268 0
1269 0
1270 0
1271 0
1272 0
1273 0
1274 0
1275 0
1276 0
1277 0
1278 0
1279 0
1280 0
1281 0
1282 0
1283 0
1284 0
1285 0
1286 0
1287 0
1288 1
1289 0
1290 1
1291 1
1292 1
1293 0
1294 0
1295 0
1296 0
1297 0
1298 0
1299 0
1300 0
1301 0
1302 0
1303 0
1304 0
1305 0
1306 0
1307 0
1308 0
1309 0
1310 0
1311 0
1312 0
1313 0
1314 0
1315 0
1316 0
1317 0
1318 0
1319 0
1320 0
1321 0
1322 0
1323 0
1324 0
1325 0
1326 1
1327 0
1328 0
1329 0
1330 0
1331 0
1332 0
1333 0
1334 0
1335 0
1336 0
1337 0
1338 0
1339 0
1340 0
1341 0
1342 0
1343 0
1344 0
1345 0
1346 0
1347 0
1348 0
1349 0
1350 0
1351 0
1352 0
1353 0
1354 0
1355 0
1356 0
1357 0
1358 0
1359 1
1360 0
1361 0
1362 0
1363 0
1364 0
1365 0
1366 0
1367 0
1368 0
1369 0
1370 0
1371 0
1372 0
1373 0
1374 0
1375 0
1376 0
1377 0
1378 0
1379 0
1380 1
1381 1
1382 1
1383 0
1384 0
1385 0
1386 0
1387 0
1388 0
1389 0
1390 0
1391 0
1392 0
1393 1
1394 0
1395 0
1396 0
1397 0
1398 1
1399 0
1400 0
1401 0
1402 0
1403 0
1404 0
1405 0
1406 0
1407 0
1408 0
1409 0
1410 0
1411 0
1412 0
1413 0
1414 0
1415 0
1416 0
1417 0
1418 0
1419 0
1420 0
1421 0
1422 0
1423 0
1424 0
1425 0
1426 0
1427 0
1428 0
1429 0
1430 0
1431 0
1432 0
1433 0
1434 0
1435 1
1436 0
1437 0
1438 0
1439 0
1440 0
1441 0
1442 0
1443 0
1444 0
1445 0
1446 0
1447 0
1448 0
1449 0
1450 0
1451 0
1452 0
1453 0
1454 0
1455 0
1456 0
1457 0
1458 0
1459 0
1460 0
1461 0
1462 0
1463 0
1464 0
1465 0
1466 0
1467 0
1468 0
1469 0
1470 0
1471 0
1472 0
1473 0
1474 0
1475 0
1476 0
1477 0
1478 0
1479 0
1480 0
1481 0
1482 0
1483 0
1484 0
1485 0
1486 0
1487 0
1488 0
1489 0
1490 0
1491 0
1492 0
1493 0
1494 0
1495 0
1496 0
1497 0
1498 0
1499 0
1500 0
1501 0
1502 0
1503 0
1504 0
1505 0
1506 0
1507 0
1508 0
1509 0
1510 0
1511 0
1512 0
1513 0
1514 0
1515 0
1516 0
1517 0
1518 0
1519 0
1520 0
1521 0
1522 0
1523 0
1524 0
1525 0
1526 0
1527 0
1528 1
1529 0
1530 0
1531 0
1532 0
1533 0
1534 0
1535 0
1536 0
1537 0
1538 2
1539 0
1540 1
1541 0
1542 0
1543 0
1544 0
1545 0
1546 0
1547 0
1548 0
1549 0
1550 0
1551 1
1552 0
1553 0
1554 0
1555 0
1556 1
1557 0
1558 1
1559 1
1560 0
1561 0
1562 0
1563 0
1564 0
1565 0
1566 0
1567 0
1568 0
1569 0
1570 0
1571 0
1572 0
1573 0
1574 0
1575 0
1576 0
1577 1
1578 0
1579 1
1580 1
1581 0
1582 1
1583 1
1584 0
1585 0
1586 0
1587 0
1588 0
1589 0
1590 0
1591 0
1592 0
1593 0
1594 0
1595 0
1596 0
1597 0
1598 0
1599 0
1600 0
1601 0
1602 0
1603 0
1604 0
1605 0
1606 1
1607 0
1608 0
1609 1
1610 0
1611 0
1612 1
1613 0
1614 1
1615 0
1616 1
1617 1
1618 0
1619 2
1620 0
1621 0
1622 0
1623 0
1624 0
1625 0
1626 0
1627 0
1628 0
1629 0
1630 0
1631 0
1632 0
1633 0
1634 0
1635 0
1636 0
1637 0
1638 0
1639 0
1640 0
1641 0
1642 0
1643 0
1644 0
1645 0
1646 0
1647 0
1648 0
1649 0
1650 0
1651 0
1652 0
1653 0
1654 0
1655 0
1656 0
1657 0
1658 0
1659 0
1660 0
1661 0
1662 0
1663 0
1664 0
1665 0
1666 0
1667 0
1668 0
1669 0
1670 0
1671 0
1672 0
1673 0
1674 0
1675 0
1676 0
1677 0
1678 0
1679 0
1680 0
1681 0
1682 0
1683 0
1684 0
1685 0
1686 0
1687 0
1688 0
1689 0
1690 0
1691 0
1692 0
1693 0
1694 0
1695 0
1696 0
1697 0
1698 0
1699 0
1700 0
1701 0
1702 0
1703 0
1704 0
1705 0
1706 0
1707 0
1708 0
1709 0
1710 0
1711 0
1712 0
1713 0
1714 0
1715 1
1716 0
1717 0
1718 0
1719 0
1720 0
1721 0
1722 0
1723 0
1724 1
1725 0
1726 0
1727 0
1728 0
1729 1
1730 1
1731 1
1732 0
1733 0
1734 0
1735 0
1736 1
1737 1
1738 1
1739 3
1740 0
1741 1
1742 0
1743 0
1744 0
1745 0
1746 0
1747 0
1748 0
1749 0
1750 0
1751 0
1752 0
1753 0
1754 0
1755 1
1756 0
1757 0
1758 0
1759 0
1760 0
1761 0
1762 0
1763 0
1764 0
1765 0
1766 0
1767 0
1768 1
1769 0
1770 0
1771 0
1772 0
1773 0
1774 0
1775 0
1776 0
1777 0
1778 0
1779 0
1780 1
1781 0
1782 0
1783 0
1784 0
1785 0
1786 0
1787 0
1788 0
1789 0
1790 0
1791 0
1792 0
1793 0
1794 0
1795 0
1796 1
1797 0
1798 0
1799 0
1800 0
1801 0
1802 0
1803 0
1804 0
1805 0
1806 0
1807 0
1808 0
1809 0
1810 0
1811 0
1812 0
1813 0
1814 0
1815 0
1816 1
1817 0
1818 0
1819 0
1820 0
1821 0
1822 0
1823 0
1824 0
1825 0
1826 0
1827 0
1828 1
1829 0
1830 0
1831 0
1832 0
1833 0
1834 0
1835 0
1836 0
1837 0
1838 0
1839 0
1840 0
1841 0
1842 0
1843 0
1844 0
1845 0
1846 0
1847 0
1848 0
1849 0
1850 0
1851 0
1852 0
1853 0
1854 0
1855 0
1856 0
1857 0
1858 0
1859 0
1860 0
1861 0
1862 0
1863 0
1864 0
1865 0
1866 0
1867 0
1868 0
1869 0
1870 0
1871 0
1872 0
1873 0
1874 0
1875 0
1876 0
1877 0
1878 0
1879 0
1880 0
1881 0
1882 0
1883 0
1884 0
1885 0
1886 0
1887 0
1888 0
1889 0
1890 0
1891 0
1892 0
1893 0
1894 0
1895 0
1896 0
1897 0
1898 0
1899 0
1900 0
1901 0
1902 0
1903 1
1904 0
1905 0
1906 0
1907 0
1908 0
1909 0
1910 0
1911 0
1912 1
1913 0
1914 0
1915 0
1916 0
1917 0
1918 0
1919 0
1920 0
1921 0
1922 0
1923 0
1924 0
1925 0
1926 0
1927 0
1928 0
1929 0
1930 0
1931 0
1932 0
1933 0
1934 0
1935 0
1936 0
1937 0
1938 0
1939 0
1940 0
1941 1
1942 0
1943 0
1944 0
1945 0
1946 1
1947 2
1948 0
1949 0
1950 0
1951 0
1952 0
1953 0
1954 0
1955 0
1956 0
1957 0
1958 1
1959 0
1960 1
1961 1
1962 0
1963 0
1964 0
1965 0
1966 0
1967 0
1968 1
1969 0
1970 0
1971 1
1972 0
1973 1
1974 0
1975 0
1976 0
1977 1
1978 0
1979 0
1980 1
1981 1
1982 0
1983 0
1984 0
1985 0
1986 0
1987 0
1988 0
1989 0
1990 0
1991 0
1992 0
1993 0
1994 1
1995 0
1996 0
1997 1
1998 0
1999 0
