0 0
1 0
2 0
3 0
4 1
5 1
6 1
7 0
8 1
9 0
10 1
11 1
12 1
13 1
14 1
15 1
16 2
17 1
18 0
19 1
20 1
21 0
22 1
23 1
24 1
25 1
26 1
27 1
28 1
29 1
30 1
31 2
32 0
33 0
34 2
35 0
36 1
37 0
38 0
39 0
40 0
41 0
42 0
43 0
44 2
45 1
46 1
47 0
48 2
49 0
50 1
51 0
52 0
53 1
54 1
55 0
56 0
57 1
58 1
59 2
60 1
61 1
62 1
63 1
64 0
65 0
66 1
67 1
68 1
69 1
70 1
71 1
72 1
73 1
74 1
75 1
76 1
77 1
78 1
79 2
80 1
81 1
82 1
83 2
84 2
85 0
86 1
87 1
88 0
89 0
90 2
91 0
92 0
93 1
94 1
95 1
96 1
97 1
98 1
99 1
100 1
101 0
102 1
103 3
104 0
105 1
106 1
107 1
108 1
109 1
110 1
111 2
112 2
113 1
114 1
115 2
116 1
117 1
118 0
119 0
120 0
121 1
122 0
123 1
124 1
125 1
126 2
127 1
128 1
129 1
130 2
131 0
132 1
133 0
134 1
135 1
136 2
137 1
138 2
139 1
140 1
141 1
142 1
143 1
144 1
145 1
146 1
147 1
148 1
149 1
150 1
151 1
152 1
153 1
154 1
155 0
156 2
157 1
158 1
159 0
160 1
161 1
162 1
163 1
164 0
165 1
166 1
167 0
168 1
169 1
170 1
171 2
172 1
173 1
174 1
175 3
176 1
177 1
178 1
179 1
180 1
181 1
182 1
183 1
184 1
185 1
186 2
187 1
188 2
189 0
190 0
191 0
192 1
193 1
194 2
195 1
196 2
197 0
198 0
199 0
200 1
201 0
202 1
203 2
204 1
205 2
206 1
207 1
208 1
209 1
210 2
211 0
212 1
213 1
214 1
215 1
216 2
217 1
218 0
219 0
220 1
221 0
222 1
223 0
224 1
225 1
226 1
227 1
228 1
229 2
230 1
231 1
232 0
233 0
234 0
235 1
236 0
237 1
238 1
239 2
240 1
241 1
242 2
243 1
244 1
245 1
246 0
247 1
248 0
249 1
250 1
251 1
252 1
253 2
254 2
255 1
256 1
257 1
258 1
259 1
260 1
261 1
262 2
263 1
264 1
265 1
266 2
267 0
268 1
269 1
270 1
271 2
272 1
273 2
274 0
275 1
276 1
277 1
278 1
279 0
280 1
281 1
282 1
283 3
284 1
285 1
286 1
287 1
288 0
289 0
290 2
291 1
292 1
293 1
294 1
295 0
296 1
297 1
298 0
299 2
300 1
301 0
302 1
303 1
304 1
305 1
306 0
307 1
308 1
309 0
310 1
311 1
312 0
313 1
314 1
315 1
316 1
317 1
318 1
319 1
320 1
321 1
322 2
323 1
324 1
325 0
326 1
327 1
328 1
329 1
330 1
331 2
332 1
333 1
334 0
335 2
336 2
337 1
338 1
339 2
340 0
341 1
342 1
343 1
344 1
345 1
346 1
347 2
348 1
349 1
350 1
351 1
352 1
353 2
354 1
355 0
356 1
357 1
358 0
359 1
360 3
361 0
362 1
363 1
364 2
365 1
366 1
367 1
368 1
369 1
370 1
371 1
372 2
373 0
374 0
375 0
376 1
377 1
378 1
379 1
380 1
381 1
382 1
383 1
384 1
385 1
386 2
387 2
388 1
389 1
390 1
391 1
392 1
393 1
394 3
395 2
396 1
397 1
398 1
399 1
400 0
401 0
402 1
403 0
404 2
405 1
406 2
407 4
408 1
409 1
410 1
411 0
412 0
413 1
414 0
415 1
416 1
417 1
418 1
419 0
420 1
421 1
422 1
423 1
424 1
425 1
426 1
427 1
428 1
429 1
430 2
431 2
432 1
433 2
434 1
435 1
436 1
437 1
438 1
439 1
440 2
441 1
442 1
443 1
444 1
445 1
446 1
447 1
448 1
449 2
450 2
451 1
452 1
453 1
454 1
455 1
456 1
457 0
458 0
459 1
460 1
461 1
462 1
463 0
464 1
465 1
466 1
467 1
468 1
469 1
470 1
471 2
472 2
473 1
474 1
475 1
476 1
477 0
478 1
479 1
480 1
481 1
482 1
483 3
484 0
485 1
486 1
487 0
488 1
489 1
490 1
491 2
492 1
493 1
494 1
495 0
496 2
497 2
498 2
499 1
500 1
501 1
502 0
503 1
504 0
505 1
506 0
507 2
508 1
509 0
510 1
511 1
512 0
513 1
514 0
515 2
516 0
517 1
518 1
519 1
520 1
521 1
522 0
523 0
524 0
525 1
526 0
527 0
528 0
529 0
530 0
531 0
532 0
533 0
534 0
535 0
536 0
537 2
538 1
539 0
540 0
541 1
542 0
543 1
544 2
545 1
546 1
547 2
548 0
549 1
550 0
551 1
552 0
553 0
554 1
555 2
556 1
557 0
558 1
559 2
560 1
561 2
562 2
563 1
564 0
565 1
566 1
567 1
568 0
569 2
570 1
571 1
572 1
573 0
574 0
575 0
576 2
577 0
578 1
579 0
580 1
581 1
582 2
583 0
584 1
585 3
586 1
587 2
588 2
589 1
590 2
591 0
592 0
593 1
594 0
595 1
596 0
597 2
598 0
599 2
600 1
601 0
602 1
603 0
604 0
605 1
606 0
607 0
608 0
609 1
610 0
611 2
612 1
613 0
614 0
615 0
616 0
617 3
618 2
619 2
620 0
621 0
622 0
623 2
624 0
625 1
626 2
627 3
628 1
629 1
630 2
631 0
632 1
633 1
634 1
635 0
636 1
637 1
638 3
639 2
640 2
641 1
642 1
643 1
644 0
645 0
646 0
647 1
648 1
649 0
650 0
651 2
652 2
653 0
654 2
655 1
656 1
657 1
658 2
659 1
660 1
661 0
662 1
663 1
664 1
665 1
666 1
667 0
668 1
669 2
670 2
671 1
672 2
673 1
674 1
675 1
676 1
677 1
678 1
679 1
680 1
681 2
682 2
683 1
684 0
685 1
686 1
687 1
688 1
689 1
690 1
691 1
692 1
693 1
694 1
695 1
696 0
697 1
698 1
699 1
700 3
701 0
702 1
703 1
704 2
705 1
706 0
707 1
708 1
709 0
710 1
711 1
712 0
713 1
714 1
715 1
716 2
717 1
718 1
719 1
720 1
721 2
722 2
723 2
724 4
725 4
726 1
727 2
728 1
729 3
730 1
731 1
732 2
733 3
734 0
735 0
736 2
737 1
738 2
739 1
740 3
741 2
742 2
743 0
744 0
745 0
746 1
747 1
748 1
749 1
750 1
751 1
752 1
753 0
754 1
755 1
756 0
757 1
758 1
759 1
760 1
761 1
762 0
763 0
764 0
765 0
766 0
767 0
768 0
769 0
770 0
771 0
772 0
773 0
774 0
775 1
776 1
777 2
778 1
779 1
780 0
781 0
782 0
783 0
784 0
785 0
786 0
787 0
788 0
789 0
790 0
791 0
792 0
793 0
794 0
795 0
796 0
797 0
798 0
799 0
800 0
801 0
802 0
803 1
804 0
805 0
806 0
807 1
808 0
809 0
810 0
811 0
812 0
813 0
814 0
815 0
816 0
817 0
818 0
819 0
820 0
821 0
822 0
823 0
824 0
825 0
826 0
827 0
828 0
829 0
830 0
831 0
832 0
833 0
834 0
835 0
836 0
837 0
838 0
839 0
840 0
841 0
842 0
843 0
844 0
845 0
846 0
847 0
848 0
849 0
850 0
851 0
852 0
853 0
854 0
855 0
856 0
857 0
858 0
859 0
860 0
861 0
862 0
863 0
864 0
865 0
866 0
867 0
868 0
869 0
870 0
871 0
872 0
873 0
874 0
875 0
876 0
877 0
878 0
879 0
880 0
881 0
882 0
883 0
884 0
885 0
886 0
887 0
888 0
889 0
890 0
891 0
892 0
893 0
894 0
895 0
896 0
897 0
898 0
899 0
900 0
901 0
902 0
903 0
904 0
905 0
906 0
907 0
908 0
909 0
910 0
911 0
912 0
913 0
914 0
915 0
916 0
917 0
918 0
919 0
920 0
921 0
922 0
923 0
924 0
925 0
926 0
927 0
928 0
929 0
930 0
931 0
932 0
933 0
934 0
935 0
936 0
937 0
938 0
939 0
940 0
941 0
942 0
943 0
944 0
945 0
946 0
947 0
948 0
949 0
950 0
951 0
952 0
953 0
954 0
955 0
956 0
957 0
958 0
959 0
960 0
961 0
962 0
963 0
964 0
965 0
966 0
967 0
968 0
969 0
970 0
971 0
972 0
973 0
974 0
975 0
976 0
977 0
978 0
979 0
980 0
981 0
982 0
983 0
984 0
985 0
986 0
987 0
988 0
989 0
990 0
991 0
992 0
993 0
994 0
995 0
996 0
997 0
998 0
999 0
1000 0
1001 0
1002 0
1003 0
1004 0
1005 0
1006 0
1007 0
1008 0
1009 0
1010 0
1011 0
1012 0
1013 0
1014 0
1015 0
1016 0
1017 0
1018 0
1019 0
1020 0
1021 0
1022 0
1023 0
1024 0
1025 0
1026 0
1027 0
1028 0
1029 0
1030 0
1031 0
1032 0
1033 0
1034 0
1035 0
1036 0
1037 0
1038 0
1039 0
1040 0
1041 0
1042 0
1043 0
1044 0
1045 0
1046 0
1047 0
1048 0
1049 0
1050 0
1051 0
1052 0
1053 0
1054 0
1055 0
1056 0
1057 0
1058 0
1059 0
1060 0
1061 0
1062 0
1063 0
1064 0
1065 0
1066 0
1067 0
1068 0
1069 0
1070 0
1071 0
1072 0
1073 0
1074 0
1075 0
1076 0
1077 0
1078 0
1079 0
1080 0
1081 0
1082 0
1083 0
1084 0
1085 0
1086 0
1087 0
1088 0
1089 0
1090 0
1091 0
1092 0
1093 0
1094 0
1095 0
1096 0
1097 0
1098 0
1099 0
1100 0
1101 0
1102 0
1103 0
1104 0
1105 0
1106 0
1107 0
1108 0
1109 0
1110 0
1111 0
1112 0
1113 0
1114 0
1115 0
1116 0
1117 0
1118 0
1119 0
1120 0
1121 0
1122 0
1123 0
1124 0
1125 0
1126 0
1127 0
1128 0
1129 0
1130 0
1131 0
1132 0
1133 0
1134 0
1135 0
1136 0
1137 0
1138 0
1139 0
1140 0
1141 0
1142 0
1143 0
1144 0
1145 0
1146 0
1147 0
1148 0
1149 0
1150 0
1151 0
1152 0
1153 0
1154 0
1155 0
1156 0
1157 0
1158 0
1159 0
1160 0
1161 0
1162 0
1163 0
1164 0
1165 0
1166 0
1167 0
1168 0
1169 0
1170 0
1171 0
1172 0
1173 0
1174 0
1175 0
1176 0
1177 0
1178 0
1179 0
1180 0
1181 0
1182 0
1183 0
1184 0
1185 1
1186 2
1187 1
1188 1
1189 1
1190 2
1191 1
1192 0
1193 0
1194 3
1195 1
1196 3
1197 0
1198 1
1199 3
1200 1
1201 0
1202 1
1203 1
1204 1
1205 1
1206 0
1207 1
1208 1
1209 1
1210 0
1211 1
1212 1
1213 2
1214 1
1215 3
1216 0
1217 2
1218 4
1219 2
1220 1
1221 1
1222 1
1223 1
1224 1
1225 0
1226 2
1227 1
1228 1
1229 2
1230 0
1231 0
1232 2
1233 1
1234 0
1235 2
1236 2
1237 2
1238 1
1239 1
1240 1
1241 1
1242 1
1243 1
1244 1
1245 1
1246 1
1247 1
1248 1
1249 0
1250 0
1251 3
1252 3
1253 4
1254 1
1255 3
1256 1
1257 1
1258 1
1259 1
1260 1
1261 1
1262 1
1263 0
1264 1
1265 2
1266 0
1267 1
1268 1
1269 2
1270 0
1271 0
1272 0
1273 1
1274 2
1275 0
1276 1
1277 1
1278 2
1279 0
1280 0
1281 0
1282 0
1283 0
1284 0
1285 0
1286 0
1287 1
1288 0
1289 0
1290 1
1291 1
1292 1
1293 1
1294 1
1295 1
1296 2
1297 1
1298 1
1299 1
1300 1
1301 0
1302 0
1303 0
1304 0
1305 0
1306 0
1307 0
1308 0
1309 0
1310 0
1311 0
1312 0
1313 0
1314 0
1315 0
1316 0
1317 0
1318 0
1319 0
1320 0
1321 0
1322 0
1323 0
1324 0
1325 0
1326 0
1327 0
1328 0
1329 0
1330 0
1331 0
1332 0
1333 0
1334 0
1335 0
1336 0
1337 0
1338 0
1339 0
1340 0
1341 0
1342 0
1343 0
1344 0
1345 0
1346 0
1347 0
1348 0
1349 0
1350 0
1351 0
1352 0
1353 0
1354 0
1355 0
1356 0
1357 0
1358 0
1359 0
1360 0
1361 0
1362 0
1363 2
1364 1
1365 0
1366 0
1367 1
1368 0
1369 0
1370 0
1371 0
1372 1
1373 0
1374 0
1375 1
1376 1
1377 1
1378 1
1379 1
1380 1
1381 1
1382 1
1383 1
1384 0
1385 0
1386 0
1387 1
1388 1
1389 1
1390 1
1391 1
1392 1
1393 1
1394 1
1395 0
1396 0
1397 0
1398 1
1399 0
1400 0
1401 0
1402 1
1403 1
1404 0
1405 1
1406 1
1407 1
1408 1
1409 1
1410 0
1411 1
1412 0
1413 1
1414 1
1415 1
1416 0
1417 0
1418 0
1419 0
1420 0
1421 0
1422 0
1423 0
1424 0
1425 0
1426 0
1427 1
1428 1
1429 0
1430 0
1431 0
1432 0
1433 0
1434 0
1435 0
1436 0
1437 0
1438 0
1439 0
1440 0
1441 0
1442 0
1443 0
1444 0
1445 0
1446 0
1447 0
1448 1
1449 2
1450 2
1451 0
1452 2
1453 3
1454 3
1455 1
1456 1
1457 1
1458 1
1459 2
1460 1
1461 3
1462 3
1463 2
1464 0
1465 1
1466 0
1467 0
1468 0
1469 1
1470 1
1471 3
1472 1
1473 1
1474 1
1475 1
1476 0
1477 0
1478 0
1479 2
1480 0
1481 1
1482 2
1483 0
1484 0
1485 0
1486 0
1487 1
1488 2
1489 1
1490 1
1491 3
1492 1
1493 2
1494 2
1495 1
1496 0
1497 2
1498 1
1499 0
1500 1
1501 1
1502 0
1503 2
1504 2
1505 2
1506 0
1507 2
1508 2
1509 2
1510 1
1511 2
1512 1
1513 0
1514 1
1515 3
1516 2
1517 2
1518 1
1519 2
1520 2
1521 2
1522 2
1523 0
1524 0
1525 1
1526 0
1527 2
1528 2
1529 1
1530 1
1531 2
1532 2
1533 3
1534 1
1535 2
1536 0
1537 2
1538 2
1539 2
1540 2
1541 1
1542 1
1543 1
1544 2
1545 1
1546 2
1547 2
1548 0
1549 3
1550 2
1551 2
1552 1
1553 0
1554 1
1555 0
1556 1
1557 1
1558 0
1559 2
1560 0
1561 1
1562 0
1563 1
1564 3
1565 1
1566 1
1567 1
1568 1
1569 1
1570 1
1571 1
1572 1
1573 0
1574 1
1575 2
1576 2
1577 2
1578 2
1579 1
1580 1
1581 2
1582 0
1583 0
1584 1
1585 1
1586 0
1587 1
1588 0
1589 0
1590 0
1591 0
1592 0
1593 0
1594 0
1595 0
1596 1
1597 1
1598 1
1599 2
1600 0
1601 0
1602 0
1603 0
1604 0
1605 0
1606 1
1607 0
1608 1
1609 0
1610 1
1611 1
1612 0
1613 1
1614 0
1615 1
1616 1
1617 0
1618 0
1619 0
1620 0
1621 0
1622 0
1623 0
1624 0
1625 0
1626 0
1627 0
1628 0
1629 0
1630 0
1631 1
1632 1
1633 1
1634 1
1635 1
1636 1
1637 2
1638 0
1639 1
1640 1
1641 1
1642 1
1643 1
1644 1
1645 0
1646 0
1647 1
1648 1
1649 0
1650 0
1651 0
1652 0
1653 0
1654 0
1655 0
1656 0
1657 1
1658 2
1659 1
1660 2
1661 1
1662 0
1663 0
1664 0
1665 0
1666 0
1667 2
1668 0
1669 0
1670 0
1671 0
1672 0
1673 0
1674 1
1675 2
1676 1
1677 1
1678 0
1679 0
1680 0
1681 0
1682 0
1683 0
1684 0
1685 2
1686 0
1687 1
1688 2
1689 1
1690 1
1691 0
1692 1
1693 1
1694 0
1695 1
1696 1
1697 2
1698 1
1699 1
1700 1
1701 0
1702 2
1703 1
1704 2
1705 0
1706 0
1707 0
1708 0
1709 0
1710 0
1711 0
1712 0
1713 0
1714 0
1715 0
1716 0
1717 0
1718 0
1719 0
1720 3
1721 2
1722 1
1723 1
1724 1
1725 0
1726 1
1727 1
1728 1
1729 1
1730 2
1731 2
1732 0
1733 0
1734 0
1735 1
1736 0
1737 0
1738 1
1739 2
1740 1
1741 1
1742 1
1743 1
1744 1
1745 1
1746 1
1747 1
1748 2
1749 0
1750 0
1751 2
1752 0
1753 2
1754 1
1755 1
1756 1
1757 1
1758 0
1759 1
1760 0
1761 0
1762 0
1763 0
1764 1
1765 1
1766 0
1767 1
1768 0
1769 1
1770 1
1771 2
1772 0
1773 1
1774 1
1775 2
1776 2
1777 1
1778 1
1779 0
1780 2
1781 1
1782 1
1783 2
1784 1
1785 1
1786 1
1787 1
1788 1
1789 0
1790 1
1791 1
1792 1
1793 2
1794 1
1795 2
1796 1
1797 1
1798 0
1799 1
1800 1
1801 0
1802 1
1803 1
1804 1
1805 1
1806 1
1807 2
1808 0
1809 1
1810 2
1811 2
1812 0
1813 0
1814 0
1815 0
1816 0
1817 1
1818 2
1819 1
1820 1
1821 1
1822 1
1823 1
1824 0
1825 1
1826 1
1827 0
1828 1
1829 2
1830 1
1831 2
1832 2
1833 3
1834 1
1835 2
1836 0
1837 1
1838 1
1839 1
1840 1
1841 1
1842 1
1843 1
1844 1
1845 2
1846 1
1847 0
1848 2
1849 2
1850 1
1851 1
1852 2
1853 1
1854 1
1855 0
1856 1
1857 0
1858 2
1859 1
1860 1
1861 1
1862 0
1863 2
1864 1
1865 1
1866 0
1867 1
1868 2
1869 1
1870 2
1871 1
1872 0
1873 1
1874 0
1875 1
1876 0
1877 1
1878 2
1879 1
1880 1
1881 0
1882 2
1883 1
1884 1
1885 1
1886 0
1887 1
1888 1
1889 0
1890 0
1891 2
1892 1
1893 0
1894 0
1895 0
1896 1
1897 1
1898 0
1899 1
1900 2
1901 0
1902 1
1903 0
1904 0
1905 1
1906 1
1907 1
1908 1
1909 1
1910 2
1911 0
1912 1
1913 1
1914 2
1915 2
1916 2
1917 1
1918 1
1919 1
1920 1
1921 2
1922 1
1923 1
1924 1
1925 1
1926 2
1927 0
1928 0
1929 1
1930 1
1931 1
1932 2
1933 1
1934 2
1935 2
1936 1
1937 2
1938 2
1939 2
1940 2
1941 1
1942 1
1943 2
1944 1
1945 0
1946 2
1947 1
1948 2
1949 1
1950 2
1951 1
1952 0
1953 2
1954 1
1955 1
1956 1
1957 1
1958 1
1959 1
1960 1
1961 2
1962 0
1963 1
1964 0
1965 1
1966 0
1967 1
1968 1
1969 1
1970 1
1971 1
1972 1
1973 1
1974 1
1975 1
1976 1
1977 1
1978 1
1979 0
1980 1
1981 1
1982 1
1983 2
1984 1
1985 2
1986 1
1987 1
1988 2
1989 1
1990 0
1991 1
1992 2
1993 1
1994 1
1995 2
1996 2
1997 1
1998 0
1999 0
