0 0
1 0
2 0
3 0
4 0
5 0
6 0
7 0
8 0
9 0
10 1
11 0
12 0
13 1
14 1
15 0
16 0
17 0
18 0
19 0
20 1
21 1
22 0
23 0
24 1
25 1
26 0
27 0
28 0
29 0
30 1
31 1
32 0
33 1
34 0
35 1
36 1
37 0
38 1
39 1
40 0
41 1
42 1
43 0
44 0
45 0
46 0
47 0
48 0
49 0
50 0
51 2
52 0
53 1
54 0
55 0
56 0
57 1
58 0
59 0
60 0
61 0
62 0
63 0
64 0
65 0
66 0
67 0
68 0
69 1
70 0
71 2
72 0
73 0
74 1
75 1
76 1
77 0
78 0
79 0
80 2
81 0
82 0
83 0
84 0
85 1
86 1
87 1
88 0
89 0
90 1
91 0
92 0
93 0
94 0
95 0
96 1
97 2
98 1
99 0
100 1
101 0
102 0
103 1
104 0
105 0
106 1
107 1
108 0
109 0
110 0
111 0
112 0
113 0
114 0
115 1
116 0
117 0
118 0
119 1
120 1
121 0
122 1
123 0
124 1
125 1
126 0
127 1
128 0
129 0
130 1
131 0
132 1
133 1
134 1
135 1
136 1
137 2
138 1
139 1
140 0
141 1
142 1
143 1
144 0
145 0
146 1
147 0
148 1
149 1
150 0
151 0
152 1
153 0
154 1
155 1
156 0
157 1
158 1
159 0
160 1
161 1
162 0
163 0
164 1
165 0
166 1
167 1
168 0
169 1
170 0
171 0
172 1
173 0
174 1
175 1
176 0
177 0
178 0
179 0
180 1
181 0
182 1
183 0
184 0
185 1
186 0
187 1
188 1
189 0
190 0
191 0
192 0
193 0
194 0
195 1
196 1
197 1
198 0
199 0
200 0
201 1
202 0
203 0
204 0
205 1
206 0
207 0
208 0
209 0
210 0
211 1
212 1
213 0
214 0
215 0
216 0
217 0
218 1
219 0
220 0
221 0
222 1
223 0
224 0
225 1
226 1
227 0
228 0
229 1
230 0
231 1
232 0
233 1
234 0
235 0
236 0
237 1
238 0
239 0
240 0
241 1
242 0
243 1
244 0
245 1
246 0
247 0
248 0
249 0
250 0
251 0
252 0
253 1
254 0
255 0
256 1
257 0
258 1
259 2
260 0
261 0
262 0
263 0
264 1
265 1
266 0
267 1
268 0
269 0
270 1
271 0
272 1
273 1
274 0
275 1
276 3
277 1
278 0
279 0
280 1
281 0
282 3
283 1
284 1
285 0
286 0
287 2
288 1
289 2
290 2
291 1
292 1
293 0
294 1
295 1
296 0
297 0
298 1
299 1
300 0
301 1
302 1
303 2
304 2
305 0
306 1
307 0
308 0
309 1
310 0
311 0
312 0
313 0
314 0
315 0
316 1
317 0
318 0
319 0
320 0
321 0
322 0
323 0
324 0
325 0
326 0
327 0
328 0
329 0
330 0
331 0
332 0
333 0
334 0
335 1
336 0
337 0
338 0
339 0
340 0
341 0
342 0
343 0
344 0
345 0
346 0
347 0
348 0
349 0
350 0
351 0
352 0
353 0
354 0
355 0
356 0
357 0
358 0
359 0
360 0
361 0
362 0
363 0
364 0
365 0
366 0
367 0
368 0
369 0
370 0
371 0
372 0
373 1
374 0
375 0
376 0
377 0
378 0
379 0
380 0
381 0
382 0
383 0
384 0
385 0
386 0
387 0
388 0
389 0
390 1
391 1
392 0
393 0
394 0
395 0
396 0
397 0
398 0
399 0
400 0
401 0
402 0
403 0
404 0
405 0
406 0
407 0
408 0
409 0
410 0
411 0
412 0
413 0
414 0
415 0
416 0
417 0
418 0
419 0
420 1
421 1
422 0
423 2
424 1
425 0
426 0
427 0
428 0
429 0
430 0
431 0
432 0
433 0
434 0
435 0
436 0
437 0
438 0
439 0
440 2
441 1
442 0
443 0
444 0
445 0
446 0
447 0
448 0
449 0
450 0
451 0
452 0
453 1
454 0
455 0
456 0
457 0
458 0
459 0
460 0
461 2
462 1
463 1
464 1
465 0
466 1
467 0
468 0
469 2
470 1
471 0
472 1
473 0
474 1
475 0
476 1
477 0
478 0
479 1
480 0
481 0
482 1
483 1
484 1
485 0
486 0
487 1
488 1
489 1
490 1
491 0
492 0
493 0
494 0
495 0
496 1
497 0
498 1
499 0
500 0
501 0
502 1
503 0
504 0
505 1
506 0
507 1
508 1
509 1
510 1
511 0
512 2
513 2
514 1
515 0
516 1
517 0
518 0
519 0
520 0
521 1
522 0
523 1
524 1
525 0
526 1
527 0
528 0
529 1
530 1
531 2
532 0
533 1
534 0
535 0
536 1
537 0
538 0
539 2
540 2
541 1
542 1
543 0
544 1
545 2
546 0
547 0
548 0
549 0
550 0
551 0
552 1
553 1
554 0
555 0
556 0
557 0
558 0
559 0
560 1
561 0
562 0
563 1
564 1
565 1
566 1
567 0
568 0
569 0
570 0
571 1
572 0
573 0
574 0
575 2
576 1
577 2
578 0
579 1
580 0
581 0
582 1
583 0
584 1
585 0
586 0
587 0
588 0
589 0
590 0
591 0
592 0
593 1
594 0
595 0
596 0
597 0
598 0
599 0
600 0
601 0
602 0
603 0
604 0
605 0
606 1
607 0
608 0
609 0
610 0
611 1
612 0
613 0
614 0
615 0
616 1
617 0
618 0
619 1
620 0
621 0
622 0
623 0
624 0
625 0
626 0
627 0
628 0
629 0
630 0
631 0
632 0
633 0
634 0
635 0
636 0
637 0
638 0
639 0
640 0
641 0
642 0
643 0
644 0
645 0
646 0
647 1
648 0
649 1
650 2
651 1
652 0
653 0
654 2
655 1
656 1
657 0
658 0
659 1
660 0
661 0
662 0
663 0
664 0
665 0
666 0
667 1
668 0
669 0
670 0
671 2
672 1
673 0
674 0
675 0
676 0
677 0
678 0
679 0
680 0
681 1
682 0
683 0
684 0
685 0
686 0
687 1
688 0
689 0
690 0
691 0
692 0
693 0
694 0
695 0
696 0
697 1
698 0
699 1
700 0
701 0
702 0
703 0
704 0
705 0
706 0
707 0
708 1
709 0
710 0
711 1
712 0
713 0
714 0
715 0
716 0
717 0
718 0
719 0
720 0
721 0
722 0
723 1
724 1
725 0
726 0
727 0
728 0
729 0
730 0
731 0
732 0
733 0
734 0
735 0
736 0
737 0
738 0
739 0
740 0
741 0
742 0
743 0
744 0
745 0
746 0
747 0
748 0
749 0
750 0
751 0
752 0
753 0
754 0
755 0
756 0
757 0
758 0
759 0
760 0
761 0
762 0
763 0
764 0
765 0
766 0
767 0
768 0
769 0
770 0
771 0
772 0
773 1
774 0
775 0
776 0
777 0
778 0
779 0
780 0
781 0
782 0
783 0
784 0
785 0
786 1
787 0
788 2
789 0
790 0
791 1
792 0
793 0
794 0
795 0
796 1
797 1
798 0
799 1
800 1
801 1
802 0
803 0
804 0
805 0
806 0
807 0
808 0
809 0
810 0
811 0
812 0
813 1
814 1
815 1
816 0
817 0
818 1
819 1
820 1
821 0
822 0
823 0
824 0
825 1
826 0
827 1
828 0
829 0
830 0
831 0
832 0
833 0
834 0
835 0
836 0
837 0
838 0
839 0
840 0
841 1
842 0
843 0
844 0
845 0
846 1
847 0
848 0
849 2
850 1
851 0
852 0
853 0
854 1
855 0
856 0
857 0
858 0
859 0
860 0
861 0
862 1
863 1
864 0
865 0
866 1
867 1
868 0
869 0
870 0
871 0
872 0
873 0
874 0
875 0
876 0
877 0
878 1
879 2
880 0
881 0
882 0
883 0
884 0
885 0
886 0
887 1
888 0
889 0
890 0
891 1
892 0
893 0
894 0
895 0
896 0
897 0
898 0
899 0
900 0
901 1
902 0
903 1
904 0
905 0
906 0
907 0
908 0
909 0
910 0
911 0
912 0
913 0
914 0
915 0
916 0
917 0
918 0
919 0
920 0
921 0
922 0
923 0
924 0
925 0
926 0
927 0
928 1
929 0
930 0
931 1
932 0
933 0
934 0
935 0
936 0
937 0
938 0
939 0
940 0
941 0
942 0
943 1
944 0
945 0
946 0
947 0
948 0
949 1
950 0
951 0
952 0
953 0
954 0
955 0
956 0
957 0
958 0
959 0
960 0
961 0
962 1
963 1
964 0
965 0
966 0
967 0
968 0
969 0
970 0
971 0
972 0
973 0
974 1
975 0
976 0
977 1
978 0
979 0
980 0
981 0
982 0
983 0
984 0
985 0
986 0
987 1
988 1
989 1
990 0
991 0
992 1
993 1
994 0
995 0
996 0
997 0
998 1
999 0
1000 0
1001 0
1002 0
1003 0
1004 0
1005 0
1006 1
1007 0
1008 0
1009 0
1010 0
1011 0
1012 0
1013 0
1014 1
1015 2
1016 0
1017 0
1018 1
1019 0
1020 0
1021 2
1022 1
1023 0
1024 0
1025 1
1026 0
1027 1
1028 0
1029 0
1030 0
1031 0
1032 0
1033 0
1034 0
1035 0
1036 0
1037 0
1038 0
1039 2
1040 1
1041 1
1042 1
1043 1
1044 2
1045 1
1046 2
1047 0
1048 0
1049 1
1050 1
1051 1
1052 0
1053 0
1054 0
1055 0
1056 1
1057 1
1058 1
1059 0
1060 0
1061 0
1062 1
1063 1
1064 1
1065 1
1066 0
1067 0
1068 1
1069 0
1070 0
1071 0
1072 0
1073 0
1074 0
1075 0
1076 0
1077 0
1078 0
1079 1
1080 1
1081 1
1082 2
1083 0
1084 0
1085 1
1086 0
1087 1
1088 1
1089 1
1090 0
1091 1
1092 0
1093 1
1094 0
1095 0
1096 1
1097 1
1098 1
1099 1
1100 0
1101 1
1102 1
1103 0
1104 0
1105 0
1106 0
1107 0
1108 0
1109 0
1110 0
1111 0
1112 0
1113 0
1114 0
1115 1
1116 2
1117 1
1118 0
1119 2
1120 2
1121 1
1122 0
1123 1
1124 0
1125 0
1126 1
1127 0
1128 0
1129 0
1130 0
1131 0
1132 0
1133 0
1134 0
1135 0
1136 0
1137 0
1138 0
1139 0
1140 1
1141 0
1142 1
1143 0
1144 0
1145 0
1146 1
1147 0
1148 0
1149 0
1150 0
1151 0
1152 0
1153 1
1154 1
1155 1
1156 0
1157 0
1158 1
1159 0
1160 0
1161 1
1162 0
1163 0
1164 1
1165 0
1166 1
1167 1
1168 0
1169 2
1170 1
1171 1
1172 0
1173 0
1174 0
1175 0
1176 0
1177 1
1178 0
1179 1
1180 2
1181 1
1182 0
1183 0
1184 0
1185 0
1186 0
1187 0
1188 0
1189 0
1190 0
1191 0
1192 0
1193 0
1194 0
1195 0
1196 0
1197 0
1198 0
1199 0
1200 0
1201 0
1202 0
1203 0
1204 0
1205 1
1206 0
1207 0
1208 1
1209 0
1210 0
1211 0
1212 0
1213 0
1214 0
1215 0
1216 0
1217 0
1218 0
1219 0
1220 0
1221 0
1222 0
1223 0
1224 0
1225 0
1226 0
1227 0
1228 0
1229 0
1230 0
1231 0
1232 0
1233 0
1234 0
1235 0
1236 0
1237 2
1238 0
1239 0
1240 1
1241 1
1242 1
1243 0
1244 0
1245 1
1246 0
1247 2
1248 0
1249 0
1250 0
1251 0
1252 1
1253 0
1254 0
1255 0
1256 0
1257 1
1258 0
1259 0
1260 0
1261 0
1262 0
1263 0
1264 1
1265 1
1266 0
1267 0
1268 0
1269 0
1270 0
1271 1
1272 0
1273 1
1274 0
1275 0
1276 0
1277 0
1278 0
1279 0
1280 1
1281 1
1282 1
1283 1
1284 1
1285 0
1286 1
1287 1
1288 0
1289 2
1290 1
1291 1
1292 1
1293 0
1294 0
1295 1
1296 1
1297 2
1298 1
1299 1
1300 1
1301 0
1302 0
1303 0
1304 1
1305 1
1306 1
1307 1
1308 0
1309 1
1310 1
1311 1
1312 0
1313 0
1314 0
1315 0
1316 0
1317 0
1318 1
1319 1
1320 0
1321 0
1322 0
1323 0
1324 0
1325 1
1326 0
1327 0
1328 0
1329 0
1330 0
1331 0
1332 0
1333 1
1334 0
1335 0
1336 1
1337 1
1338 0
1339 0
1340 1
1341 0
1342 0
1343 0
1344 0
1345 1
1346 0
1347 1
1348 1
1349 1
1350 0
1351 1
1352 0
1353 0
1354 0
1355 0
1356 1
1357 1
1358 1
1359 0
1360 0
1361 0
1362 0
1363 1
1364 0
1365 1
1366 0
1367 1
1368 0
1369 0
1370 0
1371 0
1372 1
1373 0
1374 0
1375 0
1376 2
1377 0
1378 1
1379 1
1380 1
1381 0
1382 0
1383 1
1384 0
1385 0
1386 1
1387 0
1388 1
1389 0
1390 0
1391 0
1392 0
1393 1
1394 0
1395 0
1396 0
1397 1
1398 0
1399 0
1400 2
1401 1
1402 1
1403 0
1404 1
1405 0
1406 1
1407 0
1408 0
1409 0
1410 1
1411 2
1412 1
1413 1
1414 0
1415 0
1416 0
1417 0
1418 0
1419 1
1420 1
1421 2
1422 0
1423 1
1424 0
1425 1
1426 0
1427 0
1428 1
1429 0
1430 1
1431 1
1432 3
1433 0
1434 0
1435 0
1436 0
1437 0
1438 0
1439 0
1440 0
1441 0
1442 0
1443 1
1444 1
1445 0
1446 0
1447 0
1448 0
1449 0
1450 0
1451 1
1452 1
1453 1
1454 0
1455 0
1456 0
1457 0
1458 0
1459 1
1460 0
1461 0
1462 0
1463 1
1464 0
1465 0
1466 0
1467 0
1468 0
1469 0
1470 0
1471 0
1472 0
1473 0
1474 0
1475 0
1476 1
1477 1
1478 1
1479 2
1480 0
1481 0
1482 1
1483 1
1484 2
1485 1
1486 1
1487 1
1488 0
1489 0
1490 0
1491 0
1492 0
1493 0
1494 0
1495 0
1496 0
1497 0
1498 1
1499 0
1500 1
1501 1
1502 1
1503 0
1504 1
1505 0
1506 0
1507 1
1508 1
1509 0
1510 0
1511 1
1512 0
1513 1
1514 1
1515 0
1516 0
1517 0
1518 0
1519 0
1520 0
1521 0
1522 1
1523 1
1524 1
1525 0
1526 0
1527 0
1528 1
1529 0
1530 0
1531 0
1532 1
1533 1
1534 2
1535 1
1536 1
1537 2
1538 1
1539 0
1540 0
1541 0
1542 1
1543 0
1544 0
1545 0
1546 0
1547 2
1548 1
1549 0
1550 0
1551 0
1552 0
1553 0
1554 0
1555 0
1556 0
1557 0
1558 0
1559 0
1560 1
1561 1
1562 0
1563 0
1564 0
1565 1
1566 0
1567 0
1568 1
1569 1
1570 1
1571 0
1572 0
1573 1
1574 0
1575 0
1576 1
1577 1
1578 1
1579 0
1580 0
1581 1
1582 0
1583 0
1584 0
1585 0
1586 1
1587 0
1588 0
1589 0
1590 0
1591 0
1592 0
1593 1
1594 1
1595 0
1596 0
1597 0
1598 0
1599 0
1600 0
1601 0
1602 0
1603 0
1604 0
1605 0
1606 0
1607 1
1608 1
1609 1
1610 1
1611 1
1612 1
1613 0
1614 0
1615 0
1616 0
1617 0
1618 0
1619 0
1620 1
1621 1
1622 1
1623 1
1624 0
1625 0
1626 1
1627 0
1628 0
1629 0
1630 0
1631 0
1632 1
1633 0
1634 0
1635 1
1636 0
1637 0
1638 0
1639 1
1640 0
1641 2
1642 1
1643 1
1644 0
1645 1
1646 0
1647 0
1648 1
1649 0
1650 0
1651 1
1652 0
1653 0
1654 1
1655 1
1656 1
1657 1
1658 0
1659 1
1660 0
1661 0
1662 0
1663 1
1664 1
1665 1
1666 0
1667 0
1668 0
1669 0
1670 1
1671 1
1672 1
1673 1
1674 1
1675 1
1676 0
1677 1
1678 0
1679 0
1680 0
1681 0
1682 0
1683 1
1684 1
1685 1
1686 0
1687 0
1688 0
1689 1
1690 0
1691 0
1692 0
1693 0
1694 0
1695 1
1696 0
1697 1
1698 0
1699 0
1700 0
1701 0
1702 0
1703 1
1704 0
1705 0
1706 1
1707 0
1708 0
1709 0
1710 2
1711 2
1712 2
1713 2
1714 2
1715 1
1716 0
1717 2
1718 1
1719 0
1720 1
1721 2
1722 2
1723 0
1724 2
1725 1
1726 2
1727 3
1728 2
1729 1
1730 1
1731 1
1732 0
1733 2
1734 1
1735 1
1736 1
1737 0
1738 3
1739 1
1740 2
1741 2
1742 1
1743 1
1744 0
1745 0
1746 2
1747 0
1748 0
1749 1
1750 0
1751 0
1752 1
1753 2
1754 0
1755 1
1756 1
1757 0
1758 1
1759 1
1760 2
1761 1
1762 1
1763 2
1764 1
1765 1
1766 1
1767 0
1768 0
1769 2
1770 0
1771 1
1772 1
1773 2
1774 1
1775 1
1776 1
1777 0
1778 1
1779 1
1780 1
1781 0
1782 0
1783 0
1784 0
1785 0
1786 1
1787 0
1788 1
1789 0
1790 2
1791 1
1792 0
1793 1
1794 0
1795 1
1796 1
1797 0
1798 0
1799 1
1800 0
1801 1
1802 0
1803 0
1804 1
1805 1
1806 1
1807 1
1808 0
1809 0
1810 0
1811 0
1812 0
1813 0
1814 1
1815 1
1816 2
1817 1
1818 0
1819 1
1820 0
1821 1
1822 0
1823 0
1824 0
1825 0
1826 0
1827 0
1828 0
1829 0
1830 0
1831 0
1832 1
1833 0
1834 0
1835 0
1836 0
1837 0
1838 0
1839 0
1840 0
1841 0
1842 0
1843 0
1844 0
1845 0
1846 0
1847 0
1848 0
1849 1
1850 0
1851 0
1852 0
1853 0
1854 0
1855 0
1856 1
1857 0
1858 0
1859 0
1860 0
1861 0
1862 1
1863 0
1864 0
1865 0
1866 0
1867 0
1868 1
1869 0
1870 1
1871 1
1872 0
1873 0
1874 1
1875 0
1876 1
1877 0
1878 1
1879 0
1880 1
1881 0
1882 0
1883 0
1884 1
1885 0
1886 0
1887 1
1888 1
1889 0
1890 1
1891 0
1892 0
1893 1
1894 1
1895 0
1896 0
1897 1
1898 0
1899 0
1900 0
1901 0
1902 1
1903 1
1904 0
1905 1
1906 0
1907 1
1908 1
1909 1
1910 1
1911 1
1912 1
1913 0
1914 1
1915 0
1916 0
1917 1
1918 2
1919 1
1920 1
1921 0
1922 0
1923 1
1924 0
1925 0
1926 1
1927 1
1928 1
1929 0
1930 1
1931 1
1932 1
1933 0
1934 0
1935 0
1936 0
1937 0
1938 0
1939 1
1940 1
1941 0
1942 1
1943 0
1944 0
1945 0
1946 1
1947 1
1948 0
1949 1
1950 0
1951 0
1952 0
1953 0
1954 0
1955 0
1956 0
1957 0
1958 0
1959 0
1960 0
1961 1
1962 1
1963 1
1964 0
1965 1
1966 1
1967 1
1968 1
1969 2
1970 0
1971 2
1972 1
1973 0
1974 1
1975 0
1976 1
1977 1
1978 1
1979 1
1980 1
1981 1
1982 0
1983 0
1984 1
1985 2
1986 1
1987 1
1988 1
1989 1
1990 1
1991 2
1992 1
1993 1
1994 1
1995 2
1996 1
1997 1
1998 1
1999 1
