0 2
1 1
2 1
3 3
4 1
5 1
6 0
7 2
8 2
9 1
10 1
11 1
12 2
13 2
14 2
15 2
16 1
17 1
18 1
19 0
20 2
21 1
22 2
23 1
24 1
25 3
26 2
27 1
28 0
29 2
30 1
31 0
32 1
33 1
34 1
35 0
36 0
37 1
38 1
39 1
40 2
41 1
42 1
43 2
44 1
45 2
46 0
47 1
48 0
49 0
50 0
51 0
52 0
53 0
54 0
55 0
56 0
57 1
58 2
59 0
60 1
61 0
62 0
63 1
64 1
65 2
66 1
67 1
68 1
69 1
70 1
71 1
72 2
73 2
74 0
75 2
76 1
77 2
78 2
79 2
80 2
81 1
82 2
83 2
84 1
85 0
86 2
87 2
88 1
89 1
90 0
91 0
92 0
93 0
94 1
95 1
96 0
97 0
98 1
99 1
100 0
101 1
102 1
103 0
104 0
105 0
106 1
107 1
108 1
109 1
110 1
111 1
112 0
113 0
114 0
115 0
116 0
117 0
118 1
119 0
120 0
121 1
122 0
123 1
124 1
125 0
126 0
127 1
128 0
129 0
130 1
131 1
132 1
133 1
134 1
135 1
136 1
137 0
138 1
139 1
140 1
141 0
142 0
143 1
144 1
145 1
146 2
147 0
148 1
149 1
150 0
151 0
152 1
153 1
154 1
155 0
156 1
157 1
158 1
159 1
160 2
161 1
162 1
163 1
164 0
165 1
166 0
167 1
168 1
169 1
170 2
171 2
172 2
173 1
174 1
175 2
176 0
177 0
178 1
179 1
180 1
181 2
182 1
183 0
184 1
185 2
186 1
187 1
188 1
189 1
190 1
191 1
192 1
193 0
194 2
195 1
196 1
197 2
198 0
199 0
200 0
201 1
202 2
203 2
204 1
205 2
206 1
207 1
208 1
209 0
210 1
211 1
212 1
213 1
214 2
215 0
216 1
217 0
218 0
219 1
220 0
221 0
222 2
223 0
224 1
225 0
226 0
227 0
228 0
229 1
230 0
231 2
232 1
233 1
234 0
235 2
236 1
237 1
238 0
239 1
240 2
241 1
242 0
243 1
244 2
245 1
246 1
247 2
248 2
249 1
250 2
251 1
252 1
253 2
254 0
255 0
256 2
257 2
258 2
259 1
260 2
261 0
262 0
263 0
264 0
265 0
266 0
267 0
268 1
269 1
270 2
271 1
272 1
273 1
274 1
275 0
276 2
277 2
278 2
279 1
280 0
281 1
282 1
283 2
284 1
285 1
286 2
287 0
288 1
289 1
290 0
291 0
292 1
293 1
294 1
295 0
296 1
297 1
298 2
299 1
300 0
301 2
302 0
303 0
304 1
305 1
306 2
307 1
308 1
309 2
310 1
311 0
312 0
313 1
314 1
315 0
316 1
317 1
318 1
319 1
320 2
321 0
322 1
323 2
324 0
325 1
326 1
327 2
328 0
329 1
330 1
331 1
332 0
333 0
334 1
335 0
336 0
337 2
338 0
339 2
340 0
341 0
342 0
343 0
344 0
345 0
346 0
347 1
348 2
349 0
350 0
351 0
352 0
353 1
354 2
355 1
356 0
357 0
358 0
359 2
360 1
361 1
362 0
363 1
364 0
365 0
366 0
367 0
368 0
369 0
370 0
371 0
372 0
373 0
374 0
375 1
376 1
377 1
378 0
379 1
380 0
381 0
382 0
383 0
384 0
385 0
386 0
387 0
388 0
389 0
390 0
391 0
392 1
393 0
394 0
395 0
396 1
397 1
398 0
399 0
400 0
401 0
402 0
403 0
404 0
405 0
406 0
407 0
408 0
409 0
410 0
411 1
412 0
413 0
414 0
415 0
416 0
417 0
418 0
419 0
420 0
421 0
422 1
423 0
424 0
425 0
426 0
427 0
428 0
429 0
430 0
431 1
432 0
433 1
434 0
435 0
436 0
437 1
438 1
439 0
440 0
441 0
442 0
443 0
444 0
445 1
446 0
447 0
448 0
449 0
450 0
451 0
452 0
453 0
454 0
455 0
456 0
457 0
458 0
459 0
460 0
461 0
462 0
463 1
464 0
465 0
466 0
467 0
468 0
469 0
470 0
471 0
472 0
473 0
474 0
475 0
476 0
477 0
478 0
479 0
480 0
481 0
482 0
483 0
484 0
485 0
486 0
487 0
488 0
489 0
490 0
491 0
492 0
493 0
494 1
495 0
496 0
497 0
498 0
499 0
500 0
501 0
502 0
503 0
504 0
505 0
506 1
507 0
508 0
509 1
510 0
511 0
512 0
513 0
514 1
515 0
516 0
517 0
518 0
519 0
520 1
521 0
522 0
523 0
524 0
525 1
526 0
527 0
528 0
529 0
530 1
531 0
532 1
533 0
534 0
535 0
536 1
537 0
538 0
539 0
540 0
541 1
542 1
543 0
544 0
545 0
546 0
547 1
548 0
549 0
550 0
551 0
552 0
553 0
554 0
555 0
556 0
557 0
558 0
559 0
560 0
561 0
562 0
563 0
564 0
565 0
566 0
567 0
568 0
569 0
570 1
571 0
572 1
573 0
574 0
575 0
576 0
577 0
578 0
579 0
580 0
581 0
582 0
583 0
584 0
585 0
586 0
587 0
588 0
589 0
590 0
591 1
592 0
593 0
594 0
595 0
596 0
597 0
598 0
599 0
600 0
601 1
602 0
603 0
604 0
605 0
606 0
607 0
608 0
609 0
610 0
611 0
612 0
613 0
614 0
615 1
616 0
617 0
618 0
619 1
620 1
621 0
622 0
623 0
624 0
625 0
626 0
627 0
628 1
629 0
630 0
631 1
632 0
633 0
634 0
635 0
636 1
637 0
638 1
639 0
640 0
641 0
642 0
643 0
644 0
645 0
646 0
647 0
648 0
649 0
650 1
651 0
652 0
653 0
654 0
655 0
656 0
657 0
658 0
659 0
660 0
661 0
662 0
663 0
664 0
665 0
666 0
667 0
668 0
669 0
670 0
671 0
672 0
673 0
674 0
675 0
676 0
677 0
678 0
679 1
680 0
681 1
682 2
683 1
684 1
685 3
686 0
687 2
688 1
689 1
690 1
691 0
692 1
693 1
694 1
695 2
696 1
697 1
698 1
699 1
700 3
701 0
702 1
703 1
704 1
705 1
706 0
707 1
708 1
709 2
710 1
711 0
712 1
713 2
714 1
715 2
716 1
717 1
718 1
719 1
720 2
721 1
722 3
723 1
724 2
725 1
726 1
727 1
728 1
729 0
730 1
731 0
732 2
733 0
734 1
735 1
736 1
737 1
738 1
739 2
740 0
741 1
742 1
743 1
744 1
745 1
746 1
747 1
748 0
749 1
750 2
751 1
752 1
753 1
754 2
755 0
756 1
757 1
758 2
759 1
760 1
761 2
762 0
763 2
764 0
765 1
766 2
767 0
768 2
769 0
770 2
771 1
772 1
773 0
774 1
775 0
776 1
777 0
778 1
779 2
780 1
781 2
782 1
783 1
784 0
785 2
786 1
787 2
788 1
789 2
790 1
791 1
792 3
793 1
794 2
795 2
796 2
797 1
798 1
799 1
800 0
801 0
802 0
803 2
804 1
805 2
806 1
807 2
808 1
809 1
810 1
811 1
812 1
813 1
814 2
815 2
816 1
817 2
818 0
819 1
820 1
821 0
822 1
823 1
824 1
825 1
826 1
827 0
828 2
829 0
830 2
831 2
832 1
833 0
834 2
835 1
836 0
837 1
838 1
839 2
840 1
841 2
842 1
843 1
844 1
845 1
846 0
847 2
848 0
849 0
850 0
851 0
852 1
853 0
854 0
855 0
856 1
857 1
858 0
859 2
860 2
861 1
862 1
863 0
864 0
865 1
866 1
867 1
868 1
869 0
870 0
871 0
872 0
873 2
874 2
875 1
876 2
877 2
878 2
879 0
880 0
881 1
882 0
883 1
884 1
885 2
886 1
887 1
888 0
889 2
890 2
891 2
892 1
893 1
894 0
895 1
896 0
897 1
898 0
899 0
900 1
901 2
902 0
903 0
904 1
905 1
906 0
907 2
908 1
909 2
910 1
911 0
912 0
913 1
914 0
915 0
916 0
917 2
918 0
919 2
920 0
921 0
922 1
923 1
924 1
925 0
926 0
927 0
928 0
929 0
930 0
931 2
932 0
933 1
934 2
935 1
936 0
937 0
938 0
939 1
940 1
941 0
942 0
943 0
944 0
945 1
946 1
947 1
948 1
949 2
950 1
951 1
952 1
953 0
954 1
955 1
956 0
957 0
958 0
959 0
960 0
961 0
962 0
963 0
964 1
965 0
966 1
967 1
968 0
969 0
970 2
971 1
972 1
973 2
974 0
975 1
976 0
977 1
978 0
979 0
980 1
981 0
982 1
983 1
984 0
985 0
986 0
987 0
988 0
989 0
990 0
991 0
992 0
993 0
994 0
995 1
996 1
997 1
998 1
999 0
1000 2
1001 1
1002 1
1003 1
1004 0
1005 0
1006 1
1007 0
1008 1
1009 1
1010 1
1011 1
1012 0
1013 0
1014 1
1015 1
1016 0
1017 1
1018 1
1019 0
1020 1
1021 0
1022 0
1023 1
1024 1
1025 1
1026 1
1027 1
1028 1
1029 1
1030 1
1031 2
1032 2
1033 1
1034 1
1035 1
1036 1
1037 1
1038 1
1039 1
1040 0
1041 0
1042 1
1043 2
1044 1
1045 1
1046 1
1047 1
1048 1
1049 1
1050 2
1051 1
1052 2
1053 1
1054 1
1055 2
1056 1
1057 1
1058 0
1059 0
1060 1
1061 2
1062 0
1063 1
1064 2
1065 1
1066 1
1067 0
1068 1
1069 1
1070 1
1071 1
1072 2
1073 2
1074 1
1075 1
1076 2
1077 0
1078 1
1079 1
1080 1
1081 0
1082 1
1083 1
1084 1
1085 1
1086 0
1087 1
1088 1
1089 1
1090 0
1091 1
1092 1
1093 2
1094 1
1095 0
1096 0
1097 0
1098 0
1099 1
1100 1
1101 0
1102 0
1103 1
1104 2
1105 1
1106 1
1107 2
1108 2
1109 2
1110 2
1111 3
1112 2
1113 0
1114 2
1115 2
1116 2
1117 0
1118 1
1119 0
1120 2
1121 1
1122 0
1123 0
1124 0
1125 0
1126 0
1127 0
1128 0
1129 0
1130 0
1131 0
1132 0
1133 0
1134 0
1135 0
1136 0
1137 0
1138 0
1139 0
1140 0
1141 0
1142 0
1143 0
1144 0
1145 0
1146 0
1147 0
1148 0
1149 0
1150 0
1151 0
1152 0
1153 0
1154 2
1155 1
1156 1
1157 0
1158 2
1159 1
1160 1
1161 1
1162 1
1163 0
1164 0
1165 0
1166 0
1167 2
1168 1
1169 0
1170 0
1171 2
1172 0
1173 1
1174 2
1175 1
1176 0
1177 1
1178 1
1179 1
1180 1
1181 2
1182 2
1183 1
1184 1
1185 2
1186 1
1187 2
1188 1
1189 1
1190 0
1191 2
1192 1
1193 1
1194 1
1195 0
1196 0
1197 1
1198 0
1199 1
1200 0
1201 0
1202 0
1203 1
1204 1
1205 1
1206 1
1207 2
1208 2
1209 1
1210 1
1211 0
1212 0
1213 0
1214 1
1215 0
1216 2
1217 1
1218 1
1219 0
1220 1
1221 0
1222 2
1223 1
1224 2
1225 2
1226 1
1227 0
1228 0
1229 2
1230 1
1231 1
1232 1
1233 1
1234 3
1235 1
1236 1
1237 0
1238 1
1239 1
1240 1
1241 1
1242 2
1243 1
1244 1
1245 1
1246 2
1247 1
1248 2
1249 1
1250 1
1251 0
1252 1
1253 1
1254 1
1255 1
1256 1
1257 1
1258 1
1259 1
1260 1
1261 0
1262 1
1263 1
1264 1
1265 1
1266 1
1267 0
1268 2
1269 0
1270 1
1271 1
1272 2
1273 2
1274 1
1275 1
1276 1
1277 1
1278 2
1279 2
1280 1
1281 0
1282 1
1283 2
1284 0
1285 1
1286 1
1287 0
1288 1
1289 1
1290 1
1291 2
1292 1
1293 0
1294 1
1295 0
1296 1
1297 1
1298 2
1299 0
1300 2
1301 1
1302 1
1303 2
1304 1
1305 1
1306 1
1307 1
1308 1
1309 2
1310 0
1311 1
1312 1
1313 1
1314 2
1315 1
1316 1
1317 1
1318 0
1319 1
1320 1
1321 1
1322 2
1323 1
1324 1
1325 1
1326 1
1327 0
1328 0
1329 1
1330 0
1331 0
1332 0
1333 0
1334 1
1335 0
1336 0
1337 1
1338 1
1339 1
1340 0
1341 1
1342 1
1343 1
1344 0
1345 0
1346 0
1347 1
1348 0
1349 2
1350 1
1351 3
1352 0
1353 3
1354 2
1355 1
1356 0
1357 1
1358 0
1359 1
1360 1
1361 1
1362 1
1363 1
1364 2
1365 0
1366 0
1367 0
1368 0
1369 0
1370 0
1371 0
1372 0
1373 0
1374 0
1375 0
1376 0
1377 0
1378 0
1379 0
1380 0
1381 0
1382 0
1383 0
1384 0
1385 0
1386 0
1387 1
1388 0
1389 1
1390 1
1391 1
1392 1
1393 1
1394 1
1395 1
1396 0
1397 0
1398 1
1399 1
1400 1
1401 1
1402 1
1403 0
1404 1
1405 0
1406 1
1407 2
1408 0
1409 0
1410 1
1411 0
1412 1
1413 1
1414 0
1415 0
1416 0
1417 1
1418 2
1419 1
1420 2
1421 1
1422 0
1423 1
1424 2
1425 0
1426 1
1427 1
1428 0
1429 1
1430 1
1431 1
1432 1
1433 1
1434 2
1435 1
1436 1
1437 0
1438 1
1439 1
1440 0
1441 1
1442 1
1443 1
1444 1
1445 1
1446 1
1447 0
1448 1
1449 0
1450 1
1451 0
1452 1
1453 2
1454 1
1455 1
1456 0
1457 1
1458 1
1459 0
1460 0
1461 2
1462 1
1463 1
1464 1
1465 0
1466 1
1467 1
1468 0
1469 0
1470 0
1471 1
1472 1
1473 1
1474 1
1475 0
1476 0
1477 1
1478 1
1479 0
1480 1
1481 1
1482 1
1483 1
1484 0
1485 1
1486 0
1487 0
1488 0
1489 0
1490 0
1491 0
1492 0
1493 0
1494 2
1495 0
1496 0
1497 2
1498 1
1499 1
1500 1
1501 0
1502 1
1503 0
1504 0
1505 1
1506 1
1507 1
1508 1
1509 0
1510 1
1511 0
1512 2
1513 0
1514 0
1515 0
1516 1
1517 2
1518 1
1519 1
1520 1
1521 0
1522 2
1523 1
1524 0
1525 0
1526 0
1527 0
1528 0
1529 0
1530 0
1531 0
1532 0
1533 0
1534 0
1535 0
1536 0
1537 0
1538 0
1539 0
1540 0
1541 0
1542 0
1543 0
1544 0
1545 0
1546 0
1547 0
1548 0
1549 0
1550 0
1551 0
1552 0
1553 0
1554 0
1555 0
1556 0
1557 0
1558 0
1559 0
1560 0
1561 0
1562 0
1563 0
1564 0
1565 0
1566 0
1567 0
1568 0
1569 0
1570 0
1571 0
1572 0
1573 0
1574 0
1575 0
1576 0
1577 1
1578 1
1579 0
1580 1
1581 2
1582 1
1583 1
1584 1
1585 0
1586 1
1587 0
1588 0
1589 0
1590 0
1591 0
1592 0
1593 0
1594 0
1595 0
1596 0
1597 0
1598 0
1599 0
1600 0
1601 0
1602 0
1603 0
1604 0
1605 0
1606 0
1607 0
1608 1
1609 1
1610 1
1611 1
1612 0
1613 0
1614 0
1615 1
1616 0
1617 0
1618 1
1619 0
1620 0
1621 0
1622 0
1623 0
1624 0
1625 0
1626 0
1627 0
1628 0
1629 0
1630 0
1631 0
1632 0
1633 0
1634 0
1635 0
1636 0
1637 0
1638 0
1639 0
1640 1
1641 1
1642 2
1643 1
1644 0
1645 0
1646 0
1647 0
1648 0
1649 0
1650 0
1651 0
1652 0
1653 0
1654 0
1655 0
1656 0
1657 0
1658 0
1659 0
1660 0
1661 0
1662 0
1663 0
1664 0
1665 0
1666 0
1667 0
1668 0
1669 0
1670 1
1671 1
1672 0
1673 1
1674 2
1675 2
1676 3
1677 1
1678 2
1679 0
1680 0
1681 0
1682 0
1683 1
1684 0
1685 0
1686 1
1687 2
1688 1
1689 2
1690 1
1691 1
1692 2
1693 2
1694 1
1695 1
1696 1
1697 1
1698 0
1699 1
1700 2
1701 1
1702 1
1703 1
1704 1
1705 2
1706 1
1707 1
1708 1
1709 3
1710 2
1711 1
1712 1
1713 3
1714 1
1715 1
1716 1
1717 1
1718 0
1719 0
1720 0
1721 0
1722 0
1723 0
1724 0
1725 0
1726 0
1727 0
1728 0
1729 0
1730 0
1731 0
1732 0
1733 1
1734 1
1735 1
1736 0
1737 0
1738 0
1739 0
1740 0
1741 0
1742 0
1743 0
1744 0
1745 0
1746 0
1747 0
1748 0
1749 1
1750 1
1751 1
1752 1
1753 1
1754 0
1755 0
1756 0
1757 0
1758 0
1759 0
1760 0
1761 1
1762 0
1763 1
1764 1
1765 0
1766 1
1767 1
1768 0
1769 0
1770 0
1771 0
1772 0
1773 0
1774 0
1775 0
1776 0
1777 0
1778 0
1779 0
1780 0
1781 0
1782 0
1783 0
1784 0
1785 0
1786 0
1787 0
1788 1
1789 0
1790 0
1791 0
1792 1
1793 0
1794 0
1795 1
1796 0
1797 0
1798 0
1799 0
1800 0
1801 0
1802 0
1803 0
1804 0
1805 0
1806 0
1807 0
1808 0
1809 0
1810 0
1811 0
1812 0
1813 2
1814 1
1815 1
1816 1
1817 0
1818 0
1819 1
1820 0
1821 0
1822 0
1823 0
1824 0
1825 0
1826 1
1827 0
1828 0
1829 0
1830 0
1831 0
1832 0
1833 0
1834 0
1835 0
1836 0
1837 0
1838 0
1839 0
1840 0
1841 0
1842 1
1843 1
1844 0
1845 1
1846 1
1847 1
1848 1
1849 1
1850 0
1851 0
1852 0
1853 0
1854 0
1855 0
1856 0
1857 0
1858 0
1859 0
1860 0
1861 1
1862 0
1863 1
1864 0
1865 2
1866 2
1867 1
1868 1
1869 1
1870 0
1871 0
1872 0
1873 0
1874 0
1875 0
1876 1
1877 1
1878 1
1879 1
1880 3
1881 1
1882 0
1883 0
1884 0
1885 0
1886 1
1887 1
1888 1
1889 0
1890 0
1891 2
1892 1
1893 0
1894 1
1895 1
1896 1
1897 1
1898 1
1899 0
1900 1
1901 1
1902 1
1903 1
1904 0
1905 1
1906 0
1907 1
1908 1
1909 1
1910 1
1911 1
1912 1
1913 0
1914 0
1915 1
1916 1
1917 1
1918 1
1919 1
1920 3
1921 1
1922 1
1923 1
1924 1
1925 1
1926 1
1927 1
1928 0
1929 1
1930 1
1931 0
1932 2
1933 1
1934 1
1935 0
1936 1
1937 1
1938 1
1939 0
1940 0
1941 2
1942 1
1943 0
1944 2
1945 0
1946 1
1947 1
1948 1
1949 2
1950 0
1951 2
1952 1
1953 0
1954 1
1955 1
1956 1
1957 1
1958 1
1959 1
1960 1
1961 1
1962 0
1963 1
1964 0
1965 1
1966 1
1967 0
1968 1
1969 1
1970 1
1971 0
1972 0
1973 2
1974 0
1975 1
1976 1
1977 1
1978 0
1979 1
1980 0
1981 1
1982 1
1983 1
1984 1
1985 1
1986 1
1987 2
1988 1
1989 0
1990 0
1991 0
1992 0
1993 0
1994 0
1995 0
1996 0
1997 0
1998 0
1999 0
