0 1
1 1
2 1
3 1
4 2
5 1
6 1
7 1
8 1
9 1
10 1
11 1
12 1
13 1
14 1
15 2
16 1
17 1
18 1
19 1
20 1
21 1
22 1
23 1
24 0
25 1
26 1
27 1
28 2
29 1
30 1
31 1
32 1
33 1
34 1
35 0
36 0
37 1
38 1
39 1
40 1
41 0
42 0
43 0
44 0
45 0
46 0
47 0
48 0
49 0
50 0
51 0
52 0
53 1
54 0
55 1
56 0
57 0
58 0
59 1
60 1
61 0
62 0
63 1
64 1
65 0
66 1
67 0
68 0
69 0
70 0
71 0
72 1
73 0
74 0
75 1
76 2
77 1
78 0
79 0
80 0
81 0
82 0
83 0
84 0
85 0
86 0
87 0
88 0
89 0
90 0
91 0
92 0
93 0
94 0
95 0
96 0
97 0
98 0
99 1
100 1
101 1
102 0
103 0
104 0
105 0
106 2
107 0
108 4
109 0
110 0
111 0
112 0
113 0
114 0
115 0
116 0
117 0
118 0
119 0
120 0
121 1
122 1
123 2
124 1
125 1
126 0
127 0
128 2
129 1
130 0
131 0
132 0
133 0
134 1
135 0
136 0
137 0
138 0
139 0
140 0
141 0
142 0
143 0
144 0
145 0
146 0
147 0
148 1
149 2
150 2
151 2
152 1
153 1
154 2
155 2
156 1
157 3
158 2
159 1
160 0
161 0
162 0
163 0
164 1
165 1
166 1
167 0
168 0
169 2
170 1
171 0
172 1
173 0
174 1
175 0
176 0
177 1
178 0
179 1
180 2
181 1
182 1
183 1
184 0
185 0
186 0
187 1
188 0
189 1
190 0
191 0
192 0
193 0
194 0
195 1
196 1
197 1
198 1
199 1
200 0
201 2
202 1
203 1
204 1
205 0
206 2
207 2
208 1
209 0
210 1
211 0
212 0
213 0
214 0
215 0
216 1
217 0
218 0
219 0
220 0
221 0
222 0
223 1
224 0
225 2
226 1
227 0
228 1
229 1
230 1
231 0
232 0
233 0
234 0
235 0
236 0
237 1
238 0
239 0
240 0
241 1
242 1
243 0
244 0
245 0
246 1
247 0
248 0
249 0
250 0
251 0
252 0
253 0
254 0
255 0
256 0
257 0
258 0
259 1
260 0
261 0
262 0
263 0
264 0
265 0
266 1
267 0
268 0
269 2
270 0
271 0
272 0
273 0
274 0
275 0
276 1
277 0
278 0
279 0
280 0
281 0
282 0
283 1
284 0
285 0
286 0
287 0
288 0
289 0
290 0
291 0
292 0
293 1
294 0
295 0
296 0
297 0
298 0
299 0
300 1
301 1
302 0
303 0
304 0
305 0
306 0
307 0
308 0
309 0
310 0
311 0
312 0
313 0
314 0
315 0
316 0
317 0
318 0
319 0
320 0
321 0
322 0
323 1
324 0
325 0
326 0
327 0
328 0
329 1
330 1
331 0
332 0
333 0
334 0
335 1
336 1
337 0
338 0
339 0
340 0
341 0
342 0
343 0
344 0
345 1
346 0
347 0
348 0
349 0
350 0
351 0
352 0
353 0
354 0
355 1
356 0
357 1
358 0
359 0
360 1
361 0
362 1
363 0
364 0
365 1
366 1
367 0
368 0
369 0
370 0
371 0
372 0
373 0
374 0
375 0
376 1
377 0
378 2
379 0
380 0
381 0
382 0
383 0
384 0
385 0
386 0
387 0
388 0
389 0
390 1
391 1
392 1
393 0
394 1
395 0
396 0
397 0
398 0
399 0
400 0
401 1
402 0
403 0
404 0
405 0
406 0
407 0
408 0
409 0
410 0
411 0
412 0
413 0
414 0
415 0
416 0
417 0
418 0
419 0
420 0
421 0
422 0
423 0
424 1
425 1
426 0
427 0
428 0
429 0
430 0
431 0
432 0
433 0
434 0
435 0
436 1
437 0
438 1
439 0
440 0
441 1
442 0
443 0
444 0
445 0
446 0
447 0
448 0
449 0
450 0
451 0
452 0
453 0
454 0
455 0
456 0
457 3
458 0
459 0
460 0
461 0
462 0
463 0
464 0
465 0
466 0
467 0
468 0
469 1
470 1
471 0
472 0
473 0
474 0
475 0
476 0
477 1
478 0
479 1
480 0
481 0
482 0
483 0
484 0
485 1
486 0
487 0
488 0
489 0
490 1
491 0
492 1
493 1
494 1
495 1
496 1
497 0
498 2
499 2
500 0
501 1
502 0
503 0
504 0
505 1
506 0
507 0
508 1
509 2
510 2
511 1
512 2
513 2
514 1
515 0
516 1
517 0
518 1
519 0
520 0
521 0
522 0
523 0
524 0
525 0
526 2
527 1
528 0
529 1
530 1
531 1
532 1
533 1
534 1
535 0
536 2
537 1
538 0
539 1
540 1
541 2
542 1
543 1
544 1
545 1
546 1
547 2
548 1
549 0
550 1
551 0
552 1
553 1
554 1
555 2
556 1
557 2
558 2
559 2
560 1
561 0
562 1
563 1
564 1
565 1
566 1
567 1
568 1
569 1
570 1
571 3
572 1
573 0
574 0
575 2
576 0
577 0
578 1
579 0
580 0
581 0
582 1
583 0
584 0
585 0
586 1
587 1
588 0
589 0
590 0
591 1
592 1
593 2
594 1
595 1
596 1
597 1
598 1
599 1
600 0
601 1
602 3
603 1
604 1
605 1
606 3
607 1
608 0
609 0
610 0
611 0
612 0
613 0
614 0
615 0
616 0
617 0
618 0
619 0
620 0
621 0
622 0
623 0
624 0
625 0
626 1
627 0
628 0
629 0
630 0
631 0
632 0
633 0
634 0
635 0
636 1
637 0
638 4
639 0
640 2
641 0
642 1
643 0
644 0
645 0
646 1
647 1
648 0
649 0
650 0
651 0
652 0
653 1
654 1
655 0
656 0
657 0
658 3
659 1
660 0
661 2
662 0
663 0
664 1
665 0
666 1
667 0
668 1
669 1
670 1
671 0
672 1
673 0
674 0
675 0
676 0
677 0
678 0
679 0
680 0
681 1
682 0
683 0
684 1
685 0
686 0
687 0
688 1
689 0
690 0
691 1
692 1
693 0
694 1
695 1
696 2
697 1
698 1
699 1
700 0
701 1
702 0
703 1
704 1
705 1
706 0
707 2
708 0
709 0
710 0
711 0
712 0
713 1
714 1
715 1
716 2
717 2
718 1
719 0
720 0
721 2
722 2
723 1
724 0
725 1
726 0
727 1
728 0
729 0
730 0
731 3
732 0
733 0
734 1
735 1
736 0
737 0
738 0
739 1
740 1
741 1
742 1
743 0
744 0
745 0
746 0
747 1
748 0
749 1
750 0
751 0
752 2
753 0
754 1
755 1
756 0
757 1
758 1
759 1
760 0
761 1
762 0
763 0
764 1
765 1
766 0
767 1
768 1
769 1
770 1
771 0
772 1
773 1
774 0
775 1
776 0
777 1
778 1
779 0
780 1
781 1
782 1
783 1
784 0
785 1
786 1
787 0
788 0
789 0
790 0
791 1
792 0
793 0
794 2
795 1
796 0
797 0
798 1
799 0
800 1
801 1
802 0
803 1
804 0
805 0
806 1
807 0
808 1
809 2
810 2
811 1
812 1
813 2
814 1
815 1
816 1
817 1
818 1
819 2
820 1
821 1
822 1
823 1
824 1
825 0
826 1
827 0
828 0
829 0
830 0
831 0
832 0
833 0
834 0
835 0
836 0
837 1
838 1
839 0
840 0
841 0
842 0
843 2
844 0
845 0
846 0
847 1
848 1
849 0
850 2
851 1
852 1
853 1
854 2
855 1
856 1
857 2
858 2
859 2
860 1
861 1
862 1
863 2
864 1
865 2
866 2
867 2
868 1
869 0
870 1
871 1
872 1
873 1
874 1
875 1
876 0
877 0
878 0
879 1
880 1
881 0
882 0
883 0
884 0
885 0
886 0
887 0
888 1
889 1
890 0
891 0
892 0
893 2
894 0
895 0
896 0
897 0
898 0
899 0
900 0
901 0
902 2
903 0
904 0
905 1
906 0
907 0
908 0
909 1
910 0
911 1
912 1
913 0
914 0
915 1
916 1
917 0
918 1
919 0
920 0
921 0
922 0
923 0
924 0
925 2
926 0
927 0
928 0
929 0
930 1
931 1
932 1
933 2
934 0
935 1
936 0
937 0
938 1
939 1
940 0
941 1
942 0
943 1
944 1
945 0
946 1
947 0
948 0
949 2
950 3
951 0
952 1
953 1
954 0
955 1
956 2
957 0
958 1
959 1
960 1
961 1
962 0
963 2
964 0
965 0
966 1
967 0
968 1
969 0
970 1
971 1
972 1
973 1
974 1
975 0
976 2
977 2
978 1
979 0
980 1
981 1
982 1
983 1
984 1
985 1
986 1
987 1
988 1
989 0
990 1
991 1
992 1
993 2
994 1
995 1
996 1
997 1
998 0
999 0
1000 0
1001 1
1002 2
1003 1
1004 1
1005 1
1006 1
1007 1
1008 1
1009 1
1010 1
1011 1
1012 0
1013 0
1014 1
1015 1
1016 0
1017 1
1018 1
1019 1
1020 0
1021 1
1022 0
1023 0
1024 0
1025 1
1026 3
1027 2
1028 0
1029 1
1030 0
1031 0
1032 1
1033 0
1034 0
1035 0
1036 0
1037 0
1038 0
1039 1
1040 0
1041 0
1042 0
1043 0
1044 1
1045 0
1046 1
1047 0
1048 0
1049 0
1050 0
1051 0
1052 0
1053 1
1054 1
1055 1
1056 1
1057 2
1058 1
1059 1
1060 1
1061 2
1062 1
1063 1
1064 1
1065 0
1066 0
1067 0
1068 0
1069 0
1070 0
1071 0
1072 0
1073 1
1074 0
1075 0
1076 0
1077 0
1078 0
1079 0
1080 0
1081 0
1082 1
1083 0
1084 0
1085 0
1086 0
1087 0
1088 0
1089 0
1090 0
1091 0
1092 0
1093 0
1094 0
1095 0
1096 0
1097 0
1098 0
1099 0
1100 0
1101 0
1102 0
1103 0
1104 0
1105 0
1106 0
1107 2
1108 1
1109 1
1110 0
1111 1
1112 0
1113 0
1114 1
1115 1
1116 1
1117 3
1118 0
1119 2
1120 1
1121 0
1122 1
1123 1
1124 0
1125 0
1126 0
1127 0
1128 2
1129 1
1130 1
1131 0
1132 2
1133 1
1134 0
1135 0
1136 0
1137 0
1138 0
1139 1
1140 1
1141 2
1142 0
1143 0
1144 1
1145 1
1146 1
1147 1
1148 0
1149 2
1150 2
1151 1
1152 1
1153 0
1154 2
1155 1
1156 1
1157 0
1158 3
1159 2
1160 1
1161 0
1162 0
1163 1
1164 1
1165 1
1166 0
1167 1
1168 1
1169 1
1170 0
1171 0
1172 1
1173 0
1174 0
1175 1
1176 2
1177 2
1178 1
1179 2
1180 0
1181 1
1182 0
1183 0
1184 0
1185 0
1186 1
1187 1
1188 2
1189 3
1190 2
1191 2
1192 3
1193 2
1194 1
1195 0
1196 0
1197 0
1198 0
1199 0
1200 2
1201 2
1202 3
1203 4
1204 0
1205 3
1206 2
1207 1
1208 2
1209 1
1210 4
1211 1
1212 2
1213 0
1214 0
1215 1
1216 0
1217 1
1218 1
1219 0
1220 0
1221 1
1222 1
1223 0
1224 0
1225 0
1226 1
1227 0
1228 0
1229 0
1230 1
1231 0
1232 0
1233 0
1234 0
1235 1
1236 0
1237 0
1238 0
1239 0
1240 1
1241 0
1242 1
1243 2
1244 0
1245 2
1246 1
1247 1
1248 0
1249 1
1250 1
1251 1
1252 2
1253 2
1254 0
1255 1
1256 0
1257 1
1258 0
1259 2
1260 1
1261 2
1262 0
1263 2
1264 2
1265 2
1266 2
1267 0
1268 2
1269 0
1270 0
1271 2
1272 0
1273 0
1274 0
1275 0
1276 1
1277 1
1278 0
1279 0
1280 1
1281 1
1282 2
1283 1
1284 0
1285 0
1286 0
1287 1
1288 2
1289 1
1290 0
1291 1
1292 1
1293 2
1294 1
1295 0
1296 0
1297 1
1298 1
1299 1
1300 1
1301 0
1302 1
1303 0
1304 2
1305 1
1306 0
1307 1
1308 0
1309 1
1310 0
1311 0
1312 1
1313 2
1314 1
1315 1
1316 0
1317 0
1318 0
1319 0
1320 0
1321 1
1322 1
1323 2
1324 1
1325 1
1326 0
1327 1
1328 1
1329 1
1330 0
1331 0
1332 0
1333 0
1334 0
1335 0
1336 0
1337 0
1338 0
1339 0
1340 0
1341 0
1342 0
1343 1
1344 0
1345 0
1346 0
1347 0
1348 0
1349 0
1350 0
1351 0
1352 0
1353 0
1354 1
1355 0
1356 0
1357 0
1358 2
1359 1
1360 1
1361 1
1362 1
1363 2
1364 2
1365 1
1366 3
1367 1
1368 1
1369 1
1370 1
1371 2
1372 2
1373 0
1374 2
1375 0
1376 3
1377 0
1378 0
1379 0
1380 1
1381 0
1382 1
1383 1
1384 1
1385 0
1386 2
1387 1
1388 1
1389 3
1390 0
1391 0
1392 0
1393 0
1394 0
1395 0
1396 0
1397 0
1398 0
1399 1
1400 1
1401 1
1402 0
1403 1
1404 0
1405 1
1406 0
1407 1
1408 1
1409 0
1410 0
1411 1
1412 0
1413 0
1414 3
1415 0
1416 0
1417 1
1418 1
1419 2
1420 2
1421 1
1422 1
1423 0
1424 1
1425 0
1426 0
1427 1
1428 0
1429 1
1430 1
1431 0
1432 0
1433 1
1434 1
1435 0
1436 1
1437 0
1438 0
1439 0
1440 1
1441 0
1442 0
1443 1
1444 1
1445 0
1446 1
1447 2
1448 0
1449 1
1450 1
1451 0
1452 0
1453 1
1454 1
1455 1
1456 0
1457 2
1458 0
1459 2
1460 3
1461 1
1462 2
1463 3
1464 3
1465 2
1466 1
1467 1
1468 3
1469 3
1470 2
1471 2
1472 1
1473 1
1474 2
1475 3
1476 0
1477 1
1478 3
1479 2
1480 3
1481 0
1482 0
1483 0
1484 1
1485 4
1486 0
1487 1
1488 1
1489 1
1490 1
1491 2
1492 2
1493 2
1494 1
1495 0
1496 2
1497 1
1498 0
1499 1
1500 0
1501 0
1502 0
1503 0
1504 0
1505 0
1506 0
1507 0
1508 1
1509 3
1510 1
1511 2
1512 2
1513 0
1514 1
1515 2
1516 1
1517 1
1518 1
1519 0
1520 2
1521 3
1522 0
1523 1
1524 2
1525 2
1526 0
1527 0
1528 1
1529 1
1530 0
1531 1
1532 0
1533 0
1534 0
1535 0
1536 0
1537 0
1538 1
1539 0
1540 0
1541 0
1542 2
1543 1
1544 1
1545 1
1546 0
1547 1
1548 0
1549 1
1550 2
1551 0
1552 0
1553 1
1554 1
1555 1
1556 0
1557 0
1558 0
1559 0
1560 0
1561 1
1562 0
1563 0
1564 0
1565 0
1566 0
1567 0
1568 0
1569 1
1570 0
1571 1
1572 1
1573 0
1574 1
1575 1
1576 0
1577 1
1578 1
1579 0
1580 0
1581 0
1582 0
1583 2
1584 1
1585 1
1586 2
1587 0
1588 1
1589 3
1590 2
1591 0
1592 0
1593 1
1594 1
1595 0
1596 1
1597 1
1598 1
1599 0
1600 0
1601 0
1602 0
1603 1
1604 1
1605 0
1606 0
1607 2
1608 0
1609 0
1610 1
1611 0
1612 2
1613 1
1614 2
1615 2
1616 1
1617 0
1618 1
1619 1
1620 1
1621 1
1622 1
1623 0
1624 0
1625 1
1626 1
1627 1
1628 0
1629 1
1630 2
1631 1
1632 0
1633 1
1634 1
1635 0
1636 1
1637 0
1638 0
1639 1
1640 1
1641 1
1642 1
1643 0
1644 0
1645 1
1646 0
1647 0
1648 0
1649 1
1650 0
1651 0
1652 0
1653 0
1654 0
1655 1
1656 0
1657 0
1658 2
1659 1
1660 0
1661 1
1662 0
1663 0
1664 0
1665 0
1666 0
1667 0
1668 0
1669 0
1670 0
1671 1
1672 0
1673 3
1674 2
1675 1
1676 1
1677 3
1678 1
1679 1
1680 0
1681 0
1682 1
1683 1
1684 1
1685 2
1686 0
1687 0
1688 1
1689 3
1690 3
1691 2
1692 3
1693 3
1694 2
1695 2
1696 2
1697 1
1698 0
1699 1
1700 0
1701 0
1702 0
1703 0
1704 0
1705 1
1706 1
1707 1
1708 1
1709 0
1710 0
1711 0
1712 1
1713 1
1714 1
1715 1
1716 1
1717 0
1718 0
1719 1
1720 0
1721 0
1722 0
1723 0
1724 0
1725 0
1726 0
1727 1
1728 1
1729 0
1730 3
1731 1
1732 0
1733 2
1734 1
1735 0
1736 0
1737 0
1738 0
1739 0
1740 0
1741 0
1742 0
1743 2
1744 0
1745 1
1746 0
1747 2
1748 2
1749 3
1750 1
1751 3
1752 1
1753 0
1754 0
1755 0
1756 0
1757 0
1758 0
1759 1
1760 1
1761 1
1762 2
1763 1
1764 1
1765 1
1766 0
1767 0
1768 3
1769 1
1770 1
1771 0
1772 1
1773 1
1774 1
1775 1
1776 1
1777 3
1778 1
1779 1
1780 0
1781 0
1782 1
1783 0
1784 1
1785 1
1786 1
1787 0
1788 0
1789 0
1790 0
1791 0
1792 0
1793 0
1794 0
1795 0
1796 1
1797 1
1798 1
1799 0
1800 1
1801 0
1802 1
1803 0
1804 0
1805 1
1806 0
1807 0
1808 0
1809 0
1810 0
1811 0
1812 0
1813 0
1814 0
1815 0
1816 0
1817 0
1818 0
1819 0
1820 0
1821 0
1822 0
1823 0
1824 0
1825 0
1826 0
1827 0
1828 0
1829 0
1830 0
1831 0
1832 0
1833 0
1834 0
1835 0
1836 0
1837 0
1838 0
1839 0
1840 0
1841 0
1842 0
1843 0
1844 0
1845 0
1846 0
1847 0
1848 0
1849 0
1850 0
1851 0
1852 0
1853 0
1854 0
1855 0
1856 0
1857 0
1858 0
1859 0
1860 0
1861 0
1862 0
1863 0
1864 0
1865 0
1866 0
1867 0
1868 0
1869 0
1870 0
1871 0
1872 0
1873 0
1874 0
1875 0
1876 1
1877 0
1878 0
1879 0
1880 0
1881 0
1882 0
1883 0
1884 1
1885 0
1886 0
1887 0
1888 1
1889 0
1890 0
1891 0
1892 0
1893 0
1894 0
1895 0
1896 0
1897 0
1898 0
1899 0
1900 0
1901 0
1902 0
1903 0
1904 0
1905 0
1906 0
1907 0
1908 0
1909 0
1910 0
1911 0
1912 0
1913 0
1914 0
1915 0
1916 0
1917 0
1918 0
1919 0
1920 0
1921 0
1922 0
1923 0
1924 0
1925 1
1926 0
1927 1
1928 0
1929 0
1930 0
1931 0
1932 0
1933 0
1934 0
1935 1
1936 0
1937 0
1938 0
1939 0
1940 0
1941 0
1942 0
1943 0
1944 0
1945 0
1946 0
1947 0
1948 0
1949 0
1950 0
1951 0
1952 0
1953 0
1954 0
1955 0
1956 0
1957 0
1958 0
1959 0
1960 0
1961 1
1962 0
1963 0
1964 0
1965 0
1966 0
1967 0
1968 0
1969 0
1970 0
1971 0
1972 0
1973 1
1974 0
1975 0
1976 0
1977 0
1978 0
1979 0
1980 0
1981 0
1982 0
1983 0
1984 0
1985 0
1986 0
1987 0
1988 0
1989 1
1990 1
1991 0
1992 0
1993 0
1994 0
1995 2
1996 1
1997 0
1998 0
1999 0
