0 0
1 1
2 0
3 1
4 1
5 0
6 0
7 2
8 1
9 1
10 0
11 1
12 1
13 1
14 0
15 0
16 2
17 0
18 1
19 1
20 1
21 1
22 0
23 1
24 1
25 1
26 1
27 1
28 0
29 1
30 1
31 1
32 1
33 1
34 1
35 1
36 1
37 1
38 1
39 1
40 1
41 0
42 1
43 1
44 1
45 1
46 2
47 1
48 1
49 1
50 0
51 1
52 1
53 0
54 1
55 2
56 0
57 2
58 1
59 0
60 0
61 0
62 1
63 1
64 1
65 1
66 1
67 1
68 1
69 1
70 0
71 1
72 1
73 1
74 0
75 1
76 1
77 0
78 1
79 1
80 1
81 1
82 1
83 1
84 1
85 1
86 1
87 0
88 1
89 1
90 1
91 1
92 0
93 1
94 0
95 2
96 1
97 1
98 1
99 1
100 1
101 0
102 0
103 1
104 1
105 1
106 1
107 1
108 1
109 1
110 0
111 2
112 0
113 1
114 0
115 1
116 1
117 2
118 0
119 1
120 0
121 0
122 1
123 1
124 1
125 2
126 1
127 1
128 1
129 1
130 1
131 1
132 1
133 1
134 1
135 2
136 0
137 2
138 2
139 2
140 2
141 0
142 1
143 0
144 1
145 0
146 0
147 2
148 1
149 1
150 0
151 0
152 0
153 1
154 1
155 1
156 0
157 1
158 0
159 2
160 1
161 1
162 1
163 2
164 0
165 1
166 0
167 1
168 0
169 1
170 1
171 0
172 1
173 0
174 1
175 1
176 2
177 0
178 1
179 0
180 2
181 1
182 1
183 1
184 1
185 1
186 1
187 1
188 0
189 1
190 1
191 1
192 1
193 1
194 0
195 1
196 1
197 1
198 1
199 2
200 0
201 0
202 1
203 2
204 1
205 1
206 1
207 1
208 0
209 2
210 1
211 1
212 1
213 1
214 1
215 1
216 1
217 1
218 1
219 1
220 1
221 1
222 2
223 1
224 1
225 1
226 0
227 1
228 1
229 1
230 0
231 1
232 1
233 0
234 1
235 1
236 1
237 2
238 2
239 1
240 1
241 1
242 1
243 1
244 2
245 1
246 1
247 1
248 1
249 1
250 1
251 1
252 1
253 0
254 0
255 1
256 1
257 1
258 0
259 1
260 1
261 1
262 1
263 1
264 1
265 1
266 1
267 2
268 1
269 1
270 1
271 0
272 1
273 1
274 1
275 2
276 1
277 1
278 1
279 1
280 0
281 1
282 1
283 1
284 1
285 1
286 1
287 1
288 0
289 1
290 1
291 1
292 0
293 1
294 1
295 1
296 1
297 0
298 1
299 0
300 2
301 0
302 1
303 1
304 1
305 1
306 2
307 1
308 1
309 1
310 1
311 1
312 1
313 1
314 1
315 1
316 1
317 1
318 1
319 0
320 1
321 1
322 2
323 2
324 1
325 1
326 1
327 0
328 0
329 1
330 1
331 1
332 1
333 1
334 1
335 1
336 1
337 1
338 1
339 0
340 1
341 1
342 1
343 1
344 1
345 1
346 1
347 1
348 0
349 1
350 2
351 1
352 2
353 0
354 1
355 1
356 0
357 4
358 0
359 1
360 1
361 1
362 1
363 1
364 1
365 1
366 1
367 1
368 0
369 1
370 0
371 1
372 0
373 0
374 1
375 0
376 0
377 2
378 2
379 1
380 0
381 1
382 1
383 1
384 1
385 2
386 0
387 0
388 1
389 0
390 0
391 2
392 1
393 1
394 1
395 0
396 0
397 0
398 0
399 1
400 2
401 1
402 0
403 1
404 0
405 0
406 2
407 0
408 0
409 1
410 0
411 1
412 2
413 4
414 1
415 0
416 0
417 0
418 0
419 1
420 1
421 2
422 1
423 1
424 2
425 1
426 1
427 1
428 1
429 2
430 2
431 0
432 1
433 1
434 2
435 1
436 1
437 1
438 1
439 2
440 0
441 2
442 1
443 1
444 2
445 2
446 0
447 1
448 2
449 1
450 1
451 1
452 4
453 0
454 1
455 0
456 0
457 3
458 1
459 1
460 1
461 0
462 1
463 1
464 1
465 1
466 0
467 0
468 1
469 0
470 3
471 2
472 2
473 2
474 1
475 2
476 3
477 3
478 2
479 2
480 2
481 2
482 1
483 1
484 0
485 0
486 0
487 0
488 2
489 0
490 2
491 1
492 0
493 0
494 0
495 1
496 0
497 1
498 0
499 1
500 1
501 1
502 0
503 1
504 1
505 1
506 1
507 0
508 1
509 1
510 0
511 1
512 0
513 1
514 1
515 3
516 1
517 1
518 1
519 3
520 1
521 0
522 0
523 0
524 0
525 0
526 0
527 1
528 1
529 0
530 1
531 1
532 1
533 2
534 1
535 0
536 1
537 0
538 2
539 2
540 1
541 2
542 2
543 1
544 1
545 0
546 2
547 2
548 1
549 0
550 1
551 1
552 1
553 1
554 1
555 1
556 2
557 3
558 1
559 3
560 0
561 1
562 1
563 1
564 2
565 1
566 2
567 0
568 1
569 0
570 0
571 1
572 0
573 3
574 1
575 2
576 1
577 0
578 2
579 2
580 2
581 2
582 2
583 1
584 1
585 1
586 2
587 1
588 1
589 0
590 0
591 2
592 0
593 1
594 2
595 2
596 1
597 3
598 1
599 1
600 2
601 1
602 1
603 1
604 2
605 2
606 2
607 0
608 2
609 2
610 1
611 0
612 0
613 1
614 2
615 0
616 1
617 2
618 2
619 0
620 0
621 0
622 0
623 0
624 0
625 1
626 2
627 1
628 1
629 1
630 0
631 1
632 1
633 0
634 0
635 0
636 0
637 0
638 1
639 0
640 2
641 1
642 0
643 2
644 1
645 3
646 1
647 0
648 0
649 2
650 3
651 1
652 1
653 1
654 2
655 1
656 3
657 1
658 1
659 2
660 1
661 0
662 2
663 2
664 2
665 0
666 1
667 2
668 0
669 1
670 1
671 0
672 0
673 1
674 0
675 3
676 1
677 1
678 1
679 1
680 1
681 1
682 0
683 2
684 2
685 1
686 2
687 1
688 0
689 1
690 1
691 1
692 1
693 0
694 0
695 1
696 1
697 0
698 1
699 1
700 0
701 0
702 0
703 1
704 0
705 1
706 0
707 1
708 1
709 1
710 1
711 1
712 0
713 2
714 0
715 1
716 1
717 0
718 1
719 0
720 1
721 0
722 1
723 0
724 1
725 0
726 2
727 1
728 1
729 1
730 1
731 0
732 1
733 1
734 0
735 2
736 0
737 1
738 3
739 1
740 1
741 1
742 1
743 0
744 0
745 1
746 0
747 1
748 1
749 1
750 1
751 1
752 2
753 1
754 1
755 1
756 1
757 0
758 1
759 0
760 1
761 1
762 0
763 0
764 1
765 0
766 0
767 3
768 1
769 2
770 2
771 1
772 1
773 1
774 0
775 1
776 0
777 1
778 1
779 0
780 1
781 1
782 1
783 0
784 1
785 0
786 2
787 0
788 1
789 0
790 0
791 1
792 1
793 1
794 2
795 3
796 2
797 1
798 2
799 1
800 2
801 2
802 2
803 1
804 1
805 1
806 1
807 0
808 2
809 0
810 2
811 1
812 1
813 0
814 2
815 0
816 0
817 1
818 0
819 1
820 1
821 1
822 0
823 1
824 0
825 0
826 0
827 1
828 2
829 1
830 1
831 1
832 1
833 1
834 1
835 1
836 1
837 0
838 1
839 0
840 0
841 1
842 1
843 0
844 1
845 1
846 1
847 1
848 1
849 0
850 1
851 2
852 1
853 2
854 1
855 4
856 0
857 2
858 1
859 1
860 0
861 1
862 2
863 1
864 0
865 1
866 0
867 0
868 2
869 1
870 1
871 0
872 1
873 0
874 1
875 1
876 1
877 1
878 2
879 1
880 1
881 1
882 1
883 1
884 1
885 1
886 0
887 2
888 3
889 1
890 2
891 3
892 1
893 2
894 3
895 3
896 1
897 1
898 2
899 0
900 1
901 0
902 0
903 1
904 2
905 0
906 2
907 1
908 0
909 0
910 0
911 0
912 0
913 0
914 0
915 1
916 2
917 2
918 1
919 0
920 0
921 0
922 1
923 0
924 1
925 0
926 0
927 0
928 1
929 1
930 3
931 1
932 1
933 1
934 0
935 0
936 0
937 1
938 1
939 1
940 0
941 0
942 0
943 0
944 0
945 1
946 1
947 0
948 0
949 0
950 0
951 1
952 1
953 0
954 0
955 0
956 1
957 1
958 0
959 1
960 2
961 0
962 0
963 1
964 1
965 2
966 0
967 1
968 0
969 1
970 1
971 1
972 2
973 1
974 1
975 1
976 2
977 3
978 1
979 1
980 0
981 1
982 2
983 2
984 1
985 2
986 1
987 1
988 1
989 2
990 1
991 0
992 0
993 1
994 4
995 1
996 2
997 1
998 1
999 0
1000 0
1001 1
1002 1
1003 0
1004 0
1005 1
1006 1
1007 1
1008 0
1009 1
1010 0
1011 0
1012 1
1013 1
1014 1
1015 0
1016 1
1017 2
1018 0
1019 1
1020 0
1021 2
1022 2
1023 2
1024 0
1025 0
1026 1
1027 0
1028 0
1029 0
1030 2
1031 1
1032 1
1033 0
1034 0
1035 0
1036 1
1037 3
1038 1
1039 2
1040 2
1041 0
1042 1
1043 0
1044 0
1045 1
1046 0
1047 1
1048 2
1049 1
1050 1
1051 1
1052 0
1053 1
1054 1
1055 1
1056 0
1057 1
1058 1
1059 2
1060 1
1061 1
1062 1
1063 0
1064 1
1065 1
1066 1
1067 0
1068 1
1069 1
1070 1
1071 0
1072 0
1073 0
1074 0
1075 0
1076 1
1077 0
1078 1
1079 0
1080 0
1081 1
1082 1
1083 2
1084 2
1085 1
1086 3
1087 0
1088 0
1089 1
1090 0
1091 2
1092 2
1093 1
1094 1
1095 0
1096 1
1097 1
1098 0
1099 2
1100 0
1101 1
1102 1
1103 1
1104 2
1105 0
1106 1
1107 1
1108 0
1109 1
1110 0
1111 1
1112 0
1113 1
1114 0
1115 2
1116 1
1117 1
1118 0
1119 0
1120 2
1121 1
1122 0
1123 0
1124 0
1125 2
1126 3
1127 0
1128 2
1129 3
1130 0
1131 0
1132 0
1133 0
1134 0
1135 0
1136 0
1137 0
1138 1
1139 0
1140 0
1141 0
1142 2
1143 3
1144 1
1145 2
1146 0
1147 0
1148 1
1149 1
1150 0
1151 0
1152 0
1153 0
1154 0
1155 3
1156 0
1157 1
1158 3
1159 2
1160 2
1161 1
1162 0
1163 1
1164 1
1165 1
1166 0
1167 0
1168 1
1169 1
1170 1
1171 1
1172 2
1173 2
1174 2
1175 1
1176 1
1177 1
1178 0
1179 1
1180 0
1181 0
1182 0
1183 1
1184 0
1185 0
1186 0
1187 2
1188 0
1189 0
1190 0
1191 0
1192 0
1193 0
1194 0
1195 0
1196 0
1197 0
1198 0
1199 0
1200 0
1201 0
1202 0
1203 0
1204 0
1205 0
1206 0
1207 0
1208 0
1209 0
1210 0
1211 0
1212 0
1213 0
1214 0
1215 0
1216 0
1217 0
1218 0
1219 0
1220 0
1221 0
1222 0
1223 0
1224 0
1225 0
1226 0
1227 0
1228 0
1229 0
1230 0
1231 0
1232 0
1233 0
1234 0
1235 0
1236 0
1237 1
1238 0
1239 0
1240 0
1241 0
1242 0
1243 0
1244 0
1245 0
1246 0
1247 0
1248 0
1249 0
1250 0
1251 0
1252 0
1253 0
1254 0
1255 0
1256 0
1257 0
1258 0
1259 0
1260 0
1261 0
1262 0
1263 0
1264 0
1265 0
1266 0
1267 0
1268 0
1269 0
1270 0
1271 0
1272 0
1273 1
1274 1
1275 0
1276 2
1277 0
1278 0
1279 1
1280 2
1281 1
1282 2
1283 1
1284 1
1285 0
1286 0
1287 1
1288 1
1289 0
1290 1
1291 2
1292 1
1293 0
1294 1
1295 0
1296 0
1297 0
1298 0
1299 0
1300 0
1301 1
1302 0
1303 1
1304 0
1305 2
1306 1
1307 1
1308 1
1309 1
1310 1
1311 2
1312 3
1313 1
1314 1
1315 0
1316 0
1317 0
1318 0
1319 0
1320 0
1321 0
1322 0
1323 0
1324 1
1325 0
1326 0
1327 0
1328 0
1329 0
1330 0
1331 0
1332 0
1333 0
1334 0
1335 0
1336 1
1337 0
1338 1
1339 0
1340 1
1341 2
1342 0
1343 1
1344 2
1345 2
1346 1
1347 0
1348 0
1349 0
1350 0
1351 0
1352 0
1353 0
1354 0
1355 0
1356 0
1357 0
1358 0
1359 0
1360 0
1361 0
1362 0
1363 0
1364 0
1365 0
1366 0
1367 0
1368 0
1369 0
1370 0
1371 0
1372 0
1373 0
1374 0
1375 0
1376 0
1377 1
1378 2
1379 2
1380 2
1381 1
1382 1
1383 1
1384 1
1385 1
1386 1
1387 1
1388 1
1389 1
1390 1
1391 0
1392 0
1393 0
1394 1
1395 2
1396 2
1397 1
1398 1
1399 2
1400 0
1401 0
1402 0
1403 0
1404 0
1405 0
1406 0
1407 0
1408 0
1409 0
1410 0
1411 0
1412 0
1413 0
1414 0
1415 0
1416 0
1417 0
1418 0
1419 0
1420 0
1421 0
1422 0
1423 0
1424 0
1425 0
1426 0
1427 0
1428 0
1429 0
1430 0
1431 0
1432 0
1433 0
1434 0
1435 0
1436 0
1437 0
1438 0
1439 0
1440 0
1441 0
1442 0
1443 0
1444 0
1445 0
1446 0
1447 0
1448 0
1449 0
1450 0
1451 0
1452 0
1453 0
1454 0
1455 0
1456 0
1457 0
1458 0
1459 0
1460 0
1461 0
1462 0
1463 0
1464 0
1465 0
1466 0
1467 0
1468 0
1469 0
1470 0
1471 0
1472 0
1473 0
1474 0
1475 0
1476 0
1477 0
1478 0
1479 0
1480 0
1481 0
1482 0
1483 0
1484 0
1485 0
1486 0
1487 0
1488 0
1489 0
1490 0
1491 0
1492 0
1493 1
1494 0
1495 1
1496 1
1497 1
1498 0
1499 1
1500 0
1501 1
1502 0
1503 1
1504 2
1505 1
1506 1
1507 0
1508 1
1509 0
1510 1
1511 1
1512 1
1513 1
1514 2
1515 1
1516 0
1517 0
1518 0
1519 0
1520 0
1521 0
1522 1
1523 0
1524 0
1525 0
1526 0
1527 0
1528 0
1529 0
1530 0
1531 0
1532 0
1533 1
1534 1
1535 1
1536 1
1537 1
1538 0
1539 1
1540 1
1541 2
1542 1
1543 2
1544 1
1545 1
1546 1
1547 1
1548 1
1549 1
1550 1
1551 0
1552 0
1553 0
1554 2
1555 0
1556 0
1557 2
1558 0
1559 0
1560 1
1561 0
1562 2
1563 0
1564 2
1565 1
1566 2
1567 0
1568 1
1569 0
1570 0
1571 0
1572 0
1573 2
1574 0
1575 1
1576 1
1577 1
1578 2
1579 0
1580 1
1581 0
1582 1
1583 1
1584 2
1585 0
1586 1
1587 1
1588 0
1589 2
1590 1
1591 0
1592 1
1593 1
1594 0
1595 2
1596 0
1597 1
1598 1
1599 0
1600 2
1601 0
1602 1
1603 1
1604 1
1605 0
1606 0
1607 1
1608 0
1609 0
1610 1
1611 0
1612 1
1613 1
1614 2
1615 1
1616 2
1617 1
1618 2
1619 1
1620 0
1621 2
1622 2
1623 1
1624 1
1625 0
1626 2
1627 2
1628 0
1629 1
1630 0
1631 0
1632 1
1633 1
1634 1
1635 2
1636 0
1637 1
1638 2
1639 1
1640 1
1641 2
1642 1
1643 1
1644 0
1645 1
1646 0
1647 1
1648 1
1649 0
1650 1
1651 2
1652 1
1653 1
1654 0
1655 2
1656 1
1657 0
1658 0
1659 0
1660 0
1661 1
1662 1
1663 1
1664 2
1665 1
1666 0
1667 0
1668 1
1669 1
1670 1
1671 1
1672 0
1673 0
1674 0
1675 1
1676 0
1677 1
1678 0
1679 0
1680 1
1681 2
1682 1
1683 0
1684 0
1685 0
1686 0
1687 2
1688 1
1689 1
1690 0
1691 0
1692 0
1693 1
1694 0
1695 1
1696 0
1697 0
1698 1
1699 2
1700 0
1701 0
1702 1
1703 1
1704 1
1705 1
1706 1
1707 1
1708 1
1709 0
1710 1
1711 0
1712 1
1713 1
1714 0
1715 0
1716 0
1717 0
1718 0
1719 0
1720 0
1721 0
1722 0
1723 1
1724 1
1725 0
1726 0
1727 2
1728 1
1729 1
1730 1
1731 0
1732 0
1733 1
1734 0
1735 0
1736 0
1737 0
1738 0
1739 1
1740 1
1741 1
1742 0
1743 1
1744 1
1745 1
1746 1
1747 1
1748 1
1749 0
1750 2
1751 3
1752 1
1753 0
1754 1
1755 2
1756 0
1757 1
1758 2
1759 1
1760 0
1761 0
1762 1
1763 3
1764 2
1765 2
1766 1
1767 2
1768 2
1769 2
1770 2
1771 2
1772 2
1773 2
1774 3
1775 2
1776 3
1777 2
1778 2
1779 1
1780 0
1781 1
1782 1
1783 1
1784 1
1785 1
1786 0
1787 1
1788 2
1789 1
1790 0
1791 0
1792 2
1793 1
1794 1
1795 1
1796 1
1797 1
1798 2
1799 1
1800 2
1801 1
1802 2
1803 0
1804 1
1805 2
1806 1
1807 0
1808 1
1809 1
1810 2
1811 1
1812 2
1813 1
1814 1
1815 0
1816 1
1817 1
1818 1
1819 0
1820 1
1821 1
1822 2
1823 1
1824 1
1825 1
1826 1
1827 1
1828 1
1829 2
1830 0
1831 2
1832 1
1833 1
1834 0
1835 2
1836 1
1837 1
1838 1
1839 1
1840 1
1841 1
1842 2
1843 2
1844 2
1845 1
1846 2
1847 2
1848 2
1849 2
1850 1
1851 2
1852 2
1853 1
1854 0
1855 1
1856 1
1857 0
1858 1
1859 1
1860 1
1861 1
1862 1
1863 1
1864 2
1865 0
1866 2
1867 1
1868 0
1869 1
1870 1
1871 1
1872 1
1873 1
1874 1
1875 0
1876 1
1877 1
1878 0
1879 1
1880 1
1881 1
1882 1
1883 1
1884 1
1885 1
1886 2
1887 1
1888 2
1889 1
1890 2
1891 1
1892 1
1893 1
1894 1
1895 1
1896 2
1897 2
1898 0
1899 1
1900 1
1901 0
1902 2
1903 1
1904 1
1905 2
1906 0
1907 3
1908 1
1909 2
1910 1
1911 1
1912 1
1913 1
1914 1
1915 1
1916 1
1917 0
1918 0
1919 0
1920 1
1921 1
1922 2
1923 1
1924 1
1925 2
1926 1
1927 1
1928 1
1929 2
1930 2
1931 1
1932 1
1933 2
1934 1
1935 1
1936 1
1937 2
1938 0
1939 1
1940 2
1941 1
1942 1
1943 1
1944 0
1945 1
1946 1
1947 2
1948 1
1949 1
1950 1
1951 2
1952 1
1953 0
1954 1
1955 1
1956 1
1957 1
1958 1
1959 2
1960 2
1961 1
1962 1
1963 1
1964 1
1965 1
1966 1
1967 0
1968 1
1969 0
1970 1
1971 1
1972 2
1973 0
1974 0
1975 2
1976 2
1977 1
1978 1
1979 2
1980 1
1981 1
1982 1
1983 2
1984 2
1985 2
1986 1
1987 0
1988 2
1989 2
1990 1
1991 1
1992 1
1993 1
1994 1
1995 2
1996 1
1997 1
1998 1
1999 1
