0 0
1 0
2 0
3 1
4 0
5 0
6 0
7 1
8 0
9 0
10 0
11 0
12 0
13 0
14 0
15 0
16 0
17 0
18 0
19 1
20 1
21 1
22 0
23 0
24 1
25 2
26 0
27 0
28 0
29 0
30 2
31 0
32 1
33 1
34 1
35 0
36 1
37 1
38 0
39 1
40 0
41 1
42 1
43 0
44 0
45 0
46 2
47 0
48 0
49 1
50 1
51 1
52 0
53 2
54 1
55 1
56 3
57 3
58 1
59 1
60 3
61 1
62 0
63 0
64 0
65 2
66 0
67 0
68 0
69 0
70 1
71 1
72 2
73 0
74 1
75 1
76 1
77 2
78 1
79 1
80 0
81 1
82 2
83 3
84 1
85 1
86 2
87 1
88 3
89 1
90 1
91 0
92 0
93 0
94 0
95 0
96 0
97 0
98 0
99 1
100 2
101 0
102 1
103 1
104 2
105 3
106 1
107 0
108 2
109 1
110 0
111 2
112 1
113 1
114 1
115 1
116 1
117 0
118 1
119 1
120 1
121 2
122 2
123 2
124 2
125 2
126 1
127 2
128 0
129 0
130 0
131 0
132 0
133 0
134 0
135 0
136 0
137 0
138 0
139 0
140 0
141 0
142 1
143 0
144 0
145 1
146 1
147 1
148 1
149 0
150 0
151 1
152 0
153 1
154 1
155 0
156 0
157 0
158 0
159 0
160 1
161 2
162 1
163 1
164 0
165 1
166 2
167 1
168 0
169 2
170 0
171 0
172 1
173 1
174 0
175 1
176 1
177 2
178 2
179 1
180 0
181 0
182 0
183 0
184 1
185 0
186 1
187 0
188 0
189 0
190 0
191 0
192 0
193 0
194 0
195 0
196 1
197 1
198 0
199 1
200 1
201 2
202 1
203 2
204 1
205 0
206 0
207 0
208 1
209 0
210 0
211 0
212 1
213 1
214 1
215 2
216 1
217 2
218 1
219 0
220 0
221 1
222 1
223 0
224 0
225 0
226 1
227 1
228 3
229 1
230 1
231 1
232 1
233 0
234 1
235 2
236 1
237 2
238 1
239 3
240 1
241 0
242 2
243 1
244 4
245 0
246 1
247 2
248 2
249 0
250 0
251 0
252 3
253 4
254 2
255 3
256 1
257 2
258 1
259 0
260 1
261 0
262 0
263 0
264 0
265 0
266 0
267 0
268 1
269 1
270 3
271 2
272 3
273 4
274 0
275 0
276 0
277 0
278 0
279 0
280 0
281 0
282 0
283 0
284 0
285 1
286 1
287 1
288 2
289 1
290 1
291 0
292 0
293 0
294 0
295 0
296 0
297 0
298 0
299 0
300 0
301 0
302 0
303 0
304 0
305 0
306 0
307 0
308 0
309 0
310 0
311 0
312 0
313 0
314 0
315 0
316 0
317 0
318 0
319 0
320 0
321 0
322 0
323 0
324 0
325 0
326 0
327 0
328 0
329 0
330 0
331 0
332 0
333 0
334 0
335 2
336 1
337 0
338 1
339 1
340 1
341 0
342 0
343 0
344 0
345 0
346 1
347 2
348 2
349 0
350 2
351 1
352 0
353 2
354 0
355 1
356 1
357 0
358 0
359 2
360 1
361 0
362 1
363 0
364 0
365 1
366 1
367 2
368 1
369 1
370 1
371 2
372 0
373 1
374 1
375 1
376 2
377 2
378 1
379 0
380 0
381 1
382 1
383 0
384 1
385 1
386 1
387 1
388 2
389 2
390 2
391 2
392 1
393 2
394 2
395 1
396 1
397 2
398 1
399 1
400 1
401 2
402 2
403 3
404 2
405 1
406 2
407 4
408 1
409 0
410 0
411 0
412 0
413 0
414 1
415 1
416 1
417 0
418 2
419 0
420 0
421 0
422 1
423 0
424 1
425 0
426 0
427 0
428 0
429 0
430 0
431 1
432 1
433 0
434 0
435 0
436 0
437 0
438 0
439 0
440 1
441 0
442 0
443 0
444 0
445 0
446 0
447 0
448 0
449 0
450 0
451 0
452 1
453 1
454 0
455 1
456 1
457 0
458 1
459 2
460 0
461 0
462 1
463 1
464 3
465 2
466 2
467 1
468 1
469 1
470 3
471 1
472 1
473 4
474 3
475 5
476 3
477 2
478 4
479 4
480 1
481 1
482 1
483 1
484 0
485 0
486 0
487 1
488 0
489 0
490 0
491 0
492 1
493 0
494 2
495 1
496 1
497 1
498 1
499 1
500 1
501 1
502 2
503 1
504 2
505 1
506 1
507 1
508 2
509 1
510 1
511 2
512 1
513 2
514 1
515 1
516 2
517 2
518 0
519 2
520 2
521 1
522 1
523 2
524 2
525 2
526 2
527 2
528 1
529 1
530 2
531 1
532 1
533 1
534 2
535 0
536 2
537 2
538 2
539 2
540 2
541 2
542 0
543 2
544 1
545 2
546 2
547 1
548 1
549 2
550 1
551 1
552 1
553 1
554 1
555 1
556 1
557 1
558 2
559 1
560 1
561 2
562 2
563 2
564 1
565 0
566 1
567 1
568 2
569 1
570 0
571 1
572 1
573 1
574 2
575 1
576 1
577 2
578 2
579 1
580 1
581 2
582 1
583 1
584 1
585 1
586 2
587 2
588 1
589 2
590 2
591 1
592 1
593 0
594 2
595 1
596 2
597 1
598 2
599 2
600 1
601 2
602 2
603 2
604 2
605 2
606 1
607 1
608 2
609 2
610 0
611 2
612 2
613 2
614 1
615 1
616 1
617 2
618 2
619 1
620 0
621 1
622 1
623 1
624 2
625 1
626 2
627 2
628 2
629 2
630 1
631 2
632 1
633 2
634 2
635 2
636 1
637 1
638 1
639 2
640 2
641 2
642 1
643 2
644 2
645 1
646 2
647 2
648 1
649 1
650 1
651 2
652 1
653 1
654 2
655 2
656 2
657 2
658 1
659 2
660 2
661 0
662 0
663 1
664 2
665 1
666 2
667 1
668 1
669 1
670 1
671 1
672 1
673 2
674 2
675 2
676 1
677 2
678 2
679 1
680 2
681 1
682 0
683 1
684 2
685 1
686 2
687 1
688 2
689 2
690 2
691 1
692 1
693 2
694 2
695 0
696 1
697 2
698 2
699 1
700 2
701 2
702 1
703 1
704 2
705 1
706 2
707 2
708 1
709 1
710 1
711 2
712 2
713 1
714 2
715 2
716 1
717 2
718 0
719 1
720 1
721 2
722 1
723 2
724 2
725 2
726 1
727 2
728 2
729 1
730 1
731 2
732 1
733 2
734 2
735 2
736 2
737 2
738 0
739 1
740 0
741 0
742 1
743 1
744 2
745 2
746 2
747 1
748 1
749 1
750 1
751 1
752 1
753 1
754 2
755 1
756 1
757 1
758 2
759 2
760 1
761 1
762 1
763 2
764 0
765 2
766 2
767 1
768 0
769 2
770 0
771 2
772 2
773 1
774 1
775 2
776 2
777 2
778 1
779 1
780 2
781 2
782 1
783 1
784 2
785 0
786 2
787 2
788 1
789 2
790 1
791 1
792 2
793 0
794 2
795 1
796 2
797 1
798 2
799 1
800 1
801 1
802 1
803 0
804 1
805 1
806 0
807 1
808 0
809 1
810 1
811 0
812 1
813 1
814 2
815 2
816 2
817 0
818 1
819 2
820 2
821 2
822 2
823 2
824 1
825 1
826 2
827 2
828 3
829 0
830 0
831 1
832 2
833 1
834 2
835 1
836 1
837 1
838 2
839 1
840 2
841 0
842 1
843 1
844 1
845 1
846 2
847 1
848 2
849 1
850 2
851 0
852 1
853 2
854 2
855 1
856 2
857 1
858 1
859 1
860 2
861 1
862 1
863 2
864 2
865 1
866 1
867 1
868 1
869 0
870 1
871 2
872 2
873 2
874 2
875 0
876 1
877 0
878 2
879 0
880 0
881 1
882 1
883 0
884 2
885 2
886 2
887 2
888 2
889 2
890 1
891 1
892 2
893 2
894 1
895 2
896 1
897 2
898 1
899 2
900 2
901 1
902 2
903 1
904 0
905 1
906 2
907 1
908 0
909 2
910 2
911 2
912 1
913 1
914 2
915 2
916 1
917 1
918 2
919 2
920 1
921 1
922 1
923 1
924 1
925 1
926 2
927 1
928 1
929 1
930 1
931 2
932 1
933 1
934 1
935 1
936 1
937 1
938 1
939 2
940 1
941 2
942 0
943 1
944 2
945 2
946 0
947 0
948 2
949 1
950 1
951 1
952 2
953 2
954 1
955 0
956 2
957 1
958 0
959 1
960 0
961 1
962 1
963 2
964 1
965 1
966 0
967 1
968 1
969 2
970 2
971 3
972 2
973 1
974 1
975 2
976 1
977 1
978 1
979 0
980 1
981 1
982 1
983 0
984 1
985 1
986 1
987 0
988 2
989 0
990 1
991 2
992 2
993 1
994 1
995 1
996 2
997 1
998 1
999 1
1000 0
1001 1
1002 0
1003 1
1004 1
1005 0
1006 1
1007 2
1008 2
1009 2
1010 0
1011 1
1012 0
1013 1
1014 1
1015 2
1016 2
1017 2
1018 2
1019 2
1020 0
1021 1
1022 1
1023 2
1024 2
1025 1
1026 1
1027 0
1028 1
1029 2
1030 2
1031 0
1032 1
1033 2
1034 1
1035 1
1036 1
1037 1
1038 1
1039 2
1040 2
1041 1
1042 1
1043 2
1044 1
1045 2
1046 1
1047 1
1048 1
1049 0
1050 2
1051 2
1052 2
1053 1
1054 2
1055 0
1056 1
1057 0
1058 2
1059 1
1060 2
1061 1
1062 0
1063 1
1064 1
1065 1
1066 1
1067 1
1068 2
1069 1
1070 2
1071 2
1072 0
1073 1
1074 0
1075 1
1076 1
1077 0
1078 1
1079 1
1080 1
1081 1
1082 1
1083 1
1084 1
1085 1
1086 0
1087 1
1088 1
1089 2
1090 1
1091 1
1092 1
1093 1
1094 2
1095 1
1096 0
1097 1
1098 0
1099 1
1100 1
1101 1
1102 1
1103 1
1104 0
1105 0
1106 1
1107 2
1108 1
1109 1
1110 2
1111 2
1112 1
1113 1
1114 1
1115 1
1116 2
1117 0
1118 2
1119 1
1120 2
1121 1
1122 2
1123 2
1124 0
1125 0
1126 1
1127 2
1128 0
1129 2
1130 1
1131 1
1132 1
1133 1
1134 1
1135 1
1136 1
1137 1
1138 0
1139 1
1140 2
1141 1
1142 2
1143 1
1144 2
1145 2
1146 0
1147 2
1148 1
1149 0
1150 1
1151 1
1152 1
1153 1
1154 1
1155 1
1156 1
1157 1
1158 1
1159 1
1160 2
1161 2
1162 0
1163 1
1164 1
1165 1
1166 1
1167 1
1168 2
1169 2
1170 2
1171 2
1172 2
1173 1
1174 2
1175 0
1176 1
1177 1
1178 2
1179 1
1180 2
1181 2
1182 1
1183 0
1184 1
1185 0
1186 2
1187 1
1188 1
1189 1
1190 2
1191 1
1192 1
1193 0
1194 1
1195 2
1196 1
1197 1
1198 2
1199 1
1200 2
1201 1
1202 2
1203 0
1204 0
1205 1
1206 2
1207 2
1208 1
1209 3
1210 1
1211 1
1212 1
1213 1
1214 1
1215 0
1216 2
1217 1
1218 1
1219 1
1220 2
1221 1
1222 1
1223 2
1224 2
1225 1
1226 1
1227 1
1228 2
1229 2
1230 1
1231 1
1232 3
1233 2
1234 2
1235 2
1236 0
1237 1
1238 1
1239 2
1240 1
1241 2
1242 2
1243 0
1244 1
1245 0
1246 1
1247 1
1248 0
1249 1
1250 0
1251 1
1252 2
1253 1
1254 1
1255 2
1256 1
1257 1
1258 2
1259 2
1260 1
1261 1
1262 1
1263 1
1264 1
1265 2
1266 1
1267 2
1268 2
1269 0
1270 2
1271 1
1272 2
1273 2
1274 2
1275 2
1276 2
1277 2
1278 2
1279 1
1280 1
1281 1
1282 2
1283 1
1284 2
1285 1
1286 1
1287 1
1288 2
1289 1
1290 1
1291 1
1292 2
1293 1
1294 2
1295 2
1296 2
1297 0
1298 0
1299 0
1300 0
1301 0
1302 0
1303 1
1304 0
1305 0
1306 1
1307 0
1308 2
1309 1
1310 1
1311 0
1312 0
1313 0
1314 1
1315 0
1316 0
1317 0
1318 0
1319 0
1320 0
1321 0
1322 1
1323 1
1324 0
1325 1
1326 0
1327 0
1328 0
1329 1
1330 0
1331 1
1332 1
1333 0
1334 2
1335 0
1336 0
1337 0
1338 0
1339 1
1340 1
1341 1
1342 0
1343 2
1344 1
1345 0
1346 1
1347 0
1348 1
1349 0
1350 0
1351 0
1352 0
1353 0
1354 0
1355 2
1356 2
1357 1
1358 0
1359 1
1360 0
1361 1
1362 0
1363 2
1364 1
1365 1
1366 0
1367 1
1368 2
1369 0
1370 0
1371 2
1372 2
1373 1
1374 1
1375 1
1376 0
1377 2
1378 0
1379 0
1380 0
1381 0
1382 1
1383 1
1384 1
1385 2
1386 2
1387 2
1388 2
1389 2
1390 1
1391 2
1392 1
1393 1
1394 1
1395 2
1396 1
1397 0
1398 1
1399 1
1400 0
1401 1
1402 1
1403 1
1404 0
1405 1
1406 1
1407 3
1408 1
1409 2
1410 0
1411 0
1412 1
1413 0
1414 1
1415 0
1416 1
1417 2
1418 2
1419 2
1420 2
1421 2
1422 3
1423 0
1424 2
1425 1
1426 0
1427 1
1428 1
1429 1
1430 2
1431 2
1432 1
1433 1
1434 0
1435 1
1436 2
1437 0
1438 1
1439 0
1440 1
1441 1
1442 1
1443 1
1444 1
1445 2
1446 0
1447 1
1448 2
1449 1
1450 1
1451 2
1452 1
1453 1
1454 1
1455 1
1456 1
1457 1
1458 2
1459 4
1460 2
1461 2
1462 0
1463 0
1464 1
1465 0
1466 0
1467 1
1468 0
1469 3
1470 1
1471 0
1472 1
1473 0
1474 1
1475 0
1476 2
1477 2
1478 1
1479 1
1480 2
1481 1
1482 2
1483 0
1484 0
1485 0
1486 1
1487 1
1488 1
1489 1
1490 2
1491 1
1492 1
1493 2
1494 1
1495 0
1496 1
1497 0
1498 2
1499 3
1500 2
1501 2
1502 3
1503 2
1504 1
1505 3
1506 3
1507 2
1508 2
1509 1
1510 3
1511 2
1512 2
1513 0
1514 0
1515 0
1516 2
1517 1
1518 1
1519 2
1520 0
1521 2
1522 0
1523 0
1524 0
1525 1
1526 1
1527 3
1528 1
1529 1
1530 1
1531 0
1532 2
1533 3
1534 0
1535 0
1536 0
1537 0
1538 0
1539 2
1540 1
1541 1
1542 2
1543 1
1544 0
1545 1
1546 1
1547 1
1548 1
1549 1
1550 1
1551 0
1552 1
1553 1
1554 3
1555 0
1556 1
1557 1
1558 1
1559 1
1560 0
1561 0
1562 2
1563 1
1564 1
1565 2
1566 1
1567 0
1568 1
1569 1
1570 2
1571 0
1572 1
1573 0
1574 2
1575 1
1576 1
1577 2
1578 1
1579 0
1580 1
1581 0
1582 1
1583 2
1584 1
1585 1
1586 3
1587 0
1588 2
1589 1
1590 0
1591 1
1592 0
1593 1
1594 0
1595 1
1596 0
1597 1
1598 1
1599 1
1600 2
1601 2
1602 3
1603 3
1604 2
1605 1
1606 1
1607 1
1608 2
1609 1
1610 1
1611 0
1612 0
1613 1
1614 0
1615 0
1616 0
1617 1
1618 1
1619 1
1620 1
1621 1
1622 1
1623 1
1624 2
1625 0
1626 2
1627 2
1628 0
1629 0
1630 1
1631 1
1632 1
1633 0
1634 1
1635 1
1636 0
1637 1
1638 1
1639 1
1640 1
1641 2
1642 1
1643 2
1644 2
1645 1
1646 2
1647 1
1648 0
1649 1
1650 1
1651 0
1652 1
1653 1
1654 1
1655 2
1656 2
1657 1
1658 1
1659 1
1660 2
1661 2
1662 1
1663 0
1664 1
1665 2
1666 1
1667 1
1668 0
1669 0
1670 2
1671 2
1672 2
1673 5
1674 2
1675 2
1676 1
1677 2
1678 1
1679 0
1680 1
1681 0
1682 1
1683 1
1684 1
1685 1
1686 1
1687 1
1688 2
1689 2
1690 1
1691 1
1692 1
1693 0
1694 0
1695 1
1696 1
1697 1
1698 0
1699 1
1700 0
1701 0
1702 0
1703 0
1704 1
1705 1
1706 1
1707 0
1708 0
1709 0
1710 0
1711 0
1712 1
1713 0
1714 0
1715 0
1716 0
1717 1
1718 1
1719 1
1720 0
1721 0
1722 0
1723 1
1724 1
1725 0
1726 1
1727 0
1728 0
1729 1
1730 1
1731 2
1732 1
1733 2
1734 2
1735 3
1736 1
1737 0
1738 4
1739 4
1740 2
1741 1
1742 2
1743 3
1744 3
1745 1
1746 1
1747 4
1748 2
1749 1
1750 2
1751 0
1752 1
1753 1
1754 2
1755 1
1756 3
1757 2
1758 3
1759 0
1760 2
1761 2
1762 0
1763 2
1764 0
1765 2
1766 1
1767 1
1768 1
1769 1
1770 1
1771 0
1772 3
1773 3
1774 3
1775 0
1776 2
1777 1
1778 1
1779 1
1780 0
1781 1
1782 0
1783 1
1784 2
1785 1
1786 1
1787 1
1788 1
1789 2
1790 1
1791 1
1792 0
1793 4
1794 1
1795 0
1796 2
1797 0
1798 1
1799 0
1800 0
1801 0
1802 2
1803 0
1804 2
1805 1
1806 1
1807 0
1808 1
1809 1
1810 1
1811 2
1812 4
1813 3
1814 5
1815 3
1816 5
1817 3
1818 2
1819 5
1820 3
1821 1
1822 3
1823 3
1824 5
1825 4
1826 5
1827 4
1828 4
1829 4
1830 3
1831 5
1832 3
1833 3
1834 3
1835 4
1836 3
1837 4
1838 3
1839 2
1840 3
1841 2
1842 4
1843 4
1844 2
1845 5
1846 2
1847 2
1848 3
1849 3
1850 3
1851 4
1852 3
1853 3
1854 2
1855 2
1856 4
1857 3
1858 4
1859 3
1860 2
1861 3
1862 4
1863 4
1864 3
1865 3
1866 3
1867 2
1868 3
1869 2
1870 5
1871 3
1872 3
1873 3
1874 3
1875 1
1876 6
1877 2
1878 5
1879 1
1880 3
1881 4
1882 2
1883 5
1884 4
1885 3
1886 3
1887 4
1888 3
1889 4
1890 2
1891 3
1892 3
1893 3
1894 3
1895 2
1896 4
1897 4
1898 2
1899 3
1900 2
1901 5
1902 5
1903 3
1904 3
1905 4
1906 4
1907 4
1908 5
1909 5
1910 2
1911 4
1912 5
1913 4
1914 3
1915 1
1916 3
1917 3
1918 3
1919 4
1920 5
1921 5
1922 3
1923 3
1924 3
1925 4
1926 2
1927 3
1928 2
1929 5
1930 2
1931 4
1932 3
1933 4
1934 3
1935 3
1936 4
1937 3
1938 1
1939 1
1940 2
1941 1
1942 4
1943 3
1944 3
1945 2
1946 5
1947 3
1948 2
1949 3
1950 4
1951 4
1952 1
1953 3
1954 3
1955 4
1956 4
1957 3
1958 2
1959 3
1960 2
1961 3
1962 3
1963 4
1964 3
1965 2
1966 5
1967 6
1968 3
1969 4
1970 4
1971 3
1972 2
1973 1
1974 4
1975 4
1976 3
1977 4
1978 3
1979 2
1980 6
1981 4
1982 3
1983 5
1984 1
1985 4
1986 3
1987 4
1988 4
1989 3
1990 3
1991 3
1992 4
1993 2
1994 3
1995 3
1996 3
1997 2
1998 3
1999 4
