0 2
1 3
2 1
3 2
4 1
5 1
6 1
7 0
8 2
9 2
10 1
11 1
12 1
13 1
14 1
15 2
16 1
17 1
18 2
19 1
20 0
21 1
22 1
23 1
24 1
25 2
26 2
27 1
28 1
29 2
30 1
31 3
32 0
33 2
34 1
35 0
36 1
37 2
38 1
39 2
40 1
41 2
42 2
43 2
44 2
45 1
46 1
47 1
48 1
49 1
50 2
51 2
52 2
53 2
54 4
55 2
56 1
57 1
58 1
59 0
60 1
61 1
62 1
63 3
64 2
65 2
66 1
67 0
68 1
69 1
70 0
71 0
72 1
73 0
74 1
75 3
76 1
77 1
78 1
79 0
80 0
81 1
82 1
83 1
84 1
85 1
86 1
87 1
88 1
89 1
90 1
91 0
92 0
93 2
94 1
95 0
96 1
97 0
98 0
99 1
100 1
101 1
102 2
103 2
104 1
105 1
106 1
107 2
108 0
109 2
110 1
111 1
112 1
113 1
114 1
115 2
116 1
117 1
118 1
119 0
120 1
121 3
122 1
123 1
124 2
125 1
126 0
127 1
128 1
129 1
130 1
131 0
132 0
133 1
134 1
135 1
136 1
137 0
138 1
139 0
140 1
141 2
142 0
143 1
144 1
145 0
146 2
147 1
148 0
149 2
150 0
151 1
152 1
153 1
154 1
155 1
156 1
157 1
158 1
159 1
160 0
161 1
162 1
163 1
164 1
165 2
166 1
167 1
168 1
169 1
170 1
171 1
172 2
173 1
174 1
175 1
176 0
177 1
178 1
179 1
180 0
181 2
182 0
183 0
184 2
185 1
186 0
187 2
188 1
189 1
190 1
191 1
192 1
193 1
194 1
195 1
196 1
197 1
198 1
199 1
200 2
201 2
202 0
203 2
204 1
205 2
206 1
207 3
208 1
209 0
210 1
211 1
212 1
213 0
214 2
215 1
216 1
217 1
218 1
219 0
220 1
221 2
222 1
223 0
224 2
225 1
226 1
227 1
228 2
229 1
230 0
231 1
232 0
233 1
234 0
235 1
236 1
237 1
238 2
239 1
240 1
241 0
242 1
243 1
244 1
245 1
246 2
247 1
248 1
249 1
250 1
251 0
252 1
253 1
254 1
255 2
256 2
257 1
258 2
259 1
260 1
261 2
262 1
263 2
264 1
265 1
266 2
267 1
268 1
269 2
270 0
271 1
272 0
273 1
274 2
275 0
276 1
277 1
278 1
279 0
280 2
281 0
282 1
283 1
284 1
285 1
286 1
287 0
288 1
289 1
290 2
291 1
292 2
293 1
294 1
295 1
296 2
297 0
298 1
299 1
300 1
301 1
302 0
303 1
304 0
305 0
306 0
307 1
308 1
309 1
310 1
311 1
312 0
313 1
314 2
315 0
316 1
317 2
318 2
319 2
320 1
321 1
322 1
323 1
324 1
325 1
326 1
327 1
328 0
329 2
330 2
331 1
332 2
333 1
334 1
335 0
336 1
337 0
338 2
339 2
340 1
341 1
342 1
343 2
344 2
345 1
346 1
347 2
348 2
349 1
350 2
351 1
352 2
353 1
354 1
355 2
356 1
357 2
358 2
359 1
360 1
361 1
362 1
363 1
364 1
365 0
366 3
367 2
368 1
369 0
370 1
371 1
372 1
373 1
374 1
375 1
376 1
377 1
378 2
379 1
380 0
381 2
382 1
383 2
384 1
385 2
386 1
387 1
388 0
389 1
390 1
391 1
392 1
393 2
394 1
395 1
396 1
397 0
398 1
399 0
400 1
401 0
402 2
403 1
404 1
405 1
406 2
407 1
408 1
409 2
410 1
411 1
412 1
413 0
414 1
415 1
416 2
417 1
418 0
419 2
420 1
421 2
422 1
423 1
424 1
425 1
426 3
427 0
428 0
429 2
430 1
431 2
432 1
433 1
434 1
435 1
436 1
437 1
438 1
439 2
440 1
441 0
442 0
443 1
444 2
445 1
446 1
447 2
448 1
449 2
450 1
451 1
452 0
453 1
454 0
455 1
456 1
457 2
458 1
459 2
460 2
461 1
462 2
463 2
464 0
465 1
466 1
467 1
468 1
469 1
470 0
471 1
472 1
473 1
474 1
475 1
476 2
477 0
478 0
479 0
480 1
481 1
482 1
483 0
484 1
485 0
486 0
487 3
488 1
489 1
490 1
491 2
492 1
493 2
494 2
495 0
496 2
497 1
498 1
499 1
500 1
501 1
502 2
503 1
504 2
505 1
506 1
507 1
508 0
509 1
510 1
511 1
512 1
513 2
514 1
515 1
516 2
517 2
518 2
519 0
520 0
521 2
522 2
523 1
524 2
525 1
526 2
527 1
528 2
529 1
530 3
531 2
532 1
533 2
534 1
535 0
536 1
537 1
538 0
539 0
540 1
541 1
542 1
543 3
544 2
545 1
546 0
547 0
548 1
549 1
550 2
551 0
552 1
553 1
554 0
555 1
556 1
557 1
558 1
559 1
560 1
561 1
562 1
563 2
564 2
565 1
566 0
567 1
568 0
569 1
570 1
571 1
572 2
573 2
574 0
575 1
576 1
577 2
578 0
579 1
580 1
581 1
582 1
583 1
584 2
585 1
586 1
587 2
588 1
589 1
590 2
591 2
592 2
593 2
594 2
595 1
596 2
597 1
598 1
599 2
600 1
601 0
602 2
603 3
604 0
605 2
606 0
607 1
608 3
609 1
610 2
611 3
612 1
613 2
614 2
615 1
616 2
617 1
618 1
619 1
620 2
621 2
622 1
623 0
624 2
625 1
626 2
627 1
628 2
629 2
630 2
631 1
632 0
633 2
634 1
635 1
636 1
637 2
638 0
639 2
640 1
641 2
642 2
643 1
644 1
645 1
646 2
647 0
648 1
649 1
650 1
651 1
652 2
653 1
654 1
655 1
656 1
657 3
658 2
659 1
660 2
661 0
662 2
663 2
664 3
665 1
666 1
667 0
668 1
669 1
670 1
671 1
672 1
673 2
674 1
675 1
676 1
677 1
678 1
679 1
680 1
681 1
682 3
683 2
684 2
685 1
686 0
687 1
688 1
689 2
690 1
691 1
692 1
693 0
694 1
695 0
696 1
697 1
698 2
699 1
700 2
701 1
702 1
703 1
704 0
705 1
706 2
707 2
708 1
709 1
710 1
711 1
712 3
713 0
714 1
715 2
716 0
717 2
718 2
719 1
720 0
721 1
722 1
723 2
724 1
725 2
726 1
727 1
728 2
729 2
730 1
731 1
732 1
733 1
734 3
735 2
736 1
737 1
738 1
739 1
740 2
741 1
742 1
743 0
744 1
745 1
746 1
747 1
748 1
749 2
750 0
751 2
752 1
753 1
754 1
755 1
756 2
757 2
758 2
759 1
760 1
761 2
762 1
763 2
764 2
765 1
766 1
767 0
768 1
769 0
770 1
771 0
772 2
773 2
774 2
775 1
776 1
777 1
778 2
779 1
780 2
781 2
782 1
783 1
784 1
785 0
786 2
787 1
788 1
789 1
790 1
791 1
792 1
793 1
794 1
795 1
796 2
797 1
798 1
799 1
800 1
801 1
802 1
803 1
804 1
805 1
806 0
807 1
808 1
809 1
810 1
811 3
812 1
813 1
814 1
815 0
816 1
817 2
818 1
819 1
820 2
821 0
822 2
823 2
824 2
825 0
826 1
827 2
828 1
829 1
830 1
831 1
832 2
833 2
834 2
835 2
836 1
837 1
838 3
839 2
840 1
841 1
842 2
843 1
844 1
845 1
846 2
847 1
848 2
849 2
850 2
851 1
852 3
853 2
854 1
855 1
856 1
857 1
858 3
859 1
860 1
861 2
862 1
863 1
864 1
865 2
866 1
867 1
868 2
869 1
870 2
871 2
872 1
873 2
874 3
875 1
876 2
877 1
878 2
879 1
880 1
881 1
882 2
883 2
884 2
885 1
886 1
887 2
888 1
889 1
890 2
891 1
892 1
893 1
894 1
895 1
896 2
897 2
898 2
899 1
900 2
901 1
902 1
903 1
904 1
905 1
906 2
907 1
908 2
909 1
910 2
911 2
912 1
913 0
914 2
915 3
916 2
917 2
918 0
919 2
920 2
921 1
922 1
923 1
924 1
925 2
926 3
927 1
928 0
929 0
930 1
931 1
932 3
933 1
934 1
935 1
936 0
937 1
938 2
939 0
940 2
941 1
942 1
943 2
944 2
945 1
946 1
947 1
948 1
949 2
950 0
951 3
952 1
953 2
954 0
955 1
956 1
957 1
958 0
959 2
960 1
961 2
962 1
963 1
964 1
965 1
966 2
967 3
968 1
969 3
970 2
971 1
972 1
973 1
974 2
975 2
976 3
977 1
978 1
979 1
980 1
981 2
982 2
983 1
984 3
985 1
986 1
987 2
988 2
989 1
990 0
991 1
992 2
993 0
994 0
995 1
996 0
997 1
998 1
999 1
1000 1
1001 2
1002 0
1003 1
1004 2
1005 2
1006 1
1007 2
1008 2
1009 2
1010 1
1011 1
1012 1
1013 1
1014 1
1015 1
1016 1
1017 2
1018 0
1019 1
1020 1
1021 1
1022 1
1023 1
1024 1
1025 1
1026 1
1027 1
1028 1
1029 1
1030 1
1031 0
1032 1
1033 1
1034 1
1035 1
1036 1
1037 1
1038 1
1039 0
1040 1
1041 0
1042 1
1043 0
1044 1
1045 1
1046 0
1047 1
1048 1
1049 2
1050 2
1051 1
1052 1
1053 1
1054 0
1055 1
1056 2
1057 3
1058 0
1059 2
1060 1
1061 2
1062 1
1063 1
1064 1
1065 2
1066 1
1067 1
1068 0
1069 1
1070 2
1071 1
1072 1
1073 1
1074 0
1075 2
1076 2
1077 1
1078 2
1079 2
1080 1
1081 1
1082 1
1083 2
1084 1
1085 1
1086 1
1087 1
1088 2
1089 2
1090 3
1091 1
1092 3
1093 1
1094 1
1095 0
1096 1
1097 0
1098 0
1099 1
1100 0
1101 1
1102 1
1103 1
1104 0
1105 1
1106 4
1107 1
1108 2
1109 1
1110 1
1111 3
1112 3
1113 3
1114 2
1115 3
1116 1
1117 1
1118 1
1119 0
1120 3
1121 1
1122 2
1123 2
1124 2
1125 2
1126 2
1127 1
1128 1
1129 3
1130 2
1131 1
1132 2
1133 1
1134 2
1135 1
1136 2
1137 1
1138 2
1139 2
1140 1
1141 1
1142 1
1143 1
1144 2
1145 1
1146 1
1147 1
1148 1
1149 1
1150 2
1151 1
1152 1
1153 1
1154 1
1155 0
1156 1
1157 1
1158 1
1159 1
1160 1
1161 1
1162 1
1163 1
1164 1
1165 0
1166 1
1167 2
1168 2
1169 2
1170 1
1171 1
1172 2
1173 1
1174 4
1175 2
1176 0
1177 1
1178 2
1179 0
1180 2
1181 0
1182 1
1183 0
1184 1
1185 1
1186 2
1187 1
1188 1
1189 1
1190 2
1191 2
1192 0
1193 2
1194 2
1195 1
1196 2
1197 2
1198 2
1199 2
1200 1
1201 1
1202 2
1203 1
1204 0
1205 1
1206 0
1207 0
1208 1
1209 0
1210 1
1211 1
1212 2
1213 0
1214 1
1215 1
1216 2
1217 1
1218 1
1219 2
1220 2
1221 1
1222 2
1223 1
1224 1
1225 0
1226 0
1227 0
1228 0
1229 0
1230 0
1231 2
1232 2
1233 1
1234 1
1235 1
1236 2
1237 1
1238 1
1239 1
1240 2
1241 0
1242 1
1243 0
1244 1
1245 1
1246 2
1247 1
1248 1
1249 1
1250 1
1251 1
1252 1
1253 0
1254 0
1255 0
1256 2
1257 1
1258 2
1259 1
1260 1
1261 0
1262 2
1263 0
1264 0
1265 1
1266 1
1267 1
1268 1
1269 3
1270 1
1271 1
1272 0
1273 1
1274 1
1275 0
1276 1
1277 1
1278 1
1279 2
1280 2
1281 1
1282 1
1283 2
1284 0
1285 1
1286 2
1287 2
1288 0
1289 1
1290 1
1291 1
1292 0
1293 1
1294 2
1295 1
1296 2
1297 0
1298 1
1299 1
1300 0
1301 0
1302 1
1303 1
1304 1
1305 0
1306 1
1307 0
1308 1
1309 2
1310 2
1311 1
1312 1
1313 1
1314 1
1315 2
1316 1
1317 1
1318 1
1319 0
1320 1
1321 1
1322 2
1323 1
1324 2
1325 1
1326 1
1327 2
1328 1
1329 0
1330 1
1331 2
1332 1
1333 1
1334 1
1335 1
1336 0
1337 1
1338 1
1339 1
1340 1
1341 0
1342 0
1343 1
1344 1
1345 1
1346 2
1347 1
1348 1
1349 2
1350 1
1351 1
1352 1
1353 0
1354 3
1355 1
1356 1
1357 1
1358 1
1359 1
1360 1
1361 1
1362 2
1363 1
1364 1
1365 1
1366 1
1367 1
1368 2
1369 1
1370 1
1371 2
1372 2
1373 0
1374 0
1375 1
1376 3
1377 1
1378 2
1379 1
1380 1
1381 1
1382 3
1383 2
1384 2
1385 1
1386 1
1387 3
1388 1
1389 2
1390 1
1391 1
1392 2
1393 2
1394 1
1395 1
1396 2
1397 1
1398 0
1399 2
1400 2
1401 0
1402 1
1403 2
1404 2
1405 1
1406 1
1407 1
1408 2
1409 1
1410 0
1411 0
1412 1
1413 2
1414 1
1415 2
1416 1
1417 1
1418 1
1419 3
1420 2
1421 1
1422 2
1423 1
1424 1
1425 1
1426 1
1427 1
1428 1
1429 1
1430 1
1431 0
1432 2
1433 1
1434 1
1435 0
1436 0
1437 1
1438 2
1439 1
1440 0
1441 2
1442 1
1443 2
1444 1
1445 1
1446 1
1447 1
1448 1
1449 1
1450 1
1451 1
1452 1
1453 1
1454 2
1455 1
1456 2
1457 2
1458 1
1459 1
1460 1
1461 1
1462 2
1463 1
1464 1
1465 3
1466 1
1467 1
1468 1
1469 1
1470 1
1471 3
1472 0
1473 3
1474 1
1475 1
1476 2
1477 1
1478 1
1479 1
1480 2
1481 0
1482 0
1483 1
1484 0
1485 1
1486 3
1487 0
1488 2
1489 1
1490 1
1491 1
1492 1
1493 1
1494 1
1495 2
1496 1
1497 2
1498 1
1499 3
1500 1
1501 2
1502 1
1503 1
1504 2
1505 1
1506 1
1507 1
1508 1
1509 1
1510 2
1511 1
1512 1
1513 1
1514 2
1515 2
1516 1
1517 2
1518 1
1519 1
1520 1
1521 2
1522 0
1523 1
1524 1
1525 3
1526 1
1527 2
1528 1
1529 0
1530 1
1531 0
1532 0
1533 0
1534 1
1535 0
1536 0
1537 0
1538 1
1539 0
1540 0
1541 0
1542 0
1543 0
1544 1
1545 0
1546 1
1547 1
1548 1
1549 0
1550 0
1551 2
1552 0
1553 1
1554 0
1555 0
1556 0
1557 0
1558 1
1559 0
1560 0
1561 0
1562 0
1563 0
1564 0
1565 1
1566 1
1567 0
1568 0
1569 0
1570 0
1571 0
1572 0
1573 1
1574 0
1575 1
1576 1
1577 1
1578 0
1579 0
1580 0
1581 0
1582 0
1583 1
1584 0
1585 1
1586 0
1587 0
1588 0
1589 1
1590 0
1591 0
1592 1
1593 1
1594 0
1595 0
1596 0
1597 1
1598 0
1599 0
1600 1
1601 1
1602 0
1603 0
1604 0
1605 0
1606 0
1607 0
1608 0
1609 0
1610 0
1611 0
1612 0
1613 1
1614 1
1615 1
1616 1
1617 0
1618 2
1619 1
1620 1
1621 1
1622 1
1623 1
1624 0
1625 2
1626 0
1627 1
1628 1
1629 3
1630 1
1631 1
1632 0
1633 0
1634 2
1635 1
1636 1
1637 2
1638 1
1639 2
1640 1
1641 2
1642 2
1643 1
1644 2
1645 1
1646 2
1647 1
1648 2
1649 1
1650 1
1651 3
1652 2
1653 0
1654 0
1655 0
1656 1
1657 1
1658 1
1659 1
1660 0
1661 1
1662 1
1663 2
1664 1
1665 1
1666 2
1667 1
1668 1
1669 1
1670 1
1671 1
1672 3
1673 2
1674 0
1675 1
1676 1
1677 1
1678 1
1679 1
1680 2
1681 2
1682 0
1683 1
1684 1
1685 2
1686 2
1687 1
1688 1
1689 1
1690 1
1691 1
1692 0
1693 0
1694 0
1695 1
1696 2
1697 0
1698 0
1699 1
1700 1
1701 0
1702 2
1703 2
1704 0
1705 2
1706 1
1707 1
1708 0
1709 0
1710 0
1711 0
1712 0
1713 0
1714 0
1715 1
1716 0
1717 1
1718 0
1719 0
1720 1
1721 1
1722 0
1723 0
1724 0
1725 1
1726 0
1727 0
1728 0
1729 0
1730 0
1731 0
1732 0
1733 0
1734 0
1735 0
1736 0
1737 0
1738 0
1739 0
1740 0
1741 0
1742 1
1743 0
1744 0
1745 0
1746 1
1747 0
1748 0
1749 0
1750 0
1751 0
1752 0
1753 1
1754 0
1755 0
1756 1
1757 0
1758 0
1759 0
1760 0
1761 1
1762 1
1763 1
1764 1
1765 1
1766 1
1767 0
1768 1
1769 0
1770 1
1771 0
1772 0
1773 0
1774 0
1775 0
1776 1
1777 1
1778 0
1779 1
1780 1
1781 0
1782 0
1783 0
1784 0
1785 0
1786 0
1787 0
1788 0
1789 0
1790 1
1791 1
1792 0
1793 0
1794 0
1795 0
1796 0
1797 0
1798 1
1799 0
1800 0
1801 1
1802 0
1803 0
1804 0
1805 0
1806 0
1807 1
1808 0
1809 1
1810 1
1811 0
1812 1
1813 1
1814 1
1815 3
1816 0
1817 0
1818 0
1819 1
1820 1
1821 0
1822 1
1823 1
1824 1
1825 1
1826 1
1827 0
1828 2
1829 1
1830 1
1831 1
1832 1
1833 4
1834 1
1835 0
1836 1
1837 1
1838 1
1839 2
1840 1
1841 2
1842 1
1843 0
1844 2
1845 3
1846 0
1847 1
1848 1
1849 1
1850 2
1851 1
1852 2
1853 2
1854 2
1855 1
1856 1
1857 1
1858 1
1859 2
1860 2
1861 1
1862 1
1863 0
1864 1
1865 0
1866 1
1867 0
1868 2
1869 1
1870 2
1871 1
1872 2
1873 1
1874 2
1875 1
1876 1
1877 1
1878 2
1879 1
1880 1
1881 1
1882 2
1883 2
1884 1
1885 0
1886 1
1887 1
1888 2
1889 1
1890 2
1891 1
1892 1
1893 1
1894 2
1895 1
1896 2
1897 2
1898 1
1899 1
1900 1
1901 0
1902 1
1903 1
1904 1
1905 2
1906 1
1907 2
1908 2
1909 0
1910 1
1911 1
1912 2
1913 1
1914 1
1915 3
1916 0
1917 0
1918 0
1919 0
1920 2
1921 2
1922 2
1923 1
1924 3
1925 1
1926 1
1927 1
1928 1
1929 1
1930 0
1931 0
1932 1
1933 0
1934 1
1935 1
1936 1
1937 1
1938 1
1939 2
1940 1
1941 1
1942 1
1943 3
1944 1
1945 1
1946 1
1947 1
1948 1
1949 0
1950 0
1951 2
1952 1
1953 1
1954 1
1955 1
1956 1
1957 1
1958 1
1959 1
1960 0
1961 1
1962 3
1963 2
1964 1
1965 1
1966 1
1967 1
1968 1
1969 2
1970 3
1971 1
1972 2
1973 1
1974 1
1975 3
1976 1
1977 0
1978 1
1979 0
1980 1
1981 1
1982 1
1983 2
1984 0
1985 1
1986 1
1987 1
1988 1
1989 1
1990 1
1991 2
1992 2
1993 1
1994 1
1995 2
1996 1
1997 1
1998 1
1999 1
