0 2
1 2
2 0
3 2
4 1
5 2
6 1
7 2
8 2
9 0
10 1
11 0
12 1
13 2
14 3
15 2
16 2
17 2
18 1
19 0
20 1
21 0
22 3
23 3
24 3
25 2
26 1
27 1
28 1
29 1
30 1
31 2
32 3
33 2
34 3
35 1
36 3
37 3
38 3
39 3
40 1
41 3
42 2
43 1
44 1
45 1
46 2
47 1
48 1
49 1
50 2
51 1
52 2
53 2
54 3
55 1
56 2
57 0
58 0
59 0
60 0
61 3
62 2
63 0
64 0
65 0
66 0
67 0
68 0
69 0
70 0
71 0
72 0
73 0
74 0
75 0
76 0
77 0
78 0
79 0
80 0
81 0
82 0
83 0
84 0
85 0
86 1
87 1
88 1
89 1
90 1
91 4
92 2
93 1
94 1
95 1
96 0
97 2
98 1
99 0
100 0
101 2
102 0
103 0
104 2
105 2
106 1
107 0
108 0
109 1
110 0
111 0
112 0
113 0
114 0
115 1
116 2
117 0
118 0
119 0
120 0
121 1
122 1
123 0
124 0
125 1
126 0
127 4
128 0
129 1
130 1
131 1
132 1
133 0
134 0
135 0
136 0
137 0
138 0
139 0
140 1
141 1
142 1
143 0
144 1
145 0
146 0
147 0
148 0
149 1
150 3
151 0
152 0
153 0
154 0
155 0
156 0
157 1
158 0
159 3
160 1
161 1
162 2
163 1
164 2
165 2
166 2
167 2
168 1
169 3
170 0
171 1
172 1
173 3
174 2
175 0
176 0
177 0
178 0
179 0
180 0
181 1
182 0
183 0
184 1
185 3
186 2
187 3
188 3
189 2
190 1
191 2
192 2
193 1
194 3
195 1
196 3
197 0
198 0
199 2
200 2
201 1
202 0
203 1
204 0
205 0
206 0
207 0
208 0
209 0
210 1
211 1
212 0
213 2
214 0
215 1
216 0
217 0
218 0
219 0
220 1
221 1
222 0
223 1
224 0
225 1
226 0
227 1
228 1
229 1
230 2
231 0
232 0
233 1
234 1
235 1
236 0
237 1
238 1
239 0
240 0
241 0
242 0
243 0
244 0
245 0
246 1
247 0
248 1
249 1
250 0
251 2
252 1
253 1
254 0
255 0
256 0
257 1
258 0
259 1
260 2
261 1
262 0
263 0
264 1
265 1
266 1
267 0
268 0
269 1
270 0
271 0
272 0
273 0
274 0
275 0
276 0
277 0
278 0
279 0
280 0
281 0
282 0
283 1
284 0
285 0
286 1
287 0
288 1
289 1
290 1
291 1
292 2
293 1
294 1
295 1
296 1
297 3
298 3
299 0
300 1
301 0
302 4
303 1
304 2
305 1
306 3
307 1
308 2
309 1
310 1
311 1
312 3
313 4
314 1
315 0
316 0
317 1
318 0
319 0
320 2
321 0
322 0
323 2
324 1
325 0
326 0
327 0
328 0
329 0
330 0
331 1
332 1
333 2
334 2
335 1
336 0
337 0
338 0
339 0
340 1
341 1
342 1
343 1
344 1
345 1
346 2
347 1
348 2
349 1
350 1
351 2
352 1
353 1
354 0
355 0
356 1
357 1
358 1
359 0
360 0
361 3
362 0
363 1
364 0
365 1
366 1
367 1
368 0
369 1
370 1
371 0
372 0
373 0
374 0
375 1
376 1
377 1
378 0
379 0
380 0
381 0
382 1
383 0
384 0
385 0
386 0
387 1
388 0
389 0
390 0
391 0
392 0
393 1
394 1
395 0
396 0
397 0
398 0
399 0
400 0
401 1
402 1
403 0
404 1
405 0
406 0
407 0
408 0
409 0
410 0
411 0
412 0
413 1
414 0
415 0
416 0
417 0
418 0
419 0
420 0
421 0
422 0
423 1
424 2
425 2
426 0
427 2
428 1
429 1
430 1
431 0
432 0
433 1
434 0
435 0
436 0
437 0
438 0
439 0
440 0
441 0
442 0
443 1
444 2
445 1
446 1
447 1
448 1
449 2
450 0
451 1
452 0
453 1
454 0
455 0
456 1
457 0
458 0
459 0
460 0
461 0
462 0
463 0
464 0
465 0
466 0
467 0
468 0
469 0
470 0
471 0
472 0
473 1
474 1
475 0
476 0
477 1
478 1
479 1
480 0
481 0
482 1
483 0
484 2
485 1
486 0
487 0
488 1
489 2
490 0
491 0
492 2
493 1
494 1
495 1
496 2
497 1
498 0
499 2
500 2
501 1
502 1
503 1
504 1
505 1
506 1
507 1
508 1
509 1
510 1
511 0
512 0
513 4
514 3
515 3
516 2
517 1
518 0
519 2
520 4
521 0
522 2
523 3
524 1
525 0
526 0
527 0
528 0
529 0
530 2
531 1
532 1
533 1
534 3
535 2
536 0
537 0
538 0
539 0
540 1
541 2
542 1
543 0
544 0
545 0
546 0
547 1
548 1
549 1
550 0
551 0
552 0
553 0
554 1
555 1
556 0
557 0
558 0
559 0
560 0
561 0
562 0
563 0
564 0
565 0
566 0
567 1
568 1
569 0
570 0
571 0
572 0
573 0
574 0
575 0
576 0
577 0
578 0
579 0
580 1
581 0
582 1
583 0
584 0
585 1
586 1
587 2
588 0
589 1
590 0
591 1
592 1
593 2
594 2
595 1
596 1
597 0
598 2
599 1
600 1
601 0
602 0
603 2
604 1
605 3
606 0
607 2
608 1
609 0
610 0
611 1
612 2
613 0
614 2
615 0
616 0
617 0
618 0
619 2
620 3
621 0
622 3
623 0
624 0
625 0
626 0
627 2
628 1
629 2
630 1
631 0
632 1
633 0
634 1
635 0
636 0
637 2
638 1
639 1
640 1
641 0
642 3
643 4
644 4
645 0
646 1
647 0
648 2
649 2
650 0
651 0
652 0
653 0
654 3
655 1
656 2
657 0
658 2
659 1
660 1
661 1
662 0
663 1
664 1
665 1
666 0
667 0
668 1
669 0
670 1
671 1
672 1
673 1
674 2
675 1
676 1
677 0
678 0
679 0
680 0
681 1
682 0
683 1
684 1
685 0
686 1
687 2
688 1
689 0
690 1
691 1
692 3
693 1
694 0
695 1
696 1
697 0
698 0
699 1
700 1
701 0
702 1
703 1
704 1
705 0
706 2
707 2
708 1
709 2
710 0
711 1
712 0
713 0
714 1
715 0
716 0
717 0
718 0
719 2
720 1
721 0
722 2
723 0
724 0
725 0
726 0
727 0
728 0
729 0
730 0
731 0
732 0
733 1
734 2
735 1
736 1
737 1
738 4
739 1
740 2
741 2
742 1
743 2
744 3
745 3
746 1
747 2
748 1
749 0
750 0
751 0
752 1
753 1
754 1
755 1
756 1
757 0
758 2
759 1
760 2
761 0
762 0
763 1
764 0
765 3
766 0
767 1
768 0
769 2
770 2
771 0
772 1
773 1
774 2
775 1
776 2
777 1
778 0
779 0
780 0
781 0
782 0
783 0
784 3
785 2
786 1
787 3
788 2
789 0
790 2
791 1
792 0
793 0
794 0
795 0
796 0
797 1
798 1
799 0
800 1
801 0
802 2
803 3
804 0
805 0
806 2
807 2
808 1
809 3
810 0
811 1
812 1
813 1
814 0
815 1
816 1
817 1
818 1
819 0
820 1
821 1
822 1
823 0
824 2
825 2
826 0
827 1
828 0
829 0
830 0
831 0
832 0
833 0
834 0
835 0
836 0
837 0
838 0
839 0
840 1
841 0
842 1
843 0
844 3
845 0
846 1
847 2
848 3
849 2
850 0
851 3
852 0
853 1
854 1
855 1
856 2
857 2
858 3
859 2
860 2
861 1
862 2
863 2
864 2
865 1
866 0
867 3
868 0
869 1
870 1
871 1
872 1
873 2
874 0
875 0
876 0
877 1
878 1
879 2
880 1
881 0
882 0
883 2
884 0
885 0
886 0
887 0
888 0
889 0
890 0
891 0
892 0
893 0
894 0
895 0
896 0
897 0
898 0
899 1
900 0
901 1
902 1
903 1
904 0
905 1
906 1
907 0
908 1
909 1
910 2
911 0
912 0
913 1
914 0
915 0
916 0
917 0
918 0
919 0
920 0
921 0
922 0
923 0
924 1
925 0
926 2
927 0
928 0
929 0
930 1
931 0
932 0
933 0
934 0
935 0
936 0
937 0
938 1
939 2
940 0
941 2
942 0
943 1
944 1
945 1
946 1
947 0
948 1
949 0
950 0
951 0
952 3
953 0
954 1
955 1
956 1
957 1
958 1
959 1
960 2
961 2
962 2
963 1
964 2
965 3
966 0
967 2
968 1
969 1
970 2
971 2
972 3
973 1
974 1
975 1
976 1
977 1
978 0
979 0
980 0
981 1
982 1
983 0
984 1
985 1
986 0
987 0
988 1
989 1
990 1
991 1
992 1
993 0
994 0
995 0
996 0
997 0
998 0
999 0
1000 0
1001 0
1002 0
1003 0
1004 1
1005 0
1006 0
1007 1
1008 2
1009 0
1010 3
1011 1
1012 2
1013 1
1014 1
1015 1
1016 2
1017 0
1018 2
1019 1
1020 1
1021 1
1022 3
1023 0
1024 2
1025 2
1026 1
1027 2
1028 0
1029 0
1030 0
1031 0
1032 0
1033 0
1034 0
1035 0
1036 0
1037 0
1038 1
1039 0
1040 0
1041 0
1042 0
1043 0
1044 0
1045 0
1046 2
1047 2
1048 2
1049 0
1050 1
1051 3
1052 3
1053 0
1054 0
1055 2
1056 1
1057 0
1058 0
1059 0
1060 3
1061 2
1062 3
1063 1
1064 0
1065 0
1066 0
1067 0
1068 0
1069 0
1070 0
1071 0
1072 2
1073 0
1074 0
1075 1
1076 0
1077 1
1078 0
1079 1
1080 0
1081 0
1082 1
1083 2
1084 3
1085 3
1086 2
1087 3
1088 3
1089 2
1090 1
1091 3
1092 1
1093 2
1094 3
1095 2
1096 1
1097 3
1098 0
1099 3
1100 0
1101 2
1102 2
1103 2
1104 1
1105 4
1106 2
1107 0
1108 1
1109 2
1110 1
1111 0
1112 0
1113 1
1114 0
1115 1
1116 0
1117 1
1118 0
1119 0
1120 0
1121 2
1122 1
1123 0
1124 0
1125 0
1126 0
1127 0
1128 1
1129 1
1130 0
1131 1
1132 0
1133 0
1134 1
1135 1
1136 2
1137 2
1138 0
1139 1
1140 1
1141 1
1142 0
1143 0
1144 1
1145 1
1146 2
1147 0
1148 1
1149 0
1150 0
1151 1
1152 2
1153 0
1154 1
1155 0
1156 1
1157 1
1158 1
1159 0
1160 1
1161 1
1162 0
1163 2
1164 1
1165 1
1166 0
1167 0
1168 1
1169 1
1170 0
1171 0
1172 0
1173 0
1174 2
1175 0
1176 1
1177 0
1178 1
1179 0
1180 1
1181 0
1182 1
1183 1
1184 1
1185 1
1186 1
1187 1
1188 1
1189 0
1190 1
1191 1
1192 3
1193 0
1194 1
1195 1
1196 0
1197 0
1198 0
1199 1
1200 1
1201 1
1202 0
1203 0
1204 1
1205 1
1206 0
1207 1
1208 1
1209 1
1210 1
1211 1
1212 1
1213 1
1214 1
1215 1
1216 1
1217 1
1218 1
1219 1
1220 0
1221 2
1222 1
1223 1
1224 0
1225 1
1226 0
1227 2
1228 1
1229 1
1230 2
1231 1
1232 1
1233 1
1234 1
1235 1
1236 1
1237 2
1238 0
1239 1
1240 1
1241 1
1242 1
1243 1
1244 2
1245 1
1246 2
1247 1
1248 0
1249 1
1250 1
1251 1
1252 0
1253 1
1254 1
1255 1
1256 0
1257 1
1258 0
1259 1
1260 1
1261 1
1262 1
1263 1
1264 1
1265 1
1266 1
1267 0
1268 1
1269 1
1270 1
1271 1
1272 1
1273 1
1274 0
1275 0
1276 0
1277 1
1278 1
1279 0
1280 2
1281 1
1282 2
1283 1
1284 1
1285 1
1286 1
1287 1
1288 1
1289 1
1290 0
1291 1
1292 1
1293 0
1294 1
1295 0
1296 1
1297 0
1298 1
1299 0
1300 0
1301 0
1302 0
1303 0
1304 1
1305 1
1306 1
1307 1
1308 0
1309 2
1310 1
1311 2
1312 1
1313 0
1314 1
1315 1
1316 1
1317 1
1318 1
1319 0
1320 0
1321 1
1322 1
1323 1
1324 0
1325 1
1326 1
1327 0
1328 1
1329 0
1330 2
1331 0
1332 1
1333 1
1334 1
1335 1
1336 2
1337 2
1338 0
1339 1
1340 1
1341 0
1342 0
1343 2
1344 0
1345 1
1346 2
1347 1
1348 1
1349 1
1350 1
1351 2
1352 1
1353 0
1354 1
1355 2
1356 0
1357 1
1358 1
1359 1
1360 1
1361 1
1362 1
1363 1
1364 0
1365 0
1366 2
1367 0
1368 1
1369 1
1370 2
1371 0
1372 2
1373 0
1374 1
1375 0
1376 1
1377 1
1378 2
1379 1
1380 0
1381 2
1382 0
1383 1
1384 1
1385 2
1386 0
1387 2
1388 2
1389 1
1390 1
1391 1
1392 3
1393 0
1394 1
1395 1
1396 1
1397 3
1398 1
1399 1
1400 1
1401 1
1402 1
1403 0
1404 1
1405 1
1406 1
1407 1
1408 2
1409 1
1410 1
1411 1
1412 0
1413 1
1414 1
1415 1
1416 1
1417 1
1418 0
1419 1
1420 2
1421 1
1422 1
1423 1
1424 1
1425 1
1426 1
1427 1
1428 1
1429 1
1430 1
1431 0
1432 1
1433 1
1434 1
1435 1
1436 1
1437 1
1438 1
1439 1
1440 1
1441 1
1442 1
1443 1
1444 1
1445 2
1446 1
1447 3
1448 1
1449 1
1450 1
1451 1
1452 1
1453 1
1454 1
1455 0
1456 1
1457 0
1458 1
1459 1
1460 1
1461 1
1462 1
1463 0
1464 1
1465 1
1466 1
1467 3
1468 0
1469 1
1470 0
1471 1
1472 2
1473 1
1474 1
1475 1
1476 1
1477 1
1478 1
1479 1
1480 1
1481 0
1482 1
1483 2
1484 0
1485 0
1486 1
1487 2
1488 1
1489 1
1490 1
1491 1
1492 1
1493 0
1494 3
1495 2
1496 1
1497 0
1498 0
1499 1
1500 0
1501 1
1502 1
1503 0
1504 0
1505 2
1506 2
1507 0
1508 1
1509 0
1510 1
1511 2
1512 2
1513 0
1514 0
1515 0
1516 1
1517 1
1518 3
1519 2
1520 2
1521 1
1522 1
1523 1
1524 0
1525 2
1526 2
1527 2
1528 2
1529 2
1530 2
1531 1
1532 1
1533 0
1534 1
1535 1
1536 4
1537 1
1538 1
1539 1
1540 1
1541 3
1542 0
1543 3
1544 1
1545 1
1546 1
1547 1
1548 1
1549 1
1550 1
1551 1
1552 1
1553 0
1554 1
1555 1
1556 1
1557 1
1558 1
1559 1
1560 1
1561 1
1562 3
1563 1
1564 1
1565 0
1566 1
1567 1
1568 0
1569 1
1570 0
1571 3
1572 0
1573 0
1574 0
1575 0
1576 2
1577 1
1578 1
1579 1
1580 1
1581 2
1582 1
1583 2
1584 1
1585 2
1586 0
1587 1
1588 1
1589 1
1590 1
1591 2
1592 3
1593 1
1594 2
1595 1
1596 2
1597 1
1598 1
1599 1
1600 1
1601 1
1602 1
1603 2
1604 1
1605 1
1606 1
1607 1
1608 1
1609 2
1610 0
1611 2
1612 2
1613 1
1614 1
1615 1
1616 1
1617 1
1618 1
1619 1
1620 0
1621 1
1622 0
1623 1
1624 0
1625 1
1626 0
1627 1
1628 1
1629 1
1630 1
1631 1
1632 2
1633 1
1634 1
1635 1
1636 1
1637 1
1638 0
1639 1
1640 1
1641 1
1642 1
1643 2
1644 1
1645 1
1646 1
1647 0
1648 1
1649 1
1650 1
1651 1
1652 0
1653 1
1654 2
1655 1
1656 0
1657 1
1658 2
1659 2
1660 0
1661 0
1662 0
1663 0
1664 0
1665 0
1666 0
1667 1
1668 0
1669 2
1670 0
1671 1
1672 2
1673 0
1674 2
1675 1
1676 1
1677 0
1678 1
1679 1
1680 1
1681 2
1682 2
1683 2
1684 0
1685 0
1686 1
1687 0
1688 0
1689 1
1690 1
1691 1
1692 2
1693 2
1694 1
1695 3
1696 1
1697 0
1698 0
1699 0
1700 1
1701 1
1702 1
1703 1
1704 1
1705 0
1706 0
1707 1
1708 2
1709 1
1710 2
1711 0
1712 0
1713 1
1714 1
1715 0
1716 0
1717 0
1718 1
1719 0
1720 1
1721 1
1722 2
1723 2
1724 1
1725 4
1726 0
1727 0
1728 1
1729 2
1730 1
1731 0
1732 1
1733 2
1734 0
1735 1
1736 0
1737 2
1738 1
1739 2
1740 1
1741 0
1742 2
1743 1
1744 2
1745 1
1746 1
1747 0
1748 1
1749 1
1750 1
1751 0
1752 1
1753 3
1754 1
1755 1
1756 1
1757 1
1758 2
1759 2
1760 2
1761 1
1762 1
1763 2
1764 1
1765 2
1766 1
1767 1
1768 1
1769 1
1770 1
1771 1
1772 2
1773 1
1774 0
1775 1
1776 1
1777 1
1778 1
1779 1
1780 3
1781 1
1782 1
1783 1
1784 2
1785 1
1786 4
1787 1
1788 1
1789 2
1790 1
1791 1
1792 0
1793 1
1794 1
1795 1
1796 1
1797 1
1798 1
1799 1
1800 1
1801 1
1802 0
1803 0
1804 1
1805 1
1806 0
1807 0
1808 1
1809 0
1810 1
1811 0
1812 1
1813 1
1814 0
1815 0
1816 1
1817 0
1818 0
1819 1
1820 1
1821 0
1822 1
1823 1
1824 0
1825 0
1826 0
1827 1
1828 0
1829 1
1830 1
1831 0
1832 0
1833 0
1834 1
1835 2
1836 1
1837 0
1838 0
1839 1
1840 1
1841 1
1842 0
1843 2
1844 1
1845 0
1846 1
1847 1
1848 0
1849 1
1850 1
1851 1
1852 0
1853 0
1854 2
1855 1
1856 1
1857 0
1858 1
1859 1
1860 1
1861 1
1862 0
1863 0
1864 1
1865 0
1866 0
1867 1
1868 1
1869 2
1870 2
1871 0
1872 0
1873 1
1874 0
1875 1
1876 2
1877 0
1878 0
1879 1
1880 1
1881 0
1882 0
1883 0
1884 1
1885 0
1886 1
1887 0
1888 0
1889 1
1890 1
1891 1
1892 1
1893 1
1894 2
1895 1
1896 1
1897 3
1898 2
1899 1
1900 1
1901 0
1902 1
1903 1
1904 1
1905 0
1906 2
1907 0
1908 0
1909 0
1910 1
1911 1
1912 1
1913 0
1914 0
1915 0
1916 1
1917 2
1918 2
1919 1
1920 0
1921 1
1922 0
1923 0
1924 1
1925 0
1926 1
1927 2
1928 0
1929 1
1930 1
1931 0
1932 1
1933 1
1934 2
1935 1
1936 0
1937 1
1938 1
1939 1
1940 0
1941 0
1942 0
1943 0
1944 1
1945 0
1946 2
1947 1
1948 1
1949 0
1950 0
1951 2
1952 1
1953 0
1954 2
1955 1
1956 0
1957 0
1958 1
1959 0
1960 1
1961 0
1962 0
1963 1
1964 1
1965 0
1966 1
1967 0
1968 2
1969 1
1970 1
1971 0
1972 1
1973 0
1974 0
1975 1
1976 1
1977 1
1978 1
1979 0
1980 0
1981 1
1982 0
1983 1
1984 1
1985 1
1986 1
1987 1
1988 1
1989 0
1990 0
1991 0
1992 2
1993 1
1994 2
1995 1
1996 0
1997 1
1998 0
1999 0
