0 0
1 0
2 0
3 0
4 0
5 0
6 0
7 0
8 0
9 0
10 0
11 0
12 0
13 0
14 0
15 0
16 0
17 0
18 0
19 0
20 0
21 0
22 0
23 0
24 0
25 0
26 0
27 0
28 0
29 0
30 0
31 0
32 1
33 1
34 0
35 3
36 0
37 0
38 1
39 1
40 0
41 1
42 2
43 2
44 2
45 2
46 2
47 0
48 0
49 2
50 1
51 1
52 2
53 1
54 2
55 2
56 2
57 1
58 0
59 1
60 3
61 1
62 1
63 1
64 1
65 1
66 1
67 1
68 1
69 1
70 1
71 1
72 3
73 0
74 1
75 1
76 2
77 2
78 1
79 2
80 1
81 1
82 2
83 2
84 1
85 2
86 0
87 1
88 3
89 2
90 2
91 1
92 2
93 2
94 1
95 2
96 2
97 2
98 1
99 2
100 1
101 2
102 0
103 1
104 0
105 0
106 0
107 0
108 0
109 0
110 0
111 0
112 0
113 0
114 0
115 0
116 0
117 0
118 0
119 0
120 0
121 0
122 0
123 0
124 0
125 0
126 0
127 0
128 0
129 0
130 0
131 0
132 0
133 0
134 0
135 0
136 0
137 0
138 0
139 0
140 0
141 0
142 0
143 0
144 0
145 1
146 0
147 0
148 0
149 0
150 0
151 0
152 0
153 0
154 0
155 0
156 0
157 0
158 0
159 0
160 0
161 0
162 0
163 0
164 0
165 0
166 0
167 0
168 0
169 0
170 0
171 0
172 0
173 0
174 0
175 0
176 0
177 0
178 0
179 0
180 0
181 0
182 0
183 0
184 0
185 0
186 0
187 0
188 0
189 0
190 0
191 0
192 0
193 0
194 0
195 0
196 0
197 0
198 0
199 0
200 0
201 0
202 0
203 0
204 0
205 0
206 0
207 0
208 0
209 0
210 0
211 0
212 0
213 0
214 0
215 0
216 0
217 0
218 0
219 0
220 0
221 0
222 0
223 0
224 0
225 0
226 0
227 0
228 0
229 0
230 0
231 0
232 0
233 0
234 0
235 1
236 1
237 1
238 1
239 0
240 1
241 1
242 1
243 0
244 0
245 1
246 0
247 1
248 1
249 1
250 2
251 1
252 0
253 3
254 0
255 1
256 1
257 1
258 1
259 1
260 1
261 2
262 0
263 1
264 1
265 1
266 2
267 1
268 1
269 1
270 2
271 2
272 1
273 2
274 1
275 1
276 2
277 1
278 0
279 3
280 2
281 2
282 2
283 1
284 2
285 2
286 0
287 2
288 3
289 2
290 0
291 3
292 1
293 0
294 2
295 2
296 2
297 2
298 1
299 2
300 2
301 1
302 1
303 1
304 2
305 2
306 0
307 2
308 0
309 1
310 1
311 2
312 2
313 2
314 1
315 3
316 1
317 1
318 2
319 2
320 2
321 3
322 0
323 0
324 2
325 2
326 1
327 1
328 2
329 1
330 1
331 0
332 0
333 0
334 1
335 0
336 1
337 1
338 1
339 2
340 1
341 4
342 1
343 2
344 3
345 1
346 1
347 3
348 0
349 1
350 1
351 1
352 3
353 2
354 2
355 1
356 3
357 2
358 1
359 2
360 1
361 2
362 3
363 0
364 0
365 0
366 1
367 1
368 1
369 1
370 0
371 1
372 0
373 0
374 0
375 0
376 0
377 0
378 0
379 0
380 0
381 0
382 0
383 0
384 0
385 0
386 0
387 0
388 0
389 0
390 0
391 0
392 0
393 0
394 0
395 0
396 0
397 0
398 1
399 0
400 0
401 1
402 1
403 0
404 2
405 1
406 3
407 1
408 1
409 1
410 1
411 0
412 2
413 2
414 1
415 1
416 1
417 2
418 1
419 3
420 1
421 1
422 1
423 2
424 2
425 2
426 0
427 1
428 2
429 2
430 3
431 1
432 1
433 0
434 0
435 1
436 0
437 0
438 0
439 0
440 1
441 0
442 0
443 0
444 0
445 0
446 0
447 0
448 0
449 0
450 0
451 0
452 0
453 0
454 0
455 0
456 0
457 0
458 0
459 0
460 0
461 0
462 0
463 0
464 0
465 0
466 0
467 0
468 0
469 0
470 0
471 0
472 0
473 0
474 0
475 0
476 0
477 0
478 0
479 0
480 0
481 0
482 0
483 0
484 0
485 0
486 0
487 0
488 0
489 0
490 0
491 0
492 0
493 0
494 0
495 0
496 0
497 0
498 0
499 0
500 0
501 0
502 0
503 0
504 0
505 0
506 0
507 0
508 0
509 0
510 0
511 0
512 0
513 0
514 1
515 0
516 0
517 0
518 0
519 0
520 0
521 1
522 0
523 0
524 2
525 0
526 0
527 0
528 0
529 0
530 0
531 1
532 1
533 2
534 2
535 0
536 0
537 0
538 0
539 0
540 0
541 0
542 0
543 0
544 0
545 0
546 0
547 0
548 0
549 0
550 0
551 0
552 0
553 0
554 0
555 0
556 0
557 0
558 0
559 0
560 0
561 0
562 0
563 0
564 0
565 0
566 0
567 0
568 0
569 0
570 0
571 0
572 0
573 0
574 0
575 0
576 1
577 2
578 1
579 1
580 1
581 1
582 0
583 0
584 0
585 1
586 1
587 1
588 0
589 0
590 1
591 0
592 1
593 0
594 3
595 0
596 1
597 1
598 2
599 3
600 1
601 0
602 0
603 0
604 0
605 0
606 0
607 0
608 0
609 0
610 0
611 0
612 0
613 0
614 0
615 0
616 0
617 0
618 0
619 0
620 0
621 0
622 0
623 0
624 0
625 0
626 0
627 0
628 0
629 0
630 0
631 0
632 0
633 0
634 0
635 0
636 0
637 0
638 0
639 0
640 0
641 0
642 0
643 0
644 0
645 0
646 0
647 0
648 0
649 0
650 0
651 0
652 0
653 0
654 0
655 0
656 0
657 0
658 0
659 0
660 0
661 0
662 0
663 0
664 0
665 0
666 0
667 0
668 0
669 0
670 0
671 0
672 0
673 0
674 0
675 0
676 0
677 0
678 0
679 0
680 0
681 0
682 0
683 0
684 0
685 0
686 0
687 0
688 0
689 0
690 0
691 0
692 0
693 0
694 0
695 0
696 0
697 0
698 0
699 0
700 0
701 0
702 0
703 0
704 0
705 0
706 0
707 0
708 0
709 0
710 0
711 0
712 0
713 0
714 0
715 0
716 0
717 0
718 0
719 0
720 0
721 0
722 0
723 0
724 0
725 0
726 0
727 0
728 0
729 0
730 0
731 0
732 0
733 0
734 0
735 0
736 0
737 0
738 0
739 0
740 0
741 0
742 0
743 0
744 0
745 0
746 0
747 0
748 0
749 0
750 0
751 0
752 0
753 0
754 0
755 0
756 0
757 0
758 0
759 0
760 0
761 0
762 0
763 0
764 0
765 0
766 0
767 0
768 0
769 0
770 0
771 0
772 0
773 0
774 0
775 0
776 0
777 0
778 1
779 0
780 0
781 0
782 0
783 0
784 0
785 0
786 0
787 0
788 0
789 0
790 0
791 0
792 0
793 0
794 0
795 0
796 0
797 0
798 0
799 0
800 0
801 0
802 0
803 0
804 0
805 0
806 0
807 0
808 0
809 0
810 0
811 0
812 0
813 0
814 0
815 0
816 0
817 0
818 0
819 0
820 0
821 0
822 0
823 0
824 0
825 0
826 0
827 0
828 0
829 0
830 1
831 0
832 0
833 0
834 0
835 0
836 0
837 0
838 0
839 0
840 0
841 0
842 0
843 0
844 0
845 0
846 0
847 0
848 0
849 0
850 0
851 0
852 0
853 0
854 0
855 0
856 0
857 0
858 0
859 0
860 0
861 0
862 0
863 0
864 0
865 0
866 0
867 0
868 0
869 0
870 0
871 0
872 0
873 0
874 0
875 0
876 0
877 0
878 0
879 0
880 0
881 0
882 0
883 0
884 0
885 0
886 0
887 0
888 0
889 0
890 0
891 0
892 0
893 0
894 0
895 0
896 0
897 0
898 0
899 0
900 0
901 0
902 0
903 0
904 0
905 0
906 0
907 0
908 0
909 0
910 0
911 0
912 0
913 0
914 0
915 0
916 0
917 0
918 0
919 0
920 0
921 0
922 0
923 0
924 0
925 0
926 0
927 0
928 0
929 0
930 0
931 0
932 0
933 0
934 0
935 0
936 0
937 0
938 0
939 0
940 0
941 0
942 0
943 0
944 0
945 0
946 0
947 0
948 0
949 0
950 0
951 0
952 0
953 0
954 0
955 0
956 1
957 0
958 0
959 0
960 2
961 1
962 0
963 1
964 1
965 2
966 1
967 1
968 0
969 2
970 1
971 0
972 1
973 1
974 0
975 0
976 2
977 1
978 2
979 1
980 0
981 1
982 1
983 1
984 1
985 1
986 2
987 0
988 1
989 1
990 1
991 2
992 2
993 1
994 1
995 1
996 0
997 1
998 2
999 0
1000 1
1001 1
1002 1
1003 0
1004 1
1005 2
1006 1
1007 1
1008 1
1009 1
1010 1
1011 2
1012 1
1013 1
1014 1
1015 1
1016 1
1017 2
1018 1
1019 1
1020 0
1021 0
1022 1
1023 0
1024 0
1025 1
1026 1
1027 2
1028 0
1029 1
1030 1
1031 0
1032 0
1033 2
1034 2
1035 0
1036 2
1037 1
1038 0
1039 1
1040 1
1041 1
1042 1
1043 0
1044 2
1045 2
1046 1
1047 1
1048 0
1049 1
1050 1
1051 2
1052 0
1053 1
1054 1
1055 1
1056 0
1057 0
1058 0
1059 1
1060 1
1061 1
1062 1
1063 1
1064 1
1065 0
1066 1
1067 2
1068 1
1069 2
1070 1
1071 2
1072 2
1073 2
1074 1
1075 0
1076 1
1077 1
1078 1
1079 1
1080 0
1081 2
1082 1
1083 2
1084 1
1085 1
1086 2
1087 0
1088 0
1089 1
1090 1
1091 1
1092 1
1093 2
1094 2
1095 1
1096 1
1097 2
1098 2
1099 2
1100 1
1101 0
1102 0
1103 1
1104 1
1105 1
1106 2
1107 1
1108 0
1109 1
1110 0
1111 1
1112 3
1113 1
1114 1
1115 1
1116 0
1117 1
1118 2
1119 1
1120 1
1121 1
1122 1
1123 2
1124 1
1125 1
1126 1
1127 1
1128 1
1129 2
1130 0
1131 0
1132 1
1133 1
1134 2
1135 0
1136 1
1137 1
1138 1
1139 1
1140 0
1141 1
1142 2
1143 0
1144 2
1145 0
1146 1
1147 1
1148 2
1149 2
1150 1
1151 1
1152 1
1153 2
1154 1
1155 0
1156 2
1157 1
1158 1
1159 1
1160 1
1161 1
1162 1
1163 1
1164 2
1165 0
1166 1
1167 1
1168 1
1169 1
1170 0
1171 0
1172 1
1173 1
1174 0
1175 2
1176 1
1177 1
1178 1
1179 2
1180 1
1181 1
1182 1
1183 1
1184 0
1185 1
1186 2
1187 1
1188 0
1189 1
1190 1
1191 0
1192 1
1193 1
1194 1
1195 1
1196 0
1197 1
1198 1
1199 1
1200 1
1201 1
1202 0
1203 0
1204 1
1205 2
1206 1
1207 1
1208 3
1209 0
1210 1
1211 2
1212 2
1213 1
1214 3
1215 2
1216 2
1217 1
1218 1
1219 1
1220 1
1221 1
1222 1
1223 1
1224 1
1225 1
1226 1
1227 1
1228 1
1229 1
1230 1
1231 1
1232 1
1233 0
1234 1
1235 0
1236 2
1237 2
1238 1
1239 2
1240 0
1241 2
1242 1
1243 1
1244 1
1245 1
1246 1
1247 2
1248 1
1249 2
1250 0
1251 0
1252 3
1253 1
1254 1
1255 0
1256 1
1257 1
1258 2
1259 1
1260 1
1261 1
1262 2
1263 1
1264 2
1265 2
1266 1
1267 1
1268 1
1269 2
1270 1
1271 1
1272 1
1273 1
1274 0
1275 1
1276 0
1277 1
1278 3
1279 1
1280 2
1281 1
1282 3
1283 1
1284 1
1285 2
1286 1
1287 2
1288 2
1289 3
1290 2
1291 1
1292 2
1293 2
1294 0
1295 2
1296 0
1297 1
1298 2
1299 2
1300 1
1301 0
1302 1
1303 2
1304 2
1305 0
1306 3
1307 1
1308 0
1309 1
1310 1
1311 1
1312 0
1313 0
1314 1
1315 1
1316 2
1317 2
1318 2
1319 1
1320 0
1321 0
1322 2
1323 1
1324 1
1325 0
1326 2
1327 0
1328 1
1329 2
1330 1
1331 2
1332 2
1333 2
1334 2
1335 1
1336 0
1337 1
1338 1
1339 2
1340 3
1341 2
1342 2
1343 2
1344 0
1345 0
1346 2
1347 2
1348 1
1349 0
1350 1
1351 3
1352 0
1353 1
1354 1
1355 2
1356 1
1357 2
1358 2
1359 2
1360 1
1361 2
1362 3
1363 1
1364 1
1365 1
1366 0
1367 1
1368 0
1369 1
1370 1
1371 2
1372 0
1373 1
1374 1
1375 0
1376 0
1377 1
1378 0
1379 0
1380 1
1381 1
1382 0
1383 1
1384 1
1385 2
1386 1
1387 0
1388 1
1389 0
1390 1
1391 0
1392 0
1393 1
1394 1
1395 2
1396 1
1397 1
1398 1
1399 1
1400 0
1401 1
1402 0
1403 2
1404 2
1405 2
1406 1
1407 1
1408 1
1409 0
1410 1
1411 0
1412 1
1413 1
1414 1
1415 2
1416 1
1417 1
1418 1
1419 0
1420 0
1421 0
1422 1
1423 1
1424 1
1425 0
1426 1
1427 1
1428 0
1429 1
1430 1
1431 0
1432 1
1433 0
1434 1
1435 1
1436 1
1437 0
1438 1
1439 0
1440 0
1441 0
1442 0
1443 2
1444 1
1445 1
1446 2
1447 1
1448 1
1449 1
1450 1
1451 1
1452 1
1453 1
1454 1
1455 1
1456 0
1457 1
1458 1
1459 1
1460 2
1461 0
1462 1
1463 1
1464 0
1465 1
1466 1
1467 1
1468 0
1469 1
1470 1
1471 1
1472 1
1473 1
1474 0
1475 1
1476 1
1477 1
1478 3
1479 2
1480 1
1481 2
1482 0
1483 1
1484 1
1485 3
1486 2
1487 1
1488 0
1489 2
1490 1
1491 1
1492 0
1493 1
1494 2
1495 0
1496 0
1497 1
1498 1
1499 0
1500 0
1501 1
1502 2
1503 1
1504 2
1505 2
1506 1
1507 0
1508 1
1509 1
1510 1
1511 2
1512 0
1513 1
1514 3
1515 0
1516 2
1517 1
1518 1
1519 0
1520 1
1521 0
1522 2
1523 3
1524 1
1525 3
1526 2
1527 1
1528 1
1529 1
1530 2
1531 1
1532 3
1533 3
1534 3
1535 1
1536 2
1537 1
1538 0
1539 0
1540 1
1541 1
1542 1
1543 1
1544 1
1545 1
1546 0
1547 1
1548 1
1549 1
1550 1
1551 2
1552 0
1553 0
1554 1
1555 0
1556 0
1557 0
1558 1
1559 0
1560 0
1561 0
1562 0
1563 0
1564 0
1565 0
1566 0
1567 0
1568 0
1569 0
1570 0
1571 0
1572 0
1573 0
1574 0
1575 0
1576 0
1577 0
1578 0
1579 0
1580 0
1581 0
1582 0
1583 0
1584 0
1585 0
1586 0
1587 0
1588 0
1589 0
1590 0
1591 0
1592 0
1593 0
1594 0
1595 0
1596 0
1597 0
1598 0
1599 0
1600 0
1601 0
1602 0
1603 0
1604 0
1605 0
1606 0
1607 0
1608 0
1609 0
1610 0
1611 0
1612 0
1613 0
1614 0
1615 0
1616 0
1617 0
1618 0
1619 0
1620 0
1621 0
1622 0
1623 0
1624 0
1625 0
1626 0
1627 0
1628 0
1629 0
1630 0
1631 0
1632 0
1633 0
1634 0
1635 0
1636 0
1637 0
1638 0
1639 0
1640 0
1641 0
1642 0
1643 0
1644 0
1645 0
1646 0
1647 0
1648 1
1649 0
1650 1
1651 0
1652 0
1653 1
1654 0
1655 1
1656 0
1657 0
1658 1
1659 1
1660 1
1661 1
1662 0
1663 2
1664 1
1665 1
1666 0
1667 1
1668 1
1669 2
1670 1
1671 0
1672 2
1673 0
1674 1
1675 1
1676 0
1677 1
1678 0
1679 0
1680 0
1681 2
1682 1
1683 1
1684 2
1685 1
1686 0
1687 0
1688 0
1689 1
1690 0
1691 0
1692 0
1693 0
1694 0
1695 0
1696 0
1697 0
1698 0
1699 0
1700 0
1701 0
1702 0
1703 0
1704 0
1705 0
1706 0
1707 0
1708 0
1709 0
1710 0
1711 0
1712 0
1713 0
1714 0
1715 0
1716 0
1717 0
1718 0
1719 0
1720 0
1721 0
1722 0
1723 0
1724 0
1725 0
1726 0
1727 1
1728 0
1729 0
1730 1
1731 0
1732 0
1733 0
1734 1
1735 0
1736 0
1737 0
1738 0
1739 0
1740 0
1741 0
1742 0
1743 0
1744 0
1745 0
1746 0
1747 0
1748 0
1749 0
1750 1
1751 1
1752 1
1753 1
1754 0
1755 1
1756 0
1757 1
1758 1
1759 1
1760 0
1761 1
1762 1
1763 0
1764 1
1765 1
1766 1
1767 1
1768 1
1769 2
1770 0
1771 0
1772 1
1773 1
1774 1
1775 1
1776 0
1777 1
1778 1
1779 1
1780 1
1781 1
1782 1
1783 1
1784 1
1785 0
1786 1
1787 1
1788 2
1789 0
1790 1
1791 0
1792 1
1793 1
1794 1
1795 0
1796 1
1797 2
1798 0
1799 0
1800 0
1801 1
1802 1
1803 1
1804 1
1805 2
1806 1
1807 0
1808 1
1809 1
1810 1
1811 1
1812 0
1813 1
1814 1
1815 1
1816 0
1817 0
1818 0
1819 0
1820 1
1821 1
1822 1
1823 1
1824 0
1825 0
1826 0
1827 1
1828 1
1829 1
1830 1
1831 1
1832 1
1833 0
1834 1
1835 1
1836 0
1837 1
1838 1
1839 0
1840 1
1841 0
1842 1
1843 1
1844 1
1845 1
1846 1
1847 1
1848 1
1849 2
1850 0
1851 1
1852 0
1853 1
1854 2
1855 2
1856 2
1857 2
1858 1
1859 1
1860 0
1861 0
1862 1
1863 1
1864 2
1865 2
1866 1
1867 1
1868 1
1869 1
1870 1
1871 0
1872 1
1873 2
1874 2
1875 0
1876 1
1877 1
1878 2
1879 0
1880 0
1881 1
1882 1
1883 1
1884 1
1885 1
1886 1
1887 2
1888 1
1889 1
1890 1
1891 2
1892 2
1893 1
1894 1
1895 1
1896 1
1897 1
1898 1
1899 0
1900 2
1901 1
1902 0
1903 1
1904 1
1905 1
1906 2
1907 0
1908 1
1909 0
1910 1
1911 1
1912 1
1913 1
1914 1
1915 1
1916 1
1917 1
1918 0
1919 1
1920 1
1921 1
1922 1
1923 1
1924 2
1925 0
1926 1
1927 1
1928 0
1929 1
1930 0
1931 2
1932 1
1933 0
1934 1
1935 1
1936 1
1937 1
1938 0
1939 1
1940 2
1941 1
1942 2
1943 1
1944 1
1945 2
1946 1
1947 1
1948 1
1949 2
1950 1
1951 1
1952 1
1953 1
1954 1
1955 0
1956 1
1957 1
1958 2
1959 0
1960 1
1961 1
1962 0
1963 1
1964 1
1965 0
1966 1
1967 1
1968 0
1969 0
1970 1
1971 1
1972 1
1973 0
1974 1
1975 1
1976 2
1977 0
1978 0
1979 1
1980 0
1981 1
1982 1
1983 1
1984 2
1985 1
1986 2
1987 1
1988 1
1989 1
1990 2
1991 1
1992 0
1993 2
1994 1
1995 1
1996 1
1997 0
1998 1
1999 1
