0 0
1 0
2 2
3 2
4 1
5 2
6 1
7 1
8 1
9 1
10 2
11 2
12 1
13 2
14 2
15 2
16 3
17 1
18 2
19 0
20 1
21 0
22 1
23 1
24 2
25 3
26 1
27 2
28 1
29 2
30 2
31 1
32 1
33 1
34 2
35 2
36 1
37 2
38 3
39 2
40 1
41 1
42 2
43 2
44 2
45 3
46 2
47 2
48 2
49 2
50 2
51 1
52 2
53 1
54 0
55 2
56 2
57 0
58 2
59 2
60 1
61 1
62 1
63 1
64 3
65 2
66 1
67 1
68 3
69 1
70 2
71 2
72 3
73 2
74 1
75 1
76 1
77 2
78 1
79 2
80 2
81 1
82 2
83 1
84 1
85 1
86 3
87 2
88 4
89 2
90 1
91 2
92 2
93 2
94 2
95 2
96 2
97 2
98 1
99 3
100 1
101 2
102 2
103 1
104 0
105 2
106 1
107 2
108 1
109 1
110 1
111 3
112 1
113 1
114 2
115 2
116 1
117 1
118 1
119 1
120 2
121 2
122 1
123 1
124 1
125 1
126 2
127 1
128 1
129 1
130 2
131 2
132 3
133 3
134 1
135 2
136 3
137 2
138 3
139 3
140 2
141 0
142 2
143 1
144 2
145 2
146 2
147 2
148 2
149 2
150 1
151 1
152 1
153 1
154 2
155 0
156 2
157 1
158 1
159 1
160 1
161 1
162 2
163 2
164 2
165 2
166 1
167 2
168 2
169 2
170 2
171 1
172 1
173 2
174 2
175 2
176 1
177 1
178 3
179 2
180 2
181 2
182 1
183 2
184 2
185 2
186 1
187 1
188 2
189 1
190 2
191 1
192 1
193 1
194 3
195 2
196 1
197 2
198 2
199 2
200 3
201 2
202 3
203 2
204 2
205 1
206 1
207 2
208 1
209 0
210 3
211 1
212 2
213 1
214 1
215 2
216 1
217 2
218 1
219 2
220 1
221 4
222 1
223 2
224 2
225 2
226 1
227 2
228 2
229 2
230 2
231 2
232 2
233 2
234 2
235 1
236 2
237 2
238 1
239 1
240 2
241 0
242 1
243 2
244 3
245 1
246 1
247 2
248 2
249 1
250 1
251 1
252 3
253 2
254 1
255 1
256 3
257 2
258 2
259 3
260 2
261 1
262 3
263 2
264 2
265 2
266 2
267 1
268 1
269 1
270 2
271 3
272 2
273 1
274 2
275 1
276 2
277 2
278 2
279 1
280 1
281 1
282 2
283 1
284 2
285 3
286 1
287 1
288 1
289 1
290 2
291 2
292 3
293 3
294 2
295 1
296 2
297 2
298 1
299 2
300 2
301 1
302 2
303 1
304 1
305 1
306 2
307 1
308 3
309 1
310 1
311 2
312 3
313 3
314 1
315 2
316 2
317 1
318 2
319 1
320 2
321 2
322 1
323 2
324 1
325 1
326 2
327 1
328 2
329 2
330 2
331 2
332 1
333 2
334 1
335 1
336 2
337 2
338 2
339 2
340 1
341 0
342 2
343 2
344 1
345 0
346 2
347 1
348 2
349 2
350 2
351 2
352 2
353 1
354 2
355 1
356 2
357 2
358 2
359 2
360 1
361 1
362 2
363 1
364 2
365 2
366 2
367 1
368 2
369 2
370 1
371 1
372 1
373 2
374 3
375 2
376 1
377 2
378 1
379 3
380 2
381 2
382 2
383 0
384 2
385 2
386 3
387 2
388 2
389 3
390 3
391 3
392 1
393 2
394 1
395 2
396 3
397 1
398 2
399 1
400 1
401 1
402 1
403 1
404 2
405 2
406 2
407 2
408 0
409 3
410 1
411 3
412 3
413 2
414 0
415 3
416 2
417 1
418 0
419 0
420 1
421 2
422 1
423 0
424 2
425 1
426 2
427 2
428 2
429 1
430 2
431 0
432 1
433 2
434 1
435 1
436 1
437 2
438 2
439 1
440 1
441 1
442 3
443 2
444 0
445 3
446 1
447 3
448 0
449 1
450 1
451 2
452 0
453 1
454 1
455 1
456 2
457 2
458 2
459 0
460 3
461 2
462 0
463 2
464 2
465 3
466 2
467 1
468 2
469 1
470 1
471 2
472 3
473 1
474 1
475 1
476 1
477 2
478 2
479 1
480 0
481 1
482 3
483 2
484 0
485 2
486 1
487 1
488 3
489 2
490 2
491 2
492 2
493 2
494 2
495 2
496 0
497 1
498 0
499 0
500 2
501 2
502 1
503 0
504 2
505 1
506 1
507 0
508 0
509 1
510 3
511 1
512 2
513 2
514 2
515 3
516 2
517 2
518 1
519 1
520 1
521 1
522 1
523 1
524 1
525 2
526 1
527 2
528 2
529 2
530 2
531 3
532 1
533 2
534 1
535 2
536 3
537 3
538 1
539 1
540 0
541 2
542 3
543 3
544 3
545 1
546 1
547 2
548 2
549 1
550 2
551 2
552 1
553 2
554 3
555 2
556 1
557 1
558 2
559 0
560 2
561 2
562 2
563 2
564 2
565 2
566 0
567 1
568 0
569 2
570 2
571 2
572 1
573 1
574 2
575 2
576 2
577 1
578 1
579 1
580 2
581 2
582 2
583 3
584 1
585 2
586 2
587 1
588 1
589 1
590 2
591 2
592 1
593 2
594 3
595 2
596 1
597 2
598 2
599 2
600 2
601 2
602 1
603 3
604 2
605 3
606 1
607 1
608 2
609 1
610 2
611 3
612 1
613 3
614 2
615 3
616 1
617 3
618 2
619 1
620 2
621 1
622 2
623 1
624 2
625 2
626 1
627 3
628 3
629 3
630 2
631 2
632 1
633 2
634 0
635 2
636 2
637 1
638 1
639 2
640 2
641 2
642 2
643 3
644 3
645 2
646 1
647 2
648 2
649 1
650 1
651 2
652 3
653 2
654 3
655 2
656 2
657 1
658 2
659 1
660 1
661 2
662 1
663 3
664 2
665 2
666 3
667 3
668 2
669 3
670 3
671 2
672 3
673 2
674 1
675 0
676 2
677 1
678 1
679 1
680 1
681 2
682 3
683 1
684 0
685 2
686 2
687 1
688 1
689 3
690 1
691 3
692 1
693 2
694 3
695 1
696 1
697 2
698 1
699 1
700 2
701 1
702 2
703 1
704 2
705 2
706 1
707 0
708 1
709 2
710 1
711 3
712 2
713 0
714 2
715 1
716 1
717 1
718 1
719 2
720 2
721 1
722 3
723 2
724 2
725 2
726 2
727 1
728 1
729 1
730 1
731 2
732 2
733 0
734 1
735 1
736 2
737 1
738 1
739 2
740 2
741 1
742 1
743 1
744 2
745 1
746 2
747 2
748 2
749 0
750 2
751 2
752 2
753 2
754 2
755 2
756 2
757 1
758 2
759 1
760 0
761 1
762 1
763 1
764 0
765 2
766 0
767 2
768 1
769 1
770 1
771 1
772 0
773 1
774 2
775 1
776 1
777 2
778 2
779 1
780 2
781 3
782 1
783 1
784 1
785 2
786 1
787 2
788 2
789 2
790 2
791 2
792 2
793 2
794 0
795 0
796 3
797 1
798 2
799 1
800 3
801 2
802 2
803 3
804 1
805 1
806 2
807 2
808 2
809 2
810 0
811 2
812 1
813 1
814 2
815 2
816 2
817 0
818 3
819 2
820 2
821 2
822 1
823 1
824 1
825 2
826 1
827 2
828 1
829 0
830 1
831 1
832 0
833 1
834 1
835 1
836 2
837 2
838 2
839 2
840 2
841 2
842 1
843 2
844 0
845 2
846 1
847 1
848 3
849 0
850 3
851 0
852 1
853 2
854 2
855 1
856 2
857 2
858 1
859 1
860 1
861 1
862 2
863 1
864 2
865 2
866 2
867 1
868 2
869 2
870 1
871 2
872 1
873 1
874 2
875 2
876 2
877 1
878 2
879 2
880 1
881 1
882 1
883 2
884 1
885 1
886 1
887 2
888 2
889 2
890 2
891 2
892 1
893 1
894 2
895 1
896 3
897 1
898 2
899 2
900 0
901 1
902 1
903 2
904 2
905 1
906 0
907 1
908 1
909 1
910 3
911 2
912 1
913 1
914 3
915 3
916 2
917 1
918 3
919 1
920 3
921 3
922 1
923 1
924 2
925 2
926 1
927 2
928 3
929 3
930 0
931 2
932 1
933 1
934 2
935 2
936 0
937 2
938 2
939 2
940 2
941 2
942 1
943 2
944 2
945 2
946 1
947 2
948 1
949 2
950 1
951 0
952 1
953 1
954 1
955 2
956 2
957 1
958 2
959 2
960 2
961 1
962 2
963 2
964 1
965 1
966 1
967 1
968 2
969 3
970 2
971 1
972 2
973 2
974 1
975 3
976 2
977 0
978 3
979 0
980 3
981 1
982 2
983 1
984 1
985 4
986 2
987 2
988 1
989 1
990 1
991 1
992 2
993 1
994 1
995 2
996 1
997 0
998 2
999 2
1000 2
1001 1
1002 2
1003 1
1004 2
1005 2
1006 3
1007 1
1008 1
1009 2
1010 2
1011 2
1012 2
1013 2
1014 1
1015 1
1016 0
1017 1
1018 2
1019 2
1020 1
1021 1
1022 1
1023 0
1024 1
1025 2
1026 2
1027 1
1028 2
1029 2
1030 1
1031 1
1032 2
1033 2
1034 2
1035 2
1036 1
1037 2
1038 2
1039 3
1040 2
1041 2
1042 3
1043 1
1044 2
1045 1
1046 2
1047 1
1048 2
1049 2
1050 2
1051 2
1052 1
1053 1
1054 1
1055 2
1056 2
1057 1
1058 1
1059 1
1060 2
1061 1
1062 2
1063 1
1064 1
1065 2
1066 1
1067 1
1068 0
1069 1
1070 2
1071 1
1072 2
1073 1
1074 2
1075 1
1076 1
1077 1
1078 2
1079 1
1080 2
1081 0
1082 0
1083 0
1084 0
1085 0
1086 0
1087 0
1088 0
1089 0
1090 0
1091 0
1092 0
1093 0
1094 0
1095 0
1096 0
1097 0
1098 0
1099 0
1100 0
1101 0
1102 0
1103 0
1104 0
1105 0
1106 0
1107 0
1108 0
1109 0
1110 0
1111 0
1112 0
1113 0
1114 0
1115 0
1116 0
1117 0
1118 0
1119 0
1120 0
1121 0
1122 0
1123 0
1124 0
1125 0
1126 0
1127 0
1128 0
1129 0
1130 0
1131 0
1132 0
1133 0
1134 0
1135 0
1136 0
1137 0
1138 0
1139 0
1140 0
1141 0
1142 0
1143 0
1144 0
1145 0
1146 0
1147 0
1148 0
1149 0
1150 0
1151 0
1152 0
1153 0
1154 0
1155 0
1156 0
1157 0
1158 0
1159 0
1160 0
1161 0
1162 0
1163 0
1164 0
1165 0
1166 0
1167 0
1168 0
1169 0
1170 0
1171 0
1172 0
1173 0
1174 0
1175 0
1176 0
1177 0
1178 0
1179 0
1180 0
1181 0
1182 0
1183 0
1184 0
1185 0
1186 0
1187 0
1188 0
1189 0
1190 0
1191 0
1192 0
1193 0
1194 0
1195 0
1196 0
1197 0
1198 0
1199 0
1200 0
1201 0
1202 0
1203 0
1204 0
1205 0
1206 0
1207 0
1208 0
1209 0
1210 0
1211 0
1212 0
1213 0
1214 0
1215 0
1216 0
1217 0
1218 0
1219 0
1220 0
1221 0
1222 0
1223 0
1224 0
1225 0
1226 0
1227 0
1228 0
1229 0
1230 0
1231 0
1232 0
1233 0
1234 0
1235 0
1236 0
1237 0
1238 0
1239 0
1240 0
1241 0
1242 0
1243 0
1244 0
1245 0
1246 0
1247 0
1248 0
1249 0
1250 0
1251 0
1252 0
1253 0
1254 0
1255 0
1256 0
1257 0
1258 0
1259 0
1260 0
1261 0
1262 0
1263 0
1264 0
1265 0
1266 0
1267 1
1268 0
1269 0
1270 0
1271 0
1272 0
1273 0
1274 0
1275 0
1276 0
1277 0
1278 0
1279 0
1280 0
1281 0
1282 0
1283 0
1284 0
1285 0
1286 0
1287 0
1288 0
1289 0
1290 0
1291 0
1292 0
1293 0
1294 0
1295 0
1296 0
1297 0
1298 0
1299 0
1300 1
1301 0
1302 0
1303 0
1304 0
1305 0
1306 1
1307 0
1308 0
1309 0
1310 0
1311 0
1312 0
1313 0
1314 0
1315 0
1316 0
1317 0
1318 0
1319 0
1320 0
1321 0
1322 0
1323 0
1324 0
1325 0
1326 0
1327 0
1328 0
1329 0
1330 0
1331 0
1332 0
1333 0
1334 0
1335 0
1336 0
1337 0
1338 0
1339 0
1340 0
1341 0
1342 0
1343 0
1344 0
1345 0
1346 0
1347 0
1348 0
1349 0
1350 0
1351 0
1352 0
1353 0
1354 0
1355 0
1356 0
1357 0
1358 0
1359 0
1360 0
1361 0
1362 0
1363 0
1364 0
1365 0
1366 0
1367 0
1368 0
1369 0
1370 0
1371 0
1372 0
1373 0
1374 0
1375 0
1376 0
1377 0
1378 0
1379 0
1380 1
1381 0
1382 0
1383 0
1384 0
1385 0
1386 0
1387 1
1388 0
1389 0
1390 0
1391 0
1392 0
1393 1
1394 0
1395 1
1396 0
1397 0
1398 0
1399 0
1400 0
1401 2
1402 1
1403 0
1404 0
1405 0
1406 0
1407 0
1408 1
1409 0
1410 0
1411 0
1412 0
1413 0
1414 0
1415 1
1416 0
1417 0
1418 0
1419 0
1420 0
1421 0
1422 0
1423 0
1424 0
1425 0
1426 0
1427 0
1428 0
1429 0
1430 1
1431 0
1432 0
1433 0
1434 0
1435 0
1436 0
1437 0
1438 1
1439 0
1440 0
1441 0
1442 0
1443 0
1444 0
1445 0
1446 0
1447 0
1448 0
1449 0
1450 0
1451 0
1452 0
1453 0
1454 0
1455 0
1456 0
1457 0
1458 0
1459 0
1460 0
1461 0
1462 0
1463 0
1464 0
1465 0
1466 1
1467 0
1468 0
1469 0
1470 0
1471 0
1472 1
1473 0
1474 0
1475 1
1476 0
1477 0
1478 0
1479 0
1480 0
1481 1
1482 0
1483 1
1484 1
1485 1
1486 0
1487 0
1488 0
1489 0
1490 0
1491 0
1492 0
1493 0
1494 0
1495 0
1496 0
1497 0
1498 1
1499 0
1500 0
1501 0
1502 0
1503 0
1504 0
1505 0
1506 0
1507 0
1508 0
1509 0
1510 0
1511 0
1512 0
1513 0
1514 0
1515 0
1516 0
1517 0
1518 0
1519 0
1520 0
1521 0
1522 0
1523 0
1524 0
1525 0
1526 0
1527 0
1528 0
1529 0
1530 0
1531 0
1532 0
1533 0
1534 0
1535 0
1536 0
1537 0
1538 0
1539 0
1540 0
1541 0
1542 0
1543 0
1544 0
1545 0
1546 0
1547 0
1548 0
1549 0
1550 0
1551 0
1552 0
1553 0
1554 0
1555 0
1556 0
1557 0
1558 0
1559 0
1560 0
1561 0
1562 0
1563 0
1564 0
1565 0
1566 0
1567 0
1568 0
1569 0
1570 0
1571 0
1572 0
1573 0
1574 0
1575 0
1576 0
1577 0
1578 0
1579 0
1580 0
1581 0
1582 0
1583 0
1584 0
1585 0
1586 0
1587 0
1588 0
1589 0
1590 0
1591 0
1592 0
1593 0
1594 0
1595 0
1596 0
1597 0
1598 0
1599 0
1600 0
1601 0
1602 0
1603 0
1604 0
1605 0
1606 0
1607 0
1608 0
1609 0
1610 0
1611 0
1612 0
1613 0
1614 0
1615 0
1616 0
1617 0
1618 0
1619 0
1620 0
1621 0
1622 0
1623 0
1624 0
1625 0
1626 0
1627 0
1628 0
1629 0
1630 0
1631 0
1632 0
1633 0
1634 0
1635 0
1636 0
1637 0
1638 0
1639 0
1640 0
1641 0
1642 0
1643 0
1644 0
1645 0
1646 0
1647 0
1648 0
1649 0
1650 0
1651 0
1652 0
1653 0
1654 0
1655 0
1656 0
1657 0
1658 0
1659 0
1660 0
1661 0
1662 0
1663 0
1664 0
1665 0
1666 0
1667 0
1668 0
1669 0
1670 0
1671 0
1672 0
1673 0
1674 0
1675 0
1676 0
1677 0
1678 0
1679 0
1680 0
1681 0
1682 0
1683 0
1684 0
1685 0
1686 0
1687 0
1688 0
1689 0
1690 0
1691 0
1692 0
1693 0
1694 0
1695 0
1696 0
1697 0
1698 0
1699 0
1700 0
1701 0
1702 0
1703 0
1704 0
1705 0
1706 0
1707 0
1708 0
1709 0
1710 0
1711 0
1712 2
1713 0
1714 1
1715 0
1716 0
1717 0
1718 0
1719 0
1720 0
1721 0
1722 0
1723 0
1724 0
1725 0
1726 0
1727 0
1728 0
1729 0
1730 0
1731 0
1732 0
1733 0
1734 0
1735 0
1736 0
1737 0
1738 0
1739 0
1740 1
1741 0
1742 0
1743 0
1744 0
1745 0
1746 0
1747 0
1748 0
1749 0
1750 0
1751 1
1752 0
1753 0
1754 0
1755 0
1756 0
1757 0
1758 0
1759 0
1760 0
1761 0
1762 0
1763 0
1764 1
1765 0
1766 0
1767 0
1768 0
1769 0
1770 2
1771 1
1772 0
1773 0
1774 0
1775 1
1776 0
1777 0
1778 0
1779 0
1780 0
1781 0
1782 0
1783 0
1784 0
1785 0
1786 0
1787 0
1788 0
1789 0
1790 0
1791 0
1792 0
1793 0
1794 0
1795 0
1796 0
1797 0
1798 0
1799 0
1800 0
1801 0
1802 0
1803 0
1804 0
1805 0
1806 0
1807 0
1808 0
1809 0
1810 0
1811 0
1812 0
1813 0
1814 0
1815 0
1816 0
1817 0
1818 0
1819 0
1820 0
1821 0
1822 0
1823 0
1824 0
1825 0
1826 0
1827 0
1828 0
1829 0
1830 0
1831 0
1832 0
1833 0
1834 0
1835 0
1836 0
1837 0
1838 0
1839 0
1840 0
1841 0
1842 0
1843 0
1844 0
1845 0
1846 0
1847 0
1848 0
1849 0
1850 0
1851 0
1852 0
1853 0
1854 0
1855 0
1856 0
1857 0
1858 0
1859 0
1860 0
1861 0
1862 0
1863 0
1864 0
1865 0
1866 0
1867 0
1868 0
1869 0
1870 0
1871 0
1872 0
1873 0
1874 0
1875 0
1876 0
1877 0
1878 0
1879 0
1880 0
1881 0
1882 0
1883 0
1884 0
1885 0
1886 0
1887 0
1888 0
1889 0
1890 0
1891 0
1892 0
1893 0
1894 0
1895 0
1896 0
1897 0
1898 0
1899 0
1900 0
1901 0
1902 0
1903 0
1904 0
1905 0
1906 0
1907 0
1908 0
1909 0
1910 0
1911 0
1912 0
1913 0
1914 0
1915 0
1916 0
1917 0
1918 0
1919 0
1920 0
1921 0
1922 0
1923 0
1924 0
1925 0
1926 0
1927 0
1928 0
1929 0
1930 0
1931 0
1932 0
1933 0
1934 0
1935 0
1936 0
1937 0
1938 0
1939 0
1940 0
1941 0
1942 0
1943 0
1944 0
1945 0
1946 0
1947 0
1948 0
1949 0
1950 0
1951 0
1952 0
1953 0
1954 0
1955 0
1956 0
1957 0
1958 0
1959 0
1960 0
1961 0
1962 0
1963 0
1964 0
1965 0
1966 0
1967 0
1968 0
1969 0
1970 0
1971 0
1972 0
1973 0
1974 0
1975 0
1976 0
1977 0
1978 0
1979 0
1980 0
1981 0
1982 0
1983 0
1984 0
1985 0
1986 0
1987 0
1988 0
1989 0
1990 0
1991 0
1992 0
1993 0
1994 0
1995 0
1996 0
1997 0
1998 0
1999 0
