0 1
1 1
2 1
3 1
4 1
5 1
6 1
7 1
8 1
9 1
10 1
11 1
12 1
13 1
14 1
15 1
16 1
17 1
18 1
19 1
20 0
21 1
22 1
23 1
24 1
25 1
26 1
27 1
28 1
29 1
30 1
31 1
32 1
33 1
34 1
35 1
36 1
37 1
38 1
39 1
40 1
41 1
42 1
43 1
44 1
45 1
46 1
47 1
48 1
49 1
50 1
51 1
52 1
53 1
54 1
55 1
56 1
57 1
58 1
59 1
60 1
61 1
62 1
63 1
64 1
65 1
66 1
67 1
68 1
69 0
70 0
71 1
72 1
73 1
74 1
75 1
76 0
77 1
78 1
79 1
80 1
81 1
82 1
83 1
84 1
85 1
86 1
87 1
88 1
89 1
90 1
91 1
92 1
93 1
94 1
95 1
96 1
97 1
98 1
99 1
100 1
101 1
102 1
103 1
104 1
105 1
106 1
107 1
108 1
109 1
110 1
111 1
112 1
113 1
114 1
115 1
116 1
117 1
118 1
119 1
120 1
121 1
122 1
123 1
124 1
125 1
126 1
127 1
128 1
129 2
130 0
131 1
132 0
133 2
134 1
135 0
136 0
137 0
138 0
139 1
140 1
141 0
142 1
143 0
144 1
145 1
146 1
147 1
148 1
149 1
150 0
151 1
152 1
153 1
154 1
155 1
156 1
157 1
158 1
159 1
160 1
161 1
162 1
163 1
164 1
165 1
166 1
167 1
168 1
169 1
170 1
171 1
172 1
173 0
174 0
175 0
176 0
177 1
178 0
179 0
180 1
181 1
182 0
183 1
184 1
185 0
186 0
187 0
188 1
189 1
190 1
191 1
192 0
193 0
194 0
195 0
196 0
197 0
198 0
199 0
200 0
201 0
202 0
203 0
204 0
205 0
206 0
207 0
208 0
209 0
210 0
211 0
212 0
213 0
214 0
215 0
216 0
217 0
218 0
219 0
220 0
221 0
222 0
223 0
224 0
225 0
226 0
227 0
228 0
229 0
230 0
231 0
232 0
233 0
234 0
235 0
236 0
237 0
238 0
239 0
240 0
241 1
242 0
243 0
244 0
245 0
246 0
247 0
248 0
249 0
250 0
251 0
252 0
253 0
254 0
255 0
256 0
257 0
258 0
259 1
260 1
261 0
262 0
263 0
264 1
265 0
266 0
267 0
268 0
269 0
270 0
271 0
272 0
273 0
274 0
275 1
276 0
277 0
278 0
279 0
280 0
281 1
282 1
283 0
284 0
285 0
286 1
287 0
288 0
289 0
290 0
291 0
292 0
293 0
294 0
295 0
296 0
297 0
298 0
299 0
300 0
301 0
302 0
303 0
304 0
305 0
306 0
307 0
308 0
309 0
310 0
311 0
312 0
313 0
314 0
315 0
316 0
317 0
318 0
319 0
320 0
321 0
322 0
323 0
324 0
325 0
326 0
327 0
328 0
329 0
330 0
331 0
332 0
333 0
334 0
335 0
336 0
337 0
338 0
339 0
340 0
341 0
342 0
343 0
344 0
345 0
346 0
347 0
348 0
349 0
350 0
351 0
352 0
353 0
354 0
355 0
356 1
357 1
358 1
359 0
360 0
361 1
362 1
363 0
364 0
365 0
366 0
367 0
368 1
369 0
370 0
371 0
372 0
373 0
374 1
375 0
376 1
377 0
378 0
379 0
380 0
381 0
382 0
383 0
384 0
385 0
386 0
387 0
388 0
389 1
390 0
391 0
392 0
393 0
394 1
395 0
396 1
397 1
398 1
399 0
400 0
401 0
402 0
403 0
404 1
405 0
406 1
407 1
408 1
409 1
410 1
411 1
412 2
413 2
414 1
415 0
416 0
417 1
418 1
419 1
420 1
421 1
422 1
423 1
424 1
425 1
426 1
427 1
428 1
429 1
430 0
431 1
432 1
433 2
434 1
435 2
436 1
437 0
438 1
439 1
440 1
441 1
442 1
443 1
444 1
445 1
446 1
447 0
448 0
449 1
450 1
451 0
452 1
453 1
454 0
455 1
456 1
457 0
458 1
459 0
460 1
461 1
462 1
463 0
464 0
465 0
466 1
467 1
468 1
469 2
470 2
471 2
472 2
473 1
474 1
475 1
476 0
477 0
478 0
479 0
480 0
481 0
482 0
483 0
484 1
485 1
486 0
487 0
488 0
489 0
490 0
491 0
492 0
493 0
494 0
495 0
496 0
497 0
498 0
499 0
500 0
501 0
502 1
503 1
504 1
505 0
506 1
507 1
508 1
509 1
510 1
511 1
512 1
513 1
514 0
515 0
516 1
517 1
518 1
519 1
520 1
521 1
522 0
523 1
524 1
525 0
526 0
527 1
528 0
529 1
530 1
531 1
532 1
533 0
534 2
535 1
536 1
537 1
538 1
539 1
540 0
541 1
542 0
543 1
544 1
545 1
546 1
547 0
548 1
549 1
550 1
551 1
552 0
553 1
554 1
555 1
556 0
557 1
558 1
559 1
560 1
561 1
562 1
563 1
564 1
565 1
566 1
567 1
568 1
569 1
570 1
571 0
572 0
573 1
574 1
575 1
576 1
577 0
578 1
579 0
580 1
581 0
582 0
583 1
584 1
585 1
586 1
587 1
588 0
589 1
590 1
591 1
592 1
593 0
594 1
595 1
596 1
597 2
598 0
599 1
600 1
601 1
602 1
603 1
604 1
605 0
606 1
607 1
608 1
609 1
610 1
611 1
612 1
613 1
614 0
615 1
616 2
617 2
618 1
619 1
620 2
621 1
622 0
623 1
624 1
625 1
626 1
627 3
628 1
629 2
630 2
631 1
632 1
633 1
634 1
635 1
636 1
637 1
638 1
639 1
640 1
641 1
642 1
643 1
644 1
645 1
646 1
647 0
648 2
649 0
650 1
651 2
652 0
653 1
654 0
655 1
656 1
657 1
658 1
659 2
660 1
661 2
662 1
663 1
664 2
665 1
666 1
667 1
668 1
669 1
670 1
671 1
672 1
673 1
674 1
675 1
676 0
677 2
678 2
679 1
680 0
681 3
682 1
683 1
684 2
685 1
686 0
687 1
688 1
689 1
690 0
691 1
692 1
693 0
694 1
695 0
696 1
697 1
698 1
699 2
700 1
701 0
702 0
703 1
704 0
705 0
706 0
707 1
708 1
709 0
710 1
711 0
712 1
713 1
714 1
715 1
716 0
717 1
718 1
719 1
720 2
721 2
722 1
723 1
724 0
725 1
726 1
727 1
728 0
729 1
730 1
731 1
732 1
733 1
734 1
735 1
736 1
737 1
738 0
739 1
740 2
741 1
742 1
743 2
744 1
745 1
746 1
747 1
748 2
749 1
750 1
751 0
752 1
753 1
754 0
755 1
756 1
757 0
758 1
759 1
760 0
761 2
762 1
763 1
764 1
765 1
766 1
767 1
768 1
769 1
770 1
771 0
772 0
773 2
774 1
775 0
776 1
777 1
778 0
779 2
780 1
781 2
782 1
783 1
784 0
785 1
786 0
787 1
788 1
789 0
790 1
791 1
792 1
793 2
794 1
795 1
796 1
797 1
798 1
799 1
800 1
801 0
802 1
803 1
804 0
805 1
806 2
807 1
808 1
809 1
810 1
811 1
812 1
813 1
814 0
815 1
816 1
817 1
818 1
819 1
820 0
821 0
822 1
823 0
824 1
825 1
826 1
827 0
828 1
829 1
830 1
831 1
832 1
833 1
834 0
835 1
836 1
837 0
838 0
839 1
840 0
841 1
842 1
843 0
844 1
845 0
846 2
847 1
848 2
849 2
850 1
851 0
852 1
853 1
854 1
855 0
856 1
857 2
858 0
859 2
860 1
861 2
862 0
863 0
864 1
865 2
866 1
867 2
868 2
869 1
870 2
871 1
872 0
873 0
874 0
875 1
876 1
877 0
878 1
879 1
880 1
881 1
882 1
883 1
884 2
885 1
886 1
887 0
888 0
889 1
890 1
891 0
892 2
893 1
894 1
895 0
896 1
897 1
898 1
899 1
900 1
901 1
902 2
903 1
904 1
905 1
906 0
907 1
908 1
909 1
910 0
911 1
912 1
913 0
914 0
915 1
916 1
917 1
918 1
919 0
920 0
921 0
922 1
923 0
924 0
925 1
926 3
927 1
928 1
929 0
930 0
931 0
932 0
933 0
934 0
935 0
936 0
937 1
938 1
939 0
940 0
941 0
942 1
943 0
944 1
945 0
946 0
947 1
948 1
949 1
950 1
951 1
952 1
953 1
954 1
955 1
956 1
957 1
958 2
959 1
960 1
961 0
962 1
963 1
964 1
965 1
966 1
967 1
968 1
969 1
970 2
971 1
972 1
973 1
974 1
975 0
976 1
977 1
978 1
979 1
980 1
981 2
982 1
983 1
984 0
985 0
986 1
987 1
988 0
989 0
990 0
991 1
992 1
993 1
994 1
995 0
996 0
997 2
998 1
999 1
1000 1
1001 1
1002 1
1003 2
1004 1
1005 0
1006 1
1007 1
1008 1
1009 1
1010 1
1011 1
1012 0
1013 0
1014 1
1015 1
1016 1
1017 1
1018 0
1019 1
1020 1
1021 0
1022 1
1023 1
1024 1
1025 1
1026 1
1027 1
1028 1
1029 0
1030 1
1031 1
1032 1
1033 0
1034 1
1035 2
1036 0
1037 1
1038 1
1039 1
1040 1
1041 1
1042 1
1043 1
1044 1
1045 1
1046 1
1047 1
1048 1
1049 0
1050 1
1051 1
1052 1
1053 1
1054 1
1055 0
1056 1
1057 0
1058 1
1059 2
1060 1
1061 1
1062 0
1063 0
1064 1
1065 0
1066 0
1067 0
1068 1
1069 1
1070 1
1071 0
1072 0
1073 1
1074 0
1075 1
1076 1
1077 1
1078 0
1079 1
1080 0
1081 1
1082 1
1083 1
1084 1
1085 0
1086 1
1087 1
1088 1
1089 0
1090 0
1091 1
1092 1
1093 1
1094 1
1095 1
1096 1
1097 1
1098 1
1099 0
1100 1
1101 1
1102 1
1103 1
1104 1
1105 1
1106 1
1107 0
1108 0
1109 1
1110 1
1111 1
1112 0
1113 1
1114 0
1115 1
1116 1
1117 1
1118 1
1119 1
1120 0
1121 1
1122 1
1123 1
1124 1
1125 1
1126 1
1127 1
1128 1
1129 1
1130 0
1131 1
1132 1
1133 0
1134 1
1135 1
1136 1
1137 1
1138 1
1139 0
1140 0
1141 1
1142 0
1143 0
1144 1
1145 1
1146 1
1147 1
1148 0
1149 1
1150 1
1151 0
1152 1
1153 1
1154 0
1155 1
1156 1
1157 1
1158 1
1159 2
1160 2
1161 1
1162 2
1163 0
1164 1
1165 1
1166 0
1167 1
1168 1
1169 0
1170 0
1171 1
1172 0
1173 1
1174 1
1175 1
1176 1
1177 1
1178 0
1179 2
1180 1
1181 1
1182 1
1183 1
1184 1
1185 1
1186 1
1187 1
1188 1
1189 1
1190 1
1191 0
1192 1
1193 1
1194 0
1195 1
1196 0
1197 1
1198 0
1199 0
1200 1
1201 1
1202 1
1203 0
1204 0
1205 1
1206 1
1207 0
1208 2
1209 1
1210 1
1211 1
1212 2
1213 2
1214 0
1215 0
1216 1
1217 1
1218 0
1219 1
1220 1
1221 1
1222 1
1223 1
1224 1
1225 1
1226 1
1227 1
1228 1
1229 1
1230 1
1231 1
1232 1
1233 1
1234 1
1235 1
1236 0
1237 0
1238 0
1239 1
1240 1
1241 1
1242 1
1243 0
1244 2
1245 0
1246 1
1247 1
1248 1
1249 1
1250 1
1251 1
1252 1
1253 1
1254 1
1255 1
1256 1
1257 1
1258 0
1259 1
1260 1
1261 2
1262 1
1263 1
1264 1
1265 0
1266 1
1267 1
1268 1
1269 1
1270 1
1271 1
1272 1
1273 2
1274 1
1275 1
1276 1
1277 1
1278 1
1279 1
1280 1
1281 1
1282 1
1283 0
1284 1
1285 0
1286 0
1287 1
1288 1
1289 1
1290 0
1291 1
1292 1
1293 1
1294 1
1295 0
1296 1
1297 1
1298 1
1299 1
1300 1
1301 1
1302 0
1303 1
1304 0
1305 1
1306 1
1307 1
1308 0
1309 1
1310 1
1311 1
1312 2
1313 1
1314 0
1315 1
1316 1
1317 0
1318 1
1319 0
1320 1
1321 1
1322 1
1323 0
1324 0
1325 1
1326 1
1327 1
1328 1
1329 1
1330 1
1331 1
1332 2
1333 1
1334 1
1335 1
1336 1
1337 1
1338 1
1339 0
1340 1
1341 2
1342 1
1343 1
1344 1
1345 1
1346 1
1347 1
1348 0
1349 1
1350 1
1351 1
1352 1
1353 1
1354 1
1355 1
1356 1
1357 1
1358 1
1359 0
1360 1
1361 0
1362 0
1363 1
1364 0
1365 0
1366 1
1367 1
1368 0
1369 1
1370 2
1371 1
1372 1
1373 0
1374 0
1375 0
1376 1
1377 1
1378 1
1379 1
1380 1
1381 0
1382 2
1383 1
1384 1
1385 1
1386 1
1387 1
1388 1
1389 1
1390 2
1391 1
1392 1
1393 1
1394 1
1395 0
1396 1
1397 1
1398 1
1399 1
1400 0
1401 1
1402 1
1403 0
1404 0
1405 1
1406 1
1407 1
1408 1
1409 1
1410 1
1411 0
1412 0
1413 1
1414 1
1415 1
1416 1
1417 1
1418 0
1419 1
1420 1
1421 1
1422 1
1423 1
1424 1
1425 0
1426 0
1427 1
1428 1
1429 2
1430 1
1431 1
1432 0
1433 1
1434 1
1435 1
1436 1
1437 1
1438 1
1439 0
1440 2
1441 1
1442 0
1443 1
1444 2
1445 1
1446 0
1447 0
1448 1
1449 2
1450 1
1451 1
1452 1
1453 1
1454 1
1455 0
1456 1
1457 0
1458 1
1459 1
1460 1
1461 1
1462 1
1463 1
1464 1
1465 1
1466 1
1467 1
1468 1
1469 1
1470 1
1471 1
1472 1
1473 0
1474 1
1475 1
1476 1
1477 0
1478 1
1479 2
1480 1
1481 0
1482 1
1483 2
1484 1
1485 2
1486 1
1487 1
1488 1
1489 1
1490 1
1491 1
1492 0
1493 1
1494 1
1495 1
1496 1
1497 1
1498 1
1499 0
1500 1
1501 1
1502 1
1503 0
1504 0
1505 1
1506 1
1507 1
1508 1
1509 0
1510 1
1511 1
1512 0
1513 1
1514 1
1515 2
1516 1
1517 2
1518 1
1519 1
1520 1
1521 1
1522 1
1523 1
1524 1
1525 1
1526 1
1527 1
1528 1
1529 1
1530 1
1531 1
1532 1
1533 1
1534 1
1535 1
1536 1
1537 2
1538 0
1539 1
1540 0
1541 1
1542 1
1543 1
1544 2
1545 1
1546 1
1547 1
1548 1
1549 1
1550 1
1551 1
1552 0
1553 1
1554 1
1555 0
1556 0
1557 1
1558 1
1559 1
1560 1
1561 1
1562 1
1563 1
1564 2
1565 1
1566 1
1567 1
1568 0
1569 1
1570 1
1571 1
1572 1
1573 2
1574 2
1575 1
1576 1
1577 1
1578 1
1579 2
1580 1
1581 1
1582 1
1583 0
1584 1
1585 1
1586 1
1587 1
1588 1
1589 1
1590 2
1591 0
1592 1
1593 2
1594 0
1595 1
1596 2
1597 0
1598 2
1599 1
1600 0
1601 1
1602 1
1603 0
1604 2
1605 1
1606 1
1607 1
1608 0
1609 0
1610 1
1611 0
1612 1
1613 1
1614 0
1615 1
1616 1
1617 0
1618 1
1619 0
1620 1
1621 2
1622 1
1623 1
1624 1
1625 1
1626 1
1627 1
1628 1
1629 1
1630 1
1631 0
1632 0
1633 1
1634 1
1635 0
1636 2
1637 0
1638 2
1639 1
1640 0
1641 1
1642 1
1643 0
1644 1
1645 0
1646 1
1647 1
1648 1
1649 1
1650 0
1651 1
1652 0
1653 1
1654 1
1655 1
1656 1
1657 0
1658 0
1659 1
1660 2
1661 1
1662 1
1663 1
1664 1
1665 0
1666 1
1667 1
1668 1
1669 0
1670 1
1671 1
1672 1
1673 1
1674 0
1675 1
1676 1
1677 1
1678 1
1679 1
1680 1
1681 1
1682 1
1683 0
1684 0
1685 0
1686 1
1687 2
1688 1
1689 0
1690 1
1691 1
1692 2
1693 1
1694 1
1695 1
1696 1
1697 1
1698 0
1699 1
1700 1
1701 0
1702 1
1703 1
1704 1
1705 1
1706 2
1707 2
1708 1
1709 2
1710 1
1711 1
1712 1
1713 1
1714 1
1715 1
1716 1
1717 1
1718 1
1719 1
1720 1
1721 1
1722 3
1723 1
1724 3
1725 2
1726 1
1727 1
1728 0
1729 1
1730 1
1731 1
1732 0
1733 1
1734 1
1735 1
1736 1
1737 1
1738 1
1739 1
1740 1
1741 2
1742 2
1743 1
1744 2
1745 2
1746 2
1747 1
1748 0
1749 1
1750 1
1751 1
1752 0
1753 1
1754 1
1755 1
1756 2
1757 3
1758 1
1759 1
1760 1
1761 1
1762 2
1763 1
1764 1
1765 2
1766 1
1767 2
1768 1
1769 0
1770 1
1771 1
1772 1
1773 1
1774 1
1775 1
1776 0
1777 0
1778 1
1779 2
1780 0
1781 1
1782 1
1783 0
1784 2
1785 2
1786 0
1787 1
1788 2
1789 1
1790 1
1791 1
1792 1
1793 0
1794 1
1795 1
1796 1
1797 2
1798 1
1799 2
1800 0
1801 2
1802 1
1803 1
1804 0
1805 1
1806 2
1807 1
1808 1
1809 1
1810 2
1811 1
1812 1
1813 2
1814 0
1815 1
1816 0
1817 1
1818 1
1819 2
1820 1
1821 1
1822 0
1823 1
1824 0
1825 1
1826 1
1827 1
1828 1
1829 1
1830 1
1831 1
1832 1
1833 1
1834 1
1835 1
1836 2
1837 1
1838 2
1839 3
1840 1
1841 2
1842 1
1843 1
1844 1
1845 1
1846 1
1847 1
1848 1
1849 0
1850 1
1851 1
1852 1
1853 2
1854 3
1855 2
1856 2
1857 1
1858 3
1859 3
1860 2
1861 3
1862 1
1863 2
1864 2
1865 2
1866 1
1867 2
1868 2
1869 0
1870 1
1871 1
1872 0
1873 1
1874 1
1875 0
1876 0
1877 1
1878 0
1879 1
1880 0
1881 1
1882 2
1883 1
1884 1
1885 0
1886 1
1887 0
1888 1
1889 0
1890 1
1891 1
1892 2
1893 1
1894 1
1895 1
1896 1
1897 0
1898 1
1899 1
1900 0
1901 1
1902 1
1903 0
1904 0
1905 1
1906 1
1907 1
1908 0
1909 1
1910 1
1911 1
1912 1
1913 1
1914 1
1915 2
1916 1
1917 0
1918 1
1919 2
1920 1
1921 1
1922 1
1923 0
1924 0
1925 1
1926 1
1927 1
1928 2
1929 1
1930 1
1931 1
1932 0
1933 0
1934 0
1935 0
1936 1
1937 0
1938 2
1939 1
1940 1
1941 1
1942 1
1943 0
1944 1
1945 1
1946 1
1947 1
1948 1
1949 1
1950 0
1951 1
1952 1
1953 0
1954 0
1955 1
1956 1
1957 1
1958 1
1959 1
1960 1
1961 1
1962 0
1963 1
1964 0
1965 0
1966 1
1967 0
1968 1
1969 0
1970 1
1971 1
1972 1
1973 1
1974 1
1975 1
1976 0
1977 1
1978 1
1979 0
1980 0
1981 1
1982 1
1983 0
1984 1
1985 0
1986 1
1987 1
1988 1
1989 0
1990 1
1991 1
1992 1
1993 0
1994 2
1995 1
1996 1
1997 1
1998 0
1999 1
