0 1
1 3
2 0
3 0
4 1
5 0
6 0
7 1
8 1
9 2
10 1
11 1
12 1
13 1
14 0
15 1
16 0
17 3
18 0
19 2
20 2
21 1
22 0
23 2
24 1
25 1
26 1
27 2
28 1
29 1
30 1
31 2
32 1
33 3
34 1
35 1
36 1
37 0
38 1
39 1
40 0
41 1
42 2
43 2
44 2
45 1
46 1
47 0
48 2
49 1
50 0
51 1
52 1
53 1
54 2
55 1
56 0
57 1
58 1
59 1
60 1
61 1
62 2
63 0
64 0
65 0
66 0
67 0
68 0
69 1
70 1
71 1
72 1
73 1
74 1
75 0
76 0
77 0
78 0
79 0
80 1
81 0
82 1
83 0
84 1
85 1
86 1
87 0
88 1
89 1
90 2
91 1
92 0
93 1
94 0
95 1
96 0
97 1
98 1
99 0
100 0
101 0
102 1
103 0
104 0
105 1
106 1
107 1
108 1
109 0
110 0
111 0
112 0
113 0
114 0
115 0
116 1
117 0
118 1
119 1
120 1
121 0
122 0
123 1
124 1
125 1
126 1
127 1
128 1
129 0
130 0
131 0
132 1
133 1
134 2
135 1
136 2
137 1
138 0
139 0
140 1
141 0
142 0
143 0
144 0
145 0
146 1
147 3
148 0
149 1
150 0
151 1
152 1
153 1
154 0
155 0
156 1
157 0
158 1
159 0
160 0
161 1
162 2
163 0
164 3
165 2
166 2
167 2
168 0
169 0
170 1
171 2
172 4
173 3
174 1
175 1
176 2
177 1
178 1
179 1
180 1
181 1
182 1
183 0
184 1
185 2
186 0
187 0
188 1
189 1
190 0
191 1
192 1
193 1
194 1
195 0
196 0
197 0
198 1
199 1
200 1
201 1
202 1
203 1
204 0
205 0
206 0
207 1
208 0
209 0
210 0
211 1
212 0
213 0
214 1
215 2
216 3
217 0
218 3
219 0
220 1
221 1
222 0
223 1
224 0
225 1
226 1
227 2
228 0
229 0
230 2
231 1
232 0
233 0
234 1
235 0
236 0
237 0
238 0
239 0
240 0
241 0
242 0
243 0
244 0
245 1
246 0
247 2
248 0
249 0
250 0
251 0
252 0
253 1
254 2
255 0
256 0
257 0
258 1
259 0
260 1
261 2
262 0
263 0
264 1
265 0
266 0
267 0
268 0
269 0
270 0
271 1
272 0
273 0
274 1
275 0
276 0
277 1
278 1
279 2
280 1
281 0
282 0
283 0
284 0
285 0
286 0
287 1
288 2
289 1
290 0
291 0
292 0
293 0
294 1
295 0
296 0
297 0
298 0
299 0
300 1
301 1
302 0
303 2
304 2
305 1
306 0
307 0
308 0
309 0
310 1
311 1
312 1
313 0
314 1
315 1
316 0
317 0
318 1
319 1
320 0
321 2
322 0
323 0
324 1
325 1
326 1
327 1
328 0
329 0
330 1
331 0
332 1
333 1
334 1
335 1
336 1
337 0
338 1
339 0
340 1
341 0
342 0
343 1
344 0
345 0
346 0
347 1
348 0
349 0
350 0
351 0
352 0
353 0
354 0
355 1
356 1
357 0
358 1
359 0
360 1
361 1
362 0
363 1
364 0
365 0
366 0
367 0
368 0
369 0
370 1
371 1
372 0
373 0
374 0
375 0
376 0
377 1
378 0
379 0
380 1
381 0
382 1
383 0
384 0
385 0
386 0
387 1
388 2
389 0
390 0
391 0
392 0
393 0
394 0
395 0
396 0
397 0
398 0
399 0
400 0
401 0
402 0
403 0
404 0
405 0
406 0
407 0
408 0
409 0
410 0
411 0
412 0
413 0
414 0
415 0
416 0
417 0
418 0
419 0
420 0
421 0
422 0
423 0
424 0
425 0
426 1
427 0
428 0
429 0
430 0
431 0
432 1
433 1
434 0
435 0
436 0
437 1
438 0
439 0
440 1
441 0
442 0
443 0
444 0
445 0
446 1
447 0
448 1
449 1
450 0
451 0
452 0
453 0
454 0
455 1
456 1
457 0
458 0
459 0
460 1
461 3
462 1
463 1
464 1
465 2
466 0
467 0
468 0
469 1
470 0
471 1
472 1
473 0
474 0
475 0
476 0
477 1
478 0
479 1
480 0
481 0
482 0
483 0
484 2
485 1
486 1
487 0
488 2
489 1
490 1
491 1
492 1
493 0
494 0
495 1
496 0
497 0
498 0
499 0
500 2
501 0
502 3
503 3
504 2
505 3
506 0
507 3
508 2
509 1
510 2
511 1
512 2
513 1
514 1
515 2
516 1
517 2
518 2
519 1
520 1
521 1
522 2
523 0
524 1
525 1
526 0
527 3
528 2
529 1
530 1
531 0
532 0
533 0
534 1
535 0
536 1
537 1
538 1
539 2
540 1
541 1
542 2
543 1
544 1
545 1
546 1
547 1
548 0
549 0
550 0
551 0
552 0
553 1
554 1
555 1
556 0
557 0
558 0
559 1
560 0
561 1
562 0
563 1
564 1
565 0
566 1
567 1
568 2
569 1
570 1
571 1
572 2
573 0
574 0
575 0
576 0
577 0
578 0
579 0
580 0
581 0
582 1
583 0
584 0
585 2
586 0
587 1
588 0
589 1
590 0
591 2
592 0
593 0
594 0
595 2
596 1
597 1
598 1
599 0
600 0
601 1
602 1
603 1
604 0
605 1
606 1
607 0
608 1
609 0
610 0
611 1
612 1
613 0
614 0
615 0
616 1
617 1
618 0
619 0
620 1
621 0
622 1
623 0
624 1
625 0
626 0
627 0
628 0
629 0
630 1
631 0
632 0
633 0
634 1
635 1
636 0
637 0
638 0
639 0
640 0
641 0
642 0
643 0
644 2
645 0
646 0
647 0
648 0
649 0
650 0
651 0
652 0
653 0
654 0
655 1
656 0
657 0
658 0
659 1
660 0
661 0
662 0
663 0
664 0
665 0
666 0
667 0
668 0
669 0
670 0
671 0
672 0
673 0
674 1
675 0
676 0
677 0
678 0
679 0
680 0
681 0
682 0
683 0
684 0
685 0
686 0
687 0
688 0
689 0
690 0
691 1
692 0
693 0
694 1
695 1
696 1
697 0
698 0
699 0
700 0
701 0
702 0
703 1
704 0
705 0
706 0
707 1
708 0
709 0
710 0
711 0
712 0
713 2
714 0
715 1
716 1
717 0
718 0
719 0
720 0
721 0
722 0
723 0
724 0
725 0
726 0
727 0
728 0
729 0
730 0
731 0
732 0
733 0
734 0
735 0
736 0
737 0
738 0
739 0
740 0
741 0
742 1
743 0
744 1
745 0
746 0
747 0
748 0
749 0
750 0
751 0
752 0
753 0
754 0
755 1
756 0
757 0
758 0
759 0
760 0
761 1
762 0
763 1
764 0
765 0
766 0
767 0
768 0
769 0
770 0
771 0
772 0
773 0
774 0
775 0
776 0
777 0
778 0
779 0
780 0
781 0
782 1
783 0
784 0
785 0
786 0
787 0
788 0
789 0
790 0
791 1
792 1
793 0
794 0
795 1
796 0
797 0
798 0
799 0
800 0
801 0
802 0
803 0
804 0
805 0
806 0
807 0
808 0
809 1
810 0
811 0
812 0
813 0
814 0
815 1
816 0
817 0
818 0
819 1
820 0
821 0
822 0
823 1
824 0
825 0
826 1
827 0
828 0
829 0
830 1
831 0
832 0
833 0
834 0
835 0
836 0
837 0
838 0
839 0
840 0
841 0
842 0
843 0
844 0
845 0
846 0
847 0
848 0
849 0
850 0
851 0
852 1
853 0
854 0
855 0
856 0
857 0
858 1
859 0
860 0
861 0
862 0
863 0
864 0
865 1
866 0
867 1
868 0
869 0
870 0
871 0
872 1
873 0
874 0
875 0
876 0
877 0
878 0
879 0
880 0
881 0
882 2
883 0
884 1
885 1
886 0
887 1
888 0
889 0
890 0
891 1
892 0
893 1
894 0
895 1
896 0
897 1
898 1
899 1
900 1
901 1
902 1
903 1
904 1
905 0
906 0
907 0
908 1
909 1
910 1
911 0
912 0
913 0
914 1
915 0
916 0
917 1
918 1
919 0
920 1
921 0
922 1
923 1
924 0
925 2
926 1
927 1
928 0
929 0
930 1
931 0
932 0
933 0
934 1
935 1
936 1
937 1
938 1
939 1
940 0
941 1
942 1
943 1
944 2
945 0
946 2
947 3
948 0
949 1
950 0
951 1
952 0
953 0
954 0
955 1
956 1
957 3
958 0
959 0
960 1
961 2
962 3
963 2
964 1
965 1
966 1
967 2
968 1
969 1
970 0
971 0
972 1
973 2
974 1
975 1
976 2
977 1
978 1
979 0
980 1
981 0
982 1
983 1
984 3
985 1
986 4
987 2
988 1
989 1
990 2
991 1
992 3
993 2
994 3
995 0
996 1
997 1
998 2
999 2
1000 1
1001 2
1002 2
1003 0
1004 1
1005 0
1006 1
1007 1
1008 2
1009 0
1010 1
1011 0
1012 0
1013 0
1014 0
1015 1
1016 1
1017 0
1018 0
1019 0
1020 0
1021 0
1022 1
1023 0
1024 0
1025 0
1026 1
1027 1
1028 0
1029 1
1030 1
1031 2
1032 1
1033 1
1034 3
1035 1
1036 1
1037 1
1038 0
1039 0
1040 1
1041 0
1042 1
1043 0
1044 1
1045 0
1046 1
1047 0
1048 0
1049 0
1050 0
1051 1
1052 0
1053 0
1054 1
1055 2
1056 1
1057 1
1058 1
1059 2
1060 1
1061 1
1062 0
1063 1
1064 1
1065 1
1066 1
1067 0
1068 1
1069 2
1070 1
1071 1
1072 2
1073 1
1074 2
1075 1
1076 0
1077 1
1078 1
1079 1
1080 3
1081 2
1082 2
1083 1
1084 1
1085 1
1086 0
1087 1
1088 1
1089 1
1090 1
1091 0
1092 1
1093 1
1094 0
1095 1
1096 1
1097 1
1098 1
1099 0
1100 1
1101 1
1102 1
1103 2
1104 1
1105 1
1106 1
1107 1
1108 0
1109 0
1110 0
1111 1
1112 2
1113 1
1114 1
1115 1
1116 2
1117 1
1118 1
1119 0
1120 0
1121 0
1122 1
1123 1
1124 1
1125 1
1126 1
1127 0
1128 0
1129 1
1130 1
1131 1
1132 1
1133 0
1134 0
1135 1
1136 0
1137 1
1138 1
1139 1
1140 1
1141 2
1142 1
1143 0
1144 1
1145 1
1146 0
1147 1
1148 1
1149 1
1150 1
1151 1
1152 2
1153 1
1154 1
1155 1
1156 1
1157 2
1158 0
1159 1
1160 0
1161 0
1162 0
1163 0
1164 1
1165 2
1166 2
1167 1
1168 1
1169 1
1170 0
1171 1
1172 0
1173 1
1174 1
1175 1
1176 0
1177 1
1178 2
1179 3
1180 1
1181 1
1182 1
1183 1
1184 1
1185 1
1186 1
1187 0
1188 1
1189 0
1190 1
1191 0
1192 0
1193 1
1194 0
1195 0
1196 2
1197 1
1198 0
1199 0
1200 0
1201 1
1202 2
1203 1
1204 2
1205 2
1206 1
1207 2
1208 2
1209 2
1210 1
1211 1
1212 2
1213 1
1214 1
1215 0
1216 1
1217 1
1218 1
1219 0
1220 0
1221 2
1222 1
1223 1
1224 1
1225 1
1226 0
1227 3
1228 1
1229 1
1230 1
1231 1
1232 0
1233 0
1234 0
1235 0
1236 0
1237 0
1238 1
1239 1
1240 1
1241 1
1242 3
1243 1
1244 3
1245 1
1246 0
1247 1
1248 1
1249 1
1250 2
1251 0
1252 0
1253 1
1254 2
1255 1
1256 1
1257 1
1258 1
1259 1
1260 0
1261 0
1262 1
1263 1
1264 1
1265 1
1266 1
1267 1
1268 0
1269 1
1270 1
1271 1
1272 2
1273 2
1274 1
1275 0
1276 1
1277 0
1278 1
1279 1
1280 1
1281 0
1282 1
1283 1
1284 1
1285 1
1286 1
1287 1
1288 2
1289 1
1290 0
1291 1
1292 1
1293 1
1294 0
1295 0
1296 1
1297 0
1298 1
1299 1
1300 1
1301 1
1302 1
1303 1
1304 1
1305 1
1306 1
1307 1
1308 1
1309 1
1310 1
1311 1
1312 1
1313 1
1314 2
1315 1
1316 1
1317 0
1318 1
1319 2
1320 1
1321 0
1322 2
1323 1
1324 1
1325 1
1326 1
1327 1
1328 0
1329 1
1330 2
1331 1
1332 1
1333 2
1334 2
1335 0
1336 1
1337 1
1338 2
1339 1
1340 1
1341 1
1342 0
1343 1
1344 3
1345 2
1346 1
1347 2
1348 1
1349 1
1350 1
1351 2
1352 1
1353 1
1354 1
1355 1
1356 1
1357 1
1358 0
1359 2
1360 1
1361 0
1362 0
1363 0
1364 0
1365 0
1366 0
1367 0
1368 0
1369 0
1370 0
1371 2
1372 3
1373 0
1374 0
1375 1
1376 0
1377 0
1378 2
1379 3
1380 1
1381 0
1382 0
1383 0
1384 0
1385 0
1386 2
1387 0
1388 0
1389 0
1390 1
1391 0
1392 0
1393 1
1394 1
1395 1
1396 1
1397 1
1398 0
1399 1
1400 1
1401 1
1402 1
1403 1
1404 2
1405 2
1406 2
1407 2
1408 3
1409 1
1410 1
1411 2
1412 2
1413 3
1414 2
1415 1
1416 1
1417 1
1418 1
1419 1
1420 1
1421 0
1422 1
1423 1
1424 0
1425 0
1426 0
1427 0
1428 1
1429 0
1430 0
1431 1
1432 0
1433 0
1434 0
1435 2
1436 0
1437 3
1438 1
1439 2
1440 2
1441 1
1442 0
1443 1
1444 1
1445 0
1446 0
1447 0
1448 0
1449 0
1450 3
1451 0
1452 0
1453 2
1454 0
1455 0
1456 0
1457 0
1458 0
1459 1
1460 0
1461 2
1462 1
1463 1
1464 0
1465 0
1466 0
1467 0
1468 2
1469 0
1470 3
1471 0
1472 2
1473 2
1474 3
1475 1
1476 3
1477 1
1478 2
1479 0
1480 2
1481 0
1482 2
1483 0
1484 2
1485 2
1486 3
1487 1
1488 1
1489 1
1490 2
1491 1
1492 1
1493 2
1494 2
1495 1
1496 3
1497 2
1498 2
1499 0
1500 1
1501 0
1502 2
1503 2
1504 1
1505 2
1506 1
1507 1
1508 0
1509 0
1510 1
1511 1
1512 1
1513 1
1514 1
1515 0
1516 1
1517 1
1518 1
1519 1
1520 0
1521 2
1522 1
1523 0
1524 1
1525 1
1526 1
1527 1
1528 1
1529 1
1530 0
1531 0
1532 1
1533 2
1534 1
1535 1
1536 1
1537 0
1538 1
1539 2
1540 0
1541 0
1542 3
1543 1
1544 2
1545 1
1546 3
1547 3
1548 1
1549 1
1550 0
1551 2
1552 2
1553 0
1554 0
1555 2
1556 3
1557 0
1558 2
1559 3
1560 1
1561 1
1562 2
1563 1
1564 2
1565 0
1566 1
1567 1
1568 0
1569 1
1570 0
1571 2
1572 0
1573 1
1574 1
1575 1
1576 1
1577 0
1578 1
1579 0
1580 1
1581 0
1582 3
1583 1
1584 1
1585 1
1586 0
1587 1
1588 1
1589 0
1590 0
1591 0
1592 1
1593 1
1594 2
1595 3
1596 1
1597 1
1598 1
1599 3
1600 1
1601 1
1602 2
1603 3
1604 2
1605 0
1606 1
1607 2
1608 1
1609 1
1610 1
1611 0
1612 3
1613 1
1614 1
1615 0
1616 2
1617 1
1618 1
1619 0
1620 0
1621 0
1622 1
1623 1
1624 1
1625 0
1626 1
1627 1
1628 0
1629 1
1630 1
1631 1
1632 1
1633 1
1634 1
1635 0
1636 0
1637 1
1638 1
1639 1
1640 1
1641 1
1642 0
1643 0
1644 1
1645 0
1646 0
1647 0
1648 0
1649 1
1650 0
1651 1
1652 0
1653 2
1654 1
1655 1
1656 1
1657 0
1658 1
1659 2
1660 1
1661 1
1662 1
1663 1
1664 2
1665 1
1666 1
1667 1
1668 1
1669 1
1670 1
1671 1
1672 0
1673 1
1674 3
1675 3
1676 1
1677 1
1678 2
1679 1
1680 0
1681 1
1682 0
1683 0
1684 0
1685 1
1686 1
1687 1
1688 1
1689 2
1690 2
1691 2
1692 1
1693 0
1694 1
1695 2
1696 1
1697 1
1698 1
1699 1
1700 1
1701 1
1702 1
1703 1
1704 1
1705 2
1706 1
1707 2
1708 1
1709 1
1710 2
1711 0
1712 2
1713 1
1714 1
1715 2
1716 0
1717 1
1718 0
1719 0
1720 1
1721 3
1722 0
1723 2
1724 2
1725 1
1726 1
1727 2
1728 0
1729 0
1730 2
1731 1
1732 1
1733 1
1734 1
1735 1
1736 1
1737 2
1738 2
1739 2
1740 1
1741 2
1742 1
1743 0
1744 1
1745 1
1746 0
1747 1
1748 1
1749 0
1750 0
1751 2
1752 1
1753 1
1754 3
1755 2
1756 2
1757 2
1758 2
1759 3
1760 3
1761 2
1762 3
1763 1
1764 2
1765 4
1766 2
1767 2
1768 3
1769 0
1770 1
1771 3
1772 1
1773 3
1774 2
1775 3
1776 2
1777 1
1778 3
1779 3
1780 2
1781 4
1782 2
1783 1
1784 0
1785 2
1786 1
1787 1
1788 1
1789 2
1790 0
1791 1
1792 0
1793 1
1794 2
1795 1
1796 1
1797 1
1798 3
1799 0
1800 1
1801 3
1802 1
1803 1
1804 3
1805 1
1806 2
1807 0
1808 1
1809 0
1810 1
1811 2
1812 1
1813 2
1814 1
1815 2
1816 1
1817 1
1818 2
1819 2
1820 1
1821 1
1822 1
1823 1
1824 1
1825 1
1826 3
1827 0
1828 1
1829 1
1830 3
1831 0
1832 0
1833 0
1834 0
1835 0
1836 0
1837 1
1838 1
1839 1
1840 1
1841 1
1842 2
1843 2
1844 1
1845 2
1846 1
1847 2
1848 1
1849 1
1850 2
1851 1
1852 2
1853 0
1854 1
1855 2
1856 1
1857 1
1858 0
1859 0
1860 0
1861 1
1862 2
1863 1
1864 3
1865 2
1866 0
1867 0
1868 0
1869 1
1870 1
1871 0
1872 2
1873 1
1874 0
1875 0
1876 0
1877 0
1878 0
1879 1
1880 0
1881 1
1882 0
1883 0
1884 0
1885 0
1886 0
1887 0
1888 0
1889 0
1890 0
1891 0
1892 0
1893 0
1894 0
1895 0
1896 1
1897 0
1898 0
1899 0
1900 0
1901 0
1902 0
1903 0
1904 0
1905 0
1906 1
1907 1
1908 2
1909 2
1910 1
1911 1
1912 2
1913 1
1914 0
1915 2
1916 1
1917 0
1918 0
1919 0
1920 0
1921 0
1922 2
1923 0
1924 0
1925 1
1926 2
1927 1
1928 2
1929 2
1930 1
1931 2
1932 0
1933 0
1934 0
1935 0
1936 0
1937 0
1938 0
1939 0
1940 0
1941 0
1942 0
1943 0
1944 0
1945 1
1946 2
1947 2
1948 0
1949 0
1950 1
1951 1
1952 0
1953 0
1954 0
1955 0
1956 0
1957 0
1958 0
1959 0
1960 0
1961 0
1962 0
1963 0
1964 0
1965 0
1966 0
1967 0
1968 0
1969 0
1970 0
1971 0
1972 0
1973 0
1974 0
1975 0
1976 2
1977 2
1978 0
1979 1
1980 0
1981 0
1982 0
1983 0
1984 1
1985 2
1986 0
1987 0
1988 0
1989 1
1990 1
1991 2
1992 0
1993 1
1994 0
1995 0
1996 0
1997 0
1998 0
1999 0
