0 1
1 2
2 2
3 1
4 1
5 1
6 2
7 1
8 2
9 3
10 2
11 1
12 2
13 1
14 1
15 2
16 2
17 1
18 1
19 1
20 2
21 2
22 0
23 2
24 1
25 1
26 1
27 1
28 0
29 3
30 2
31 2
32 3
33 1
34 1
35 3
36 3
37 2
38 2
39 2
40 1
41 1
42 2
43 1
44 2
45 2
46 1
47 2
48 1
49 2
50 2
51 3
52 2
53 3
54 1
55 1
56 2
57 1
58 1
59 2
60 1
61 1
62 2
63 3
64 1
65 3
66 2
67 2
68 2
69 3
70 3
71 0
72 2
73 2
74 1
75 2
76 2
77 3
78 3
79 2
80 3
81 4
82 2
83 1
84 3
85 2
86 1
87 2
88 3
89 3
90 1
91 2
92 1
93 1
94 2
95 2
96 2
97 2
98 2
99 3
100 2
101 1
102 2
103 2
104 2
105 2
106 1
107 0
108 1
109 3
110 2
111 2
112 1
113 1
114 2
115 2
116 1
117 2
118 2
119 0
120 2
121 1
122 2
123 3
124 3
125 2
126 1
127 3
128 1
129 2
130 3
131 1
132 3
133 0
134 2
135 1
136 1
137 1
138 1
139 2
140 1
141 2
142 1
143 2
144 1
145 2
146 3
147 1
148 3
149 1
150 1
151 2
152 1
153 1
154 1
155 2
156 2
157 2
158 2
159 2
160 1
161 0
162 2
163 1
164 1
165 2
166 1
167 0
168 1
169 2
170 4
171 2
172 1
173 0
174 2
175 2
176 1
177 1
178 1
179 3
180 1
181 2
182 1
183 1
184 1
185 1
186 1
187 3
188 2
189 2
190 2
191 2
192 2
193 0
194 1
195 1
196 1
197 1
198 2
199 2
200 1
201 1
202 1
203 0
204 1
205 2
206 1
207 1
208 1
209 2
210 1
211 2
212 2
213 2
214 2
215 1
216 1
217 3
218 1
219 0
220 2
221 1
222 2
223 1
224 1
225 3
226 1
227 2
228 1
229 2
230 2
231 1
232 1
233 1
234 1
235 4
236 1
237 2
238 1
239 1
240 2
241 1
242 2
243 2
244 1
245 3
246 2
247 1
248 1
249 0
250 0
251 1
252 2
253 0
254 0
255 0
256 0
257 0
258 0
259 0
260 0
261 0
262 0
263 0
264 0
265 0
266 0
267 1
268 2
269 1
270 2
271 1
272 2
273 2
274 1
275 2
276 2
277 2
278 2
279 3
280 1
281 2
282 3
283 0
284 2
285 0
286 1
287 2
288 1
289 2
290 1
291 2
292 1
293 2
294 1
295 2
296 1
297 4
298 0
299 2
300 1
301 2
302 2
303 1
304 1
305 1
306 1
307 1
308 1
309 2
310 1
311 0
312 3
313 2
314 1
315 2
316 2
317 3
318 3
319 1
320 1
321 1
322 2
323 2
324 1
325 2
326 1
327 1
328 2
329 2
330 1
331 3
332 3
333 3
334 2
335 1
336 1
337 3
338 2
339 2
340 1
341 2
342 0
343 1
344 1
345 1
346 1
347 1
348 1
349 1
350 2
351 1
352 1
353 1
354 1
355 1
356 1
357 1
358 1
359 1
360 1
361 2
362 1
363 1
364 1
365 1
366 3
367 1
368 0
369 1
370 2
371 1
372 2
373 1
374 0
375 1
376 1
377 1
378 1
379 2
380 0
381 0
382 2
383 2
384 0
385 1
386 0
387 2
388 3
389 0
390 2
391 2
392 2
393 2
394 1
395 2
396 3
397 2
398 1
399 2
400 2
401 3
402 1
403 1
404 1
405 1
406 1
407 1
408 3
409 3
410 1
411 1
412 3
413 0
414 2
415 3
416 1
417 2
418 3
419 2
420 1
421 1
422 2
423 1
424 2
425 2
426 2
427 2
428 1
429 2
430 0
431 1
432 0
433 1
434 2
435 1
436 1
437 2
438 0
439 1
440 2
441 1
442 1
443 1
444 1
445 1
446 2
447 0
448 0
449 0
450 2
451 1
452 1
453 1
454 1
455 2
456 1
457 2
458 2
459 1
460 1
461 0
462 2
463 1
464 3
465 4
466 2
467 1
468 2
469 1
470 2
471 2
472 3
473 1
474 2
475 0
476 2
477 1
478 0
479 1
480 0
481 1
482 0
483 0
484 1
485 1
486 2
487 1
488 0
489 1
490 3
491 1
492 2
493 0
494 0
495 1
496 1
497 0
498 0
499 0
500 0
501 0
502 1
503 0
504 1
505 0
506 0
507 1
508 1
509 1
510 1
511 1
512 1
513 0
514 0
515 0
516 2
517 1
518 1
519 1
520 1
521 1
522 1
523 0
524 1
525 1
526 0
527 1
528 1
529 0
530 1
531 1
532 4
533 1
534 0
535 1
536 2
537 1
538 0
539 2
540 4
541 3
542 0
543 2
544 1
545 1
546 2
547 2
548 3
549 2
550 2
551 4
552 1
553 2
554 1
555 3
556 3
557 2
558 1
559 1
560 2
561 3
562 3
563 1
564 1
565 2
566 1
567 3
568 4
569 1
570 1
571 2
572 0
573 2
574 2
575 1
576 2
577 2
578 1
579 2
580 1
581 0
582 3
583 2
584 1
585 1
586 2
587 1
588 1
589 2
590 2
591 3
592 2
593 2
594 3
595 3
596 3
597 3
598 2
599 2
600 3
601 2
602 2
603 2
604 2
605 2
606 3
607 2
608 1
609 1
610 3
611 3
612 0
613 4
614 1
615 3
616 2
617 3
618 1
619 3
620 1
621 0
622 3
623 2
624 2
625 1
626 2
627 1
628 1
629 3
630 2
631 2
632 1
633 1
634 1
635 2
636 2
637 2
638 4
639 2
640 2
641 3
642 1
643 1
644 1
645 2
646 1
647 3
648 1
649 2
650 1
651 1
652 3
653 1
654 3
655 3
656 2
657 1
658 3
659 3
660 3
661 1
662 3
663 1
664 4
665 1
666 3
667 3
668 2
669 3
670 2
671 3
672 2
673 2
674 2
675 3
676 3
677 2
678 3
679 2
680 3
681 5
682 0
683 2
684 1
685 4
686 2
687 3
688 2
689 1
690 3
691 3
692 3
693 1
694 1
695 2
696 2
697 2
698 2
699 1
700 2
701 1
702 4
703 1
704 2
705 3
706 2
707 1
708 1
709 2
710 2
711 2
712 1
713 2
714 2
715 2
716 2
717 2
718 2
719 2
720 2
721 2
722 2
723 2
724 2
725 0
726 0
727 2
728 1
729 3
730 1
731 2
732 2
733 2
734 2
735 3
736 3
737 2
738 2
739 3
740 1
741 3
742 3
743 2
744 1
745 1
746 2
747 1
748 1
749 1
750 1
751 1
752 1
753 1
754 2
755 3
756 2
757 3
758 3
759 1
760 0
761 1
762 1
763 0
764 0
765 2
766 2
767 1
768 2
769 2
770 2
771 3
772 1
773 1
774 2
775 2
776 2
777 1
778 3
779 2
780 3
781 3
782 1
783 2
784 3
785 2
786 1
787 2
788 1
789 2
790 2
791 2
792 2
793 1
794 2
795 1
796 2
797 1
798 1
799 2
800 2
801 2
802 2
803 1
804 2
805 2
806 2
807 1
808 2
809 2
810 2
811 2
812 2
813 2
814 2
815 1
816 2
817 2
818 2
819 2
820 2
821 2
822 1
823 2
824 2
825 2
826 0
827 2
828 2
829 2
830 2
831 1
832 1
833 3
834 0
835 2
836 2
837 2
838 3
839 2
840 1
841 2
842 0
843 1
844 2
845 2
846 0
847 2
848 2
849 2
850 2
851 3
852 1
853 1
854 1
855 1
856 2
857 1
858 1
859 1
860 0
861 1
862 1
863 0
864 1
865 2
866 0
867 0
868 0
869 0
870 0
871 0
872 0
873 0
874 0
875 0
876 0
877 0
878 0
879 0
880 0
881 0
882 0
883 0
884 0
885 0
886 0
887 0
888 0
889 0
890 0
891 0
892 0
893 0
894 0
895 0
896 0
897 0
898 0
899 0
900 0
901 0
902 0
903 0
904 0
905 0
906 0
907 0
908 0
909 0
910 0
911 0
912 0
913 0
914 0
915 0
916 0
917 0
918 0
919 0
920 0
921 0
922 0
923 0
924 0
925 0
926 0
927 0
928 0
929 0
930 0
931 0
932 0
933 0
934 0
935 0
936 0
937 0
938 0
939 0
940 0
941 0
942 0
943 0
944 0
945 0
946 0
947 0
948 0
949 0
950 0
951 0
952 0
953 0
954 0
955 0
956 0
957 0
958 0
959 0
960 0
961 0
962 0
963 0
964 0
965 0
966 0
967 0
968 0
969 0
970 0
971 0
972 0
973 0
974 0
975 0
976 0
977 0
978 1
979 0
980 0
981 0
982 0
983 0
984 0
985 0
986 0
987 0
988 0
989 0
990 0
991 0
992 0
993 0
994 0
995 0
996 0
997 0
998 0
999 0
1000 0
1001 0
1002 0
1003 0
1004 0
1005 0
1006 0
1007 0
1008 0
1009 0
1010 0
1011 0
1012 0
1013 0
1014 0
1015 0
1016 0
1017 0
1018 0
1019 0
1020 0
1021 0
1022 0
1023 0
1024 0
1025 0
1026 0
1027 0
1028 0
1029 0
1030 0
1031 0
1032 0
1033 0
1034 0
1035 0
1036 0
1037 0
1038 0
1039 0
1040 0
1041 0
1042 0
1043 0
1044 0
1045 0
1046 0
1047 0
1048 0
1049 0
1050 0
1051 0
1052 0
1053 0
1054 0
1055 0
1056 0
1057 0
1058 0
1059 0
1060 0
1061 0
1062 0
1063 0
1064 0
1065 0
1066 0
1067 0
1068 0
1069 0
1070 0
1071 0
1072 0
1073 0
1074 0
1075 0
1076 0
1077 0
1078 0
1079 0
1080 0
1081 0
1082 0
1083 0
1084 0
1085 0
1086 0
1087 0
1088 0
1089 0
1090 0
1091 0
1092 0
1093 0
1094 0
1095 0
1096 0
1097 0
1098 0
1099 0
1100 1
1101 0
1102 0
1103 0
1104 1
1105 1
1106 0
1107 0
1108 0
1109 0
1110 0
1111 0
1112 0
1113 0
1114 0
1115 0
1116 0
1117 0
1118 0
1119 0
1120 0
1121 0
1122 0
1123 0
1124 0
1125 0
1126 0
1127 0
1128 0
1129 0
1130 0
1131 0
1132 0
1133 0
1134 0
1135 0
1136 0
1137 0
1138 1
1139 1
1140 0
1141 1
1142 0
1143 0
1144 0
1145 0
1146 0
1147 0
1148 0
1149 0
1150 0
1151 0
1152 0
1153 0
1154 0
1155 0
1156 1
1157 0
1158 0
1159 1
1160 0
1161 0
1162 0
1163 0
1164 0
1165 0
1166 0
1167 0
1168 0
1169 0
1170 0
1171 0
1172 0
1173 1
1174 0
1175 0
1176 0
1177 1
1178 0
1179 0
1180 0
1181 0
1182 0
1183 1
1184 1
1185 1
1186 0
1187 0
1188 1
1189 0
1190 1
1191 0
1192 0
1193 0
1194 1
1195 0
1196 0
1197 0
1198 0
1199 0
1200 1
1201 0
1202 1
1203 0
1204 1
1205 1
1206 1
1207 2
1208 0
1209 0
1210 1
1211 0
1212 1
1213 1
1214 0
1215 2
1216 0
1217 0
1218 0
1219 0
1220 2
1221 2
1222 1
1223 1
1224 1
1225 1
1226 1
1227 1
1228 0
1229 1
1230 0
1231 0
1232 0
1233 0
1234 0
1235 1
1236 0
1237 0
1238 0
1239 0
1240 1
1241 0
1242 0
1243 0
1244 0
1245 0
1246 0
1247 0
1248 0
1249 0
1250 0
1251 0
1252 1
1253 0
1254 0
1255 0
1256 0
1257 0
1258 0
1259 0
1260 1
1261 0
1262 0
1263 0
1264 0
1265 0
1266 0
1267 0
1268 0
1269 0
1270 0
1271 0
1272 0
1273 0
1274 0
1275 0
1276 0
1277 0
1278 0
1279 1
1280 0
1281 0
1282 0
1283 0
1284 0
1285 0
1286 0
1287 0
1288 0
1289 2
1290 0
1291 0
1292 0
1293 0
1294 0
1295 0
1296 0
1297 0
1298 0
1299 0
1300 0
1301 0
1302 0
1303 0
1304 0
1305 0
1306 0
1307 1
1308 0
1309 0
1310 1
1311 0
1312 0
1313 1
1314 0
1315 0
1316 0
1317 0
1318 0
1319 0
1320 0
1321 2
1322 0
1323 0
1324 0
1325 0
1326 1
1327 0
1328 0
1329 0
1330 0
1331 0
1332 0
1333 0
1334 0
1335 1
1336 0
1337 1
1338 0
1339 0
1340 0
1341 0
1342 0
1343 0
1344 0
1345 1
1346 0
1347 0
1348 0
1349 0
1350 1
1351 0
1352 0
1353 1
1354 0
1355 0
1356 0
1357 1
1358 0
1359 0
1360 0
1361 1
1362 0
1363 0
1364 0
1365 0
1366 1
1367 0
1368 0
1369 0
1370 0
1371 0
1372 0
1373 0
1374 0
1375 0
1376 0
1377 0
1378 0
1379 0
1380 0
1381 0
1382 0
1383 0
1384 0
1385 0
1386 1
1387 1
1388 0
1389 0
1390 0
1391 1
1392 0
1393 0
1394 0
1395 0
1396 0
1397 0
1398 0
1399 0
1400 0
1401 0
1402 0
1403 1
1404 1
1405 0
1406 0
1407 1
1408 1
1409 0
1410 1
1411 0
1412 1
1413 0
1414 0
1415 2
1416 0
1417 0
1418 0
1419 0
1420 0
1421 1
1422 0
1423 0
1424 0
1425 0
1426 1
1427 0
1428 0
1429 1
1430 1
1431 1
1432 1
1433 0
1434 0
1435 0
1436 0
1437 0
1438 0
1439 0
1440 0
1441 0
1442 0
1443 1
1444 0
1445 0
1446 0
1447 0
1448 0
1449 1
1450 0
1451 0
1452 0
1453 0
1454 0
1455 0
1456 0
1457 0
1458 0
1459 1
1460 0
1461 0
1462 0
1463 0
1464 0
1465 0
1466 0
1467 0
1468 0
1469 0
1470 0
1471 0
1472 0
1473 0
1474 0
1475 0
1476 0
1477 0
1478 0
1479 0
1480 1
1481 0
1482 0
1483 0
1484 0
1485 0
1486 0
1487 0
1488 0
1489 0
1490 0
1491 0
1492 0
1493 0
1494 0
1495 0
1496 0
1497 0
1498 1
1499 0
1500 0
1501 0
1502 0
1503 0
1504 0
1505 0
1506 0
1507 0
1508 0
1509 0
1510 0
1511 0
1512 0
1513 0
1514 0
1515 0
1516 0
1517 0
1518 0
1519 0
1520 0
1521 0
1522 0
1523 0
1524 0
1525 0
1526 0
1527 0
1528 0
1529 0
1530 0
1531 0
1532 0
1533 0
1534 0
1535 0
1536 0
1537 0
1538 0
1539 0
1540 0
1541 0
1542 0
1543 0
1544 0
1545 0
1546 0
1547 0
1548 0
1549 0
1550 0
1551 0
1552 0
1553 0
1554 0
1555 0
1556 0
1557 0
1558 0
1559 0
1560 0
1561 0
1562 0
1563 0
1564 0
1565 0
1566 0
1567 0
1568 0
1569 0
1570 0
1571 0
1572 0
1573 0
1574 0
1575 0
1576 0
1577 1
1578 0
1579 1
1580 0
1581 0
1582 1
1583 0
1584 0
1585 0
1586 0
1587 0
1588 0
1589 0
1590 0
1591 0
1592 0
1593 0
1594 0
1595 0
1596 0
1597 0
1598 0
1599 1
1600 1
1601 1
1602 1
1603 2
1604 1
1605 2
1606 0
1607 2
1608 0
1609 2
1610 0
1611 1
1612 1
1613 1
1614 1
1615 2
1616 2
1617 1
1618 2
1619 1
1620 2
1621 3
1622 3
1623 0
1624 0
1625 0
1626 2
1627 2
1628 1
1629 2
1630 2
1631 1
1632 1
1633 3
1634 0
1635 1
1636 2
1637 0
1638 1
1639 1
1640 2
1641 3
1642 2
1643 2
1644 1
1645 2
1646 2
1647 2
1648 1
1649 1
1650 1
1651 1
1652 1
1653 0
1654 2
1655 2
1656 1
1657 0
1658 0
1659 0
1660 0
1661 2
1662 2
1663 3
1664 1
1665 2
1666 0
1667 2
1668 1
1669 2
1670 1
1671 0
1672 2
1673 2
1674 1
1675 2
1676 2
1677 1
1678 1
1679 2
1680 2
1681 1
1682 1
1683 1
1684 1
1685 1
1686 4
1687 2
1688 1
1689 1
1690 1
1691 2
1692 3
1693 1
1694 1
1695 1
1696 2
1697 2
1698 1
1699 2
1700 3
1701 2
1702 0
1703 0
1704 2
1705 1
1706 2
1707 0
1708 2
1709 1
1710 1
1711 2
1712 1
1713 1
1714 0
1715 1
1716 2
1717 1
1718 2
1719 2
1720 1
1721 1
1722 1
1723 2
1724 0
1725 2
1726 3
1727 2
1728 2
1729 3
1730 2
1731 1
1732 1
1733 1
1734 2
1735 1
1736 1
1737 1
1738 2
1739 2
1740 2
1741 1
1742 1
1743 2
1744 1
1745 0
1746 2
1747 2
1748 2
1749 0
1750 1
1751 1
1752 2
1753 2
1754 2
1755 0
1756 2
1757 1
1758 1
1759 2
1760 1
1761 1
1762 1
1763 2
1764 3
1765 0
1766 2
1767 1
1768 1
1769 3
1770 1
1771 2
1772 3
1773 2
1774 1
1775 1
1776 2
1777 2
1778 3
1779 1
1780 1
1781 3
1782 2
1783 1
1784 1
1785 2
1786 2
1787 0
1788 1
1789 1
1790 2
1791 3
1792 2
1793 2
1794 1
1795 0
1796 2
1797 1
1798 2
1799 3
1800 1
1801 1
1802 2
1803 0
1804 2
1805 3
1806 1
1807 2
1808 2
1809 3
1810 1
1811 3
1812 1
1813 2
1814 2
1815 2
1816 1
1817 3
1818 1
1819 1
1820 3
1821 1
1822 2
1823 2
1824 1
1825 2
1826 3
1827 3
1828 4
1829 0
1830 1
1831 1
1832 0
1833 0
1834 1
1835 1
1836 1
1837 2
1838 2
1839 2
1840 2
1841 1
1842 0
1843 1
1844 2
1845 4
1846 1
1847 3
1848 2
1849 1
1850 2
1851 1
1852 0
1853 2
1854 1
1855 1
1856 2
1857 2
1858 2
1859 3
1860 4
1861 1
1862 0
1863 1
1864 3
1865 2
1866 2
1867 1
1868 2
1869 1
1870 1
1871 0
1872 2
1873 2
1874 2
1875 0
1876 1
1877 4
1878 1
1879 1
1880 1
1881 1
1882 2
1883 1
1884 2
1885 1
1886 1
1887 0
1888 1
1889 2
1890 2
1891 2
1892 2
1893 3
1894 3
1895 2
1896 2
1897 2
1898 1
1899 0
1900 0
1901 0
1902 0
1903 0
1904 0
1905 0
1906 0
1907 1
1908 1
1909 2
1910 2
1911 2
1912 2
1913 1
1914 1
1915 2
1916 3
1917 4
1918 2
1919 1
1920 1
1921 2
1922 1
1923 2
1924 3
1925 2
1926 1
1927 2
1928 1
1929 2
1930 1
1931 1
1932 1
1933 1
1934 0
1935 1
1936 0
1937 2
1938 2
1939 1
1940 1
1941 3
1942 4
1943 2
1944 2
1945 1
1946 0
1947 2
1948 2
1949 0
1950 0
1951 0
1952 0
1953 0
1954 0
1955 3
1956 1
1957 2
1958 1
1959 2
1960 1
1961 1
1962 2
1963 2
1964 2
1965 2
1966 0
1967 3
1968 2
1969 3
1970 2
1971 1
1972 2
1973 0
1974 2
1975 1
1976 2
1977 0
1978 1
1979 1
1980 2
1981 2
1982 1
1983 1
1984 1
1985 3
1986 0
1987 2
1988 2
1989 1
1990 1
1991 1
1992 1
1993 2
1994 1
1995 1
1996 2
1997 2
1998 0
1999 1
