0 2
1 2
2 1
3 0
4 1
5 1
6 1
7 0
8 1
9 0
10 0
11 1
12 1
13 1
14 0
15 0
16 0
17 2
18 1
19 0
20 0
21 1
22 1
23 1
24 0
25 0
26 0
27 1
28 1
29 1
30 3
31 1
32 2
33 2
34 2
35 1
36 2
37 2
38 3
39 1
40 2
41 2
42 2
43 1
44 2
45 0
46 0
47 1
48 2
49 0
50 1
51 0
52 2
53 2
54 1
55 3
56 2
57 2
58 1
59 2
60 0
61 1
62 2
63 2
64 1
65 1
66 0
67 1
68 2
69 1
70 2
71 1
72 0
73 0
74 2
75 2
76 2
77 2
78 2
79 1
80 3
81 2
82 1
83 2
84 1
85 2
86 1
87 2
88 2
89 1
90 2
91 1
92 2
93 2
94 1
95 0
96 0
97 0
98 1
99 1
100 0
101 0
102 1
103 2
104 1
105 0
106 1
107 0
108 1
109 1
110 2
111 0
112 1
113 0
114 2
115 2
116 2
117 3
118 1
119 2
120 0
121 1
122 1
123 0
124 1
125 1
126 2
127 0
128 2
129 1
130 1
131 1
132 1
133 0
134 0
135 2
136 0
137 1
138 1
139 0
140 3
141 2
142 0
143 2
144 1
145 1
146 1
147 2
148 2
149 2
150 2
151 1
152 1
153 1
154 2
155 1
156 0
157 2
158 1
159 0
160 2
161 1
162 0
163 1
164 2
165 1
166 2
167 1
168 2
169 2
170 0
171 2
172 2
173 3
174 1
175 0
176 2
177 0
178 0
179 0
180 1
181 0
182 1
183 1
184 1
185 1
186 0
187 1
188 1
189 2
190 1
191 0
192 1
193 0
194 0
195 0
196 1
197 0
198 0
199 1
200 0
201 1
202 2
203 1
204 1
205 1
206 0
207 0
208 0
209 0
210 0
211 0
212 0
213 1
214 2
215 1
216 0
217 1
218 2
219 2
220 2
221 2
222 1
223 2
224 3
225 2
226 0
227 1
228 2
229 3
230 3
231 2
232 0
233 1
234 1
235 1
236 0
237 2
238 2
239 2
240 2
241 1
242 1
243 1
244 0
245 1
246 2
247 0
248 0
249 2
250 1
251 2
252 1
253 0
254 1
255 1
256 2
257 2
258 2
259 2
260 2
261 1
262 1
263 1
264 3
265 1
266 1
267 1
268 0
269 1
270 1
271 0
272 2
273 2
274 1
275 2
276 3
277 1
278 2
279 0
280 0
281 1
282 1
283 0
284 2
285 1
286 1
287 0
288 2
289 3
290 2
291 2
292 2
293 2
294 1
295 1
296 1
297 0
298 1
299 1
300 0
301 2
302 1
303 1
304 0
305 2
306 0
307 0
308 0
309 0
310 0
311 1
312 2
313 2
314 2
315 2
316 0
317 0
318 0
319 1
320 0
321 1
322 0
323 0
324 0
325 1
326 2
327 1
328 1
329 1
330 0
331 0
332 2
333 0
334 0
335 0
336 1
337 2
338 2
339 1
340 0
341 1
342 0
343 1
344 0
345 2
346 2
347 3
348 1
349 1
350 1
351 1
352 2
353 3
354 1
355 2
356 1
357 0
358 1
359 0
360 1
361 1
362 0
363 1
364 0
365 0
366 1
367 0
368 0
369 0
370 1
371 0
372 0
373 0
374 0
375 1
376 1
377 0
378 0
379 0
380 2
381 1
382 1
383 1
384 2
385 0
386 1
387 1
388 1
389 0
390 1
391 2
392 1
393 0
394 1
395 1
396 1
397 1
398 0
399 0
400 1
401 2
402 1
403 1
404 0
405 1
406 2
407 1
408 1
409 1
410 0
411 0
412 0
413 2
414 1
415 0
416 0
417 0
418 2
419 3
420 2
421 1
422 3
423 2
424 2
425 2
426 1
427 2
428 1
429 2
430 2
431 2
432 1
433 1
434 1
435 0
436 0
437 0
438 1
439 2
440 1
441 0
442 0
443 1
444 0
445 1
446 1
447 2
448 0
449 1
450 1
451 0
452 0
453 1
454 1
455 0
456 0
457 0
458 0
459 0
460 0
461 0
462 0
463 0
464 0
465 0
466 0
467 0
468 0
469 0
470 1
471 0
472 0
473 0
474 0
475 0
476 0
477 1
478 1
479 2
480 2
481 0
482 1
483 1
484 1
485 0
486 0
487 0
488 0
489 0
490 1
491 0
492 0
493 0
494 1
495 0
496 1
497 1
498 0
499 1
500 0
501 1
502 0
503 0
504 2
505 2
506 0
507 1
508 2
509 0
510 0
511 0
512 0
513 0
514 1
515 0
516 1
517 1
518 1
519 2
520 1
521 1
522 1
523 1
524 1
525 0
526 2
527 1
528 1
529 2
530 0
531 2
532 1
533 3
534 0
535 1
536 1
537 1
538 1
539 1
540 1
541 1
542 0
543 1
544 1
545 2
546 3
547 2
548 1
549 0
550 2
551 0
552 1
553 0
554 3
555 1
556 1
557 2
558 1
559 1
560 1
561 2
562 2
563 2
564 2
565 2
566 1
567 1
568 0
569 0
570 0
571 3
572 1
573 1
574 1
575 0
576 2
577 1
578 1
579 2
580 1
581 2
582 1
583 0
584 1
585 2
586 1
587 0
588 0
589 1
590 0
591 0
592 1
593 2
594 0
595 1
596 2
597 0
598 0
599 1
600 1
601 1
602 1
603 0
604 0
605 1
606 1
607 0
608 2
609 2
610 1
611 0
612 1
613 1
614 1
615 1
616 1
617 1
618 1
619 1
620 1
621 1
622 2
623 1
624 2
625 1
626 1
627 0
628 2
629 2
630 1
631 1
632 2
633 0
634 1
635 2
636 3
637 2
638 3
639 2
640 1
641 0
642 0
643 1
644 1
645 0
646 0
647 0
648 0
649 1
650 1
651 1
652 0
653 0
654 0
655 0
656 1
657 0
658 1
659 1
660 1
661 1
662 1
663 0
664 1
665 1
666 1
667 1
668 0
669 2
670 2
671 1
672 1
673 1
674 1
675 0
676 0
677 1
678 1
679 1
680 0
681 0
682 1
683 0
684 0
685 0
686 0
687 0
688 1
689 0
690 0
691 0
692 1
693 0
694 1
695 0
696 0
697 0
698 1
699 0
700 0
701 0
702 0
703 0
704 1
705 0
706 1
707 1
708 1
709 0
710 0
711 1
712 0
713 1
714 0
715 1
716 0
717 1
718 0
719 0
720 1
721 1
722 2
723 2
724 2
725 2
726 2
727 1
728 1
729 3
730 1
731 2
732 1
733 1
734 1
735 2
736 2
737 3
738 1
739 1
740 0
741 1
742 2
743 1
744 1
745 1
746 0
747 0
748 0
749 0
750 1
751 1
752 1
753 2
754 2
755 1
756 1
757 1
758 1
759 2
760 0
761 0
762 0
763 1
764 0
765 0
766 0
767 0
768 0
769 1
770 0
771 0
772 0
773 0
774 0
775 0
776 0
777 0
778 0
779 0
780 0
781 0
782 0
783 1
784 0
785 0
786 1
787 1
788 2
789 1
790 0
791 0
792 1
793 1
794 2
795 1
796 0
797 1
798 1
799 3
800 2
801 3
802 2
803 2
804 1
805 3
806 0
807 2
808 4
809 2
810 2
811 1
812 1
813 1
814 1
815 1
816 1
817 1
818 0
819 1
820 0
821 1
822 0
823 1
824 1
825 1
826 1
827 1
828 0
829 1
830 1
831 1
832 1
833 1
834 0
835 1
836 1
837 0
838 3
839 2
840 0
841 1
842 1
843 1
844 2
845 1
846 2
847 1
848 1
849 1
850 1
851 1
852 1
853 1
854 0
855 1
856 2
857 2
858 1
859 0
860 2
861 2
862 2
863 1
864 0
865 0
866 2
867 1
868 3
869 2
870 1
871 1
872 2
873 0
874 1
875 0
876 1
877 1
878 1
879 1
880 1
881 2
882 2
883 1
884 0
885 3
886 1
887 0
888 1
889 1
890 3
891 1
892 3
893 1
894 2
895 1
896 0
897 2
898 2
899 1
900 2
901 1
902 1
903 1
904 2
905 2
906 2
907 1
908 2
909 2
910 2
911 3
912 2
913 1
914 1
915 1
916 1
917 0
918 2
919 0
920 2
921 2
922 1
923 1
924 0
925 2
926 1
927 1
928 2
929 1
930 1
931 2
932 1
933 1
934 0
935 1
936 1
937 1
938 1
939 1
940 0
941 1
942 1
943 0
944 1
945 1
946 2
947 1
948 1
949 1
950 1
951 1
952 1
953 1
954 1
955 1
956 2
957 2
958 0
959 3
960 1
961 2
962 1
963 1
964 1
965 1
966 2
967 2
968 3
969 0
970 1
971 2
972 2
973 2
974 1
975 2
976 2
977 1
978 3
979 2
980 2
981 0
982 1
983 2
984 1
985 2
986 0
987 1
988 2
989 2
990 2
991 2
992 2
993 3
994 2
995 2
996 1
997 1
998 2
999 1
1000 2
1001 2
1002 2
1003 0
1004 1
1005 2
1006 2
1007 2
1008 2
1009 1
1010 2
1011 1
1012 1
1013 1
1014 0
1015 2
1016 1
1017 2
1018 2
1019 1
1020 2
1021 0
1022 2
1023 2
1024 1
1025 2
1026 2
1027 2
1028 1
1029 2
1030 2
1031 1
1032 3
1033 1
1034 2
1035 1
1036 1
1037 0
1038 0
1039 0
1040 1
1041 1
1042 1
1043 1
1044 1
1045 0
1046 1
1047 1
1048 2
1049 0
1050 0
1051 0
1052 0
1053 0
1054 0
1055 3
1056 0
1057 2
1058 1
1059 1
1060 1
1061 1
1062 2
1063 2
1064 1
1065 2
1066 2
1067 2
1068 1
1069 1
1070 1
1071 3
1072 1
1073 1
1074 1
1075 2
1076 1
1077 0
1078 2
1079 2
1080 2
1081 2
1082 1
1083 2
1084 1
1085 2
1086 1
1087 2
1088 2
1089 2
1090 2
1091 2
1092 1
1093 2
1094 1
1095 1
1096 1
1097 2
1098 1
1099 1
1100 2
1101 1
1102 1
1103 2
1104 3
1105 1
1106 1
1107 1
1108 3
1109 0
1110 0
1111 2
1112 2
1113 2
1114 1
1115 2
1116 2
1117 2
1118 0
1119 3
1120 0
1121 1
1122 3
1123 1
1124 1
1125 2
1126 1
1127 1
1128 2
1129 2
1130 2
1131 2
1132 0
1133 2
1134 1
1135 2
1136 2
1137 3
1138 1
1139 3
1140 1
1141 2
1142 2
1143 1
1144 2
1145 1
1146 1
1147 2
1148 1
1149 1
1150 1
1151 1
1152 1
1153 3
1154 1
1155 1
1156 0
1157 1
1158 1
1159 0
1160 1
1161 2
1162 2
1163 3
1164 1
1165 2
1166 2
1167 1
1168 2
1169 1
1170 1
1171 2
1172 1
1173 0
1174 2
1175 2
1176 2
1177 0
1178 1
1179 1
1180 1
1181 1
1182 1
1183 1
1184 1
1185 1
1186 2
1187 1
1188 2
1189 1
1190 1
1191 1
1192 1
1193 2
1194 1
1195 2
1196 0
1197 0
1198 1
1199 1
1200 2
1201 1
1202 0
1203 2
1204 1
1205 2
1206 2
1207 1
1208 1
1209 1
1210 0
1211 2
1212 1
1213 1
1214 1
1215 1
1216 1
1217 1
1218 1
1219 0
1220 1
1221 1
1222 1
1223 1
1224 1
1225 1
1226 1
1227 1
1228 1
1229 0
1230 3
1231 2
1232 2
1233 2
1234 2
1235 2
1236 1
1237 1
1238 0
1239 0
1240 2
1241 0
1242 1
1243 0
1244 1
1245 1
1246 1
1247 0
1248 0
1249 1
1250 1
1251 2
1252 1
1253 2
1254 0
1255 2
1256 0
1257 1
1258 1
1259 1
1260 0
1261 0
1262 0
1263 0
1264 0
1265 2
1266 2
1267 1
1268 2
1269 0
1270 0
1271 0
1272 1
1273 0
1274 0
1275 1
1276 0
1277 3
1278 0
1279 1
1280 0
1281 0
1282 0
1283 0
1284 0
1285 0
1286 1
1287 0
1288 2
1289 1
1290 0
1291 0
1292 0
1293 1
1294 0
1295 1
1296 0
1297 1
1298 0
1299 1
1300 1
1301 1
1302 0
1303 0
1304 0
1305 0
1306 0
1307 1
1308 0
1309 0
1310 0
1311 0
1312 0
1313 1
1314 1
1315 1
1316 1
1317 0
1318 0
1319 0
1320 0
1321 0
1322 0
1323 0
1324 1
1325 0
1326 0
1327 0
1328 1
1329 0
1330 1
1331 1
1332 0
1333 0
1334 1
1335 3
1336 1
1337 1
1338 1
1339 1
1340 0
1341 0
1342 0
1343 0
1344 0
1345 0
1346 2
1347 0
1348 1
1349 1
1350 1
1351 1
1352 0
1353 0
1354 0
1355 0
1356 0
1357 1
1358 0
1359 0
1360 0
1361 0
1362 1
1363 1
1364 0
1365 1
1366 1
1367 1
1368 1
1369 0
1370 1
1371 1
1372 1
1373 0
1374 1
1375 0
1376 1
1377 1
1378 2
1379 3
1380 0
1381 1
1382 0
1383 0
1384 2
1385 1
1386 0
1387 2
1388 1
1389 1
1390 1
1391 1
1392 2
1393 1
1394 1
1395 0
1396 1
1397 0
1398 1
1399 1
1400 1
1401 1
1402 1
1403 0
1404 1
1405 0
1406 1
1407 2
1408 2
1409 2
1410 2
1411 1
1412 1
1413 0
1414 2
1415 2
1416 1
1417 0
1418 2
1419 1
1420 2
1421 1
1422 0
1423 0
1424 2
1425 1
1426 0
1427 2
1428 3
1429 2
1430 2
1431 1
1432 1
1433 1
1434 0
1435 0
1436 1
1437 0
1438 1
1439 2
1440 0
1441 2
1442 1
1443 1
1444 0
1445 0
1446 0
1447 1
1448 0
1449 0
1450 1
1451 1
1452 0
1453 1
1454 1
1455 1
1456 1
1457 1
1458 1
1459 1
1460 0
1461 1
1462 1
1463 1
1464 2
1465 2
1466 2
1467 0
1468 3
1469 2
1470 1
1471 1
1472 1
1473 1
1474 1
1475 1
1476 1
1477 1
1478 1
1479 1
1480 1
1481 0
1482 0
1483 0
1484 1
1485 0
1486 1
1487 1
1488 1
1489 0
1490 2
1491 1
1492 2
1493 0
1494 3
1495 2
1496 1
1497 1
1498 0
1499 1
1500 1
1501 3
1502 1
1503 1
1504 1
1505 1
1506 1
1507 0
1508 2
1509 2
1510 1
1511 1
1512 1
1513 1
1514 2
1515 1
1516 1
1517 0
1518 1
1519 3
1520 2
1521 0
1522 0
1523 2
1524 2
1525 2
1526 1
1527 1
1528 1
1529 1
1530 0
1531 0
1532 1
1533 1
1534 1
1535 0
1536 2
1537 0
1538 1
1539 1
1540 0
1541 0
1542 0
1543 2
1544 0
1545 0
1546 3
1547 0
1548 0
1549 2
1550 1
1551 0
1552 0
1553 1
1554 0
1555 0
1556 0
1557 1
1558 0
1559 4
1560 1
1561 2
1562 1
1563 1
1564 2
1565 1
1566 0
1567 0
1568 1
1569 2
1570 1
1571 0
1572 2
1573 3
1574 1
1575 1
1576 3
1577 3
1578 1
1579 0
1580 1
1581 1
1582 1
1583 1
1584 0
1585 2
1586 0
1587 1
1588 1
1589 1
1590 0
1591 2
1592 0
1593 0
1594 2
1595 1
1596 2
1597 2
1598 1
1599 3
1600 1
1601 1
1602 0
1603 0
1604 1
1605 0
1606 0
1607 1
1608 3
1609 1
1610 1
1611 1
1612 0
1613 1
1614 1
1615 2
1616 1
1617 1
1618 1
1619 1
1620 0
1621 1
1622 3
1623 1
1624 2
1625 2
1626 2
1627 1
1628 1
1629 1
1630 0
1631 1
1632 0
1633 1
1634 2
1635 2
1636 1
1637 1
1638 1
1639 2
1640 1
1641 1
1642 1
1643 1
1644 0
1645 0
1646 2
1647 1
1648 1
1649 2
1650 1
1651 3
1652 0
1653 0
1654 0
1655 1
1656 0
1657 2
1658 1
1659 3
1660 1
1661 2
1662 1
1663 2
1664 1
1665 1
1666 0
1667 0
1668 1
1669 1
1670 2
1671 2
1672 1
1673 1
1674 0
1675 1
1676 1
1677 3
1678 0
1679 2
1680 0
1681 1
1682 1
1683 1
1684 3
1685 1
1686 1
1687 1
1688 1
1689 1
1690 1
1691 1
1692 1
1693 0
1694 0
1695 1
1696 0
1697 0
1698 3
1699 0
1700 0
1701 1
1702 0
1703 0
1704 0
1705 0
1706 0
1707 0
1708 0
1709 0
1710 0
1711 1
1712 2
1713 1
1714 0
1715 1
1716 0
1717 1
1718 0
1719 1
1720 0
1721 2
1722 0
1723 1
1724 1
1725 3
1726 1
1727 1
1728 2
1729 1
1730 1
1731 1
1732 2
1733 1
1734 2
1735 0
1736 1
1737 0
1738 1
1739 0
1740 1
1741 0
1742 1
1743 0
1744 0
1745 1
1746 1
1747 1
1748 1
1749 0
1750 0
1751 0
1752 1
1753 0
1754 1
1755 0
1756 0
1757 0
1758 2
1759 1
1760 0
1761 0
1762 2
1763 3
1764 2
1765 0
1766 2
1767 2
1768 1
1769 1
1770 1
1771 3
1772 1
1773 0
1774 1
1775 1
1776 1
1777 1
1778 1
1779 1
1780 1
1781 1
1782 2
1783 3
1784 0
1785 0
1786 2
1787 2
1788 1
1789 1
1790 0
1791 1
1792 1
1793 1
1794 2
1795 1
1796 1
1797 0
1798 2
1799 1
1800 1
1801 2
1802 1
1803 1
1804 2
1805 2
1806 1
1807 2
1808 3
1809 1
1810 1
1811 1
1812 0
1813 2
1814 0
1815 1
1816 3
1817 1
1818 1
1819 0
1820 2
1821 1
1822 3
1823 1
1824 2
1825 2
1826 1
1827 0
1828 2
1829 0
1830 1
1831 1
1832 1
1833 2
1834 1
1835 2
1836 0
1837 2
1838 2
1839 1
1840 3
1841 1
1842 1
1843 3
1844 1
1845 1
1846 1
1847 1
1848 1
1849 1
1850 1
1851 1
1852 2
1853 2
1854 1
1855 1
1856 0
1857 0
1858 1
1859 2
1860 1
1861 3
1862 2
1863 0
1864 0
1865 0
1866 0
1867 0
1868 2
1869 2
1870 0
1871 2
1872 1
1873 2
1874 1
1875 0
1876 1
1877 1
1878 0
1879 2
1880 2
1881 1
1882 1
1883 0
1884 2
1885 1
1886 1
1887 2
1888 1
1889 1
1890 0
1891 2
1892 1
1893 1
1894 2
1895 1
1896 1
1897 0
1898 2
1899 2
1900 2
1901 2
1902 1
1903 2
1904 1
1905 1
1906 1
1907 1
1908 0
1909 1
1910 0
1911 0
1912 0
1913 0
1914 0
1915 2
1916 2
1917 2
1918 0
1919 1
1920 1
1921 0
1922 0
1923 0
1924 1
1925 2
1926 1
1927 1
1928 1
1929 1
1930 0
1931 0
1932 1
1933 1
1934 1
1935 0
1936 0
1937 0
1938 0
1939 0
1940 0
1941 0
1942 0
1943 0
1944 0
1945 1
1946 0
1947 1
1948 1
1949 2
1950 0
1951 0
1952 0
1953 1
1954 0
1955 0
1956 0
1957 1
1958 0
1959 0
1960 0
1961 0
1962 0
1963 0
1964 0
1965 0
1966 0
1967 1
1968 0
1969 0
1970 0
1971 0
1972 0
1973 0
1974 0
1975 0
1976 0
1977 0
1978 0
1979 0
1980 0
1981 0
1982 0
1983 0
1984 0
1985 0
1986 0
1987 0
1988 0
1989 0
1990 0
1991 0
1992 0
1993 1
1994 0
1995 0
1996 0
1997 0
1998 1
1999 0
