0 3
1 2
2 2
3 1
4 0
5 1
6 0
7 2
8 2
9 1
10 2
11 1
12 1
13 2
14 2
15 0
16 1
17 0
18 0
19 0
20 1
21 0
22 1
23 0
24 3
25 1
26 1
27 3
28 1
29 2
30 1
31 1
32 1
33 0
34 1
35 1
36 0
37 0
38 2
39 0
40 1
41 0
42 2
43 2
44 2
45 3
46 1
47 0
48 4
49 0
50 0
51 1
52 0
53 0
54 0
55 0
56 2
57 1
58 1
59 1
60 1
61 2
62 0
63 1
64 2
65 3
66 2
67 1
68 0
69 1
70 1
71 0
72 1
73 2
74 4
75 0
76 0
77 0
78 1
79 0
80 0
81 0
82 1
83 0
84 0
85 3
86 3
87 2
88 0
89 0
90 1
91 0
92 2
93 2
94 1
95 1
96 3
97 0
98 2
99 2
100 1
101 3
102 2
103 1
104 3
105 1
106 2
107 0
108 0
109 2
110 1
111 2
112 2
113 3
114 3
115 1
116 0
117 0
118 0
119 3
120 1
121 2
122 1
123 3
124 2
125 0
126 0
127 2
128 3
129 2
130 2
131 2
132 3
133 2
134 1
135 0
136 2
137 0
138 3
139 1
140 4
141 3
142 1
143 1
144 2
145 1
146 1
147 1
148 2
149 1
150 2
151 1
152 1
153 2
154 2
155 0
156 2
157 1
158 0
159 1
160 1
161 1
162 0
163 0
164 0
165 0
166 0
167 0
168 0
169 0
170 2
171 1
172 1
173 1
174 0
175 1
176 1
177 1
178 1
179 0
180 0
181 0
182 2
183 3
184 1
185 0
186 1
187 2
188 2
189 1
190 1
191 1
192 0
193 1
194 1
195 0
196 1
197 0
198 1
199 0
200 0
201 1
202 0
203 0
204 0
205 1
206 0
207 0
208 1
209 3
210 1
211 0
212 1
213 3
214 1
215 2
216 3
217 1
218 1
219 1
220 1
221 1
222 1
223 1
224 3
225 1
226 2
227 2
228 2
229 1
230 1
231 2
232 1
233 2
234 2
235 1
236 1
237 2
238 2
239 1
240 1
241 1
242 1
243 1
244 1
245 0
246 2
247 1
248 2
249 1
250 3
251 2
252 0
253 1
254 0
255 1
256 1
257 2
258 1
259 2
260 3
261 2
262 1
263 1
264 1
265 1
266 1
267 0
268 1
269 1
270 1
271 1
272 1
273 2
274 1
275 3
276 2
277 1
278 1
279 1
280 1
281 2
282 0
283 1
284 2
285 3
286 0
287 1
288 1
289 1
290 1
291 1
292 0
293 0
294 2
295 0
296 1
297 1
298 1
299 2
300 0
301 3
302 4
303 2
304 1
305 1
306 1
307 3
308 1
309 2
310 1
311 2
312 2
313 2
314 3
315 2
316 1
317 0
318 1
319 1
320 0
321 0
322 2
323 1
324 0
325 1
326 1
327 2
328 1
329 1
330 0
331 0
332 0
333 1
334 1
335 0
336 1
337 2
338 0
339 0
340 0
341 2
342 2
343 0
344 1
345 2
346 1
347 3
348 2
349 2
350 1
351 2
352 2
353 2
354 0
355 1
356 1
357 1
358 2
359 2
360 1
361 1
362 1
363 1
364 1
365 1
366 1
367 2
368 3
369 0
370 1
371 1
372 2
373 0
374 1
375 0
376 0
377 1
378 0
379 1
380 0
381 1
382 1
383 1
384 1
385 1
386 1
387 0
388 0
389 0
390 1
391 2
392 0
393 0
394 2
395 1
396 1
397 0
398 2
399 0
400 1
401 1
402 0
403 0
404 0
405 0
406 0
407 0
408 0
409 0
410 0
411 0
412 0
413 0
414 0
415 0
416 0
417 0
418 1
419 0
420 1
421 0
422 1
423 1
424 1
425 2
426 1
427 1
428 0
429 0
430 0
431 0
432 0
433 0
434 0
435 0
436 0
437 0
438 0
439 0
440 0
441 0
442 1
443 0
444 0
445 0
446 0
447 0
448 1
449 0
450 0
451 1
452 1
453 1
454 0
455 1
456 1
457 1
458 1
459 1
460 0
461 0
462 1
463 1
464 1
465 2
466 1
467 2
468 1
469 2
470 0
471 2
472 1
473 0
474 1
475 2
476 0
477 1
478 1
479 2
480 1
481 2
482 1
483 1
484 2
485 1
486 2
487 1
488 1
489 1
490 1
491 2
492 2
493 2
494 1
495 3
496 2
497 1
498 0
499 0
500 2
501 2
502 0
503 2
504 1
505 0
506 0
507 0
508 0
509 0
510 0
511 0
512 0
513 0
514 1
515 1
516 0
517 1
518 1
519 1
520 2
521 0
522 0
523 1
524 1
525 2
526 1
527 1
528 0
529 1
530 2
531 0
532 1
533 1
534 0
535 2
536 1
537 2
538 1
539 2
540 1
541 0
542 0
543 1
544 1
545 1
546 1
547 1
548 2
549 1
550 2
551 1
552 2
553 1
554 1
555 2
556 1
557 1
558 1
559 0
560 0
561 0
562 0
563 0
564 0
565 0
566 1
567 0
568 0
569 0
570 0
571 0
572 0
573 0
574 0
575 0
576 1
577 1
578 1
579 1
580 0
581 0
582 1
583 3
584 1
585 1
586 0
587 0
588 0
589 0
590 1
591 1
592 0
593 1
594 2
595 3
596 1
597 0
598 2
599 1
600 0
601 0
602 0
603 1
604 1
605 1
606 2
607 2
608 0
609 2
610 1
611 1
612 1
613 1
614 1
615 2
616 1
617 1
618 1
619 1
620 1
621 2
622 1
623 1
624 1
625 1
626 2
627 2
628 1
629 1
630 1
631 1
632 1
633 1
634 0
635 2
636 1
637 0
638 1
639 1
640 0
641 1
642 1
643 2
644 1
645 1
646 1
647 1
648 1
649 2
650 1
651 0
652 2
653 1
654 0
655 1
656 2
657 1
658 0
659 2
660 2
661 3
662 3
663 2
664 2
665 1
666 3
667 1
668 0
669 2
670 2
671 2
672 2
673 2
674 1
675 2
676 0
677 2
678 0
679 1
680 1
681 1
682 0
683 2
684 0
685 1
686 1
687 2
688 0
689 2
690 1
691 1
692 1
693 2
694 0
695 2
696 2
697 0
698 1
699 2
700 1
701 1
702 1
703 1
704 0
705 1
706 1
707 1
708 0
709 2
710 1
711 1
712 1
713 1
714 1
715 1
716 1
717 0
718 2
719 0
720 2
721 0
722 1
723 1
724 1
725 1
726 3
727 1
728 1
729 2
730 0
731 1
732 0
733 1
734 1
735 1
736 0
737 1
738 0
739 0
740 1
741 1
742 1
743 1
744 1
745 0
746 2
747 2
748 0
749 1
750 2
751 0
752 1
753 1
754 0
755 1
756 1
757 1
758 0
759 0
760 1
761 1
762 0
763 1
764 1
765 1
766 1
767 2
768 1
769 2
770 2
771 2
772 1
773 2
774 0
775 1
776 1
777 2
778 1
779 2
780 3
781 1
782 0
783 1
784 1
785 1
786 1
787 2
788 1
789 1
790 1
791 1
792 0
793 1
794 1
795 1
796 1
797 1
798 1
799 2
800 0
801 0
802 1
803 1
804 1
805 1
806 0
807 1
808 2
809 1
810 2
811 0
812 1
813 1
814 1
815 2
816 2
817 1
818 3
819 1
820 0
821 1
822 1
823 1
824 1
825 2
826 2
827 2
828 2
829 1
830 1
831 2
832 1
833 1
834 1
835 1
836 2
837 1
838 1
839 0
840 0
841 0
842 0
843 0
844 0
845 0
846 0
847 0
848 1
849 0
850 0
851 1
852 0
853 0
854 2
855 0
856 0
857 0
858 2
859 1
860 1
861 0
862 0
863 2
864 1
865 2
866 1
867 1
868 0
869 1
870 0
871 0
872 1
873 2
874 0
875 2
876 0
877 1
878 0
879 0
880 2
881 1
882 0
883 0
884 1
885 1
886 1
887 1
888 1
889 2
890 1
891 1
892 2
893 1
894 1
895 1
896 0
897 0
898 1
899 1
900 1
901 0
902 1
903 2
904 2
905 1
906 1
907 2
908 0
909 0
910 1
911 1
912 0
913 1
914 1
915 1
916 1
917 1
918 1
919 1
920 1
921 1
922 2
923 0
924 1
925 2
926 2
927 2
928 1
929 3
930 2
931 0
932 1
933 1
934 1
935 0
936 0
937 0
938 1
939 0
940 1
941 0
942 0
943 1
944 1
945 0
946 0
947 1
948 0
949 0
950 0
951 1
952 0
953 0
954 1
955 2
956 1
957 0
958 1
959 3
960 2
961 1
962 2
963 0
964 2
965 2
966 1
967 2
968 1
969 1
970 2
971 2
972 0
973 0
974 1
975 0
976 0
977 1
978 0
979 1
980 0
981 1
982 0
983 1
984 0
985 2
986 1
987 1
988 3
989 0
990 0
991 2
992 0
993 1
994 0
995 2
996 0
997 1
998 0
999 0
1000 1
1001 0
1002 2
1003 3
1004 0
1005 0
1006 1
1007 0
1008 0
1009 0
1010 0
1011 0
1012 0
1013 2
1014 2
1015 1
1016 0
1017 3
1018 0
1019 0
1020 0
1021 0
1022 0
1023 1
1024 0
1025 0
1026 0
1027 0
1028 1
1029 1
1030 0
1031 2
1032 1
1033 0
1034 1
1035 2
1036 1
1037 0
1038 2
1039 1
1040 0
1041 1
1042 0
1043 1
1044 0
1045 0
1046 0
1047 1
1048 0
1049 1
1050 1
1051 0
1052 1
1053 1
1054 1
1055 1
1056 1
1057 1
1058 1
1059 0
1060 1
1061 0
1062 2
1063 0
1064 1
1065 1
1066 2
1067 3
1068 2
1069 2
1070 3
1071 2
1072 1
1073 1
1074 2
1075 1
1076 2
1077 0
1078 1
1079 2
1080 2
1081 2
1082 2
1083 1
1084 1
1085 0
1086 1
1087 1
1088 1
1089 0
1090 1
1091 1
1092 0
1093 1
1094 2
1095 2
1096 2
1097 0
1098 2
1099 3
1100 1
1101 1
1102 3
1103 1
1104 2
1105 2
1106 2
1107 1
1108 0
1109 0
1110 0
1111 0
1112 0
1113 1
1114 3
1115 1
1116 2
1117 1
1118 2
1119 3
1120 2
1121 1
1122 1
1123 3
1124 1
1125 2
1126 1
1127 0
1128 2
1129 1
1130 3
1131 1
1132 1
1133 1
1134 1
1135 3
1136 0
1137 1
1138 1
1139 0
1140 2
1141 3
1142 2
1143 1
1144 1
1145 2
1146 2
1147 1
1148 1
1149 1
1150 2
1151 1
1152 1
1153 0
1154 0
1155 1
1156 2
1157 0
1158 0
1159 1
1160 1
1161 0
1162 0
1163 0
1164 0
1165 3
1166 1
1167 0
1168 2
1169 0
1170 1
1171 1
1172 1
1173 2
1174 2
1175 2
1176 1
1177 3
1178 1
1179 1
1180 2
1181 1
1182 0
1183 1
1184 1
1185 1
1186 1
1187 0
1188 1
1189 0
1190 1
1191 0
1192 2
1193 3
1194 2
1195 1
1196 1
1197 1
1198 1
1199 0
1200 0
1201 0
1202 0
1203 0
1204 0
1205 0
1206 0
1207 0
1208 1
1209 0
1210 0
1211 1
1212 1
1213 1
1214 1
1215 1
1216 1
1217 0
1218 0
1219 2
1220 0
1221 1
1222 1
1223 0
1224 1
1225 0
1226 0
1227 2
1228 1
1229 2
1230 1
1231 3
1232 2
1233 0
1234 0
1235 0
1236 0
1237 0
1238 2
1239 2
1240 2
1241 0
1242 0
1243 2
1244 1
1245 2
1246 2
1247 1
1248 1
1249 1
1250 2
1251 2
1252 1
1253 2
1254 3
1255 2
1256 1
1257 1
1258 2
1259 2
1260 1
1261 1
1262 1
1263 1
1264 1
1265 1
1266 2
1267 2
1268 2
1269 1
1270 1
1271 1
1272 2
1273 2
1274 2
1275 2
1276 2
1277 2
1278 1
1279 2
1280 2
1281 2
1282 2
1283 0
1284 1
1285 0
1286 0
1287 1
1288 2
1289 2
1290 1
1291 2
1292 2
1293 2
1294 1
1295 2
1296 1
1297 2
1298 1
1299 1
1300 2
1301 1
1302 1
1303 2
1304 1
1305 1
1306 2
1307 1
1308 2
1309 1
1310 0
1311 2
1312 1
1313 2
1314 2
1315 1
1316 1
1317 2
1318 1
1319 1
1320 1
1321 2
1322 1
1323 1
1324 1
1325 1
1326 2
1327 1
1328 2
1329 0
1330 0
1331 0
1332 0
1333 1
1334 1
1335 2
1336 1
1337 2
1338 1
1339 2
1340 1
1341 2
1342 1
1343 2
1344 2
1345 2
1346 1
1347 1
1348 1
1349 2
1350 2
1351 2
1352 2
1353 2
1354 1
1355 2
1356 1
1357 1
1358 1
1359 1
1360 1
1361 1
1362 1
1363 1
1364 1
1365 1
1366 2
1367 0
1368 0
1369 0
1370 1
1371 0
1372 1
1373 0
1374 1
1375 2
1376 1
1377 0
1378 0
1379 0
1380 1
1381 0
1382 1
1383 1
1384 2
1385 0
1386 3
1387 1
1388 0
1389 0
1390 1
1391 1
1392 0
1393 1
1394 0
1395 1
1396 1
1397 0
1398 1
1399 1
1400 1
1401 0
1402 0
1403 1
1404 1
1405 0
1406 1
1407 1
1408 1
1409 0
1410 1
1411 2
1412 1
1413 1
1414 1
1415 0
1416 1
1417 1
1418 1
1419 1
1420 1
1421 1
1422 1
1423 1
1424 0
1425 1
1426 2
1427 0
1428 1
1429 2
1430 1
1431 0
1432 2
1433 2
1434 1
1435 2
1436 0
1437 0
1438 0
1439 0
1440 0
1441 0
1442 1
1443 2
1444 2
1445 2
1446 2
1447 1
1448 2
1449 1
1450 1
1451 1
1452 1
1453 1
1454 1
1455 2
1456 1
1457 2
1458 2
1459 2
1460 2
1461 2
1462 2
1463 0
1464 1
1465 1
1466 1
1467 2
1468 1
1469 1
1470 1
1471 3
1472 1
1473 1
1474 2
1475 1
1476 1
1477 2
1478 1
1479 2
1480 2
1481 0
1482 0
1483 1
1484 2
1485 2
1486 2
1487 2
1488 2
1489 2
1490 2
1491 2
1492 2
1493 3
1494 2
1495 1
1496 0
1497 0
1498 0
1499 1
1500 1
1501 2
1502 1
1503 1
1504 1
1505 0
1506 1
1507 1
1508 1
1509 0
1510 0
1511 0
1512 0
1513 3
1514 1
1515 0
1516 0
1517 0
1518 0
1519 0
1520 0
1521 0
1522 1
1523 0
1524 0
1525 0
1526 0
1527 0
1528 0
1529 0
1530 0
1531 0
1532 1
1533 1
1534 1
1535 0
1536 1
1537 0
1538 0
1539 0
1540 0
1541 0
1542 1
1543 1
1544 0
1545 0
1546 2
1547 0
1548 0
1549 0
1550 1
1551 2
1552 0
1553 0
1554 1
1555 2
1556 1
1557 1
1558 0
1559 2
1560 1
1561 1
1562 1
1563 0
1564 1
1565 0
1566 0
1567 0
1568 0
1569 0
1570 0
1571 0
1572 0
1573 1
1574 1
1575 2
1576 1
1577 0
1578 0
1579 0
1580 0
1581 0
1582 0
1583 0
1584 1
1585 0
1586 0
1587 0
1588 1
1589 0
1590 0
1591 1
1592 1
1593 1
1594 1
1595 1
1596 1
1597 1
1598 1
1599 2
1600 1
1601 2
1602 1
1603 1
1604 1
1605 1
1606 2
1607 1
1608 1
1609 0
1610 0
1611 1
1612 0
1613 1
1614 1
1615 2
1616 1
1617 1
1618 0
1619 1
1620 2
1621 1
1622 1
1623 1
1624 1
1625 0
1626 2
1627 1
1628 2
1629 2
1630 1
1631 1
1632 1
1633 0
1634 0
1635 0
1636 1
1637 0
1638 1
1639 2
1640 1
1641 0
1642 0
1643 1
1644 1
1645 2
1646 1
1647 1
1648 1
1649 1
1650 2
1651 0
1652 1
1653 0
1654 1
1655 1
1656 0
1657 1
1658 1
1659 0
1660 1
1661 0
1662 1
1663 2
1664 0
1665 1
1666 1
1667 2
1668 2
1669 0
1670 0
1671 1
1672 0
1673 1
1674 1
1675 0
1676 0
1677 0
1678 0
1679 1
1680 1
1681 1
1682 1
1683 0
1684 0
1685 0
1686 1
1687 1
1688 1
1689 1
1690 0
1691 1
1692 1
1693 1
1694 2
1695 1
1696 1
1697 2
1698 3
1699 1
1700 0
1701 1
1702 1
1703 1
1704 1
1705 1
1706 3
1707 2
1708 1
1709 1
1710 1
1711 2
1712 2
1713 1
1714 2
1715 0
1716 2
1717 1
1718 1
1719 2
1720 2
1721 1
1722 1
1723 2
1724 2
1725 1
1726 1
1727 1
1728 1
1729 1
1730 2
1731 1
1732 1
1733 1
1734 0
1735 1
1736 0
1737 0
1738 0
1739 0
1740 0
1741 0
1742 0
1743 0
1744 0
1745 0
1746 0
1747 1
1748 1
1749 0
1750 0
1751 0
1752 0
1753 1
1754 0
1755 1
1756 2
1757 0
1758 0
1759 0
1760 0
1761 0
1762 0
1763 0
1764 0
1765 0
1766 0
1767 0
1768 0
1769 0
1770 0
1771 0
1772 0
1773 0
1774 0
1775 1
1776 0
1777 0
1778 0
1779 0
1780 0
1781 0
1782 1
1783 0
1784 1
1785 0
1786 0
1787 1
1788 0
1789 0
1790 0
1791 0
1792 0
1793 0
1794 0
1795 0
1796 0
1797 0
1798 0
1799 0
1800 0
1801 0
1802 0
1803 0
1804 0
1805 0
1806 0
1807 0
1808 0
1809 0
1810 0
1811 0
1812 0
1813 0
1814 0
1815 0
1816 0
1817 0
1818 0
1819 0
1820 0
1821 0
1822 0
1823 0
1824 0
1825 0
1826 0
1827 1
1828 0
1829 0
1830 0
1831 1
1832 0
1833 1
1834 1
1835 2
1836 2
1837 1
1838 0
1839 1
1840 0
1841 1
1842 0
1843 0
1844 0
1845 0
1846 0
1847 0
1848 0
1849 0
1850 0
1851 1
1852 0
1853 0
1854 0
1855 3
1856 2
1857 1
1858 0
1859 0
1860 2
1861 1
1862 0
1863 2
1864 1
1865 0
1866 1
1867 0
1868 1
1869 1
1870 2
1871 2
1872 2
1873 2
1874 2
1875 2
1876 0
1877 0
1878 0
1879 0
1880 0
1881 0
1882 2
1883 0
1884 2
1885 1
1886 1
1887 2
1888 1
1889 0
1890 2
1891 1
1892 2
1893 1
1894 1
1895 0
1896 1
1897 0
1898 1
1899 0
1900 1
1901 1
1902 1
1903 1
1904 1
1905 1
1906 1
1907 1
1908 2
1909 1
1910 1
1911 2
1912 0
1913 0
1914 1
1915 2
1916 2
1917 2
1918 0
1919 1
1920 1
1921 1
1922 1
1923 0
1924 1
1925 0
1926 0
1927 0
1928 0
1929 0
1930 0
1931 1
1932 1
1933 2
1934 1
1935 1
1936 0
1937 1
1938 1
1939 1
1940 1
1941 1
1942 1
1943 2
1944 0
1945 1
1946 1
1947 0
1948 3
1949 1
1950 2
1951 2
1952 2
1953 0
1954 1
1955 0
1956 1
1957 1
1958 1
1959 0
1960 0
1961 1
1962 0
1963 0
1964 0
1965 1
1966 0
1967 1
1968 0
1969 1
1970 1
1971 1
1972 0
1973 1
1974 0
1975 1
1976 1
1977 1
1978 1
1979 1
1980 1
1981 0
1982 0
1983 1
1984 0
1985 0
1986 0
1987 1
1988 1
1989 2
1990 2
1991 2
1992 1
1993 1
1994 3
1995 2
1996 2
1997 2
1998 2
1999 2
