0 0
1 0
2 0
3 0
4 0
5 0
6 0
7 0
8 0
9 0
10 0
11 0
12 0
13 0
14 0
15 0
16 0
17 0
18 0
19 0
20 0
21 0
22 0
23 0
24 0
25 0
26 0
27 0
28 0
29 0
30 0
31 0
32 0
33 0
34 0
35 0
36 0
37 0
38 0
39 0
40 0
41 0
42 0
43 0
44 0
45 0
46 0
47 0
48 0
49 0
50 0
51 0
52 0
53 0
54 0
55 0
56 0
57 0
58 0
59 0
60 0
61 0
62 0
63 0
64 0
65 0
66 0
67 0
68 0
69 0
70 0
71 0
72 0
73 0
74 0
75 0
76 0
77 0
78 0
79 0
80 0
81 0
82 0
83 0
84 0
85 0
86 0
87 0
88 0
89 0
90 0
91 0
92 0
93 0
94 0
95 0
96 0
97 0
98 0
99 0
100 0
101 0
102 0
103 0
104 0
105 0
106 0
107 0
108 0
109 0
110 0
111 0
112 0
113 0
114 0
115 0
116 0
117 0
118 0
119 0
120 0
121 0
122 0
123 0
124 0
125 0
126 0
127 0
128 0
129 0
130 0
131 0
132 0
133 0
134 0
135 0
136 0
137 0
138 0
139 0
140 0
141 0
142 0
143 0
144 0
145 0
146 0
147 0
148 0
149 0
150 0
151 0
152 0
153 0
154 0
155 0
156 0
157 0
158 0
159 0
160 0
161 0
162 0
163 0
164 0
165 0
166 0
167 0
168 0
169 0
170 0
171 0
172 0
173 0
174 0
175 0
176 0
177 0
178 0
179 0
180 0
181 0
182 0
183 0
184 0
185 0
186 0
187 0
188 0
189 0
190 0
191 0
192 0
193 0
194 0
195 0
196 0
197 0
198 0
199 0
200 0
201 0
202 0
203 0
204 0
205 0
206 0
207 0
208 0
209 0
210 0
211 0
212 0
213 0
214 0
215 0
216 0
217 0
218 0
219 1
220 0
221 1
222 0
223 0
224 1
225 0
226 0
227 0
228 0
229 0
230 0
231 0
232 1
233 1
234 0
235 0
236 0
237 0
238 0
239 0
240 0
241 0
242 0
243 1
244 0
245 1
246 0
247 1
248 0
249 1
250 0
251 0
252 0
253 0
254 0
255 0
256 0
257 0
258 0
259 1
260 0
261 0
262 0
263 0
264 0
265 0
266 1
267 1
268 0
269 0
270 0
271 0
272 0
273 1
274 1
275 0
276 0
277 2
278 1
279 0
280 2
281 2
282 1
283 0
284 1
285 0
286 1
287 0
288 0
289 1
290 0
291 0
292 1
293 1
294 0
295 0
296 0
297 1
298 0
299 0
300 0
301 0
302 1
303 1
304 1
305 0
306 0
307 1
308 0
309 1
310 0
311 1
312 1
313 0
314 1
315 0
316 0
317 0
318 1
319 0
320 0
321 0
322 0
323 0
324 0
325 0
326 0
327 0
328 0
329 0
330 0
331 0
332 0
333 0
334 0
335 0
336 0
337 1
338 1
339 1
340 0
341 1
342 0
343 0
344 0
345 0
346 0
347 0
348 0
349 0
350 2
351 1
352 1
353 0
354 1
355 1
356 1
357 1
358 1
359 0
360 0
361 0
362 1
363 0
364 1
365 1
366 1
367 0
368 1
369 0
370 0
371 0
372 0
373 0
374 1
375 0
376 1
377 1
378 0
379 2
380 0
381 0
382 2
383 1
384 0
385 1
386 0
387 0
388 1
389 1
390 1
391 1
392 0
393 1
394 0
395 2
396 1
397 1
398 1
399 1
400 0
401 1
402 0
403 1
404 0
405 1
406 0
407 1
408 0
409 0
410 1
411 1
412 1
413 1
414 1
415 0
416 1
417 1
418 0
419 1
420 0
421 1
422 1
423 1
424 1
425 1
426 1
427 1
428 1
429 0
430 0
431 1
432 1
433 0
434 0
435 0
436 1
437 1
438 2
439 1
440 0
441 0
442 1
443 0
444 1
445 0
446 1
447 0
448 0
449 1
450 2
451 0
452 1
453 1
454 0
455 2
456 1
457 0
458 0
459 0
460 0
461 0
462 0
463 0
464 0
465 1
466 0
467 0
468 0
469 0
470 0
471 0
472 0
473 0
474 1
475 1
476 1
477 1
478 0
479 0
480 1
481 0
482 0
483 0
484 0
485 0
486 1
487 0
488 0
489 0
490 1
491 0
492 0
493 0
494 0
495 1
496 0
497 0
498 0
499 0
500 0
501 0
502 0
503 0
504 0
505 0
506 0
507 0
508 0
509 0
510 0
511 0
512 0
513 0
514 0
515 0
516 0
517 0
518 1
519 0
520 1
521 1
522 1
523 1
524 1
525 0
526 1
527 0
528 0
529 0
530 0
531 0
532 0
533 0
534 0
535 0
536 0
537 1
538 0
539 0
540 0
541 0
542 1
543 1
544 1
545 1
546 1
547 1
548 0
549 0
550 1
551 0
552 0
553 0
554 1
555 0
556 0
557 0
558 0
559 0
560 0
561 0
562 0
563 0
564 0
565 0
566 3
567 1
568 0
569 0
570 1
571 0
572 0
573 0
574 0
575 0
576 2
577 0
578 0
579 0
580 0
581 1
582 1
583 1
584 0
585 1
586 2
587 0
588 0
589 0
590 0
591 0
592 0
593 0
594 0
595 0
596 0
597 0
598 0
599 0
600 0
601 0
602 0
603 0
604 0
605 0
606 1
607 1
608 1
609 0
610 0
611 0
612 0
613 0
614 0
615 0
616 1
617 0
618 0
619 0
620 0
621 0
622 0
623 0
624 0
625 0
626 0
627 1
628 0
629 0
630 0
631 0
632 0
633 0
634 1
635 1
636 0
637 0
638 0
639 0
640 2
641 1
642 1
643 0
644 0
645 1
646 1
647 0
648 0
649 0
650 0
651 0
652 0
653 0
654 0
655 0
656 0
657 0
658 0
659 0
660 1
661 0
662 1
663 2
664 2
665 2
666 2
667 0
668 2
669 2
670 3
671 2
672 3
673 1
674 2
675 2
676 0
677 1
678 0
679 1
680 1
681 2
682 1
683 1
684 1
685 1
686 1
687 1
688 1
689 2
690 1
691 2
692 0
693 1
694 1
695 1
696 1
697 2
698 1
699 3
700 1
701 2
702 2
703 2
704 2
705 2
706 2
707 2
708 2
709 2
710 2
711 2
712 2
713 1
714 0
715 0
716 1
717 1
718 3
719 1
720 2
721 1
722 4
723 3
724 0
725 3
726 1
727 1
728 2
729 2
730 2
731 2
732 2
733 2
734 2
735 2
736 2
737 1
738 4
739 2
740 2
741 3
742 3
743 3
744 2
745 2
746 2
747 2
748 1
749 2
750 2
751 2
752 2
753 3
754 2
755 2
756 3
757 2
758 2
759 2
760 2
761 2
762 2
763 3
764 2
765 2
766 3
767 2
768 2
769 2
770 2
771 2
772 1
773 1
774 1
775 1
776 1
777 1
778 2
779 2
780 2
781 1
782 1
783 0
784 1
785 1
786 0
787 0
788 2
789 0
790 1
791 0
792 1
793 0
794 1
795 0
796 1
797 1
798 1
799 0
800 1
801 1
802 1
803 1
804 0
805 1
806 1
807 0
808 0
809 1
810 0
811 1
812 0
813 1
814 1
815 2
816 1
817 2
818 1
819 1
820 1
821 2
822 0
823 0
824 1
825 0
826 1
827 1
828 1
829 1
830 2
831 1
832 1
833 4
834 2
835 2
836 2
837 3
838 2
839 2
840 2
841 1
842 3
843 3
844 3
845 2
846 1
847 2
848 1
849 2
850 2
851 3
852 2
853 2
854 0
855 2
856 2
857 4
858 3
859 2
860 3
861 2
862 3
863 2
864 3
865 1
866 2
867 2
868 2
869 3
870 3
871 0
872 1
873 2
874 2
875 1
876 1
877 2
878 2
879 3
880 1
881 2
882 2
883 2
884 2
885 2
886 1
887 1
888 1
889 2
890 2
891 2
892 3
893 1
894 2
895 3
896 3
897 2
898 1
899 2
900 3
901 2
902 2
903 2
904 1
905 2
906 1
907 2
908 1
909 1
910 1
911 1
912 2
913 2
914 2
915 1
916 2
917 2
918 2
919 1
920 1
921 2
922 2
923 1
924 0
925 1
926 2
927 2
928 1
929 1
930 3
931 1
932 1
933 1
934 1
935 1
936 2
937 0
938 2
939 2
940 1
941 2
942 1
943 1
944 1
945 1
946 2
947 2
948 3
949 2
950 3
951 1
952 1
953 1
954 2
955 2
956 1
957 3
958 2
959 1
960 1
961 1
962 1
963 0
964 1
965 1
966 1
967 2
968 1
969 0
970 1
971 1
972 1
973 2
974 2
975 1
976 0
977 2
978 2
979 2
980 2
981 2
982 1
983 1
984 1
985 0
986 1
987 1
988 2
989 0
990 0
991 1
992 0
993 0
994 0
995 1
996 2
997 1
998 1
999 1
1000 1
1001 1
1002 1
1003 1
1004 1
1005 0
1006 0
1007 0
1008 1
1009 0
1010 0
1011 0
1012 0
1013 1
1014 1
1015 1
1016 2
1017 2
1018 2
1019 0
1020 2
1021 1
1022 1
1023 1
1024 1
1025 2
1026 2
1027 3
1028 3
1029 2
1030 2
1031 0
1032 1
1033 1
1034 2
1035 1
1036 2
1037 2
1038 2
1039 1
1040 3
1041 2
1042 1
1043 2
1044 1
1045 1
1046 2
1047 3
1048 3
1049 0
1050 2
1051 0
1052 2
1053 2
1054 3
1055 2
1056 2
1057 2
1058 2
1059 3
1060 2
1061 2
1062 1
1063 2
1064 1
1065 3
1066 3
1067 2
1068 1
1069 2
1070 2
1071 2
1072 1
1073 1
1074 0
1075 1
1076 2
1077 1
1078 0
1079 2
1080 1
1081 0
1082 0
1083 2
1084 1
1085 4
1086 4
1087 2
1088 1
1089 2
1090 3
1091 2
1092 1
1093 0
1094 1
1095 0
1096 0
1097 2
1098 0
1099 0
1100 0
1101 0
1102 1
1103 1
1104 0
1105 0
1106 1
1107 0
1108 0
1109 0
1110 0
1111 0
1112 0
1113 0
1114 0
1115 0
1116 0
1117 1
1118 0
1119 0
1120 1
1121 0
1122 0
1123 0
1124 0
1125 1
1126 0
1127 1
1128 0
1129 0
1130 0
1131 0
1132 0
1133 0
1134 0
1135 1
1136 0
1137 0
1138 0
1139 1
1140 0
1141 0
1142 1
1143 0
1144 0
1145 1
1146 0
1147 0
1148 1
1149 2
1150 1
1151 0
1152 0
1153 0
1154 0
1155 3
1156 2
1157 1
1158 2
1159 1
1160 1
1161 0
1162 0
1163 1
1164 1
1165 0
1166 0
1167 0
1168 1
1169 0
1170 0
1171 0
1172 0
1173 0
1174 0
1175 0
1176 1
1177 0
1178 0
1179 0
1180 0
1181 0
1182 0
1183 0
1184 0
1185 0
1186 0
1187 0
1188 1
1189 0
1190 0
1191 0
1192 0
1193 0
1194 0
1195 0
1196 0
1197 0
1198 0
1199 0
1200 0
1201 0
1202 0
1203 0
1204 0
1205 0
1206 1
1207 0
1208 0
1209 0
1210 0
1211 0
1212 0
1213 1
1214 2
1215 0
1216 0
1217 0
1218 1
1219 1
1220 0
1221 0
1222 1
1223 0
1224 0
1225 1
1226 0
1227 1
1228 0
1229 0
1230 0
1231 1
1232 0
1233 1
1234 0
1235 1
1236 0
1237 0
1238 1
1239 0
1240 0
1241 0
1242 0
1243 0
1244 0
1245 0
1246 1
1247 0
1248 0
1249 0
1250 0
1251 0
1252 0
1253 0
1254 0
1255 0
1256 1
1257 0
1258 1
1259 0
1260 1
1261 0
1262 1
1263 1
1264 1
1265 1
1266 1
1267 0
1268 1
1269 1
1270 0
1271 0
1272 0
1273 0
1274 0
1275 0
1276 1
1277 1
1278 0
1279 1
1280 0
1281 0
1282 0
1283 0
1284 0
1285 0
1286 0
1287 0
1288 0
1289 0
1290 1
1291 1
1292 1
1293 0
1294 0
1295 1
1296 1
1297 1
1298 1
1299 0
1300 1
1301 2
1302 0
1303 0
1304 0
1305 0
1306 0
1307 2
1308 0
1309 1
1310 1
1311 0
1312 0
1313 0
1314 1
1315 0
1316 0
1317 0
1318 0
1319 2
1320 0
1321 1
1322 0
1323 0
1324 1
1325 0
1326 1
1327 0
1328 1
1329 0
1330 0
1331 0
1332 0
1333 0
1334 0
1335 0
1336 0
1337 0
1338 0
1339 1
1340 1
1341 1
1342 1
1343 0
1344 0
1345 0
1346 0
1347 0
1348 0
1349 0
1350 0
1351 0
1352 0
1353 0
1354 0
1355 0
1356 0
1357 0
1358 0
1359 0
1360 0
1361 0
1362 0
1363 0
1364 0
1365 0
1366 1
1367 0
1368 1
1369 0
1370 0
1371 0
1372 0
1373 0
1374 1
1375 0
1376 0
1377 0
1378 0
1379 1
1380 0
1381 0
1382 1
1383 1
1384 1
1385 0
1386 1
1387 1
1388 0
1389 1
1390 1
1391 1
1392 1
1393 0
1394 0
1395 1
1396 0
1397 0
1398 0
1399 0
1400 0
1401 1
1402 0
1403 1
1404 0
1405 1
1406 0
1407 0
1408 1
1409 0
1410 0
1411 1
1412 0
1413 0
1414 0
1415 0
1416 0
1417 1
1418 0
1419 0
1420 0
1421 0
1422 0
1423 0
1424 0
1425 0
1426 0
1427 0
1428 0
1429 0
1430 0
1431 1
1432 0
1433 1
1434 0
1435 0
1436 0
1437 0
1438 0
1439 0
1440 0
1441 0
1442 0
1443 0
1444 0
1445 0
1446 0
1447 1
1448 0
1449 0
1450 0
1451 1
1452 0
1453 0
1454 0
1455 0
1456 0
1457 0
1458 0
1459 0
1460 0
1461 1
1462 0
1463 0
1464 0
1465 0
1466 0
1467 0
1468 0
1469 0
1470 0
1471 0
1472 1
1473 0
1474 0
1475 1
1476 0
1477 0
1478 1
1479 0
1480 0
1481 0
1482 0
1483 0
1484 0
1485 1
1486 0
1487 0
1488 0
1489 0
1490 0
1491 0
1492 0
1493 1
1494 0
1495 1
1496 0
1497 0
1498 0
1499 0
1500 0
1501 0
1502 0
1503 0
1504 0
1505 0
1506 0
1507 0
1508 0
1509 0
1510 0
1511 0
1512 0
1513 0
1514 0
1515 0
1516 0
1517 0
1518 0
1519 0
1520 0
1521 0
1522 0
1523 0
1524 0
1525 0
1526 0
1527 0
1528 0
1529 0
1530 0
1531 0
1532 1
1533 0
1534 1
1535 1
1536 1
1537 1
1538 0
1539 1
1540 0
1541 0
1542 1
1543 0
1544 1
1545 1
1546 1
1547 1
1548 1
1549 1
1550 1
1551 0
1552 1
1553 0
1554 1
1555 1
1556 1
1557 1
1558 2
1559 1
1560 0
1561 0
1562 1
1563 1
1564 1
1565 0
1566 1
1567 1
1568 1
1569 0
1570 0
1571 0
1572 1
1573 1
1574 1
1575 0
1576 1
1577 1
1578 1
1579 1
1580 1
1581 1
1582 0
1583 1
1584 1
1585 0
1586 1
1587 1
1588 0
1589 1
1590 1
1591 1
1592 1
1593 1
1594 1
1595 1
1596 1
1597 1
1598 0
1599 1
1600 1
1601 1
1602 1
1603 0
1604 1
1605 0
1606 1
1607 1
1608 1
1609 1
1610 2
1611 1
1612 1
1613 1
1614 0
1615 1
1616 0
1617 0
1618 1
1619 1
1620 1
1621 1
1622 1
1623 1
1624 1
1625 0
1626 0
1627 0
1628 0
1629 1
1630 0
1631 0
1632 0
1633 0
1634 0
1635 1
1636 0
1637 1
1638 1
1639 0
1640 0
1641 0
1642 0
1643 1
1644 0
1645 0
1646 1
1647 1
1648 0
1649 1
1650 1
1651 1
1652 0
1653 1
1654 1
1655 0
1656 1
1657 1
1658 1
1659 1
1660 0
1661 1
1662 1
1663 1
1664 1
1665 1
1666 0
1667 2
1668 0
1669 1
1670 1
1671 1
1672 1
1673 1
1674 1
1675 1
1676 0
1677 1
1678 1
1679 1
1680 1
1681 1
1682 1
1683 1
1684 1
1685 0
1686 0
1687 1
1688 1
1689 0
1690 2
1691 0
1692 1
1693 1
1694 1
1695 0
1696 1
1697 2
1698 0
1699 1
1700 0
1701 0
1702 1
1703 1
1704 1
1705 0
1706 1
1707 1
1708 1
1709 1
1710 1
1711 0
1712 1
1713 1
1714 2
1715 1
1716 0
1717 1
1718 1
1719 1
1720 1
1721 0
1722 1
1723 1
1724 0
1725 1
1726 1
1727 1
1728 0
1729 1
1730 1
1731 1
1732 0
1733 1
1734 1
1735 1
1736 1
1737 1
1738 0
1739 1
1740 1
1741 2
1742 2
1743 1
1744 1
1745 1
1746 1
1747 1
1748 1
1749 1
1750 0
1751 0
1752 1
1753 1
1754 0
1755 2
1756 1
1757 1
1758 1
1759 1
1760 1
1761 1
1762 1
1763 1
1764 2
1765 1
1766 2
1767 1
1768 0
1769 1
1770 1
1771 2
1772 1
1773 0
1774 0
1775 1
1776 1
1777 1
1778 2
1779 1
1780 0
1781 1
1782 1
1783 1
1784 0
1785 2
1786 1
1787 1
1788 1
1789 1
1790 1
1791 1
1792 1
1793 0
1794 1
1795 0
1796 1
1797 2
1798 0
1799 0
1800 0
1801 0
1802 0
1803 1
1804 0
1805 0
1806 2
1807 0
1808 1
1809 1
1810 1
1811 0
1812 1
1813 0
1814 2
1815 1
1816 0
1817 1
1818 0
1819 1
1820 1
1821 0
1822 0
1823 1
1824 1
1825 0
1826 1
1827 0
1828 1
1829 2
1830 1
1831 1
1832 1
1833 1
1834 0
1835 0
1836 1
1837 0
1838 0
1839 0
1840 2
1841 1
1842 1
1843 0
1844 0
1845 0
1846 1
1847 1
1848 1
1849 0
1850 1
1851 1
1852 1
1853 1
1854 1
1855 0
1856 0
1857 0
1858 0
1859 1
1860 0
1861 0
1862 0
1863 1
1864 0
1865 2
1866 1
1867 0
1868 0
1869 1
1870 1
1871 0
1872 0
1873 0
1874 0
1875 1
1876 0
1877 0
1878 1
1879 1
1880 0
1881 1
1882 1
1883 1
1884 1
1885 1
1886 0
1887 1
1888 0
1889 1
1890 0
1891 1
1892 1
1893 1
1894 1
1895 0
1896 0
1897 0
1898 0
1899 0
1900 0
1901 0
1902 0
1903 1
1904 1
1905 1
1906 1
1907 0
1908 1
1909 0
1910 0
1911 1
1912 0
1913 1
1914 1
1915 0
1916 1
1917 1
1918 1
1919 0
1920 1
1921 0
1922 0
1923 0
1924 2
1925 1
1926 0
1927 1
1928 0
1929 2
1930 0
1931 1
1932 1
1933 2
1934 1
1935 1
1936 1
1937 1
1938 2
1939 2
1940 2
1941 1
1942 0
1943 1
1944 1
1945 0
1946 0
1947 2
1948 0
1949 1
1950 2
1951 1
1952 1
1953 1
1954 1
1955 2
1956 1
1957 1
1958 1
1959 1
1960 0
1961 1
1962 0
1963 1
1964 1
1965 1
1966 0
1967 1
1968 1
1969 1
1970 0
1971 1
1972 1
1973 1
1974 1
1975 0
1976 1
1977 0
1978 1
1979 0
1980 1
1981 1
1982 0
1983 0
1984 0
1985 0
1986 1
1987 1
1988 0
1989 1
1990 1
1991 0
1992 1
1993 0
1994 0
1995 2
1996 0
1997 0
1998 2
1999 0
