0 0
1 0
2 0
3 0
4 0
5 0
6 0
7 0
8 0
9 0
10 0
11 0
12 0
13 0
14 0
15 0
16 0
17 0
18 0
19 1
20 0
21 1
22 0
23 0
24 0
25 0
26 0
27 1
28 1
29 0
30 1
31 1
32 1
33 0
34 0
35 1
36 0
37 1
38 0
39 1
40 0
41 1
42 1
43 0
44 0
45 0
46 0
47 0
48 1
49 0
50 0
51 1
52 0
53 0
54 0
55 2
56 0
57 2
58 0
59 0
60 0
61 1
62 1
63 0
64 0
65 0
66 0
67 0
68 0
69 0
70 0
71 0
72 0
73 0
74 0
75 0
76 1
77 0
78 1
79 2
80 1
81 1
82 1
83 0
84 1
85 1
86 0
87 0
88 1
89 0
90 0
91 0
92 0
93 0
94 0
95 0
96 0
97 0
98 0
99 0
100 0
101 0
102 0
103 0
104 0
105 0
106 0
107 0
108 0
109 0
110 0
111 0
112 0
113 0
114 0
115 0
116 0
117 0
118 0
119 0
120 0
121 0
122 0
123 0
124 0
125 0
126 0
127 0
128 0
129 0
130 0
131 0
132 0
133 0
134 0
135 0
136 0
137 0
138 0
139 0
140 0
141 0
142 0
143 0
144 0
145 0
146 0
147 0
148 0
149 0
150 0
151 0
152 0
153 0
154 0
155 0
156 0
157 0
158 0
159 0
160 0
161 0
162 0
163 1
164 0
165 0
166 0
167 0
168 0
169 1
170 1
171 0
172 0
173 1
174 0
175 2
176 0
177 1
178 0
179 1
180 0
181 0
182 0
183 0
184 0
185 0
186 0
187 0
188 0
189 0
190 0
191 0
192 0
193 0
194 0
195 0
196 0
197 0
198 0
199 0
200 0
201 0
202 0
203 0
204 0
205 0
206 0
207 0
208 0
209 0
210 0
211 0
212 0
213 0
214 0
215 0
216 0
217 0
218 0
219 0
220 0
221 0
222 0
223 0
224 0
225 0
226 0
227 0
228 0
229 0
230 0
231 0
232 0
233 0
234 0
235 0
236 0
237 0
238 0
239 0
240 0
241 0
242 0
243 0
244 0
245 0
246 0
247 0
248 0
249 0
250 0
251 0
252 0
253 0
254 0
255 0
256 0
257 0
258 1
259 0
260 0
261 0
262 0
263 0
264 0
265 0
266 0
267 0
268 0
269 0
270 0
271 0
272 0
273 0
274 0
275 0
276 0
277 0
278 0
279 0
280 0
281 0
282 0
283 0
284 0
285 0
286 0
287 0
288 0
289 0
290 0
291 1
292 1
293 1
294 0
295 1
296 0
297 2
298 0
299 0
300 1
301 0
302 1
303 1
304 0
305 1
306 0
307 0
308 1
309 2
310 0
311 0
312 0
313 0
314 0
315 0
316 0
317 1
318 0
319 0
320 1
321 1
322 0
323 0
324 0
325 0
326 1
327 1
328 0
329 1
330 1
331 1
332 0
333 1
334 1
335 0
336 1
337 0
338 0
339 0
340 1
341 1
342 1
343 1
344 1
345 1
346 1
347 1
348 1
349 1
350 1
351 0
352 1
353 1
354 0
355 0
356 1
357 1
358 0
359 1
360 1
361 0
362 1
363 1
364 1
365 0
366 1
367 1
368 1
369 1
370 1
371 1
372 1
373 1
374 1
375 0
376 1
377 0
378 1
379 1
380 1
381 1
382 0
383 1
384 1
385 0
386 1
387 0
388 1
389 1
390 1
391 1
392 1
393 1
394 1
395 1
396 1
397 0
398 1
399 0
400 1
401 1
402 1
403 1
404 1
405 0
406 0
407 1
408 1
409 1
410 1
411 1
412 1
413 1
414 0
415 0
416 1
417 1
418 0
419 0
420 0
421 1
422 1
423 0
424 0
425 0
426 1
427 0
428 1
429 0
430 0
431 1
432 0
433 0
434 0
435 1
436 1
437 1
438 1
439 1
440 0
441 1
442 1
443 1
444 0
445 1
446 1
447 1
448 1
449 0
450 0
451 0
452 0
453 1
454 0
455 1
456 0
457 1
458 0
459 0
460 1
461 0
462 0
463 0
464 0
465 1
466 0
467 1
468 1
469 0
470 1
471 0
472 1
473 1
474 0
475 0
476 1
477 1
478 0
479 1
480 0
481 1
482 0
483 1
484 0
485 0
486 0
487 1
488 1
489 0
490 1
491 1
492 0
493 1
494 1
495 0
496 0
497 0
498 0
499 1
500 1
501 0
502 0
503 0
504 1
505 1
506 1
507 1
508 1
509 0
510 1
511 0
512 0
513 0
514 1
515 0
516 1
517 1
518 1
519 1
520 1
521 0
522 0
523 0
524 1
525 0
526 1
527 1
528 0
529 0
530 1
531 1
532 0
533 0
534 0
535 1
536 1
537 0
538 1
539 1
540 1
541 1
542 1
543 1
544 1
545 1
546 0
547 0
548 1
549 1
550 1
551 1
552 1
553 0
554 1
555 1
556 1
557 1
558 0
559 0
560 1
561 1
562 0
563 1
564 1
565 1
566 1
567 0
568 1
569 1
570 1
571 1
572 1
573 0
574 1
575 1
576 1
577 1
578 0
579 1
580 1
581 1
582 0
583 1
584 0
585 0
586 0
587 1
588 0
589 1
590 1
591 1
592 1
593 1
594 1
595 1
596 1
597 0
598 1
599 0
600 1
601 1
602 1
603 0
604 1
605 1
606 2
607 0
608 0
609 1
610 1
611 1
612 1
613 1
614 1
615 0
616 0
617 1
618 1
619 2
620 1
621 0
622 1
623 1
624 0
625 1
626 1
627 0
628 1
629 1
630 1
631 1
632 1
633 1
634 1
635 0
636 1
637 1
638 1
639 1
640 1
641 1
642 0
643 1
644 1
645 0
646 1
647 0
648 1
649 1
650 1
651 1
652 0
653 0
654 1
655 0
656 0
657 1
658 1
659 0
660 1
661 0
662 1
663 0
664 0
665 0
666 0
667 1
668 1
669 0
670 0
671 1
672 1
673 0
674 0
675 1
676 0
677 0
678 0
679 0
680 1
681 1
682 1
683 0
684 1
685 1
686 0
687 1
688 1
689 1
690 0
691 2
692 1
693 0
694 1
695 1
696 0
697 1
698 0
699 1
700 1
701 2
702 1
703 1
704 1
705 1
706 0
707 1
708 1
709 1
710 1
711 0
712 1
713 0
714 1
715 0
716 0
717 1
718 3
719 1
720 1
721 0
722 1
723 1
724 0
725 0
726 1
727 0
728 1
729 2
730 1
731 0
732 1
733 0
734 1
735 1
736 0
737 1
738 0
739 0
740 0
741 1
742 0
743 1
744 0
745 1
746 0
747 1
748 2
749 1
750 0
751 1
752 1
753 0
754 1
755 0
756 1
757 1
758 1
759 1
760 1
761 0
762 2
763 0
764 1
765 0
766 1
767 1
768 0
769 1
770 0
771 1
772 1
773 1
774 1
775 0
776 1
777 0
778 1
779 0
780 1
781 2
782 0
783 1
784 1
785 1
786 0
787 0
788 0
789 1
790 0
791 1
792 1
793 1
794 1
795 1
796 0
797 0
798 1
799 1
800 1
801 2
802 0
803 0
804 0
805 1
806 1
807 1
808 0
809 0
810 1
811 1
812 0
813 0
814 0
815 2
816 1
817 1
818 0
819 1
820 1
821 0
822 0
823 0
824 1
825 1
826 0
827 1
828 1
829 0
830 0
831 1
832 0
833 0
834 0
835 1
836 0
837 0
838 1
839 0
840 1
841 1
842 0
843 0
844 1
845 0
846 1
847 0
848 1
849 0
850 0
851 0
852 1
853 1
854 1
855 1
856 0
857 1
858 0
859 0
860 1
861 1
862 1
863 1
864 1
865 1
866 1
867 1
868 2
869 1
870 1
871 0
872 1
873 1
874 1
875 1
876 0
877 1
878 1
879 0
880 1
881 0
882 1
883 0
884 1
885 1
886 1
887 1
888 0
889 0
890 1
891 0
892 1
893 1
894 0
895 1
896 1
897 0
898 1
899 1
900 1
901 1
902 2
903 1
904 1
905 1
906 1
907 1
908 1
909 1
910 0
911 1
912 1
913 1
914 1
915 1
916 0
917 0
918 1
919 0
920 1
921 1
922 1
923 0
924 0
925 1
926 1
927 1
928 0
929 0
930 1
931 1
932 0
933 0
934 1
935 1
936 1
937 1
938 1
939 0
940 1
941 0
942 0
943 1
944 1
945 0
946 1
947 0
948 0
949 0
950 0
951 0
952 1
953 0
954 0
955 0
956 0
957 1
958 1
959 0
960 0
961 1
962 0
963 0
964 1
965 1
966 1
967 0
968 1
969 1
970 1
971 1
972 1
973 1
974 1
975 1
976 1
977 1
978 1
979 1
980 0
981 1
982 1
983 1
984 0
985 0
986 0
987 1
988 1
989 0
990 1
991 0
992 1
993 2
994 1
995 1
996 1
997 1
998 0
999 0
1000 1
1001 0
1002 1
1003 0
1004 1
1005 0
1006 1
1007 0
1008 1
1009 0
1010 1
1011 0
1012 1
1013 0
1014 1
1015 1
1016 1
1017 1
1018 1
1019 1
1020 0
1021 0
1022 1
1023 1
1024 0
1025 1
1026 1
1027 1
1028 0
1029 0
1030 0
1031 1
1032 1
1033 0
1034 1
1035 1
1036 1
1037 1
1038 1
1039 0
1040 1
1041 1
1042 1
1043 1
1044 1
1045 1
1046 0
1047 1
1048 0
1049 1
1050 0
1051 1
1052 1
1053 0
1054 1
1055 1
1056 0
1057 2
1058 0
1059 1
1060 1
1061 1
1062 0
1063 1
1064 1
1065 0
1066 0
1067 0
1068 1
1069 0
1070 1
1071 0
1072 0
1073 1
1074 0
1075 1
1076 0
1077 1
1078 1
1079 1
1080 1
1081 1
1082 1
1083 1
1084 1
1085 1
1086 1
1087 0
1088 1
1089 1
1090 0
1091 1
1092 1
1093 1
1094 1
1095 1
1096 1
1097 1
1098 0
1099 1
1100 0
1101 0
1102 1
1103 0
1104 0
1105 0
1106 0
1107 1
1108 0
1109 0
1110 1
1111 1
1112 0
1113 1
1114 0
1115 1
1116 1
1117 2
1118 1
1119 1
1120 1
1121 1
1122 1
1123 1
1124 1
1125 0
1126 1
1127 1
1128 0
1129 1
1130 1
1131 0
1132 1
1133 1
1134 0
1135 1
1136 0
1137 0
1138 1
1139 1
1140 0
1141 0
1142 2
1143 1
1144 0
1145 1
1146 0
1147 1
1148 1
1149 0
1150 0
1151 1
1152 0
1153 1
1154 0
1155 0
1156 1
1157 1
1158 1
1159 0
1160 0
1161 0
1162 1
1163 0
1164 0
1165 1
1166 1
1167 1
1168 0
1169 1
1170 1
1171 0
1172 1
1173 1
1174 0
1175 0
1176 1
1177 0
1178 1
1179 1
1180 1
1181 1
1182 0
1183 1
1184 0
1185 0
1186 1
1187 0
1188 1
1189 0
1190 1
1191 0
1192 1
1193 1
1194 0
1195 0
1196 0
1197 0
1198 1
1199 0
1200 1
1201 0
1202 1
1203 1
1204 1
1205 1
1206 1
1207 1
1208 0
1209 1
1210 1
1211 0
1212 0
1213 1
1214 1
1215 1
1216 1
1217 1
1218 0
1219 0
1220 1
1221 1
1222 0
1223 2
1224 1
1225 0
1226 2
1227 0
1228 1
1229 1
1230 1
1231 0
1232 0
1233 0
1234 1
1235 1
1236 0
1237 1
1238 1
1239 1
1240 1
1241 0
1242 1
1243 0
1244 1
1245 0
1246 1
1247 1
1248 0
1249 1
1250 0
1251 1
1252 0
1253 0
1254 0
1255 0
1256 0
1257 1
1258 1
1259 0
1260 1
1261 1
1262 1
1263 1
1264 1
1265 0
1266 1
1267 1
1268 1
1269 1
1270 1
1271 0
1272 0
1273 1
1274 1
1275 0
1276 1
1277 1
1278 1
1279 0
1280 1
1281 0
1282 0
1283 0
1284 1
1285 1
1286 1
1287 1
1288 0
1289 1
1290 1
1291 1
1292 0
1293 1
1294 1
1295 1
1296 1
1297 1
1298 1
1299 1
1300 1
1301 1
1302 0
1303 1
1304 0
1305 0
1306 0
1307 1
1308 1
1309 0
1310 1
1311 2
1312 0
1313 0
1314 1
1315 1
1316 1
1317 0
1318 0
1319 1
1320 1
1321 1
1322 1
1323 1
1324 0
1325 1
1326 1
1327 0
1328 1
1329 1
1330 1
1331 0
1332 0
1333 1
1334 0
1335 1
1336 0
1337 1
1338 1
1339 0
1340 1
1341 1
1342 1
1343 1
1344 0
1345 1
1346 0
1347 1
1348 1
1349 1
1350 1
1351 1
1352 0
1353 0
1354 1
1355 0
1356 2
1357 1
1358 1
1359 1
1360 1
1361 1
1362 0
1363 1
1364 1
1365 1
1366 1
1367 1
1368 0
1369 1
1370 1
1371 1
1372 1
1373 1
1374 0
1375 1
1376 1
1377 0
1378 1
1379 1
1380 1
1381 0
1382 1
1383 1
1384 1
1385 1
1386 1
1387 1
1388 2
1389 1
1390 0
1391 0
1392 1
1393 1
1394 1
1395 1
1396 1
1397 1
1398 1
1399 0
1400 1
1401 0
1402 0
1403 1
1404 0
1405 2
1406 1
1407 1
1408 1
1409 1
1410 0
1411 0
1412 0
1413 0
1414 0
1415 0
1416 0
1417 0
1418 0
1419 0
1420 1
1421 0
1422 0
1423 1
1424 0
1425 0
1426 0
1427 1
1428 1
1429 1
1430 0
1431 1
1432 1
1433 1
1434 1
1435 1
1436 0
1437 0
1438 1
1439 1
1440 1
1441 0
1442 1
1443 0
1444 1
1445 2
1446 1
1447 0
1448 1
1449 0
1450 0
1451 1
1452 1
1453 1
1454 1
1455 0
1456 1
1457 0
1458 0
1459 1
1460 0
1461 0
1462 1
1463 0
1464 1
1465 0
1466 1
1467 0
1468 1
1469 1
1470 1
1471 1
1472 0
1473 0
1474 0
1475 1
1476 1
1477 1
1478 1
1479 1
1480 1
1481 2
1482 1
1483 1
1484 0
1485 1
1486 1
1487 1
1488 1
1489 1
1490 1
1491 1
1492 0
1493 1
1494 0
1495 1
1496 1
1497 1
1498 1
1499 0
1500 1
1501 1
1502 0
1503 0
1504 2
1505 1
1506 1
1507 0
1508 1
1509 1
1510 1
1511 1
1512 1
1513 0
1514 0
1515 0
1516 1
1517 0
1518 0
1519 1
1520 1
1521 1
1522 0
1523 1
1524 1
1525 0
1526 1
1527 1
1528 1
1529 1
1530 1
1531 0
1532 1
1533 1
1534 0
1535 1
1536 1
1537 1
1538 0
1539 1
1540 0
1541 1
1542 0
1543 1
1544 1
1545 1
1546 0
1547 1
1548 0
1549 1
1550 2
1551 0
1552 1
1553 1
1554 1
1555 1
1556 1
1557 0
1558 1
1559 0
1560 0
1561 0
1562 1
1563 0
1564 1
1565 1
1566 0
1567 1
1568 0
1569 1
1570 1
1571 1
1572 1
1573 1
1574 0
1575 1
1576 1
1577 1
1578 0
1579 2
1580 0
1581 0
1582 1
1583 1
1584 1
1585 1
1586 1
1587 1
1588 1
1589 1
1590 1
1591 0
1592 0
1593 1
1594 1
1595 0
1596 1
1597 1
1598 1
1599 0
1600 2
1601 1
1602 1
1603 1
1604 0
1605 0
1606 1
1607 1
1608 1
1609 2
1610 0
1611 1
1612 0
1613 1
1614 1
1615 2
1616 1
1617 1
1618 1
1619 1
1620 0
1621 1
1622 0
1623 0
1624 0
1625 0
1626 0
1627 1
1628 0
1629 0
1630 1
1631 0
1632 1
1633 0
1634 0
1635 0
1636 0
1637 1
1638 0
1639 1
1640 1
1641 1
1642 1
1643 1
1644 0
1645 1
1646 1
1647 1
1648 0
1649 1
1650 0
1651 0
1652 0
1653 1
1654 1
1655 0
1656 1
1657 1
1658 0
1659 0
1660 1
1661 1
1662 1
1663 0
1664 0
1665 0
1666 1
1667 1
1668 0
1669 0
1670 1
1671 0
1672 0
1673 1
1674 0
1675 0
1676 0
1677 0
1678 1
1679 1
1680 0
1681 1
1682 1
1683 1
1684 1
1685 1
1686 1
1687 0
1688 1
1689 1
1690 2
1691 0
1692 1
1693 0
1694 0
1695 0
1696 0
1697 0
1698 0
1699 1
1700 0
1701 0
1702 1
1703 1
1704 1
1705 1
1706 1
1707 1
1708 0
1709 0
1710 0
1711 1
1712 1
1713 0
1714 1
1715 0
1716 0
1717 1
1718 1
1719 0
1720 0
1721 1
1722 0
1723 1
1724 1
1725 0
1726 0
1727 1
1728 0
1729 1
1730 1
1731 0
1732 0
1733 0
1734 0
1735 0
1736 1
1737 1
1738 2
1739 0
1740 0
1741 1
1742 1
1743 1
1744 1
1745 1
1746 0
1747 1
1748 0
1749 1
1750 0
1751 1
1752 1
1753 0
1754 1
1755 1
1756 1
1757 0
1758 1
1759 0
1760 1
1761 1
1762 1
1763 1
1764 1
1765 0
1766 0
1767 1
1768 0
1769 0
1770 1
1771 1
1772 1
1773 0
1774 0
1775 0
1776 0
1777 1
1778 0
1779 1
1780 1
1781 1
1782 1
1783 1
1784 0
1785 0
1786 1
1787 1
1788 1
1789 1
1790 1
1791 1
1792 1
1793 1
1794 1
1795 0
1796 1
1797 1
1798 1
1799 1
1800 1
1801 0
1802 1
1803 0
1804 1
1805 0
1806 1
1807 0
1808 1
1809 1
1810 1
1811 2
1812 2
1813 0
1814 0
1815 1
1816 0
1817 0
1818 1
1819 1
1820 1
1821 1
1822 0
1823 1
1824 1
1825 0
1826 1
1827 1
1828 1
1829 1
1830 0
1831 0
1832 1
1833 0
1834 1
1835 0
1836 1
1837 1
1838 0
1839 0
1840 1
1841 2
1842 1
1843 0
1844 1
1845 1
1846 1
1847 1
1848 1
1849 1
1850 1
1851 1
1852 0
1853 1
1854 1
1855 0
1856 1
1857 2
1858 1
1859 1
1860 0
1861 2
1862 0
1863 1
1864 1
1865 1
1866 0
1867 1
1868 1
1869 1
1870 1
1871 1
1872 1
1873 1
1874 1
1875 1
1876 1
1877 1
1878 1
1879 1
1880 1
1881 1
1882 1
1883 0
1884 1
1885 1
1886 0
1887 1
1888 0
1889 1
1890 1
1891 1
1892 1
1893 0
1894 1
1895 0
1896 0
1897 1
1898 0
1899 0
1900 1
1901 0
1902 1
1903 0
1904 1
1905 1
1906 0
1907 1
1908 0
1909 1
1910 0
1911 1
1912 0
1913 1
1914 1
1915 1
1916 0
1917 0
1918 0
1919 1
1920 1
1921 0
1922 0
1923 1
1924 1
1925 1
1926 1
1927 0
1928 1
1929 1
1930 0
1931 1
1932 0
1933 0
1934 1
1935 1
1936 1
1937 0
1938 0
1939 0
1940 0
1941 1
1942 1
1943 1
1944 0
1945 1
1946 0
1947 0
1948 1
1949 1
1950 0
1951 1
1952 1
1953 0
1954 1
1955 1
1956 1
1957 1
1958 1
1959 1
1960 1
1961 1
1962 1
1963 1
1964 0
1965 1
1966 1
1967 0
1968 1
1969 1
1970 0
1971 1
1972 1
1973 1
1974 1
1975 1
1976 1
1977 1
1978 1
1979 0
1980 0
1981 1
1982 0
1983 1
1984 1
1985 0
1986 0
1987 1
1988 0
1989 0
1990 1
1991 0
1992 1
1993 1
1994 0
1995 1
1996 1
1997 1
1998 0
1999 1
