0 1
1 2
2 1
3 1
4 1
5 2
6 1
7 1
8 1
9 1
10 1
11 1
12 1
13 1
14 2
15 0
16 0
17 1
18 2
19 1
20 1
21 1
22 1
23 1
24 1
25 0
26 1
27 1
28 2
29 2
30 1
31 1
32 1
33 1
34 1
35 1
36 1
37 1
38 2
39 3
40 0
41 1
42 1
43 1
44 1
45 1
46 1
47 1
48 2
49 1
50 0
51 2
52 1
53 1
54 1
55 2
56 1
57 0
58 2
59 2
60 1
61 1
62 1
63 1
64 1
65 0
66 0
67 1
68 1
69 1
70 0
71 1
72 1
73 1
74 1
75 1
76 3
77 1
78 1
79 1
80 2
81 0
82 1
83 1
84 1
85 1
86 1
87 1
88 2
89 2
90 1
91 2
92 2
93 1
94 0
95 0
96 0
97 0
98 0
99 0
100 0
101 0
102 0
103 0
104 0
105 0
106 0
107 0
108 0
109 0
110 0
111 0
112 0
113 0
114 0
115 0
116 0
117 0
118 0
119 0
120 0
121 0
122 0
123 0
124 0
125 0
126 0
127 0
128 0
129 0
130 0
131 0
132 0
133 0
134 0
135 0
136 0
137 0
138 0
139 0
140 0
141 0
142 0
143 0
144 0
145 0
146 0
147 0
148 0
149 0
150 0
151 0
152 0
153 0
154 0
155 0
156 0
157 0
158 1
159 1
160 1
161 1
162 1
163 1
164 0
165 1
166 0
167 1
168 1
169 0
170 1
171 0
172 1
173 1
174 1
175 0
176 2
177 0
178 1
179 1
180 0
181 1
182 0
183 0
184 0
185 0
186 0
187 0
188 0
189 0
190 0
191 0
192 0
193 0
194 1
195 0
196 0
197 0
198 0
199 0
200 0
201 0
202 0
203 0
204 0
205 0
206 0
207 0
208 0
209 0
210 0
211 0
212 0
213 0
214 0
215 0
216 0
217 0
218 0
219 0
220 0
221 0
222 0
223 0
224 0
225 0
226 0
227 0
228 0
229 0
230 0
231 0
232 0
233 0
234 0
235 0
236 0
237 0
238 0
239 0
240 0
241 0
242 0
243 0
244 0
245 0
246 0
247 0
248 0
249 0
250 0
251 0
252 0
253 0
254 0
255 0
256 0
257 1
258 2
259 0
260 0
261 1
262 3
263 2
264 0
265 0
266 0
267 0
268 1
269 1
270 1
271 0
272 0
273 0
274 1
275 0
276 0
277 1
278 1
279 0
280 1
281 0
282 1
283 2
284 0
285 1
286 0
287 2
288 0
289 1
290 0
291 1
292 0
293 0
294 0
295 1
296 0
297 0
298 0
299 0
300 0
301 0
302 0
303 0
304 0
305 0
306 0
307 0
308 0
309 0
310 0
311 0
312 0
313 0
314 0
315 0
316 0
317 0
318 0
319 0
320 0
321 0
322 0
323 0
324 0
325 0
326 0
327 0
328 0
329 0
330 0
331 0
332 0
333 0
334 0
335 0
336 0
337 0
338 0
339 0
340 0
341 0
342 0
343 0
344 0
345 0
346 0
347 0
348 0
349 0
350 0
351 0
352 0
353 0
354 0
355 0
356 0
357 1
358 2
359 0
360 0
361 0
362 0
363 0
364 1
365 2
366 2
367 1
368 1
369 1
370 1
371 1
372 0
373 0
374 0
375 0
376 2
377 0
378 0
379 0
380 1
381 0
382 0
383 1
384 1
385 1
386 0
387 0
388 1
389 1
390 1
391 1
392 1
393 2
394 0
395 0
396 0
397 1
398 0
399 2
400 2
401 0
402 0
403 0
404 0
405 0
406 1
407 0
408 0
409 1
410 2
411 1
412 0
413 0
414 0
415 0
416 0
417 0
418 0
419 0
420 1
421 0
422 0
423 0
424 1
425 1
426 0
427 2
428 3
429 1
430 3
431 0
432 2
433 1
434 2
435 1
436 1
437 2
438 0
439 1
440 1
441 1
442 0
443 1
444 1
445 1
446 2
447 0
448 0
449 0
450 0
451 0
452 0
453 1
454 1
455 1
456 1
457 1
458 0
459 0
460 0
461 0
462 0
463 1
464 2
465 1
466 0
467 1
468 0
469 0
470 2
471 2
472 1
473 1
474 2
475 1
476 1
477 1
478 1
479 1
480 2
481 0
482 1
483 1
484 0
485 1
486 0
487 2
488 2
489 0
490 0
491 0
492 0
493 1
494 1
495 1
496 1
497 1
498 1
499 0
500 1
501 0
502 1
503 2
504 2
505 1
506 1
507 1
508 2
509 1
510 1
511 2
512 1
513 2
514 3
515 2
516 2
517 2
518 2
519 1
520 2
521 1
522 1
523 1
524 1
525 1
526 2
527 3
528 1
529 2
530 2
531 2
532 2
533 2
534 1
535 1
536 1
537 2
538 2
539 3
540 2
541 1
542 2
543 2
544 1
545 2
546 2
547 1
548 1
549 0
550 2
551 0
552 1
553 1
554 1
555 0
556 2
557 0
558 1
559 0
560 1
561 1
562 0
563 1
564 0
565 1
566 1
567 1
568 2
569 0
570 0
571 0
572 0
573 1
574 0
575 0
576 0
577 0
578 1
579 1
580 3
581 1
582 0
583 1
584 1
585 0
586 0
587 0
588 0
589 0
590 0
591 0
592 0
593 0
594 0
595 0
596 0
597 0
598 0
599 0
600 0
601 1
602 0
603 0
604 0
605 2
606 1
607 3
608 1
609 2
610 1
611 2
612 1
613 2
614 2
615 1
616 2
617 2
618 2
619 2
620 2
621 1
622 0
623 3
624 1
625 2
626 1
627 2
628 2
629 2
630 1
631 1
632 2
633 2
634 1
635 0
636 2
637 2
638 2
639 2
640 2
641 0
642 2
643 1
644 2
645 2
646 1
647 1
648 1
649 2
650 2
651 2
652 1
653 1
654 1
655 2
656 2
657 1
658 1
659 1
660 1
661 1
662 1
663 1
664 1
665 1
666 1
667 2
668 2
669 1
670 2
671 2
672 1
673 2
674 1
675 2
676 1
677 2
678 2
679 2
680 1
681 1
682 1
683 1
684 1
685 1
686 1
687 2
688 2
689 2
690 3
691 1
692 2
693 2
694 3
695 2
696 2
697 1
698 2
699 2
700 3
701 3
702 2
703 1
704 3
705 1
706 1
707 2
708 2
709 1
710 2
711 2
712 2
713 0
714 0
715 1
716 2
717 0
718 0
719 1
720 2
721 2
722 2
723 2
724 2
725 2
726 2
727 2
728 2
729 2
730 2
731 1
732 1
733 2
734 2
735 2
736 1
737 2
738 1
739 2
740 2
741 1
742 1
743 1
744 1
745 1
746 0
747 1
748 1
749 1
750 1
751 1
752 2
753 2
754 1
755 1
756 2
757 1
758 2
759 0
760 1
761 1
762 1
763 2
764 2
765 1
766 2
767 0
768 1
769 2
770 3
771 1
772 2
773 2
774 1
775 2
776 2
777 2
778 2
779 2
780 0
781 1
782 1
783 1
784 1
785 2
786 1
787 0
788 2
789 2
790 0
791 1
792 1
793 0
794 2
795 1
796 2
797 1
798 1
799 1
800 2
801 2
802 1
803 1
804 2
805 2
806 0
807 1
808 2
809 0
810 0
811 0
812 1
813 0
814 3
815 1
816 3
817 0
818 0
819 2
820 0
821 0
822 2
823 0
824 2
825 3
826 3
827 0
828 0
829 2
830 1
831 1
832 1
833 1
834 1
835 2
836 0
837 1
838 0
839 0
840 0
841 0
842 0
843 0
844 0
845 0
846 0
847 0
848 1
849 1
850 1
851 1
852 2
853 0
854 1
855 0
856 2
857 1
858 1
859 2
860 0
861 1
862 1
863 0
864 2
865 1
866 1
867 1
868 1
869 0
870 2
871 1
872 2
873 0
874 2
875 0
876 1
877 1
878 1
879 0
880 0
881 0
882 1
883 2
884 2
885 1
886 2
887 2
888 2
889 0
890 0
891 0
892 0
893 0
894 0
895 0
896 1
897 0
898 1
899 2
900 1
901 2
902 0
903 2
904 2
905 2
906 2
907 2
908 1
909 2
910 1
911 0
912 1
913 1
914 1
915 1
916 1
917 1
918 0
919 0
920 0
921 0
922 0
923 0
924 0
925 0
926 0
927 0
928 0
929 0
930 0
931 0
932 0
933 0
934 0
935 0
936 0
937 0
938 0
939 0
940 0
941 0
942 0
943 1
944 0
945 0
946 1
947 1
948 1
949 2
950 2
951 2
952 1
953 0
954 1
955 1
956 1
957 1
958 1
959 0
960 0
961 0
962 0
963 1
964 2
965 1
966 0
967 0
968 1
969 1
970 2
971 1
972 0
973 2
974 1
975 1
976 2
977 0
978 1
979 2
980 1
981 1
982 2
983 1
984 1
985 1
986 1
987 1
988 0
989 2
990 0
991 1
992 1
993 2
994 1
995 1
996 1
997 2
998 0
999 2
1000 0
1001 0
1002 0
1003 0
1004 0
1005 0
1006 0
1007 0
1008 0
1009 0
1010 0
1011 0
1012 0
1013 0
1014 2
1015 1
1016 1
1017 3
1018 2
1019 0
1020 0
1021 0
1022 0
1023 0
1024 0
1025 0
1026 0
1027 0
1028 0
1029 0
1030 0
1031 0
1032 0
1033 0
1034 0
1035 0
1036 0
1037 0
1038 0
1039 0
1040 0
1041 0
1042 0
1043 0
1044 0
1045 0
1046 0
1047 1
1048 0
1049 1
1050 0
1051 0
1052 0
1053 0
1054 0
1055 0
1056 0
1057 0
1058 0
1059 0
1060 0
1061 0
1062 0
1063 0
1064 0
1065 0
1066 0
1067 0
1068 0
1069 0
1070 1
1071 0
1072 0
1073 0
1074 0
1075 0
1076 0
1077 0
1078 0
1079 0
1080 0
1081 0
1082 0
1083 0
1084 0
1085 0
1086 0
1087 0
1088 0
1089 0
1090 0
1091 0
1092 0
1093 0
1094 0
1095 0
1096 0
1097 0
1098 0
1099 0
1100 0
1101 0
1102 0
1103 0
1104 0
1105 0
1106 0
1107 0
1108 0
1109 0
1110 0
1111 0
1112 0
1113 0
1114 0
1115 0
1116 0
1117 0
1118 0
1119 0
1120 0
1121 0
1122 0
1123 0
1124 0
1125 0
1126 0
1127 0
1128 0
1129 0
1130 0
1131 0
1132 0
1133 0
1134 0
1135 0
1136 0
1137 0
1138 2
1139 1
1140 2
1141 1
1142 2
1143 1
1144 2
1145 1
1146 1
1147 1
1148 0
1149 0
1150 0
1151 1
1152 1
1153 1
1154 1
1155 2
1156 1
1157 1
1158 1
1159 1
1160 1
1161 1
1162 0
1163 0
1164 0
1165 2
1166 0
1167 0
1168 0
1169 0
1170 0
1171 0
1172 0
1173 0
1174 0
1175 2
1176 2
1177 0
1178 0
1179 0
1180 0
1181 0
1182 0
1183 0
1184 0
1185 0
1186 0
1187 0
1188 0
1189 0
1190 0
1191 0
1192 0
1193 0
1194 0
1195 0
1196 0
1197 0
1198 0
1199 0
1200 0
1201 0
1202 0
1203 0
1204 0
1205 0
1206 2
1207 0
1208 1
1209 2
1210 0
1211 1
1212 1
1213 0
1214 0
1215 0
1216 0
1217 0
1218 0
1219 0
1220 2
1221 0
1222 0
1223 0
1224 0
1225 0
1226 0
1227 0
1228 0
1229 0
1230 0
1231 0
1232 2
1233 0
1234 1
1235 0
1236 0
1237 1
1238 0
1239 0
1240 0
1241 0
1242 0
1243 0
1244 0
1245 0
1246 1
1247 1
1248 3
1249 1
1250 0
1251 1
1252 0
1253 0
1254 0
1255 2
1256 0
1257 0
1258 0
1259 0
1260 0
1261 0
1262 0
1263 0
1264 0
1265 0
1266 0
1267 0
1268 0
1269 0
1270 0
1271 0
1272 0
1273 0
1274 0
1275 0
1276 0
1277 0
1278 0
1279 0
1280 0
1281 0
1282 0
1283 0
1284 0
1285 0
1286 0
1287 0
1288 0
1289 0
1290 0
1291 0
1292 0
1293 0
1294 0
1295 0
1296 0
1297 0
1298 0
1299 0
1300 0
1301 0
1302 0
1303 0
1304 0
1305 0
1306 0
1307 0
1308 0
1309 0
1310 1
1311 0
1312 1
1313 0
1314 0
1315 0
1316 0
1317 0
1318 0
1319 0
1320 0
1321 0
1322 0
1323 0
1324 0
1325 0
1326 0
1327 0
1328 0
1329 0
1330 0
1331 0
1332 0
1333 0
1334 0
1335 0
1336 0
1337 0
1338 0
1339 0
1340 1
1341 0
1342 0
1343 0
1344 0
1345 0
1346 0
1347 0
1348 0
1349 0
1350 0
1351 0
1352 0
1353 0
1354 0
1355 1
1356 0
1357 0
1358 0
1359 0
1360 0
1361 0
1362 0
1363 0
1364 0
1365 0
1366 0
1367 0
1368 0
1369 1
1370 0
1371 3
1372 3
1373 1
1374 1
1375 0
1376 0
1377 0
1378 2
1379 0
1380 0
1381 0
1382 0
1383 0
1384 1
1385 0
1386 0
1387 0
1388 0
1389 0
1390 0
1391 2
1392 0
1393 0
1394 2
1395 2
1396 2
1397 1
1398 1
1399 1
1400 1
1401 2
1402 2
1403 1
1404 0
1405 0
1406 0
1407 1
1408 0
1409 0
1410 1
1411 1
1412 2
1413 1
1414 0
1415 0
1416 0
1417 1
1418 0
1419 0
1420 0
1421 0
1422 2
1423 0
1424 1
1425 0
1426 0
1427 0
1428 0
1429 0
1430 0
1431 0
1432 0
1433 0
1434 0
1435 0
1436 0
1437 0
1438 1
1439 2
1440 2
1441 0
1442 0
1443 0
1444 0
1445 0
1446 0
1447 0
1448 0
1449 0
1450 0
1451 0
1452 0
1453 0
1454 0
1455 0
1456 0
1457 0
1458 0
1459 0
1460 2
1461 2
1462 2
1463 2
1464 1
1465 3
1466 1
1467 2
1468 1
1469 2
1470 2
1471 0
1472 1
1473 0
1474 0
1475 0
1476 0
1477 0
1478 0
1479 0
1480 0
1481 1
1482 0
1483 0
1484 2
1485 2
1486 0
1487 2
1488 0
1489 1
1490 0
1491 1
1492 0
1493 1
1494 2
1495 2
1496 2
1497 0
1498 1
1499 0
1500 0
1501 0
1502 0
1503 0
1504 0
1505 0
1506 0
1507 0
1508 0
1509 0
1510 0
1511 0
1512 0
1513 0
1514 0
1515 0
1516 0
1517 0
1518 0
1519 0
1520 0
1521 0
1522 0
1523 0
1524 0
1525 0
1526 0
1527 0
1528 0
1529 0
1530 0
1531 0
1532 0
1533 0
1534 1
1535 0
1536 0
1537 0
1538 0
1539 0
1540 0
1541 1
1542 2
1543 0
1544 0
1545 0
1546 0
1547 0
1548 0
1549 0
1550 0
1551 0
1552 2
1553 0
1554 1
1555 1
1556 0
1557 2
1558 0
1559 0
1560 0
1561 0
1562 2
1563 3
1564 0
1565 3
1566 3
1567 2
1568 2
1569 2
1570 0
1571 1
1572 0
1573 0
1574 0
1575 0
1576 0
1577 0
1578 1
1579 0
1580 0
1581 0
1582 0
1583 3
1584 0
1585 0
1586 1
1587 0
1588 0
1589 0
1590 2
1591 0
1592 1
1593 2
1594 0
1595 1
1596 1
1597 0
1598 2
1599 2
1600 1
1601 3
1602 1
1603 1
1604 0
1605 2
1606 0
1607 0
1608 1
1609 1
1610 1
1611 2
1612 2
1613 0
1614 1
1615 2
1616 1
1617 1
1618 0
1619 1
1620 1
1621 0
1622 0
1623 0
1624 0
1625 3
1626 0
1627 1
1628 0
1629 1
1630 0
1631 1
1632 1
1633 0
1634 1
1635 1
1636 0
1637 2
1638 1
1639 1
1640 0
1641 0
1642 1
1643 1
1644 2
1645 1
1646 2
1647 1
1648 2
1649 1
1650 0
1651 1
1652 1
1653 1
1654 0
1655 2
1656 3
1657 0
1658 1
1659 0
1660 0
1661 2
1662 1
1663 1
1664 0
1665 1
1666 1
1667 0
1668 0
1669 2
1670 1
1671 1
1672 0
1673 0
1674 1
1675 1
1676 2
1677 2
1678 0
1679 0
1680 1
1681 1
1682 0
1683 1
1684 1
1685 1
1686 1
1687 2
1688 1
1689 1
1690 1
1691 1
1692 3
1693 2
1694 2
1695 1
1696 1
1697 0
1698 1
1699 1
1700 2
1701 0
1702 0
1703 1
1704 2
1705 1
1706 0
1707 2
1708 0
1709 1
1710 1
1711 2
1712 2
1713 0
1714 1
1715 1
1716 0
1717 1
1718 1
1719 1
1720 1
1721 0
1722 0
1723 1
1724 1
1725 2
1726 1
1727 0
1728 1
1729 1
1730 1
1731 1
1732 2
1733 1
1734 2
1735 0
1736 0
1737 1
1738 0
1739 1
1740 1
1741 1
1742 1
1743 1
1744 1
1745 1
1746 1
1747 1
1748 1
1749 1
1750 0
1751 1
1752 0
1753 0
1754 0
1755 1
1756 1
1757 1
1758 1
1759 0
1760 1
1761 1
1762 0
1763 0
1764 0
1765 0
1766 0
1767 0
1768 0
1769 0
1770 1
1771 1
1772 0
1773 0
1774 1
1775 0
1776 0
1777 0
1778 0
1779 0
1780 0
1781 0
1782 0
1783 0
1784 0
1785 0
1786 0
1787 0
1788 0
1789 0
1790 0
1791 0
1792 0
1793 0
1794 0
1795 0
1796 0
1797 0
1798 0
1799 0
1800 0
1801 0
1802 0
1803 0
1804 0
1805 0
1806 0
1807 0
1808 0
1809 0
1810 0
1811 0
1812 0
1813 0
1814 0
1815 0
1816 0
1817 0
1818 0
1819 0
1820 0
1821 0
1822 0
1823 0
1824 0
1825 0
1826 0
1827 0
1828 0
1829 0
1830 0
1831 0
1832 0
1833 0
1834 0
1835 0
1836 0
1837 0
1838 0
1839 0
1840 0
1841 0
1842 1
1843 0
1844 0
1845 0
1846 0
1847 0
1848 0
1849 0
1850 0
1851 0
1852 0
1853 0
1854 0
1855 0
1856 0
1857 0
1858 0
1859 1
1860 1
1861 0
1862 1
1863 0
1864 1
1865 1
1866 1
1867 0
1868 0
1869 0
1870 0
1871 0
1872 1
1873 1
1874 1
1875 0
1876 1
1877 0
1878 1
1879 1
1880 1
1881 0
1882 0
1883 0
1884 0
1885 0
1886 2
1887 1
1888 0
1889 1
1890 1
1891 1
1892 2
1893 0
1894 0
1895 2
1896 0
1897 1
1898 0
1899 1
1900 2
1901 1
1902 2
1903 1
1904 2
1905 0
1906 2
1907 1
1908 2
1909 1
1910 0
1911 1
1912 1
1913 1
1914 0
1915 1
1916 2
1917 1
1918 1
1919 1
1920 0
1921 0
1922 0
1923 0
1924 0
1925 0
1926 0
1927 0
1928 1
1929 1
1930 0
1931 0
1932 0
1933 0
1934 0
1935 0
1936 0
1937 0
1938 1
1939 0
1940 0
1941 1
1942 0
1943 2
1944 0
1945 3
1946 1
1947 0
1948 1
1949 1
1950 1
1951 0
1952 2
1953 1
1954 1
1955 0
1956 0
1957 0
1958 1
1959 1
1960 1
1961 1
1962 0
1963 0
1964 1
1965 0
1966 1
1967 1
1968 0
1969 0
1970 0
1971 0
1972 1
1973 3
1974 1
1975 1
1976 0
1977 0
1978 1
1979 1
1980 0
1981 2
1982 1
1983 1
1984 2
1985 1
1986 2
1987 2
1988 0
1989 1
1990 1
1991 1
1992 1
1993 1
1994 0
1995 2
1996 0
1997 1
1998 0
1999 1
