0 0
1 1
2 1
3 1
4 2
5 0
6 1
7 1
8 1
9 1
10 0
11 0
12 1
13 1
14 1
15 1
16 1
17 0
18 1
19 1
20 0
21 1
22 0
23 1
24 1
25 2
26 2
27 1
28 1
29 1
30 0
31 2
32 2
33 1
34 0
35 0
36 0
37 0
38 0
39 0
40 0
41 0
42 0
43 1
44 1
45 1
46 1
47 0
48 1
49 0
50 0
51 0
52 0
53 0
54 0
55 0
56 0
57 0
58 0
59 0
60 1
61 0
62 1
63 1
64 1
65 1
66 1
67 0
68 1
69 1
70 2
71 2
72 2
73 2
74 2
75 2
76 2
77 1
78 2
79 2
80 2
81 2
82 2
83 2
84 2
85 2
86 2
87 1
88 2
89 2
90 2
91 1
92 2
93 3
94 1
95 2
96 2
97 1
98 2
99 2
100 1
101 2
102 2
103 1
104 1
105 2
106 1
107 2
108 2
109 2
110 1
111 0
112 0
113 0
114 0
115 0
116 1
117 1
118 0
119 0
120 1
121 0
122 1
123 0
124 2
125 2
126 2
127 2
128 1
129 1
130 2
131 0
132 0
133 0
134 0
135 0
136 1
137 0
138 0
139 1
140 2
141 2
142 2
143 2
144 2
145 2
146 2
147 2
148 2
149 1
150 2
151 2
152 2
153 2
154 2
155 2
156 2
157 2
158 1
159 2
160 2
161 2
162 2
163 1
164 2
165 2
166 2
167 2
168 2
169 1
170 2
171 2
172 2
173 2
174 1
175 2
176 1
177 1
178 1
179 1
180 1
181 1
182 1
183 2
184 2
185 2
186 2
187 2
188 2
189 2
190 1
191 2
192 2
193 2
194 2
195 2
196 2
197 2
198 2
199 2
200 2
201 2
202 2
203 2
204 2
205 2
206 2
207 1
208 1
209 1
210 1
211 1
212 1
213 0
214 1
215 1
216 1
217 1
218 2
219 1
220 2
221 2
222 2
223 2
224 1
225 1
226 0
227 0
228 1
229 0
230 1
231 0
232 1
233 1
234 0
235 1
236 0
237 0
238 0
239 1
240 0
241 1
242 1
243 1
244 1
245 0
246 0
247 2
248 1
249 1
250 1
251 1
252 1
253 1
254 1
255 1
256 0
257 0
258 2
259 3
260 2
261 3
262 1
263 1
264 1
265 2
266 1
267 1
268 1
269 1
270 1
271 1
272 2
273 2
274 1
275 2
276 1
277 1
278 1
279 1
280 1
281 2
282 2
283 2
284 2
285 0
286 2
287 1
288 1
289 0
290 0
291 0
292 0
293 0
294 0
295 0
296 0
297 0
298 0
299 0
300 0
301 0
302 0
303 0
304 0
305 0
306 1
307 0
308 0
309 1
310 1
311 0
312 0
313 1
314 0
315 0
316 0
317 0
318 2
319 2
320 1
321 0
322 0
323 0
324 0
325 0
326 0
327 0
328 0
329 0
330 1
331 1
332 1
333 1
334 1
335 1
336 1
337 0
338 1
339 0
340 0
341 0
342 1
343 1
344 1
345 1
346 1
347 0
348 1
349 1
350 1
351 1
352 0
353 1
354 1
355 0
356 1
357 1
358 1
359 1
360 0
361 1
362 0
363 0
364 1
365 0
366 0
367 0
368 0
369 0
370 1
371 1
372 2
373 1
374 0
375 1
376 0
377 1
378 1
379 1
380 2
381 1
382 1
383 1
384 1
385 1
386 1
387 0
388 2
389 1
390 1
391 1
392 1
393 1
394 1
395 0
396 1
397 0
398 2
399 1
400 2
401 1
402 1
403 1
404 1
405 0
406 0
407 2
408 0
409 1
410 1
411 1
412 0
413 1
414 0
415 1
416 1
417 1
418 1
419 1
420 0
421 1
422 1
423 0
424 0
425 0
426 0
427 0
428 0
429 0
430 0
431 0
432 0
433 0
434 0
435 0
436 0
437 0
438 0
439 0
440 0
441 0
442 0
443 0
444 0
445 0
446 0
447 0
448 0
449 0
450 0
451 0
452 0
453 0
454 0
455 0
456 1
457 0
458 0
459 0
460 0
461 0
462 0
463 0
464 0
465 0
466 0
467 0
468 0
469 0
470 0
471 0
472 0
473 0
474 0
475 0
476 0
477 0
478 0
479 0
480 0
481 0
482 0
483 0
484 0
485 0
486 0
487 0
488 0
489 0
490 0
491 0
492 0
493 0
494 0
495 0
496 0
497 0
498 1
499 0
500 0
501 0
502 0
503 0
504 0
505 0
506 0
507 0
508 0
509 0
510 0
511 0
512 1
513 0
514 0
515 0
516 0
517 0
518 0
519 0
520 0
521 1
522 0
523 0
524 0
525 1
526 0
527 0
528 0
529 0
530 1
531 0
532 0
533 1
534 0
535 0
536 0
537 0
538 0
539 0
540 0
541 0
542 0
543 0
544 1
545 0
546 0
547 0
548 0
549 0
550 0
551 0
552 1
553 0
554 0
555 0
556 0
557 0
558 0
559 0
560 0
561 0
562 0
563 0
564 0
565 0
566 0
567 0
568 0
569 0
570 0
571 0
572 0
573 0
574 1
575 0
576 0
577 0
578 0
579 0
580 0
581 1
582 0
583 0
584 0
585 0
586 1
587 0
588 0
589 1
590 0
591 0
592 0
593 0
594 0
595 0
596 0
597 0
598 0
599 0
600 0
601 1
602 0
603 0
604 0
605 1
606 0
607 0
608 0
609 0
610 0
611 0
612 1
613 0
614 0
615 0
616 0
617 0
618 0
619 0
620 0
621 0
622 0
623 0
624 0
625 0
626 0
627 0
628 0
629 0
630 0
631 0
632 0
633 0
634 0
635 0
636 0
637 0
638 0
639 0
640 0
641 0
642 0
643 0
644 0
645 0
646 1
647 0
648 1
649 1
650 0
651 1
652 1
653 0
654 1
655 0
656 1
657 0
658 1
659 1
660 1
661 0
662 0
663 0
664 0
665 0
666 0
667 0
668 0
669 0
670 0
671 0
672 0
673 0
674 0
675 1
676 1
677 1
678 0
679 1
680 0
681 1
682 0
683 0
684 0
685 0
686 1
687 0
688 0
689 0
690 0
691 0
692 0
693 0
694 0
695 1
696 0
697 0
698 1
699 0
700 0
701 2
702 1
703 0
704 0
705 1
706 1
707 0
708 1
709 0
710 0
711 0
712 1
713 0
714 1
715 0
716 2
717 2
718 2
719 2
720 1
721 1
722 2
723 1
724 2
725 0
726 0
727 2
728 1
729 1
730 0
731 1
732 1
733 1
734 0
735 0
736 0
737 0
738 1
739 0
740 1
741 0
742 0
743 0
744 0
745 1
746 1
747 0
748 1
749 0
750 0
751 0
752 0
753 0
754 0
755 1
756 0
757 0
758 0
759 0
760 1
761 1
762 0
763 0
764 0
765 1
766 0
767 0
768 0
769 0
770 0
771 0
772 0
773 0
774 0
775 0
776 0
777 0
778 0
779 0
780 0
781 0
782 0
783 0
784 0
785 0
786 0
787 1
788 0
789 0
790 0
791 0
792 0
793 0
794 0
795 0
796 0
797 0
798 1
799 0
800 0
801 0
802 0
803 0
804 0
805 0
806 0
807 0
808 0
809 0
810 0
811 0
812 0
813 0
814 0
815 0
816 0
817 0
818 0
819 0
820 0
821 1
822 1
823 1
824 0
825 0
826 1
827 0
828 1
829 0
830 1
831 1
832 0
833 0
834 0
835 0
836 0
837 0
838 1
839 0
840 1
841 0
842 0
843 0
844 0
845 0
846 0
847 0
848 0
849 0
850 0
851 0
852 0
853 0
854 0
855 2
856 0
857 0
858 0
859 0
860 0
861 0
862 1
863 0
864 0
865 1
866 0
867 0
868 0
869 0
870 0
871 0
872 0
873 1
874 0
875 0
876 0
877 0
878 0
879 0
880 0
881 0
882 0
883 0
884 0
885 0
886 0
887 0
888 0
889 0
890 0
891 0
892 0
893 0
894 0
895 0
896 0
897 0
898 0
899 0
900 0
901 0
902 0
903 0
904 0
905 0
906 0
907 0
908 0
909 0
910 0
911 1
912 0
913 0
914 0
915 0
916 0
917 0
918 0
919 0
920 0
921 1
922 0
923 0
924 0
925 0
926 0
927 0
928 0
929 0
930 0
931 0
932 0
933 0
934 0
935 0
936 0
937 0
938 0
939 0
940 1
941 0
942 1
943 0
944 1
945 0
946 0
947 0
948 0
949 1
950 0
951 0
952 0
953 0
954 2
955 1
956 0
957 1
958 0
959 0
960 0
961 0
962 0
963 0
964 0
965 0
966 0
967 0
968 0
969 0
970 0
971 0
972 0
973 0
974 0
975 1
976 0
977 0
978 1
979 1
980 0
981 0
982 0
983 0
984 1
985 2
986 1
987 0
988 0
989 0
990 0
991 1
992 0
993 0
994 0
995 1
996 1
997 0
998 0
999 1
1000 0
1001 0
1002 0
1003 0
1004 0
1005 0
1006 1
1007 1
1008 0
1009 0
1010 0
1011 0
1012 0
1013 0
1014 0
1015 0
1016 0
1017 0
1018 0
1019 0
1020 0
1021 0
1022 1
1023 0
1024 0
1025 0
1026 0
1027 0
1028 0
1029 0
1030 0
1031 0
1032 1
1033 1
1034 1
1035 0
1036 1
1037 1
1038 1
1039 1
1040 1
1041 0
1042 1
1043 1
1044 1
1045 0
1046 0
1047 1
1048 1
1049 1
1050 0
1051 0
1052 0
1053 1
1054 1
1055 1
1056 1
1057 0
1058 0
1059 0
1060 0
1061 0
1062 0
1063 1
1064 0
1065 0
1066 0
1067 0
1068 1
1069 1
1070 1
1071 1
1072 1
1073 1
1074 1
1075 0
1076 0
1077 1
1078 1
1079 1
1080 1
1081 0
1082 1
1083 0
1084 0
1085 1
1086 1
1087 1
1088 1
1089 0
1090 1
1091 1
1092 1
1093 1
1094 1
1095 1
1096 0
1097 1
1098 0
1099 0
1100 0
1101 2
1102 0
1103 1
1104 0
1105 1
1106 1
1107 1
1108 1
1109 1
1110 0
1111 0
1112 0
1113 0
1114 0
1115 0
1116 0
1117 0
1118 0
1119 0
1120 1
1121 0
1122 0
1123 1
1124 2
1125 2
1126 2
1127 2
1128 2
1129 1
1130 1
1131 1
1132 2
1133 1
1134 1
1135 1
1136 2
1137 1
1138 1
1139 2
1140 2
1141 2
1142 2
1143 2
1144 2
1145 2
1146 2
1147 2
1148 1
1149 2
1150 1
1151 1
1152 2
1153 2
1154 1
1155 2
1156 2
1157 1
1158 2
1159 2
1160 2
1161 2
1162 1
1163 1
1164 2
1165 2
1166 2
1167 1
1168 2
1169 2
1170 2
1171 1
1172 2
1173 2
1174 0
1175 0
1176 0
1177 0
1178 0
1179 0
1180 0
1181 0
1182 1
1183 0
1184 2
1185 1
1186 1
1187 1
1188 1
1189 0
1190 1
1191 1
1192 1
1193 0
1194 0
1195 0
1196 0
1197 1
1198 1
1199 1
1200 0
1201 1
1202 1
1203 1
1204 1
1205 1
1206 0
1207 0
1208 1
1209 1
1210 1
1211 1
1212 1
1213 0
1214 0
1215 0
1216 1
1217 1
1218 1
1219 1
1220 0
1221 1
1222 0
1223 1
1224 0
1225 0
1226 0
1227 0
1228 0
1229 0
1230 0
1231 0
1232 1
1233 1
1234 0
1235 1
1236 1
1237 2
1238 1
1239 2
1240 2
1241 0
1242 1
1243 1
1244 1
1245 0
1246 0
1247 1
1248 0
1249 0
1250 1
1251 1
1252 0
1253 1
1254 1
1255 1
1256 1
1257 0
1258 1
1259 0
1260 0
1261 0
1262 0
1263 0
1264 0
1265 0
1266 0
1267 0
1268 0
1269 0
1270 1
1271 1
1272 0
1273 0
1274 0
1275 1
1276 0
1277 0
1278 0
1279 0
1280 1
1281 1
1282 1
1283 1
1284 0
1285 0
1286 0
1287 0
1288 1
1289 1
1290 1
1291 0
1292 0
1293 1
1294 1
1295 1
1296 0
1297 0
1298 0
1299 0
1300 0
1301 0
1302 1
1303 0
1304 1
1305 0
1306 1
1307 0
1308 0
1309 0
1310 0
1311 1
1312 0
1313 0
1314 0
1315 0
1316 0
1317 0
1318 0
1319 0
1320 0
1321 0
1322 1
1323 1
1324 0
1325 0
1326 0
1327 0
1328 0
1329 0
1330 0
1331 0
1332 0
1333 0
1334 0
1335 0
1336 0
1337 0
1338 0
1339 0
1340 0
1341 0
1342 1
1343 1
1344 0
1345 0
1346 0
1347 0
1348 0
1349 0
1350 0
1351 0
1352 0
1353 0
1354 0
1355 1
1356 0
1357 0
1358 0
1359 0
1360 0
1361 1
1362 1
1363 1
1364 1
1365 1
1366 0
1367 0
1368 1
1369 1
1370 1
1371 0
1372 1
1373 1
1374 1
1375 0
1376 1
1377 1
1378 1
1379 0
1380 1
1381 1
1382 1
1383 1
1384 1
1385 1
1386 0
1387 1
1388 1
1389 1
1390 1
1391 1
1392 0
1393 1
1394 1
1395 0
1396 0
1397 0
1398 1
1399 1
1400 1
1401 1
1402 1
1403 1
1404 2
1405 0
1406 0
1407 2
1408 1
1409 1
1410 1
1411 1
1412 0
1413 1
1414 0
1415 1
1416 1
1417 0
1418 1
1419 0
1420 0
1421 0
1422 0
1423 0
1424 0
1425 0
1426 0
1427 0
1428 1
1429 1
1430 0
1431 1
1432 1
1433 1
1434 1
1435 1
1436 0
1437 1
1438 0
1439 0
1440 0
1441 1
1442 1
1443 1
1444 1
1445 1
1446 1
1447 1
1448 1
1449 0
1450 1
1451 1
1452 1
1453 1
1454 1
1455 1
1456 1
1457 0
1458 0
1459 1
1460 1
1461 1
1462 1
1463 1
1464 0
1465 0
1466 1
1467 1
1468 1
1469 1
1470 1
1471 1
1472 1
1473 1
1474 0
1475 1
1476 0
1477 1
1478 1
1479 0
1480 0
1481 0
1482 1
1483 1
1484 0
1485 0
1486 0
1487 0
1488 0
1489 0
1490 0
1491 1
1492 0
1493 0
1494 1
1495 0
1496 0
1497 0
1498 0
1499 1
1500 1
1501 0
1502 1
1503 1
1504 1
1505 0
1506 0
1507 0
1508 0
1509 0
1510 0
1511 0
1512 0
1513 0
1514 0
1515 0
1516 0
1517 1
1518 0
1519 0
1520 1
1521 1
1522 0
1523 0
1524 0
1525 0
1526 0
1527 1
1528 1
1529 1
1530 1
1531 1
1532 0
1533 1
1534 1
1535 0
1536 1
1537 0
1538 1
1539 1
1540 1
1541 0
1542 0
1543 0
1544 0
1545 1
1546 1
1547 1
1548 0
1549 0
1550 1
1551 1
1552 1
1553 1
1554 0
1555 0
1556 1
1557 1
1558 0
1559 1
1560 1
1561 1
1562 0
1563 1
1564 1
1565 0
1566 0
1567 0
1568 0
1569 0
1570 0
1571 0
1572 0
1573 0
1574 0
1575 0
1576 0
1577 0
1578 0
1579 1
1580 1
1581 1
1582 0
1583 1
1584 1
1585 1
1586 1
1587 1
1588 0
1589 0
1590 1
1591 1
1592 1
1593 0
1594 1
1595 1
1596 1
1597 0
1598 0
1599 1
1600 1
1601 1
1602 1
1603 1
1604 0
1605 0
1606 1
1607 1
1608 1
1609 1
1610 1
1611 2
1612 0
1613 2
1614 2
1615 1
1616 0
1617 0
1618 0
1619 0
1620 0
1621 0
1622 0
1623 1
1624 1
1625 1
1626 0
1627 1
1628 1
1629 1
1630 1
1631 1
1632 1
1633 1
1634 1
1635 1
1636 0
1637 0
1638 0
1639 1
1640 0
1641 0
1642 0
1643 0
1644 0
1645 0
1646 0
1647 0
1648 0
1649 0
1650 0
1651 0
1652 0
1653 1
1654 1
1655 1
1656 0
1657 0
1658 0
1659 1
1660 1
1661 0
1662 0
1663 0
1664 0
1665 0
1666 0
1667 1
1668 0
1669 0
1670 1
1671 0
1672 0
1673 0
1674 0
1675 1
1676 0
1677 1
1678 0
1679 0
1680 1
1681 1
1682 0
1683 0
1684 0
1685 0
1686 0
1687 1
1688 0
1689 0
1690 1
1691 1
1692 1
1693 1
1694 0
1695 0
1696 0
1697 0
1698 0
1699 1
1700 1
1701 1
1702 1
1703 1
1704 0
1705 1
1706 1
1707 1
1708 0
1709 0
1710 1
1711 1
1712 0
1713 1
1714 1
1715 1
1716 1
1717 1
1718 1
1719 0
1720 0
1721 0
1722 0
1723 1
1724 0
1725 0
1726 0
1727 0
1728 0
1729 0
1730 0
1731 0
1732 0
1733 0
1734 0
1735 0
1736 0
1737 0
1738 1
1739 1
1740 0
1741 1
1742 1
1743 0
1744 0
1745 0
1746 1
1747 1
1748 1
1749 1
1750 0
1751 0
1752 0
1753 0
1754 0
1755 0
1756 0
1757 0
1758 1
1759 0
1760 0
1761 0
1762 0
1763 0
1764 0
1765 0
1766 0
1767 0
1768 0
1769 0
1770 0
1771 1
1772 0
1773 0
1774 0
1775 0
1776 0
1777 0
1778 0
1779 0
1780 0
1781 0
1782 0
1783 0
1784 0
1785 0
1786 0
1787 0
1788 0
1789 0
1790 1
1791 0
1792 0
1793 0
1794 0
1795 0
1796 0
1797 0
1798 1
1799 1
1800 0
1801 0
1802 0
1803 0
1804 1
1805 1
1806 1
1807 0
1808 1
1809 0
1810 1
1811 0
1812 0
1813 1
1814 1
1815 0
1816 1
1817 0
1818 1
1819 1
1820 0
1821 1
1822 1
1823 1
1824 0
1825 0
1826 0
1827 1
1828 1
1829 0
1830 0
1831 0
1832 0
1833 0
1834 0
1835 1
1836 0
1837 0
1838 0
1839 0
1840 0
1841 0
1842 0
1843 2
1844 2
1845 1
1846 0
1847 1
1848 0
1849 0
1850 1
1851 1
1852 0
1853 0
1854 1
1855 1
1856 1
1857 1
1858 0
1859 0
1860 1
1861 0
1862 0
1863 0
1864 0
1865 0
1866 0
1867 0
1868 0
1869 1
1870 0
1871 0
1872 0
1873 0
1874 1
1875 0
1876 1
1877 1
1878 0
1879 0
1880 0
1881 0
1882 0
1883 1
1884 0
1885 0
1886 1
1887 0
1888 0
1889 0
1890 0
1891 1
1892 1
1893 0
1894 0
1895 1
1896 1
1897 0
1898 1
1899 1
1900 1
1901 1
1902 1
1903 1
1904 1
1905 1
1906 1
1907 1
1908 1
1909 0
1910 1
1911 0
1912 1
1913 0
1914 1
1915 0
1916 1
1917 1
1918 0
1919 1
1920 0
1921 0
1922 0
1923 0
1924 0
1925 0
1926 0
1927 0
1928 0
1929 0
1930 0
1931 0
1932 0
1933 0
1934 0
1935 0
1936 0
1937 0
1938 0
1939 0
1940 0
1941 1
1942 1
1943 1
1944 1
1945 0
1946 1
1947 0
1948 0
1949 0
1950 0
1951 0
1952 0
1953 0
1954 0
1955 0
1956 0
1957 0
1958 0
1959 1
1960 0
1961 0
1962 1
1963 0
1964 1
1965 1
1966 1
1967 1
1968 1
1969 0
1970 0
1971 1
1972 1
1973 1
1974 1
1975 0
1976 1
1977 1
1978 1
1979 1
1980 0
1981 1
1982 0
1983 0
1984 1
1985 1
1986 0
1987 1
1988 1
1989 1
1990 0
1991 1
1992 0
1993 0
1994 0
1995 1
1996 1
1997 0
1998 0
1999 1
