0 0
1 0
2 0
3 0
4 0
5 0
6 0
7 0
8 0
9 0
10 0
11 0
12 0
13 0
14 0
15 0
16 0
17 0
18 0
19 0
20 0
21 0
22 0
23 0
24 0
25 0
26 0
27 0
28 0
29 0
30 0
31 0
32 0
33 0
34 0
35 0
36 0
37 0
38 0
39 0
40 0
41 0
42 0
43 0
44 0
45 0
46 0
47 0
48 0
49 0
50 0
51 0
52 0
53 0
54 0
55 0
56 0
57 0
58 0
59 0
60 0
61 0
62 0
63 0
64 0
65 0
66 0
67 0
68 0
69 0
70 0
71 0
72 0
73 0
74 0
75 0
76 0
77 0
78 0
79 0
80 0
81 0
82 0
83 0
84 0
85 0
86 0
87 0
88 0
89 0
90 0
91 0
92 0
93 0
94 0
95 0
96 0
97 0
98 0
99 0
100 0
101 0
102 0
103 0
104 0
105 0
106 0
107 0
108 0
109 0
110 0
111 0
112 0
113 0
114 1
115 0
116 0
117 0
118 0
119 0
120 0
121 0
122 0
123 0
124 0
125 0
126 0
127 1
128 1
129 1
130 1
131 1
132 1
133 1
134 0
135 1
136 1
137 0
138 0
139 0
140 1
141 0
142 0
143 0
144 0
145 0
146 0
147 0
148 0
149 0
150 0
151 0
152 0
153 0
154 0
155 0
156 0
157 0
158 0
159 0
160 0
161 0
162 0
163 0
164 0
165 0
166 0
167 0
168 0
169 0
170 0
171 0
172 0
173 0
174 0
175 0
176 0
177 0
178 0
179 0
180 0
181 0
182 0
183 0
184 0
185 0
186 0
187 0
188 0
189 0
190 0
191 0
192 0
193 0
194 0
195 0
196 0
197 0
198 0
199 0
200 0
201 0
202 0
203 0
204 0
205 0
206 0
207 0
208 0
209 0
210 0
211 0
212 0
213 0
214 0
215 0
216 0
217 0
218 0
219 0
220 0
221 0
222 0
223 0
224 1
225 0
226 1
227 0
228 0
229 0
230 0
231 0
232 0
233 0
234 0
235 0
236 0
237 1
238 1
239 0
240 1
241 0
242 0
243 0
244 0
245 0
246 1
247 0
248 0
249 0
250 0
251 0
252 0
253 0
254 0
255 0
256 0
257 0
258 0
259 0
260 0
261 0
262 0
263 0
264 0
265 0
266 0
267 0
268 0
269 0
270 0
271 0
272 0
273 0
274 0
275 0
276 0
277 0
278 0
279 0
280 0
281 0
282 0
283 0
284 0
285 0
286 0
287 0
288 0
289 0
290 0
291 0
292 0
293 0
294 0
295 0
296 0
297 0
298 0
299 0
300 0
301 0
302 0
303 0
304 0
305 0
306 0
307 0
308 0
309 0
310 0
311 0
312 0
313 0
314 0
315 0
316 0
317 0
318 0
319 0
320 0
321 0
322 0
323 0
324 0
325 0
326 0
327 0
328 0
329 0
330 0
331 0
332 0
333 0
334 0
335 0
336 0
337 0
338 0
339 0
340 0
341 0
342 0
343 0
344 0
345 0
346 0
347 0
348 0
349 0
350 0
351 0
352 0
353 0
354 0
355 0
356 0
357 0
358 0
359 0
360 0
361 0
362 0
363 0
364 0
365 0
366 0
367 0
368 0
369 0
370 0
371 0
372 0
373 0
374 0
375 0
376 0
377 0
378 0
379 0
380 0
381 0
382 0
383 1
384 1
385 0
386 0
387 0
388 0
389 0
390 0
391 0
392 0
393 1
394 1
395 2
396 0
397 0
398 0
399 0
400 0
401 0
402 0
403 0
404 0
405 1
406 0
407 0
408 0
409 1
410 0
411 0
412 0
413 1
414 0
415 0
416 0
417 1
418 0
419 0
420 0
421 1
422 0
423 0
424 0
425 0
426 1
427 0
428 1
429 0
430 0
431 0
432 0
433 0
434 1
435 1
436 1
437 0
438 1
439 1
440 1
441 0
442 0
443 0
444 0
445 0
446 0
447 0
448 0
449 0
450 0
451 1
452 0
453 2
454 0
455 0
456 0
457 1
458 1
459 1
460 1
461 1
462 1
463 1
464 2
465 2
466 2
467 1
468 1
469 2
470 3
471 2
472 1
473 0
474 3
475 1
476 2
477 1
478 0
479 1
480 3
481 1
482 1
483 2
484 0
485 2
486 0
487 2
488 2
489 3
490 3
491 1
492 2
493 1
494 1
495 3
496 0
497 1
498 1
499 2
500 0
501 1
502 3
503 0
504 4
505 2
506 1
507 0
508 1
509 3
510 1
511 2
512 2
513 1
514 1
515 0
516 0
517 0
518 2
519 3
520 1
521 2
522 2
523 2
524 2
525 3
526 2
527 1
528 1
529 2
530 0
531 2
532 3
533 1
534 1
535 2
536 1
537 2
538 3
539 2
540 3
541 1
542 2
543 3
544 3
545 1
546 2
547 1
548 2
549 2
550 2
551 2
552 2
553 2
554 1
555 1
556 2
557 3
558 2
559 2
560 3
561 3
562 2
563 0
564 0
565 0
566 0
567 0
568 0
569 0
570 1
571 1
572 1
573 0
574 1
575 1
576 1
577 1
578 2
579 1
580 0
581 1
582 0
583 1
584 0
585 0
586 0
587 1
588 1
589 1
590 0
591 1
592 1
593 1
594 2
595 0
596 0
597 0
598 0
599 0
600 0
601 0
602 0
603 0
604 0
605 0
606 0
607 1
608 0
609 0
610 1
611 2
612 1
613 1
614 1
615 0
616 0
617 0
618 2
619 0
620 0
621 1
622 0
623 0
624 1
625 0
626 0
627 0
628 0
629 1
630 3
631 2
632 0
633 1
634 1
635 2
636 1
637 0
638 2
639 2
640 1
641 2
642 4
643 4
644 1
645 0
646 1
647 2
648 1
649 0
650 2
651 3
652 1
653 2
654 2
655 1
656 2
657 1
658 0
659 2
660 1
661 2
662 1
663 2
664 1
665 1
666 3
667 2
668 3
669 4
670 3
671 3
672 3
673 2
674 4
675 3
676 5
677 2
678 3
679 3
680 2
681 2
682 4
683 4
684 4
685 3
686 3
687 3
688 4
689 3
690 4
691 3
692 3
693 3
694 3
695 2
696 1
697 2
698 2
699 2
700 2
701 2
702 3
703 2
704 2
705 0
706 1
707 2
708 2
709 3
710 2
711 1
712 1
713 3
714 2
715 1
716 3
717 1
718 2
719 3
720 1
721 1
722 1
723 0
724 1
725 1
726 0
727 0
728 0
729 1
730 1
731 1
732 3
733 2
734 0
735 0
736 2
737 0
738 1
739 1
740 1
741 0
742 3
743 0
744 1
745 1
746 1
747 1
748 1
749 1
750 3
751 2
752 1
753 2
754 2
755 1
756 1
757 1
758 1
759 1
760 2
761 1
762 3
763 2
764 1
765 1
766 2
767 2
768 2
769 1
770 2
771 1
772 1
773 1
774 2
775 2
776 3
777 2
778 1
779 2
780 1
781 2
782 2
783 2
784 1
785 1
786 2
787 3
788 2
789 3
790 2
791 2
792 1
793 3
794 3
795 2
796 1
797 1
798 1
799 1
800 4
801 2
802 1
803 1
804 0
805 2
806 3
807 0
808 2
809 2
810 0
811 3
812 2
813 3
814 2
815 1
816 1
817 3
818 2
819 3
820 3
821 3
822 2
823 1
824 2
825 2
826 0
827 1
828 2
829 2
830 2
831 3
832 1
833 2
834 1
835 2
836 2
837 1
838 2
839 1
840 2
841 4
842 0
843 2
844 1
845 3
846 2
847 3
848 3
849 1
850 2
851 2
852 2
853 1
854 3
855 2
856 3
857 2
858 2
859 1
860 1
861 2
862 2
863 2
864 2
865 3
866 1
867 5
868 1
869 1
870 2
871 3
872 1
873 2
874 3
875 1
876 0
877 1
878 1
879 2
880 1
881 2
882 3
883 2
884 1
885 2
886 2
887 2
888 1
889 2
890 1
891 1
892 1
893 2
894 2
895 3
896 1
897 3
898 3
899 2
900 1
901 3
902 3
903 2
904 3
905 2
906 2
907 3
908 2
909 2
910 2
911 2
912 1
913 2
914 1
915 2
916 2
917 2
918 3
919 1
920 2
921 1
922 2
923 2
924 1
925 1
926 3
927 2
928 2
929 3
930 2
931 0
932 2
933 3
934 2
935 1
936 2
937 2
938 1
939 2
940 3
941 1
942 1
943 0
944 3
945 1
946 3
947 0
948 1
949 1
950 2
951 2
952 0
953 3
954 4
955 4
956 1
957 1
958 1
959 3
960 1
961 0
962 4
963 3
964 3
965 3
966 0
967 1
968 2
969 1
970 1
971 2
972 1
973 0
974 1
975 3
976 1
977 2
978 2
979 1
980 2
981 3
982 1
983 5
984 3
985 2
986 0
987 2
988 1
989 1
990 3
991 1
992 3
993 0
994 2
995 2
996 2
997 1
998 2
999 4
1000 2
1001 1
1002 1
1003 2
1004 2
1005 3
1006 1
1007 3
1008 3
1009 1
1010 1
1011 2
1012 2
1013 3
1014 1
1015 2
1016 2
1017 1
1018 3
1019 3
1020 3
1021 4
1022 0
1023 0
1024 1
1025 1
1026 1
1027 1
1028 2
1029 1
1030 1
1031 1
1032 2
1033 1
1034 2
1035 2
1036 3
1037 1
1038 3
1039 1
1040 3
1041 2
1042 2
1043 2
1044 2
1045 1
1046 3
1047 0
1048 3
1049 3
1050 2
1051 3
1052 1
1053 3
1054 3
1055 2
1056 3
1057 1
1058 2
1059 2
1060 3
1061 2
1062 0
1063 2
1064 3
1065 2
1066 2
1067 1
1068 1
1069 3
1070 2
1071 2
1072 2
1073 3
1074 3
1075 2
1076 2
1077 2
1078 2
1079 3
1080 0
1081 2
1082 3
1083 1
1084 2
1085 1
1086 1
1087 3
1088 3
1089 2
1090 2
1091 2
1092 2
1093 3
1094 2
1095 1
1096 3
1097 3
1098 2
1099 1
1100 1
1101 2
1102 2
1103 2
1104 1
1105 2
1106 2
1107 2
1108 2
1109 1
1110 3
1111 2
1112 2
1113 2
1114 2
1115 2
1116 2
1117 1
1118 2
1119 3
1120 4
1121 3
1122 3
1123 2
1124 3
1125 1
1126 2
1127 4
1128 3
1129 2
1130 2
1131 3
1132 1
1133 3
1134 1
1135 2
1136 3
1137 2
1138 2
1139 3
1140 2
1141 0
1142 2
1143 2
1144 1
1145 2
1146 3
1147 3
1148 3
1149 2
1150 1
1151 2
1152 3
1153 3
1154 2
1155 4
1156 2
1157 2
1158 1
1159 2
1160 0
1161 1
1162 1
1163 1
1164 3
1165 2
1166 1
1167 0
1168 2
1169 2
1170 4
1171 1
1172 3
1173 2
1174 2
1175 2
1176 2
1177 1
1178 2
1179 3
1180 2
1181 3
1182 2
1183 1
1184 1
1185 3
1186 1
1187 2
1188 2
1189 1
1190 3
1191 3
1192 3
1193 1
1194 2
1195 3
1196 3
1197 3
1198 3
1199 1
1200 3
1201 3
1202 2
1203 2
1204 1
1205 3
1206 3
1207 1
1208 1
1209 2
1210 1
1211 2
1212 0
1213 2
1214 1
1215 3
1216 2
1217 2
1218 0
1219 2
1220 2
1221 2
1222 3
1223 1
1224 3
1225 3
1226 1
1227 2
1228 1
1229 2
1230 3
1231 1
1232 2
1233 2
1234 2
1235 2
1236 2
1237 2
1238 2
1239 5
1240 1
1241 2
1242 1
1243 2
1244 1
1245 3
1246 2
1247 2
1248 2
1249 3
1250 2
1251 1
1252 2
1253 1
1254 1
1255 4
1256 2
1257 2
1258 2
1259 3
1260 4
1261 2
1262 1
1263 2
1264 1
1265 2
1266 2
1267 1
1268 1
1269 3
1270 2
1271 4
1272 2
1273 1
1274 3
1275 2
1276 1
1277 2
1278 2
1279 1
1280 1
1281 1
1282 2
1283 2
1284 3
1285 0
1286 1
1287 1
1288 2
1289 3
1290 3
1291 1
1292 2
1293 2
1294 3
1295 2
1296 2
1297 1
1298 1
1299 2
1300 3
1301 1
1302 1
1303 1
1304 1
1305 1
1306 2
1307 2
1308 2
1309 5
1310 2
1311 1
1312 1
1313 2
1314 2
1315 2
1316 3
1317 2
1318 2
1319 1
1320 1
1321 1
1322 3
1323 1
1324 0
1325 2
1326 2
1327 2
1328 2
1329 3
1330 1
1331 2
1332 2
1333 4
1334 2
1335 0
1336 1
1337 2
1338 0
1339 3
1340 3
1341 3
1342 0
1343 3
1344 3
1345 3
1346 2
1347 3
1348 3
1349 3
1350 3
1351 2
1352 3
1353 3
1354 3
1355 3
1356 2
1357 2
1358 2
1359 2
1360 1
1361 2
1362 1
1363 4
1364 1
1365 1
1366 1
1367 3
1368 3
1369 2
1370 1
1371 3
1372 3
1373 2
1374 1
1375 2
1376 2
1377 2
1378 3
1379 2
1380 3
1381 3
1382 2
1383 2
1384 3
1385 3
1386 3
1387 3
1388 0
1389 1
1390 2
1391 2
1392 2
1393 3
1394 2
1395 1
1396 2
1397 1
1398 3
1399 0
1400 2
1401 2
1402 2
1403 0
1404 3
1405 3
1406 2
1407 2
1408 3
1409 2
1410 2
1411 3
1412 1
1413 1
1414 1
1415 4
1416 2
1417 1
1418 3
1419 1
1420 3
1421 2
1422 3
1423 3
1424 1
1425 3
1426 2
1427 2
1428 3
1429 2
1430 2
1431 1
1432 1
1433 2
1434 1
1435 2
1436 3
1437 3
1438 2
1439 1
1440 1
1441 2
1442 3
1443 1
1444 3
1445 2
1446 3
1447 4
1448 3
1449 2
1450 2
1451 2
1452 2
1453 2
1454 1
1455 2
1456 2
1457 2
1458 4
1459 1
1460 2
1461 2
1462 2
1463 2
1464 2
1465 1
1466 3
1467 3
1468 3
1469 3
1470 3
1471 2
1472 4
1473 3
1474 2
1475 2
1476 2
1477 3
1478 2
1479 3
1480 3
1481 4
1482 1
1483 3
1484 1
1485 1
1486 2
1487 2
1488 1
1489 2
1490 3
1491 1
1492 1
1493 2
1494 3
1495 3
1496 1
1497 3
1498 2
1499 2
1500 1
1501 3
1502 2
1503 3
1504 3
1505 1
1506 3
1507 2
1508 2
1509 2
1510 2
1511 3
1512 2
1513 2
1514 2
1515 2
1516 1
1517 1
1518 2
1519 1
1520 2
1521 3
1522 2
1523 3
1524 3
1525 3
1526 2
1527 3
1528 2
1529 2
1530 2
1531 3
1532 0
1533 2
1534 2
1535 0
1536 1
1537 2
1538 2
1539 2
1540 1
1541 2
1542 1
1543 3
1544 2
1545 1
1546 3
1547 3
1548 2
1549 3
1550 3
1551 2
1552 2
1553 3
1554 3
1555 3
1556 1
1557 2
1558 1
1559 1
1560 1
1561 3
1562 2
1563 2
1564 2
1565 3
1566 2
1567 2
1568 2
1569 2
1570 2
1571 2
1572 3
1573 2
1574 2
1575 2
1576 2
1577 1
1578 2
1579 3
1580 2
1581 1
1582 2
1583 1
1584 3
1585 2
1586 1
1587 1
1588 3
1589 1
1590 2
1591 2
1592 2
1593 1
1594 1
1595 1
1596 2
1597 2
1598 2
1599 4
1600 0
1601 2
1602 3
1603 3
1604 3
1605 2
1606 2
1607 1
1608 3
1609 3
1610 3
1611 2
1612 3
1613 3
1614 4
1615 3
1616 1
1617 2
1618 2
1619 3
1620 3
1621 3
1622 3
1623 1
1624 2
1625 1
1626 3
1627 3
1628 3
1629 2
1630 1
1631 3
1632 3
1633 2
1634 2
1635 3
1636 1
1637 2
1638 2
1639 2
1640 3
1641 3
1642 2
1643 2
1644 2
1645 2
1646 2
1647 0
1648 2
1649 2
1650 3
1651 3
1652 1
1653 2
1654 2
1655 1
1656 1
1657 2
1658 3
1659 3
1660 1
1661 3
1662 3
1663 2
1664 2
1665 2
1666 2
1667 3
1668 1
1669 2
1670 1
1671 0
1672 0
1673 1
1674 4
1675 1
1676 1
1677 2
1678 2
1679 1
1680 3
1681 1
1682 2
1683 3
1684 2
1685 2
1686 1
1687 1
1688 0
1689 3
1690 3
1691 2
1692 4
1693 3
1694 3
1695 3
1696 1
1697 0
1698 3
1699 3
1700 3
1701 2
1702 3
1703 2
1704 1
1705 2
1706 2
1707 1
1708 3
1709 2
1710 3
1711 3
1712 3
1713 2
1714 3
1715 3
1716 1
1717 1
1718 2
1719 2
1720 3
1721 2
1722 3
1723 0
1724 2
1725 2
1726 2
1727 3
1728 2
1729 0
1730 3
1731 3
1732 3
1733 2
1734 3
1735 3
1736 3
1737 3
1738 3
1739 2
1740 3
1741 2
1742 1
1743 2
1744 2
1745 3
1746 3
1747 3
1748 1
1749 2
1750 2
1751 4
1752 2
1753 4
1754 3
1755 2
1756 1
1757 1
1758 3
1759 2
1760 3
1761 4
1762 3
1763 1
1764 4
1765 2
1766 2
1767 1
1768 3
1769 3
1770 1
1771 2
1772 1
1773 3
1774 1
1775 2
1776 3
1777 3
1778 3
1779 4
1780 2
1781 3
1782 3
1783 3
1784 3
1785 2
1786 2
1787 2
1788 3
1789 1
1790 2
1791 1
1792 3
1793 2
1794 2
1795 3
1796 1
1797 1
1798 2
1799 1
1800 2
1801 2
1802 2
1803 3
1804 1
1805 3
1806 4
1807 3
1808 3
1809 2
1810 2
1811 2
1812 2
1813 1
1814 2
1815 2
1816 3
1817 4
1818 1
1819 2
1820 3
1821 1
1822 0
1823 3
1824 3
1825 3
1826 1
1827 3
1828 3
1829 3
1830 2
1831 3
1832 2
1833 1
1834 1
1835 3
1836 3
1837 2
1838 3
1839 0
1840 2
1841 1
1842 2
1843 2
1844 2
1845 2
1846 3
1847 2
1848 2
1849 2
1850 1
1851 4
1852 3
1853 3
1854 2
1855 2
1856 1
1857 2
1858 3
1859 2
1860 2
1861 3
1862 3
1863 2
1864 2
1865 1
1866 1
1867 3
1868 1
1869 1
1870 2
1871 1
1872 2
1873 1
1874 2
1875 1
1876 2
1877 1
1878 3
1879 3
1880 1
1881 2
1882 2
1883 2
1884 1
1885 1
1886 3
1887 2
1888 2
1889 2
1890 1
1891 3
1892 1
1893 1
1894 3
1895 2
1896 1
1897 2
1898 3
1899 3
1900 2
1901 2
1902 2
1903 2
1904 1
1905 1
1906 1
1907 1
1908 1
1909 2
1910 2
1911 2
1912 2
1913 1
1914 3
1915 2
1916 4
1917 2
1918 2
1919 1
1920 2
1921 0
1922 1
1923 3
1924 1
1925 2
1926 1
1927 1
1928 2
1929 2
1930 2
1931 1
1932 1
1933 2
1934 2
1935 1
1936 2
1937 0
1938 2
1939 3
1940 2
1941 2
1942 3
1943 2
1944 2
1945 4
1946 2
1947 2
1948 1
1949 1
1950 3
1951 3
1952 2
1953 1
1954 2
1955 2
1956 1
1957 3
1958 4
1959 2
1960 3
1961 2
1962 3
1963 0
1964 2
1965 0
1966 2
1967 2
1968 2
1969 2
1970 1
1971 2
1972 2
1973 2
1974 1
1975 1
1976 2
1977 2
1978 2
1979 1
1980 1
1981 2
1982 1
1983 2
1984 0
1985 1
1986 2
1987 2
1988 0
1989 1
1990 1
1991 1
1992 0
1993 1
1994 1
1995 1
1996 0
1997 1
1998 4
1999 1
