0 0
1 0
2 2
3 0
4 0
5 1
6 0
7 0
8 0
9 0
10 0
11 1
12 0
13 0
14 3
15 2
16 1
17 3
18 2
19 1
20 0
21 1
22 0
23 1
24 1
25 1
26 2
27 1
28 2
29 3
30 0
31 1
32 2
33 3
34 2
35 1
36 2
37 1
38 0
39 1
40 2
41 2
42 1
43 1
44 2
45 2
46 1
47 2
48 1
49 0
50 1
51 0
52 1
53 2
54 2
55 1
56 2
57 2
58 2
59 2
60 2
61 2
62 0
63 2
64 2
65 1
66 2
67 2
68 2
69 1
70 1
71 2
72 3
73 3
74 1
75 1
76 3
77 0
78 2
79 2
80 2
81 2
82 0
83 0
84 0
85 0
86 0
87 0
88 0
89 0
90 0
91 0
92 0
93 0
94 0
95 1
96 0
97 1
98 2
99 1
100 0
101 1
102 0
103 1
104 1
105 0
106 0
107 0
108 1
109 1
110 2
111 2
112 3
113 2
114 2
115 2
116 1
117 2
118 2
119 1
120 2
121 2
122 2
123 1
124 1
125 1
126 2
127 2
128 2
129 1
130 1
131 2
132 1
133 1
134 3
135 3
136 2
137 0
138 3
139 2
140 2
141 2
142 2
143 0
144 0
145 0
146 0
147 0
148 1
149 1
150 0
151 0
152 0
153 0
154 0
155 0
156 0
157 0
158 1
159 2
160 0
161 1
162 1
163 0
164 1
165 1
166 0
167 1
168 1
169 0
170 2
171 2
172 0
173 1
174 2
175 1
176 1
177 1
178 1
179 2
180 2
181 1
182 1
183 2
184 1
185 1
186 1
187 2
188 1
189 1
190 1
191 1
192 2
193 1
194 1
195 2
196 1
197 1
198 0
199 1
200 1
201 2
202 2
203 1
204 1
205 0
206 0
207 0
208 0
209 0
210 0
211 0
212 0
213 0
214 0
215 0
216 0
217 0
218 0
219 0
220 0
221 1
222 0
223 0
224 0
225 0
226 0
227 1
228 0
229 0
230 0
231 0
232 0
233 0
234 0
235 1
236 1
237 1
238 1
239 0
240 1
241 0
242 1
243 0
244 0
245 0
246 2
247 1
248 1
249 0
250 0
251 1
252 0
253 0
254 1
255 1
256 1
257 1
258 0
259 0
260 1
261 1
262 2
263 1
264 3
265 2
266 1
267 1
268 2
269 2
270 3
271 0
272 2
273 1
274 1
275 1
276 1
277 0
278 4
279 1
280 2
281 0
282 0
283 0
284 0
285 0
286 0
287 0
288 0
289 0
290 0
291 0
292 0
293 0
294 2
295 0
296 0
297 0
298 1
299 0
300 0
301 0
302 1
303 0
304 2
305 1
306 0
307 1
308 1
309 1
310 1
311 1
312 3
313 2
314 1
315 2
316 1
317 3
318 1
319 1
320 2
321 2
322 0
323 2
324 0
325 0
326 0
327 2
328 2
329 0
330 0
331 0
332 0
333 0
334 0
335 1
336 1
337 0
338 1
339 0
340 0
341 0
342 0
343 0
344 0
345 1
346 1
347 1
348 0
349 0
350 1
351 1
352 0
353 0
354 0
355 1
356 2
357 0
358 0
359 2
360 2
361 3
362 0
363 1
364 1
365 1
366 0
367 0
368 0
369 0
370 0
371 0
372 1
373 2
374 0
375 1
376 1
377 2
378 0
379 1
380 0
381 1
382 1
383 0
384 1
385 0
386 0
387 0
388 0
389 0
390 0
391 3
392 0
393 1
394 1
395 0
396 3
397 2
398 2
399 1
400 0
401 3
402 1
403 2
404 1
405 1
406 1
407 0
408 1
409 1
410 1
411 3
412 1
413 1
414 1
415 1
416 2
417 2
418 3
419 2
420 4
421 2
422 2
423 2
424 1
425 1
426 2
427 2
428 2
429 2
430 1
431 4
432 1
433 2
434 1
435 2
436 1
437 0
438 2
439 1
440 1
441 2
442 0
443 1
444 1
445 0
446 0
447 0
448 0
449 0
450 0
451 2
452 3
453 0
454 1
455 1
456 0
457 1
458 1
459 0
460 1
461 1
462 0
463 0
464 2
465 0
466 1
467 1
468 2
469 0
470 2
471 1
472 0
473 3
474 0
475 0
476 0
477 0
478 0
479 2
480 1
481 1
482 0
483 2
484 0
485 0
486 0
487 0
488 0
489 2
490 1
491 0
492 2
493 1
494 3
495 1
496 1
497 1
498 1
499 1
500 1
501 2
502 0
503 0
504 0
505 0
506 2
507 0
508 1
509 0
510 0
511 2
512 0
513 0
514 1
515 1
516 0
517 0
518 0
519 1
520 1
521 1
522 0
523 1
524 2
525 3
526 3
527 1
528 2
529 3
530 3
531 3
532 4
533 3
534 2
535 2
536 1
537 3
538 2
539 2
540 3
541 1
542 2
543 3
544 0
545 1
546 2
547 1
548 4
549 2
550 1
551 2
552 2
553 2
554 2
555 2
556 1
557 2
558 1
559 3
560 1
561 1
562 2
563 3
564 1
565 1
566 2
567 1
568 3
569 1
570 1
571 0
572 0
573 1
574 1
575 0
576 0
577 0
578 0
579 0
580 0
581 0
582 0
583 2
584 0
585 1
586 0
587 0
588 0
589 0
590 0
591 0
592 0
593 0
594 0
595 1
596 0
597 1
598 1
599 1
600 1
601 1
602 0
603 0
604 1
605 2
606 2
607 1
608 2
609 0
610 0
611 0
612 0
613 0
614 0
615 0
616 0
617 0
618 0
619 0
620 0
621 0
622 0
623 0
624 0
625 0
626 0
627 0
628 0
629 0
630 0
631 0
632 0
633 0
634 0
635 0
636 0
637 0
638 0
639 0
640 0
641 0
642 0
643 0
644 0
645 0
646 0
647 0
648 0
649 0
650 0
651 0
652 0
653 0
654 0
655 0
656 0
657 0
658 0
659 0
660 0
661 0
662 0
663 0
664 0
665 0
666 0
667 0
668 0
669 0
670 0
671 0
672 0
673 0
674 0
675 0
676 0
677 0
678 0
679 0
680 0
681 0
682 0
683 0
684 0
685 0
686 0
687 0
688 0
689 0
690 0
691 0
692 0
693 0
694 0
695 0
696 0
697 0
698 0
699 0
700 0
701 0
702 0
703 0
704 0
705 0
706 0
707 0
708 0
709 0
710 0
711 0
712 0
713 0
714 0
715 0
716 0
717 0
718 0
719 0
720 0
721 0
722 0
723 0
724 0
725 0
726 0
727 0
728 0
729 0
730 0
731 0
732 0
733 0
734 0
735 0
736 0
737 0
738 0
739 0
740 0
741 0
742 0
743 0
744 0
745 0
746 0
747 0
748 0
749 0
750 0
751 0
752 0
753 0
754 0
755 0
756 0
757 0
758 0
759 0
760 0
761 0
762 0
763 0
764 0
765 0
766 0
767 0
768 0
769 0
770 0
771 0
772 0
773 0
774 0
775 0
776 0
777 0
778 0
779 0
780 0
781 0
782 0
783 0
784 0
785 0
786 0
787 0
788 0
789 0
790 0
791 0
792 0
793 0
794 0
795 0
796 0
797 0
798 0
799 0
800 0
801 0
802 0
803 0
804 0
805 0
806 0
807 0
808 0
809 0
810 0
811 0
812 0
813 0
814 0
815 0
816 0
817 0
818 0
819 0
820 0
821 0
822 0
823 0
824 0
825 0
826 0
827 0
828 0
829 0
830 0
831 0
832 0
833 0
834 0
835 0
836 0
837 0
838 0
839 0
840 0
841 0
842 0
843 0
844 0
845 0
846 0
847 0
848 0
849 0
850 0
851 0
852 0
853 0
854 0
855 0
856 0
857 0
858 0
859 0
860 0
861 0
862 0
863 0
864 0
865 0
866 0
867 0
868 0
869 0
870 0
871 0
872 0
873 0
874 0
875 0
876 0
877 0
878 0
879 0
880 0
881 0
882 0
883 0
884 0
885 0
886 0
887 0
888 0
889 0
890 0
891 0
892 0
893 0
894 0
895 0
896 0
897 0
898 0
899 0
900 0
901 0
902 0
903 0
904 0
905 0
906 0
907 0
908 0
909 0
910 0
911 0
912 0
913 0
914 0
915 0
916 0
917 0
918 0
919 0
920 0
921 0
922 0
923 0
924 0
925 0
926 0
927 0
928 0
929 0
930 0
931 0
932 0
933 0
934 0
935 0
936 0
937 0
938 0
939 0
940 0
941 0
942 0
943 0
944 0
945 0
946 0
947 0
948 0
949 0
950 0
951 0
952 1
953 2
954 0
955 0
956 0
957 0
958 0
959 0
960 0
961 0
962 0
963 0
964 0
965 0
966 0
967 0
968 0
969 0
970 0
971 0
972 0
973 0
974 0
975 0
976 0
977 0
978 0
979 0
980 0
981 0
982 0
983 0
984 0
985 0
986 0
987 0
988 0
989 0
990 0
991 0
992 0
993 0
994 0
995 0
996 0
997 0
998 0
999 0
1000 0
1001 0
1002 0
1003 0
1004 0
1005 0
1006 0
1007 0
1008 0
1009 0
1010 0
1011 0
1012 0
1013 0
1014 0
1015 0
1016 0
1017 0
1018 0
1019 0
1020 0
1021 0
1022 0
1023 0
1024 0
1025 0
1026 0
1027 0
1028 0
1029 0
1030 0
1031 0
1032 0
1033 0
1034 0
1035 0
1036 0
1037 0
1038 0
1039 0
1040 0
1041 0
1042 0
1043 0
1044 0
1045 0
1046 0
1047 0
1048 0
1049 0
1050 0
1051 0
1052 0
1053 0
1054 0
1055 0
1056 0
1057 0
1058 0
1059 0
1060 0
1061 0
1062 0
1063 0
1064 0
1065 0
1066 0
1067 0
1068 0
1069 0
1070 0
1071 0
1072 0
1073 0
1074 0
1075 0
1076 0
1077 0
1078 0
1079 0
1080 0
1081 0
1082 0
1083 0
1084 0
1085 0
1086 0
1087 0
1088 0
1089 0
1090 0
1091 0
1092 0
1093 0
1094 0
1095 0
1096 0
1097 0
1098 0
1099 0
1100 0
1101 0
1102 0
1103 0
1104 0
1105 0
1106 0
1107 0
1108 0
1109 0
1110 0
1111 0
1112 0
1113 0
1114 0
1115 0
1116 0
1117 0
1118 0
1119 0
1120 0
1121 0
1122 0
1123 1
1124 2
1125 0
1126 0
1127 0
1128 0
1129 0
1130 0
1131 0
1132 0
1133 0
1134 0
1135 0
1136 0
1137 0
1138 0
1139 0
1140 0
1141 1
1142 0
1143 1
1144 1
1145 1
1146 0
1147 0
1148 4
1149 2
1150 0
1151 0
1152 3
1153 2
1154 1
1155 1
1156 0
1157 1
1158 2
1159 0
1160 1
1161 0
1162 1
1163 0
1164 1
1165 0
1166 1
1167 1
1168 1
1169 2
1170 1
1171 1
1172 0
1173 1
1174 0
1175 1
1176 1
1177 1
1178 0
1179 1
1180 2
1181 2
1182 1
1183 1
1184 2
1185 0
1186 1
1187 0
1188 1
1189 1
1190 2
1191 0
1192 0
1193 1
1194 1
1195 2
1196 1
1197 0
1198 0
1199 0
1200 1
1201 2
1202 1
1203 0
1204 1
1205 0
1206 1
1207 1
1208 0
1209 0
1210 1
1211 0
1212 1
1213 0
1214 1
1215 1
1216 2
1217 2
1218 1
1219 2
1220 3
1221 2
1222 3
1223 0
1224 1
1225 1
1226 1
1227 0
1228 0
1229 0
1230 1
1231 1
1232 0
1233 1
1234 0
1235 0
1236 0
1237 1
1238 1
1239 1
1240 1
1241 1
1242 0
1243 2
1244 0
1245 0
1246 0
1247 0
1248 1
1249 1
1250 1
1251 1
1252 1
1253 1
1254 0
1255 1
1256 1
1257 0
1258 2
1259 2
1260 1
1261 2
1262 1
1263 2
1264 2
1265 1
1266 1
1267 1
1268 1
1269 1
1270 2
1271 2
1272 3
1273 0
1274 1
1275 1
1276 3
1277 2
1278 2
1279 2
1280 1
1281 2
1282 2
1283 0
1284 1
1285 3
1286 1
1287 3
1288 1
1289 2
1290 1
1291 1
1292 2
1293 1
1294 2
1295 1
1296 2
1297 1
1298 0
1299 0
1300 2
1301 0
1302 0
1303 3
1304 2
1305 1
1306 0
1307 1
1308 0
1309 2
1310 1
1311 1
1312 1
1313 0
1314 0
1315 2
1316 0
1317 1
1318 1
1319 0
1320 1
1321 0
1322 2
1323 1
1324 0
1325 0
1326 1
1327 0
1328 0
1329 0
1330 1
1331 1
1332 1
1333 0
1334 1
1335 0
1336 1
1337 0
1338 0
1339 0
1340 0
1341 0
1342 0
1343 0
1344 3
1345 3
1346 2
1347 1
1348 1
1349 0
1350 1
1351 3
1352 3
1353 4
1354 3
1355 2
1356 2
1357 2
1358 3
1359 3
1360 2
1361 3
1362 3
1363 2
1364 3
1365 4
1366 2
1367 2
1368 2
1369 2
1370 4
1371 3
1372 4
1373 2
1374 2
1375 2
1376 0
1377 2
1378 3
1379 2
1380 1
1381 2
1382 3
1383 3
1384 2
1385 2
1386 3
1387 2
1388 2
1389 3
1390 1
1391 0
1392 0
1393 1
1394 1
1395 0
1396 0
1397 0
1398 0
1399 0
1400 1
1401 3
1402 1
1403 2
1404 1
1405 1
1406 0
1407 1
1408 1
1409 1
1410 1
1411 1
1412 2
1413 2
1414 2
1415 4
1416 2
1417 1
1418 0
1419 1
1420 1
1421 1
1422 0
1423 0
1424 2
1425 0
1426 0
1427 3
1428 3
1429 3
1430 4
1431 1
1432 0
1433 1
1434 2
1435 1
1436 1
1437 1
1438 1
1439 0
1440 0
1441 2
1442 0
1443 3
1444 1
1445 1
1446 1
1447 1
1448 1
1449 3
1450 1
1451 2
1452 0
1453 1
1454 1
1455 3
1456 1
1457 1
1458 2
1459 1
1460 1
1461 1
1462 2
1463 3
1464 3
1465 1
1466 2
1467 1
1468 2
1469 3
1470 2
1471 1
1472 1
1473 1
1474 1
1475 1
1476 0
1477 1
1478 1
1479 0
1480 2
1481 1
1482 1
1483 0
1484 1
1485 1
1486 1
1487 1
1488 1
1489 1
1490 1
1491 2
1492 2
1493 0
1494 1
1495 3
1496 2
1497 0
1498 0
1499 3
1500 0
1501 2
1502 2
1503 2
1504 1
1505 3
1506 3
1507 1
1508 2
1509 2
1510 3
1511 1
1512 1
1513 1
1514 1
1515 2
1516 2
1517 1
1518 2
1519 1
1520 1
1521 2
1522 1
1523 1
1524 1
1525 1
1526 2
1527 2
1528 2
1529 2
1530 1
1531 1
1532 2
1533 1
1534 1
1535 1
1536 0
1537 0
1538 1
1539 0
1540 0
1541 0
1542 0
1543 0
1544 0
1545 0
1546 0
1547 0
1548 0
1549 2
1550 0
1551 1
1552 0
1553 0
1554 0
1555 1
1556 0
1557 0
1558 0
1559 0
1560 0
1561 0
1562 0
1563 0
1564 1
1565 0
1566 0
1567 0
1568 0
1569 0
1570 0
1571 1
1572 0
1573 1
1574 0
1575 1
1576 1
1577 1
1578 1
1579 1
1580 2
1581 2
1582 2
1583 2
1584 2
1585 1
1586 1
1587 1
1588 0
1589 2
1590 3
1591 1
1592 1
1593 1
1594 2
1595 1
1596 0
1597 0
1598 1
1599 3
1600 0
1601 0
1602 0
1603 2
1604 1
1605 0
1606 0
1607 0
1608 0
1609 3
1610 1
1611 0
1612 0
1613 0
1614 0
1615 0
1616 2
1617 2
1618 1
1619 3
1620 2
1621 2
1622 1
1623 3
1624 2
1625 2
1626 2
1627 2
1628 2
1629 1
1630 1
1631 1
1632 2
1633 0
1634 0
1635 2
1636 0
1637 0
1638 0
1639 1
1640 2
1641 1
1642 0
1643 0
1644 0
1645 0
1646 0
1647 0
1648 0
1649 0
1650 0
1651 1
1652 0
1653 0
1654 0
1655 0
1656 0
1657 0
1658 1
1659 0
1660 1
1661 1
1662 1
1663 2
1664 0
1665 1
1666 0
1667 2
1668 1
1669 1
1670 1
1671 1
1672 2
1673 1
1674 1
1675 1
1676 0
1677 0
1678 0
1679 0
1680 1
1681 0
1682 2
1683 1
1684 0
1685 0
1686 0
1687 1
1688 1
1689 0
1690 2
1691 2
1692 0
1693 1
1694 1
1695 1
1696 0
1697 1
1698 0
1699 1
1700 1
1701 1
1702 1
1703 0
1704 0
1705 0
1706 2
1707 1
1708 1
1709 1
1710 1
1711 3
1712 1
1713 1
1714 1
1715 1
1716 2
1717 1
1718 2
1719 2
1720 1
1721 2
1722 2
1723 1
1724 1
1725 1
1726 0
1727 1
1728 1
1729 1
1730 1
1731 2
1732 2
1733 1
1734 2
1735 1
1736 1
1737 0
1738 1
1739 1
1740 0
1741 2
1742 1
1743 1
1744 1
1745 1
1746 0
1747 0
1748 0
1749 0
1750 0
1751 0
1752 2
1753 2
1754 2
1755 0
1756 1
1757 0
1758 1
1759 0
1760 0
1761 0
1762 1
1763 0
1764 0
1765 0
1766 0
1767 0
1768 0
1769 0
1770 2
1771 2
1772 0
1773 1
1774 0
1775 2
1776 1
1777 0
1778 0
1779 0
1780 1
1781 1
1782 1
1783 0
1784 0
1785 1
1786 2
1787 0
1788 0
1789 0
1790 0
1791 0
1792 1
1793 0
1794 1
1795 0
1796 1
1797 1
1798 0
1799 1
1800 1
1801 1
1802 1
1803 1
1804 1
1805 2
1806 1
1807 1
1808 1
1809 1
1810 2
1811 1
1812 1
1813 0
1814 0
1815 0
1816 0
1817 1
1818 0
1819 1
1820 1
1821 0
1822 0
1823 1
1824 1
1825 2
1826 2
1827 1
1828 2
1829 1
1830 1
1831 0
1832 2
1833 2
1834 1
1835 1
1836 0
1837 2
1838 2
1839 4
1840 2
1841 1
1842 1
1843 2
1844 1
1845 1
1846 2
1847 1
1848 0
1849 1
1850 1
1851 1
1852 1
1853 2
1854 2
1855 1
1856 0
1857 2
1858 1
1859 1
1860 1
1861 0
1862 1
1863 1
1864 1
1865 1
1866 0
1867 3
1868 0
1869 3
1870 2
1871 1
1872 3
1873 1
1874 2
1875 2
1876 1
1877 1
1878 1
1879 0
1880 1
1881 3
1882 0
1883 2
1884 1
1885 2
1886 2
1887 2
1888 1
1889 1
1890 1
1891 2
1892 1
1893 2
1894 2
1895 2
1896 0
1897 1
1898 1
1899 2
1900 1
1901 0
1902 1
1903 1
1904 2
1905 1
1906 1
1907 1
1908 2
1909 1
1910 1
1911 0
1912 2
1913 1
1914 0
1915 0
1916 0
1917 1
1918 1
1919 3
1920 2
1921 1
1922 0
1923 2
1924 1
1925 2
1926 1
1927 2
1928 2
1929 1
1930 2
1931 1
1932 1
1933 1
1934 1
1935 2
1936 1
1937 0
1938 2
1939 2
1940 1
1941 2
1942 2
1943 2
1944 3
1945 1
1946 3
1947 3
1948 2
1949 1
1950 1
1951 1
1952 2
1953 4
1954 2
1955 1
1956 2
1957 2
1958 1
1959 1
1960 1
1961 1
1962 1
1963 1
1964 3
1965 1
1966 2
1967 2
1968 2
1969 1
1970 0
1971 1
1972 1
1973 0
1974 2
1975 2
1976 1
1977 2
1978 0
1979 1
1980 2
1981 3
1982 1
1983 0
1984 1
1985 2
1986 1
1987 2
1988 2
1989 2
1990 2
1991 2
1992 1
1993 1
1994 2
1995 1
1996 1
1997 2
1998 0
1999 1
