0 0
1 0
2 0
3 0
4 0
5 0
6 0
7 0
8 0
9 0
10 0
11 0
12 0
13 0
14 0
15 0
16 0
17 0
18 0
19 0
20 0
21 0
22 0
23 0
24 0
25 0
26 0
27 0
28 0
29 0
30 0
31 0
32 0
33 0
34 0
35 0
36 0
37 0
38 0
39 0
40 0
41 0
42 0
43 0
44 0
45 0
46 0
47 0
48 0
49 0
50 0
51 0
52 0
53 0
54 0
55 0
56 0
57 0
58 0
59 0
60 0
61 0
62 0
63 0
64 0
65 0
66 0
67 0
68 0
69 0
70 0
71 0
72 0
73 0
74 0
75 0
76 0
77 0
78 0
79 0
80 0
81 0
82 0
83 0
84 0
85 0
86 0
87 0
88 0
89 0
90 0
91 0
92 0
93 0
94 0
95 0
96 0
97 0
98 0
99 0
100 0
101 0
102 0
103 0
104 0
105 0
106 0
107 0
108 0
109 0
110 0
111 0
112 0
113 0
114 0
115 0
116 0
117 0
118 0
119 0
120 0
121 0
122 0
123 0
124 0
125 0
126 0
127 0
128 0
129 0
130 0
131 0
132 0
133 0
134 0
135 0
136 0
137 0
138 0
139 0
140 0
141 0
142 0
143 0
144 0
145 0
146 0
147 0
148 0
149 0
150 0
151 0
152 0
153 0
154 0
155 0
156 0
157 0
158 0
159 0
160 0
161 0
162 0
163 0
164 0
165 0
166 0
167 0
168 0
169 0
170 0
171 0
172 0
173 0
174 0
175 0
176 0
177 0
178 0
179 0
180 0
181 0
182 0
183 0
184 0
185 0
186 0
187 0
188 0
189 0
190 0
191 0
192 0
193 0
194 0
195 0
196 0
197 0
198 0
199 0
200 0
201 0
202 0
203 0
204 0
205 0
206 0
207 0
208 0
209 0
210 0
211 0
212 0
213 0
214 0
215 0
216 0
217 0
218 0
219 0
220 0
221 0
222 0
223 0
224 0
225 0
226 0
227 0
228 0
229 0
230 0
231 0
232 0
233 0
234 0
235 0
236 0
237 0
238 0
239 0
240 0
241 0
242 0
243 0
244 0
245 0
246 0
247 0
248 0
249 0
250 0
251 0
252 0
253 0
254 0
255 0
256 0
257 0
258 0
259 0
260 0
261 0
262 0
263 0
264 0
265 0
266 0
267 0
268 0
269 0
270 0
271 0
272 0
273 0
274 0
275 0
276 0
277 0
278 0
279 0
280 0
281 0
282 0
283 0
284 0
285 0
286 0
287 0
288 0
289 0
290 0
291 0
292 0
293 0
294 0
295 0
296 0
297 0
298 0
299 0
300 0
301 0
302 0
303 0
304 0
305 0
306 0
307 0
308 0
309 0
310 0
311 0
312 0
313 0
314 0
315 0
316 0
317 0
318 0
319 0
320 0
321 0
322 0
323 0
324 0
325 0
326 0
327 0
328 0
329 0
330 0
331 0
332 0
333 0
334 0
335 0
336 0
337 0
338 0
339 0
340 0
341 0
342 0
343 0
344 0
345 0
346 0
347 0
348 0
349 0
350 0
351 0
352 0
353 0
354 0
355 0
356 0
357 0
358 0
359 0
360 0
361 0
362 0
363 0
364 0
365 0
366 0
367 0
368 0
369 0
370 0
371 0
372 0
373 0
374 0
375 0
376 0
377 0
378 0
379 0
380 0
381 0
382 0
383 0
384 0
385 0
386 0
387 0
388 0
389 0
390 0
391 0
392 0
393 0
394 0
395 0
396 0
397 0
398 0
399 0
400 0
401 0
402 0
403 0
404 0
405 0
406 0
407 0
408 0
409 0
410 0
411 0
412 0
413 0
414 0
415 0
416 0
417 0
418 0
419 0
420 0
421 0
422 0
423 0
424 0
425 0
426 0
427 0
428 0
429 0
430 0
431 0
432 0
433 0
434 0
435 0
436 0
437 0
438 0
439 0
440 0
441 0
442 0
443 0
444 0
445 0
446 0
447 0
448 0
449 0
450 0
451 0
452 0
453 0
454 0
455 0
456 0
457 0
458 0
459 0
460 0
461 0
462 0
463 0
464 0
465 0
466 0
467 0
468 0
469 0
470 0
471 0
472 0
473 0
474 0
475 0
476 0
477 0
478 0
479 0
480 0
481 0
482 0
483 0
484 0
485 0
486 0
487 0
488 0
489 0
490 0
491 0
492 0
493 0
494 0
495 0
496 0
497 0
498 0
499 0
500 0
501 0
502 0
503 0
504 0
505 0
506 0
507 0
508 0
509 0
510 0
511 0
512 0
513 0
514 0
515 0
516 0
517 0
518 0
519 0
520 0
521 0
522 0
523 0
524 0
525 0
526 0
527 0
528 0
529 0
530 0
531 0
532 0
533 0
534 0
535 0
536 0
537 0
538 0
539 0
540 0
541 0
542 0
543 0
544 0
545 0
546 0
547 0
548 0
549 0
550 0
551 0
552 0
553 0
554 0
555 0
556 0
557 0
558 0
559 0
560 0
561 0
562 0
563 0
564 0
565 0
566 0
567 0
568 0
569 0
570 0
571 0
572 0
573 0
574 0
575 0
576 0
577 0
578 0
579 0
580 0
581 0
582 0
583 0
584 0
585 0
586 0
587 0
588 0
589 0
590 0
591 0
592 0
593 0
594 0
595 0
596 0
597 0
598 0
599 0
600 0
601 0
602 0
603 0
604 0
605 0
606 0
607 0
608 0
609 0
610 0
611 0
612 0
613 0
614 0
615 0
616 0
617 0
618 0
619 0
620 0
621 0
622 0
623 0
624 0
625 0
626 0
627 0
628 0
629 0
630 0
631 0
632 0
633 0
634 0
635 0
636 0
637 0
638 0
639 0
640 0
641 0
642 0
643 0
644 0
645 0
646 0
647 0
648 0
649 0
650 0
651 0
652 0
653 0
654 0
655 0
656 0
657 0
658 0
659 0
660 0
661 0
662 0
663 0
664 0
665 0
666 0
667 0
668 0
669 0
670 0
671 0
672 0
673 0
674 0
675 0
676 0
677 0
678 0
679 0
680 0
681 0
682 0
683 0
684 0
685 0
686 0
687 0
688 0
689 0
690 0
691 0
692 0
693 0
694 0
695 0
696 0
697 0
698 0
699 0
700 0
701 0
702 0
703 0
704 0
705 0
706 0
707 0
708 0
709 0
710 0
711 0
712 0
713 0
714 0
715 0
716 0
717 0
718 0
719 0
720 0
721 0
722 0
723 0
724 0
725 0
726 0
727 0
728 0
729 0
730 0
731 0
732 0
733 0
734 0
735 0
736 0
737 0
738 0
739 0
740 0
741 0
742 0
743 0
744 0
745 0
746 0
747 0
748 0
749 0
750 0
751 0
752 0
753 0
754 0
755 0
756 0
757 0
758 0
759 0
760 0
761 0
762 0
763 0
764 0
765 0
766 0
767 0
768 0
769 0
770 0
771 0
772 0
773 0
774 0
775 0
776 0
777 0
778 0
779 0
780 0
781 0
782 0
783 0
784 0
785 0
786 0
787 0
788 0
789 0
790 0
791 0
792 0
793 0
794 0
795 0
796 0
797 0
798 0
799 1
800 0
801 0
802 0
803 0
804 0
805 0
806 0
807 0
808 0
809 0
810 0
811 0
812 0
813 0
814 0
815 0
816 0
817 0
818 1
819 0
820 0
821 0
822 0
823 0
824 0
825 0
826 0
827 0
828 0
829 0
830 0
831 0
832 0
833 0
834 0
835 0
836 0
837 0
838 0
839 0
840 0
841 0
842 0
843 0
844 0
845 0
846 0
847 0
848 0
849 0
850 0
851 0
852 0
853 0
854 0
855 0
856 0
857 0
858 0
859 0
860 0
861 0
862 0
863 0
864 0
865 0
866 0
867 0
868 0
869 0
870 0
871 0
872 0
873 0
874 0
875 0
876 0
877 0
878 0
879 0
880 0
881 0
882 0
883 0
884 0
885 0
886 0
887 0
888 0
889 0
890 0
891 0
892 0
893 0
894 0
895 0
896 0
897 0
898 0
899 0
900 0
901 0
902 0
903 0
904 0
905 0
906 0
907 0
908 0
909 0
910 0
911 0
912 0
913 0
914 0
915 0
916 0
917 0
918 0
919 0
920 0
921 0
922 0
923 0
924 0
925 0
926 0
927 0
928 0
929 0
930 0
931 0
932 0
933 0
934 0
935 0
936 0
937 0
938 0
939 0
940 0
941 0
942 0
943 0
944 0
945 0
946 0
947 0
948 0
949 0
950 0
951 0
952 0
953 0
954 0
955 0
956 0
957 0
958 0
959 0
960 0
961 0
962 0
963 0
964 0
965 0
966 0
967 0
968 0
969 0
970 0
971 0
972 2
973 2
974 3
975 2
976 2
977 2
978 2
979 2
980 2
981 2
982 2
983 2
984 1
985 1
986 2
987 2
988 3
989 2
990 2
991 2
992 1
993 2
994 2
995 2
996 1
997 2
998 2
999 3
1000 1
1001 1
1002 1
1003 1
1004 2
1005 2
1006 1
1007 1
1008 2
1009 1
1010 2
1011 2
1012 2
1013 2
1014 1
1015 2
1016 2
1017 2
1018 2
1019 2
1020 2
1021 2
1022 2
1023 2
1024 2
1025 2
1026 0
1027 2
1028 2
1029 2
1030 2
1031 2
1032 2
1033 1
1034 2
1035 2
1036 2
1037 2
1038 2
1039 1
1040 2
1041 3
1042 2
1043 2
1044 1
1045 2
1046 2
1047 2
1048 2
1049 2
1050 2
1051 2
1052 2
1053 2
1054 2
1055 2
1056 2
1057 1
1058 2
1059 2
1060 2
1061 2
1062 2
1063 1
1064 2
1065 2
1066 1
1067 1
1068 1
1069 2
1070 2
1071 2
1072 2
1073 2
1074 2
1075 2
1076 2
1077 2
1078 1
1079 2
1080 1
1081 2
1082 2
1083 2
1084 1
1085 2
1086 2
1087 2
1088 2
1089 2
1090 2
1091 1
1092 2
1093 2
1094 1
1095 2
1096 2
1097 2
1098 2
1099 2
1100 1
1101 2
1102 1
1103 2
1104 2
1105 2
1106 1
1107 1
1108 2
1109 2
1110 1
1111 1
1112 2
1113 2
1114 0
1115 1
1116 1
1117 2
1118 1
1119 1
1120 1
1121 1
1122 1
1123 1
1124 2
1125 2
1126 1
1127 2
1128 2
1129 2
1130 2
1131 2
1132 1
1133 2
1134 2
1135 2
1136 2
1137 1
1138 1
1139 3
1140 1
1141 3
1142 0
1143 1
1144 2
1145 2
1146 2
1147 1
1148 2
1149 2
1150 1
1151 1
1152 2
1153 2
1154 2
1155 2
1156 2
1157 1
1158 2
1159 1
1160 2
1161 1
1162 2
1163 2
1164 2
1165 2
1166 1
1167 2
1168 1
1169 1
1170 2
1171 2
1172 2
1173 2
1174 1
1175 2
1176 1
1177 1
1178 2
1179 2
1180 3
1181 1
1182 0
1183 2
1184 2
1185 2
1186 2
1187 1
1188 2
1189 0
1190 2
1191 1
1192 3
1193 1
1194 1
1195 2
1196 2
1197 1
1198 1
1199 2
1200 1
1201 2
1202 2
1203 1
1204 2
1205 2
1206 2
1207 1
1208 2
1209 2
1210 1
1211 2
1212 1
1213 1
1214 0
1215 0
1216 1
1217 1
1218 1
1219 2
1220 1
1221 1
1222 3
1223 2
1224 2
1225 1
1226 2
1227 2
1228 1
1229 2
1230 3
1231 2
1232 1
1233 2
1234 1
1235 2
1236 1
1237 2
1238 2
1239 2
1240 1
1241 3
1242 1
1243 3
1244 2
1245 2
1246 1
1247 2
1248 2
1249 2
1250 1
1251 2
1252 1
1253 1
1254 1
1255 2
1256 2
1257 2
1258 1
1259 2
1260 2
1261 2
1262 2
1263 1
1264 2
1265 2
1266 1
1267 2
1268 2
1269 2
1270 2
1271 2
1272 2
1273 2
1274 2
1275 2
1276 1
1277 2
1278 1
1279 1
1280 1
1281 1
1282 2
1283 1
1284 0
1285 0
1286 0
1287 0
1288 0
1289 1
1290 2
1291 2
1292 1
1293 0
1294 2
1295 2
1296 0
1297 2
1298 1
1299 2
1300 0
1301 0
1302 1
1303 2
1304 2
1305 1
1306 2
1307 2
1308 0
1309 1
1310 2
1311 2
1312 2
1313 2
1314 2
1315 2
1316 2
1317 2
1318 2
1319 2
1320 1
1321 0
1322 2
1323 2
1324 2
1325 2
1326 2
1327 3
1328 1
1329 1
1330 2
1331 1
1332 1
1333 2
1334 1
1335 2
1336 1
1337 2
1338 1
1339 2
1340 1
1341 1
1342 2
1343 1
1344 2
1345 2
1346 3
1347 1
1348 1
1349 0
1350 1
1351 1
1352 2
1353 1
1354 1
1355 1
1356 1
1357 1
1358 2
1359 0
1360 0
1361 1
1362 0
1363 1
1364 0
1365 1
1366 2
1367 2
1368 1
1369 2
1370 2
1371 1
1372 0
1373 0
1374 1
1375 1
1376 0
1377 0
1378 0
1379 0
1380 1
1381 2
1382 1
1383 2
1384 0
1385 2
1386 2
1387 1
1388 0
1389 0
1390 0
1391 0
1392 0
1393 0
1394 0
1395 0
1396 0
1397 2
1398 0
1399 1
1400 1
1401 1
1402 0
1403 1
1404 2
1405 0
1406 2
1407 0
1408 1
1409 2
1410 2
1411 2
1412 0
1413 2
1414 2
1415 1
1416 2
1417 2
1418 1
1419 2
1420 2
1421 2
1422 0
1423 0
1424 1
1425 1
1426 2
1427 2
1428 1
1429 0
1430 0
1431 0
1432 0
1433 0
1434 2
1435 1
1436 1
1437 2
1438 2
1439 1
1440 1
1441 2
1442 1
1443 2
1444 1
1445 1
1446 2
1447 2
1448 2
1449 2
1450 2
1451 2
1452 2
1453 2
1454 2
1455 2
1456 2
1457 2
1458 1
1459 2
1460 2
1461 2
1462 1
1463 2
1464 2
1465 2
1466 1
1467 2
1468 1
1469 2
1470 2
1471 2
1472 2
1473 1
1474 2
1475 2
1476 1
1477 2
1478 2
1479 2
1480 2
1481 1
1482 2
1483 2
1484 2
1485 1
1486 1
1487 2
1488 1
1489 2
1490 2
1491 1
1492 2
1493 2
1494 2
1495 1
1496 1
1497 2
1498 2
1499 2
1500 2
1501 2
1502 2
1503 2
1504 2
1505 1
1506 2
1507 2
1508 2
1509 2
1510 2
1511 2
1512 1
1513 2
1514 1
1515 2
1516 2
1517 2
1518 2
1519 2
1520 1
1521 2
1522 1
1523 2
1524 2
1525 2
1526 2
1527 2
1528 2
1529 2
1530 1
1531 1
1532 2
1533 2
1534 2
1535 2
1536 2
1537 0
1538 2
1539 2
1540 1
1541 2
1542 2
1543 2
1544 2
1545 1
1546 2
1547 2
1548 2
1549 1
1550 2
1551 2
1552 2
1553 1
1554 2
1555 2
1556 2
1557 2
1558 1
1559 2
1560 2
1561 2
1562 2
1563 2
1564 2
1565 2
1566 2
1567 1
1568 2
1569 2
1570 2
1571 2
1572 1
1573 2
1574 2
1575 2
1576 2
1577 2
1578 1
1579 1
1580 1
1581 2
1582 2
1583 2
1584 1
1585 2
1586 1
1587 2
1588 2
1589 2
1590 2
1591 2
1592 2
1593 2
1594 2
1595 1
1596 2
1597 2
1598 1
1599 2
1600 2
1601 1
1602 2
1603 1
1604 2
1605 2
1606 2
1607 1
1608 2
1609 2
1610 2
1611 2
1612 2
1613 1
1614 2
1615 1
1616 2
1617 2
1618 2
1619 2
1620 2
1621 2
1622 2
1623 2
1624 2
1625 2
1626 2
1627 2
1628 1
1629 2
1630 1
1631 1
1632 2
1633 2
1634 1
1635 2
1636 1
1637 2
1638 2
1639 2
1640 2
1641 2
1642 2
1643 2
1644 2
1645 2
1646 2
1647 2
1648 2
1649 2
1650 2
1651 1
1652 2
1653 2
1654 2
1655 2
1656 2
1657 1
1658 2
1659 2
1660 2
1661 2
1662 2
1663 2
1664 1
1665 2
1666 2
1667 2
1668 2
1669 2
1670 2
1671 2
1672 1
1673 2
1674 2
1675 1
1676 1
1677 2
1678 1
1679 2
1680 2
1681 2
1682 2
1683 2
1684 1
1685 2
1686 2
1687 2
1688 2
1689 1
1690 2
1691 2
1692 2
1693 2
1694 2
1695 1
1696 2
1697 2
1698 2
1699 2
1700 2
1701 2
1702 2
1703 1
1704 1
1705 2
1706 2
1707 2
1708 2
1709 2
1710 2
1711 2
1712 2
1713 2
1714 1
1715 1
1716 1
1717 2
1718 2
1719 1
1720 2
1721 2
1722 1
1723 1
1724 2
1725 1
1726 1
1727 1
1728 1
1729 1
1730 1
1731 2
1732 2
1733 1
1734 2
1735 2
1736 2
1737 1
1738 1
1739 1
1740 1
1741 1
1742 1
1743 1
1744 1
1745 2
1746 1
1747 2
1748 2
1749 2
1750 1
1751 2
1752 2
1753 2
1754 2
1755 2
1756 2
1757 2
1758 2
1759 1
1760 2
1761 2
1762 1
1763 2
1764 2
1765 2
1766 1
1767 2
1768 2
1769 2
1770 2
1771 1
1772 2
1773 2
1774 2
1775 2
1776 2
1777 2
1778 2
1779 2
1780 2
1781 2
1782 2
1783 2
1784 2
1785 2
1786 2
1787 2
1788 2
1789 2
1790 1
1791 2
1792 2
1793 2
1794 2
1795 2
1796 2
1797 2
1798 2
1799 2
1800 2
1801 2
1802 2
1803 2
1804 2
1805 2
1806 2
1807 2
1808 2
1809 2
1810 2
1811 2
1812 1
1813 2
1814 2
1815 2
1816 1
1817 2
1818 1
1819 2
1820 0
1821 1
1822 1
1823 2
1824 2
1825 2
1826 2
1827 2
1828 2
1829 2
1830 1
1831 1
1832 2
1833 2
1834 2
1835 1
1836 2
1837 2
1838 2
1839 2
1840 0
1841 0
1842 0
1843 0
1844 0
1845 0
1846 0
1847 0
1848 0
1849 0
1850 1
1851 0
1852 0
1853 0
1854 0
1855 0
1856 0
1857 0
1858 0
1859 0
1860 0
1861 0
1862 0
1863 0
1864 0
1865 0
1866 0
1867 0
1868 0
1869 0
1870 0
1871 0
1872 0
1873 0
1874 0
1875 0
1876 0
1877 0
1878 0
1879 0
1880 1
1881 0
1882 0
1883 0
1884 0
1885 0
1886 0
1887 0
1888 0
1889 0
1890 0
1891 0
1892 0
1893 0
1894 0
1895 0
1896 0
1897 2
1898 2
1899 1
1900 1
1901 2
1902 2
1903 3
1904 2
1905 2
1906 2
1907 2
1908 2
1909 2
1910 2
1911 2
1912 1
1913 2
1914 1
1915 1
1916 1
1917 1
1918 1
1919 1
1920 1
1921 1
1922 1
1923 1
1924 1
1925 1
1926 1
1927 2
1928 1
1929 1
1930 1
1931 1
1932 2
1933 2
1934 1
1935 2
1936 1
1937 1
1938 1
1939 2
1940 2
1941 2
1942 2
1943 2
1944 1
1945 1
1946 3
1947 1
1948 2
1949 1
1950 2
1951 2
1952 2
1953 2
1954 1
1955 1
1956 2
1957 2
1958 2
1959 2
1960 2
1961 1
1962 2
1963 1
1964 2
1965 2
1966 1
1967 2
1968 2
1969 1
1970 2
1971 1
1972 2
1973 2
1974 2
1975 2
1976 2
1977 3
1978 2
1979 2
1980 2
1981 2
1982 2
1983 1
1984 1
1985 2
1986 2
1987 2
1988 2
1989 2
1990 2
1991 2
1992 2
1993 2
1994 2
1995 2
1996 2
1997 1
1998 2
1999 1
