0 0
1 1
2 1
3 1
4 0
5 0
6 0
7 0
8 0
9 0
10 0
11 2
12 0
13 3
14 1
15 1
16 0
17 1
18 2
19 3
20 1
21 2
22 3
23 0
24 1
25 2
26 1
27 1
28 1
29 0
30 1
31 2
32 1
33 0
34 3
35 0
36 1
37 3
38 1
39 1
40 1
41 2
42 2
43 0
44 0
45 0
46 1
47 0
48 1
49 0
50 1
51 2
52 1
53 1
54 0
55 0
56 1
57 0
58 3
59 0
60 1
61 0
62 1
63 0
64 0
65 0
66 0
67 0
68 0
69 1
70 1
71 1
72 0
73 0
74 1
75 1
76 1
77 2
78 1
79 1
80 1
81 1
82 1
83 1
84 2
85 2
86 0
87 2
88 2
89 1
90 1
91 2
92 3
93 3
94 3
95 2
96 2
97 1
98 1
99 0
100 1
101 1
102 2
103 0
104 2
105 1
106 3
107 1
108 0
109 2
110 1
111 2
112 0
113 1
114 0
115 3
116 1
117 1
118 1
119 2
120 2
121 2
122 0
123 2
124 2
125 1
126 0
127 2
128 0
129 0
130 2
131 3
132 2
133 2
134 2
135 2
136 1
137 2
138 1
139 1
140 0
141 1
142 2
143 2
144 1
145 3
146 0
147 1
148 0
149 0
150 0
151 2
152 0
153 2
154 1
155 1
156 3
157 0
158 1
159 0
160 2
161 3
162 0
163 1
164 0
165 0
166 2
167 2
168 1
169 0
170 2
171 1
172 3
173 2
174 1
175 2
176 3
177 3
178 2
179 4
180 2
181 2
182 2
183 2
184 2
185 2
186 1
187 2
188 0
189 3
190 2
191 3
192 1
193 2
194 0
195 0
196 0
197 0
198 1
199 0
200 0
201 1
202 0
203 1
204 1
205 0
206 0
207 2
208 3
209 2
210 3
211 1
212 1
213 0
214 2
215 3
216 2
217 2
218 2
219 2
220 4
221 0
222 0
223 2
224 2
225 2
226 1
227 2
228 1
229 1
230 3
231 3
232 0
233 2
234 3
235 1
236 2
237 4
238 1
239 1
240 2
241 2
242 1
243 3
244 2
245 2
246 2
247 2
248 2
249 1
250 2
251 3
252 1
253 2
254 2
255 1
256 2
257 2
258 1
259 0
260 2
261 4
262 2
263 3
264 2
265 1
266 2
267 3
268 2
269 2
270 1
271 3
272 1
273 1
274 4
275 1
276 2
277 2
278 0
279 2
280 3
281 2
282 0
283 2
284 1
285 2
286 2
287 1
288 2
289 2
290 2
291 2
292 1
293 1
294 1
295 2
296 2
297 0
298 2
299 3
300 2
301 2
302 1
303 2
304 2
305 2
306 2
307 2
308 2
309 1
310 3
311 1
312 1
313 1
314 2
315 2
316 2
317 3
318 2
319 2
320 2
321 1
322 2
323 2
324 3
325 4
326 1
327 3
328 2
329 2
330 2
331 2
332 3
333 1
334 2
335 1
336 1
337 1
338 1
339 3
340 1
341 3
342 2
343 1
344 3
345 3
346 4
347 1
348 4
349 2
350 3
351 2
352 1
353 3
354 2
355 1
356 2
357 1
358 3
359 2
360 0
361 0
362 1
363 0
364 0
365 0
366 0
367 0
368 1
369 1
370 1
371 1
372 2
373 0
374 0
375 1
376 0
377 1
378 3
379 1
380 1
381 0
382 3
383 0
384 0
385 0
386 0
387 1
388 1
389 2
390 1
391 0
392 0
393 0
394 0
395 0
396 0
397 1
398 1
399 0
400 2
401 1
402 1
403 1
404 2
405 1
406 1
407 4
408 2
409 0
410 1
411 1
412 3
413 1
414 3
415 2
416 2
417 2
418 2
419 2
420 2
421 2
422 2
423 2
424 2
425 3
426 3
427 2
428 2
429 1
430 2
431 0
432 1
433 1
434 3
435 3
436 2
437 3
438 2
439 2
440 3
441 1
442 4
443 1
444 1
445 1
446 2
447 2
448 2
449 1
450 1
451 0
452 3
453 4
454 2
455 2
456 2
457 3
458 3
459 2
460 2
461 2
462 0
463 2
464 2
465 2
466 2
467 3
468 3
469 2
470 1
471 0
472 0
473 2
474 2
475 2
476 0
477 1
478 2
479 2
480 2
481 3
482 3
483 2
484 2
485 2
486 2
487 1
488 1
489 3
490 2
491 1
492 2
493 3
494 3
495 2
496 2
497 2
498 3
499 1
500 3
501 2
502 3
503 3
504 2
505 2
506 2
507 4
508 3
509 2
510 2
511 1
512 1
513 1
514 3
515 2
516 3
517 1
518 1
519 2
520 1
521 3
522 1
523 2
524 4
525 2
526 3
527 1
528 2
529 1
530 4
531 0
532 2
533 1
534 2
535 2
536 1
537 2
538 0
539 1
540 2
541 0
542 1
543 2
544 1
545 3
546 1
547 1
548 2
549 1
550 1
551 1
552 2
553 2
554 3
555 1
556 2
557 1
558 1
559 2
560 3
561 1
562 2
563 2
564 2
565 2
566 2
567 1
568 0
569 2
570 2
571 1
572 2
573 4
574 1
575 2
576 1
577 3
578 2
579 1
580 2
581 0
582 1
583 2
584 1
585 3
586 1
587 1
588 1
589 1
590 1
591 0
592 2
593 2
594 2
595 2
596 0
597 2
598 0
599 1
600 1
601 2
602 1
603 1
604 1
605 3
606 1
607 2
608 0
609 1
610 0
611 1
612 0
613 1
614 0
615 2
616 3
617 1
618 1
619 2
620 1
621 1
622 2
623 1
624 1
625 2
626 1
627 2
628 1
629 2
630 3
631 0
632 2
633 1
634 2
635 1
636 2
637 1
638 2
639 2
640 2
641 1
642 2
643 1
644 1
645 1
646 1
647 2
648 3
649 1
650 3
651 1
652 1
653 1
654 2
655 1
656 2
657 2
658 2
659 1
660 1
661 2
662 2
663 2
664 1
665 1
666 1
667 2
668 1
669 0
670 1
671 1
672 1
673 1
674 2
675 3
676 2
677 2
678 2
679 1
680 1
681 1
682 2
683 3
684 0
685 2
686 0
687 2
688 1
689 2
690 1
691 3
692 3
693 3
694 2
695 2
696 1
697 2
698 2
699 1
700 2
701 2
702 1
703 1
704 2
705 2
706 1
707 1
708 2
709 1
710 2
711 2
712 0
713 3
714 2
715 0
716 2
717 2
718 2
719 2
720 1
721 1
722 2
723 1
724 1
725 3
726 2
727 0
728 1
729 2
730 2
731 3
732 0
733 1
734 1
735 2
736 1
737 1
738 1
739 3
740 1
741 1
742 2
743 2
744 0
745 1
746 2
747 1
748 3
749 1
750 2
751 1
752 2
753 2
754 2
755 1
756 1
757 2
758 1
759 2
760 2
761 2
762 3
763 1
764 1
765 1
766 1
767 2
768 2
769 2
770 2
771 2
772 1
773 2
774 1
775 3
776 1
777 1
778 2
779 2
780 2
781 2
782 2
783 2
784 2
785 2
786 1
787 2
788 3
789 1
790 2
791 2
792 2
793 1
794 1
795 3
796 2
797 2
798 3
799 2
800 2
801 1
802 1
803 1
804 2
805 2
806 3
807 3
808 1
809 2
810 3
811 1
812 2
813 0
814 1
815 2
816 1
817 2
818 3
819 1
820 3
821 1
822 2
823 1
824 2
825 2
826 2
827 3
828 3
829 1
830 2
831 2
832 2
833 1
834 1
835 2
836 1
837 3
838 2
839 0
840 0
841 2
842 3
843 1
844 1
845 2
846 2
847 1
848 1
849 1
850 3
851 0
852 2
853 3
854 0
855 2
856 2
857 3
858 1
859 1
860 0
861 2
862 0
863 0
864 0
865 1
866 0
867 1
868 0
869 0
870 0
871 0
872 0
873 1
874 2
875 1
876 2
877 0
878 2
879 0
880 1
881 2
882 1
883 2
884 2
885 1
886 0
887 2
888 1
889 2
890 1
891 1
892 3
893 2
894 1
895 1
896 2
897 1
898 2
899 2
900 2
901 2
902 1
903 1
904 1
905 2
906 1
907 1
908 1
909 0
910 1
911 2
912 1
913 2
914 1
915 1
916 1
917 0
918 2
919 2
920 1
921 2
922 2
923 1
924 2
925 2
926 1
927 2
928 1
929 2
930 2
931 3
932 2
933 2
934 2
935 0
936 2
937 2
938 1
939 3
940 1
941 0
942 2
943 2
944 1
945 0
946 0
947 0
948 0
949 0
950 0
951 0
952 0
953 1
954 1
955 0
956 1
957 0
958 2
959 1
960 0
961 1
962 0
963 0
964 0
965 0
966 1
967 1
968 0
969 1
970 1
971 0
972 0
973 0
974 1
975 1
976 0
977 0
978 0
979 1
980 3
981 1
982 0
983 2
984 0
985 0
986 1
987 0
988 0
989 0
990 0
991 0
992 2
993 0
994 0
995 1
996 0
997 0
998 1
999 0
1000 1
1001 1
1002 0
1003 0
1004 1
1005 0
1006 0
1007 0
1008 0
1009 1
1010 1
1011 1
1012 1
1013 1
1014 1
1015 0
1016 3
1017 0
1018 0
1019 0
1020 0
1021 0
1022 1
1023 1
1024 0
1025 0
1026 0
1027 0
1028 0
1029 0
1030 0
1031 2
1032 2
1033 0
1034 0
1035 0
1036 0
1037 0
1038 0
1039 0
1040 0
1041 2
1042 1
1043 2
1044 1
1045 0
1046 3
1047 1
1048 3
1049 1
1050 1
1051 1
1052 1
1053 2
1054 2
1055 2
1056 2
1057 0
1058 2
1059 0
1060 1
1061 0
1062 1
1063 2
1064 1
1065 0
1066 0
1067 1
1068 2
1069 1
1070 0
1071 1
1072 0
1073 1
1074 0
1075 1
1076 1
1077 1
1078 0
1079 1
1080 0
1081 1
1082 1
1083 0
1084 0
1085 1
1086 1
1087 1
1088 0
1089 1
1090 0
1091 0
1092 1
1093 1
1094 0
1095 0
1096 0
1097 1
1098 0
1099 0
1100 0
1101 0
1102 1
1103 1
1104 0
1105 2
1106 1
1107 0
1108 1
1109 0
1110 2
1111 1
1112 0
1113 0
1114 1
1115 0
1116 1
1117 1
1118 0
1119 1
1120 1
1121 0
1122 1
1123 0
1124 2
1125 1
1126 0
1127 0
1128 1
1129 1
1130 2
1131 2
1132 1
1133 1
1134 0
1135 0
1136 1
1137 2
1138 0
1139 2
1140 2
1141 1
1142 1
1143 1
1144 0
1145 1
1146 0
1147 1
1148 0
1149 0
1150 0
1151 0
1152 1
1153 0
1154 2
1155 3
1156 0
1157 1
1158 1
1159 1
1160 1
1161 1
1162 2
1163 1
1164 1
1165 2
1166 0
1167 0
1168 1
1169 2
1170 1
1171 1
1172 1
1173 1
1174 0
1175 1
1176 0
1177 1
1178 1
1179 0
1180 1
1181 0
1182 0
1183 0
1184 1
1185 1
1186 1
1187 2
1188 1
1189 1
1190 1
1191 0
1192 1
1193 3
1194 1
1195 2
1196 1
1197 1
1198 1
1199 2
1200 1
1201 1
1202 1
1203 1
1204 1
1205 3
1206 0
1207 1
1208 0
1209 2
1210 0
1211 1
1212 2
1213 2
1214 1
1215 2
1216 1
1217 0
1218 1
1219 1
1220 1
1221 0
1222 0
1223 0
1224 1
1225 0
1226 1
1227 2
1228 2
1229 0
1230 2
1231 1
1232 0
1233 0
1234 2
1235 1
1236 0
1237 2
1238 0
1239 0
1240 1
1241 0
1242 1
1243 1
1244 1
1245 0
1246 0
1247 2
1248 1
1249 0
1250 0
1251 0
1252 0
1253 1
1254 0
1255 1
1256 1
1257 1
1258 1
1259 0
1260 1
1261 1
1262 0
1263 2
1264 3
1265 0
1266 1
1267 0
1268 0
1269 2
1270 1
1271 1
1272 2
1273 1
1274 2
1275 0
1276 1
1277 1
1278 1
1279 1
1280 2
1281 0
1282 1
1283 1
1284 0
1285 1
1286 0
1287 2
1288 1
1289 1
1290 1
1291 2
1292 2
1293 1
1294 0
1295 2
1296 4
1297 3
1298 2
1299 1
1300 2
1301 1
1302 2
1303 3
1304 2
1305 2
1306 1
1307 0
1308 2
1309 2
1310 2
1311 0
1312 1
1313 2
1314 2
1315 0
1316 2
1317 1
1318 2
1319 2
1320 1
1321 2
1322 1
1323 2
1324 2
1325 1
1326 2
1327 2
1328 2
1329 3
1330 1
1331 2
1332 2
1333 1
1334 2
1335 2
1336 3
1337 0
1338 0
1339 1
1340 2
1341 2
1342 2
1343 0
1344 1
1345 0
1346 0
1347 1
1348 1
1349 1
1350 1
1351 1
1352 1
1353 1
1354 1
1355 1
1356 1
1357 0
1358 0
1359 0
1360 1
1361 0
1362 1
1363 0
1364 1
1365 0
1366 2
1367 1
1368 2
1369 2
1370 2
1371 3
1372 1
1373 1
1374 0
1375 0
1376 1
1377 1
1378 1
1379 1
1380 3
1381 2
1382 0
1383 0
1384 0
1385 0
1386 2
1387 1
1388 1
1389 2
1390 1
1391 1
1392 1
1393 1
1394 1
1395 0
1396 0
1397 1
1398 1
1399 1
1400 1
1401 0
1402 0
1403 0
1404 1
1405 1
1406 1
1407 0
1408 1
1409 1
1410 1
1411 1
1412 1
1413 2
1414 3
1415 2
1416 0
1417 1
1418 1
1419 2
1420 1
1421 0
1422 2
1423 3
1424 1
1425 1
1426 2
1427 0
1428 2
1429 1
1430 1
1431 1
1432 0
1433 1
1434 0
1435 2
1436 1
1437 1
1438 0
1439 2
1440 2
1441 2
1442 2
1443 1
1444 3
1445 2
1446 2
1447 2
1448 1
1449 1
1450 1
1451 1
1452 1
1453 3
1454 3
1455 0
1456 2
1457 0
1458 1
1459 1
1460 2
1461 0
1462 0
1463 1
1464 2
1465 3
1466 1
1467 2
1468 2
1469 3
1470 0
1471 1
1472 1
1473 2
1474 3
1475 1
1476 1
1477 1
1478 1
1479 1
1480 2
1481 1
1482 1
1483 2
1484 3
1485 1
1486 0
1487 1
1488 0
1489 1
1490 3
1491 2
1492 1
1493 1
1494 1
1495 3
1496 1
1497 2
1498 1
1499 2
1500 3
1501 1
1502 3
1503 0
1504 2
1505 2
1506 3
1507 2
1508 0
1509 2
1510 2
1511 1
1512 1
1513 2
1514 0
1515 0
1516 2
1517 2
1518 2
1519 2
1520 2
1521 1
1522 1
1523 1
1524 0
1525 1
1526 0
1527 2
1528 1
1529 0
1530 1
1531 2
1532 1
1533 1
1534 1
1535 3
1536 2
1537 0
1538 1
1539 0
1540 0
1541 2
1542 0
1543 1
1544 0
1545 0
1546 1
1547 0
1548 1
1549 1
1550 2
1551 1
1552 1
1553 1
1554 2
1555 1
1556 1
1557 2
1558 1
1559 1
1560 1
1561 2
1562 1
1563 2
1564 1
1565 2
1566 2
1567 2
1568 0
1569 1
1570 0
1571 1
1572 0
1573 1
1574 0
1575 0
1576 0
1577 0
1578 1
1579 1
1580 1
1581 3
1582 3
1583 3
1584 3
1585 2
1586 0
1587 2
1588 2
1589 2
1590 3
1591 2
1592 1
1593 0
1594 1
1595 1
1596 2
1597 1
1598 2
1599 2
1600 1
1601 1
1602 2
1603 2
1604 2
1605 1
1606 0
1607 1
1608 0
1609 2
1610 1
1611 1
1612 2
1613 0
1614 2
1615 0
1616 0
1617 0
1618 3
1619 2
1620 3
1621 1
1622 2
1623 2
1624 2
1625 0
1626 1
1627 0
1628 0
1629 1
1630 0
1631 1
1632 2
1633 3
1634 1
1635 2
1636 1
1637 2
1638 3
1639 2
1640 1
1641 2
1642 0
1643 0
1644 2
1645 1
1646 1
1647 1
1648 0
1649 0
1650 1
1651 2
1652 1
1653 3
1654 2
1655 1
1656 1
1657 0
1658 0
1659 1
1660 0
1661 0
1662 1
1663 1
1664 1
1665 1
1666 1
1667 0
1668 2
1669 1
1670 0
1671 2
1672 2
1673 1
1674 0
1675 1
1676 1
1677 0
1678 2
1679 0
1680 0
1681 0
1682 0
1683 0
1684 0
1685 1
1686 2
1687 0
1688 1
1689 0
1690 0
1691 0
1692 1
1693 0
1694 1
1695 1
1696 2
1697 1
1698 0
1699 1
1700 1
1701 0
1702 0
1703 1
1704 0
1705 1
1706 1
1707 2
1708 0
1709 2
1710 2
1711 2
1712 1
1713 1
1714 0
1715 1
1716 2
1717 1
1718 2
1719 1
1720 0
1721 1
1722 4
1723 0
1724 3
1725 3
1726 2
1727 3
1728 0
1729 2
1730 2
1731 3
1732 1
1733 1
1734 1
1735 1
1736 1
1737 2
1738 2
1739 1
1740 0
1741 1
1742 2
1743 0
1744 1
1745 2
1746 1
1747 1
1748 1
1749 2
1750 1
1751 2
1752 2
1753 0
1754 1
1755 0
1756 3
1757 1
1758 1
1759 0
1760 1
1761 1
1762 2
1763 2
1764 1
1765 1
1766 0
1767 1
1768 2
1769 1
1770 1
1771 1
1772 0
1773 0
1774 1
1775 0
1776 1
1777 1
1778 2
1779 2
1780 3
1781 1
1782 1
1783 1
1784 0
1785 1
1786 1
1787 1
1788 1
1789 0
1790 1
1791 0
1792 0
1793 1
1794 2
1795 1
1796 3
1797 1
1798 1
1799 0
1800 1
1801 0
1802 0
1803 0
1804 0
1805 1
1806 0
1807 1
1808 0
1809 2
1810 1
1811 2
1812 1
1813 1
1814 1
1815 1
1816 1
1817 3
1818 2
1819 0
1820 2
1821 2
1822 1
1823 0
1824 1
1825 1
1826 1
1827 1
1828 1
1829 0
1830 1
1831 1
1832 1
1833 1
1834 1
1835 1
1836 2
1837 1
1838 0
1839 1
1840 2
1841 2
1842 2
1843 1
1844 0
1845 1
1846 1
1847 1
1848 1
1849 0
1850 0
1851 0
1852 1
1853 1
1854 0
1855 1
1856 0
1857 0
1858 2
1859 3
1860 2
1861 4
1862 3
1863 0
1864 0
1865 2
1866 2
1867 0
1868 1
1869 3
1870 2
1871 3
1872 0
1873 2
1874 3
1875 5
1876 3
1877 4
1878 3
1879 0
1880 1
1881 3
1882 0
1883 3
1884 2
1885 2
1886 2
1887 1
1888 3
1889 0
1890 0
1891 0
1892 0
1893 1
1894 2
1895 1
1896 1
1897 2
1898 2
1899 0
1900 0
1901 0
1902 0
1903 0
1904 0
1905 0
1906 2
1907 0
1908 0
1909 1
1910 1
1911 0
1912 3
1913 2
1914 3
1915 2
1916 2
1917 2
1918 1
1919 2
1920 1
1921 2
1922 2
1923 2
1924 0
1925 0
1926 0
1927 0
1928 3
1929 2
1930 3
1931 2
1932 2
1933 4
1934 0
1935 0
1936 0
1937 3
1938 1
1939 0
1940 0
1941 1
1942 2
1943 2
1944 1
1945 0
1946 1
1947 1
1948 0
1949 1
1950 4
1951 1
1952 2
1953 1
1954 0
1955 0
1956 0
1957 0
1958 0
1959 2
1960 1
1961 0
1962 1
1963 0
1964 1
1965 2
1966 2
1967 2
1968 4
1969 1
1970 1
1971 2
1972 2
1973 2
1974 1
1975 1
1976 3
1977 2
1978 2
1979 3
1980 2
1981 4
1982 2
1983 4
1984 1
1985 0
1986 3
1987 2
1988 2
1989 1
1990 0
1991 3
1992 3
1993 1
1994 2
1995 0
1996 3
1997 0
1998 3
1999 2
