0 0
1 0
2 0
3 0
4 1
5 1
6 1
7 2
8 1
9 1
10 0
11 1
12 1
13 2
14 2
15 1
16 1
17 2
18 1
19 1
20 2
21 1
22 1
23 0
24 2
25 1
26 1
27 3
28 1
29 1
30 1
31 1
32 2
33 1
34 2
35 1
36 0
37 2
38 0
39 1
40 1
41 2
42 1
43 1
44 1
45 1
46 3
47 1
48 0
49 1
50 2
51 0
52 1
53 1
54 0
55 1
56 2
57 0
58 0
59 0
60 0
61 0
62 0
63 0
64 0
65 0
66 0
67 0
68 0
69 0
70 0
71 0
72 0
73 0
74 0
75 0
76 0
77 0
78 0
79 0
80 0
81 0
82 0
83 0
84 0
85 0
86 0
87 0
88 1
89 0
90 0
91 0
92 0
93 0
94 0
95 0
96 0
97 0
98 0
99 1
100 0
101 0
102 0
103 0
104 0
105 0
106 0
107 0
108 0
109 0
110 0
111 0
112 0
113 0
114 0
115 0
116 0
117 0
118 0
119 0
120 0
121 0
122 0
123 0
124 0
125 0
126 0
127 0
128 0
129 0
130 0
131 0
132 0
133 0
134 0
135 0
136 1
137 0
138 0
139 0
140 0
141 0
142 0
143 0
144 0
145 0
146 0
147 0
148 0
149 0
150 0
151 0
152 0
153 0
154 0
155 0
156 0
157 0
158 0
159 0
160 0
161 0
162 0
163 0
164 0
165 0
166 0
167 0
168 0
169 0
170 0
171 0
172 0
173 0
174 0
175 0
176 0
177 0
178 0
179 0
180 0
181 0
182 0
183 0
184 1
185 1
186 0
187 0
188 0
189 0
190 0
191 0
192 0
193 0
194 0
195 0
196 0
197 0
198 0
199 0
200 0
201 0
202 0
203 0
204 0
205 0
206 0
207 0
208 0
209 0
210 0
211 0
212 0
213 0
214 0
215 0
216 0
217 0
218 0
219 0
220 0
221 0
222 0
223 0
224 0
225 0
226 0
227 0
228 0
229 0
230 0
231 0
232 0
233 2
234 2
235 1
236 1
237 1
238 1
239 0
240 1
241 1
242 0
243 0
244 2
245 0
246 0
247 0
248 1
249 1
250 0
251 1
252 0
253 1
254 1
255 1
256 0
257 2
258 3
259 0
260 0
261 0
262 0
263 0
264 0
265 0
266 0
267 2
268 1
269 2
270 2
271 2
272 1
273 1
274 1
275 0
276 0
277 0
278 1
279 1
280 1
281 3
282 1
283 1
284 0
285 2
286 1
287 1
288 1
289 0
290 1
291 1
292 2
293 3
294 1
295 3
296 1
297 2
298 2
299 1
300 2
301 1
302 1
303 2
304 0
305 0
306 1
307 0
308 0
309 0
310 0
311 0
312 3
313 1
314 0
315 1
316 1
317 1
318 1
319 2
320 0
321 2
322 1
323 0
324 0
325 3
326 1
327 2
328 1
329 1
330 1
331 1
332 2
333 1
334 0
335 1
336 1
337 2
338 0
339 1
340 2
341 2
342 1
343 0
344 0
345 0
346 0
347 0
348 0
349 0
350 0
351 0
352 0
353 1
354 1
355 1
356 1
357 1
358 1
359 0
360 2
361 0
362 1
363 1
364 1
365 1
366 1
367 0
368 1
369 1
370 0
371 1
372 0
373 1
374 1
375 0
376 0
377 0
378 0
379 1
380 0
381 1
382 2
383 0
384 0
385 0
386 0
387 0
388 0
389 0
390 0
391 0
392 0
393 0
394 0
395 2
396 2
397 0
398 2
399 2
400 0
401 0
402 0
403 0
404 0
405 0
406 2
407 3
408 2
409 0
410 0
411 0
412 0
413 0
414 0
415 0
416 0
417 2
418 2
419 0
420 0
421 0
422 0
423 1
424 0
425 0
426 0
427 0
428 0
429 0
430 0
431 0
432 0
433 0
434 0
435 0
436 0
437 0
438 0
439 0
440 0
441 0
442 0
443 0
444 0
445 0
446 0
447 0
448 0
449 0
450 0
451 0
452 0
453 0
454 0
455 0
456 0
457 0
458 0
459 0
460 0
461 0
462 0
463 0
464 2
465 0
466 3
467 1
468 0
469 0
470 0
471 0
472 1
473 0
474 0
475 0
476 0
477 0
478 0
479 0
480 0
481 0
482 0
483 0
484 0
485 2
486 1
487 1
488 0
489 2
490 2
491 3
492 1
493 2
494 1
495 0
496 1
497 1
498 1
499 2
500 1
501 2
502 1
503 2
504 2
505 0
506 1
507 2
508 1
509 1
510 1
511 1
512 1
513 1
514 1
515 1
516 0
517 1
518 1
519 2
520 1
521 1
522 2
523 0
524 0
525 0
526 0
527 0
528 0
529 0
530 0
531 0
532 0
533 0
534 1
535 0
536 0
537 0
538 0
539 0
540 1
541 0
542 1
543 0
544 0
545 0
546 0
547 0
548 0
549 0
550 0
551 0
552 0
553 0
554 0
555 0
556 0
557 0
558 0
559 0
560 0
561 0
562 0
563 0
564 0
565 0
566 0
567 0
568 0
569 0
570 0
571 0
572 0
573 0
574 0
575 0
576 0
577 0
578 0
579 0
580 0
581 0
582 0
583 0
584 0
585 0
586 0
587 0
588 0
589 0
590 0
591 0
592 0
593 0
594 0
595 0
596 0
597 0
598 0
599 0
600 0
601 0
602 0
603 0
604 0
605 0
606 0
607 0
608 0
609 0
610 0
611 0
612 0
613 1
614 0
615 0
616 0
617 0
618 0
619 0
620 0
621 0
622 0
623 0
624 0
625 0
626 0
627 0
628 0
629 0
630 0
631 0
632 0
633 0
634 0
635 0
636 0
637 0
638 0
639 0
640 0
641 0
642 0
643 0
644 0
645 0
646 0
647 0
648 0
649 0
650 0
651 0
652 0
653 0
654 0
655 0
656 0
657 0
658 0
659 0
660 0
661 0
662 0
663 0
664 0
665 0
666 0
667 0
668 0
669 0
670 0
671 0
672 0
673 0
674 0
675 0
676 0
677 0
678 0
679 0
680 0
681 0
682 0
683 0
684 0
685 3
686 1
687 0
688 0
689 0
690 0
691 0
692 0
693 0
694 0
695 0
696 0
697 0
698 0
699 0
700 0
701 0
702 0
703 0
704 0
705 0
706 0
707 0
708 0
709 0
710 0
711 0
712 0
713 1
714 0
715 2
716 2
717 0
718 0
719 0
720 0
721 0
722 0
723 0
724 0
725 0
726 0
727 0
728 0
729 1
730 0
731 0
732 0
733 0
734 0
735 0
736 0
737 0
738 0
739 0
740 1
741 0
742 0
743 0
744 0
745 0
746 0
747 0
748 0
749 0
750 0
751 0
752 0
753 0
754 0
755 0
756 0
757 0
758 0
759 0
760 0
761 0
762 0
763 0
764 0
765 0
766 2
767 0
768 2
769 0
770 0
771 3
772 0
773 1
774 1
775 0
776 3
777 0
778 0
779 0
780 0
781 0
782 0
783 1
784 1
785 1
786 0
787 0
788 0
789 0
790 0
791 0
792 0
793 0
794 0
795 0
796 0
797 0
798 0
799 0
800 0
801 0
802 0
803 0
804 0
805 0
806 0
807 0
808 0
809 0
810 0
811 0
812 0
813 0
814 0
815 1
816 0
817 1
818 3
819 2
820 0
821 1
822 2
823 2
824 3
825 2
826 2
827 1
828 2
829 1
830 4
831 1
832 3
833 2
834 1
835 2
836 2
837 1
838 1
839 2
840 2
841 1
842 1
843 2
844 1
845 1
846 2
847 0
848 1
849 1
850 1
851 1
852 0
853 3
854 3
855 2
856 2
857 2
858 1
859 1
860 1
861 1
862 3
863 3
864 0
865 1
866 2
867 1
868 0
869 1
870 2
871 0
872 2
873 1
874 1
875 2
876 1
877 0
878 0
879 0
880 0
881 0
882 2
883 0
884 1
885 0
886 1
887 3
888 1
889 2
890 2
891 2
892 1
893 1
894 2
895 1
896 0
897 2
898 2
899 1
900 2
901 2
902 0
903 2
904 1
905 2
906 1
907 1
908 1
909 1
910 1
911 2
912 3
913 2
914 2
915 1
916 2
917 2
918 1
919 3
920 1
921 1
922 2
923 1
924 3
925 3
926 1
927 2
928 2
929 2
930 1
931 2
932 1
933 2
934 1
935 4
936 3
937 1
938 1
939 1
940 2
941 2
942 1
943 1
944 3
945 0
946 3
947 1
948 1
949 1
950 1
951 0
952 3
953 1
954 2
955 0
956 1
957 1
958 0
959 1
960 0
961 0
962 1
963 1
964 0
965 1
966 1
967 0
968 0
969 1
970 0
971 0
972 1
973 0
974 1
975 3
976 2
977 1
978 3
979 2
980 1
981 1
982 3
983 1
984 2
985 1
986 1
987 1
988 0
989 0
990 3
991 1
992 1
993 2
994 1
995 0
996 2
997 2
998 1
999 1
1000 2
1001 1
1002 2
1003 2
1004 1
1005 1
1006 1
1007 2
1008 2
1009 1
1010 0
1011 1
1012 2
1013 1
1014 1
1015 2
1016 2
1017 2
1018 1
1019 1
1020 1
1021 1
1022 0
1023 0
1024 1
1025 1
1026 0
1027 1
1028 0
1029 0
1030 1
1031 3
1032 0
1033 1
1034 1
1035 1
1036 1
1037 3
1038 3
1039 2
1040 1
1041 1
1042 1
1043 1
1044 1
1045 2
1046 1
1047 1
1048 2
1049 1
1050 1
1051 2
1052 2
1053 2
1054 2
1055 2
1056 1
1057 0
1058 1
1059 1
1060 1
1061 1
1062 1
1063 2
1064 1
1065 1
1066 1
1067 1
1068 1
1069 2
1070 0
1071 1
1072 1
1073 1
1074 2
1075 1
1076 1
1077 1
1078 0
1079 1
1080 0
1081 1
1082 1
1083 1
1084 0
1085 1
1086 0
1087 0
1088 3
1089 1
1090 3
1091 1
1092 1
1093 1
1094 1
1095 1
1096 1
1097 2
1098 1
1099 1
1100 2
1101 1
1102 2
1103 0
1104 1
1105 2
1106 1
1107 2
1108 0
1109 0
1110 1
1111 1
1112 1
1113 1
1114 0
1115 1
1116 0
1117 1
1118 1
1119 2
1120 1
1121 1
1122 1
1123 1
1124 0
1125 1
1126 1
1127 0
1128 0
1129 0
1130 1
1131 1
1132 0
1133 0
1134 0
1135 0
1136 0
1137 0
1138 0
1139 2
1140 0
1141 0
1142 1
1143 0
1144 1
1145 0
1146 0
1147 0
1148 0
1149 0
1150 1
1151 1
1152 2
1153 1
1154 0
1155 0
1156 2
1157 1
1158 1
1159 1
1160 1
1161 1
1162 1
1163 0
1164 1
1165 2
1166 2
1167 3
1168 1
1169 4
1170 2
1171 2
1172 2
1173 0
1174 1
1175 1
1176 2
1177 4
1178 2
1179 1
1180 2
1181 2
1182 2
1183 2
1184 2
1185 1
1186 2
1187 3
1188 2
1189 1
1190 1
1191 1
1192 0
1193 2
1194 2
1195 2
1196 1
1197 1
1198 1
1199 2
1200 1
1201 2
1202 1
1203 1
1204 2
1205 3
1206 2
1207 1
1208 2
1209 2
1210 2
1211 1
1212 2
1213 1
1214 1
1215 2
1216 0
1217 1
1218 1
1219 0
1220 1
1221 1
1222 2
1223 0
1224 2
1225 1
1226 1
1227 1
1228 1
1229 1
1230 1
1231 0
1232 0
1233 1
1234 1
1235 1
1236 1
1237 1
1238 2
1239 1
1240 1
1241 1
1242 1
1243 1
1244 1
1245 0
1246 1
1247 0
1248 0
1249 1
1250 2
1251 1
1252 0
1253 2
1254 0
1255 1
1256 1
1257 1
1258 1
1259 0
1260 0
1261 0
1262 0
1263 2
1264 1
1265 1
1266 1
1267 0
1268 2
1269 1
1270 1
1271 1
1272 1
1273 2
1274 1
1275 1
1276 1
1277 1
1278 1
1279 1
1280 1
1281 3
1282 0
1283 1
1284 2
1285 2
1286 2
1287 1
1288 1
1289 2
1290 1
1291 2
1292 3
1293 2
1294 1
1295 1
1296 2
1297 2
1298 1
1299 0
1300 0
1301 0
1302 1
1303 1
1304 0
1305 0
1306 1
1307 2
1308 2
1309 1
1310 2
1311 1
1312 1
1313 3
1314 1
1315 0
1316 1
1317 1
1318 0
1319 1
1320 1
1321 0
1322 1
1323 0
1324 2
1325 1
1326 1
1327 3
1328 4
1329 5
1330 1
1331 3
1332 1
1333 2
1334 1
1335 0
1336 1
1337 1
1338 0
1339 1
1340 1
1341 1
1342 1
1343 1
1344 1
1345 1
1346 1
1347 0
1348 1
1349 1
1350 1
1351 1
1352 1
1353 1
1354 1
1355 0
1356 1
1357 1
1358 1
1359 1
1360 1
1361 3
1362 1
1363 1
1364 1
1365 3
1366 0
1367 0
1368 1
1369 0
1370 0
1371 1
1372 1
1373 1
1374 1
1375 1
1376 0
1377 1
1378 0
1379 2
1380 1
1381 1
1382 2
1383 1
1384 1
1385 2
1386 1
1387 0
1388 2
1389 1
1390 2
1391 2
1392 1
1393 2
1394 2
1395 2
1396 2
1397 1
1398 1
1399 1
1400 1
1401 1
1402 0
1403 3
1404 0
1405 3
1406 2
1407 1
1408 1
1409 2
1410 1
1411 1
1412 1
1413 1
1414 0
1415 1
1416 1
1417 0
1418 3
1419 2
1420 1
1421 1
1422 3
1423 1
1424 2
1425 1
1426 1
1427 1
1428 1
1429 2
1430 1
1431 0
1432 1
1433 1
1434 0
1435 2
1436 1
1437 2
1438 1
1439 1
1440 2
1441 2
1442 2
1443 1
1444 1
1445 2
1446 1
1447 1
1448 1
1449 0
1450 1
1451 2
1452 1
1453 1
1454 1
1455 0
1456 2
1457 1
1458 1
1459 1
1460 1
1461 1
1462 0
1463 1
1464 1
1465 2
1466 1
1467 0
1468 1
1469 2
1470 1
1471 1
1472 1
1473 2
1474 1
1475 1
1476 1
1477 1
1478 1
1479 0
1480 0
1481 0
1482 1
1483 0
1484 1
1485 1
1486 0
1487 1
1488 0
1489 0
1490 1
1491 0
1492 0
1493 0
1494 0
1495 0
1496 0
1497 0
1498 1
1499 1
1500 1
1501 2
1502 1
1503 1
1504 1
1505 2
1506 2
1507 1
1508 1
1509 1
1510 1
1511 1
1512 0
1513 1
1514 1
1515 1
1516 1
1517 1
1518 1
1519 2
1520 1
1521 1
1522 1
1523 1
1524 1
1525 1
1526 1
1527 2
1528 1
1529 1
1530 1
1531 1
1532 0
1533 1
1534 0
1535 2
1536 1
1537 1
1538 2
1539 1
1540 2
1541 1
1542 1
1543 1
1544 0
1545 2
1546 1
1547 2
1548 1
1549 0
1550 0
1551 0
1552 0
1553 1
1554 1
1555 3
1556 2
1557 1
1558 1
1559 1
1560 3
1561 0
1562 1
1563 1
1564 1
1565 0
1566 2
1567 2
1568 4
1569 0
1570 0
1571 0
1572 1
1573 0
1574 0
1575 0
1576 0
1577 0
1578 0
1579 0
1580 0
1581 0
1582 0
1583 0
1584 0
1585 0
1586 0
1587 1
1588 1
1589 0
1590 0
1591 0
1592 0
1593 0
1594 1
1595 2
1596 1
1597 0
1598 0
1599 0
1600 1
1601 1
1602 0
1603 0
1604 1
1605 1
1606 1
1607 0
1608 1
1609 1
1610 1
1611 1
1612 1
1613 1
1614 0
1615 1
1616 2
1617 1
1618 1
1619 1
1620 2
1621 1
1622 1
1623 1
1624 1
1625 0
1626 1
1627 2
1628 1
1629 0
1630 1
1631 0
1632 1
1633 1
1634 2
1635 0
1636 1
1637 1
1638 1
1639 1
1640 2
1641 2
1642 1
1643 1
1644 0
1645 0
1646 0
1647 1
1648 1
1649 1
1650 0
1651 0
1652 0
1653 1
1654 0
1655 1
1656 1
1657 2
1658 3
1659 1
1660 1
1661 1
1662 2
1663 3
1664 2
1665 3
1666 2
1667 1
1668 2
1669 2
1670 1
1671 0
1672 1
1673 0
1674 0
1675 0
1676 1
1677 2
1678 2
1679 2
1680 0
1681 2
1682 1
1683 0
1684 2
1685 0
1686 1
1687 1
1688 0
1689 1
1690 1
1691 0
1692 0
1693 0
1694 0
1695 1
1696 1
1697 0
1698 1
1699 1
1700 1
1701 3
1702 2
1703 2
1704 4
1705 1
1706 1
1707 1
1708 1
1709 1
1710 1
1711 1
1712 1
1713 0
1714 1
1715 1
1716 2
1717 1
1718 1
1719 1
1720 0
1721 1
1722 0
1723 0
1724 1
1725 0
1726 0
1727 2
1728 0
1729 0
1730 0
1731 0
1732 0
1733 0
1734 0
1735 0
1736 0
1737 0
1738 0
1739 0
1740 1
1741 1
1742 1
1743 3
1744 0
1745 2
1746 1
1747 3
1748 1
1749 1
1750 0
1751 0
1752 1
1753 3
1754 2
1755 1
1756 1
1757 2
1758 0
1759 1
1760 3
1761 1
1762 0
1763 0
1764 2
1765 2
1766 1
1767 1
1768 2
1769 2
1770 1
1771 0
1772 1
1773 1
1774 1
1775 1
1776 1
1777 1
1778 1
1779 0
1780 1
1781 1
1782 1
1783 1
1784 2
1785 0
1786 0
1787 0
1788 3
1789 1
1790 2
1791 1
1792 1
1793 1
1794 1
1795 2
1796 1
1797 1
1798 2
1799 1
1800 1
1801 3
1802 2
1803 2
1804 1
1805 2
1806 2
1807 4
1808 2
1809 1
1810 2
1811 3
1812 2
1813 2
1814 1
1815 3
1816 3
1817 4
1818 4
1819 2
1820 2
1821 2
1822 1
1823 1
1824 3
1825 3
1826 2
1827 3
1828 0
1829 2
1830 2
1831 2
1832 1
1833 5
1834 3
1835 3
1836 3
1837 3
1838 2
1839 2
1840 3
1841 2
1842 2
1843 1
1844 2
1845 1
1846 2
1847 1
1848 2
1849 2
1850 2
1851 3
1852 1
1853 1
1854 3
1855 1
1856 1
1857 0
1858 1
1859 1
1860 3
1861 1
1862 1
1863 1
1864 1
1865 2
1866 2
1867 2
1868 2
1869 2
1870 2
1871 1
1872 2
1873 1
1874 1
1875 2
1876 2
1877 1
1878 1
1879 1
1880 2
1881 1
1882 1
1883 2
1884 2
1885 3
1886 2
1887 3
1888 2
1889 0
1890 3
1891 3
1892 2
1893 3
1894 3
1895 2
1896 2
1897 4
1898 2
1899 1
1900 2
1901 5
1902 4
1903 3
1904 2
1905 1
1906 2
1907 1
1908 2
1909 4
1910 1
1911 4
1912 2
1913 3
1914 2
1915 3
1916 0
1917 3
1918 3
1919 3
1920 0
1921 5
1922 3
1923 1
1924 0
1925 1
1926 1
1927 0
1928 0
1929 0
1930 2
1931 1
1932 1
1933 0
1934 1
1935 2
1936 1
1937 1
1938 1
1939 1
1940 1
1941 0
1942 2
1943 1
1944 1
1945 1
1946 1
1947 0
1948 0
1949 0
1950 1
1951 0
1952 1
1953 0
1954 0
1955 0
1956 1
1957 1
1958 0
1959 0
1960 0
1961 0
1962 0
1963 0
1964 0
1965 0
1966 0
1967 0
1968 0
1969 0
1970 0
1971 0
1972 0
1973 0
1974 0
1975 0
1976 0
1977 0
1978 0
1979 0
1980 0
1981 0
1982 0
1983 0
1984 1
1985 1
1986 0
1987 1
1988 0
1989 0
1990 0
1991 0
1992 1
1993 1
1994 0
1995 0
1996 0
1997 0
1998 0
1999 0
