0 2
1 0
2 1
3 0
4 0
5 0
6 0
7 0
8 0
9 0
10 0
11 0
12 0
13 0
14 1
15 0
16 0
17 0
18 0
19 0
20 0
21 0
22 0
23 0
24 0
25 0
26 0
27 0
28 0
29 0
30 0
31 0
32 0
33 0
34 0
35 0
36 0
37 0
38 1
39 0
40 0
41 0
42 0
43 0
44 0
45 0
46 0
47 0
48 0
49 0
50 0
51 0
52 0
53 0
54 0
55 0
56 0
57 0
58 0
59 0
60 0
61 0
62 0
63 0
64 0
65 0
66 0
67 0
68 0
69 0
70 0
71 0
72 0
73 0
74 0
75 0
76 0
77 0
78 0
79 0
80 0
81 0
82 0
83 0
84 0
85 0
86 0
87 0
88 0
89 0
90 0
91 0
92 0
93 0
94 0
95 0
96 0
97 0
98 0
99 0
100 0
101 0
102 0
103 0
104 0
105 0
106 0
107 0
108 0
109 0
110 0
111 0
112 0
113 0
114 0
115 0
116 0
117 0
118 0
119 0
120 0
121 0
122 0
123 0
124 0
125 0
126 0
127 0
128 0
129 0
130 0
131 0
132 0
133 0
134 1
135 0
136 1
137 0
138 1
139 1
140 1
141 1
142 0
143 1
144 0
145 0
146 0
147 0
148 0
149 0
150 0
151 0
152 0
153 1
154 0
155 0
156 0
157 0
158 0
159 0
160 0
161 1
162 0
163 0
164 1
165 1
166 0
167 0
168 0
169 0
170 0
171 1
172 0
173 0
174 0
175 1
176 0
177 0
178 0
179 1
180 0
181 0
182 0
183 0
184 0
185 0
186 0
187 0
188 0
189 0
190 0
191 0
192 0
193 0
194 0
195 0
196 1
197 1
198 1
199 0
200 1
201 0
202 0
203 0
204 1
205 0
206 1
207 0
208 1
209 1
210 1
211 2
212 1
213 1
214 1
215 1
216 0
217 1
218 1
219 1
220 1
221 0
222 0
223 1
224 0
225 1
226 1
227 0
228 0
229 0
230 0
231 0
232 0
233 0
234 0
235 0
236 1
237 2
238 0
239 0
240 0
241 0
242 1
243 1
244 0
245 1
246 1
247 0
248 0
249 1
250 0
251 1
252 1
253 1
254 0
255 1
256 0
257 1
258 0
259 0
260 0
261 0
262 0
263 0
264 0
265 0
266 0
267 0
268 0
269 0
270 0
271 1
272 0
273 0
274 0
275 0
276 0
277 0
278 0
279 0
280 0
281 0
282 0
283 1
284 0
285 0
286 0
287 0
288 0
289 0
290 0
291 0
292 0
293 0
294 1
295 0
296 1
297 1
298 1
299 0
300 0
301 0
302 0
303 0
304 0
305 0
306 0
307 1
308 2
309 0
310 1
311 0
312 0
313 0
314 0
315 0
316 1
317 1
318 0
319 0
320 0
321 0
322 0
323 0
324 0
325 1
326 1
327 0
328 1
329 1
330 1
331 1
332 1
333 1
334 1
335 0
336 1
337 0
338 0
339 1
340 0
341 0
342 0
343 1
344 1
345 1
346 0
347 1
348 1
349 0
350 0
351 1
352 0
353 1
354 1
355 1
356 0
357 1
358 1
359 1
360 0
361 1
362 1
363 1
364 1
365 1
366 1
367 1
368 1
369 1
370 1
371 1
372 1
373 1
374 1
375 1
376 1
377 1
378 1
379 1
380 1
381 0
382 1
383 1
384 1
385 1
386 1
387 1
388 1
389 1
390 1
391 0
392 0
393 1
394 0
395 1
396 1
397 1
398 1
399 1
400 0
401 0
402 0
403 1
404 0
405 1
406 0
407 1
408 1
409 1
410 1
411 1
412 2
413 0
414 0
415 0
416 0
417 1
418 0
419 1
420 1
421 1
422 1
423 1
424 1
425 1
426 0
427 0
428 0
429 0
430 1
431 1
432 1
433 1
434 0
435 0
436 0
437 1
438 0
439 1
440 1
441 1
442 1
443 1
444 1
445 1
446 0
447 1
448 0
449 1
450 0
451 1
452 1
453 1
454 1
455 0
456 1
457 1
458 1
459 1
460 1
461 1
462 1
463 1
464 1
465 0
466 1
467 1
468 0
469 0
470 1
471 1
472 1
473 0
474 1
475 1
476 0
477 0
478 1
479 0
480 0
481 0
482 0
483 0
484 0
485 1
486 1
487 1
488 1
489 1
490 1
491 0
492 1
493 1
494 1
495 2
496 1
497 1
498 0
499 2
500 2
501 1
502 1
503 1
504 1
505 1
506 0
507 0
508 0
509 1
510 1
511 0
512 0
513 0
514 0
515 1
516 0
517 0
518 0
519 0
520 0
521 0
522 0
523 0
524 0
525 0
526 0
527 0
528 0
529 0
530 1
531 1
532 0
533 0
534 0
535 0
536 0
537 1
538 0
539 0
540 0
541 0
542 0
543 0
544 1
545 0
546 0
547 0
548 0
549 0
550 0
551 0
552 0
553 0
554 0
555 0
556 0
557 0
558 0
559 0
560 0
561 0
562 0
563 0
564 0
565 0
566 0
567 0
568 0
569 0
570 0
571 1
572 1
573 0
574 0
575 0
576 0
577 0
578 0
579 0
580 0
581 0
582 0
583 0
584 0
585 0
586 0
587 0
588 0
589 1
590 1
591 2
592 1
593 1
594 1
595 1
596 1
597 1
598 0
599 2
600 0
601 2
602 0
603 2
604 1
605 2
606 1
607 2
608 1
609 1
610 0
611 2
612 1
613 2
614 2
615 2
616 1
617 1
618 2
619 2
620 1
621 1
622 2
623 2
624 2
625 2
626 0
627 0
628 0
629 0
630 1
631 2
632 2
633 1
634 1
635 2
636 0
637 2
638 0
639 1
640 2
641 2
642 2
643 1
644 0
645 1
646 0
647 0
648 0
649 1
650 1
651 0
652 0
653 0
654 1
655 0
656 1
657 0
658 0
659 0
660 1
661 0
662 0
663 0
664 0
665 0
666 0
667 1
668 0
669 0
670 1
671 0
672 1
673 1
674 1
675 1
676 2
677 1
678 1
679 1
680 2
681 0
682 2
683 1
684 1
685 0
686 1
687 0
688 2
689 1
690 1
691 2
692 0
693 1
694 1
695 1
696 1
697 1
698 0
699 1
700 0
701 1
702 1
703 1
704 1
705 2
706 2
707 1
708 3
709 2
710 0
711 0
712 2
713 1
714 1
715 1
716 0
717 1
718 0
719 3
720 1
721 0
722 1
723 2
724 1
725 1
726 1
727 1
728 1
729 2
730 2
731 1
732 1
733 1
734 0
735 1
736 1
737 2
738 1
739 1
740 1
741 1
742 1
743 1
744 1
745 1
746 3
747 1
748 0
749 2
750 1
751 1
752 1
753 2
754 1
755 0
756 0
757 1
758 1
759 1
760 1
761 0
762 1
763 1
764 1
765 0
766 1
767 2
768 2
769 1
770 1
771 1
772 0
773 1
774 1
775 1
776 0
777 0
778 1
779 1
780 1
781 1
782 0
783 0
784 2
785 0
786 1
787 2
788 1
789 1
790 1
791 1
792 1
793 2
794 1
795 2
796 0
797 0
798 1
799 0
800 1
801 2
802 2
803 1
804 2
805 1
806 2
807 1
808 0
809 1
810 1
811 2
812 1
813 1
814 2
815 1
816 1
817 0
818 1
819 2
820 0
821 1
822 1
823 1
824 1
825 1
826 2
827 2
828 0
829 1
830 1
831 1
832 1
833 0
834 2
835 1
836 3
837 2
838 1
839 1
840 1
841 1
842 2
843 1
844 0
845 0
846 0
847 2
848 1
849 1
850 0
851 1
852 1
853 3
854 2
855 0
856 1
857 1
858 1
859 1
860 2
861 1
862 1
863 3
864 1
865 1
866 2
867 2
868 2
869 1
870 1
871 1
872 1
873 1
874 0
875 2
876 2
877 1
878 1
879 1
880 1
881 1
882 2
883 2
884 2
885 2
886 1
887 1
888 2
889 1
890 1
891 1
892 1
893 1
894 2
895 1
896 2
897 1
898 1
899 2
900 2
901 1
902 2
903 1
904 3
905 0
906 1
907 1
908 2
909 2
910 1
911 1
912 2
913 1
914 2
915 1
916 1
917 0
918 2
919 1
920 1
921 2
922 0
923 2
924 2
925 2
926 1
927 2
928 2
929 1
930 1
931 1
932 1
933 0
934 1
935 2
936 0
937 1
938 2
939 2
940 1
941 0
942 1
943 1
944 2
945 0
946 2
947 1
948 1
949 1
950 1
951 0
952 1
953 2
954 2
955 2
956 1
957 0
958 2
959 1
960 2
961 2
962 1
963 1
964 1
965 1
966 1
967 2
968 2
969 1
970 2
971 1
972 2
973 0
974 0
975 1
976 0
977 0
978 1
979 3
980 0
981 1
982 1
983 0
984 0
985 0
986 0
987 1
988 2
989 0
990 0
991 1
992 1
993 1
994 0
995 1
996 1
997 0
998 1
999 1
1000 1
1001 1
1002 1
1003 1
1004 1
1005 0
1006 1
1007 1
1008 0
1009 0
1010 0
1011 0
1012 1
1013 1
1014 1
1015 0
1016 0
1017 1
1018 0
1019 1
1020 1
1021 0
1022 1
1023 1
1024 0
1025 2
1026 1
1027 0
1028 2
1029 0
1030 1
1031 0
1032 1
1033 1
1034 1
1035 0
1036 0
1037 2
1038 0
1039 0
1040 0
1041 0
1042 1
1043 0
1044 1
1045 1
1046 1
1047 0
1048 0
1049 1
1050 2
1051 0
1052 2
1053 2
1054 1
1055 1
1056 1
1057 1
1058 1
1059 1
1060 1
1061 2
1062 1
1063 1
1064 1
1065 1
1066 2
1067 1
1068 1
1069 3
1070 1
1071 0
1072 2
1073 1
1074 2
1075 2
1076 1
1077 1
1078 2
1079 2
1080 2
1081 2
1082 2
1083 0
1084 2
1085 1
1086 2
1087 3
1088 0
1089 1
1090 2
1091 1
1092 1
1093 1
1094 1
1095 1
1096 1
1097 2
1098 2
1099 1
1100 2
1101 1
1102 1
1103 0
1104 1
1105 1
1106 1
1107 1
1108 0
1109 2
1110 1
1111 1
1112 1
1113 1
1114 1
1115 1
1116 1
1117 1
1118 1
1119 1
1120 1
1121 1
1122 0
1123 1
1124 2
1125 1
1126 0
1127 1
1128 3
1129 2
1130 2
1131 2
1132 3
1133 3
1134 0
1135 1
1136 2
1137 2
1138 1
1139 1
1140 2
1141 1
1142 1
1143 0
1144 2
1145 0
1146 0
1147 1
1148 1
1149 1
1150 1
1151 1
1152 3
1153 3
1154 1
1155 0
1156 1
1157 1
1158 1
1159 1
1160 1
1161 2
1162 2
1163 1
1164 1
1165 1
1166 1
1167 1
1168 2
1169 1
1170 2
1171 2
1172 1
1173 2
1174 2
1175 1
1176 2
1177 0
1178 1
1179 2
1180 1
1181 0
1182 0
1183 0
1184 2
1185 2
1186 1
1187 1
1188 1
1189 0
1190 2
1191 1
1192 3
1193 1
1194 2
1195 2
1196 1
1197 2
1198 3
1199 1
1200 2
1201 1
1202 1
1203 1
1204 1
1205 0
1206 0
1207 2
1208 1
1209 2
1210 1
1211 1
1212 1
1213 0
1214 1
1215 1
1216 2
1217 1
1218 1
1219 1
1220 2
1221 1
1222 1
1223 1
1224 0
1225 2
1226 1
1227 2
1228 2
1229 1
1230 3
1231 2
1232 0
1233 1
1234 2
1235 2
1236 2
1237 1
1238 1
1239 1
1240 1
1241 1
1242 1
1243 1
1244 1
1245 1
1246 0
1247 1
1248 1
1249 0
1250 1
1251 0
1252 1
1253 1
1254 1
1255 2
1256 1
1257 1
1258 2
1259 2
1260 2
1261 1
1262 2
1263 1
1264 1
1265 2
1266 1
1267 2
1268 1
1269 3
1270 2
1271 2
1272 2
1273 1
1274 1
1275 2
1276 1
1277 1
1278 1
1279 2
1280 2
1281 3
1282 2
1283 2
1284 2
1285 3
1286 1
1287 2
1288 2
1289 3
1290 2
1291 1
1292 2
1293 1
1294 2
1295 2
1296 1
1297 2
1298 1
1299 2
1300 2
1301 2
1302 1
1303 1
1304 2
1305 0
1306 1
1307 0
1308 0
1309 3
1310 1
1311 2
1312 0
1313 1
1314 0
1315 1
1316 0
1317 0
1318 1
1319 1
1320 0
1321 1
1322 1
1323 2
1324 0
1325 0
1326 0
1327 0
1328 0
1329 0
1330 0
1331 0
1332 0
1333 1
1334 1
1335 1
1336 0
1337 2
1338 1
1339 0
1340 1
1341 1
1342 0
1343 0
1344 2
1345 2
1346 1
1347 2
1348 2
1349 2
1350 2
1351 2
1352 1
1353 1
1354 2
1355 1
1356 2
1357 2
1358 1
1359 1
1360 2
1361 2
1362 1
1363 2
1364 3
1365 2
1366 1
1367 3
1368 2
1369 0
1370 3
1371 2
1372 2
1373 2
1374 1
1375 2
1376 1
1377 0
1378 2
1379 1
1380 1
1381 2
1382 1
1383 3
1384 1
1385 2
1386 3
1387 2
1388 1
1389 2
1390 2
1391 0
1392 0
1393 0
1394 1
1395 1
1396 2
1397 1
1398 2
1399 1
1400 2
1401 1
1402 1
1403 2
1404 2
1405 1
1406 2
1407 1
1408 3
1409 2
1410 1
1411 2
1412 1
1413 1
1414 2
1415 2
1416 2
1417 3
1418 2
1419 1
1420 2
1421 2
1422 2
1423 1
1424 2
1425 3
1426 0
1427 1
1428 2
1429 1
1430 2
1431 2
1432 2
1433 1
1434 2
1435 4
1436 2
1437 2
1438 1
1439 1
1440 1
1441 2
1442 2
1443 1
1444 1
1445 2
1446 1
1447 2
1448 0
1449 2
1450 2
1451 1
1452 2
1453 1
1454 2
1455 0
1456 0
1457 2
1458 2
1459 2
1460 1
1461 2
1462 0
1463 1
1464 2
1465 3
1466 2
1467 2
1468 2
1469 1
1470 0
1471 1
1472 2
1473 0
1474 2
1475 1
1476 2
1477 1
1478 1
1479 2
1480 2
1481 1
1482 3
1483 3
1484 2
1485 2
1486 3
1487 1
1488 1
1489 1
1490 1
1491 1
1492 1
1493 0
1494 1
1495 1
1496 2
1497 2
1498 2
1499 2
1500 0
1501 2
1502 2
1503 1
1504 1
1505 1
1506 3
1507 3
1508 2
1509 1
1510 1
1511 2
1512 2
1513 1
1514 3
1515 1
1516 2
1517 3
1518 3
1519 2
1520 2
1521 1
1522 0
1523 1
1524 1
1525 2
1526 1
1527 2
1528 1
1529 2
1530 1
1531 2
1532 2
1533 1
1534 2
1535 3
1536 1
1537 1
1538 1
1539 2
1540 1
1541 2
1542 2
1543 0
1544 3
1545 2
1546 2
1547 2
1548 2
1549 1
1550 2
1551 1
1552 2
1553 1
1554 1
1555 2
1556 2
1557 1
1558 2
1559 1
1560 2
1561 1
1562 1
1563 2
1564 3
1565 2
1566 2
1567 2
1568 0
1569 3
1570 2
1571 2
1572 0
1573 2
1574 2
1575 2
1576 1
1577 2
1578 2
1579 2
1580 1
1581 2
1582 1
1583 2
1584 2
1585 1
1586 2
1587 1
1588 2
1589 2
1590 2
1591 2
1592 2
1593 2
1594 2
1595 2
1596 2
1597 2
1598 2
1599 1
1600 0
1601 3
1602 1
1603 2
1604 3
1605 2
1606 2
1607 1
1608 2
1609 3
1610 3
1611 3
1612 3
1613 3
1614 3
1615 2
1616 1
1617 2
1618 3
1619 3
1620 3
1621 3
1622 3
1623 4
1624 2
1625 1
1626 3
1627 2
1628 2
1629 3
1630 2
1631 2
1632 2
1633 3
1634 3
1635 3
1636 1
1637 3
1638 1
1639 1
1640 2
1641 3
1642 1
1643 2
1644 3
1645 1
1646 2
1647 1
1648 2
1649 2
1650 2
1651 2
1652 2
1653 2
1654 3
1655 2
1656 2
1657 3
1658 3
1659 1
1660 3
1661 2
1662 2
1663 2
1664 2
1665 2
1666 1
1667 3
1668 1
1669 2
1670 2
1671 2
1672 1
1673 2
1674 2
1675 3
1676 2
1677 2
1678 2
1679 1
1680 2
1681 1
1682 3
1683 1
1684 2
1685 2
1686 2
1687 2
1688 2
1689 2
1690 2
1691 2
1692 3
1693 2
1694 3
1695 1
1696 2
1697 2
1698 2
1699 2
1700 3
1701 1
1702 1
1703 0
1704 2
1705 1
1706 2
1707 2
1708 2
1709 1
1710 2
1711 2
1712 0
1713 2
1714 2
1715 0
1716 3
1717 1
1718 1
1719 2
1720 3
1721 2
1722 3
1723 0
1724 3
1725 2
1726 1
1727 2
1728 2
1729 2
1730 1
1731 4
1732 1
1733 2
1734 1
1735 2
1736 1
1737 2
1738 3
1739 2
1740 2
1741 1
1742 2
1743 2
1744 1
1745 1
1746 1
1747 1
1748 2
1749 4
1750 2
1751 2
1752 2
1753 3
1754 3
1755 3
1756 3
1757 3
1758 3
1759 4
1760 2
1761 3
1762 1
1763 2
1764 2
1765 1
1766 2
1767 3
1768 2
1769 2
1770 2
1771 1
1772 2
1773 2
1774 3
1775 3
1776 2
1777 2
1778 4
1779 2
1780 1
1781 3
1782 3
1783 1
1784 2
1785 3
1786 2
1787 1
1788 2
1789 1
1790 3
1791 2
1792 4
1793 2
1794 1
1795 1
1796 2
1797 2
1798 3
1799 2
1800 1
1801 2
1802 1
1803 1
1804 3
1805 3
1806 2
1807 1
1808 3
1809 3
1810 3
1811 2
1812 0
1813 2
1814 3
1815 3
1816 1
1817 2
1818 2
1819 3
1820 3
1821 3
1822 1
1823 1
1824 3
1825 2
1826 2
1827 2
1828 2
1829 2
1830 2
1831 2
1832 2
1833 2
1834 2
1835 1
1836 2
1837 2
1838 2
1839 2
1840 3
1841 2
1842 2
1843 3
1844 1
1845 3
1846 2
1847 2
1848 3
1849 1
1850 2
1851 3
1852 1
1853 2
1854 2
1855 2
1856 2
1857 2
1858 2
1859 3
1860 2
1861 2
1862 1
1863 1
1864 2
1865 2
1866 3
1867 1
1868 3
1869 1
1870 2
1871 1
1872 1
1873 1
1874 3
1875 2
1876 2
1877 2
1878 3
1879 1
1880 2
1881 3
1882 2
1883 1
1884 1
1885 1
1886 1
1887 1
1888 2
1889 2
1890 2
1891 2
1892 2
1893 2
1894 1
1895 3
1896 2
1897 3
1898 1
1899 2
1900 2
1901 2
1902 2
1903 1
1904 1
1905 2
1906 2
1907 1
1908 2
1909 2
1910 2
1911 3
1912 1
1913 2
1914 1
1915 2
1916 3
1917 1
1918 1
1919 1
1920 2
1921 2
1922 1
1923 1
1924 1
1925 2
1926 3
1927 1
1928 2
1929 3
1930 2
1931 2
1932 1
1933 1
1934 2
1935 2
1936 2
1937 1
1938 2
1939 1
1940 2
1941 2
1942 1
1943 2
1944 1
1945 0
1946 1
1947 2
1948 1
1949 2
1950 2
1951 1
1952 2
1953 1
1954 3
1955 1
1956 2
1957 2
1958 1
1959 1
1960 2
1961 2
1962 2
1963 1
1964 1
1965 2
1966 2
1967 1
1968 3
1969 2
1970 1
1971 0
1972 1
1973 2
1974 2
1975 1
1976 2
1977 3
1978 1
1979 2
1980 1
1981 2
1982 2
1983 2
1984 3
1985 2
1986 1
1987 2
1988 2
1989 1
1990 1
1991 3
1992 1
1993 1
1994 2
1995 1
1996 1
1997 2
1998 1
1999 1
