0 1
1 0
2 0
3 1
4 1
5 0
6 0
7 0
8 1
9 1
10 0
11 0
12 2
13 1
14 1
15 1
16 0
17 1
18 1
19 1
20 1
21 1
22 2
23 0
24 0
25 0
26 0
27 1
28 0
29 0
30 0
31 0
32 0
33 1
34 2
35 2
36 0
37 0
38 0
39 0
40 0
41 2
42 2
43 2
44 0
45 1
46 1
47 0
48 1
49 1
50 2
51 2
52 1
53 2
54 2
55 2
56 1
57 3
58 2
59 2
60 2
61 1
62 1
63 2
64 1
65 1
66 0
67 1
68 0
69 1
70 1
71 1
72 1
73 2
74 1
75 2
76 2
77 2
78 2
79 1
80 0
81 1
82 0
83 0
84 0
85 0
86 0
87 0
88 0
89 0
90 0
91 0
92 0
93 0
94 0
95 2
96 1
97 2
98 2
99 2
100 2
101 2
102 1
103 1
104 2
105 2
106 2
107 1
108 2
109 2
110 1
111 2
112 2
113 2
114 0
115 0
116 0
117 0
118 0
119 0
120 0
121 0
122 0
123 0
124 0
125 1
126 0
127 0
128 0
129 0
130 0
131 0
132 1
133 0
134 1
135 0
136 1
137 0
138 2
139 1
140 1
141 3
142 2
143 2
144 2
145 2
146 1
147 1
148 0
149 2
150 3
151 2
152 2
153 1
154 2
155 2
156 2
157 1
158 2
159 1
160 2
161 0
162 3
163 0
164 0
165 0
166 2
167 1
168 2
169 0
170 0
171 0
172 0
173 0
174 0
175 0
176 0
177 0
178 0
179 0
180 1
181 0
182 0
183 0
184 2
185 1
186 2
187 2
188 1
189 0
190 2
191 1
192 2
193 1
194 1
195 2
196 2
197 2
198 2
199 2
200 1
201 1
202 2
203 2
204 0
205 1
206 1
207 2
208 2
209 2
210 0
211 0
212 3
213 1
214 1
215 0
216 1
217 1
218 0
219 0
220 2
221 2
222 2
223 2
224 3
225 2
226 2
227 0
228 2
229 2
230 1
231 0
232 0
233 0
234 0
235 0
236 1
237 0
238 1
239 1
240 3
241 1
242 2
243 2
244 2
245 2
246 2
247 1
248 2
249 2
250 2
251 2
252 2
253 2
254 2
255 2
256 2
257 2
258 2
259 1
260 0
261 0
262 0
263 0
264 0
265 0
266 0
267 0
268 0
269 0
270 0
271 0
272 0
273 0
274 2
275 2
276 3
277 1
278 0
279 0
280 0
281 2
282 0
283 0
284 0
285 1
286 0
287 0
288 0
289 0
290 0
291 0
292 2
293 0
294 0
295 0
296 0
297 0
298 0
299 0
300 0
301 0
302 0
303 1
304 1
305 0
306 1
307 0
308 1
309 0
310 0
311 0
312 0
313 0
314 2
315 1
316 0
317 0
318 0
319 0
320 0
321 0
322 0
323 0
324 0
325 0
326 0
327 0
328 0
329 0
330 0
331 0
332 1
333 0
334 0
335 0
336 0
337 0
338 0
339 0
340 0
341 0
342 4
343 1
344 2
345 0
346 0
347 2
348 2
349 2
350 2
351 1
352 1
353 1
354 2
355 2
356 2
357 2
358 0
359 1
360 1
361 3
362 3
363 1
364 3
365 3
366 2
367 2
368 3
369 2
370 3
371 2
372 2
373 2
374 3
375 2
376 3
377 2
378 3
379 1
380 3
381 2
382 2
383 3
384 2
385 3
386 3
387 1
388 1
389 3
390 2
391 2
392 1
393 3
394 2
395 1
396 2
397 1
398 2
399 3
400 1
401 2
402 2
403 3
404 2
405 3
406 2
407 4
408 1
409 2
410 2
411 2
412 1
413 2
414 3
415 2
416 2
417 3
418 3
419 3
420 3
421 3
422 2
423 2
424 2
425 2
426 2
427 3
428 3
429 2
430 3
431 4
432 2
433 2
434 1
435 3
436 3
437 3
438 1
439 2
440 4
441 3
442 1
443 1
444 1
445 3
446 2
447 2
448 3
449 2
450 3
451 3
452 3
453 3
454 2
455 3
456 1
457 2
458 2
459 2
460 2
461 2
462 3
463 1
464 2
465 3
466 1
467 3
468 2
469 4
470 3
471 2
472 2
473 3
474 3
475 1
476 2
477 3
478 2
479 2
480 2
481 3
482 2
483 2
484 2
485 3
486 3
487 3
488 3
489 3
490 4
491 3
492 3
493 2
494 3
495 3
496 3
497 3
498 2
499 2
500 2
501 4
502 2
503 3
504 2
505 2
506 1
507 1
508 3
509 2
510 1
511 0
512 1
513 2
514 1
515 1
516 1
517 1
518 1
519 2
520 2
521 1
522 1
523 1
524 1
525 1
526 0
527 2
528 1
529 1
530 2
531 3
532 1
533 1
534 0
535 1
536 1
537 2
538 1
539 2
540 0
541 1
542 2
543 1
544 1
545 3
546 2
547 2
548 2
549 2
550 2
551 2
552 2
553 3
554 1
555 1
556 3
557 1
558 1
559 1
560 1
561 2
562 3
563 0
564 0
565 0
566 1
567 2
568 1
569 2
570 1
571 3
572 1
573 2
574 0
575 2
576 2
577 2
578 2
579 1
580 3
581 2
582 2
583 3
584 2
585 1
586 3
587 1
588 3
589 3
590 0
591 1
592 1
593 2
594 1
595 1
596 2
597 2
598 2
599 2
600 2
601 3
602 2
603 2
604 2
605 2
606 2
607 2
608 2
609 2
610 3
611 3
612 2
613 1
614 2
615 2
616 1
617 1
618 2
619 1
620 2
621 3
622 1
623 2
624 1
625 1
626 3
627 1
628 2
629 1
630 2
631 2
632 2
633 2
634 1
635 2
636 2
637 1
638 1
639 3
640 0
641 3
642 1
643 2
644 2
645 2
646 1
647 1
648 3
649 3
650 2
651 2
652 3
653 1
654 3
655 3
656 1
657 3
658 3
659 1
660 3
661 3
662 3
663 2
664 2
665 2
666 3
667 3
668 1
669 2
670 1
671 2
672 4
673 2
674 3
675 2
676 2
677 1
678 3
679 2
680 2
681 2
682 2
683 1
684 2
685 1
686 2
687 2
688 1
689 3
690 1
691 1
692 2
693 1
694 2
695 3
696 2
697 3
698 2
699 2
700 3
701 2
702 3
703 3
704 1
705 1
706 2
707 2
708 3
709 3
710 3
711 1
712 2
713 2
714 3
715 1
716 1
717 2
718 2
719 3
720 2
721 2
722 3
723 3
724 3
725 2
726 2
727 2
728 3
729 2
730 2
731 2
732 2
733 2
734 1
735 2
736 2
737 2
738 2
739 3
740 2
741 2
742 3
743 2
744 1
745 3
746 2
747 2
748 2
749 2
750 2
751 4
752 2
753 1
754 2
755 2
756 2
757 0
758 1
759 1
760 2
761 3
762 0
763 1
764 2
765 3
766 1
767 2
768 2
769 2
770 0
771 2
772 2
773 2
774 1
775 3
776 3
777 1
778 2
779 2
780 2
781 1
782 2
783 2
784 2
785 3
786 2
787 2
788 2
789 2
790 1
791 2
792 2
793 0
794 1
795 3
796 3
797 1
798 2
799 1
800 1
801 1
802 1
803 3
804 2
805 2
806 0
807 2
808 1
809 2
810 2
811 3
812 2
813 2
814 3
815 1
816 1
817 3
818 2
819 2
820 1
821 3
822 2
823 3
824 1
825 1
826 2
827 3
828 1
829 2
830 2
831 2
832 3
833 1
834 2
835 1
836 2
837 1
838 2
839 1
840 0
841 3
842 1
843 2
844 0
845 1
846 1
847 2
848 2
849 1
850 1
851 1
852 0
853 1
854 1
855 3
856 3
857 2
858 2
859 0
860 2
861 1
862 1
863 2
864 2
865 2
866 2
867 1
868 2
869 1
870 2
871 1
872 2
873 2
874 2
875 1
876 1
877 1
878 1
879 2
880 2
881 1
882 2
883 3
884 3
885 1
886 3
887 2
888 2
889 3
890 3
891 2
892 2
893 0
894 2
895 0
896 1
897 1
898 2
899 2
900 3
901 4
902 1
903 2
904 0
905 1
906 2
907 1
908 1
909 2
910 1
911 1
912 2
913 2
914 2
915 1
916 1
917 2
918 2
919 4
920 4
921 3
922 1
923 2
924 2
925 1
926 3
927 1
928 2
929 1
930 2
931 3
932 2
933 2
934 1
935 3
936 2
937 2
938 2
939 2
940 1
941 2
942 1
943 1
944 2
945 2
946 2
947 1
948 2
949 0
950 2
951 3
952 3
953 3
954 2
955 3
956 3
957 1
958 1
959 3
960 2
961 3
962 3
963 2
964 1
965 4
966 2
967 3
968 1
969 4
970 4
971 3
972 3
973 4
974 1
975 2
976 2
977 3
978 2
979 2
980 2
981 2
982 2
983 2
984 2
985 1
986 2
987 2
988 2
989 1
990 1
991 2
992 2
993 2
994 1
995 2
996 1
997 1
998 1
999 1
1000 1
1001 2
1002 1
1003 1
1004 1
1005 1
1006 4
1007 1
1008 2
1009 1
1010 2
1011 1
1012 2
1013 2
1014 0
1015 2
1016 1
1017 1
1018 3
1019 2
1020 2
1021 1
1022 4
1023 2
1024 2
1025 1
1026 2
1027 2
1028 1
1029 0
1030 2
1031 3
1032 1
1033 2
1034 2
1035 1
1036 3
1037 3
1038 2
1039 2
1040 2
1041 2
1042 1
1043 2
1044 1
1045 2
1046 1
1047 0
1048 2
1049 1
1050 1
1051 1
1052 2
1053 1
1054 1
1055 2
1056 1
1057 3
1058 0
1059 1
1060 1
1061 1
1062 1
1063 1
1064 2
1065 1
1066 1
1067 0
1068 2
1069 0
1070 2
1071 1
1072 3
1073 1
1074 1
1075 1
1076 2
1077 1
1078 2
1079 1
1080 0
1081 2
1082 2
1083 1
1084 1
1085 2
1086 0
1087 1
1088 1
1089 1
1090 2
1091 1
1092 2
1093 1
1094 1
1095 2
1096 2
1097 1
1098 2
1099 2
1100 1
1101 3
1102 2
1103 2
1104 2
1105 3
1106 2
1107 2
1108 0
1109 2
1110 1
1111 2
1112 2
1113 1
1114 2
1115 2
1116 1
1117 1
1118 2
1119 2
1120 1
1121 3
1122 3
1123 2
1124 0
1125 3
1126 2
1127 0
1128 2
1129 3
1130 3
1131 3
1132 2
1133 4
1134 1
1135 1
1136 2
1137 2
1138 2
1139 3
1140 3
1141 2
1142 2
1143 2
1144 2
1145 3
1146 2
1147 0
1148 2
1149 5
1150 1
1151 2
1152 0
1153 1
1154 1
1155 2
1156 2
1157 3
1158 3
1159 2
1160 2
1161 1
1162 3
1163 2
1164 2
1165 1
1166 3
1167 3
1168 1
1169 3
1170 0
1171 2
1172 1
1173 2
1174 2
1175 3
1176 2
1177 2
1178 2
1179 2
1180 2
1181 2
1182 2
1183 1
1184 1
1185 3
1186 1
1187 2
1188 3
1189 2
1190 2
1191 2
1192 1
1193 0
1194 1
1195 1
1196 3
1197 2
1198 2
1199 3
1200 2
1201 3
1202 1
1203 3
1204 2
1205 3
1206 3
1207 2
1208 2
1209 3
1210 2
1211 2
1212 3
1213 3
1214 2
1215 2
1216 2
1217 3
1218 3
1219 1
1220 2
1221 2
1222 2
1223 2
1224 2
1225 2
1226 1
1227 2
1228 2
1229 2
1230 2
1231 2
1232 2
1233 1
1234 2
1235 2
1236 2
1237 2
1238 1
1239 2
1240 1
1241 0
1242 2
1243 1
1244 1
1245 2
1246 3
1247 2
1248 2
1249 2
1250 2
1251 1
1252 3
1253 2
1254 1
1255 2
1256 3
1257 2
1258 2
1259 2
1260 3
1261 2
1262 3
1263 0
1264 1
1265 2
1266 3
1267 1
1268 3
1269 2
1270 2
1271 2
1272 2
1273 2
1274 1
1275 2
1276 2
1277 2
1278 1
1279 1
1280 2
1281 1
1282 1
1283 1
1284 2
1285 1
1286 2
1287 1
1288 1
1289 1
1290 1
1291 2
1292 2
1293 3
1294 3
1295 2
1296 0
1297 2
1298 2
1299 2
1300 3
1301 1
1302 1
1303 1
1304 1
1305 2
1306 1
1307 2
1308 1
1309 2
1310 2
1311 2
1312 3
1313 1
1314 3
1315 0
1316 1
1317 1
1318 1
1319 0
1320 1
1321 1
1322 2
1323 1
1324 1
1325 2
1326 2
1327 1
1328 2
1329 2
1330 0
1331 1
1332 1
1333 1
1334 2
1335 2
1336 2
1337 2
1338 2
1339 2
1340 1
1341 2
1342 1
1343 1
1344 2
1345 0
1346 2
1347 1
1348 2
1349 2
1350 2
1351 4
1352 2
1353 1
1354 2
1355 2
1356 2
1357 2
1358 1
1359 2
1360 1
1361 3
1362 2
1363 3
1364 0
1365 2
1366 3
1367 0
1368 2
1369 1
1370 2
1371 2
1372 2
1373 3
1374 2
1375 1
1376 1
1377 1
1378 0
1379 2
1380 2
1381 1
1382 1
1383 2
1384 1
1385 2
1386 2
1387 4
1388 2
1389 2
1390 1
1391 1
1392 2
1393 3
1394 1
1395 2
1396 0
1397 1
1398 2
1399 2
1400 1
1401 1
1402 2
1403 2
1404 0
1405 2
1406 2
1407 2
1408 1
1409 1
1410 2
1411 3
1412 2
1413 2
1414 2
1415 1
1416 2
1417 2
1418 1
1419 1
1420 2
1421 2
1422 2
1423 1
1424 2
1425 1
1426 2
1427 1
1428 1
1429 1
1430 1
1431 2
1432 2
1433 1
1434 0
1435 1
1436 2
1437 2
1438 1
1439 1
1440 2
1441 2
1442 3
1443 1
1444 2
1445 3
1446 0
1447 2
1448 1
1449 2
1450 1
1451 3
1452 1
1453 2
1454 1
1455 2
1456 2
1457 1
1458 3
1459 2
1460 2
1461 1
1462 2
1463 2
1464 0
1465 2
1466 1
1467 1
1468 1
1469 1
1470 2
1471 2
1472 1
1473 2
1474 1
1475 3
1476 2
1477 1
1478 1
1479 0
1480 2
1481 0
1482 0
1483 2
1484 2
1485 2
1486 1
1487 0
1488 2
1489 2
1490 3
1491 1
1492 2
1493 2
1494 2
1495 2
1496 2
1497 2
1498 1
1499 2
1500 1
1501 2
1502 2
1503 0
1504 2
1505 2
1506 2
1507 1
1508 2
1509 2
1510 3
1511 1
1512 1
1513 1
1514 1
1515 1
1516 1
1517 1
1518 1
1519 1
1520 2
1521 1
1522 0
1523 1
1524 2
1525 2
1526 1
1527 2
1528 2
1529 1
1530 1
1531 1
1532 2
1533 1
1534 0
1535 2
1536 2
1537 2
1538 2
1539 2
1540 2
1541 2
1542 1
1543 3
1544 1
1545 1
1546 1
1547 1
1548 1
1549 2
1550 2
1551 1
1552 2
1553 1
1554 4
1555 2
1556 1
1557 2
1558 3
1559 3
1560 2
1561 2
1562 3
1563 3
1564 1
1565 1
1566 2
1567 1
1568 1
1569 0
1570 1
1571 2
1572 2
1573 2
1574 2
1575 2
1576 2
1577 1
1578 2
1579 2
1580 2
1581 3
1582 2
1583 2
1584 1
1585 1
1586 2
1587 2
1588 1
1589 2
1590 0
1591 2
1592 3
1593 2
1594 2
1595 1
1596 1
1597 0
1598 0
1599 0
1600 2
1601 1
1602 1
1603 1
1604 1
1605 0
1606 0
1607 2
1608 0
1609 0
1610 1
1611 1
1612 0
1613 1
1614 0
1615 0
1616 1
1617 2
1618 2
1619 2
1620 3
1621 1
1622 3
1623 3
1624 2
1625 1
1626 1
1627 3
1628 1
1629 3
1630 2
1631 2
1632 3
1633 2
1634 1
1635 2
1636 2
1637 2
1638 1
1639 3
1640 3
1641 2
1642 4
1643 2
1644 5
1645 2
1646 2
1647 4
1648 2
1649 2
1650 3
1651 3
1652 2
1653 1
1654 1
1655 2
1656 1
1657 2
1658 1
1659 1
1660 2
1661 2
1662 1
1663 2
1664 2
1665 3
1666 1
1667 1
1668 3
1669 2
1670 1
1671 1
1672 2
1673 0
1674 1
1675 2
1676 1
1677 1
1678 1
1679 2
1680 1
1681 2
1682 1
1683 2
1684 0
1685 1
1686 1
1687 0
1688 1
1689 1
1690 3
1691 0
1692 1
1693 1
1694 1
1695 1
1696 1
1697 0
1698 1
1699 0
1700 1
1701 0
1702 1
1703 0
1704 0
1705 0
1706 0
1707 0
1708 0
1709 0
1710 1
1711 1
1712 2
1713 0
1714 1
1715 1
1716 1
1717 2
1718 1
1719 1
1720 2
1721 0
1722 0
1723 1
1724 0
1725 2
1726 1
1727 1
1728 1
1729 0
1730 2
1731 2
1732 2
1733 2
1734 1
1735 2
1736 3
1737 2
1738 2
1739 2
1740 1
1741 1
1742 1
1743 3
1744 1
1745 1
1746 2
1747 3
1748 0
1749 0
1750 1
1751 1
1752 2
1753 2
1754 2
1755 0
1756 2
1757 3
1758 3
1759 1
1760 1
1761 3
1762 3
1763 3
1764 1
1765 3
1766 1
1767 1
1768 2
1769 1
1770 3
1771 3
1772 1
1773 2
1774 1
1775 3
1776 1
1777 3
1778 1
1779 0
1780 1
1781 2
1782 1
1783 3
1784 1
1785 2
1786 3
1787 3
1788 0
1789 3
1790 1
1791 2
1792 3
1793 1
1794 1
1795 2
1796 1
1797 1
1798 1
1799 2
1800 0
1801 3
1802 0
1803 2
1804 2
1805 1
1806 2
1807 1
1808 0
1809 1
1810 1
1811 1
1812 2
1813 1
1814 2
1815 1
1816 3
1817 1
1818 2
1819 2
1820 0
1821 0
1822 0
1823 2
1824 1
1825 2
1826 3
1827 2
1828 2
1829 1
1830 3
1831 2
1832 1
1833 2
1834 1
1835 1
1836 3
1837 1
1838 2
1839 1
1840 1
1841 1
1842 1
1843 0
1844 0
1845 0
1846 0
1847 0
1848 0
1849 0
1850 0
1851 1
1852 1
1853 2
1854 0
1855 2
1856 1
1857 2
1858 2
1859 2
1860 0
1861 3
1862 2
1863 2
1864 2
1865 2
1866 2
1867 2
1868 2
1869 2
1870 1
1871 3
1872 3
1873 3
1874 3
1875 4
1876 2
1877 2
1878 0
1879 3
1880 2
1881 3
1882 2
1883 2
1884 1
1885 3
1886 0
1887 1
1888 2
1889 0
1890 2
1891 1
1892 3
1893 2
1894 2
1895 2
1896 1
1897 2
1898 2
1899 2
1900 0
1901 1
1902 3
1903 1
1904 0
1905 1
1906 2
1907 3
1908 3
1909 3
1910 3
1911 3
1912 2
1913 2
1914 3
1915 2
1916 3
1917 2
1918 2
1919 2
1920 3
1921 3
1922 3
1923 2
1924 3
1925 2
1926 3
1927 2
1928 2
1929 1
1930 2
1931 2
1932 3
1933 2
1934 0
1935 2
1936 2
1937 2
1938 2
1939 1
1940 3
1941 2
1942 1
1943 2
1944 2
1945 2
1946 2
1947 2
1948 2
1949 2
1950 2
1951 2
1952 2
1953 3
1954 2
1955 2
1956 2
1957 2
1958 1
1959 1
1960 2
1961 2
1962 2
1963 1
1964 2
1965 2
1966 2
1967 1
1968 2
1969 1
1970 2
1971 2
1972 2
1973 3
1974 1
1975 2
1976 2
1977 2
1978 2
1979 2
1980 1
1981 2
1982 1
1983 2
1984 3
1985 1
1986 2
1987 3
1988 2
1989 3
1990 2
1991 3
1992 2
1993 2
1994 3
1995 3
1996 3
1997 2
1998 2
1999 2
