0 0
1 1
2 0
3 0
4 0
5 0
6 1
7 1
8 1
9 0
10 1
11 0
12 0
13 0
14 0
15 0
16 0
17 0
18 0
19 0
20 0
21 2
22 1
23 1
24 0
25 1
26 1
27 0
28 1
29 1
30 0
31 0
32 0
33 1
34 1
35 0
36 0
37 0
38 0
39 1
40 1
41 1
42 0
43 0
44 1
45 0
46 1
47 1
48 1
49 1
50 1
51 1
52 1
53 1
54 0
55 0
56 1
57 1
58 0
59 0
60 0
61 1
62 1
63 1
64 1
65 1
66 1
67 1
68 1
69 1
70 0
71 0
72 1
73 1
74 0
75 0
76 0
77 0
78 0
79 0
80 1
81 1
82 0
83 0
84 1
85 1
86 1
87 0
88 1
89 1
90 1
91 1
92 1
93 1
94 0
95 1
96 1
97 1
98 1
99 0
100 1
101 1
102 1
103 1
104 0
105 1
106 1
107 1
108 1
109 1
110 1
111 0
112 0
113 2
114 1
115 1
116 0
117 0
118 0
119 0
120 0
121 0
122 1
123 0
124 0
125 1
126 1
127 0
128 0
129 1
130 1
131 1
132 1
133 2
134 1
135 1
136 0
137 1
138 1
139 0
140 1
141 2
142 1
143 1
144 0
145 0
146 0
147 2
148 0
149 1
150 1
151 0
152 1
153 0
154 1
155 1
156 1
157 1
158 1
159 0
160 0
161 0
162 0
163 0
164 1
165 0
166 0
167 1
168 0
169 0
170 0
171 0
172 0
173 1
174 1
175 1
176 0
177 1
178 0
179 1
180 0
181 0
182 0
183 0
184 0
185 1
186 0
187 1
188 1
189 0
190 0
191 1
192 1
193 0
194 0
195 2
196 1
197 0
198 0
199 0
200 0
201 0
202 0
203 0
204 0
205 1
206 0
207 0
208 0
209 0
210 1
211 0
212 0
213 1
214 0
215 0
216 0
217 1
218 0
219 1
220 0
221 1
222 0
223 0
224 0
225 0
226 0
227 0
228 0
229 0
230 0
231 0
232 0
233 0
234 0
235 0
236 0
237 1
238 1
239 1
240 0
241 0
242 0
243 0
244 0
245 0
246 0
247 0
248 0
249 0
250 0
251 0
252 0
253 0
254 0
255 0
256 0
257 0
258 0
259 0
260 0
261 0
262 0
263 0
264 0
265 0
266 0
267 0
268 0
269 0
270 0
271 0
272 0
273 0
274 0
275 0
276 0
277 0
278 0
279 0
280 0
281 0
282 0
283 0
284 0
285 0
286 0
287 0
288 0
289 0
290 0
291 0
292 0
293 0
294 0
295 0
296 0
297 0
298 0
299 0
300 0
301 0
302 0
303 0
304 0
305 0
306 0
307 0
308 0
309 0
310 0
311 0
312 0
313 0
314 0
315 0
316 0
317 0
318 0
319 0
320 0
321 0
322 0
323 0
324 0
325 0
326 0
327 1
328 1
329 1
330 0
331 1
332 0
333 1
334 0
335 0
336 0
337 0
338 0
339 0
340 0
341 0
342 0
343 0
344 0
345 1
346 0
347 2
348 0
349 0
350 0
351 0
352 0
353 1
354 1
355 0
356 1
357 0
358 0
359 1
360 0
361 0
362 1
363 0
364 0
365 2
366 0
367 0
368 0
369 0
370 1
371 0
372 1
373 0
374 0
375 1
376 1
377 1
378 0
379 0
380 0
381 0
382 1
383 0
384 1
385 0
386 0
387 0
388 0
389 0
390 0
391 1
392 1
393 1
394 1
395 0
396 0
397 0
398 1
399 0
400 1
401 0
402 0
403 0
404 0
405 0
406 0
407 0
408 0
409 0
410 1
411 1
412 0
413 0
414 0
415 0
416 0
417 1
418 0
419 0
420 1
421 1
422 0
423 1
424 0
425 0
426 0
427 0
428 1
429 0
430 1
431 1
432 0
433 0
434 0
435 0
436 0
437 0
438 0
439 2
440 0
441 0
442 0
443 1
444 1
445 0
446 0
447 1
448 0
449 1
450 1
451 1
452 1
453 1
454 2
455 0
456 1
457 1
458 0
459 0
460 1
461 0
462 1
463 0
464 0
465 1
466 1
467 1
468 0
469 0
470 0
471 0
472 0
473 0
474 1
475 0
476 1
477 0
478 0
479 2
480 0
481 1
482 0
483 1
484 1
485 1
486 0
487 0
488 0
489 2
490 1
491 1
492 0
493 0
494 0
495 0
496 0
497 1
498 1
499 1
500 2
501 1
502 1
503 0
504 1
505 0
506 2
507 1
508 1
509 1
510 1
511 0
512 1
513 0
514 0
515 0
516 0
517 0
518 1
519 0
520 1
521 0
522 0
523 1
524 1
525 0
526 0
527 1
528 0
529 0
530 1
531 0
532 0
533 1
534 0
535 1
536 0
537 1
538 0
539 1
540 1
541 0
542 0
543 0
544 1
545 0
546 1
547 0
548 0
549 0
550 0
551 0
552 0
553 0
554 0
555 0
556 0
557 1
558 0
559 1
560 1
561 1
562 0
563 1
564 0
565 1
566 1
567 0
568 0
569 1
570 1
571 1
572 0
573 2
574 2
575 1
576 1
577 0
578 1
579 0
580 1
581 0
582 0
583 0
584 1
585 0
586 0
587 0
588 0
589 0
590 0
591 0
592 0
593 1
594 1
595 0
596 0
597 1
598 0
599 1
600 1
601 0
602 0
603 1
604 1
605 0
606 1
607 1
608 0
609 0
610 0
611 0
612 0
613 0
614 1
615 1
616 1
617 0
618 0
619 1
620 0
621 1
622 0
623 0
624 0
625 0
626 1
627 1
628 1
629 0
630 1
631 0
632 1
633 1
634 0
635 1
636 1
637 1
638 0
639 1
640 0
641 0
642 0
643 1
644 1
645 1
646 2
647 0
648 0
649 1
650 1
651 1
652 1
653 0
654 0
655 1
656 0
657 0
658 0
659 0
660 1
661 0
662 0
663 1
664 0
665 1
666 1
667 0
668 0
669 0
670 0
671 0
672 0
673 0
674 1
675 0
676 0
677 1
678 0
679 1
680 1
681 1
682 1
683 0
684 0
685 0
686 0
687 0
688 0
689 0
690 0
691 1
692 0
693 1
694 0
695 1
696 1
697 1
698 0
699 1
700 1
701 0
702 1
703 1
704 0
705 1
706 1
707 0
708 0
709 1
710 1
711 1
712 1
713 1
714 0
715 1
716 1
717 1
718 0
719 1
720 0
721 1
722 0
723 0
724 1
725 1
726 1
727 1
728 1
729 1
730 0
731 1
732 1
733 0
734 0
735 0
736 1
737 0
738 1
739 1
740 0
741 0
742 0
743 1
744 1
745 2
746 0
747 1
748 0
749 1
750 1
751 2
752 0
753 0
754 1
755 1
756 1
757 1
758 0
759 1
760 0
761 1
762 1
763 1
764 0
765 0
766 0
767 0
768 0
769 1
770 1
771 1
772 0
773 1
774 0
775 1
776 1
777 2
778 1
779 1
780 0
781 1
782 1
783 1
784 0
785 1
786 1
787 0
788 0
789 0
790 0
791 0
792 1
793 1
794 1
795 0
796 0
797 0
798 1
799 1
800 0
801 1
802 1
803 0
804 1
805 1
806 0
807 1
808 0
809 0
810 1
811 1
812 0
813 1
814 1
815 0
816 1
817 1
818 0
819 1
820 1
821 1
822 1
823 0
824 0
825 1
826 0
827 1
828 1
829 1
830 1
831 1
832 1
833 1
834 1
835 0
836 1
837 0
838 1
839 1
840 0
841 0
842 1
843 1
844 0
845 0
846 1
847 0
848 1
849 1
850 1
851 1
852 0
853 0
854 1
855 1
856 0
857 1
858 0
859 1
860 0
861 1
862 1
863 1
864 0
865 1
866 0
867 1
868 1
869 1
870 0
871 1
872 1
873 1
874 0
875 0
876 1
877 1
878 0
879 1
880 0
881 1
882 1
883 1
884 1
885 1
886 1
887 1
888 0
889 0
890 2
891 1
892 1
893 2
894 0
895 1
896 1
897 1
898 1
899 0
900 0
901 1
902 1
903 0
904 0
905 1
906 0
907 0
908 1
909 0
910 0
911 1
912 1
913 1
914 1
915 1
916 0
917 1
918 1
919 1
920 1
921 1
922 1
923 1
924 1
925 0
926 1
927 0
928 1
929 0
930 1
931 1
932 2
933 0
934 1
935 0
936 0
937 1
938 1
939 0
940 1
941 1
942 1
943 2
944 1
945 0
946 0
947 0
948 0
949 0
950 0
951 1
952 1
953 0
954 0
955 1
956 1
957 1
958 0
959 0
960 1
961 1
962 1
963 2
964 1
965 0
966 1
967 0
968 0
969 1
970 1
971 1
972 1
973 1
974 1
975 1
976 0
977 0
978 0
979 1
980 0
981 0
982 0
983 1
984 1
985 1
986 0
987 0
988 1
989 1
990 0
991 0
992 0
993 1
994 1
995 0
996 0
997 0
998 0
999 1
1000 0
1001 0
1002 1
1003 1
1004 1
1005 1
1006 1
1007 1
1008 0
1009 1
1010 1
1011 1
1012 1
1013 1
1014 1
1015 0
1016 2
1017 1
1018 0
1019 0
1020 0
1021 1
1022 1
1023 0
1024 1
1025 2
1026 0
1027 0
1028 1
1029 1
1030 0
1031 0
1032 0
1033 1
1034 1
1035 1
1036 0
1037 0
1038 1
1039 1
1040 1
1041 1
1042 1
1043 0
1044 1
1045 1
1046 1
1047 0
1048 0
1049 0
1050 1
1051 2
1052 0
1053 0
1054 0
1055 0
1056 1
1057 1
1058 1
1059 0
1060 1
1061 1
1062 1
1063 0
1064 1
1065 1
1066 0
1067 0
1068 1
1069 0
1070 0
1071 0
1072 1
1073 1
1074 1
1075 1
1076 2
1077 1
1078 1
1079 0
1080 0
1081 0
1082 1
1083 1
1084 0
1085 1
1086 0
1087 0
1088 0
1089 1
1090 0
1091 1
1092 2
1093 0
1094 0
1095 1
1096 1
1097 0
1098 0
1099 0
1100 0
1101 0
1102 0
1103 0
1104 0
1105 0
1106 1
1107 1
1108 0
1109 0
1110 0
1111 0
1112 1
1113 0
1114 0
1115 0
1116 0
1117 1
1118 1
1119 0
1120 0
1121 0
1122 1
1123 1
1124 0
1125 0
1126 0
1127 0
1128 0
1129 0
1130 0
1131 0
1132 0
1133 0
1134 0
1135 0
1136 0
1137 0
1138 0
1139 0
1140 0
1141 0
1142 0
1143 0
1144 0
1145 0
1146 0
1147 0
1148 1
1149 1
1150 1
1151 0
1152 0
1153 0
1154 0
1155 0
1156 0
1157 0
1158 0
1159 0
1160 0
1161 0
1162 0
1163 0
1164 0
1165 0
1166 0
1167 0
1168 0
1169 0
1170 0
1171 0
1172 0
1173 0
1174 0
1175 0
1176 0
1177 0
1178 0
1179 0
1180 1
1181 1
1182 0
1183 1
1184 0
1185 0
1186 0
1187 0
1188 1
1189 1
1190 0
1191 0
1192 0
1193 0
1194 0
1195 0
1196 0
1197 1
1198 0
1199 1
1200 1
1201 1
1202 0
1203 0
1204 0
1205 0
1206 0
1207 0
1208 0
1209 0
1210 0
1211 0
1212 0
1213 0
1214 0
1215 0
1216 0
1217 0
1218 0
1219 0
1220 0
1221 0
1222 0
1223 0
1224 0
1225 0
1226 0
1227 0
1228 0
1229 0
1230 0
1231 0
1232 0
1233 0
1234 0
1235 0
1236 0
1237 0
1238 0
1239 1
1240 0
1241 0
1242 0
1243 0
1244 0
1245 1
1246 0
1247 0
1248 0
1249 1
1250 0
1251 0
1252 0
1253 0
1254 0
1255 0
1256 0
1257 0
1258 0
1259 0
1260 0
1261 0
1262 0
1263 0
1264 0
1265 0
1266 0
1267 0
1268 0
1269 1
1270 0
1271 0
1272 0
1273 0
1274 0
1275 0
1276 0
1277 0
1278 0
1279 0
1280 0
1281 0
1282 0
1283 0
1284 0
1285 0
1286 0
1287 0
1288 0
1289 0
1290 0
1291 0
1292 0
1293 0
1294 0
1295 0
1296 0
1297 0
1298 0
1299 0
1300 0
1301 0
1302 0
1303 0
1304 0
1305 0
1306 0
1307 0
1308 1
1309 0
1310 0
1311 0
1312 0
1313 0
1314 0
1315 0
1316 0
1317 0
1318 0
1319 0
1320 0
1321 1
1322 0
1323 0
1324 0
1325 0
1326 1
1327 0
1328 0
1329 0
1330 0
1331 1
1332 0
1333 0
1334 0
1335 0
1336 0
1337 0
1338 1
1339 0
1340 0
1341 1
1342 0
1343 0
1344 0
1345 0
1346 0
1347 0
1348 1
1349 2
1350 0
1351 0
1352 0
1353 0
1354 0
1355 0
1356 0
1357 0
1358 0
1359 1
1360 1
1361 1
1362 1
1363 1
1364 1
1365 1
1366 0
1367 0
1368 1
1369 1
1370 1
1371 2
1372 1
1373 0
1374 1
1375 1
1376 1
1377 1
1378 0
1379 1
1380 1
1381 1
1382 1
1383 1
1384 1
1385 0
1386 0
1387 0
1388 0
1389 0
1390 1
1391 1
1392 1
1393 1
1394 0
1395 0
1396 0
1397 1
1398 1
1399 1
1400 1
1401 0
1402 0
1403 1
1404 0
1405 0
1406 1
1407 1
1408 0
1409 1
1410 1
1411 0
1412 1
1413 1
1414 0
1415 1
1416 0
1417 1
1418 1
1419 0
1420 0
1421 1
1422 0
1423 0
1424 0
1425 0
1426 0
1427 1
1428 1
1429 0
1430 1
1431 1
1432 1
1433 1
1434 1
1435 0
1436 0
1437 1
1438 1
1439 0
1440 1
1441 1
1442 0
1443 1
1444 0
1445 1
1446 1
1447 1
1448 0
1449 1
1450 0
1451 0
1452 1
1453 1
1454 1
1455 1
1456 1
1457 0
1458 0
1459 0
1460 0
1461 0
1462 0
1463 1
1464 0
1465 1
1466 0
1467 0
1468 0
1469 0
1470 0
1471 0
1472 0
1473 1
1474 0
1475 0
1476 0
1477 0
1478 0
1479 0
1480 1
1481 1
1482 1
1483 0
1484 0
1485 0
1486 0
1487 0
1488 0
1489 0
1490 0
1491 0
1492 1
1493 0
1494 0
1495 0
1496 0
1497 2
1498 0
1499 1
1500 0
1501 0
1502 1
1503 0
1504 0
1505 0
1506 0
1507 1
1508 0
1509 1
1510 2
1511 0
1512 0
1513 0
1514 1
1515 0
1516 1
1517 0
1518 1
1519 0
1520 1
1521 0
1522 1
1523 1
1524 1
1525 1
1526 0
1527 0
1528 0
1529 0
1530 0
1531 0
1532 0
1533 2
1534 0
1535 2
1536 0
1537 1
1538 0
1539 0
1540 0
1541 0
1542 0
1543 0
1544 1
1545 0
1546 0
1547 1
1548 0
1549 0
1550 0
1551 0
1552 1
1553 0
1554 1
1555 1
1556 0
1557 0
1558 1
1559 0
1560 1
1561 1
1562 0
1563 0
1564 1
1565 0
1566 0
1567 0
1568 0
1569 0
1570 0
1571 0
1572 0
1573 0
1574 0
1575 0
1576 0
1577 0
1578 0
1579 0
1580 0
1581 0
1582 0
1583 0
1584 0
1585 0
1586 0
1587 1
1588 0
1589 0
1590 0
1591 0
1592 0
1593 0
1594 0
1595 0
1596 0
1597 0
1598 0
1599 0
1600 0
1601 0
1602 0
1603 0
1604 0
1605 0
1606 0
1607 0
1608 0
1609 0
1610 0
1611 0
1612 0
1613 0
1614 0
1615 0
1616 0
1617 0
1618 0
1619 2
1620 0
1621 0
1622 0
1623 0
1624 0
1625 0
1626 0
1627 0
1628 0
1629 0
1630 0
1631 0
1632 0
1633 0
1634 0
1635 0
1636 0
1637 0
1638 0
1639 0
1640 0
1641 0
1642 0
1643 0
1644 0
1645 0
1646 0
1647 0
1648 0
1649 0
1650 1
1651 0
1652 0
1653 0
1654 0
1655 0
1656 0
1657 0
1658 1
1659 0
1660 0
1661 0
1662 0
1663 0
1664 0
1665 0
1666 0
1667 0
1668 0
1669 0
1670 0
1671 0
1672 0
1673 1
1674 0
1675 0
1676 0
1677 0
1678 0
1679 1
1680 0
1681 0
1682 1
1683 1
1684 0
1685 0
1686 2
1687 0
1688 1
1689 1
1690 0
1691 0
1692 0
1693 0
1694 0
1695 0
1696 0
1697 0
1698 0
1699 0
1700 0
1701 0
1702 0
1703 1
1704 0
1705 1
1706 0
1707 1
1708 1
1709 1
1710 0
1711 0
1712 0
1713 0
1714 0
1715 1
1716 1
1717 0
1718 0
1719 0
1720 1
1721 0
1722 0
1723 0
1724 0
1725 0
1726 1
1727 0
1728 0
1729 0
1730 0
1731 0
1732 0
1733 0
1734 1
1735 0
1736 0
1737 0
1738 0
1739 0
1740 0
1741 0
1742 0
1743 0
1744 0
1745 0
1746 0
1747 1
1748 0
1749 0
1750 0
1751 1
1752 0
1753 0
1754 1
1755 0
1756 0
1757 0
1758 0
1759 0
1760 0
1761 0
1762 0
1763 0
1764 0
1765 0
1766 0
1767 0
1768 0
1769 0
1770 1
1771 0
1772 0
1773 0
1774 0
1775 0
1776 0
1777 0
1778 0
1779 0
1780 0
1781 0
1782 1
1783 0
1784 0
1785 0
1786 0
1787 0
1788 0
1789 0
1790 0
1791 0
1792 0
1793 0
1794 0
1795 0
1796 0
1797 0
1798 0
1799 0
1800 0
1801 0
1802 0
1803 0
1804 0
1805 0
1806 0
1807 1
1808 1
1809 0
1810 0
1811 0
1812 1
1813 0
1814 0
1815 1
1816 0
1817 0
1818 0
1819 0
1820 0
1821 0
1822 0
1823 0
1824 0
1825 0
1826 0
1827 0
1828 1
1829 2
1830 0
1831 0
1832 0
1833 0
1834 0
1835 0
1836 0
1837 0
1838 0
1839 0
1840 0
1841 0
1842 0
1843 0
1844 0
1845 0
1846 0
1847 0
1848 0
1849 0
1850 0
1851 0
1852 0
1853 0
1854 0
1855 0
1856 0
1857 0
1858 0
1859 0
1860 0
1861 0
1862 0
1863 0
1864 0
1865 0
1866 0
1867 0
1868 0
1869 0
1870 0
1871 0
1872 0
1873 0
1874 0
1875 0
1876 0
1877 0
1878 0
1879 0
1880 0
1881 1
1882 0
1883 0
1884 0
1885 1
1886 0
1887 0
1888 0
1889 0
1890 0
1891 0
1892 0
1893 0
1894 0
1895 0
1896 0
1897 1
1898 1
1899 0
1900 0
1901 1
1902 1
1903 0
1904 0
1905 0
1906 0
1907 1
1908 0
1909 0
1910 1
1911 0
1912 0
1913 0
1914 0
1915 0
1916 0
1917 0
1918 0
1919 0
1920 1
1921 1
1922 0
1923 1
1924 0
1925 0
1926 0
1927 0
1928 0
1929 0
1930 0
1931 0
1932 0
1933 0
1934 0
1935 0
1936 0
1937 0
1938 0
1939 0
1940 0
1941 0
1942 0
1943 0
1944 0
1945 0
1946 0
1947 0
1948 0
1949 0
1950 0
1951 0
1952 0
1953 0
1954 0
1955 0
1956 0
1957 0
1958 0
1959 0
1960 0
1961 0
1962 0
1963 0
1964 0
1965 0
1966 0
1967 0
1968 0
1969 0
1970 0
1971 0
1972 0
1973 0
1974 0
1975 0
1976 0
1977 0
1978 0
1979 0
1980 0
1981 0
1982 0
1983 0
1984 1
1985 0
1986 0
1987 0
1988 0
1989 0
1990 1
1991 0
1992 0
1993 0
1994 0
1995 0
1996 0
1997 0
1998 0
1999 0
