0 1
1 0
2 1
3 0
4 1
5 0
6 0
7 0
8 1
9 0
10 0
11 0
12 1
13 0
14 0
15 0
16 0
17 0
18 1
19 0
20 0
21 0
22 0
23 0
24 1
25 1
26 0
27 0
28 0
29 0
30 1
31 0
32 0
33 0
34 0
35 1
36 0
37 1
38 0
39 0
40 0
41 3
42 1
43 1
44 0
45 0
46 0
47 0
48 1
49 0
50 0
51 0
52 1
53 0
54 1
55 0
56 1
57 1
58 1
59 0
60 0
61 0
62 0
63 0
64 0
65 0
66 1
67 1
68 0
69 1
70 0
71 0
72 0
73 0
74 0
75 0
76 0
77 0
78 0
79 0
80 0
81 1
82 0
83 1
84 0
85 0
86 0
87 1
88 0
89 1
90 1
91 1
92 1
93 1
94 0
95 0
96 0
97 1
98 1
99 1
100 1
101 0
102 1
103 0
104 0
105 0
106 1
107 1
108 0
109 0
110 1
111 0
112 1
113 0
114 1
115 0
116 0
117 0
118 0
119 0
120 2
121 0
122 1
123 0
124 1
125 0
126 1
127 1
128 0
129 0
130 0
131 0
132 0
133 0
134 1
135 0
136 2
137 0
138 0
139 0
140 1
141 1
142 0
143 1
144 0
145 0
146 1
147 0
148 2
149 0
150 1
151 1
152 0
153 1
154 0
155 0
156 1
157 0
158 1
159 0
160 0
161 0
162 1
163 0
164 1
165 0
166 2
167 1
168 0
169 0
170 0
171 1
172 0
173 0
174 0
175 0
176 0
177 0
178 0
179 1
180 0
181 0
182 1
183 1
184 0
185 0
186 0
187 0
188 1
189 0
190 0
191 0
192 0
193 0
194 0
195 0
196 0
197 0
198 0
199 1
200 0
201 1
202 0
203 1
204 0
205 1
206 0
207 0
208 0
209 0
210 0
211 0
212 0
213 0
214 1
215 2
216 0
217 0
218 1
219 0
220 1
221 0
222 0
223 0
224 1
225 1
226 1
227 1
228 0
229 0
230 0
231 0
232 0
233 1
234 1
235 0
236 1
237 2
238 1
239 1
240 0
241 1
242 1
243 1
244 1
245 0
246 0
247 0
248 1
249 1
250 0
251 1
252 0
253 2
254 0
255 1
256 1
257 0
258 1
259 0
260 1
261 2
262 0
263 1
264 0
265 0
266 1
267 1
268 1
269 1
270 0
271 1
272 0
273 0
274 0
275 0
276 0
277 0
278 0
279 1
280 1
281 0
282 0
283 1
284 1
285 1
286 1
287 0
288 1
289 1
290 1
291 0
292 1
293 1
294 0
295 0
296 0
297 0
298 0
299 1
300 0
301 1
302 0
303 1
304 1
305 0
306 1
307 1
308 0
309 0
310 0
311 0
312 0
313 0
314 1
315 0
316 1
317 0
318 0
319 0
320 0
321 1
322 0
323 0
324 0
325 0
326 0
327 0
328 0
329 1
330 0
331 0
332 0
333 1
334 1
335 1
336 0
337 0
338 0
339 0
340 0
341 1
342 1
343 2
344 0
345 0
346 1
347 1
348 0
349 0
350 1
351 1
352 1
353 1
354 1
355 0
356 1
357 0
358 1
359 1
360 0
361 0
362 0
363 1
364 0
365 0
366 1
367 0
368 0
369 0
370 1
371 1
372 0
373 1
374 0
375 1
376 0
377 0
378 1
379 1
380 1
381 1
382 1
383 1
384 0
385 0
386 1
387 0
388 2
389 1
390 0
391 0
392 1
393 0
394 0
395 0
396 0
397 1
398 1
399 0
400 0
401 2
402 1
403 0
404 0
405 0
406 0
407 1
408 2
409 1
410 0
411 1
412 0
413 1
414 1
415 0
416 1
417 1
418 0
419 1
420 1
421 0
422 1
423 0
424 1
425 1
426 1
427 0
428 1
429 0
430 1
431 0
432 0
433 1
434 1
435 0
436 1
437 0
438 0
439 0
440 0
441 0
442 0
443 1
444 1
445 1
446 1
447 0
448 1
449 1
450 0
451 0
452 0
453 1
454 0
455 0
456 2
457 0
458 0
459 0
460 0
461 0
462 1
463 0
464 0
465 0
466 1
467 1
468 1
469 0
470 0
471 0
472 0
473 0
474 0
475 0
476 1
477 1
478 0
479 0
480 0
481 0
482 0
483 0
484 0
485 0
486 0
487 1
488 1
489 1
490 0
491 0
492 0
493 0
494 1
495 0
496 0
497 0
498 0
499 1
500 1
501 0
502 1
503 1
504 0
505 1
506 1
507 0
508 0
509 1
510 1
511 0
512 0
513 0
514 1
515 1
516 0
517 0
518 1
519 0
520 1
521 1
522 0
523 0
524 0
525 1
526 0
527 0
528 0
529 1
530 1
531 0
532 0
533 2
534 1
535 1
536 1
537 1
538 1
539 1
540 0
541 1
542 1
543 0
544 1
545 2
546 1
547 1
548 0
549 1
550 0
551 0
552 0
553 1
554 1
555 1
556 1
557 1
558 2
559 1
560 1
561 1
562 1
563 0
564 0
565 0
566 1
567 1
568 1
569 1
570 0
571 1
572 1
573 1
574 2
575 2
576 1
577 0
578 0
579 1
580 1
581 0
582 0
583 0
584 0
585 0
586 1
587 1
588 1
589 1
590 0
591 2
592 0
593 0
594 0
595 0
596 0
597 2
598 1
599 1
600 1
601 0
602 1
603 0
604 0
605 1
606 1
607 0
608 0
609 0
610 0
611 0
612 0
613 0
614 0
615 2
616 1
617 2
618 0
619 1
620 0
621 0
622 0
623 1
624 1
625 1
626 1
627 1
628 1
629 0
630 0
631 1
632 1
633 2
634 0
635 1
636 0
637 0
638 0
639 0
640 0
641 1
642 0
643 0
644 1
645 1
646 0
647 0
648 0
649 0
650 0
651 0
652 1
653 1
654 1
655 0
656 0
657 0
658 0
659 0
660 0
661 0
662 0
663 0
664 0
665 0
666 0
667 0
668 0
669 0
670 1
671 2
672 0
673 0
674 1
675 0
676 0
677 0
678 0
679 0
680 0
681 0
682 0
683 0
684 0
685 0
686 0
687 0
688 0
689 0
690 1
691 0
692 1
693 1
694 0
695 0
696 0
697 0
698 0
699 0
700 0
701 0
702 0
703 0
704 0
705 0
706 0
707 0
708 0
709 0
710 0
711 1
712 1
713 0
714 0
715 0
716 1
717 0
718 1
719 0
720 1
721 0
722 0
723 0
724 0
725 0
726 0
727 0
728 1
729 0
730 0
731 0
732 0
733 0
734 1
735 0
736 1
737 0
738 0
739 0
740 0
741 0
742 0
743 0
744 1
745 2
746 1
747 0
748 1
749 0
750 0
751 1
752 1
753 0
754 1
755 1
756 0
757 0
758 0
759 1
760 1
761 1
762 0
763 1
764 0
765 0
766 0
767 1
768 1
769 1
770 1
771 0
772 1
773 1
774 1
775 1
776 0
777 1
778 0
779 1
780 0
781 1
782 0
783 0
784 0
785 1
786 1
787 0
788 1
789 1
790 1
791 0
792 0
793 0
794 1
795 0
796 0
797 0
798 1
799 0
800 0
801 1
802 0
803 0
804 0
805 0
806 0
807 1
808 1
809 1
810 1
811 0
812 1
813 1
814 1
815 1
816 0
817 0
818 0
819 1
820 0
821 0
822 0
823 0
824 1
825 0
826 1
827 1
828 0
829 0
830 1
831 0
832 1
833 1
834 0
835 1
836 1
837 1
838 1
839 1
840 1
841 1
842 2
843 1
844 1
845 0
846 0
847 1
848 1
849 1
850 0
851 0
852 1
853 0
854 0
855 2
856 1
857 1
858 1
859 1
860 0
861 1
862 1
863 1
864 1
865 0
866 0
867 0
868 1
869 1
870 0
871 0
872 1
873 0
874 0
875 0
876 1
877 1
878 0
879 0
880 1
881 1
882 0
883 1
884 1
885 1
886 1
887 1
888 1
889 1
890 1
891 1
892 1
893 1
894 1
895 0
896 1
897 1
898 0
899 1
900 1
901 1
902 0
903 2
904 1
905 0
906 0
907 1
908 1
909 0
910 0
911 1
912 1
913 2
914 1
915 0
916 1
917 1
918 1
919 1
920 0
921 2
922 1
923 0
924 1
925 1
926 1
927 1
928 1
929 0
930 1
931 1
932 0
933 0
934 0
935 1
936 0
937 0
938 0
939 3
940 1
941 1
942 1
943 2
944 2
945 1
946 1
947 1
948 2
949 0
950 2
951 2
952 1
953 0
954 2
955 2
956 1
957 2
958 1
959 3
960 3
961 2
962 2
963 2
964 2
965 2
966 2
967 2
968 2
969 2
970 0
971 2
972 2
973 4
974 2
975 0
976 0
977 1
978 0
979 0
980 0
981 0
982 0
983 0
984 0
985 0
986 0
987 0
988 0
989 0
990 0
991 0
992 0
993 0
994 0
995 0
996 0
997 0
998 0
999 0
1000 0
1001 0
1002 0
1003 0
1004 0
1005 1
1006 0
1007 0
1008 1
1009 1
1010 1
1011 1
1012 0
1013 0
1014 0
1015 0
1016 1
1017 0
1018 0
1019 1
1020 0
1021 1
1022 1
1023 0
1024 0
1025 1
1026 0
1027 1
1028 0
1029 0
1030 0
1031 1
1032 0
1033 1
1034 0
1035 0
1036 0
1037 0
1038 0
1039 1
1040 2
1041 1
1042 0
1043 0
1044 0
1045 0
1046 0
1047 1
1048 0
1049 0
1050 1
1051 0
1052 1
1053 1
1054 0
1055 0
1056 1
1057 0
1058 0
1059 1
1060 1
1061 0
1062 0
1063 1
1064 0
1065 0
1066 0
1067 0
1068 1
1069 1
1070 0
1071 1
1072 1
1073 1
1074 1
1075 1
1076 0
1077 0
1078 0
1079 0
1080 0
1081 0
1082 0
1083 0
1084 0
1085 1
1086 0
1087 1
1088 0
1089 0
1090 1
1091 1
1092 1
1093 1
1094 0
1095 1
1096 1
1097 0
1098 0
1099 0
1100 1
1101 0
1102 0
1103 0
1104 0
1105 0
1106 0
1107 1
1108 0
1109 1
1110 0
1111 1
1112 0
1113 0
1114 0
1115 1
1116 0
1117 0
1118 0
1119 0
1120 0
1121 0
1122 0
1123 0
1124 1
1125 0
1126 0
1127 0
1128 0
1129 1
1130 0
1131 1
1132 1
1133 0
1134 1
1135 0
1136 0
1137 1
1138 0
1139 1
1140 0
1141 0
1142 0
1143 0
1144 0
1145 0
1146 0
1147 1
1148 0
1149 0
1150 0
1151 0
1152 1
1153 0
1154 1
1155 0
1156 0
1157 1
1158 0
1159 1
1160 1
1161 0
1162 1
1163 1
1164 0
1165 0
1166 0
1167 0
1168 1
1169 1
1170 1
1171 0
1172 0
1173 0
1174 0
1175 0
1176 0
1177 0
1178 0
1179 0
1180 0
1181 1
1182 0
1183 0
1184 1
1185 1
1186 0
1187 2
1188 0
1189 2
1190 0
1191 1
1192 0
1193 0
1194 0
1195 1
1196 0
1197 0
1198 0
1199 0
1200 0
1201 0
1202 0
1203 0
1204 0
1205 1
1206 0
1207 0
1208 0
1209 2
1210 0
1211 0
1212 1
1213 1
1214 0
1215 0
1216 0
1217 0
1218 1
1219 1
1220 1
1221 0
1222 1
1223 0
1224 1
1225 0
1226 1
1227 1
1228 0
1229 0
1230 0
1231 0
1232 0
1233 0
1234 1
1235 0
1236 0
1237 0
1238 0
1239 0
1240 0
1241 0
1242 0
1243 0
1244 0
1245 0
1246 1
1247 0
1248 0
1249 0
1250 2
1251 1
1252 1
1253 0
1254 1
1255 0
1256 1
1257 1
1258 1
1259 1
1260 0
1261 0
1262 1
1263 1
1264 1
1265 0
1266 0
1267 1
1268 1
1269 0
1270 1
1271 1
1272 0
1273 1
1274 0
1275 0
1276 1
1277 1
1278 1
1279 0
1280 0
1281 1
1282 0
1283 1
1284 1
1285 1
1286 0
1287 2
1288 1
1289 1
1290 1
1291 1
1292 1
1293 0
1294 0
1295 0
1296 1
1297 1
1298 0
1299 1
1300 1
1301 1
1302 0
1303 0
1304 1
1305 0
1306 0
1307 1
1308 0
1309 0
1310 0
1311 0
1312 0
1313 0
1314 1
1315 0
1316 0
1317 0
1318 0
1319 0
1320 0
1321 0
1322 0
1323 0
1324 0
1325 1
1326 1
1327 1
1328 1
1329 1
1330 1
1331 1
1332 1
1333 1
1334 1
1335 0
1336 1
1337 1
1338 0
1339 0
1340 0
1341 1
1342 1
1343 1
1344 1
1345 1
1346 0
1347 1
1348 0
1349 0
1350 0
1351 1
1352 0
1353 0
1354 1
1355 1
1356 0
1357 1
1358 1
1359 1
1360 0
1361 1
1362 1
1363 0
1364 1
1365 1
1366 1
1367 1
1368 1
1369 0
1370 0
1371 1
1372 0
1373 0
1374 0
1375 2
1376 1
1377 0
1378 1
1379 0
1380 0
1381 0
1382 1
1383 0
1384 0
1385 0
1386 0
1387 0
1388 0
1389 0
1390 1
1391 0
1392 0
1393 0
1394 0
1395 1
1396 1
1397 0
1398 1
1399 1
1400 0
1401 0
1402 1
1403 2
1404 1
1405 1
1406 1
1407 1
1408 0
1409 1
1410 0
1411 1
1412 0
1413 1
1414 1
1415 0
1416 0
1417 1
1418 1
1419 0
1420 0
1421 1
1422 1
1423 1
1424 0
1425 0
1426 0
1427 0
1428 0
1429 1
1430 0
1431 0
1432 0
1433 0
1434 0
1435 1
1436 0
1437 0
1438 1
1439 0
1440 0
1441 1
1442 0
1443 0
1444 0
1445 0
1446 2
1447 1
1448 0
1449 0
1450 0
1451 1
1452 0
1453 1
1454 1
1455 1
1456 1
1457 1
1458 1
1459 1
1460 1
1461 1
1462 0
1463 1
1464 0
1465 1
1466 0
1467 1
1468 0
1469 0
1470 2
1471 0
1472 0
1473 1
1474 0
1475 0
1476 0
1477 1
1478 1
1479 1
1480 2
1481 1
1482 0
1483 1
1484 1
1485 0
1486 1
1487 0
1488 1
1489 0
1490 1
1491 0
1492 0
1493 0
1494 1
1495 0
1496 1
1497 1
1498 0
1499 1
1500 2
1501 1
1502 0
1503 0
1504 0
1505 0
1506 0
1507 0
1508 0
1509 0
1510 0
1511 0
1512 0
1513 0
1514 0
1515 0
1516 0
1517 0
1518 0
1519 1
1520 1
1521 1
1522 0
1523 1
1524 0
1525 1
1526 1
1527 1
1528 1
1529 1
1530 0
1531 0
1532 1
1533 0
1534 0
1535 1
1536 1
1537 0
1538 1
1539 2
1540 0
1541 0
1542 0
1543 0
1544 1
1545 0
1546 0
1547 1
1548 1
1549 0
1550 0
1551 1
1552 0
1553 0
1554 0
1555 1
1556 0
1557 1
1558 0
1559 0
1560 1
1561 0
1562 1
1563 2
1564 1
1565 0
1566 0
1567 1
1568 0
1569 1
1570 0
1571 0
1572 0
1573 0
1574 0
1575 1
1576 0
1577 1
1578 1
1579 1
1580 0
1581 0
1582 0
1583 0
1584 1
1585 0
1586 0
1587 1
1588 0
1589 1
1590 1
1591 1
1592 1
1593 1
1594 0
1595 1
1596 0
1597 0
1598 0
1599 0
1600 1
1601 0
1602 0
1603 0
1604 2
1605 1
1606 0
1607 1
1608 0
1609 1
1610 0
1611 1
1612 0
1613 1
1614 1
1615 1
1616 0
1617 0
1618 0
1619 1
1620 1
1621 0
1622 0
1623 1
1624 0
1625 2
1626 1
1627 2
1628 0
1629 0
1630 1
1631 1
1632 1
1633 0
1634 0
1635 1
1636 0
1637 1
1638 1
1639 0
1640 0
1641 0
1642 0
1643 0
1644 0
1645 0
1646 0
1647 0
1648 0
1649 0
1650 0
1651 0
1652 0
1653 0
1654 1
1655 1
1656 0
1657 0
1658 1
1659 0
1660 0
1661 0
1662 0
1663 0
1664 0
1665 0
1666 0
1667 0
1668 0
1669 0
1670 1
1671 0
1672 0
1673 1
1674 0
1675 0
1676 1
1677 1
1678 1
1679 0
1680 1
1681 1
1682 0
1683 0
1684 0
1685 1
1686 1
1687 1
1688 0
1689 1
1690 0
1691 0
1692 1
1693 0
1694 1
1695 0
1696 1
1697 1
1698 1
1699 1
1700 2
1701 0
1702 1
1703 0
1704 2
1705 0
1706 1
1707 1
1708 1
1709 1
1710 0
1711 0
1712 0
1713 1
1714 0
1715 1
1716 0
1717 2
1718 0
1719 0
1720 1
1721 1
1722 1
1723 1
1724 1
1725 0
1726 1
1727 0
1728 1
1729 0
1730 1
1731 2
1732 1
1733 1
1734 1
1735 1
1736 1
1737 1
1738 1
1739 0
1740 1
1741 1
1742 1
1743 0
1744 0
1745 0
1746 1
1747 0
1748 0
1749 1
1750 0
1751 1
1752 0
1753 1
1754 1
1755 0
1756 0
1757 1
1758 1
1759 0
1760 0
1761 0
1762 2
1763 0
1764 0
1765 0
1766 0
1767 0
1768 1
1769 0
1770 0
1771 0
1772 1
1773 0
1774 1
1775 0
1776 1
1777 0
1778 0
1779 0
1780 0
1781 1
1782 1
1783 1
1784 1
1785 0
1786 0
1787 0
1788 1
1789 1
1790 0
1791 0
1792 0
1793 0
1794 1
1795 0
1796 1
1797 1
1798 0
1799 1
1800 0
1801 0
1802 0
1803 0
1804 0
1805 2
1806 0
1807 0
1808 0
1809 1
1810 0
1811 0
1812 0
1813 1
1814 0
1815 0
1816 0
1817 0
1818 1
1819 0
1820 1
1821 0
1822 0
1823 1
1824 0
1825 1
1826 0
1827 0
1828 1
1829 1
1830 1
1831 0
1832 1
1833 0
1834 0
1835 1
1836 0
1837 0
1838 0
1839 0
1840 0
1841 0
1842 1
1843 2
1844 1
1845 1
1846 0
1847 0
1848 0
1849 0
1850 0
1851 0
1852 0
1853 0
1854 0
1855 0
1856 0
1857 1
1858 0
1859 0
1860 0
1861 0
1862 1
1863 1
1864 0
1865 0
1866 0
1867 0
1868 0
1869 0
1870 1
1871 0
1872 0
1873 0
1874 1
1875 0
1876 0
1877 1
1878 1
1879 0
1880 1
1881 0
1882 0
1883 1
1884 0
1885 0
1886 1
1887 1
1888 1
1889 0
1890 0
1891 0
1892 0
1893 0
1894 0
1895 1
1896 0
1897 0
1898 1
1899 0
1900 1
1901 0
1902 1
1903 1
1904 0
1905 1
1906 1
1907 0
1908 1
1909 0
1910 1
1911 0
1912 1
1913 1
1914 0
1915 0
1916 0
1917 0
1918 0
1919 0
1920 1
1921 0
1922 1
1923 0
1924 0
1925 0
1926 0
1927 0
1928 0
1929 0
1930 0
1931 1
1932 1
1933 0
1934 0
1935 1
1936 0
1937 0
1938 0
1939 1
1940 0
1941 0
1942 1
1943 0
1944 0
1945 0
1946 0
1947 1
1948 0
1949 0
1950 1
1951 0
1952 0
1953 0
1954 0
1955 1
1956 0
1957 1
1958 1
1959 0
1960 1
1961 0
1962 1
1963 1
1964 0
1965 1
1966 0
1967 1
1968 0
1969 1
1970 2
1971 0
1972 0
1973 0
1974 1
1975 1
1976 1
1977 0
1978 0
1979 0
1980 0
1981 0
1982 1
1983 0
1984 0
1985 0
1986 0
1987 0
1988 1
1989 0
1990 0
1991 0
1992 0
1993 0
1994 1
1995 1
1996 1
1997 1
1998 0
1999 0
