0 0
1 0
2 1
3 0
4 0
5 2
6 0
7 0
8 0
9 0
10 0
11 0
12 1
13 0
14 1
15 0
16 0
17 1
18 0
19 1
20 0
21 0
22 1
23 0
24 0
25 0
26 0
27 0
28 1
29 0
30 0
31 0
32 0
33 0
34 0
35 0
36 0
37 0
38 0
39 0
40 0
41 0
42 0
43 0
44 0
45 0
46 0
47 0
48 0
49 0
50 0
51 0
52 0
53 0
54 0
55 0
56 0
57 0
58 0
59 0
60 0
61 0
62 0
63 0
64 0
65 0
66 0
67 0
68 0
69 0
70 0
71 0
72 0
73 0
74 0
75 0
76 0
77 0
78 0
79 0
80 0
81 0
82 0
83 0
84 0
85 0
86 0
87 0
88 0
89 0
90 0
91 0
92 0
93 0
94 0
95 0
96 0
97 0
98 0
99 0
100 0
101 0
102 0
103 0
104 0
105 0
106 0
107 0
108 0
109 0
110 0
111 0
112 0
113 0
114 0
115 0
116 0
117 0
118 0
119 0
120 0
121 0
122 0
123 0
124 0
125 0
126 0
127 0
128 0
129 0
130 0
131 0
132 0
133 0
134 0
135 0
136 0
137 0
138 0
139 0
140 0
141 0
142 0
143 0
144 0
145 0
146 0
147 0
148 0
149 0
150 0
151 0
152 0
153 0
154 0
155 0
156 0
157 0
158 0
159 0
160 0
161 0
162 0
163 0
164 0
165 0
166 0
167 0
168 0
169 1
170 0
171 0
172 0
173 0
174 0
175 0
176 1
177 0
178 0
179 0
180 2
181 1
182 3
183 1
184 2
185 1
186 1
187 1
188 0
189 1
190 1
191 1
192 1
193 0
194 2
195 1
196 1
197 1
198 1
199 1
200 1
201 1
202 1
203 1
204 2
205 1
206 1
207 0
208 1
209 0
210 0
211 0
212 0
213 0
214 0
215 0
216 0
217 0
218 0
219 0
220 0
221 0
222 0
223 0
224 0
225 0
226 0
227 0
228 0
229 0
230 0
231 0
232 0
233 0
234 0
235 0
236 0
237 0
238 0
239 0
240 0
241 0
242 0
243 0
244 0
245 0
246 0
247 0
248 0
249 0
250 0
251 0
252 0
253 0
254 0
255 0
256 0
257 0
258 0
259 0
260 0
261 0
262 0
263 0
264 0
265 0
266 0
267 0
268 0
269 0
270 0
271 1
272 1
273 1
274 0
275 1
276 1
277 2
278 1
279 1
280 1
281 1
282 0
283 1
284 0
285 1
286 1
287 1
288 1
289 2
290 1
291 1
292 2
293 1
294 1
295 0
296 1
297 2
298 1
299 0
300 0
301 1
302 0
303 0
304 1
305 1
306 1
307 1
308 1
309 0
310 1
311 1
312 1
313 1
314 1
315 1
316 1
317 0
318 1
319 1
320 1
321 1
322 1
323 1
324 1
325 1
326 2
327 1
328 1
329 1
330 0
331 1
332 0
333 1
334 0
335 0
336 1
337 1
338 1
339 1
340 1
341 1
342 0
343 1
344 1
345 1
346 1
347 1
348 1
349 1
350 1
351 1
352 2
353 1
354 0
355 1
356 1
357 1
358 2
359 0
360 1
361 2
362 1
363 1
364 1
365 1
366 1
367 0
368 1
369 1
370 1
371 0
372 0
373 1
374 2
375 1
376 1
377 1
378 2
379 1
380 0
381 1
382 0
383 1
384 0
385 0
386 1
387 0
388 1
389 1
390 1
391 1
392 1
393 1
394 1
395 1
396 1
397 1
398 1
399 0
400 1
401 1
402 1
403 1
404 1
405 2
406 1
407 0
408 1
409 1
410 1
411 0
412 1
413 1
414 1
415 0
416 1
417 1
418 0
419 0
420 1
421 1
422 1
423 2
424 1
425 1
426 1
427 1
428 1
429 1
430 1
431 2
432 2
433 2
434 0
435 1
436 1
437 1
438 0
439 1
440 0
441 0
442 1
443 1
444 0
445 1
446 0
447 1
448 0
449 0
450 0
451 1
452 1
453 2
454 1
455 1
456 1
457 1
458 1
459 0
460 0
461 1
462 2
463 0
464 1
465 1
466 1
467 1
468 1
469 1
470 2
471 1
472 1
473 1
474 1
475 0
476 1
477 1
478 1
479 1
480 1
481 0
482 1
483 1
484 1
485 1
486 0
487 0
488 1
489 1
490 2
491 1
492 1
493 0
494 1
495 0
496 0
497 1
498 1
499 1
500 1
501 1
502 1
503 0
504 1
505 1
506 1
507 1
508 0
509 0
510 1
511 0
512 1
513 1
514 2
515 1
516 1
517 0
518 1
519 1
520 0
521 0
522 1
523 0
524 0
525 0
526 1
527 0
528 1
529 1
530 1
531 1
532 0
533 1
534 1
535 1
536 0
537 1
538 1
539 1
540 1
541 1
542 2
543 1
544 1
545 1
546 1
547 1
548 1
549 1
550 1
551 1
552 1
553 0
554 0
555 1
556 1
557 0
558 0
559 1
560 2
561 1
562 1
563 1
564 1
565 1
566 1
567 1
568 0
569 0
570 0
571 1
572 0
573 0
574 0
575 1
576 0
577 0
578 1
579 1
580 1
581 1
582 0
583 1
584 1
585 1
586 0
587 0
588 1
589 1
590 2
591 1
592 1
593 1
594 1
595 1
596 1
597 1
598 1
599 1
600 2
601 1
602 1
603 1
604 2
605 1
606 1
607 1
608 0
609 1
610 1
611 1
612 1
613 0
614 1
615 1
616 1
617 1
618 1
619 1
620 0
621 1
622 1
623 0
624 0
625 1
626 1
627 0
628 2
629 1
630 0
631 1
632 0
633 1
634 1
635 1
636 0
637 0
638 1
639 1
640 1
641 1
642 1
643 1
644 1
645 0
646 1
647 1
648 1
649 0
650 1
651 1
652 1
653 1
654 1
655 2
656 0
657 2
658 1
659 0
660 2
661 1
662 0
663 1
664 0
665 1
666 1
667 1
668 1
669 1
670 1
671 0
672 1
673 1
674 1
675 1
676 1
677 1
678 0
679 0
680 1
681 1
682 0
683 1
684 0
685 1
686 1
687 1
688 1
689 3
690 1
691 1
692 1
693 1
694 1
695 0
696 1
697 0
698 1
699 1
700 0
701 1
702 1
703 1
704 1
705 1
706 1
707 1
708 1
709 0
710 1
711 1
712 1
713 2
714 1
715 3
716 1
717 1
718 2
719 2
720 1
721 1
722 1
723 0
724 1
725 0
726 0
727 0
728 1
729 2
730 2
731 1
732 1
733 1
734 1
735 1
736 1
737 1
738 1
739 1
740 1
741 1
742 1
743 1
744 0
745 0
746 0
747 1
748 1
749 2
750 1
751 1
752 1
753 1
754 1
755 1
756 1
757 0
758 0
759 0
760 1
761 2
762 1
763 1
764 2
765 1
766 1
767 1
768 1
769 1
770 0
771 2
772 0
773 1
774 1
775 1
776 1
777 1
778 1
779 1
780 1
781 1
782 0
783 0
784 0
785 1
786 1
787 0
788 1
789 1
790 1
791 1
792 1
793 1
794 1
795 1
796 0
797 1
798 1
799 1
800 1
801 2
802 1
803 1
804 1
805 2
806 1
807 1
808 2
809 1
810 1
811 1
812 1
813 1
814 1
815 1
816 1
817 1
818 1
819 1
820 0
821 1
822 1
823 0
824 1
825 3
826 0
827 1
828 1
829 1
830 1
831 1
832 0
833 1
834 1
835 1
836 1
837 2
838 2
839 1
840 1
841 1
842 1
843 1
844 2
845 2
846 1
847 0
848 1
849 0
850 1
851 1
852 1
853 1
854 1
855 1
856 0
857 1
858 1
859 1
860 1
861 1
862 2
863 1
864 1
865 1
866 1
867 1
868 1
869 1
870 1
871 1
872 2
873 1
874 1
875 1
876 0
877 1
878 2
879 1
880 1
881 1
882 1
883 1
884 1
885 0
886 1
887 1
888 0
889 2
890 1
891 1
892 0
893 1
894 1
895 1
896 1
897 2
898 0
899 2
900 1
901 1
902 1
903 0
904 2
905 1
906 0
907 1
908 1
909 1
910 0
911 1
912 0
913 1
914 0
915 1
916 1
917 2
918 1
919 1
920 1
921 1
922 1
923 1
924 1
925 1
926 1
927 1
928 1
929 1
930 1
931 1
932 1
933 1
934 1
935 1
936 0
937 1
938 2
939 1
940 1
941 1
942 1
943 1
944 1
945 1
946 1
947 2
948 1
949 1
950 1
951 0
952 1
953 1
954 0
955 1
956 1
957 1
958 1
959 1
960 1
961 1
962 1
963 0
964 1
965 1
966 1
967 1
968 1
969 1
970 0
971 2
972 1
973 2
974 0
975 2
976 1
977 2
978 2
979 1
980 1
981 2
982 0
983 1
984 2
985 1
986 1
987 1
988 1
989 1
990 0
991 1
992 1
993 2
994 2
995 2
996 1
997 1
998 1
999 1
1000 1
1001 1
1002 2
1003 0
1004 2
1005 0
1006 1
1007 1
1008 2
1009 1
1010 1
1011 1
1012 1
1013 0
1014 0
1015 1
1016 1
1017 0
1018 1
1019 1
1020 1
1021 2
1022 1
1023 1
1024 2
1025 2
1026 1
1027 1
1028 1
1029 0
1030 1
1031 1
1032 0
1033 1
1034 2
1035 1
1036 1
1037 2
1038 1
1039 2
1040 1
1041 0
1042 1
1043 2
1044 1
1045 1
1046 1
1047 1
1048 2
1049 1
1050 1
1051 2
1052 1
1053 0
1054 1
1055 1
1056 2
1057 1
1058 1
1059 1
1060 1
1061 1
1062 1
1063 0
1064 1
1065 0
1066 1
1067 1
1068 2
1069 1
1070 1
1071 1
1072 1
1073 1
1074 1
1075 1
1076 1
1077 1
1078 0
1079 2
1080 2
1081 1
1082 1
1083 1
1084 1
1085 0
1086 1
1087 2
1088 0
1089 2
1090 1
1091 1
1092 2
1093 1
1094 1
1095 1
1096 1
1097 1
1098 0
1099 2
1100 2
1101 1
1102 1
1103 1
1104 2
1105 1
1106 1
1107 1
1108 1
1109 1
1110 1
1111 1
1112 2
1113 1
1114 1
1115 2
1116 1
1117 1
1118 1
1119 1
1120 0
1121 1
1122 0
1123 1
1124 1
1125 0
1126 1
1127 0
1128 1
1129 2
1130 0
1131 2
1132 1
1133 2
1134 0
1135 0
1136 0
1137 1
1138 1
1139 2
1140 2
1141 1
1142 1
1143 1
1144 1
1145 1
1146 1
1147 1
1148 1
1149 1
1150 2
1151 2
1152 1
1153 1
1154 1
1155 0
1156 1
1157 2
1158 1
1159 1
1160 1
1161 0
1162 1
1163 2
1164 1
1165 1
1166 1
1167 0
1168 1
1169 1
1170 0
1171 1
1172 0
1173 1
1174 2
1175 1
1176 1
1177 1
1178 0
1179 1
1180 2
1181 2
1182 1
1183 1
1184 2
1185 1
1186 2
1187 1
1188 1
1189 1
1190 0
1191 1
1192 2
1193 2
1194 1
1195 1
1196 1
1197 1
1198 2
1199 2
1200 1
1201 1
1202 1
1203 1
1204 1
1205 1
1206 1
1207 1
1208 1
1209 1
1210 2
1211 1
1212 1
1213 2
1214 1
1215 1
1216 2
1217 1
1218 0
1219 1
1220 1
1221 1
1222 1
1223 1
1224 1
1225 1
1226 1
1227 2
1228 1
1229 0
1230 1
1231 0
1232 1
1233 2
1234 1
1235 2
1236 1
1237 1
1238 1
1239 0
1240 1
1241 2
1242 1
1243 2
1244 2
1245 1
1246 1
1247 0
1248 1
1249 3
1250 1
1251 1
1252 1
1253 1
1254 2
1255 1
1256 1
1257 1
1258 1
1259 2
1260 0
1261 0
1262 1
1263 0
1264 1
1265 1
1266 2
1267 2
1268 1
1269 1
1270 1
1271 0
1272 1
1273 2
1274 1
1275 1
1276 1
1277 1
1278 1
1279 1
1280 2
1281 1
1282 0
1283 1
1284 2
1285 2
1286 1
1287 1
1288 1
1289 1
1290 1
1291 1
1292 1
1293 1
1294 1
1295 2
1296 1
1297 3
1298 0
1299 0
1300 0
1301 1
1302 1
1303 1
1304 1
1305 1
1306 2
1307 1
1308 1
1309 1
1310 1
1311 2
1312 1
1313 2
1314 0
1315 1
1316 2
1317 2
1318 1
1319 1
1320 1
1321 1
1322 0
1323 1
1324 1
1325 2
1326 1
1327 1
1328 0
1329 2
1330 2
1331 2
1332 2
1333 1
1334 1
1335 2
1336 1
1337 2
1338 1
1339 0
1340 1
1341 1
1342 1
1343 2
1344 3
1345 2
1346 1
1347 2
1348 1
1349 0
1350 1
1351 3
1352 1
1353 2
1354 1
1355 1
1356 1
1357 2
1358 2
1359 2
1360 1
1361 2
1362 2
1363 2
1364 1
1365 0
1366 2
1367 1
1368 1
1369 2
1370 0
1371 2
1372 2
1373 1
1374 1
1375 1
1376 1
1377 0
1378 0
1379 0
1380 1
1381 0
1382 2
1383 1
1384 0
1385 2
1386 1
1387 0
1388 0
1389 1
1390 0
1391 2
1392 0
1393 2
1394 0
1395 2
1396 2
1397 2
1398 2
1399 1
1400 0
1401 1
1402 2
1403 1
1404 1
1405 1
1406 1
1407 1
1408 2
1409 1
1410 0
1411 1
1412 1
1413 0
1414 0
1415 0
1416 0
1417 0
1418 0
1419 0
1420 0
1421 1
1422 0
1423 0
1424 0
1425 0
1426 0
1427 0
1428 0
1429 0
1430 0
1431 0
1432 0
1433 0
1434 0
1435 0
1436 0
1437 0
1438 0
1439 0
1440 0
1441 1
1442 0
1443 1
1444 1
1445 1
1446 2
1447 0
1448 2
1449 1
1450 1
1451 0
1452 1
1453 1
1454 1
1455 2
1456 1
1457 0
1458 0
1459 1
1460 1
1461 1
1462 1
1463 0
1464 1
1465 1
1466 1
1467 1
1468 2
1469 1
1470 1
1471 1
1472 2
1473 1
1474 1
1475 1
1476 1
1477 1
1478 1
1479 1
1480 1
1481 1
1482 1
1483 1
1484 1
1485 0
1486 1
1487 0
1488 1
1489 1
1490 1
1491 1
1492 1
1493 1
1494 1
1495 1
1496 1
1497 0
1498 0
1499 2
1500 1
1501 1
1502 1
1503 1
1504 1
1505 1
1506 1
1507 1
1508 1
1509 1
1510 0
1511 1
1512 1
1513 1
1514 1
1515 0
1516 0
1517 1
1518 1
1519 1
1520 1
1521 1
1522 1
1523 2
1524 1
1525 1
1526 1
1527 1
1528 1
1529 1
1530 1
1531 1
1532 1
1533 1
1534 1
1535 1
1536 1
1537 0
1538 1
1539 1
1540 2
1541 1
1542 1
1543 1
1544 0
1545 1
1546 1
1547 1
1548 1
1549 1
1550 1
1551 1
1552 0
1553 1
1554 1
1555 1
1556 1
1557 1
1558 0
1559 1
1560 1
1561 0
1562 1
1563 1
1564 1
1565 1
1566 1
1567 1
1568 1
1569 0
1570 1
1571 0
1572 1
1573 0
1574 1
1575 0
1576 2
1577 1
1578 0
1579 1
1580 2
1581 0
1582 0
1583 1
1584 1
1585 0
1586 1
1587 1
1588 0
1589 2
1590 1
1591 1
1592 2
1593 0
1594 1
1595 1
1596 1
1597 1
1598 0
1599 1
1600 1
1601 0
1602 1
1603 0
1604 0
1605 1
1606 0
1607 1
1608 0
1609 1
1610 1
1611 1
1612 1
1613 1
1614 1
1615 0
1616 0
1617 1
1618 1
1619 0
1620 1
1621 1
1622 1
1623 1
1624 1
1625 1
1626 1
1627 1
1628 1
1629 1
1630 1
1631 1
1632 0
1633 1
1634 1
1635 1
1636 1
1637 1
1638 1
1639 1
1640 1
1641 1
1642 1
1643 1
1644 0
1645 1
1646 1
1647 1
1648 0
1649 0
1650 1
1651 1
1652 1
1653 0
1654 0
1655 0
1656 1
1657 1
1658 1
1659 0
1660 0
1661 1
1662 0
1663 1
1664 2
1665 0
1666 1
1667 1
1668 0
1669 1
1670 1
1671 1
1672 1
1673 0
1674 1
1675 1
1676 1
1677 1
1678 1
1679 1
1680 1
1681 0
1682 1
1683 1
1684 1
1685 1
1686 2
1687 1
1688 1
1689 1
1690 1
1691 1
1692 1
1693 1
1694 2
1695 1
1696 0
1697 1
1698 1
1699 1
1700 0
1701 2
1702 1
1703 1
1704 0
1705 1
1706 1
1707 0
1708 1
1709 1
1710 1
1711 0
1712 1
1713 1
1714 1
1715 0
1716 1
1717 1
1718 1
1719 1
1720 1
1721 1
1722 1
1723 1
1724 1
1725 0
1726 1
1727 1
1728 1
1729 1
1730 1
1731 0
1732 1
1733 1
1734 1
1735 1
1736 1
1737 1
1738 0
1739 1
1740 1
1741 1
1742 1
1743 1
1744 2
1745 1
1746 1
1747 1
1748 1
1749 1
1750 1
1751 1
1752 1
1753 1
1754 1
1755 1
1756 1
1757 1
1758 1
1759 1
1760 1
1761 0
1762 0
1763 1
1764 1
1765 1
1766 1
1767 1
1768 1
1769 1
1770 0
1771 0
1772 1
1773 0
1774 0
1775 1
1776 1
1777 1
1778 1
1779 1
1780 1
1781 0
1782 0
1783 1
1784 1
1785 0
1786 0
1787 1
1788 0
1789 1
1790 1
1791 1
1792 1
1793 1
1794 1
1795 0
1796 1
1797 0
1798 2
1799 1
1800 1
1801 1
1802 1
1803 1
1804 2
1805 1
1806 1
1807 1
1808 1
1809 1
1810 1
1811 1
1812 0
1813 2
1814 1
1815 1
1816 1
1817 1
1818 0
1819 0
1820 0
1821 0
1822 1
1823 0
1824 1
1825 1
1826 0
1827 0
1828 1
1829 1
1830 0
1831 1
1832 0
1833 0
1834 1
1835 1
1836 1
1837 1
1838 1
1839 1
1840 2
1841 1
1842 1
1843 1
1844 1
1845 1
1846 1
1847 2
1848 1
1849 1
1850 1
1851 1
1852 1
1853 0
1854 1
1855 1
1856 0
1857 0
1858 1
1859 1
1860 1
1861 1
1862 1
1863 1
1864 0
1865 1
1866 1
1867 1
1868 1
1869 1
1870 1
1871 1
1872 1
1873 0
1874 1
1875 1
1876 1
1877 1
1878 0
1879 1
1880 1
1881 0
1882 1
1883 1
1884 1
1885 1
1886 1
1887 1
1888 1
1889 0
1890 1
1891 0
1892 1
1893 1
1894 1
1895 1
1896 1
1897 1
1898 1
1899 1
1900 0
1901 1
1902 0
1903 1
1904 1
1905 0
1906 1
1907 1
1908 1
1909 1
1910 1
1911 1
1912 1
1913 1
1914 1
1915 0
1916 0
1917 0
1918 0
1919 1
1920 0
1921 1
1922 0
1923 1
1924 1
1925 1
1926 1
1927 1
1928 1
1929 1
1930 1
1931 1
1932 1
1933 1
1934 1
1935 1
1936 1
1937 1
1938 0
1939 1
1940 0
1941 1
1942 1
1943 1
1944 1
1945 1
1946 1
1947 1
1948 0
1949 1
1950 1
1951 1
1952 1
1953 1
1954 0
1955 1
1956 1
1957 1
1958 1
1959 1
1960 0
1961 1
1962 0
1963 1
1964 0
1965 1
1966 1
1967 1
1968 1
1969 1
1970 1
1971 1
1972 1
1973 1
1974 1
1975 1
1976 0
1977 1
1978 1
1979 1
1980 1
1981 1
1982 1
1983 0
1984 1
1985 0
1986 0
1987 1
1988 1
1989 1
1990 1
1991 0
1992 1
1993 1
1994 1
1995 1
1996 1
1997 1
1998 1
1999 1
