0 0
1 0
2 0
3 0
4 0
5 0
6 0
7 0
8 0
9 0
10 0
11 0
12 0
13 0
14 0
15 0
16 0
17 0
18 0
19 1
20 0
21 1
22 1
23 1
24 1
25 1
26 1
27 0
28 1
29 0
30 0
31 0
32 0
33 0
34 0
35 0
36 0
37 0
38 0
39 0
40 0
41 0
42 0
43 0
44 0
45 0
46 0
47 0
48 0
49 0
50 0
51 0
52 0
53 0
54 0
55 0
56 0
57 0
58 0
59 0
60 0
61 0
62 0
63 0
64 0
65 0
66 0
67 0
68 0
69 0
70 0
71 0
72 0
73 0
74 0
75 0
76 0
77 0
78 0
79 0
80 0
81 0
82 0
83 0
84 0
85 0
86 0
87 0
88 0
89 0
90 0
91 0
92 0
93 0
94 0
95 0
96 0
97 0
98 0
99 0
100 0
101 0
102 0
103 0
104 0
105 0
106 0
107 0
108 0
109 0
110 0
111 0
112 0
113 0
114 0
115 0
116 0
117 0
118 0
119 0
120 0
121 0
122 0
123 0
124 0
125 0
126 0
127 0
128 0
129 0
130 0
131 0
132 0
133 0
134 0
135 0
136 0
137 0
138 0
139 0
140 0
141 0
142 0
143 0
144 0
145 0
146 0
147 0
148 0
149 0
150 0
151 0
152 0
153 0
154 0
155 0
156 0
157 0
158 0
159 0
160 0
161 0
162 0
163 0
164 0
165 0
166 1
167 0
168 0
169 1
170 0
171 0
172 0
173 0
174 0
175 0
176 0
177 0
178 0
179 0
180 0
181 0
182 0
183 0
184 0
185 0
186 0
187 0
188 1
189 0
190 0
191 0
192 0
193 0
194 0
195 0
196 0
197 0
198 0
199 0
200 0
201 1
202 0
203 1
204 0
205 0
206 0
207 0
208 0
209 0
210 0
211 0
212 0
213 0
214 0
215 0
216 0
217 0
218 0
219 0
220 0
221 1
222 2
223 0
224 0
225 0
226 0
227 0
228 0
229 0
230 0
231 0
232 0
233 0
234 0
235 0
236 0
237 0
238 0
239 0
240 0
241 0
242 1
243 0
244 0
245 0
246 0
247 0
248 0
249 0
250 0
251 0
252 0
253 0
254 0
255 0
256 0
257 0
258 0
259 0
260 0
261 0
262 0
263 0
264 0
265 0
266 1
267 0
268 1
269 1
270 1
271 0
272 0
273 0
274 0
275 0
276 0
277 0
278 0
279 0
280 0
281 1
282 0
283 0
284 2
285 0
286 1
287 0
288 0
289 0
290 0
291 0
292 0
293 0
294 0
295 0
296 0
297 0
298 0
299 0
300 0
301 0
302 0
303 0
304 0
305 0
306 0
307 0
308 0
309 0
310 0
311 0
312 0
313 0
314 0
315 0
316 0
317 0
318 0
319 0
320 0
321 0
322 0
323 0
324 0
325 0
326 0
327 0
328 0
329 0
330 0
331 0
332 0
333 0
334 0
335 0
336 0
337 0
338 0
339 0
340 0
341 0
342 0
343 0
344 0
345 0
346 0
347 0
348 0
349 0
350 0
351 0
352 0
353 0
354 0
355 0
356 0
357 0
358 0
359 0
360 0
361 0
362 0
363 0
364 0
365 0
366 0
367 0
368 0
369 0
370 0
371 0
372 0
373 0
374 0
375 0
376 0
377 0
378 0
379 0
380 0
381 0
382 0
383 0
384 0
385 0
386 0
387 0
388 0
389 0
390 0
391 0
392 0
393 0
394 0
395 0
396 0
397 0
398 0
399 0
400 0
401 0
402 0
403 0
404 0
405 0
406 0
407 0
408 0
409 0
410 0
411 0
412 1
413 0
414 0
415 0
416 0
417 0
418 0
419 0
420 0
421 0
422 0
423 0
424 0
425 0
426 0
427 0
428 0
429 1
430 1
431 1
432 0
433 0
434 0
435 0
436 0
437 0
438 0
439 0
440 0
441 0
442 0
443 0
444 0
445 1
446 0
447 0
448 0
449 0
450 0
451 1
452 0
453 0
454 0
455 0
456 0
457 0
458 0
459 0
460 0
461 0
462 0
463 0
464 0
465 0
466 0
467 0
468 0
469 0
470 0
471 0
472 0
473 0
474 0
475 0
476 0
477 0
478 0
479 0
480 0
481 0
482 0
483 0
484 0
485 0
486 0
487 0
488 0
489 0
490 0
491 0
492 0
493 0
494 0
495 0
496 0
497 0
498 0
499 0
500 0
501 0
502 0
503 0
504 0
505 0
506 1
507 0
508 0
509 1
510 0
511 0
512 0
513 0
514 0
515 0
516 0
517 0
518 0
519 0
520 0
521 0
522 0
523 0
524 0
525 0
526 0
527 0
528 0
529 0
530 0
531 0
532 0
533 0
534 0
535 0
536 0
537 0
538 0
539 0
540 0
541 0
542 0
543 0
544 0
545 0
546 0
547 0
548 0
549 0
550 0
551 0
552 0
553 0
554 0
555 1
556 0
557 1
558 1
559 0
560 0
561 2
562 1
563 2
564 0
565 0
566 1
567 0
568 0
569 0
570 0
571 1
572 0
573 0
574 1
575 0
576 0
577 0
578 0
579 0
580 1
581 1
582 0
583 0
584 1
585 0
586 0
587 1
588 1
589 1
590 0
591 0
592 0
593 0
594 1
595 0
596 1
597 1
598 2
599 0
600 1
601 1
602 0
603 0
604 0
605 0
606 1
607 0
608 1
609 0
610 1
611 2
612 1
613 0
614 2
615 2
616 1
617 1
618 1
619 1
620 0
621 2
622 0
623 1
624 0
625 0
626 0
627 0
628 1
629 0
630 0
631 0
632 0
633 0
634 0
635 1
636 2
637 1
638 1
639 2
640 1
641 0
642 1
643 0
644 0
645 0
646 0
647 0
648 0
649 0
650 0
651 0
652 0
653 0
654 0
655 0
656 0
657 0
658 0
659 0
660 0
661 0
662 0
663 0
664 0
665 0
666 0
667 0
668 0
669 0
670 0
671 0
672 0
673 1
674 0
675 0
676 0
677 0
678 0
679 0
680 2
681 0
682 0
683 0
684 0
685 0
686 0
687 1
688 1
689 0
690 0
691 1
692 1
693 0
694 1
695 0
696 0
697 0
698 0
699 0
700 0
701 0
702 0
703 0
704 0
705 0
706 0
707 0
708 0
709 0
710 0
711 0
712 0
713 1
714 0
715 2
716 0
717 0
718 0
719 0
720 1
721 0
722 0
723 0
724 1
725 0
726 0
727 0
728 0
729 0
730 1
731 1
732 0
733 1
734 0
735 0
736 0
737 0
738 2
739 2
740 0
741 1
742 0
743 1
744 0
745 1
746 0
747 0
748 0
749 0
750 1
751 1
752 1
753 1
754 2
755 0
756 0
757 0
758 0
759 0
760 0
761 0
762 0
763 1
764 1
765 0
766 0
767 1
768 1
769 1
770 0
771 1
772 2
773 1
774 0
775 0
776 0
777 1
778 1
779 0
780 1
781 0
782 1
783 0
784 0
785 0
786 0
787 1
788 0
789 0
790 1
791 0
792 0
793 3
794 0
795 0
796 1
797 0
798 0
799 0
800 0
801 0
802 2
803 4
804 0
805 0
806 0
807 0
808 0
809 1
810 1
811 0
812 0
813 0
814 1
815 1
816 1
817 0
818 0
819 0
820 1
821 1
822 0
823 1
824 1
825 0
826 0
827 1
828 1
829 0
830 0
831 2
832 1
833 1
834 0
835 2
836 0
837 0
838 1
839 1
840 2
841 1
842 1
843 0
844 0
845 2
846 0
847 0
848 2
849 2
850 0
851 0
852 0
853 1
854 1
855 1
856 1
857 0
858 2
859 0
860 0
861 2
862 2
863 1
864 0
865 1
866 0
867 1
868 1
869 1
870 1
871 0
872 1
873 1
874 1
875 2
876 1
877 0
878 1
879 1
880 0
881 1
882 1
883 0
884 2
885 1
886 1
887 0
888 1
889 0
890 0
891 2
892 0
893 2
894 1
895 1
896 2
897 1
898 1
899 1
900 1
901 1
902 0
903 0
904 0
905 1
906 0
907 1
908 0
909 0
910 0
911 0
912 2
913 0
914 0
915 1
916 0
917 0
918 0
919 1
920 0
921 0
922 1
923 1
924 0
925 1
926 3
927 0
928 1
929 1
930 1
931 0
932 0
933 3
934 1
935 1
936 2
937 1
938 1
939 2
940 1
941 2
942 1
943 1
944 0
945 2
946 2
947 0
948 0
949 0
950 1
951 1
952 2
953 0
954 1
955 0
956 1
957 2
958 2
959 0
960 2
961 2
962 2
963 2
964 0
965 2
966 0
967 1
968 0
969 0
970 1
971 2
972 2
973 0
974 2
975 1
976 0
977 0
978 1
979 0
980 0
981 2
982 2
983 0
984 0
985 0
986 2
987 0
988 0
989 1
990 2
991 0
992 2
993 3
994 1
995 0
996 0
997 0
998 0
999 0
1000 0
1001 0
1002 0
1003 1
1004 0
1005 0
1006 1
1007 0
1008 2
1009 2
1010 1
1011 2
1012 1
1013 0
1014 1
1015 0
1016 0
1017 2
1018 2
1019 0
1020 0
1021 2
1022 0
1023 2
1024 0
1025 1
1026 2
1027 0
1028 2
1029 1
1030 0
1031 1
1032 1
1033 2
1034 2
1035 2
1036 0
1037 1
1038 1
1039 2
1040 1
1041 2
1042 1
1043 0
1044 1
1045 2
1046 1
1047 2
1048 2
1049 0
1050 2
1051 2
1052 1
1053 0
1054 1
1055 2
1056 1
1057 2
1058 1
1059 0
1060 1
1061 0
1062 0
1063 1
1064 1
1065 1
1066 1
1067 0
1068 0
1069 2
1070 0
1071 1
1072 0
1073 0
1074 3
1075 1
1076 0
1077 2
1078 2
1079 1
1080 0
1081 0
1082 0
1083 1
1084 1
1085 0
1086 2
1087 0
1088 1
1089 0
1090 1
1091 0
1092 0
1093 2
1094 1
1095 0
1096 0
1097 0
1098 1
1099 0
1100 0
1101 1
1102 2
1103 1
1104 0
1105 0
1106 2
1107 0
1108 0
1109 1
1110 2
1111 1
1112 1
1113 3
1114 0
1115 1
1116 2
1117 2
1118 2
1119 2
1120 0
1121 0
1122 1
1123 1
1124 1
1125 2
1126 0
1127 0
1128 1
1129 0
1130 0
1131 0
1132 0
1133 2
1134 2
1135 4
1136 1
1137 1
1138 1
1139 2
1140 1
1141 0
1142 2
1143 2
1144 2
1145 2
1146 0
1147 2
1148 0
1149 1
1150 0
1151 0
1152 1
1153 2
1154 3
1155 2
1156 1
1157 2
1158 1
1159 0
1160 2
1161 1
1162 0
1163 0
1164 0
1165 0
1166 1
1167 0
1168 0
1169 2
1170 2
1171 1
1172 0
1173 0
1174 1
1175 3
1176 2
1177 1
1178 1
1179 0
1180 2
1181 2
1182 2
1183 1
1184 1
1185 1
1186 3
1187 0
1188 1
1189 1
1190 1
1191 0
1192 1
1193 1
1194 1
1195 2
1196 0
1197 1
1198 1
1199 0
1200 0
1201 0
1202 0
1203 1
1204 0
1205 0
1206 0
1207 0
1208 2
1209 1
1210 0
1211 0
1212 0
1213 0
1214 0
1215 1
1216 2
1217 2
1218 0
1219 1
1220 1
1221 0
1222 0
1223 0
1224 1
1225 0
1226 0
1227 2
1228 1
1229 0
1230 2
1231 1
1232 0
1233 1
1234 1
1235 1
1236 0
1237 1
1238 0
1239 1
1240 0
1241 1
1242 0
1243 0
1244 0
1245 1
1246 1
1247 2
1248 0
1249 1
1250 0
1251 0
1252 1
1253 2
1254 0
1255 0
1256 1
1257 1
1258 1
1259 0
1260 0
1261 0
1262 1
1263 0
1264 0
1265 0
1266 0
1267 1
1268 2
1269 1
1270 2
1271 2
1272 0
1273 0
1274 0
1275 0
1276 1
1277 2
1278 0
1279 0
1280 0
1281 0
1282 0
1283 2
1284 0
1285 0
1286 0
1287 0
1288 0
1289 0
1290 2
1291 1
1292 1
1293 2
1294 0
1295 2
1296 2
1297 1
1298 0
1299 2
1300 2
1301 0
1302 2
1303 0
1304 0
1305 0
1306 0
1307 1
1308 0
1309 0
1310 0
1311 1
1312 1
1313 1
1314 0
1315 0
1316 0
1317 1
1318 1
1319 0
1320 0
1321 0
1322 1
1323 1
1324 0
1325 0
1326 1
1327 0
1328 1
1329 2
1330 1
1331 2
1332 1
1333 1
1334 0
1335 1
1336 0
1337 2
1338 0
1339 0
1340 0
1341 2
1342 2
1343 0
1344 0
1345 0
1346 0
1347 0
1348 1
1349 0
1350 0
1351 1
1352 1
1353 1
1354 0
1355 2
1356 0
1357 1
1358 2
1359 0
1360 0
1361 1
1362 1
1363 1
1364 0
1365 0
1366 2
1367 2
1368 0
1369 1
1370 1
1371 0
1372 0
1373 0
1374 0
1375 1
1376 0
1377 1
1378 1
1379 1
1380 0
1381 0
1382 0
1383 1
1384 0
1385 0
1386 1
1387 2
1388 0
1389 2
1390 1
1391 1
1392 0
1393 0
1394 0
1395 2
1396 1
1397 2
1398 0
1399 1
1400 0
1401 0
1402 0
1403 1
1404 1
1405 1
1406 0
1407 0
1408 1
1409 1
1410 0
1411 0
1412 0
1413 0
1414 0
1415 0
1416 2
1417 1
1418 1
1419 1
1420 0
1421 1
1422 0
1423 0
1424 1
1425 2
1426 0
1427 0
1428 1
1429 1
1430 2
1431 1
1432 0
1433 1
1434 0
1435 1
1436 0
1437 1
1438 1
1439 1
1440 2
1441 1
1442 0
1443 1
1444 0
1445 0
1446 1
1447 1
1448 0
1449 1
1450 1
1451 1
1452 2
1453 2
1454 1
1455 0
1456 1
1457 0
1458 0
1459 1
1460 0
1461 2
1462 0
1463 2
1464 0
1465 0
1466 2
1467 1
1468 0
1469 1
1470 2
1471 1
1472 0
1473 0
1474 1
1475 1
1476 0
1477 0
1478 0
1479 0
1480 0
1481 0
1482 0
1483 2
1484 0
1485 2
1486 0
1487 0
1488 0
1489 0
1490 0
1491 1
1492 0
1493 2
1494 1
1495 1
1496 1
1497 1
1498 0
1499 1
1500 1
1501 0
1502 0
1503 0
1504 1
1505 1
1506 0
1507 1
1508 1
1509 0
1510 1
1511 1
1512 1
1513 0
1514 1
1515 0
1516 1
1517 0
1518 1
1519 1
1520 0
1521 0
1522 1
1523 0
1524 2
1525 0
1526 0
1527 0
1528 1
1529 0
1530 2
1531 2
1532 1
1533 2
1534 0
1535 0
1536 0
1537 0
1538 0
1539 0
1540 0
1541 0
1542 0
1543 2
1544 0
1545 0
1546 0
1547 0
1548 0
1549 0
1550 2
1551 1
1552 0
1553 1
1554 1
1555 1
1556 0
1557 2
1558 0
1559 0
1560 0
1561 2
1562 0
1563 0
1564 0
1565 1
1566 1
1567 1
1568 1
1569 0
1570 1
1571 1
1572 2
1573 2
1574 1
1575 2
1576 1
1577 1
1578 0
1579 1
1580 0
1581 0
1582 0
1583 0
1584 0
1585 1
1586 1
1587 1
1588 0
1589 0
1590 2
1591 1
1592 1
1593 0
1594 1
1595 2
1596 0
1597 0
1598 0
1599 0
1600 0
1601 0
1602 0
1603 1
1604 0
1605 1
1606 1
1607 1
1608 0
1609 0
1610 2
1611 1
1612 1
1613 0
1614 0
1615 1
1616 0
1617 1
1618 2
1619 1
1620 1
1621 1
1622 0
1623 1
1624 0
1625 1
1626 0
1627 0
1628 0
1629 2
1630 1
1631 0
1632 0
1633 0
1634 3
1635 0
1636 0
1637 0
1638 0
1639 1
1640 0
1641 0
1642 2
1643 0
1644 0
1645 1
1646 1
1647 1
1648 0
1649 1
1650 2
1651 1
1652 1
1653 0
1654 1
1655 0
1656 0
1657 0
1658 0
1659 1
1660 1
1661 0
1662 0
1663 0
1664 2
1665 0
1666 0
1667 1
1668 1
1669 2
1670 0
1671 0
1672 1
1673 1
1674 0
1675 1
1676 2
1677 2
1678 0
1679 0
1680 0
1681 0
1682 1
1683 2
1684 1
1685 0
1686 0
1687 0
1688 0
1689 2
1690 2
1691 0
1692 1
1693 0
1694 0
1695 0
1696 0
1697 2
1698 0
1699 1
1700 0
1701 2
1702 1
1703 0
1704 1
1705 1
1706 0
1707 0
1708 1
1709 1
1710 2
1711 1
1712 0
1713 2
1714 0
1715 0
1716 0
1717 1
1718 0
1719 1
1720 0
1721 1
1722 0
1723 0
1724 0
1725 1
1726 1
1727 1
1728 1
1729 0
1730 1
1731 1
1732 0
1733 0
1734 1
1735 0
1736 1
1737 0
1738 0
1739 1
1740 1
1741 1
1742 0
1743 0
1744 1
1745 0
1746 0
1747 0
1748 0
1749 1
1750 1
1751 0
1752 0
1753 2
1754 1
1755 2
1756 0
1757 1
1758 1
1759 0
1760 2
1761 0
1762 0
1763 0
1764 1
1765 0
1766 0
1767 1
1768 0
1769 0
1770 0
1771 1
1772 1
1773 1
1774 0
1775 0
1776 0
1777 0
1778 0
1779 1
1780 0
1781 2
1782 0
1783 2
1784 2
1785 0
1786 0
1787 0
1788 0
1789 0
1790 2
1791 2
1792 1
1793 3
1794 0
1795 2
1796 0
1797 0
1798 1
1799 0
1800 0
1801 0
1802 2
1803 1
1804 0
1805 0
1806 0
1807 1
1808 1
1809 0
1810 0
1811 0
1812 1
1813 1
1814 2
1815 0
1816 0
1817 0
1818 0
1819 1
1820 0
1821 0
1822 1
1823 2
1824 1
1825 0
1826 0
1827 1
1828 1
1829 1
1830 0
1831 0
1832 0
1833 0
1834 1
1835 1
1836 0
1837 0
1838 0
1839 0
1840 0
1841 1
1842 0
1843 0
1844 0
1845 1
1846 0
1847 2
1848 0
1849 0
1850 1
1851 0
1852 0
1853 0
1854 0
1855 0
1856 1
1857 0
1858 1
1859 1
1860 1
1861 0
1862 0
1863 0
1864 0
1865 0
1866 0
1867 0
1868 0
1869 1
1870 1
1871 0
1872 0
1873 0
1874 0
1875 0
1876 0
1877 1
1878 1
1879 0
1880 0
1881 0
1882 0
1883 1
1884 1
1885 0
1886 0
1887 0
1888 0
1889 0
1890 0
1891 1
1892 1
1893 0
1894 0
1895 0
1896 0
1897 0
1898 1
1899 0
1900 1
1901 0
1902 0
1903 1
1904 1
1905 1
1906 2
1907 0
1908 0
1909 1
1910 0
1911 0
1912 1
1913 0
1914 0
1915 0
1916 0
1917 1
1918 0
1919 0
1920 1
1921 2
1922 1
1923 0
1924 0
1925 0
1926 2
1927 1
1928 1
1929 1
1930 1
1931 0
1932 1
1933 3
1934 0
1935 0
1936 1
1937 0
1938 0
1939 0
1940 1
1941 1
1942 1
1943 1
1944 0
1945 0
1946 1
1947 0
1948 0
1949 0
1950 0
1951 1
1952 0
1953 0
1954 1
1955 2
1956 2
1957 1
1958 1
1959 0
1960 2
1961 1
1962 2
1963 0
1964 0
1965 1
1966 1
1967 0
1968 0
1969 1
1970 1
1971 1
1972 1
1973 0
1974 1
1975 2
1976 0
1977 1
1978 2
1979 1
1980 1
1981 1
1982 0
1983 0
1984 0
1985 1
1986 0
1987 2
1988 0
1989 1
1990 2
1991 1
1992 0
1993 0
1994 1
1995 0
1996 0
1997 0
1998 0
1999 1
