0 0
1 0
2 0
3 0
4 0
5 0
6 0
7 0
8 0
9 0
10 0
11 0
12 0
13 0
14 0
15 0
16 0
17 0
18 0
19 0
20 0
21 0
22 0
23 0
24 0
25 0
26 0
27 0
28 0
29 0
30 0
31 0
32 0
33 0
34 0
35 0
36 0
37 0
38 0
39 0
40 0
41 0
42 0
43 0
44 0
45 0
46 0
47 0
48 0
49 0
50 0
51 0
52 0
53 0
54 0
55 0
56 0
57 0
58 0
59 0
60 0
61 0
62 0
63 0
64 0
65 0
66 0
67 0
68 0
69 0
70 0
71 0
72 0
73 0
74 0
75 0
76 0
77 0
78 0
79 0
80 0
81 0
82 0
83 0
84 0
85 0
86 0
87 0
88 0
89 0
90 0
91 0
92 0
93 0
94 0
95 0
96 0
97 0
98 0
99 0
100 0
101 0
102 0
103 0
104 0
105 0
106 0
107 0
108 0
109 0
110 0
111 0
112 0
113 0
114 0
115 0
116 0
117 0
118 0
119 0
120 0
121 0
122 0
123 0
124 0
125 0
126 0
127 0
128 0
129 0
130 0
131 0
132 0
133 0
134 0
135 0
136 0
137 0
138 0
139 0
140 0
141 0
142 0
143 0
144 0
145 0
146 0
147 0
148 0
149 0
150 0
151 0
152 0
153 0
154 0
155 0
156 0
157 0
158 0
159 0
160 0
161 0
162 0
163 0
164 0
165 0
166 0
167 0
168 0
169 0
170 0
171 0
172 0
173 0
174 0
175 0
176 0
177 0
178 0
179 0
180 0
181 0
182 0
183 0
184 0
185 0
186 0
187 0
188 0
189 0
190 0
191 0
192 0
193 0
194 0
195 0
196 0
197 0
198 0
199 0
200 0
201 0
202 0
203 0
204 0
205 0
206 0
207 0
208 0
209 0
210 0
211 0
212 0
213 0
214 0
215 0
216 0
217 0
218 0
219 0
220 0
221 0
222 0
223 0
224 0
225 0
226 0
227 0
228 0
229 0
230 0
231 0
232 0
233 0
234 0
235 0
236 0
237 0
238 0
239 0
240 0
241 0
242 0
243 0
244 0
245 0
246 0
247 0
248 0
249 0
250 0
251 0
252 0
253 0
254 0
255 0
256 0
257 0
258 0
259 0
260 0
261 0
262 0
263 0
264 0
265 0
266 0
267 0
268 0
269 0
270 0
271 0
272 0
273 0
274 0
275 0
276 0
277 0
278 0
279 0
280 0
281 0
282 0
283 0
284 0
285 0
286 0
287 0
288 0
289 0
290 0
291 0
292 0
293 0
294 0
295 0
296 0
297 0
298 0
299 0
300 0
301 0
302 0
303 0
304 0
305 0
306 0
307 0
308 0
309 0
310 0
311 0
312 0
313 0
314 0
315 0
316 0
317 0
318 0
319 0
320 0
321 0
322 0
323 0
324 0
325 0
326 0
327 0
328 0
329 0
330 0
331 0
332 0
333 0
334 0
335 0
336 0
337 0
338 0
339 0
340 0
341 0
342 0
343 0
344 0
345 0
346 0
347 0
348 0
349 0
350 0
351 0
352 0
353 0
354 0
355 0
356 0
357 0
358 0
359 0
360 0
361 0
362 0
363 0
364 0
365 0
366 0
367 0
368 0
369 0
370 0
371 0
372 0
373 0
374 0
375 0
376 0
377 0
378 0
379 0
380 0
381 0
382 0
383 0
384 0
385 0
386 0
387 0
388 0
389 0
390 0
391 0
392 0
393 0
394 0
395 0
396 0
397 0
398 0
399 0
400 0
401 0
402 0
403 0
404 0
405 0
406 0
407 0
408 0
409 0
410 0
411 0
412 0
413 0
414 0
415 0
416 0
417 0
418 0
419 0
420 0
421 0
422 0
423 0
424 0
425 0
426 0
427 0
428 0
429 0
430 0
431 0
432 0
433 0
434 0
435 0
436 1
437 0
438 0
439 0
440 0
441 0
442 0
443 0
444 0
445 0
446 0
447 0
448 0
449 0
450 0
451 0
452 0
453 0
454 0
455 0
456 0
457 0
458 0
459 0
460 0
461 0
462 0
463 0
464 0
465 0
466 0
467 0
468 0
469 0
470 0
471 0
472 0
473 0
474 0
475 0
476 0
477 0
478 0
479 0
480 0
481 0
482 0
483 0
484 0
485 0
486 0
487 0
488 0
489 0
490 0
491 0
492 0
493 0
494 0
495 0
496 0
497 0
498 0
499 0
500 0
501 0
502 0
503 0
504 0
505 0
506 0
507 0
508 0
509 0
510 0
511 0
512 0
513 0
514 0
515 0
516 0
517 0
518 0
519 0
520 0
521 0
522 0
523 0
524 0
525 0
526 0
527 0
528 0
529 0
530 0
531 0
532 0
533 0
534 0
535 0
536 0
537 0
538 0
539 0
540 0
541 0
542 0
543 0
544 0
545 0
546 0
547 0
548 0
549 0
550 0
551 0
552 0
553 0
554 0
555 0
556 0
557 0
558 0
559 0
560 0
561 0
562 0
563 0
564 0
565 0
566 0
567 0
568 0
569 0
570 0
571 0
572 0
573 0
574 0
575 0
576 0
577 0
578 0
579 0
580 0
581 0
582 0
583 0
584 0
585 0
586 0
587 0
588 0
589 0
590 0
591 0
592 0
593 0
594 0
595 0
596 1
597 0
598 2
599 1
600 0
601 1
602 1
603 2
604 0
605 0
606 0
607 2
608 0
609 0
610 0
611 0
612 0
613 0
614 0
615 0
616 0
617 0
618 0
619 0
620 0
621 0
622 0
623 0
624 0
625 0
626 0
627 0
628 0
629 0
630 0
631 0
632 0
633 0
634 0
635 0
636 0
637 0
638 0
639 0
640 0
641 0
642 0
643 0
644 0
645 0
646 0
647 0
648 0
649 0
650 0
651 0
652 0
653 0
654 0
655 0
656 0
657 0
658 0
659 0
660 0
661 0
662 0
663 0
664 0
665 0
666 0
667 0
668 0
669 0
670 0
671 0
672 0
673 0
674 0
675 0
676 0
677 0
678 0
679 0
680 0
681 0
682 0
683 0
684 0
685 0
686 0
687 0
688 0
689 0
690 0
691 0
692 0
693 0
694 0
695 0
696 0
697 0
698 0
699 0
700 0
701 0
702 0
703 0
704 0
705 0
706 0
707 0
708 0
709 0
710 0
711 0
712 0
713 0
714 0
715 0
716 0
717 0
718 0
719 0
720 0
721 0
722 1
723 1
724 0
725 0
726 0
727 0
728 0
729 0
730 0
731 0
732 0
733 0
734 0
735 0
736 0
737 0
738 0
739 0
740 0
741 0
742 0
743 0
744 0
745 0
746 0
747 0
748 0
749 0
750 0
751 0
752 0
753 0
754 0
755 0
756 0
757 0
758 0
759 0
760 0
761 0
762 0
763 0
764 0
765 0
766 0
767 0
768 0
769 0
770 0
771 0
772 0
773 0
774 0
775 0
776 0
777 0
778 0
779 0
780 0
781 0
782 0
783 0
784 0
785 0
786 0
787 0
788 0
789 0
790 0
791 0
792 0
793 0
794 0
795 0
796 0
797 0
798 0
799 0
800 0
801 0
802 0
803 0
804 0
805 0
806 0
807 0
808 0
809 0
810 0
811 0
812 0
813 0
814 0
815 0
816 0
817 0
818 0
819 0
820 0
821 0
822 0
823 0
824 0
825 0
826 0
827 0
828 1
829 0
830 0
831 0
832 0
833 0
834 0
835 0
836 0
837 0
838 0
839 0
840 0
841 0
842 0
843 0
844 0
845 0
846 0
847 0
848 0
849 0
850 0
851 0
852 0
853 0
854 0
855 0
856 0
857 0
858 1
859 0
860 0
861 0
862 0
863 0
864 0
865 0
866 0
867 0
868 0
869 0
870 0
871 0
872 0
873 1
874 0
875 0
876 0
877 0
878 0
879 0
880 0
881 0
882 0
883 0
884 0
885 0
886 0
887 0
888 0
889 0
890 0
891 0
892 0
893 1
894 1
895 1
896 1
897 1
898 0
899 0
900 0
901 1
902 1
903 1
904 0
905 1
906 1
907 0
908 0
909 1
910 1
911 0
912 0
913 1
914 1
915 0
916 0
917 0
918 1
919 1
920 1
921 1
922 0
923 0
924 1
925 0
926 1
927 0
928 1
929 1
930 1
931 1
932 0
933 1
934 1
935 1
936 0
937 1
938 1
939 1
940 0
941 0
942 0
943 0
944 0
945 0
946 1
947 1
948 0
949 1
950 0
951 1
952 0
953 1
954 0
955 1
956 2
957 1
958 0
959 1
960 0
961 1
962 0
963 1
964 0
965 2
966 1
967 1
968 1
969 0
970 0
971 0
972 0
973 1
974 1
975 1
976 1
977 0
978 1
979 1
980 1
981 1
982 1
983 1
984 1
985 1
986 1
987 1
988 1
989 1
990 1
991 0
992 0
993 0
994 0
995 0
996 1
997 1
998 1
999 1
1000 0
1001 1
1002 0
1003 1
1004 1
1005 0
1006 0
1007 1
1008 1
1009 1
1010 1
1011 1
1012 1
1013 1
1014 2
1015 0
1016 1
1017 1
1018 1
1019 0
1020 1
1021 1
1022 1
1023 2
1024 0
1025 1
1026 1
1027 1
1028 1
1029 1
1030 0
1031 1
1032 1
1033 1
1034 1
1035 0
1036 1
1037 1
1038 1
1039 1
1040 1
1041 1
1042 2
1043 0
1044 1
1045 1
1046 1
1047 1
1048 0
1049 1
1050 1
1051 2
1052 1
1053 0
1054 1
1055 0
1056 0
1057 0
1058 0
1059 1
1060 1
1061 2
1062 1
1063 0
1064 1
1065 0
1066 0
1067 1
1068 0
1069 1
1070 1
1071 1
1072 1
1073 1
1074 1
1075 0
1076 0
1077 1
1078 1
1079 0
1080 0
1081 0
1082 2
1083 0
1084 1
1085 0
1086 0
1087 1
1088 1
1089 1
1090 1
1091 1
1092 1
1093 0
1094 0
1095 0
1096 1
1097 1
1098 1
1099 1
1100 1
1101 0
1102 0
1103 0
1104 0
1105 0
1106 1
1107 0
1108 1
1109 1
1110 1
1111 1
1112 2
1113 0
1114 1
1115 2
1116 1
1117 1
1118 1
1119 1
1120 1
1121 0
1122 1
1123 0
1124 0
1125 1
1126 1
1127 1
1128 1
1129 1
1130 1
1131 1
1132 1
1133 1
1134 2
1135 1
1136 1
1137 0
1138 1
1139 1
1140 0
1141 1
1142 1
1143 1
1144 0
1145 1
1146 1
1147 1
1148 1
1149 1
1150 1
1151 1
1152 0
1153 0
1154 0
1155 1
1156 0
1157 0
1158 1
1159 1
1160 0
1161 0
1162 0
1163 0
1164 0
1165 0
1166 0
1167 0
1168 0
1169 0
1170 1
1171 0
1172 0
1173 0
1174 0
1175 1
1176 1
1177 1
1178 1
1179 0
1180 1
1181 1
1182 0
1183 1
1184 1
1185 0
1186 0
1187 0
1188 0
1189 0
1190 0
1191 0
1192 1
1193 0
1194 1
1195 1
1196 1
1197 1
1198 1
1199 0
1200 1
1201 1
1202 1
1203 0
1204 0
1205 1
1206 1
1207 0
1208 0
1209 0
1210 0
1211 0
1212 0
1213 0
1214 0
1215 0
1216 0
1217 0
1218 0
1219 0
1220 0
1221 0
1222 0
1223 0
1224 0
1225 0
1226 0
1227 0
1228 0
1229 0
1230 0
1231 0
1232 0
1233 0
1234 0
1235 0
1236 0
1237 0
1238 0
1239 0
1240 0
1241 0
1242 0
1243 0
1244 0
1245 0
1246 0
1247 0
1248 0
1249 0
1250 0
1251 0
1252 0
1253 0
1254 0
1255 1
1256 1
1257 0
1258 0
1259 1
1260 0
1261 1
1262 2
1263 0
1264 1
1265 1
1266 1
1267 1
1268 1
1269 1
1270 1
1271 0
1272 0
1273 1
1274 1
1275 1
1276 1
1277 1
1278 1
1279 0
1280 1
1281 1
1282 1
1283 0
1284 0
1285 0
1286 1
1287 0
1288 1
1289 1
1290 1
1291 1
1292 1
1293 1
1294 2
1295 1
1296 1
1297 0
1298 1
1299 0
1300 2
1301 1
1302 0
1303 0
1304 2
1305 1
1306 2
1307 1
1308 0
1309 0
1310 0
1311 1
1312 1
1313 1
1314 1
1315 1
1316 1
1317 1
1318 1
1319 0
1320 0
1321 0
1322 1
1323 0
1324 0
1325 0
1326 0
1327 1
1328 1
1329 0
1330 0
1331 0
1332 1
1333 1
1334 0
1335 1
1336 0
1337 1
1338 1
1339 1
1340 1
1341 0
1342 1
1343 1
1344 0
1345 1
1346 1
1347 1
1348 1
1349 0
1350 1
1351 2
1352 0
1353 1
1354 0
1355 1
1356 1
1357 1
1358 1
1359 1
1360 1
1361 1
1362 1
1363 0
1364 0
1365 1
1366 0
1367 1
1368 1
1369 0
1370 1
1371 1
1372 2
1373 0
1374 1
1375 0
1376 0
1377 1
1378 0
1379 0
1380 1
1381 1
1382 2
1383 1
1384 1
1385 1
1386 0
1387 1
1388 0
1389 1
1390 1
1391 1
1392 0
1393 1
1394 1
1395 1
1396 1
1397 1
1398 0
1399 0
1400 1
1401 1
1402 0
1403 1
1404 1
1405 0
1406 0
1407 0
1408 1
1409 1
1410 1
1411 1
1412 0
1413 0
1414 0
1415 2
1416 1
1417 0
1418 1
1419 1
1420 2
1421 1
1422 1
1423 1
1424 1
1425 1
1426 0
1427 0
1428 0
1429 1
1430 1
1431 0
1432 1
1433 1
1434 1
1435 1
1436 1
1437 0
1438 1
1439 1
1440 1
1441 0
1442 0
1443 1
1444 0
1445 1
1446 1
1447 0
1448 0
1449 0
1450 0
1451 0
1452 0
1453 0
1454 0
1455 0
1456 1
1457 1
1458 1
1459 1
1460 1
1461 1
1462 0
1463 1
1464 1
1465 0
1466 1
1467 1
1468 1
1469 0
1470 0
1471 0
1472 0
1473 1
1474 0
1475 0
1476 1
1477 0
1478 1
1479 0
1480 0
1481 1
1482 0
1483 0
1484 0
1485 1
1486 1
1487 0
1488 1
1489 0
1490 1
1491 1
1492 1
1493 1
1494 1
1495 1
1496 1
1497 1
1498 1
1499 1
1500 0
1501 1
1502 0
1503 0
1504 0
1505 1
1506 0
1507 0
1508 0
1509 1
1510 1
1511 1
1512 1
1513 0
1514 0
1515 1
1516 1
1517 0
1518 0
1519 0
1520 0
1521 0
1522 0
1523 0
1524 0
1525 0
1526 0
1527 0
1528 0
1529 0
1530 0
1531 0
1532 0
1533 0
1534 0
1535 0
1536 0
1537 1
1538 0
1539 0
1540 0
1541 0
1542 0
1543 0
1544 0
1545 1
1546 1
1547 0
1548 1
1549 0
1550 0
1551 1
1552 0
1553 1
1554 1
1555 0
1556 1
1557 1
1558 1
1559 1
1560 1
1561 0
1562 0
1563 0
1564 0
1565 1
1566 1
1567 1
1568 0
1569 1
1570 1
1571 1
1572 1
1573 1
1574 0
1575 0
1576 1
1577 0
1578 1
1579 1
1580 0
1581 1
1582 1
1583 1
1584 1
1585 0
1586 0
1587 0
1588 1
1589 1
1590 2
1591 1
1592 0
1593 1
1594 1
1595 1
1596 1
1597 1
1598 1
1599 0
1600 0
1601 0
1602 0
1603 0
1604 0
1605 1
1606 1
1607 1
1608 0
1609 0
1610 1
1611 0
1612 0
1613 1
1614 1
1615 1
1616 1
1617 1
1618 1
1619 1
1620 1
1621 1
1622 2
1623 1
1624 1
1625 0
1626 1
1627 1
1628 1
1629 0
1630 0
1631 0
1632 0
1633 0
1634 0
1635 0
1636 0
1637 0
1638 0
1639 0
1640 0
1641 0
1642 0
1643 0
1644 0
1645 0
1646 0
1647 0
1648 0
1649 0
1650 0
1651 0
1652 1
1653 0
1654 0
1655 0
1656 0
1657 0
1658 0
1659 0
1660 0
1661 1
1662 0
1663 0
1664 0
1665 0
1666 0
1667 0
1668 0
1669 0
1670 0
1671 0
1672 0
1673 0
1674 0
1675 0
1676 0
1677 0
1678 0
1679 0
1680 0
1681 0
1682 0
1683 0
1684 0
1685 1
1686 1
1687 1
1688 1
1689 0
1690 1
1691 1
1692 1
1693 1
1694 0
1695 1
1696 0
1697 0
1698 0
1699 0
1700 0
1701 0
1702 0
1703 0
1704 0
1705 0
1706 0
1707 0
1708 0
1709 0
1710 0
1711 0
1712 1
1713 1
1714 0
1715 0
1716 0
1717 0
1718 0
1719 0
1720 0
1721 0
1722 0
1723 0
1724 0
1725 0
1726 1
1727 0
1728 0
1729 0
1730 0
1731 0
1732 0
1733 0
1734 0
1735 0
1736 0
1737 0
1738 0
1739 0
1740 0
1741 0
1742 0
1743 0
1744 0
1745 0
1746 0
1747 0
1748 0
1749 0
1750 0
1751 0
1752 1
1753 0
1754 0
1755 0
1756 0
1757 0
1758 0
1759 0
1760 0
1761 0
1762 0
1763 0
1764 0
1765 0
1766 0
1767 0
1768 0
1769 1
1770 0
1771 0
1772 0
1773 0
1774 0
1775 0
1776 0
1777 0
1778 0
1779 0
1780 0
1781 0
1782 0
1783 0
1784 0
1785 0
1786 0
1787 0
1788 0
1789 0
1790 0
1791 0
1792 0
1793 0
1794 0
1795 0
1796 0
1797 0
1798 0
1799 0
1800 0
1801 0
1802 0
1803 0
1804 0
1805 0
1806 0
1807 0
1808 0
1809 0
1810 0
1811 0
1812 0
1813 0
1814 0
1815 0
1816 0
1817 0
1818 0
1819 0
1820 0
1821 0
1822 0
1823 0
1824 0
1825 0
1826 0
1827 0
1828 0
1829 0
1830 0
1831 0
1832 0
1833 0
1834 0
1835 0
1836 0
1837 0
1838 0
1839 0
1840 0
1841 0
1842 0
1843 0
1844 0
1845 0
1846 0
1847 0
1848 0
1849 0
1850 0
1851 0
1852 0
1853 0
1854 0
1855 0
1856 0
1857 0
1858 0
1859 0
1860 0
1861 0
1862 0
1863 0
1864 0
1865 0
1866 0
1867 0
1868 0
1869 0
1870 0
1871 0
1872 0
1873 0
1874 0
1875 0
1876 0
1877 0
1878 0
1879 0
1880 0
1881 0
1882 0
1883 0
1884 0
1885 0
1886 0
1887 0
1888 0
1889 0
1890 0
1891 0
1892 0
1893 0
1894 0
1895 0
1896 0
1897 0
1898 0
1899 0
1900 0
1901 0
1902 0
1903 0
1904 0
1905 0
1906 0
1907 0
1908 0
1909 0
1910 0
1911 0
1912 0
1913 0
1914 0
1915 0
1916 0
1917 0
1918 0
1919 0
1920 0
1921 0
1922 0
1923 0
1924 0
1925 0
1926 0
1927 0
1928 0
1929 0
1930 0
1931 0
1932 0
1933 0
1934 0
1935 0
1936 0
1937 0
1938 0
1939 0
1940 0
1941 0
1942 0
1943 0
1944 0
1945 0
1946 0
1947 0
1948 0
1949 0
1950 0
1951 0
1952 0
1953 0
1954 0
1955 0
1956 0
1957 0
1958 0
1959 0
1960 0
1961 0
1962 0
1963 0
1964 0
1965 0
1966 0
1967 0
1968 0
1969 0
1970 0
1971 0
1972 0
1973 0
1974 0
1975 0
1976 0
1977 0
1978 0
1979 0
1980 0
1981 0
1982 0
1983 0
1984 0
1985 0
1986 0
1987 0
1988 0
1989 0
1990 0
1991 0
1992 0
1993 0
1994 0
1995 0
1996 0
1997 0
1998 0
1999 0
