0 0
1 1
2 0
3 1
4 1
5 2
6 0
7 0
8 0
9 1
10 0
11 1
12 0
13 0
14 1
15 0
16 2
17 1
18 0
19 1
20 1
21 2
22 1
23 0
24 2
25 2
26 0
27 2
28 1
29 2
30 1
31 0
32 1
33 1
34 4
35 1
36 0
37 0
38 0
39 1
40 1
41 3
42 0
43 0
44 1
45 0
46 0
47 0
48 1
49 1
50 0
51 0
52 1
53 1
54 0
55 1
56 1
57 0
58 1
59 1
60 0
61 1
62 2
63 1
64 0
65 2
66 1
67 1
68 1
69 1
70 1
71 1
72 1
73 1
74 1
75 2
76 1
77 1
78 0
79 0
80 0
81 2
82 0
83 0
84 0
85 1
86 1
87 0
88 1
89 1
90 0
91 1
92 1
93 2
94 2
95 1
96 0
97 1
98 1
99 2
100 1
101 1
102 1
103 1
104 1
105 1
106 2
107 1
108 1
109 1
110 1
111 2
112 1
113 0
114 0
115 2
116 2
117 1
118 0
119 2
120 2
121 0
122 1
123 1
124 2
125 2
126 0
127 1
128 2
129 2
130 3
131 2
132 1
133 1
134 1
135 0
136 0
137 1
138 1
139 1
140 0
141 0
142 3
143 1
144 1
145 1
146 0
147 1
148 0
149 0
150 1
151 0
152 1
153 1
154 1
155 2
156 1
157 0
158 1
159 1
160 1
161 1
162 2
163 0
164 0
165 1
166 1
167 1
168 1
169 1
170 1
171 2
172 2
173 1
174 1
175 0
176 3
177 2
178 2
179 2
180 1
181 2
182 1
183 1
184 2
185 3
186 1
187 1
188 3
189 2
190 3
191 1
192 1
193 1
194 0
195 2
196 1
197 3
198 1
199 1
200 0
201 1
202 1
203 3
204 0
205 2
206 2
207 1
208 1
209 2
210 2
211 0
212 0
213 0
214 1
215 1
216 1
217 0
218 1
219 0
220 1
221 0
222 1
223 0
224 1
225 1
226 1
227 2
228 1
229 1
230 1
231 2
232 1
233 1
234 1
235 0
236 1
237 2
238 1
239 2
240 0
241 2
242 1
243 1
244 1
245 1
246 2
247 1
248 2
249 2
250 2
251 2
252 2
253 1
254 2
255 0
256 2
257 1
258 0
259 2
260 2
261 2
262 1
263 1
264 0
265 1
266 1
267 1
268 1
269 2
270 0
271 1
272 3
273 3
274 1
275 2
276 1
277 1
278 0
279 1
280 1
281 3
282 3
283 0
284 1
285 0
286 1
287 2
288 1
289 0
290 0
291 3
292 1
293 1
294 3
295 2
296 1
297 1
298 0
299 1
300 1
301 1
302 1
303 1
304 1
305 0
306 1
307 1
308 1
309 1
310 0
311 1
312 1
313 1
314 1
315 0
316 1
317 0
318 1
319 0
320 0
321 1
322 0
323 0
324 1
325 2
326 1
327 2
328 1
329 1
330 1
331 2
332 2
333 1
334 2
335 2
336 2
337 2
338 1
339 1
340 1
341 1
342 2
343 1
344 1
345 2
346 1
347 1
348 2
349 2
350 1
351 1
352 1
353 1
354 1
355 1
356 1
357 1
358 1
359 1
360 1
361 1
362 2
363 2
364 1
365 1
366 1
367 1
368 1
369 1
370 1
371 1
372 1
373 0
374 2
375 1
376 1
377 1
378 2
379 1
380 1
381 1
382 1
383 1
384 1
385 1
386 1
387 1
388 0
389 1
390 1
391 0
392 1
393 0
394 1
395 0
396 0
397 1
398 1
399 1
400 1
401 1
402 1
403 2
404 1
405 1
406 1
407 2
408 1
409 1
410 1
411 1
412 1
413 1
414 1
415 0
416 1
417 0
418 1
419 2
420 1
421 1
422 1
423 1
424 1
425 1
426 2
427 1
428 1
429 1
430 1
431 1
432 1
433 1
434 1
435 0
436 0
437 2
438 0
439 1
440 2
441 2
442 1
443 2
444 1
445 1
446 1
447 2
448 1
449 1
450 2
451 1
452 1
453 2
454 1
455 1
456 2
457 1
458 2
459 2
460 1
461 1
462 0
463 3
464 1
465 1
466 1
467 1
468 0
469 1
470 1
471 1
472 1
473 1
474 1
475 2
476 1
477 1
478 1
479 0
480 1
481 2
482 1
483 1
484 2
485 1
486 2
487 1
488 1
489 1
490 0
491 1
492 2
493 1
494 1
495 0
496 0
497 1
498 1
499 1
500 1
501 1
502 0
503 1
504 1
505 1
506 0
507 0
508 0
509 0
510 0
511 0
512 0
513 0
514 1
515 2
516 0
517 1
518 1
519 1
520 1
521 0
522 0
523 1
524 0
525 1
526 1
527 1
528 1
529 0
530 1
531 0
532 1
533 1
534 1
535 0
536 0
537 1
538 0
539 0
540 1
541 0
542 2
543 1
544 1
545 1
546 1
547 1
548 1
549 1
550 1
551 1
552 1
553 2
554 1
555 1
556 0
557 0
558 0
559 1
560 0
561 0
562 1
563 0
564 0
565 1
566 2
567 1
568 1
569 1
570 2
571 1
572 1
573 1
574 1
575 1
576 0
577 1
578 1
579 0
580 0
581 1
582 1
583 1
584 0
585 2
586 0
587 0
588 1
589 2
590 0
591 0
592 2
593 1
594 0
595 2
596 0
597 0
598 2
599 1
600 0
601 0
602 0
603 0
604 0
605 1
606 1
607 0
608 0
609 1
610 0
611 0
612 0
613 0
614 1
615 0
616 0
617 2
618 0
619 2
620 0
621 1
622 0
623 0
624 0
625 0
626 1
627 0
628 0
629 1
630 0
631 1
632 0
633 0
634 1
635 0
636 1
637 0
638 1
639 0
640 1
641 1
642 1
643 1
644 1
645 0
646 0
647 0
648 0
649 1
650 2
651 0
652 0
653 2
654 0
655 1
656 0
657 0
658 0
659 0
660 1
661 0
662 1
663 1
664 2
665 1
666 0
667 1
668 1
669 0
670 0
671 0
672 0
673 0
674 0
675 0
676 0
677 0
678 0
679 0
680 0
681 0
682 0
683 1
684 0
685 0
686 0
687 0
688 0
689 0
690 0
691 0
692 0
693 1
694 3
695 1
696 0
697 1
698 1
699 0
700 0
701 0
702 2
703 1
704 1
705 0
706 0
707 0
708 0
709 0
710 0
711 0
712 0
713 1
714 0
715 0
716 0
717 0
718 0
719 1
720 2
721 0
722 1
723 1
724 1
725 0
726 1
727 1
728 0
729 0
730 1
731 3
732 0
733 0
734 0
735 0
736 0
737 0
738 0
739 0
740 1
741 0
742 0
743 0
744 1
745 0
746 0
747 0
748 0
749 0
750 1
751 1
752 0
753 0
754 1
755 0
756 0
757 0
758 2
759 0
760 0
761 0
762 1
763 0
764 0
765 1
766 1
767 0
768 0
769 0
770 0
771 0
772 0
773 0
774 0
775 0
776 0
777 0
778 0
779 1
780 1
781 1
782 0
783 0
784 1
785 0
786 1
787 1
788 0
789 1
790 1
791 1
792 2
793 1
794 0
795 1
796 1
797 1
798 0
799 0
800 2
801 0
802 2
803 2
804 1
805 1
806 0
807 1
808 0
809 1
810 1
811 1
812 0
813 1
814 0
815 1
816 1
817 1
818 2
819 1
820 0
821 1
822 1
823 1
824 0
825 0
826 1
827 0
828 1
829 1
830 2
831 2
832 1
833 0
834 1
835 1
836 0
837 0
838 0
839 1
840 1
841 1
842 1
843 1
844 1
845 1
846 0
847 1
848 2
849 2
850 1
851 1
852 1
853 1
854 0
855 0
856 1
857 1
858 2
859 1
860 1
861 0
862 1
863 0
864 1
865 0
866 0
867 0
868 1
869 0
870 1
871 1
872 0
873 0
874 1
875 0
876 1
877 1
878 0
879 1
880 1
881 1
882 2
883 1
884 1
885 1
886 1
887 1
888 1
889 1
890 0
891 1
892 2
893 0
894 1
895 1
896 1
897 1
898 2
899 1
900 2
901 2
902 0
903 0
904 0
905 2
906 2
907 1
908 0
909 2
910 1
911 1
912 0
913 1
914 1
915 1
916 1
917 0
918 2
919 2
920 1
921 2
922 1
923 1
924 1
925 1
926 2
927 1
928 0
929 0
930 0
931 0
932 0
933 1
934 1
935 0
936 0
937 0
938 1
939 1
940 1
941 2
942 1
943 0
944 0
945 0
946 1
947 2
948 0
949 1
950 1
951 1
952 0
953 0
954 0
955 2
956 1
957 1
958 0
959 1
960 2
961 1
962 1
963 2
964 0
965 0
966 1
967 0
968 1
969 0
970 2
971 0
972 1
973 0
974 1
975 1
976 1
977 0
978 0
979 1
980 0
981 1
982 0
983 1
984 1
985 1
986 1
987 1
988 1
989 2
990 1
991 0
992 1
993 2
994 1
995 0
996 0
997 1
998 0
999 1
1000 0
1001 1
1002 1
1003 2
1004 0
1005 0
1006 1
1007 0
1008 2
1009 1
1010 1
1011 1
1012 0
1013 0
1014 0
1015 0
1016 0
1017 0
1018 2
1019 2
1020 0
1021 1
1022 0
1023 0
1024 0
1025 3
1026 0
1027 0
1028 0
1029 0
1030 0
1031 0
1032 2
1033 1
1034 0
1035 2
1036 1
1037 1
1038 0
1039 0
1040 0
1041 3
1042 0
1043 1
1044 1
1045 0
1046 0
1047 1
1048 1
1049 1
1050 1
1051 0
1052 1
1053 0
1054 1
1055 0
1056 1
1057 1
1058 0
1059 0
1060 0
1061 2
1062 1
1063 0
1064 1
1065 1
1066 1
1067 1
1068 0
1069 0
1070 0
1071 0
1072 0
1073 2
1074 0
1075 0
1076 0
1077 0
1078 0
1079 1
1080 2
1081 1
1082 0
1083 1
1084 0
1085 0
1086 0
1087 0
1088 2
1089 1
1090 1
1091 1
1092 1
1093 1
1094 1
1095 1
1096 1
1097 1
1098 0
1099 1
1100 0
1101 1
1102 0
1103 2
1104 1
1105 1
1106 0
1107 1
1108 1
1109 1
1110 1
1111 1
1112 1
1113 1
1114 1
1115 1
1116 0
1117 0
1118 0
1119 1
1120 1
1121 1
1122 0
1123 1
1124 1
1125 1
1126 1
1127 1
1128 0
1129 1
1130 1
1131 1
1132 1
1133 1
1134 2
1135 1
1136 1
1137 1
1138 0
1139 1
1140 1
1141 1
1142 1
1143 1
1144 1
1145 0
1146 1
1147 0
1148 0
1149 1
1150 0
1151 1
1152 0
1153 1
1154 1
1155 1
1156 1
1157 1
1158 1
1159 1
1160 1
1161 1
1162 0
1163 1
1164 1
1165 1
1166 1
1167 1
1168 1
1169 1
1170 1
1171 1
1172 1
1173 1
1174 1
1175 1
1176 1
1177 0
1178 0
1179 1
1180 1
1181 2
1182 1
1183 1
1184 1
1185 0
1186 0
1187 1
1188 1
1189 0
1190 1
1191 1
1192 1
1193 0
1194 0
1195 0
1196 0
1197 0
1198 0
1199 0
1200 0
1201 0
1202 0
1203 1
1204 1
1205 1
1206 1
1207 0
1208 2
1209 1
1210 1
1211 1
1212 1
1213 1
1214 1
1215 0
1216 1
1217 1
1218 2
1219 0
1220 1
1221 1
1222 0
1223 1
1224 3
1225 2
1226 0
1227 1
1228 2
1229 3
1230 1
1231 2
1232 2
1233 3
1234 1
1235 1
1236 1
1237 3
1238 3
1239 2
1240 2
1241 3
1242 1
1243 0
1244 0
1245 1
1246 3
1247 0
1248 1
1249 2
1250 1
1251 2
1252 2
1253 2
1254 1
1255 2
1256 0
1257 1
1258 0
1259 1
1260 1
1261 2
1262 2
1263 1
1264 2
1265 1
1266 2
1267 2
1268 2
1269 2
1270 0
1271 0
1272 0
1273 2
1274 3
1275 2
1276 0
1277 0
1278 1
1279 1
1280 1
1281 1
1282 0
1283 0
1284 0
1285 0
1286 0
1287 2
1288 2
1289 2
1290 1
1291 2
1292 2
1293 0
1294 1
1295 1
1296 1
1297 2
1298 2
1299 2
1300 2
1301 0
1302 0
1303 1
1304 2
1305 1
1306 0
1307 1
1308 2
1309 2
1310 1
1311 3
1312 1
1313 2
1314 1
1315 0
1316 0
1317 0
1318 0
1319 0
1320 0
1321 0
1322 1
1323 0
1324 0
1325 0
1326 0
1327 0
1328 0
1329 0
1330 0
1331 0
1332 0
1333 0
1334 0
1335 0
1336 0
1337 0
1338 0
1339 1
1340 1
1341 1
1342 2
1343 1
1344 1
1345 0
1346 0
1347 0
1348 1
1349 0
1350 1
1351 1
1352 1
1353 1
1354 0
1355 2
1356 1
1357 2
1358 1
1359 2
1360 0
1361 2
1362 1
1363 1
1364 1
1365 1
1366 1
1367 2
1368 1
1369 0
1370 1
1371 1
1372 1
1373 0
1374 0
1375 0
1376 0
1377 0
1378 0
1379 3
1380 2
1381 2
1382 1
1383 1
1384 1
1385 1
1386 0
1387 2
1388 1
1389 1
1390 0
1391 1
1392 1
1393 2
1394 3
1395 1
1396 1
1397 2
1398 1
1399 2
1400 1
1401 0
1402 1
1403 2
1404 2
1405 0
1406 1
1407 2
1408 0
1409 1
1410 2
1411 1
1412 2
1413 0
1414 1
1415 2
1416 0
1417 1
1418 2
1419 2
1420 2
1421 3
1422 3
1423 2
1424 1
1425 2
1426 2
1427 2
1428 1
1429 0
1430 2
1431 1
1432 2
1433 2
1434 1
1435 1
1436 1
1437 2
1438 2
1439 0
1440 1
1441 1
1442 1
1443 1
1444 1
1445 1
1446 1
1447 1
1448 0
1449 2
1450 2
1451 0
1452 3
1453 0
1454 2
1455 2
1456 1
1457 1
1458 1
1459 1
1460 2
1461 2
1462 2
1463 1
1464 0
1465 1
1466 1
1467 1
1468 2
1469 1
1470 0
1471 3
1472 3
1473 1
1474 2
1475 2
1476 1
1477 0
1478 2
1479 1
1480 1
1481 1
1482 1
1483 0
1484 2
1485 3
1486 1
1487 2
1488 1
1489 1
1490 0
1491 0
1492 0
1493 0
1494 1
1495 0
1496 1
1497 0
1498 1
1499 1
1500 1
1501 1
1502 1
1503 0
1504 1
1505 1
1506 2
1507 0
1508 1
1509 0
1510 2
1511 2
1512 1
1513 0
1514 2
1515 1
1516 1
1517 1
1518 2
1519 1
1520 0
1521 1
1522 0
1523 1
1524 1
1525 0
1526 0
1527 0
1528 0
1529 0
1530 1
1531 1
1532 1
1533 1
1534 1
1535 2
1536 0
1537 1
1538 0
1539 1
1540 0
1541 1
1542 2
1543 0
1544 2
1545 1
1546 2
1547 1
1548 2
1549 2
1550 1
1551 1
1552 1
1553 1
1554 1
1555 1
1556 2
1557 0
1558 2
1559 1
1560 2
1561 2
1562 1
1563 1
1564 1
1565 1
1566 2
1567 1
1568 1
1569 1
1570 1
1571 1
1572 2
1573 1
1574 1
1575 2
1576 1
1577 1
1578 1
1579 1
1580 2
1581 2
1582 2
1583 1
1584 1
1585 1
1586 2
1587 1
1588 1
1589 2
1590 1
1591 1
1592 1
1593 2
1594 0
1595 2
1596 1
1597 1
1598 2
1599 1
1600 1
1601 1
1602 2
1603 1
1604 0
1605 0
1606 1
1607 0
1608 0
1609 2
1610 1
1611 1
1612 1
1613 2
1614 1
1615 1
1616 1
1617 0
1618 2
1619 1
1620 0
1621 1
1622 1
1623 2
1624 0
1625 2
1626 1
1627 1
1628 0
1629 0
1630 1
1631 2
1632 1
1633 1
1634 3
1635 3
1636 1
1637 1
1638 2
1639 2
1640 1
1641 0
1642 1
1643 1
1644 1
1645 1
1646 4
1647 1
1648 0
1649 2
1650 1
1651 1
1652 2
1653 0
1654 1
1655 1
1656 1
1657 0
1658 2
1659 1
1660 1
1661 1
1662 2
1663 2
1664 1
1665 1
1666 1
1667 0
1668 1
1669 1
1670 1
1671 1
1672 1
1673 0
1674 2
1675 1
1676 2
1677 0
1678 2
1679 1
1680 1
1681 1
1682 0
1683 1
1684 0
1685 1
1686 2
1687 2
1688 1
1689 1
1690 3
1691 2
1692 1
1693 0
1694 1
1695 2
1696 1
1697 2
1698 1
1699 1
1700 1
1701 1
1702 1
1703 2
1704 1
1705 1
1706 1
1707 1
1708 2
1709 2
1710 1
1711 1
1712 1
1713 1
1714 1
1715 0
1716 0
1717 1
1718 1
1719 1
1720 1
1721 2
1722 2
1723 0
1724 1
1725 0
1726 0
1727 1
1728 3
1729 2
1730 1
1731 1
1732 2
1733 1
1734 2
1735 1
1736 1
1737 2
1738 1
1739 1
1740 1
1741 1
1742 1
1743 0
1744 1
1745 1
1746 1
1747 2
1748 1
1749 1
1750 0
1751 2
1752 1
1753 0
1754 0
1755 0
1756 2
1757 2
1758 1
1759 0
1760 1
1761 1
1762 1
1763 0
1764 0
1765 0
1766 2
1767 2
1768 1
1769 2
1770 1
1771 0
1772 1
1773 1
1774 1
1775 0
1776 1
1777 0
1778 2
1779 2
1780 0
1781 1
1782 0
1783 1
1784 2
1785 3
1786 2
1787 2
1788 2
1789 1
1790 0
1791 2
1792 1
1793 1
1794 1
1795 0
1796 1
1797 3
1798 1
1799 1
1800 1
1801 2
1802 2
1803 2
1804 2
1805 0
1806 2
1807 2
1808 1
1809 1
1810 2
1811 2
1812 1
1813 1
1814 1
1815 1
1816 1
1817 0
1818 0
1819 2
1820 3
1821 1
1822 1
1823 1
1824 1
1825 2
1826 1
1827 2
1828 0
1829 2
1830 1
1831 1
1832 1
1833 1
1834 1
1835 2
1836 2
1837 1
1838 1
1839 2
1840 1
1841 1
1842 1
1843 1
1844 0
1845 1
1846 2
1847 1
1848 0
1849 1
1850 0
1851 1
1852 1
1853 1
1854 1
1855 2
1856 1
1857 1
1858 2
1859 1
1860 0
1861 1
1862 1
1863 1
1864 1
1865 1
1866 1
1867 1
1868 2
1869 2
1870 1
1871 1
1872 1
1873 1
1874 1
1875 3
1876 1
1877 1
1878 1
1879 1
1880 0
1881 1
1882 2
1883 3
1884 1
1885 1
1886 2
1887 2
1888 1
1889 2
1890 1
1891 1
1892 2
1893 0
1894 2
1895 1
1896 1
1897 2
1898 0
1899 0
1900 0
1901 1
1902 2
1903 1
1904 1
1905 1
1906 1
1907 2
1908 1
1909 2
1910 0
1911 2
1912 1
1913 1
1914 1
1915 1
1916 1
1917 1
1918 1
1919 1
1920 0
1921 0
1922 0
1923 1
1924 1
1925 2
1926 1
1927 1
1928 1
1929 2
1930 1
1931 2
1932 2
1933 1
1934 0
1935 1
1936 0
1937 2
1938 0
1939 1
1940 1
1941 0
1942 1
1943 1
1944 1
1945 0
1946 0
1947 1
1948 1
1949 0
1950 2
1951 2
1952 0
1953 1
1954 1
1955 1
1956 1
1957 1
1958 0
1959 2
1960 0
1961 1
1962 1
1963 1
1964 0
1965 1
1966 1
1967 1
1968 0
1969 1
1970 1
1971 1
1972 0
1973 2
1974 1
1975 2
1976 2
1977 2
1978 1
1979 0
1980 2
1981 1
1982 1
1983 2
1984 0
1985 0
1986 0
1987 0
1988 1
1989 1
1990 2
1991 1
1992 1
1993 1
1994 1
1995 1
1996 2
1997 0
1998 1
1999 1
