0 0
1 0
2 0
3 0
4 0
5 0
6 0
7 0
8 0
9 0
10 0
11 0
12 0
13 0
14 0
15 0
16 0
17 0
18 0
19 0
20 0
21 0
22 0
23 0
24 0
25 0
26 0
27 0
28 0
29 0
30 0
31 0
32 0
33 0
34 0
35 0
36 0
37 0
38 0
39 0
40 0
41 0
42 0
43 0
44 0
45 0
46 0
47 0
48 1
49 0
50 0
51 0
52 0
53 0
54 1
55 0
56 0
57 0
58 0
59 1
60 0
61 0
62 0
63 0
64 0
65 0
66 0
67 0
68 1
69 0
70 0
71 0
72 0
73 0
74 0
75 0
76 0
77 0
78 0
79 0
80 0
81 1
82 0
83 1
84 0
85 0
86 0
87 0
88 1
89 1
90 1
91 1
92 1
93 1
94 1
95 0
96 0
97 1
98 1
99 1
100 1
101 1
102 1
103 0
104 0
105 0
106 0
107 0
108 1
109 0
110 0
111 1
112 0
113 1
114 0
115 1
116 1
117 0
118 1
119 1
120 1
121 1
122 1
123 2
124 0
125 0
126 0
127 0
128 0
129 0
130 1
131 1
132 1
133 1
134 1
135 2
136 0
137 1
138 0
139 0
140 1
141 0
142 1
143 1
144 0
145 0
146 1
147 0
148 1
149 0
150 0
151 0
152 0
153 1
154 0
155 0
156 0
157 0
158 1
159 0
160 0
161 0
162 1
163 0
164 0
165 1
166 1
167 0
168 0
169 1
170 1
171 0
172 0
173 1
174 0
175 0
176 1
177 1
178 0
179 0
180 0
181 0
182 0
183 0
184 0
185 0
186 0
187 0
188 0
189 0
190 0
191 0
192 0
193 0
194 0
195 0
196 1
197 0
198 0
199 0
200 0
201 0
202 0
203 0
204 0
205 1
206 0
207 0
208 0
209 0
210 0
211 0
212 0
213 0
214 0
215 0
216 0
217 0
218 0
219 0
220 0
221 0
222 0
223 0
224 0
225 0
226 0
227 0
228 0
229 0
230 0
231 0
232 0
233 0
234 1
235 0
236 0
237 0
238 1
239 1
240 0
241 0
242 1
243 1
244 1
245 1
246 1
247 1
248 1
249 1
250 1
251 1
252 0
253 2
254 1
255 1
256 0
257 0
258 0
259 0
260 0
261 1
262 1
263 0
264 0
265 0
266 0
267 0
268 1
269 0
270 0
271 0
272 0
273 0
274 0
275 0
276 0
277 0
278 1
279 1
280 0
281 1
282 0
283 0
284 1
285 1
286 2
287 0
288 1
289 2
290 2
291 2
292 0
293 2
294 1
295 1
296 1
297 0
298 2
299 1
300 0
301 2
302 1
303 0
304 0
305 0
306 1
307 0
308 0
309 0
310 0
311 0
312 0
313 0
314 0
315 0
316 0
317 0
318 0
319 0
320 1
321 0
322 1
323 0
324 1
325 0
326 1
327 1
328 0
329 1
330 1
331 0
332 1
333 1
334 0
335 1
336 0
337 0
338 0
339 1
340 1
341 0
342 1
343 0
344 0
345 0
346 1
347 1
348 2
349 1
350 1
351 0
352 0
353 0
354 1
355 0
356 1
357 1
358 0
359 0
360 0
361 0
362 1
363 1
364 1
365 0
366 2
367 1
368 1
369 1
370 1
371 0
372 1
373 0
374 1
375 0
376 1
377 1
378 1
379 1
380 1
381 0
382 0
383 0
384 1
385 0
386 1
387 0
388 0
389 0
390 1
391 1
392 1
393 1
394 0
395 2
396 0
397 0
398 1
399 0
400 0
401 1
402 1
403 1
404 0
405 0
406 1
407 1
408 1
409 0
410 0
411 0
412 1
413 1
414 0
415 2
416 0
417 1
418 0
419 2
420 1
421 0
422 1
423 0
424 1
425 0
426 2
427 0
428 1
429 1
430 1
431 0
432 2
433 1
434 0
435 1
436 0
437 0
438 0
439 0
440 0
441 0
442 0
443 1
444 1
445 1
446 1
447 2
448 0
449 1
450 0
451 0
452 1
453 0
454 1
455 1
456 1
457 2
458 2
459 0
460 0
461 0
462 0
463 1
464 1
465 0
466 2
467 1
468 1
469 1
470 1
471 0
472 1
473 1
474 1
475 0
476 1
477 1
478 2
479 0
480 1
481 1
482 1
483 0
484 1
485 0
486 1
487 0
488 1
489 0
490 2
491 1
492 2
493 0
494 1
495 2
496 1
497 1
498 0
499 3
500 1
501 1
502 0
503 1
504 0
505 1
506 0
507 1
508 0
509 0
510 0
511 1
512 0
513 0
514 0
515 0
516 0
517 0
518 0
519 1
520 0
521 1
522 0
523 0
524 0
525 0
526 0
527 0
528 0
529 0
530 1
531 0
532 1
533 1
534 0
535 1
536 1
537 0
538 0
539 0
540 1
541 1
542 0
543 2
544 1
545 1
546 1
547 0
548 0
549 2
550 0
551 2
552 2
553 1
554 3
555 0
556 1
557 1
558 1
559 1
560 2
561 1
562 3
563 0
564 1
565 1
566 0
567 0
568 1
569 1
570 0
571 0
572 1
573 2
574 1
575 1
576 1
577 1
578 0
579 1
580 1
581 1
582 0
583 2
584 1
585 2
586 1
587 1
588 1
589 1
590 1
591 1
592 1
593 1
594 1
595 1
596 1
597 1
598 1
599 0
600 1
601 2
602 1
603 1
604 1
605 1
606 1
607 1
608 1
609 2
610 1
611 2
612 1
613 0
614 0
615 1
616 1
617 2
618 1
619 1
620 1
621 1
622 1
623 1
624 0
625 2
626 1
627 2
628 2
629 1
630 1
631 2
632 2
633 1
634 1
635 1
636 1
637 2
638 1
639 2
640 1
641 2
642 2
643 1
644 1
645 1
646 0
647 1
648 2
649 1
650 1
651 0
652 2
653 1
654 2
655 1
656 2
657 1
658 1
659 0
660 1
661 1
662 1
663 1
664 1
665 2
666 3
667 1
668 2
669 2
670 1
671 0
672 0
673 0
674 2
675 0
676 2
677 1
678 0
679 0
680 1
681 1
682 2
683 1
684 2
685 1
686 1
687 2
688 0
689 1
690 1
691 1
692 0
693 1
694 1
695 1
696 1
697 1
698 1
699 1
700 0
701 1
702 1
703 1
704 1
705 1
706 1
707 1
708 0
709 2
710 0
711 0
712 1
713 1
714 1
715 2
716 1
717 1
718 2
719 0
720 1
721 0
722 0
723 0
724 0
725 0
726 1
727 1
728 0
729 0
730 0
731 1
732 0
733 1
734 0
735 1
736 1
737 1
738 1
739 1
740 0
741 0
742 0
743 1
744 0
745 0
746 0
747 0
748 0
749 1
750 1
751 1
752 1
753 1
754 0
755 0
756 1
757 1
758 1
759 1
760 2
761 1
762 2
763 1
764 1
765 1
766 0
767 1
768 1
769 1
770 1
771 1
772 1
773 1
774 0
775 2
776 0
777 2
778 0
779 1
780 2
781 1
782 1
783 0
784 0
785 1
786 1
787 0
788 0
789 0
790 0
791 0
792 0
793 0
794 0
795 0
796 0
797 1
798 0
799 1
800 1
801 0
802 1
803 1
804 0
805 0
806 1
807 1
808 0
809 1
810 2
811 0
812 0
813 0
814 0
815 1
816 0
817 0
818 1
819 1
820 0
821 1
822 0
823 0
824 1
825 1
826 0
827 1
828 0
829 1
830 1
831 1
832 0
833 0
834 0
835 0
836 0
837 1
838 1
839 1
840 0
841 1
842 1
843 1
844 0
845 0
846 1
847 0
848 0
849 0
850 0
851 0
852 1
853 0
854 0
855 0
856 0
857 1
858 1
859 0
860 1
861 0
862 0
863 0
864 0
865 0
866 1
867 1
868 1
869 1
870 0
871 0
872 1
873 0
874 0
875 0
876 0
877 0
878 0
879 0
880 0
881 1
882 0
883 0
884 0
885 0
886 0
887 0
888 0
889 0
890 0
891 1
892 0
893 0
894 0
895 0
896 0
897 0
898 0
899 0
900 0
901 1
902 0
903 0
904 0
905 0
906 0
907 0
908 0
909 0
910 0
911 0
912 0
913 1
914 0
915 0
916 0
917 0
918 0
919 0
920 0
921 0
922 0
923 0
924 0
925 0
926 1
927 0
928 0
929 0
930 0
931 0
932 0
933 0
934 1
935 0
936 0
937 0
938 0
939 0
940 0
941 0
942 0
943 0
944 0
945 1
946 0
947 0
948 0
949 1
950 1
951 1
952 0
953 0
954 1
955 0
956 0
957 0
958 0
959 1
960 0
961 1
962 0
963 1
964 1
965 2
966 1
967 1
968 1
969 0
970 0
971 0
972 1
973 0
974 0
975 1
976 0
977 0
978 0
979 0
980 0
981 1
982 1
983 1
984 0
985 0
986 0
987 0
988 0
989 0
990 0
991 0
992 0
993 0
994 0
995 0
996 1
997 0
998 0
999 0
1000 0
1001 0
1002 0
1003 0
1004 0
1005 0
1006 0
1007 0
1008 0
1009 1
1010 0
1011 0
1012 0
1013 0
1014 0
1015 0
1016 0
1017 0
1018 0
1019 0
1020 0
1021 0
1022 0
1023 1
1024 0
1025 1
1026 0
1027 1
1028 0
1029 1
1030 0
1031 1
1032 2
1033 1
1034 1
1035 0
1036 1
1037 1
1038 0
1039 1
1040 1
1041 2
1042 0
1043 0
1044 1
1045 0
1046 1
1047 0
1048 0
1049 0
1050 1
1051 1
1052 1
1053 1
1054 0
1055 1
1056 1
1057 2
1058 1
1059 1
1060 1
1061 1
1062 1
1063 1
1064 0
1065 0
1066 1
1067 0
1068 1
1069 1
1070 1
1071 1
1072 1
1073 0
1074 1
1075 1
1076 1
1077 1
1078 0
1079 0
1080 1
1081 1
1082 1
1083 1
1084 0
1085 1
1086 0
1087 1
1088 1
1089 1
1090 0
1091 1
1092 1
1093 0
1094 1
1095 0
1096 0
1097 2
1098 0
1099 1
1100 1
1101 1
1102 1
1103 1
1104 0
1105 1
1106 1
1107 1
1108 1
1109 0
1110 0
1111 1
1112 2
1113 1
1114 0
1115 0
1116 1
1117 1
1118 0
1119 1
1120 1
1121 0
1122 0
1123 0
1124 0
1125 0
1126 0
1127 1
1128 1
1129 1
1130 0
1131 1
1132 0
1133 0
1134 1
1135 1
1136 1
1137 0
1138 0
1139 0
1140 1
1141 1
1142 1
1143 2
1144 1
1145 1
1146 0
1147 1
1148 0
1149 1
1150 1
1151 1
1152 0
1153 1
1154 1
1155 0
1156 0
1157 0
1158 0
1159 1
1160 1
1161 0
1162 1
1163 0
1164 0
1165 0
1166 1
1167 1
1168 0
1169 1
1170 0
1171 0
1172 1
1173 1
1174 0
1175 0
1176 1
1177 1
1178 0
1179 1
1180 2
1181 1
1182 1
1183 0
1184 1
1185 0
1186 0
1187 0
1188 0
1189 0
1190 1
1191 0
1192 0
1193 1
1194 2
1195 2
1196 1
1197 0
1198 1
1199 2
1200 2
1201 1
1202 1
1203 2
1204 0
1205 1
1206 1
1207 1
1208 0
1209 1
1210 0
1211 0
1212 0
1213 0
1214 0
1215 0
1216 0
1217 0
1218 0
1219 0
1220 0
1221 0
1222 0
1223 0
1224 0
1225 1
1226 2
1227 1
1228 1
1229 2
1230 2
1231 1
1232 1
1233 2
1234 1
1235 0
1236 1
1237 2
1238 1
1239 0
1240 1
1241 1
1242 1
1243 1
1244 1
1245 1
1246 1
1247 0
1248 1
1249 1
1250 0
1251 1
1252 0
1253 0
1254 1
1255 0
1256 0
1257 0
1258 0
1259 1
1260 1
1261 0
1262 0
1263 0
1264 0
1265 1
1266 0
1267 1
1268 1
1269 0
1270 1
1271 0
1272 2
1273 1
1274 1
1275 2
1276 0
1277 1
1278 1
1279 1
1280 0
1281 0
1282 0
1283 0
1284 0
1285 0
1286 0
1287 0
1288 0
1289 0
1290 0
1291 0
1292 2
1293 1
1294 2
1295 1
1296 1
1297 1
1298 1
1299 0
1300 0
1301 1
1302 1
1303 1
1304 1
1305 1
1306 0
1307 1
1308 1
1309 1
1310 2
1311 1
1312 1
1313 1
1314 2
1315 1
1316 2
1317 0
1318 1
1319 0
1320 1
1321 0
1322 0
1323 0
1324 1
1325 1
1326 1
1327 0
1328 2
1329 1
1330 1
1331 1
1332 0
1333 2
1334 1
1335 1
1336 1
1337 1
1338 1
1339 2
1340 0
1341 0
1342 1
1343 1
1344 1
1345 0
1346 1
1347 2
1348 1
1349 1
1350 1
1351 2
1352 0
1353 0
1354 1
1355 0
1356 1
1357 1
1358 1
1359 0
1360 1
1361 1
1362 0
1363 0
1364 0
1365 2
1366 1
1367 1
1368 1
1369 1
1370 0
1371 1
1372 0
1373 1
1374 0
1375 1
1376 0
1377 1
1378 2
1379 2
1380 1
1381 1
1382 0
1383 0
1384 2
1385 1
1386 2
1387 1
1388 0
1389 1
1390 1
1391 0
1392 1
1393 1
1394 2
1395 1
1396 1
1397 0
1398 1
1399 0
1400 2
1401 1
1402 1
1403 1
1404 1
1405 0
1406 2
1407 1
1408 1
1409 1
1410 2
1411 0
1412 1
1413 1
1414 2
1415 1
1416 0
1417 1
1418 1
1419 1
1420 1
1421 0
1422 1
1423 1
1424 2
1425 1
1426 2
1427 1
1428 1
1429 0
1430 1
1431 0
1432 0
1433 1
1434 1
1435 0
1436 1
1437 1
1438 2
1439 0
1440 0
1441 0
1442 1
1443 1
1444 0
1445 0
1446 1
1447 0
1448 0
1449 1
1450 0
1451 1
1452 1
1453 1
1454 1
1455 1
1456 1
1457 0
1458 2
1459 0
1460 1
1461 0
1462 1
1463 0
1464 1
1465 2
1466 1
1467 1
1468 2
1469 1
1470 0
1471 1
1472 0
1473 0
1474 1
1475 1
1476 0
1477 0
1478 0
1479 1
1480 2
1481 1
1482 1
1483 2
1484 1
1485 1
1486 1
1487 2
1488 0
1489 0
1490 1
1491 1
1492 1
1493 0
1494 2
1495 0
1496 0
1497 0
1498 0
1499 0
1500 1
1501 0
1502 0
1503 1
1504 2
1505 0
1506 2
1507 0
1508 0
1509 0
1510 0
1511 1
1512 0
1513 0
1514 0
1515 0
1516 0
1517 2
1518 0
1519 1
1520 1
1521 0
1522 1
1523 2
1524 0
1525 1
1526 1
1527 1
1528 1
1529 0
1530 1
1531 2
1532 0
1533 1
1534 0
1535 1
1536 0
1537 0
1538 0
1539 0
1540 0
1541 1
1542 0
1543 0
1544 1
1545 0
1546 1
1547 1
1548 0
1549 1
1550 0
1551 1
1552 1
1553 1
1554 1
1555 1
1556 1
1557 1
1558 0
1559 0
1560 2
1561 1
1562 0
1563 1
1564 0
1565 0
1566 0
1567 0
1568 0
1569 0
1570 0
1571 0
1572 1
1573 0
1574 0
1575 1
1576 1
1577 1
1578 1
1579 0
1580 0
1581 1
1582 1
1583 1
1584 2
1585 1
1586 0
1587 2
1588 0
1589 0
1590 0
1591 0
1592 1
1593 1
1594 0
1595 1
1596 2
1597 1
1598 0
1599 2
1600 2
1601 0
1602 0
1603 1
1604 0
1605 0
1606 1
1607 0
1608 1
1609 0
1610 1
1611 0
1612 0
1613 1
1614 0
1615 0
1616 0
1617 0
1618 0
1619 1
1620 1
1621 2
1622 0
1623 1
1624 1
1625 1
1626 0
1627 2
1628 1
1629 0
1630 1
1631 0
1632 1
1633 1
1634 1
1635 1
1636 2
1637 1
1638 1
1639 1
1640 0
1641 1
1642 2
1643 0
1644 2
1645 2
1646 1
1647 1
1648 1
1649 1
1650 1
1651 1
1652 1
1653 1
1654 1
1655 4
1656 0
1657 1
1658 1
1659 1
1660 1
1661 0
1662 1
1663 1
1664 1
1665 0
1666 2
1667 1
1668 1
1669 2
1670 2
1671 2
1672 2
1673 1
1674 0
1675 2
1676 2
1677 2
1678 0
1679 1
1680 2
1681 2
1682 1
1683 2
1684 2
1685 1
1686 2
1687 0
1688 2
1689 1
1690 2
1691 1
1692 1
1693 1
1694 1
1695 1
1696 2
1697 1
1698 1
1699 1
1700 1
1701 0
1702 2
1703 1
1704 2
1705 0
1706 0
1707 1
1708 1
1709 1
1710 2
1711 2
1712 2
1713 1
1714 2
1715 1
1716 1
1717 1
1718 0
1719 0
1720 0
1721 0
1722 0
1723 0
1724 0
1725 0
1726 0
1727 0
1728 0
1729 0
1730 0
1731 1
1732 0
1733 1
1734 1
1735 1
1736 1
1737 0
1738 0
1739 0
1740 0
1741 0
1742 0
1743 0
1744 0
1745 0
1746 0
1747 0
1748 0
1749 0
1750 0
1751 0
1752 0
1753 0
1754 0
1755 0
1756 0
1757 0
1758 0
1759 0
1760 1
1761 0
1762 0
1763 0
1764 0
1765 0
1766 0
1767 0
1768 0
1769 0
1770 0
1771 0
1772 0
1773 0
1774 0
1775 0
1776 0
1777 0
1778 0
1779 0
1780 0
1781 0
1782 0
1783 0
1784 0
1785 0
1786 0
1787 0
1788 0
1789 0
1790 0
1791 0
1792 0
1793 0
1794 0
1795 0
1796 0
1797 0
1798 0
1799 0
1800 0
1801 0
1802 0
1803 0
1804 0
1805 0
1806 0
1807 0
1808 0
1809 0
1810 0
1811 0
1812 0
1813 0
1814 0
1815 0
1816 0
1817 0
1818 0
1819 0
1820 0
1821 0
1822 0
1823 0
1824 0
1825 0
1826 0
1827 0
1828 0
1829 0
1830 0
1831 0
1832 0
1833 0
1834 0
1835 0
1836 0
1837 0
1838 0
1839 0
1840 0
1841 0
1842 0
1843 0
1844 0
1845 0
1846 0
1847 0
1848 0
1849 0
1850 0
1851 0
1852 0
1853 0
1854 0
1855 0
1856 0
1857 0
1858 0
1859 0
1860 0
1861 0
1862 0
1863 0
1864 0
1865 0
1866 0
1867 0
1868 0
1869 0
1870 0
1871 0
1872 0
1873 0
1874 0
1875 0
1876 0
1877 0
1878 0
1879 0
1880 0
1881 0
1882 0
1883 0
1884 0
1885 0
1886 0
1887 0
1888 0
1889 0
1890 0
1891 0
1892 0
1893 0
1894 0
1895 0
1896 0
1897 0
1898 0
1899 0
1900 0
1901 0
1902 0
1903 0
1904 0
1905 0
1906 0
1907 0
1908 0
1909 0
1910 0
1911 0
1912 0
1913 0
1914 0
1915 0
1916 0
1917 0
1918 0
1919 0
1920 0
1921 0
1922 0
1923 0
1924 0
1925 0
1926 0
1927 0
1928 0
1929 0
1930 0
1931 0
1932 0
1933 0
1934 0
1935 0
1936 0
1937 0
1938 0
1939 0
1940 0
1941 0
1942 0
1943 0
1944 0
1945 0
1946 0
1947 1
1948 1
1949 1
1950 1
1951 1
1952 1
1953 0
1954 0
1955 0
1956 0
1957 0
1958 0
1959 0
1960 0
1961 0
1962 0
1963 0
1964 0
1965 0
1966 0
1967 0
1968 0
1969 0
1970 0
1971 0
1972 0
1973 0
1974 1
1975 1
1976 1
1977 0
1978 0
1979 0
1980 0
1981 0
1982 0
1983 0
1984 0
1985 0
1986 1
1987 0
1988 0
1989 0
1990 0
1991 0
1992 0
1993 0
1994 1
1995 1
1996 1
1997 0
1998 1
1999 0
