0 1
1 2
2 0
3 1
4 1
5 1
6 1
7 0
8 1
9 1
10 1
11 1
12 2
13 0
14 1
15 0
16 0
17 2
18 0
19 1
20 2
21 2
22 1
23 2
24 0
25 0
26 0
27 0
28 1
29 0
30 0
31 0
32 0
33 0
34 0
35 0
36 0
37 1
38 0
39 2
40 0
41 1
42 2
43 1
44 0
45 1
46 1
47 1
48 0
49 1
50 0
51 1
52 1
53 0
54 0
55 1
56 1
57 1
58 1
59 0
60 1
61 2
62 2
63 1
64 0
65 0
66 3
67 2
68 1
69 1
70 0
71 0
72 2
73 2
74 2
75 1
76 1
77 0
78 1
79 2
80 2
81 0
82 1
83 2
84 1
85 0
86 1
87 0
88 0
89 0
90 2
91 0
92 0
93 3
94 2
95 1
96 0
97 1
98 0
99 2
100 1
101 0
102 1
103 0
104 0
105 1
106 1
107 1
108 1
109 2
110 2
111 1
112 1
113 1
114 1
115 1
116 0
117 0
118 1
119 1
120 1
121 1
122 1
123 0
124 2
125 1
126 0
127 1
128 1
129 2
130 2
131 1
132 0
133 0
134 1
135 1
136 0
137 1
138 1
139 1
140 2
141 0
142 2
143 2
144 2
145 1
146 2
147 1
148 0
149 1
150 0
151 1
152 2
153 2
154 1
155 1
156 1
157 1
158 1
159 0
160 2
161 0
162 0
163 0
164 0
165 0
166 0
167 0
168 0
169 0
170 0
171 0
172 0
173 0
174 0
175 0
176 0
177 0
178 0
179 0
180 0
181 0
182 0
183 2
184 1
185 1
186 0
187 0
188 2
189 0
190 1
191 1
192 0
193 1
194 1
195 0
196 1
197 1
198 1
199 1
200 0
201 1
202 1
203 1
204 1
205 1
206 3
207 1
208 1
209 1
210 1
211 1
212 0
213 1
214 1
215 0
216 1
217 2
218 1
219 1
220 1
221 1
222 1
223 0
224 1
225 1
226 1
227 1
228 1
229 1
230 0
231 1
232 0
233 1
234 1
235 1
236 1
237 0
238 1
239 1
240 1
241 1
242 1
243 1
244 1
245 1
246 1
247 1
248 0
249 1
250 2
251 1
252 0
253 1
254 0
255 0
256 1
257 0
258 1
259 0
260 2
261 1
262 1
263 0
264 1
265 2
266 1
267 1
268 1
269 1
270 0
271 1
272 1
273 1
274 1
275 1
276 1
277 0
278 1
279 1
280 1
281 2
282 1
283 0
284 1
285 1
286 1
287 2
288 1
289 2
290 1
291 1
292 0
293 1
294 1
295 1
296 1
297 1
298 1
299 1
300 0
301 0
302 1
303 0
304 3
305 1
306 1
307 0
308 1
309 1
310 2
311 1
312 2
313 0
314 1
315 1
316 1
317 0
318 1
319 2
320 1
321 1
322 0
323 1
324 1
325 1
326 1
327 1
328 1
329 1
330 1
331 1
332 1
333 0
334 1
335 1
336 1
337 1
338 0
339 0
340 1
341 1
342 1
343 0
344 1
345 1
346 1
347 1
348 1
349 0
350 0
351 1
352 1
353 1
354 1
355 1
356 1
357 0
358 2
359 1
360 1
361 1
362 0
363 1
364 3
365 0
366 1
367 1
368 1
369 1
370 1
371 1
372 1
373 2
374 1
375 1
376 1
377 1
378 0
379 0
380 1
381 2
382 1
383 1
384 0
385 1
386 1
387 1
388 0
389 1
390 0
391 1
392 2
393 0
394 1
395 1
396 1
397 1
398 1
399 1
400 1
401 1
402 2
403 1
404 0
405 0
406 0
407 1
408 1
409 1
410 1
411 1
412 1
413 1
414 1
415 1
416 1
417 1
418 1
419 1
420 0
421 1
422 0
423 1
424 1
425 1
426 1
427 1
428 1
429 1
430 1
431 1
432 0
433 1
434 1
435 1
436 2
437 2
438 1
439 1
440 1
441 1
442 0
443 0
444 1
445 2
446 0
447 1
448 1
449 0
450 1
451 2
452 1
453 1
454 1
455 2
456 1
457 1
458 0
459 0
460 1
461 1
462 1
463 1
464 1
465 1
466 1
467 1
468 2
469 0
470 1
471 1
472 0
473 1
474 1
475 1
476 1
477 1
478 1
479 1
480 2
481 2
482 1
483 1
484 0
485 1
486 1
487 1
488 1
489 0
490 1
491 1
492 0
493 1
494 1
495 1
496 1
497 1
498 3
499 1
500 0
501 1
502 0
503 1
504 1
505 1
506 1
507 1
508 1
509 1
510 1
511 0
512 0
513 1
514 1
515 1
516 0
517 1
518 1
519 1
520 1
521 0
522 0
523 0
524 1
525 1
526 1
527 1
528 1
529 1
530 1
531 1
532 1
533 1
534 1
535 0
536 1
537 2
538 1
539 2
540 1
541 1
542 1
543 1
544 1
545 1
546 1
547 2
548 1
549 1
550 1
551 0
552 1
553 1
554 0
555 0
556 0
557 1
558 1
559 2
560 1
561 0
562 1
563 1
564 0
565 1
566 3
567 1
568 1
569 1
570 1
571 0
572 1
573 1
574 0
575 0
576 1
577 1
578 0
579 1
580 1
581 1
582 1
583 1
584 1
585 0
586 0
587 1
588 1
589 1
590 1
591 1
592 0
593 1
594 0
595 1
596 1
597 2
598 0
599 1
600 1
601 1
602 1
603 1
604 1
605 1
606 0
607 0
608 2
609 1
610 0
611 0
612 1
613 1
614 1
615 1
616 0
617 0
618 1
619 1
620 1
621 1
622 0
623 0
624 1
625 0
626 1
627 2
628 1
629 1
630 1
631 0
632 1
633 2
634 1
635 1
636 1
637 1
638 1
639 1
640 1
641 1
642 0
643 1
644 0
645 1
646 0
647 1
648 1
649 0
650 2
651 0
652 1
653 1
654 1
655 1
656 1
657 1
658 2
659 1
660 1
661 0
662 1
663 1
664 1
665 1
666 1
667 0
668 0
669 0
670 1
671 0
672 1
673 1
674 1
675 1
676 1
677 1
678 1
679 1
680 1
681 1
682 1
683 1
684 0
685 1
686 1
687 1
688 1
689 1
690 0
691 1
692 1
693 0
694 0
695 0
696 1
697 1
698 0
699 1
700 1
701 1
702 1
703 1
704 1
705 2
706 1
707 0
708 1
709 0
710 1
711 1
712 1
713 1
714 2
715 1
716 1
717 1
718 0
719 2
720 1
721 1
722 1
723 1
724 1
725 1
726 1
727 1
728 1
729 1
730 2
731 1
732 0
733 1
734 1
735 0
736 1
737 1
738 1
739 1
740 1
741 1
742 1
743 1
744 0
745 1
746 1
747 1
748 1
749 0
750 1
751 1
752 1
753 1
754 1
755 1
756 1
757 1
758 1
759 1
760 0
761 1
762 0
763 1
764 1
765 1
766 1
767 1
768 1
769 1
770 1
771 1
772 1
773 2
774 1
775 1
776 1
777 0
778 1
779 0
780 1
781 1
782 1
783 1
784 1
785 1
786 1
787 1
788 1
789 0
790 1
791 1
792 1
793 1
794 0
795 1
796 0
797 1
798 1
799 1
800 1
801 0
802 1
803 0
804 1
805 0
806 0
807 1
808 0
809 0
810 2
811 1
812 1
813 1
814 1
815 1
816 1
817 1
818 1
819 1
820 1
821 1
822 1
823 1
824 1
825 1
826 1
827 1
828 1
829 2
830 1
831 1
832 1
833 1
834 1
835 1
836 1
837 1
838 1
839 2
840 1
841 0
842 1
843 1
844 1
845 1
846 1
847 1
848 1
849 0
850 1
851 1
852 1
853 1
854 1
855 1
856 1
857 1
858 1
859 0
860 0
861 1
862 1
863 1
864 1
865 1
866 0
867 1
868 1
869 0
870 1
871 1
872 1
873 0
874 1
875 1
876 0
877 1
878 1
879 1
880 0
881 1
882 1
883 1
884 1
885 1
886 1
887 1
888 1
889 1
890 1
891 1
892 1
893 1
894 1
895 1
896 1
897 1
898 1
899 1
900 0
901 1
902 1
903 1
904 1
905 0
906 1
907 1
908 1
909 1
910 1
911 0
912 1
913 1
914 1
915 1
916 1
917 1
918 1
919 1
920 0
921 1
922 1
923 0
924 1
925 0
926 1
927 1
928 1
929 1
930 1
931 1
932 1
933 1
934 2
935 1
936 0
937 1
938 1
939 0
940 1
941 1
942 1
943 1
944 0
945 1
946 1
947 1
948 1
949 0
950 1
951 1
952 1
953 0
954 1
955 0
956 1
957 1
958 0
959 2
960 1
961 1
962 1
963 2
964 1
965 1
966 1
967 1
968 1
969 1
970 1
971 1
972 0
973 0
974 1
975 1
976 1
977 1
978 1
979 2
980 1
981 1
982 1
983 1
984 1
985 0
986 1
987 1
988 0
989 1
990 1
991 1
992 1
993 1
994 1
995 1
996 1
997 1
998 1
999 1
1000 1
1001 1
1002 1
1003 1
1004 1
1005 2
1006 0
1007 1
1008 1
1009 1
1010 0
1011 1
1012 1
1013 1
1014 0
1015 0
1016 1
1017 0
1018 1
1019 1
1020 1
1021 1
1022 0
1023 1
1024 2
1025 1
1026 1
1027 1
1028 1
1029 1
1030 1
1031 0
1032 0
1033 1
1034 0
1035 1
1036 0
1037 1
1038 1
1039 1
1040 0
1041 0
1042 1
1043 1
1044 1
1045 2
1046 0
1047 1
1048 0
1049 1
1050 0
1051 1
1052 1
1053 0
1054 0
1055 1
1056 1
1057 1
1058 1
1059 1
1060 1
1061 1
1062 1
1063 1
1064 1
1065 0
1066 1
1067 1
1068 0
1069 1
1070 2
1071 0
1072 1
1073 0
1074 1
1075 2
1076 1
1077 1
1078 1
1079 1
1080 0
1081 1
1082 1
1083 0
1084 0
1085 0
1086 1
1087 2
1088 0
1089 1
1090 1
1091 0
1092 1
1093 0
1094 1
1095 1
1096 0
1097 1
1098 0
1099 1
1100 1
1101 0
1102 1
1103 1
1104 1
1105 1
1106 0
1107 1
1108 1
1109 0
1110 1
1111 1
1112 0
1113 1
1114 1
1115 1
1116 0
1117 1
1118 0
1119 1
1120 0
1121 0
1122 1
1123 0
1124 1
1125 0
1126 1
1127 1
1128 1
1129 1
1130 0
1131 1
1132 1
1133 1
1134 1
1135 1
1136 1
1137 1
1138 1
1139 1
1140 1
1141 0
1142 0
1143 1
1144 1
1145 0
1146 2
1147 1
1148 1
1149 0
1150 1
1151 0
1152 0
1153 1
1154 1
1155 1
1156 0
1157 1
1158 1
1159 1
1160 0
1161 0
1162 0
1163 1
1164 1
1165 0
1166 1
1167 1
1168 1
1169 1
1170 0
1171 1
1172 1
1173 1
1174 1
1175 1
1176 1
1177 1
1178 1
1179 2
1180 0
1181 1
1182 1
1183 1
1184 1
1185 2
1186 1
1187 1
1188 1
1189 1
1190 0
1191 1
1192 1
1193 1
1194 0
1195 1
1196 0
1197 1
1198 2
1199 1
1200 2
1201 1
1202 1
1203 1
1204 0
1205 1
1206 1
1207 1
1208 1
1209 1
1210 1
1211 0
1212 1
1213 1
1214 0
1215 1
1216 1
1217 1
1218 1
1219 0
1220 1
1221 1
1222 1
1223 1
1224 1
1225 2
1226 0
1227 1
1228 1
1229 0
1230 0
1231 1
1232 1
1233 0
1234 0
1235 1
1236 0
1237 1
1238 1
1239 1
1240 1
1241 1
1242 1
1243 2
1244 1
1245 3
1246 1
1247 1
1248 1
1249 0
1250 0
1251 1
1252 1
1253 1
1254 1
1255 0
1256 1
1257 0
1258 2
1259 1
1260 1
1261 0
1262 2
1263 0
1264 1
1265 1
1266 1
1267 1
1268 1
1269 1
1270 1
1271 1
1272 2
1273 0
1274 0
1275 1
1276 1
1277 1
1278 1
1279 1
1280 1
1281 0
1282 0
1283 1
1284 0
1285 1
1286 1
1287 1
1288 1
1289 1
1290 1
1291 1
1292 0
1293 0
1294 0
1295 2
1296 1
1297 1
1298 1
1299 1
1300 0
1301 1
1302 1
1303 1
1304 1
1305 1
1306 1
1307 1
1308 1
1309 1
1310 1
1311 1
1312 1
1313 1
1314 0
1315 1
1316 1
1317 1
1318 1
1319 1
1320 1
1321 1
1322 0
1323 1
1324 1
1325 1
1326 1
1327 0
1328 0
1329 0
1330 1
1331 1
1332 1
1333 0
1334 1
1335 1
1336 1
1337 0
1338 1
1339 1
1340 1
1341 1
1342 2
1343 1
1344 0
1345 1
1346 0
1347 0
1348 1
1349 0
1350 1
1351 0
1352 1
1353 1
1354 0
1355 1
1356 1
1357 0
1358 0
1359 1
1360 1
1361 1
1362 0
1363 1
1364 1
1365 1
1366 0
1367 0
1368 0
1369 1
1370 1
1371 3
1372 0
1373 1
1374 1
1375 1
1376 1
1377 1
1378 1
1379 1
1380 0
1381 1
1382 1
1383 1
1384 1
1385 1
1386 1
1387 1
1388 1
1389 0
1390 0
1391 0
1392 1
1393 0
1394 1
1395 1
1396 0
1397 1
1398 1
1399 1
1400 1
1401 1
1402 0
1403 0
1404 1
1405 1
1406 1
1407 1
1408 1
1409 1
1410 1
1411 1
1412 0
1413 2
1414 1
1415 0
1416 1
1417 1
1418 0
1419 1
1420 2
1421 2
1422 1
1423 2
1424 1
1425 0
1426 1
1427 1
1428 1
1429 1
1430 0
1431 1
1432 1
1433 1
1434 1
1435 1
1436 1
1437 1
1438 1
1439 0
1440 1
1441 0
1442 1
1443 0
1444 1
1445 1
1446 1
1447 1
1448 1
1449 1
1450 1
1451 1
1452 2
1453 1
1454 0
1455 1
1456 0
1457 1
1458 1
1459 0
1460 1
1461 1
1462 1
1463 2
1464 1
1465 0
1466 1
1467 1
1468 1
1469 0
1470 1
1471 1
1472 1
1473 1
1474 1
1475 0
1476 2
1477 1
1478 1
1479 1
1480 1
1481 1
1482 0
1483 0
1484 0
1485 1
1486 1
1487 1
1488 0
1489 1
1490 1
1491 1
1492 1
1493 1
1494 1
1495 1
1496 1
1497 0
1498 1
1499 1
1500 1
1501 1
1502 0
1503 0
1504 1
1505 0
1506 0
1507 1
1508 1
1509 2
1510 1
1511 1
1512 0
1513 1
1514 1
1515 2
1516 1
1517 1
1518 1
1519 1
1520 1
1521 1
1522 1
1523 0
1524 1
1525 0
1526 0
1527 2
1528 1
1529 1
1530 1
1531 1
1532 0
1533 1
1534 1
1535 0
1536 1
1537 1
1538 1
1539 1
1540 1
1541 0
1542 0
1543 0
1544 1
1545 1
1546 1
1547 1
1548 0
1549 0
1550 0
1551 1
1552 2
1553 1
1554 0
1555 0
1556 0
1557 1
1558 1
1559 1
1560 1
1561 0
1562 1
1563 1
1564 0
1565 1
1566 1
1567 0
1568 1
1569 0
1570 1
1571 1
1572 0
1573 2
1574 0
1575 0
1576 1
1577 1
1578 0
1579 0
1580 1
1581 1
1582 1
1583 1
1584 2
1585 1
1586 1
1587 2
1588 1
1589 0
1590 1
1591 1
1592 0
1593 1
1594 1
1595 0
1596 2
1597 1
1598 1
1599 1
1600 2
1601 2
1602 1
1603 1
1604 1
1605 1
1606 0
1607 0
1608 1
1609 1
1610 1
1611 1
1612 1
1613 1
1614 0
1615 1
1616 1
1617 1
1618 1
1619 1
1620 1
1621 1
1622 1
1623 0
1624 1
1625 1
1626 0
1627 0
1628 0
1629 0
1630 0
1631 1
1632 0
1633 0
1634 2
1635 0
1636 0
1637 2
1638 1
1639 1
1640 1
1641 1
1642 0
1643 1
1644 1
1645 1
1646 1
1647 0
1648 1
1649 1
1650 0
1651 1
1652 1
1653 1
1654 0
1655 1
1656 1
1657 1
1658 0
1659 1
1660 0
1661 0
1662 1
1663 1
1664 1
1665 1
1666 0
1667 1
1668 1
1669 1
1670 1
1671 0
1672 1
1673 0
1674 1
1675 1
1676 1
1677 2
1678 1
1679 2
1680 1
1681 0
1682 1
1683 1
1684 1
1685 1
1686 0
1687 1
1688 1
1689 0
1690 1
1691 0
1692 1
1693 1
1694 0
1695 1
1696 1
1697 0
1698 1
1699 0
1700 1
1701 0
1702 1
1703 1
1704 0
1705 2
1706 1
1707 0
1708 1
1709 1
1710 0
1711 1
1712 1
1713 1
1714 1
1715 1
1716 0
1717 0
1718 1
1719 1
1720 0
1721 1
1722 1
1723 0
1724 0
1725 1
1726 0
1727 1
1728 1
1729 1
1730 1
1731 0
1732 0
1733 0
1734 1
1735 0
1736 1
1737 1
1738 1
1739 1
1740 0
1741 1
1742 0
1743 1
1744 1
1745 2
1746 0
1747 1
1748 0
1749 1
1750 1
1751 1
1752 1
1753 0
1754 2
1755 1
1756 0
1757 0
1758 1
1759 0
1760 0
1761 1
1762 1
1763 0
1764 1
1765 1
1766 1
1767 0
1768 0
1769 2
1770 1
1771 0
1772 0
1773 1
1774 1
1775 1
1776 1
1777 0
1778 0
1779 1
1780 1
1781 0
1782 0
1783 1
1784 1
1785 0
1786 1
1787 0
1788 0
1789 0
1790 1
1791 0
1792 1
1793 1
1794 1
1795 1
1796 0
1797 0
1798 1
1799 1
1800 1
1801 0
1802 1
1803 1
1804 0
1805 0
1806 0
1807 1
1808 1
1809 1
1810 0
1811 0
1812 0
1813 2
1814 0
1815 1
1816 1
1817 0
1818 2
1819 1
1820 1
1821 0
1822 0
1823 0
1824 1
1825 1
1826 1
1827 0
1828 0
1829 1
1830 1
1831 1
1832 1
1833 1
1834 1
1835 0
1836 2
1837 0
1838 0
1839 0
1840 1
1841 0
1842 0
1843 1
1844 1
1845 2
1846 1
1847 1
1848 0
1849 1
1850 1
1851 0
1852 1
1853 1
1854 2
1855 0
1856 0
1857 0
1858 1
1859 1
1860 0
1861 0
1862 1
1863 1
1864 1
1865 1
1866 2
1867 1
1868 1
1869 1
1870 1
1871 1
1872 1
1873 0
1874 0
1875 0
1876 1
1877 1
1878 1
1879 1
1880 1
1881 1
1882 1
1883 1
1884 1
1885 0
1886 0
1887 1
1888 1
1889 0
1890 0
1891 1
1892 1
1893 0
1894 1
1895 0
1896 0
1897 1
1898 1
1899 1
1900 2
1901 1
1902 1
1903 1
1904 1
1905 0
1906 1
1907 1
1908 1
1909 2
1910 0
1911 2
1912 1
1913 1
1914 1
1915 1
1916 2
1917 1
1918 0
1919 1
1920 1
1921 1
1922 1
1923 1
1924 1
1925 1
1926 1
1927 1
1928 0
1929 1
1930 1
1931 1
1932 1
1933 0
1934 1
1935 1
1936 1
1937 1
1938 1
1939 1
1940 1
1941 1
1942 0
1943 1
1944 0
1945 0
1946 2
1947 1
1948 1
1949 1
1950 1
1951 1
1952 1
1953 1
1954 1
1955 0
1956 0
1957 1
1958 0
1959 0
1960 1
1961 1
1962 0
1963 0
1964 1
1965 2
1966 1
1967 1
1968 1
1969 1
1970 1
1971 1
1972 0
1973 1
1974 1
1975 1
1976 1
1977 0
1978 0
1979 0
1980 1
1981 1
1982 0
1983 1
1984 1
1985 0
1986 0
1987 0
1988 0
1989 0
1990 0
1991 1
1992 0
1993 1
1994 0
1995 1
1996 1
1997 1
1998 1
1999 1
