0 0
1 0
2 0
3 0
4 2
5 1
6 2
7 1
8 1
9 1
10 0
11 1
12 1
13 1
14 1
15 1
16 2
17 2
18 1
19 1
20 2
21 2
22 1
23 1
24 2
25 1
26 1
27 1
28 0
29 1
30 1
31 1
32 0
33 2
34 1
35 0
36 3
37 1
38 1
39 1
40 1
41 1
42 1
43 1
44 1
45 1
46 0
47 1
48 0
49 2
50 2
51 1
52 1
53 1
54 1
55 2
56 1
57 1
58 2
59 3
60 2
61 2
62 2
63 3
64 1
65 0
66 0
67 1
68 0
69 0
70 0
71 0
72 0
73 0
74 1
75 1
76 0
77 0
78 0
79 0
80 0
81 1
82 1
83 1
84 1
85 2
86 2
87 2
88 1
89 1
90 1
91 2
92 1
93 2
94 1
95 1
96 0
97 0
98 0
99 0
100 0
101 0
102 0
103 0
104 0
105 0
106 1
107 0
108 0
109 0
110 0
111 0
112 1
113 0
114 0
115 0
116 0
117 0
118 0
119 0
120 0
121 0
122 0
123 0
124 0
125 0
126 0
127 0
128 0
129 0
130 0
131 0
132 0
133 0
134 0
135 0
136 0
137 0
138 0
139 0
140 0
141 0
142 0
143 0
144 0
145 0
146 0
147 0
148 0
149 0
150 0
151 0
152 0
153 0
154 0
155 0
156 0
157 0
158 0
159 0
160 0
161 0
162 0
163 0
164 0
165 0
166 0
167 0
168 0
169 0
170 0
171 0
172 0
173 0
174 0
175 0
176 0
177 0
178 0
179 0
180 0
181 0
182 0
183 0
184 0
185 0
186 0
187 0
188 0
189 0
190 0
191 0
192 0
193 0
194 0
195 0
196 0
197 0
198 0
199 0
200 0
201 1
202 1
203 1
204 0
205 2
206 1
207 1
208 1
209 2
210 2
211 0
212 2
213 2
214 1
215 3
216 0
217 1
218 2
219 2
220 2
221 1
222 1
223 1
224 2
225 1
226 1
227 1
228 3
229 2
230 2
231 2
232 0
233 3
234 1
235 1
236 3
237 0
238 2
239 1
240 1
241 1
242 1
243 1
244 1
245 2
246 2
247 3
248 2
249 1
250 2
251 1
252 2
253 2
254 2
255 2
256 3
257 1
258 1
259 0
260 1
261 0
262 1
263 0
264 0
265 3
266 2
267 0
268 0
269 2
270 2
271 2
272 0
273 1
274 3
275 2
276 1
277 1
278 1
279 0
280 2
281 1
282 1
283 1
284 2
285 1
286 2
287 2
288 2
289 1
290 1
291 0
292 1
293 1
294 1
295 1
296 2
297 1
298 1
299 1
300 0
301 1
302 0
303 2
304 1
305 1
306 2
307 1
308 2
309 1
310 2
311 1
312 1
313 0
314 1
315 2
316 0
317 1
318 1
319 0
320 0
321 0
322 0
323 0
324 0
325 0
326 0
327 0
328 0
329 2
330 2
331 2
332 1
333 1
334 2
335 1
336 2
337 0
338 1
339 0
340 0
341 0
342 0
343 0
344 0
345 0
346 0
347 0
348 0
349 1
350 0
351 0
352 0
353 0
354 0
355 0
356 0
357 0
358 0
359 0
360 0
361 2
362 1
363 1
364 1
365 1
366 0
367 0
368 0
369 0
370 0
371 0
372 0
373 0
374 0
375 0
376 0
377 0
378 0
379 0
380 0
381 0
382 0
383 0
384 0
385 0
386 0
387 0
388 0
389 0
390 0
391 0
392 0
393 0
394 0
395 0
396 0
397 1
398 3
399 0
400 2
401 0
402 0
403 0
404 0
405 0
406 0
407 0
408 0
409 0
410 0
411 0
412 0
413 0
414 0
415 0
416 0
417 0
418 0
419 0
420 0
421 0
422 0
423 0
424 0
425 0
426 0
427 0
428 0
429 0
430 0
431 0
432 0
433 0
434 0
435 0
436 0
437 0
438 0
439 0
440 0
441 0
442 0
443 0
444 0
445 0
446 0
447 0
448 0
449 2
450 2
451 1
452 1
453 1
454 0
455 1
456 0
457 1
458 1
459 1
460 1
461 1
462 1
463 1
464 2
465 1
466 0
467 2
468 1
469 2
470 0
471 1
472 0
473 1
474 1
475 1
476 1
477 1
478 0
479 2
480 1
481 1
482 1
483 2
484 2
485 2
486 2
487 1
488 0
489 1
490 1
491 1
492 1
493 1
494 1
495 1
496 1
497 2
498 0
499 1
500 1
501 1
502 1
503 3
504 1
505 1
506 1
507 1
508 1
509 2
510 0
511 0
512 0
513 0
514 0
515 0
516 0
517 0
518 0
519 0
520 0
521 0
522 1
523 2
524 2
525 1
526 0
527 0
528 0
529 0
530 1
531 0
532 0
533 0
534 0
535 0
536 0
537 0
538 0
539 0
540 0
541 1
542 1
543 0
544 1
545 1
546 0
547 0
548 2
549 2
550 0
551 1
552 1
553 1
554 0
555 1
556 1
557 2
558 1
559 1
560 1
561 0
562 1
563 1
564 2
565 1
566 1
567 2
568 2
569 1
570 1
571 2
572 0
573 0
574 3
575 2
576 1
577 1
578 1
579 2
580 2
581 2
582 1
583 2
584 0
585 1
586 2
587 0
588 1
589 1
590 2
591 2
592 2
593 2
594 2
595 1
596 2
597 1
598 2
599 2
600 1
601 3
602 2
603 1
604 3
605 0
606 2
607 1
608 1
609 0
610 0
611 1
612 2
613 2
614 1
615 1
616 1
617 1
618 1
619 1
620 2
621 2
622 1
623 1
624 2
625 3
626 2
627 1
628 1
629 2
630 2
631 2
632 1
633 0
634 1
635 3
636 1
637 2
638 2
639 3
640 1
641 3
642 2
643 3
644 1
645 1
646 2
647 2
648 2
649 1
650 0
651 1
652 1
653 0
654 1
655 2
656 2
657 2
658 2
659 1
660 1
661 2
662 2
663 2
664 0
665 1
666 1
667 2
668 1
669 1
670 1
671 2
672 1
673 2
674 3
675 2
676 1
677 2
678 1
679 2
680 1
681 2
682 1
683 2
684 0
685 0
686 1
687 0
688 1
689 2
690 2
691 2
692 1
693 1
694 1
695 2
696 1
697 2
698 1
699 1
700 1
701 3
702 1
703 3
704 1
705 1
706 1
707 3
708 2
709 2
710 1
711 1
712 1
713 1
714 2
715 2
716 3
717 1
718 2
719 2
720 2
721 2
722 1
723 2
724 1
725 2
726 2
727 1
728 2
729 2
730 2
731 2
732 1
733 1
734 2
735 1
736 0
737 2
738 2
739 1
740 3
741 0
742 1
743 1
744 1
745 1
746 1
747 2
748 1
749 1
750 1
751 3
752 1
753 2
754 3
755 2
756 2
757 1
758 3
759 2
760 1
761 1
762 1
763 2
764 2
765 2
766 1
767 2
768 2
769 1
770 2
771 1
772 2
773 2
774 1
775 2
776 1
777 3
778 2
779 1
780 1
781 2
782 2
783 2
784 1
785 2
786 2
787 2
788 2
789 3
790 2
791 1
792 1
793 2
794 1
795 1
796 2
797 1
798 1
799 1
800 1
801 1
802 1
803 1
804 1
805 2
806 1
807 2
808 1
809 2
810 0
811 1
812 1
813 2
814 1
815 2
816 2
817 1
818 2
819 1
820 2
821 2
822 2
823 2
824 2
825 0
826 2
827 2
828 2
829 2
830 2
831 1
832 2
833 1
834 2
835 2
836 1
837 2
838 1
839 2
840 2
841 3
842 2
843 2
844 1
845 2
846 2
847 2
848 2
849 2
850 1
851 1
852 3
853 2
854 2
855 1
856 1
857 0
858 2
859 1
860 0
861 2
862 1
863 3
864 1
865 1
866 2
867 2
868 2
869 1
870 2
871 1
872 3
873 2
874 2
875 2
876 2
877 1
878 2
879 1
880 2
881 2
882 1
883 3
884 2
885 2
886 1
887 0
888 0
889 0
890 1
891 1
892 0
893 0
894 0
895 0
896 0
897 0
898 0
899 1
900 0
901 1
902 0
903 0
904 0
905 1
906 0
907 0
908 0
909 0
910 0
911 1
912 1
913 1
914 1
915 1
916 1
917 1
918 0
919 0
920 0
921 0
922 0
923 0
924 1
925 0
926 0
927 0
928 1
929 1
930 0
931 0
932 0
933 0
934 0
935 0
936 0
937 0
938 0
939 0
940 0
941 0
942 0
943 0
944 1
945 2
946 1
947 3
948 2
949 1
950 2
951 3
952 2
953 3
954 3
955 1
956 2
957 3
958 2
959 2
960 3
961 2
962 0
963 2
964 2
965 2
966 0
967 2
968 1
969 2
970 1
971 1
972 2
973 2
974 2
975 3
976 2
977 2
978 2
979 2
980 0
981 1
982 2
983 2
984 1
985 1
986 2
987 2
988 2
989 2
990 2
991 2
992 1
993 2
994 1
995 1
996 1
997 2
998 2
999 1
1000 2
1001 1
1002 2
1003 2
1004 1
1005 1
1006 2
1007 1
1008 1
1009 1
1010 2
1011 1
1012 1
1013 2
1014 2
1015 1
1016 3
1017 2
1018 2
1019 1
1020 3
1021 1
1022 2
1023 2
1024 2
1025 2
1026 0
1027 1
1028 1
1029 1
1030 0
1031 1
1032 2
1033 2
1034 2
1035 3
1036 0
1037 0
1038 2
1039 0
1040 1
1041 1
1042 2
1043 1
1044 2
1045 2
1046 2
1047 1
1048 2
1049 2
1050 1
1051 2
1052 1
1053 2
1054 2
1055 2
1056 2
1057 2
1058 2
1059 0
1060 1
1061 1
1062 0
1063 0
1064 0
1065 2
1066 3
1067 1
1068 2
1069 3
1070 2
1071 2
1072 1
1073 2
1074 2
1075 2
1076 2
1077 2
1078 2
1079 1
1080 2
1081 2
1082 1
1083 3
1084 2
1085 1
1086 2
1087 2
1088 2
1089 1
1090 2
1091 1
1092 2
1093 1
1094 1
1095 2
1096 0
1097 1
1098 1
1099 2
1100 1
1101 2
1102 2
1103 1
1104 2
1105 2
1106 1
1107 1
1108 1
1109 2
1110 1
1111 1
1112 2
1113 1
1114 2
1115 1
1116 2
1117 1
1118 1
1119 2
1120 1
1121 1
1122 1
1123 1
1124 1
1125 2
1126 2
1127 2
1128 2
1129 2
1130 1
1131 2
1132 1
1133 1
1134 1
1135 0
1136 0
1137 2
1138 1
1139 2
1140 1
1141 1
1142 2
1143 2
1144 2
1145 2
1146 3
1147 2
1148 2
1149 2
1150 2
1151 1
1152 2
1153 2
1154 1
1155 2
1156 1
1157 3
1158 3
1159 2
1160 2
1161 1
1162 2
1163 2
1164 2
1165 2
1166 2
1167 2
1168 1
1169 1
1170 2
1171 2
1172 1
1173 2
1174 3
1175 2
1176 2
1177 2
1178 2
1179 1
1180 1
1181 2
1182 1
1183 2
1184 2
1185 2
1186 1
1187 1
1188 0
1189 1
1190 0
1191 1
1192 0
1193 1
1194 2
1195 2
1196 1
1197 1
1198 2
1199 2
1200 2
1201 1
1202 2
1203 2
1204 1
1205 1
1206 0
1207 1
1208 2
1209 2
1210 1
1211 1
1212 2
1213 2
1214 2
1215 2
1216 0
1217 2
1218 3
1219 2
1220 2
1221 2
1222 2
1223 1
1224 1
1225 2
1226 2
1227 2
1228 2
1229 0
1230 1
1231 2
1232 2
1233 3
1234 1
1235 1
1236 0
1237 0
1238 3
1239 1
1240 1
1241 2
1242 1
1243 1
1244 1
1245 1
1246 2
1247 1
1248 2
1249 2
1250 1
1251 3
1252 1
1253 0
1254 0
1255 0
1256 2
1257 2
1258 1
1259 0
1260 1
1261 2
1262 1
1263 2
1264 2
1265 1
1266 2
1267 2
1268 1
1269 2
1270 2
1271 1
1272 1
1273 2
1274 2
1275 2
1276 1
1277 2
1278 1
1279 2
1280 1
1281 1
1282 2
1283 1
1284 1
1285 3
1286 2
1287 2
1288 2
1289 2
1290 1
1291 3
1292 1
1293 1
1294 2
1295 2
1296 1
1297 2
1298 2
1299 2
1300 1
1301 1
1302 1
1303 2
1304 2
1305 1
1306 2
1307 2
1308 2
1309 2
1310 2
1311 2
1312 2
1313 3
1314 1
1315 2
1316 1
1317 3
1318 1
1319 3
1320 2
1321 2
1322 2
1323 2
1324 2
1325 2
1326 1
1327 2
1328 2
1329 2
1330 1
1331 2
1332 1
1333 1
1334 1
1335 1
1336 2
1337 2
1338 2
1339 2
1340 1
1341 2
1342 0
1343 2
1344 2
1345 2
1346 2
1347 3
1348 3
1349 3
1350 0
1351 2
1352 3
1353 2
1354 2
1355 1
1356 2
1357 2
1358 2
1359 2
1360 1
1361 3
1362 2
1363 3
1364 1
1365 1
1366 2
1367 2
1368 2
1369 2
1370 2
1371 2
1372 2
1373 2
1374 2
1375 2
1376 2
1377 1
1378 3
1379 3
1380 2
1381 2
1382 3
1383 1
1384 3
1385 2
1386 2
1387 2
1388 2
1389 2
1390 2
1391 0
1392 2
1393 2
1394 2
1395 2
1396 2
1397 2
1398 2
1399 2
1400 2
1401 2
1402 2
1403 2
1404 1
1405 1
1406 2
1407 2
1408 2
1409 1
1410 2
1411 2
1412 2
1413 1
1414 0
1415 2
1416 2
1417 2
1418 2
1419 2
1420 2
1421 2
1422 1
1423 2
1424 2
1425 2
1426 2
1427 2
1428 2
1429 2
1430 2
1431 1
1432 1
1433 1
1434 2
1435 2
1436 1
1437 2
1438 2
1439 1
1440 2
1441 2
1442 1
1443 0
1444 0
1445 1
1446 1
1447 1
1448 1
1449 1
1450 2
1451 2
1452 1
1453 1
1454 1
1455 1
1456 1
1457 0
1458 2
1459 2
1460 2
1461 2
1462 2
1463 2
1464 1
1465 2
1466 2
1467 2
1468 1
1469 2
1470 1
1471 1
1472 2
1473 2
1474 2
1475 2
1476 2
1477 1
1478 2
1479 2
1480 1
1481 1
1482 2
1483 2
1484 2
1485 1
1486 2
1487 1
1488 2
1489 2
1490 2
1491 1
1492 2
1493 2
1494 2
1495 2
1496 1
1497 2
1498 2
1499 3
1500 1
1501 1
1502 1
1503 1
1504 1
1505 3
1506 2
1507 2
1508 2
1509 2
1510 3
1511 1
1512 2
1513 2
1514 2
1515 2
1516 3
1517 1
1518 4
1519 1
1520 2
1521 2
1522 1
1523 2
1524 1
1525 2
1526 2
1527 2
1528 1
1529 2
1530 3
1531 2
1532 1
1533 2
1534 2
1535 3
1536 2
1537 2
1538 1
1539 1
1540 2
1541 1
1542 2
1543 1
1544 2
1545 2
1546 2
1547 2
1548 3
1549 2
1550 3
1551 3
1552 2
1553 2
1554 1
1555 2
1556 2
1557 2
1558 2
1559 1
1560 1
1561 2
1562 2
1563 1
1564 2
1565 2
1566 2
1567 2
1568 2
1569 2
1570 2
1571 2
1572 1
1573 2
1574 2
1575 1
1576 3
1577 2
1578 2
1579 3
1580 2
1581 0
1582 2
1583 2
1584 2
1585 3
1586 2
1587 3
1588 1
1589 2
1590 1
1591 2
1592 2
1593 1
1594 2
1595 3
1596 2
1597 1
1598 2
1599 1
1600 2
1601 2
1602 1
1603 1
1604 2
1605 2
1606 2
1607 2
1608 2
1609 2
1610 2
1611 2
1612 3
1613 2
1614 1
1615 2
1616 2
1617 2
1618 2
1619 2
1620 2
1621 1
1622 0
1623 2
1624 3
1625 0
1626 2
1627 1
1628 2
1629 1
1630 2
1631 1
1632 2
1633 0
1634 2
1635 2
1636 1
1637 1
1638 3
1639 1
1640 3
1641 3
1642 2
1643 2
1644 2
1645 2
1646 2
1647 2
1648 2
1649 2
1650 2
1651 2
1652 2
1653 1
1654 2
1655 2
1656 2
1657 1
1658 1
1659 2
1660 1
1661 2
1662 2
1663 2
1664 2
1665 1
1666 2
1667 2
1668 2
1669 2
1670 2
1671 2
1672 1
1673 2
1674 3
1675 2
1676 2
1677 2
1678 2
1679 2
1680 3
1681 2
1682 2
1683 2
1684 2
1685 1
1686 2
1687 2
1688 2
1689 2
1690 2
1691 2
1692 2
1693 2
1694 2
1695 2
1696 3
1697 2
1698 2
1699 2
1700 2
1701 2
1702 2
1703 2
1704 3
1705 1
1706 2
1707 2
1708 2
1709 2
1710 2
1711 2
1712 2
1713 2
1714 2
1715 2
1716 2
1717 1
1718 1
1719 2
1720 2
1721 2
1722 3
1723 0
1724 2
1725 2
1726 2
1727 2
1728 2
1729 2
1730 2
1731 2
1732 1
1733 1
1734 2
1735 3
1736 2
1737 1
1738 2
1739 2
1740 2
1741 2
1742 1
1743 2
1744 2
1745 2
1746 2
1747 2
1748 2
1749 1
1750 3
1751 2
1752 1
1753 2
1754 1
1755 2
1756 2
1757 2
1758 2
1759 2
1760 2
1761 1
1762 2
1763 2
1764 1
1765 1
1766 2
1767 2
1768 2
1769 3
1770 2
1771 2
1772 2
1773 1
1774 2
1775 2
1776 2
1777 1
1778 2
1779 2
1780 2
1781 2
1782 2
1783 2
1784 1
1785 2
1786 2
1787 2
1788 2
1789 2
1790 2
1791 2
1792 2
1793 2
1794 1
1795 2
1796 2
1797 2
1798 2
1799 1
1800 1
1801 1
1802 2
1803 1
1804 2
1805 2
1806 2
1807 3
1808 2
1809 2
1810 2
1811 2
1812 2
1813 2
1814 2
1815 2
1816 2
1817 2
1818 2
1819 1
1820 2
1821 2
1822 2
1823 0
1824 2
1825 2
1826 1
1827 2
1828 2
1829 2
1830 3
1831 2
1832 1
1833 2
1834 2
1835 2
1836 2
1837 1
1838 2
1839 2
1840 2
1841 0
1842 2
1843 2
1844 2
1845 2
1846 1
1847 2
1848 2
1849 3
1850 2
1851 1
1852 2
1853 1
1854 3
1855 2
1856 1
1857 2
1858 2
1859 2
1860 2
1861 2
1862 2
1863 2
1864 2
1865 2
1866 2
1867 1
1868 2
1869 2
1870 1
1871 1
1872 2
1873 2
1874 2
1875 2
1876 1
1877 2
1878 2
1879 1
1880 1
1881 2
1882 1
1883 2
1884 2
1885 2
1886 2
1887 2
1888 2
1889 2
1890 2
1891 2
1892 2
1893 2
1894 2
1895 2
1896 1
1897 1
1898 2
1899 2
1900 2
1901 3
1902 2
1903 2
1904 2
1905 3
1906 2
1907 2
1908 2
1909 2
1910 2
1911 2
1912 2
1913 2
1914 1
1915 1
1916 3
1917 0
1918 1
1919 1
1920 1
1921 3
1922 2
1923 1
1924 0
1925 1
1926 2
1927 2
1928 2
1929 2
1930 2
1931 2
1932 1
1933 2
1934 1
1935 1
1936 1
1937 2
1938 1
1939 2
1940 1
1941 1
1942 1
1943 2
1944 2
1945 2
1946 3
1947 2
1948 2
1949 3
1950 3
1951 2
1952 1
1953 1
1954 2
1955 2
1956 3
1957 1
1958 2
1959 3
1960 2
1961 3
1962 1
1963 1
1964 2
1965 1
1966 2
1967 2
1968 0
1969 2
1970 1
1971 2
1972 2
1973 2
1974 2
1975 2
1976 2
1977 2
1978 3
1979 2
1980 3
1981 3
1982 1
1983 2
1984 2
1985 2
1986 1
1987 2
1988 3
1989 2
1990 3
1991 2
1992 2
1993 1
1994 2
1995 3
1996 2
1997 0
1998 1
1999 1
