0 0
1 1
2 0
3 1
4 1
5 2
6 0
7 0
8 0
9 0
10 0
11 0
12 0
13 0
14 0
15 0
16 0
17 1
18 0
19 0
20 1
21 1
22 0
23 0
24 0
25 0
26 0
27 0
28 0
29 0
30 0
31 0
32 0
33 0
34 0
35 0
36 1
37 0
38 0
39 0
40 0
41 0
42 0
43 0
44 0
45 0
46 0
47 0
48 0
49 0
50 0
51 0
52 1
53 0
54 1
55 0
56 0
57 0
58 1
59 1
60 1
61 0
62 0
63 0
64 0
65 0
66 0
67 0
68 0
69 1
70 1
71 0
72 0
73 0
74 0
75 1
76 1
77 0
78 0
79 0
80 1
81 1
82 1
83 1
84 0
85 0
86 0
87 1
88 2
89 1
90 0
91 0
92 1
93 0
94 0
95 0
96 2
97 0
98 0
99 0
100 0
101 0
102 0
103 0
104 0
105 0
106 0
107 0
108 0
109 0
110 0
111 0
112 0
113 0
114 0
115 0
116 0
117 0
118 0
119 1
120 0
121 1
122 1
123 0
124 1
125 0
126 1
127 1
128 1
129 0
130 0
131 1
132 0
133 0
134 0
135 0
136 1
137 0
138 0
139 1
140 1
141 0
142 0
143 0
144 0
145 0
146 1
147 0
148 0
149 0
150 0
151 1
152 0
153 0
154 0
155 0
156 1
157 2
158 0
159 0
160 1
161 1
162 2
163 1
164 0
165 0
166 1
167 1
168 0
169 0
170 0
171 0
172 0
173 2
174 0
175 0
176 0
177 1
178 1
179 1
180 1
181 0
182 0
183 0
184 0
185 1
186 2
187 2
188 0
189 0
190 0
191 0
192 1
193 0
194 0
195 0
196 0
197 0
198 0
199 0
200 0
201 0
202 1
203 1
204 0
205 1
206 2
207 1
208 2
209 1
210 1
211 1
212 0
213 2
214 0
215 0
216 0
217 0
218 1
219 1
220 0
221 1
222 1
223 0
224 1
225 1
226 1
227 1
228 0
229 0
230 1
231 1
232 1
233 1
234 1
235 1
236 1
237 1
238 0
239 1
240 3
241 1
242 1
243 2
244 2
245 1
246 1
247 1
248 1
249 2
250 1
251 1
252 2
253 2
254 1
255 0
256 1
257 0
258 0
259 0
260 0
261 3
262 2
263 1
264 1
265 1
266 2
267 0
268 1
269 1
270 1
271 0
272 1
273 1
274 1
275 1
276 0
277 1
278 1
279 0
280 1
281 0
282 0
283 0
284 0
285 0
286 1
287 0
288 0
289 1
290 1
291 1
292 0
293 0
294 1
295 0
296 2
297 1
298 2
299 1
300 1
301 2
302 3
303 1
304 0
305 1
306 1
307 2
308 1
309 1
310 1
311 1
312 2
313 0
314 0
315 0
316 1
317 1
318 1
319 1
320 1
321 0
322 0
323 1
324 0
325 0
326 1
327 0
328 2
329 1
330 1
331 1
332 1
333 1
334 1
335 0
336 1
337 1
338 1
339 1
340 0
341 2
342 3
343 1
344 1
345 1
346 1
347 1
348 1
349 1
350 0
351 1
352 2
353 1
354 1
355 1
356 1
357 1
358 1
359 1
360 0
361 1
362 1
363 2
364 1
365 0
366 1
367 1
368 2
369 1
370 1
371 1
372 1
373 2
374 0
375 1
376 2
377 0
378 2
379 1
380 1
381 1
382 1
383 1
384 1
385 1
386 0
387 1
388 1
389 0
390 1
391 1
392 1
393 1
394 1
395 1
396 1
397 1
398 0
399 1
400 0
401 1
402 1
403 1
404 1
405 1
406 1
407 1
408 1
409 1
410 1
411 0
412 1
413 0
414 1
415 0
416 0
417 0
418 0
419 0
420 1
421 1
422 1
423 1
424 0
425 0
426 0
427 2
428 2
429 0
430 1
431 2
432 2
433 2
434 1
435 1
436 1
437 1
438 1
439 0
440 1
441 1
442 1
443 1
444 1
445 1
446 2
447 0
448 2
449 0
450 0
451 0
452 0
453 0
454 0
455 0
456 0
457 1
458 1
459 1
460 1
461 1
462 0
463 1
464 1
465 0
466 1
467 2
468 1
469 1
470 1
471 1
472 0
473 1
474 0
475 2
476 1
477 0
478 1
479 1
480 0
481 1
482 2
483 1
484 2
485 0
486 1
487 1
488 2
489 0
490 1
491 0
492 0
493 0
494 0
495 1
496 2
497 1
498 0
499 1
500 1
501 1
502 0
503 1
504 0
505 1
506 1
507 1
508 1
509 2
510 1
511 0
512 1
513 0
514 2
515 0
516 0
517 0
518 0
519 1
520 1
521 0
522 1
523 0
524 0
525 0
526 0
527 1
528 2
529 2
530 1
531 0
532 0
533 0
534 1
535 1
536 1
537 0
538 1
539 1
540 0
541 1
542 1
543 1
544 1
545 1
546 1
547 1
548 1
549 2
550 1
551 3
552 2
553 0
554 1
555 1
556 1
557 1
558 1
559 1
560 1
561 1
562 0
563 1
564 0
565 0
566 0
567 2
568 1
569 0
570 1
571 0
572 1
573 1
574 1
575 1
576 1
577 1
578 1
579 1
580 1
581 1
582 1
583 1
584 1
585 0
586 1
587 1
588 2
589 1
590 1
591 1
592 1
593 0
594 0
595 2
596 0
597 2
598 1
599 1
600 1
601 1
602 0
603 1
604 0
605 0
606 1
607 1
608 1
609 1
610 0
611 1
612 1
613 2
614 1
615 0
616 0
617 2
618 0
619 0
620 1
621 1
622 0
623 0
624 1
625 1
626 1
627 1
628 1
629 0
630 1
631 1
632 1
633 0
634 1
635 1
636 0
637 1
638 1
639 1
640 2
641 1
642 0
643 1
644 1
645 1
646 0
647 0
648 2
649 1
650 1
651 1
652 1
653 1
654 1
655 1
656 2
657 0
658 0
659 1
660 1
661 0
662 1
663 1
664 0
665 1
666 1
667 2
668 1
669 1
670 1
671 1
672 2
673 2
674 1
675 1
676 1
677 0
678 1
679 1
680 1
681 1
682 1
683 1
684 1
685 1
686 0
687 1
688 0
689 1
690 1
691 1
692 1
693 1
694 1
695 1
696 1
697 1
698 1
699 1
700 1
701 2
702 2
703 1
704 1
705 1
706 0
707 1
708 1
709 1
710 0
711 0
712 1
713 1
714 0
715 3
716 1
717 1
718 0
719 0
720 0
721 0
722 0
723 1
724 1
725 0
726 1
727 1
728 0
729 1
730 1
731 0
732 1
733 1
734 0
735 1
736 0
737 1
738 1
739 0
740 0
741 1
742 0
743 0
744 0
745 1
746 2
747 1
748 1
749 0
750 0
751 1
752 0
753 1
754 0
755 0
756 1
757 1
758 1
759 0
760 1
761 1
762 0
763 1
764 0
765 1
766 1
767 1
768 1
769 1
770 0
771 1
772 1
773 1
774 0
775 0
776 1
777 1
778 0
779 1
780 1
781 1
782 0
783 1
784 0
785 1
786 1
787 0
788 1
789 1
790 1
791 1
792 0
793 1
794 1
795 0
796 1
797 1
798 2
799 0
800 1
801 1
802 1
803 1
804 1
805 1
806 0
807 0
808 2
809 1
810 1
811 0
812 0
813 0
814 0
815 0
816 0
817 0
818 1
819 0
820 0
821 1
822 0
823 1
824 1
825 1
826 1
827 1
828 0
829 0
830 1
831 0
832 1
833 1
834 1
835 0
836 0
837 1
838 2
839 1
840 0
841 1
842 1
843 1
844 1
845 1
846 0
847 1
848 0
849 1
850 0
851 1
852 1
853 1
854 1
855 1
856 1
857 0
858 1
859 2
860 1
861 2
862 4
863 1
864 1
865 1
866 1
867 1
868 1
869 1
870 1
871 1
872 1
873 1
874 0
875 1
876 1
877 2
878 1
879 2
880 1
881 1
882 1
883 1
884 2
885 0
886 0
887 1
888 1
889 0
890 0
891 1
892 2
893 0
894 0
895 1
896 0
897 1
898 1
899 0
900 0
901 0
902 0
903 0
904 0
905 1
906 2
907 2
908 3
909 2
910 2
911 2
912 0
913 1
914 1
915 1
916 1
917 1
918 0
919 1
920 0
921 1
922 1
923 0
924 1
925 1
926 0
927 1
928 2
929 1
930 1
931 0
932 1
933 2
934 1
935 1
936 1
937 1
938 2
939 1
940 1
941 1
942 1
943 1
944 1
945 2
946 0
947 1
948 0
949 0
950 2
951 0
952 0
953 0
954 0
955 0
956 0
957 0
958 0
959 1
960 1
961 0
962 1
963 1
964 1
965 1
966 1
967 1
968 1
969 1
970 1
971 1
972 1
973 0
974 1
975 0
976 0
977 1
978 1
979 1
980 0
981 1
982 1
983 1
984 1
985 1
986 1
987 1
988 1
989 0
990 1
991 1
992 0
993 1
994 0
995 1
996 1
997 1
998 1
999 1
1000 1
1001 1
1002 0
1003 0
1004 1
1005 1
1006 1
1007 0
1008 2
1009 1
1010 1
1011 1
1012 1
1013 0
1014 0
1015 1
1016 0
1017 1
1018 2
1019 0
1020 1
1021 1
1022 0
1023 2
1024 1
1025 1
1026 0
1027 2
1028 1
1029 1
1030 2
1031 0
1032 1
1033 1
1034 0
1035 0
1036 0
1037 0
1038 0
1039 0
1040 1
1041 0
1042 1
1043 0
1044 2
1045 2
1046 0
1047 0
1048 1
1049 1
1050 1
1051 2
1052 1
1053 2
1054 1
1055 0
1056 1
1057 1
1058 1
1059 0
1060 1
1061 0
1062 0
1063 0
1064 2
1065 1
1066 1
1067 2
1068 1
1069 2
1070 1
1071 0
1072 2
1073 1
1074 3
1075 2
1076 0
1077 1
1078 1
1079 2
1080 1
1081 2
1082 1
1083 1
1084 1
1085 0
1086 2
1087 2
1088 1
1089 1
1090 1
1091 1
1092 1
1093 1
1094 1
1095 1
1096 1
1097 1
1098 1
1099 2
1100 0
1101 1
1102 1
1103 1
1104 1
1105 2
1106 1
1107 2
1108 0
1109 1
1110 1
1111 2
1112 0
1113 0
1114 2
1115 2
1116 1
1117 3
1118 1
1119 2
1120 2
1121 2
1122 2
1123 2
1124 2
1125 1
1126 3
1127 2
1128 3
1129 3
1130 3
1131 2
1132 1
1133 4
1134 0
1135 1
1136 2
1137 1
1138 2
1139 1
1140 3
1141 1
1142 1
1143 1
1144 1
1145 1
1146 2
1147 2
1148 0
1149 1
1150 2
1151 3
1152 3
1153 2
1154 1
1155 2
1156 1
1157 1
1158 1
1159 1
1160 0
1161 2
1162 2
1163 2
1164 1
1165 2
1166 1
1167 1
1168 1
1169 2
1170 2
1171 0
1172 2
1173 3
1174 2
1175 2
1176 0
1177 1
1178 3
1179 1
1180 1
1181 1
1182 1
1183 2
1184 1
1185 1
1186 3
1187 2
1188 2
1189 3
1190 2
1191 1
1192 2
1193 0
1194 2
1195 1
1196 2
1197 3
1198 2
1199 2
1200 0
1201 0
1202 1
1203 0
1204 3
1205 1
1206 1
1207 3
1208 2
1209 2
1210 3
1211 3
1212 2
1213 1
1214 2
1215 2
1216 1
1217 2
1218 1
1219 0
1220 1
1221 2
1222 1
1223 3
1224 1
1225 2
1226 1
1227 1
1228 2
1229 1
1230 0
1231 1
1232 1
1233 0
1234 1
1235 2
1236 2
1237 1
1238 1
1239 1
1240 2
1241 1
1242 0
1243 2
1244 1
1245 2
1246 2
1247 2
1248 1
1249 1
1250 1
1251 1
1252 2
1253 1
1254 2
1255 2
1256 1
1257 2
1258 0
1259 0
1260 2
1261 2
1262 2
1263 3
1264 2
1265 2
1266 2
1267 2
1268 0
1269 1
1270 2
1271 1
1272 1
1273 0
1274 3
1275 1
1276 1
1277 0
1278 2
1279 0
1280 1
1281 0
1282 0
1283 0
1284 1
1285 0
1286 3
1287 0
1288 0
1289 0
1290 0
1291 1
1292 2
1293 2
1294 1
1295 2
1296 1
1297 1
1298 1
1299 1
1300 1
1301 1
1302 2
1303 1
1304 1
1305 1
1306 1
1307 0
1308 1
1309 1
1310 1
1311 1
1312 2
1313 1
1314 1
1315 3
1316 2
1317 2
1318 3
1319 2
1320 2
1321 0
1322 2
1323 3
1324 3
1325 1
1326 1
1327 2
1328 1
1329 1
1330 1
1331 0
1332 2
1333 1
1334 1
1335 1
1336 1
1337 1
1338 1
1339 0
1340 1
1341 2
1342 1
1343 1
1344 1
1345 1
1346 0
1347 0
1348 1
1349 1
1350 1
1351 0
1352 3
1353 1
1354 1
1355 1
1356 2
1357 1
1358 2
1359 1
1360 2
1361 3
1362 2
1363 2
1364 1
1365 1
1366 1
1367 0
1368 3
1369 0
1370 1
1371 1
1372 3
1373 1
1374 0
1375 2
1376 1
1377 2
1378 2
1379 3
1380 2
1381 2
1382 2
1383 1
1384 3
1385 1
1386 3
1387 0
1388 1
1389 2
1390 2
1391 2
1392 1
1393 1
1394 2
1395 1
1396 0
1397 1
1398 3
1399 1
1400 4
1401 3
1402 4
1403 2
1404 2
1405 1
1406 2
1407 1
1408 3
1409 1
1410 1
1411 1
1412 2
1413 3
1414 2
1415 2
1416 1
1417 1
1418 2
1419 2
1420 1
1421 2
1422 2
1423 2
1424 2
1425 2
1426 1
1427 1
1428 2
1429 2
1430 1
1431 0
1432 3
1433 2
1434 1
1435 2
1436 0
1437 3
1438 1
1439 0
1440 1
1441 0
1442 2
1443 0
1444 1
1445 1
1446 1
1447 1
1448 2
1449 0
1450 0
1451 1
1452 0
1453 0
1454 0
1455 0
1456 2
1457 0
1458 0
1459 0
1460 2
1461 2
1462 1
1463 0
1464 0
1465 1
1466 0
1467 0
1468 1
1469 1
1470 1
1471 1
1472 0
1473 1
1474 1
1475 1
1476 0
1477 0
1478 1
1479 1
1480 0
1481 0
1482 1
1483 1
1484 1
1485 1
1486 1
1487 1
1488 1
1489 1
1490 1
1491 2
1492 2
1493 2
1494 1
1495 0
1496 2
1497 2
1498 2
1499 2
1500 2
1501 0
1502 1
1503 2
1504 2
1505 2
1506 3
1507 1
1508 2
1509 2
1510 1
1511 1
1512 1
1513 3
1514 2
1515 3
1516 3
1517 2
1518 2
1519 1
1520 2
1521 3
1522 4
1523 2
1524 1
1525 1
1526 2
1527 1
1528 2
1529 2
1530 2
1531 3
1532 1
1533 2
1534 0
1535 1
1536 0
1537 2
1538 3
1539 0
1540 2
1541 2
1542 2
1543 1
1544 2
1545 2
1546 1
1547 4
1548 3
1549 2
1550 2
1551 1
1552 2
1553 3
1554 3
1555 2
1556 1
1557 1
1558 2
1559 2
1560 3
1561 2
1562 2
1563 1
1564 0
1565 1
1566 0
1567 2
1568 2
1569 0
1570 3
1571 2
1572 3
1573 2
1574 1
1575 2
1576 2
1577 3
1578 2
1579 1
1580 2
1581 2
1582 2
1583 4
1584 2
1585 1
1586 1
1587 2
1588 2
1589 2
1590 2
1591 2
1592 0
1593 1
1594 2
1595 2
1596 2
1597 2
1598 2
1599 2
1600 0
1601 3
1602 2
1603 2
1604 2
1605 1
1606 2
1607 3
1608 2
1609 2
1610 3
1611 2
1612 3
1613 3
1614 3
1615 3
1616 2
1617 1
1618 3
1619 2
1620 3
1621 2
1622 2
1623 3
1624 3
1625 2
1626 1
1627 2
1628 2
1629 2
1630 3
1631 2
1632 2
1633 2
1634 3
1635 2
1636 2
1637 2
1638 2
1639 1
1640 0
1641 3
1642 0
1643 0
1644 2
1645 1
1646 1
1647 0
1648 2
1649 1
1650 1
1651 1
1652 2
1653 2
1654 3
1655 4
1656 2
1657 2
1658 2
1659 3
1660 1
1661 2
1662 2
1663 1
1664 1
1665 1
1666 2
1667 2
1668 2
1669 3
1670 1
1671 2
1672 2
1673 3
1674 2
1675 2
1676 2
1677 2
1678 1
1679 1
1680 3
1681 2
1682 2
1683 3
1684 1
1685 1
1686 3
1687 2
1688 2
1689 2
1690 2
1691 3
1692 4
1693 3
1694 3
1695 2
1696 2
1697 2
1698 3
1699 1
1700 3
1701 1
1702 3
1703 2
1704 3
1705 2
1706 1
1707 2
1708 2
1709 2
1710 2
1711 1
1712 2
1713 2
1714 1
1715 3
1716 3
1717 1
1718 3
1719 3
1720 3
1721 2
1722 1
1723 3
1724 4
1725 3
1726 3
1727 3
1728 3
1729 4
1730 3
1731 3
1732 1
1733 3
1734 3
1735 3
1736 3
1737 3
1738 2
1739 2
1740 2
1741 3
1742 3
1743 3
1744 3
1745 3
1746 2
1747 3
1748 4
1749 3
1750 3
1751 4
1752 2
1753 3
1754 3
1755 3
1756 1
1757 3
1758 2
1759 3
1760 3
1761 2
1762 2
1763 3
1764 2
1765 2
1766 3
1767 3
1768 3
1769 3
1770 3
1771 2
1772 3
1773 3
1774 2
1775 3
1776 3
1777 3
1778 1
1779 2
1780 2
1781 3
1782 1
1783 2
1784 2
1785 3
1786 3
1787 2
1788 3
1789 3
1790 3
1791 1
1792 3
1793 1
1794 3
1795 3
1796 3
1797 2
1798 2
1799 1
1800 2
1801 2
1802 2
1803 3
1804 1
1805 3
1806 3
1807 2
1808 2
1809 3
1810 3
1811 3
1812 3
1813 3
1814 1
1815 3
1816 1
1817 3
1818 3
1819 3
1820 2
1821 3
1822 0
1823 2
1824 2
1825 2
1826 2
1827 0
1828 1
1829 3
1830 3
1831 3
1832 3
1833 3
1834 3
1835 3
1836 3
1837 2
1838 3
1839 2
1840 2
1841 2
1842 2
1843 3
1844 3
1845 3
1846 1
1847 3
1848 2
1849 3
1850 2
1851 3
1852 3
1853 3
1854 3
1855 2
1856 3
1857 2
1858 3
1859 3
1860 4
1861 2
1862 2
1863 3
1864 3
1865 1
1866 2
1867 2
1868 2
1869 2
1870 1
1871 4
1872 3
1873 1
1874 3
1875 3
1876 2
1877 2
1878 2
1879 2
1880 2
1881 4
1882 3
1883 2
1884 3
1885 2
1886 3
1887 2
1888 3
1889 2
1890 3
1891 2
1892 3
1893 4
1894 2
1895 3
1896 2
1897 4
1898 4
1899 3
1900 3
1901 3
1902 3
1903 3
1904 2
1905 3
1906 2
1907 2
1908 1
1909 1
1910 3
1911 3
1912 2
1913 3
1914 3
1915 3
1916 2
1917 1
1918 4
1919 2
1920 1
1921 4
1922 2
1923 4
1924 3
1925 3
1926 3
1927 3
1928 3
1929 3
1930 3
1931 3
1932 3
1933 4
1934 3
1935 3
1936 3
1937 3
1938 3
1939 3
1940 3
1941 4
1942 2
1943 2
1944 2
1945 3
1946 1
1947 3
1948 3
1949 4
1950 3
1951 3
1952 3
1953 2
1954 3
1955 3
1956 3
1957 2
1958 2
1959 4
1960 3
1961 2
1962 3
1963 4
1964 4
1965 2
1966 3
1967 3
1968 4
1969 3
1970 2
1971 3
1972 3
1973 1
1974 2
1975 2
1976 2
1977 3
1978 3
1979 2
1980 2
1981 2
1982 3
1983 3
1984 2
1985 3
1986 2
1987 3
1988 3
1989 2
1990 1
1991 2
1992 3
1993 3
1994 3
1995 3
1996 3
1997 3
1998 2
1999 3
