0 2
1 0
2 2
3 0
4 0
5 1
6 1
7 2
8 1
9 2
10 1
11 0
12 1
13 1
14 0
15 0
16 2
17 0
18 1
19 1
20 1
21 1
22 0
23 2
24 1
25 0
26 0
27 1
28 2
29 0
30 0
31 1
32 1
33 0
34 2
35 1
36 0
37 1
38 2
39 1
40 1
41 2
42 1
43 1
44 1
45 1
46 2
47 0
48 0
49 0
50 0
51 2
52 1
53 1
54 1
55 1
56 1
57 2
58 1
59 0
60 1
61 1
62 1
63 0
64 2
65 0
66 1
67 1
68 0
69 1
70 1
71 1
72 1
73 0
74 1
75 1
76 0
77 1
78 1
79 2
80 0
81 0
82 0
83 1
84 0
85 0
86 1
87 1
88 0
89 0
90 0
91 2
92 1
93 0
94 1
95 2
96 1
97 1
98 0
99 1
100 2
101 2
102 2
103 1
104 0
105 1
106 2
107 2
108 0
109 1
110 1
111 1
112 2
113 2
114 1
115 2
116 1
117 1
118 1
119 1
120 1
121 0
122 0
123 2
124 0
125 2
126 1
127 1
128 0
129 0
130 0
131 0
132 0
133 0
134 1
135 1
136 0
137 0
138 1
139 0
140 1
141 2
142 1
143 1
144 1
145 0
146 0
147 1
148 0
149 1
150 0
151 1
152 1
153 0
154 1
155 0
156 0
157 0
158 1
159 1
160 1
161 0
162 0
163 0
164 0
165 2
166 1
167 0
168 0
169 0
170 0
171 2
172 1
173 0
174 0
175 0
176 1
177 1
178 0
179 0
180 2
181 1
182 1
183 1
184 2
185 2
186 0
187 1
188 1
189 2
190 1
191 0
192 1
193 0
194 0
195 0
196 0
197 0
198 1
199 1
200 0
201 0
202 1
203 0
204 1
205 0
206 0
207 1
208 1
209 0
210 1
211 0
212 0
213 1
214 1
215 1
216 0
217 0
218 0
219 0
220 1
221 2
222 0
223 1
224 1
225 1
226 0
227 1
228 1
229 0
230 1
231 1
232 1
233 0
234 1
235 0
236 1
237 1
238 1
239 1
240 1
241 1
242 1
243 0
244 1
245 1
246 1
247 1
248 0
249 0
250 0
251 1
252 0
253 0
254 1
255 1
256 0
257 1
258 1
259 0
260 0
261 2
262 0
263 0
264 1
265 1
266 1
267 1
268 0
269 0
270 0
271 0
272 1
273 0
274 1
275 1
276 0
277 1
278 0
279 1
280 1
281 0
282 1
283 0
284 0
285 1
286 1
287 1
288 0
289 0
290 0
291 0
292 0
293 0
294 0
295 2
296 0
297 2
298 0
299 0
300 1
301 0
302 0
303 1
304 0
305 0
306 0
307 0
308 0
309 0
310 1
311 1
312 1
313 1
314 0
315 0
316 1
317 1
318 0
319 0
320 1
321 0
322 0
323 0
324 0
325 0
326 0
327 0
328 0
329 1
330 1
331 1
332 3
333 1
334 1
335 1
336 1
337 1
338 0
339 0
340 0
341 1
342 0
343 0
344 0
345 0
346 0
347 0
348 0
349 0
350 0
351 2
352 0
353 0
354 1
355 1
356 2
357 2
358 1
359 0
360 0
361 1
362 1
363 0
364 1
365 0
366 1
367 0
368 0
369 0
370 0
371 2
372 0
373 0
374 1
375 0
376 2
377 0
378 1
379 1
380 0
381 1
382 1
383 0
384 0
385 1
386 1
387 0
388 0
389 1
390 1
391 1
392 0
393 0
394 1
395 0
396 1
397 1
398 0
399 1
400 1
401 1
402 1
403 0
404 1
405 1
406 0
407 0
408 1
409 1
410 0
411 1
412 1
413 1
414 1
415 0
416 0
417 0
418 1
419 2
420 1
421 2
422 0
423 1
424 1
425 1
426 0
427 1
428 0
429 1
430 1
431 1
432 0
433 1
434 0
435 2
436 0
437 1
438 1
439 0
440 0
441 0
442 0
443 1
444 0
445 2
446 1
447 0
448 1
449 1
450 1
451 0
452 0
453 0
454 0
455 1
456 1
457 1
458 0
459 0
460 0
461 0
462 0
463 2
464 0
465 1
466 0
467 0
468 1
469 1
470 0
471 0
472 0
473 0
474 0
475 0
476 1
477 0
478 0
479 1
480 1
481 1
482 1
483 1
484 1
485 1
486 0
487 1
488 0
489 1
490 0
491 1
492 1
493 0
494 1
495 1
496 0
497 1
498 0
499 0
500 0
501 1
502 0
503 1
504 1
505 1
506 0
507 1
508 0
509 0
510 1
511 1
512 2
513 0
514 0
515 1
516 0
517 1
518 0
519 0
520 1
521 1
522 0
523 0
524 1
525 0
526 1
527 0
528 0
529 1
530 0
531 1
532 0
533 1
534 0
535 0
536 1
537 0
538 1
539 0
540 1
541 0
542 2
543 1
544 0
545 1
546 0
547 1
548 1
549 1
550 2
551 1
552 1
553 0
554 0
555 0
556 1
557 0
558 1
559 1
560 1
561 1
562 0
563 0
564 0
565 3
566 1
567 0
568 1
569 1
570 0
571 1
572 0
573 0
574 0
575 1
576 0
577 0
578 0
579 0
580 0
581 0
582 0
583 0
584 0
585 0
586 0
587 0
588 0
589 0
590 0
591 1
592 0
593 1
594 0
595 0
596 0
597 0
598 0
599 0
600 0
601 0
602 0
603 0
604 0
605 0
606 0
607 0
608 1
609 0
610 0
611 0
612 0
613 0
614 0
615 0
616 0
617 0
618 0
619 0
620 0
621 2
622 0
623 0
624 0
625 0
626 0
627 0
628 0
629 0
630 0
631 2
632 0
633 0
634 0
635 1
636 0
637 0
638 0
639 0
640 0
641 1
642 1
643 1
644 1
645 0
646 0
647 1
648 0
649 1
650 0
651 1
652 2
653 1
654 1
655 1
656 1
657 0
658 1
659 2
660 0
661 1
662 0
663 0
664 1
665 1
666 1
667 0
668 0
669 2
670 1
671 1
672 1
673 0
674 1
675 0
676 1
677 1
678 1
679 1
680 1
681 0
682 1
683 0
684 0
685 0
686 1
687 0
688 1
689 0
690 0
691 1
692 0
693 1
694 0
695 0
696 1
697 0
698 0
699 0
700 0
701 0
702 0
703 0
704 1
705 1
706 0
707 1
708 0
709 1
710 1
711 0
712 1
713 1
714 1
715 0
716 0
717 1
718 1
719 1
720 0
721 1
722 1
723 1
724 1
725 1
726 1
727 1
728 2
729 0
730 1
731 0
732 0
733 1
734 0
735 2
736 1
737 0
738 0
739 0
740 1
741 0
742 0
743 1
744 1
745 0
746 1
747 0
748 2
749 0
750 0
751 2
752 0
753 0
754 0
755 1
756 1
757 1
758 1
759 0
760 2
761 1
762 1
763 2
764 1
765 1
766 1
767 1
768 1
769 0
770 0
771 1
772 1
773 0
774 0
775 1
776 1
777 1
778 1
779 2
780 1
781 1
782 1
783 1
784 1
785 0
786 0
787 1
788 0
789 1
790 1
791 0
792 1
793 1
794 1
795 1
796 1
797 1
798 0
799 1
800 1
801 2
802 1
803 1
804 1
805 1
806 0
807 0
808 1
809 0
810 1
811 2
812 1
813 1
814 1
815 1
816 1
817 1
818 2
819 1
820 0
821 1
822 1
823 0
824 0
825 1
826 2
827 1
828 1
829 0
830 1
831 1
832 2
833 1
834 0
835 0
836 0
837 1
838 0
839 1
840 0
841 1
842 0
843 2
844 1
845 0
846 1
847 1
848 1
849 0
850 1
851 0
852 1
853 1
854 1
855 1
856 1
857 1
858 0
859 2
860 0
861 1
862 2
863 0
864 0
865 0
866 0
867 0
868 0
869 0
870 0
871 0
872 1
873 0
874 0
875 0
876 2
877 1
878 1
879 0
880 1
881 2
882 0
883 1
884 0
885 0
886 0
887 0
888 0
889 0
890 0
891 0
892 0
893 0
894 0
895 0
896 0
897 0
898 0
899 0
900 0
901 0
902 0
903 0
904 0
905 0
906 0
907 0
908 0
909 0
910 0
911 0
912 0
913 0
914 0
915 0
916 0
917 0
918 0
919 0
920 0
921 0
922 0
923 0
924 0
925 0
926 0
927 0
928 0
929 0
930 0
931 0
932 0
933 0
934 0
935 0
936 0
937 0
938 0
939 0
940 0
941 0
942 0
943 0
944 0
945 0
946 0
947 0
948 0
949 0
950 2
951 0
952 1
953 1
954 1
955 2
956 1
957 0
958 0
959 1
960 1
961 1
962 1
963 1
964 0
965 0
966 0
967 0
968 0
969 0
970 0
971 1
972 0
973 0
974 0
975 1
976 0
977 0
978 0
979 1
980 1
981 0
982 0
983 1
984 0
985 0
986 0
987 0
988 1
989 1
990 0
991 0
992 0
993 0
994 0
995 0
996 0
997 0
998 0
999 0
1000 0
1001 0
1002 0
1003 0
1004 1
1005 0
1006 0
1007 0
1008 1
1009 1
1010 0
1011 0
1012 0
1013 0
1014 0
1015 1
1016 0
1017 0
1018 0
1019 0
1020 0
1021 1
1022 0
1023 0
1024 0
1025 1
1026 0
1027 0
1028 0
1029 0
1030 0
1031 0
1032 0
1033 0
1034 0
1035 0
1036 0
1037 0
1038 0
1039 1
1040 2
1041 0
1042 0
1043 0
1044 2
1045 0
1046 0
1047 1
1048 0
1049 1
1050 1
1051 1
1052 1
1053 0
1054 0
1055 1
1056 1
1057 0
1058 2
1059 1
1060 0
1061 0
1062 0
1063 0
1064 0
1065 0
1066 0
1067 1
1068 0
1069 0
1070 0
1071 1
1072 0
1073 1
1074 0
1075 1
1076 0
1077 1
1078 0
1079 0
1080 0
1081 0
1082 0
1083 2
1084 1
1085 1
1086 0
1087 0
1088 1
1089 0
1090 0
1091 0
1092 0
1093 0
1094 0
1095 0
1096 1
1097 0
1098 0
1099 0
1100 0
1101 0
1102 0
1103 1
1104 0
1105 0
1106 0
1107 0
1108 0
1109 0
1110 0
1111 0
1112 0
1113 0
1114 1
1115 0
1116 0
1117 2
1118 1
1119 1
1120 1
1121 0
1122 0
1123 1
1124 0
1125 0
1126 0
1127 0
1128 0
1129 0
1130 0
1131 0
1132 0
1133 0
1134 0
1135 0
1136 0
1137 0
1138 0
1139 0
1140 1
1141 0
1142 0
1143 0
1144 0
1145 1
1146 1
1147 0
1148 1
1149 1
1150 1
1151 0
1152 1
1153 0
1154 1
1155 1
1156 1
1157 0
1158 0
1159 0
1160 1
1161 0
1162 0
1163 1
1164 0
1165 1
1166 2
1167 0
1168 1
1169 0
1170 0
1171 0
1172 0
1173 0
1174 0
1175 0
1176 0
1177 0
1178 0
1179 0
1180 0
1181 0
1182 0
1183 0
1184 0
1185 1
1186 0
1187 1
1188 0
1189 0
1190 0
1191 0
1192 0
1193 0
1194 0
1195 0
1196 0
1197 0
1198 0
1199 0
1200 0
1201 0
1202 0
1203 1
1204 0
1205 1
1206 0
1207 0
1208 1
1209 0
1210 0
1211 0
1212 0
1213 1
1214 1
1215 1
1216 1
1217 1
1218 0
1219 0
1220 1
1221 1
1222 0
1223 0
1224 1
1225 2
1226 1
1227 1
1228 1
1229 1
1230 1
1231 1
1232 1
1233 2
1234 1
1235 2
1236 1
1237 1
1238 1
1239 1
1240 0
1241 0
1242 2
1243 1
1244 0
1245 0
1246 1
1247 1
1248 0
1249 1
1250 0
1251 0
1252 1
1253 0
1254 2
1255 0
1256 0
1257 1
1258 0
1259 1
1260 1
1261 1
1262 0
1263 0
1264 0
1265 0
1266 0
1267 1
1268 1
1269 1
1270 0
1271 0
1272 0
1273 0
1274 0
1275 0
1276 0
1277 0
1278 0
1279 0
1280 1
1281 1
1282 0
1283 0
1284 1
1285 0
1286 0
1287 0
1288 0
1289 0
1290 0
1291 1
1292 0
1293 1
1294 0
1295 0
1296 0
1297 0
1298 0
1299 0
1300 0
1301 0
1302 0
1303 0
1304 0
1305 0
1306 0
1307 0
1308 0
1309 1
1310 0
1311 0
1312 0
1313 0
1314 1
1315 0
1316 0
1317 1
1318 0
1319 0
1320 2
1321 0
1322 0
1323 0
1324 0
1325 1
1326 0
1327 0
1328 1
1329 0
1330 0
1331 0
1332 1
1333 0
1334 0
1335 0
1336 0
1337 2
1338 0
1339 0
1340 0
1341 0
1342 0
1343 1
1344 0
1345 0
1346 0
1347 0
1348 0
1349 0
1350 0
1351 0
1352 0
1353 0
1354 0
1355 0
1356 0
1357 2
1358 1
1359 0
1360 0
1361 0
1362 0
1363 1
1364 1
1365 1
1366 1
1367 0
1368 0
1369 0
1370 0
1371 0
1372 0
1373 1
1374 0
1375 0
1376 0
1377 0
1378 1
1379 0
1380 0
1381 1
1382 0
1383 0
1384 0
1385 0
1386 0
1387 0
1388 0
1389 1
1390 0
1391 1
1392 0
1393 0
1394 1
1395 0
1396 0
1397 0
1398 0
1399 1
1400 0
1401 0
1402 0
1403 0
1404 0
1405 0
1406 0
1407 0
1408 0
1409 0
1410 0
1411 0
1412 0
1413 0
1414 0
1415 0
1416 0
1417 0
1418 0
1419 0
1420 0
1421 0
1422 0
1423 0
1424 0
1425 0
1426 0
1427 0
1428 0
1429 0
1430 0
1431 0
1432 0
1433 0
1434 0
1435 0
1436 0
1437 0
1438 1
1439 1
1440 0
1441 0
1442 1
1443 0
1444 0
1445 0
1446 0
1447 0
1448 1
1449 0
1450 0
1451 0
1452 0
1453 0
1454 0
1455 0
1456 0
1457 0
1458 1
1459 0
1460 1
1461 0
1462 0
1463 1
1464 0
1465 0
1466 0
1467 0
1468 0
1469 0
1470 0
1471 0
1472 0
1473 0
1474 0
1475 0
1476 0
1477 0
1478 0
1479 0
1480 0
1481 0
1482 0
1483 1
1484 0
1485 0
1486 0
1487 0
1488 0
1489 0
1490 0
1491 1
1492 0
1493 1
1494 0
1495 0
1496 0
1497 1
1498 0
1499 1
1500 1
1501 0
1502 0
1503 0
1504 0
1505 0
1506 0
1507 0
1508 0
1509 0
1510 1
1511 0
1512 0
1513 0
1514 0
1515 0
1516 0
1517 0
1518 0
1519 0
1520 0
1521 0
1522 0
1523 0
1524 0
1525 0
1526 0
1527 2
1528 0
1529 0
1530 1
1531 1
1532 1
1533 1
1534 0
1535 0
1536 1
1537 0
1538 1
1539 0
1540 0
1541 0
1542 0
1543 0
1544 0
1545 0
1546 1
1547 0
1548 1
1549 0
1550 0
1551 1
1552 0
1553 0
1554 0
1555 0
1556 0
1557 0
1558 0
1559 0
1560 0
1561 0
1562 1
1563 0
1564 0
1565 0
1566 0
1567 1
1568 2
1569 1
1570 1
1571 0
1572 1
1573 1
1574 1
1575 0
1576 0
1577 0
1578 1
1579 0
1580 0
1581 0
1582 0
1583 0
1584 0
1585 0
1586 1
1587 0
1588 1
1589 2
1590 0
1591 0
1592 0
1593 0
1594 0
1595 1
1596 1
1597 0
1598 0
1599 1
1600 1
1601 0
1602 1
1603 0
1604 1
1605 1
1606 2
1607 0
1608 3
1609 1
1610 1
1611 0
1612 0
1613 0
1614 0
1615 0
1616 1
1617 0
1618 1
1619 1
1620 1
1621 0
1622 1
1623 0
1624 1
1625 1
1626 0
1627 1
1628 0
1629 1
1630 1
1631 0
1632 0
1633 1
1634 1
1635 1
1636 1
1637 1
1638 1
1639 1
1640 0
1641 1
1642 0
1643 1
1644 1
1645 0
1646 0
1647 0
1648 0
1649 0
1650 0
1651 0
1652 0
1653 0
1654 0
1655 0
1656 1
1657 0
1658 0
1659 1
1660 1
1661 1
1662 0
1663 0
1664 1
1665 0
1666 1
1667 0
1668 0
1669 0
1670 0
1671 0
1672 0
1673 0
1674 1
1675 0
1676 0
1677 0
1678 1
1679 0
1680 0
1681 0
1682 0
1683 0
1684 1
1685 0
1686 0
1687 0
1688 0
1689 0
1690 0
1691 0
1692 0
1693 1
1694 0
1695 0
1696 0
1697 0
1698 0
1699 1
1700 0
1701 0
1702 1
1703 0
1704 1
1705 1
1706 0
1707 0
1708 0
1709 0
1710 0
1711 0
1712 0
1713 0
1714 0
1715 0
1716 0
1717 0
1718 0
1719 0
1720 0
1721 1
1722 0
1723 0
1724 0
1725 0
1726 0
1727 0
1728 0
1729 0
1730 0
1731 0
1732 0
1733 0
1734 0
1735 1
1736 1
1737 0
1738 0
1739 0
1740 0
1741 0
1742 0
1743 0
1744 0
1745 1
1746 0
1747 0
1748 0
1749 1
1750 0
1751 0
1752 0
1753 0
1754 0
1755 1
1756 0
1757 0
1758 0
1759 0
1760 0
1761 0
1762 0
1763 0
1764 0
1765 0
1766 0
1767 2
1768 0
1769 0
1770 0
1771 0
1772 1
1773 0
1774 0
1775 0
1776 0
1777 0
1778 0
1779 0
1780 0
1781 0
1782 1
1783 0
1784 0
1785 1
1786 0
1787 0
1788 0
1789 0
1790 0
1791 0
1792 0
1793 0
1794 0
1795 0
1796 0
1797 0
1798 0
1799 1
1800 1
1801 0
1802 0
1803 0
1804 1
1805 0
1806 0
1807 0
1808 0
1809 0
1810 0
1811 0
1812 0
1813 0
1814 0
1815 0
1816 0
1817 0
1818 0
1819 0
1820 0
1821 1
1822 0
1823 0
1824 1
1825 0
1826 0
1827 0
1828 0
1829 0
1830 0
1831 0
1832 0
1833 0
1834 0
1835 1
1836 0
1837 1
1838 1
1839 0
1840 0
1841 0
1842 0
1843 0
1844 0
1845 0
1846 0
1847 1
1848 1
1849 0
1850 0
1851 0
1852 0
1853 0
1854 0
1855 0
1856 0
1857 1
1858 0
1859 0
1860 0
1861 1
1862 0
1863 1
1864 1
1865 0
1866 0
1867 0
1868 0
1869 0
1870 0
1871 0
1872 0
1873 1
1874 0
1875 0
1876 0
1877 0
1878 1
1879 0
1880 0
1881 0
1882 0
1883 1
1884 1
1885 0
1886 1
1887 0
1888 0
1889 0
1890 0
1891 0
1892 1
1893 0
1894 1
1895 1
1896 1
1897 0
1898 0
1899 0
1900 0
1901 0
1902 0
1903 0
1904 1
1905 0
1906 0
1907 0
1908 1
1909 1
1910 0
1911 0
1912 0
1913 0
1914 0
1915 0
1916 0
1917 1
1918 0
1919 0
1920 0
1921 0
1922 0
1923 0
1924 0
1925 0
1926 0
1927 1
1928 0
1929 0
1930 0
1931 1
1932 0
1933 0
1934 0
1935 0
1936 0
1937 1
1938 0
1939 0
1940 1
1941 0
1942 1
1943 0
1944 0
1945 0
1946 0
1947 0
1948 0
1949 0
1950 0
1951 0
1952 0
1953 0
1954 0
1955 0
1956 0
1957 0
1958 1
1959 0
1960 0
1961 0
1962 0
1963 1
1964 0
1965 0
1966 0
1967 0
1968 0
1969 0
1970 0
1971 0
1972 0
1973 0
1974 0
1975 1
1976 0
1977 1
1978 0
1979 1
1980 0
1981 0
1982 0
1983 1
1984 1
1985 0
1986 0
1987 0
1988 0
1989 0
1990 0
1991 0
1992 0
1993 1
1994 0
1995 0
1996 1
1997 0
1998 1
1999 2
