0 0
1 1
2 1
3 0
4 0
5 1
6 0
7 0
8 0
9 0
10 0
11 0
12 0
13 1
14 1
15 0
16 0
17 0
18 1
19 1
20 0
21 1
22 1
23 1
24 0
25 0
26 0
27 1
28 0
29 0
30 0
31 0
32 1
33 1
34 0
35 0
36 1
37 0
38 1
39 1
40 0
41 0
42 0
43 0
44 1
45 0
46 0
47 0
48 1
49 0
50 0
51 0
52 1
53 0
54 1
55 1
56 1
57 1
58 1
59 1
60 1
61 0
62 1
63 0
64 1
65 1
66 0
67 1
68 1
69 1
70 1
71 0
72 1
73 0
74 1
75 0
76 0
77 0
78 0
79 0
80 1
81 1
82 1
83 1
84 1
85 1
86 0
87 1
88 0
89 0
90 0
91 1
92 0
93 1
94 0
95 0
96 1
97 1
98 0
99 1
100 1
101 1
102 1
103 0
104 1
105 0
106 1
107 1
108 2
109 1
110 0
111 0
112 1
113 1
114 1
115 0
116 1
117 1
118 1
119 1
120 0
121 2
122 0
123 0
124 1
125 1
126 1
127 0
128 0
129 0
130 1
131 1
132 1
133 1
134 1
135 1
136 1
137 0
138 0
139 2
140 1
141 0
142 2
143 2
144 2
145 1
146 2
147 0
148 1
149 1
150 0
151 1
152 1
153 1
154 1
155 0
156 1
157 0
158 0
159 0
160 0
161 1
162 1
163 1
164 0
165 1
166 1
167 1
168 0
169 1
170 0
171 0
172 2
173 1
174 1
175 0
176 1
177 1
178 0
179 1
180 0
181 1
182 0
183 0
184 1
185 1
186 2
187 0
188 0
189 1
190 1
191 1
192 0
193 1
194 2
195 1
196 1
197 1
198 1
199 0
200 0
201 0
202 0
203 0
204 0
205 0
206 0
207 0
208 0
209 1
210 0
211 1
212 0
213 1
214 1
215 0
216 1
217 1
218 0
219 0
220 1
221 0
222 0
223 0
224 0
225 1
226 1
227 0
228 0
229 1
230 0
231 1
232 1
233 0
234 0
235 0
236 0
237 1
238 1
239 1
240 1
241 1
242 1
243 1
244 0
245 0
246 0
247 1
248 1
249 1
250 2
251 1
252 1
253 1
254 1
255 1
256 0
257 0
258 1
259 1
260 1
261 0
262 1
263 1
264 1
265 1
266 1
267 1
268 0
269 0
270 0
271 2
272 1
273 1
274 1
275 1
276 1
277 1
278 1
279 0
280 1
281 1
282 0
283 0
284 1
285 0
286 1
287 1
288 2
289 0
290 0
291 0
292 1
293 1
294 1
295 0
296 1
297 2
298 1
299 0
300 1
301 1
302 2
303 1
304 1
305 1
306 1
307 1
308 1
309 0
310 1
311 1
312 1
313 1
314 1
315 1
316 1
317 1
318 1
319 1
320 2
321 1
322 1
323 1
324 0
325 1
326 0
327 2
328 1
329 0
330 1
331 0
332 0
333 1
334 0
335 2
336 0
337 0
338 0
339 0
340 0
341 1
342 2
343 1
344 1
345 1
346 0
347 0
348 0
349 0
350 0
351 1
352 1
353 2
354 0
355 1
356 1
357 1
358 2
359 1
360 1
361 0
362 0
363 0
364 1
365 1
366 1
367 0
368 0
369 0
370 0
371 0
372 0
373 0
374 1
375 0
376 0
377 0
378 0
379 1
380 1
381 1
382 0
383 0
384 0
385 0
386 0
387 1
388 0
389 0
390 0
391 0
392 0
393 0
394 0
395 0
396 0
397 1
398 0
399 0
400 1
401 0
402 1
403 1
404 1
405 1
406 1
407 1
408 0
409 1
410 0
411 2
412 0
413 1
414 0
415 0
416 0
417 0
418 1
419 1
420 0
421 0
422 0
423 0
424 0
425 0
426 0
427 0
428 0
429 0
430 0
431 0
432 0
433 0
434 0
435 1
436 0
437 0
438 0
439 0
440 0
441 0
442 0
443 0
444 1
445 1
446 0
447 0
448 1
449 1
450 2
451 1
452 0
453 0
454 1
455 0
456 1
457 1
458 0
459 0
460 1
461 1
462 1
463 0
464 1
465 2
466 0
467 1
468 0
469 1
470 1
471 1
472 1
473 1
474 0
475 0
476 1
477 1
478 1
479 0
480 0
481 1
482 1
483 0
484 0
485 1
486 0
487 0
488 0
489 1
490 1
491 0
492 0
493 0
494 0
495 0
496 0
497 0
498 0
499 1
500 0
501 1
502 0
503 1
504 2
505 0
506 1
507 1
508 1
509 0
510 1
511 1
512 0
513 0
514 1
515 1
516 1
517 1
518 0
519 0
520 1
521 0
522 1
523 1
524 0
525 0
526 0
527 1
528 1
529 1
530 0
531 0
532 0
533 0
534 0
535 1
536 0
537 0
538 1
539 1
540 0
541 1
542 1
543 1
544 0
545 1
546 1
547 2
548 1
549 2
550 1
551 0
552 1
553 1
554 0
555 1
556 0
557 1
558 0
559 1
560 1
561 0
562 0
563 0
564 0
565 0
566 0
567 1
568 1
569 1
570 1
571 0
572 0
573 1
574 0
575 1
576 1
577 0
578 1
579 1
580 1
581 0
582 1
583 1
584 1
585 1
586 1
587 1
588 0
589 1
590 1
591 1
592 0
593 0
594 1
595 0
596 0
597 0
598 0
599 0
600 1
601 1
602 0
603 0
604 1
605 0
606 0
607 1
608 1
609 0
610 1
611 1
612 0
613 1
614 0
615 1
616 1
617 1
618 1
619 0
620 0
621 2
622 1
623 1
624 1
625 1
626 1
627 1
628 1
629 1
630 1
631 1
632 1
633 1
634 1
635 1
636 1
637 2
638 1
639 0
640 2
641 0
642 0
643 1
644 1
645 1
646 0
647 1
648 2
649 1
650 0
651 0
652 1
653 1
654 0
655 1
656 1
657 1
658 1
659 1
660 1
661 1
662 0
663 0
664 0
665 1
666 0
667 1
668 1
669 2
670 1
671 1
672 1
673 1
674 1
675 1
676 1
677 1
678 1
679 0
680 0
681 1
682 2
683 1
684 1
685 0
686 1
687 0
688 1
689 1
690 1
691 1
692 1
693 1
694 1
695 1
696 1
697 1
698 0
699 1
700 1
701 1
702 1
703 2
704 1
705 0
706 1
707 1
708 0
709 0
710 1
711 1
712 0
713 0
714 0
715 1
716 0
717 1
718 1
719 1
720 0
721 0
722 0
723 0
724 2
725 1
726 1
727 0
728 1
729 0
730 0
731 2
732 0
733 1
734 0
735 0
736 1
737 1
738 1
739 0
740 1
741 1
742 1
743 1
744 1
745 1
746 1
747 0
748 1
749 1
750 2
751 1
752 2
753 1
754 0
755 1
756 1
757 1
758 0
759 0
760 1
761 0
762 1
763 0
764 0
765 1
766 1
767 0
768 1
769 0
770 0
771 0
772 0
773 0
774 1
775 1
776 0
777 0
778 0
779 0
780 0
781 0
782 0
783 0
784 0
785 0
786 0
787 0
788 0
789 0
790 0
791 1
792 1
793 1
794 0
795 0
796 0
797 0
798 1
799 0
800 0
801 0
802 0
803 1
804 0
805 1
806 0
807 0
808 1
809 1
810 1
811 1
812 1
813 1
814 0
815 1
816 0
817 0
818 0
819 1
820 0
821 1
822 1
823 0
824 0
825 0
826 0
827 0
828 0
829 0
830 0
831 0
832 0
833 0
834 1
835 0
836 0
837 0
838 1
839 1
840 1
841 0
842 0
843 0
844 0
845 0
846 0
847 0
848 1
849 0
850 1
851 0
852 1
853 1
854 1
855 0
856 0
857 1
858 2
859 1
860 0
861 1
862 1
863 0
864 1
865 1
866 1
867 0
868 2
869 0
870 0
871 1
872 1
873 2
874 0
875 1
876 1
877 0
878 1
879 1
880 0
881 0
882 0
883 2
884 1
885 0
886 1
887 0
888 1
889 1
890 1
891 1
892 0
893 1
894 1
895 0
896 2
897 1
898 0
899 1
900 1
901 0
902 1
903 0
904 0
905 1
906 1
907 0
908 2
909 0
910 0
911 0
912 0
913 1
914 1
915 0
916 1
917 0
918 0
919 1
920 1
921 0
922 1
923 0
924 0
925 1
926 1
927 1
928 1
929 1
930 1
931 1
932 0
933 0
934 0
935 0
936 1
937 1
938 1
939 0
940 1
941 1
942 1
943 2
944 1
945 0
946 0
947 1
948 0
949 1
950 1
951 1
952 0
953 0
954 1
955 1
956 0
957 1
958 0
959 0
960 1
961 0
962 0
963 0
964 1
965 0
966 1
967 0
968 0
969 0
970 1
971 0
972 1
973 0
974 0
975 0
976 0
977 1
978 0
979 1
980 0
981 1
982 0
983 1
984 1
985 0
986 1
987 1
988 0
989 2
990 2
991 2
992 0
993 0
994 0
995 0
996 0
997 0
998 1
999 1
1000 1
1001 1
1002 1
1003 1
1004 0
1005 1
1006 0
1007 1
1008 0
1009 1
1010 1
1011 0
1012 1
1013 1
1014 1
1015 1
1016 1
1017 1
1018 1
1019 0
1020 0
1021 0
1022 1
1023 0
1024 1
1025 0
1026 0
1027 2
1028 1
1029 1
1030 0
1031 1
1032 1
1033 1
1034 0
1035 1
1036 0
1037 0
1038 1
1039 1
1040 0
1041 1
1042 0
1043 0
1044 0
1045 0
1046 2
1047 0
1048 1
1049 1
1050 0
1051 1
1052 1
1053 1
1054 1
1055 1
1056 0
1057 0
1058 1
1059 0
1060 2
1061 0
1062 0
1063 1
1064 0
1065 0
1066 0
1067 1
1068 0
1069 1
1070 0
1071 0
1072 1
1073 1
1074 0
1075 0
1076 0
1077 1
1078 1
1079 1
1080 0
1081 1
1082 0
1083 0
1084 0
1085 0
1086 0
1087 1
1088 1
1089 0
1090 0
1091 0
1092 0
1093 0
1094 1
1095 1
1096 0
1097 0
1098 1
1099 0
1100 0
1101 0
1102 0
1103 1
1104 0
1105 1
1106 1
1107 1
1108 0
1109 1
1110 1
1111 1
1112 1
1113 1
1114 1
1115 1
1116 0
1117 0
1118 1
1119 1
1120 0
1121 0
1122 1
1123 0
1124 0
1125 1
1126 0
1127 0
1128 1
1129 1
1130 0
1131 1
1132 1
1133 1
1134 1
1135 0
1136 0
1137 0
1138 0
1139 2
1140 1
1141 1
1142 1
1143 0
1144 0
1145 1
1146 0
1147 1
1148 1
1149 0
1150 2
1151 1
1152 1
1153 0
1154 1
1155 1
1156 0
1157 1
1158 0
1159 0
1160 2
1161 0
1162 0
1163 0
1164 0
1165 1
1166 0
1167 2
1168 1
1169 0
1170 1
1171 1
1172 1
1173 1
1174 1
1175 2
1176 1
1177 1
1178 0
1179 0
1180 0
1181 0
1182 0
1183 0
1184 0
1185 1
1186 1
1187 1
1188 1
1189 2
1190 0
1191 1
1192 1
1193 1
1194 0
1195 0
1196 0
1197 0
1198 0
1199 1
1200 0
1201 0
1202 0
1203 0
1204 0
1205 1
1206 1
1207 0
1208 1
1209 1
1210 1
1211 1
1212 1
1213 0
1214 0
1215 1
1216 1
1217 0
1218 1
1219 0
1220 0
1221 1
1222 1
1223 0
1224 0
1225 1
1226 0
1227 0
1228 1
1229 0
1230 0
1231 1
1232 1
1233 1
1234 0
1235 1
1236 1
1237 0
1238 0
1239 1
1240 0
1241 0
1242 0
1243 0
1244 1
1245 1
1246 1
1247 1
1248 1
1249 1
1250 0
1251 1
1252 0
1253 1
1254 1
1255 1
1256 0
1257 1
1258 1
1259 0
1260 1
1261 1
1262 0
1263 1
1264 0
1265 1
1266 1
1267 1
1268 0
1269 0
1270 0
1271 1
1272 0
1273 0
1274 1
1275 1
1276 1
1277 1
1278 1
1279 0
1280 0
1281 1
1282 0
1283 0
1284 1
1285 0
1286 1
1287 0
1288 1
1289 1
1290 0
1291 1
1292 1
1293 1
1294 0
1295 1
1296 0
1297 1
1298 0
1299 1
1300 0
1301 1
1302 0
1303 1
1304 0
1305 0
1306 0
1307 0
1308 0
1309 0
1310 2
1311 1
1312 1
1313 1
1314 0
1315 0
1316 0
1317 1
1318 0
1319 1
1320 0
1321 1
1322 1
1323 1
1324 0
1325 1
1326 1
1327 1
1328 1
1329 1
1330 1
1331 1
1332 1
1333 1
1334 1
1335 0
1336 0
1337 1
1338 1
1339 1
1340 1
1341 1
1342 0
1343 1
1344 0
1345 1
1346 1
1347 1
1348 1
1349 1
1350 1
1351 1
1352 0
1353 1
1354 1
1355 0
1356 0
1357 0
1358 1
1359 0
1360 0
1361 0
1362 1
1363 1
1364 1
1365 1
1366 1
1367 1
1368 1
1369 0
1370 0
1371 1
1372 0
1373 0
1374 0
1375 1
1376 0
1377 0
1378 1
1379 1
1380 0
1381 1
1382 0
1383 0
1384 0
1385 2
1386 1
1387 1
1388 0
1389 0
1390 0
1391 1
1392 0
1393 0
1394 1
1395 1
1396 1
1397 0
1398 0
1399 0
1400 0
1401 0
1402 1
1403 1
1404 1
1405 0
1406 0
1407 0
1408 0
1409 0
1410 0
1411 0
1412 0
1413 1
1414 0
1415 0
1416 1
1417 0
1418 0
1419 0
1420 1
1421 1
1422 1
1423 1
1424 0
1425 0
1426 0
1427 1
1428 0
1429 1
1430 0
1431 1
1432 1
1433 1
1434 0
1435 1
1436 1
1437 0
1438 0
1439 0
1440 0
1441 0
1442 1
1443 1
1444 1
1445 0
1446 0
1447 1
1448 1
1449 2
1450 0
1451 1
1452 0
1453 1
1454 0
1455 1
1456 1
1457 0
1458 1
1459 0
1460 0
1461 0
1462 0
1463 1
1464 1
1465 1
1466 1
1467 1
1468 1
1469 0
1470 1
1471 0
1472 1
1473 0
1474 0
1475 0
1476 0
1477 0
1478 1
1479 1
1480 1
1481 2
1482 0
1483 1
1484 0
1485 1
1486 1
1487 1
1488 1
1489 0
1490 0
1491 1
1492 0
1493 0
1494 0
1495 0
1496 0
1497 0
1498 0
1499 0
1500 0
1501 0
1502 0
1503 0
1504 1
1505 1
1506 1
1507 2
1508 1
1509 0
1510 0
1511 0
1512 0
1513 0
1514 0
1515 1
1516 0
1517 0
1518 0
1519 1
1520 1
1521 1
1522 0
1523 1
1524 1
1525 0
1526 1
1527 1
1528 0
1529 0
1530 1
1531 0
1532 0
1533 1
1534 1
1535 1
1536 0
1537 1
1538 0
1539 0
1540 1
1541 1
1542 1
1543 1
1544 0
1545 0
1546 1
1547 1
1548 0
1549 1
1550 0
1551 2
1552 1
1553 1
1554 0
1555 0
1556 0
1557 0
1558 1
1559 0
1560 0
1561 2
1562 1
1563 0
1564 0
1565 0
1566 1
1567 0
1568 1
1569 1
1570 1
1571 0
1572 0
1573 0
1574 1
1575 2
1576 1
1577 1
1578 1
1579 1
1580 1
1581 1
1582 0
1583 1
1584 1
1585 0
1586 0
1587 1
1588 1
1589 0
1590 0
1591 0
1592 1
1593 1
1594 0
1595 0
1596 1
1597 0
1598 1
1599 0
1600 1
1601 0
1602 0
1603 1
1604 0
1605 0
1606 0
1607 1
1608 1
1609 0
1610 0
1611 1
1612 0
1613 0
1614 0
1615 0
1616 0
1617 1
1618 0
1619 0
1620 0
1621 0
1622 0
1623 0
1624 0
1625 1
1626 0
1627 0
1628 0
1629 0
1630 1
1631 0
1632 0
1633 1
1634 0
1635 0
1636 0
1637 0
1638 0
1639 0
1640 1
1641 0
1642 0
1643 1
1644 0
1645 0
1646 1
1647 0
1648 0
1649 0
1650 0
1651 1
1652 1
1653 0
1654 1
1655 1
1656 1
1657 1
1658 0
1659 2
1660 0
1661 1
1662 1
1663 1
1664 0
1665 0
1666 1
1667 1
1668 0
1669 0
1670 0
1671 0
1672 1
1673 0
1674 1
1675 0
1676 1
1677 0
1678 1
1679 1
1680 1
1681 1
1682 0
1683 0
1684 1
1685 0
1686 1
1687 1
1688 0
1689 0
1690 1
1691 1
1692 1
1693 0
1694 0
1695 1
1696 1
1697 0
1698 0
1699 1
1700 1
1701 1
1702 1
1703 0
1704 0
1705 2
1706 0
1707 0
1708 1
1709 0
1710 1
1711 0
1712 0
1713 0
1714 0
1715 0
1716 1
1717 1
1718 1
1719 0
1720 1
1721 0
1722 0
1723 0
1724 1
1725 0
1726 0
1727 2
1728 1
1729 0
1730 0
1731 0
1732 0
1733 0
1734 1
1735 0
1736 0
1737 1
1738 0
1739 2
1740 1
1741 0
1742 2
1743 1
1744 1
1745 1
1746 1
1747 1
1748 1
1749 0
1750 0
1751 0
1752 0
1753 1
1754 0
1755 1
1756 1
1757 0
1758 0
1759 0
1760 1
1761 0
1762 0
1763 0
1764 0
1765 1
1766 0
1767 0
1768 1
1769 0
1770 1
1771 0
1772 1
1773 0
1774 1
1775 0
1776 1
1777 1
1778 1
1779 1
1780 0
1781 1
1782 0
1783 0
1784 0
1785 0
1786 0
1787 0
1788 2
1789 1
1790 0
1791 0
1792 1
1793 0
1794 0
1795 0
1796 1
1797 0
1798 0
1799 0
1800 1
1801 0
1802 0
1803 1
1804 1
1805 1
1806 1
1807 1
1808 0
1809 1
1810 1
1811 1
1812 0
1813 0
1814 1
1815 1
1816 1
1817 0
1818 1
1819 1
1820 0
1821 1
1822 1
1823 1
1824 1
1825 0
1826 0
1827 0
1828 0
1829 1
1830 1
1831 0
1832 0
1833 0
1834 1
1835 1
1836 1
1837 0
1838 1
1839 1
1840 1
1841 1
1842 1
1843 1
1844 1
1845 1
1846 1
1847 1
1848 0
1849 1
1850 0
1851 0
1852 0
1853 1
1854 1
1855 0
1856 0
1857 1
1858 0
1859 1
1860 0
1861 1
1862 1
1863 0
1864 0
1865 0
1866 1
1867 0
1868 0
1869 1
1870 1
1871 2
1872 1
1873 0
1874 1
1875 1
1876 0
1877 0
1878 1
1879 1
1880 0
1881 0
1882 1
1883 1
1884 0
1885 1
1886 2
1887 1
1888 0
1889 0
1890 0
1891 1
1892 0
1893 1
1894 2
1895 1
1896 1
1897 1
1898 1
1899 1
1900 1
1901 0
1902 1
1903 1
1904 1
1905 0
1906 1
1907 0
1908 0
1909 0
1910 1
1911 1
1912 0
1913 1
1914 0
1915 1
1916 1
1917 0
1918 0
1919 0
1920 0
1921 0
1922 1
1923 0
1924 0
1925 0
1926 0
1927 0
1928 1
1929 0
1930 0
1931 1
1932 1
1933 0
1934 0
1935 1
1936 0
1937 0
1938 0
1939 0
1940 0
1941 0
1942 1
1943 0
1944 0
1945 0
1946 0
1947 0
1948 1
1949 1
1950 0
1951 1
1952 1
1953 2
1954 1
1955 1
1956 0
1957 0
1958 3
1959 1
1960 2
1961 0
1962 0
1963 1
1964 0
1965 0
1966 1
1967 0
1968 1
1969 1
1970 0
1971 0
1972 0
1973 0
1974 0
1975 0
1976 1
1977 0
1978 0
1979 1
1980 1
1981 0
1982 0
1983 0
1984 1
1985 1
1986 0
1987 0
1988 0
1989 0
1990 0
1991 0
1992 0
1993 1
1994 1
1995 0
1996 0
1997 0
1998 1
1999 0
