0 2
1 2
2 1
3 2
4 1
5 1
6 1
7 2
8 0
9 1
10 1
11 2
12 2
13 2
14 2
15 2
16 1
17 1
18 3
19 2
20 1
21 1
22 2
23 2
24 1
25 0
26 1
27 1
28 2
29 2
30 2
31 0
32 0
33 1
34 0
35 1
36 1
37 2
38 0
39 0
40 0
41 2
42 1
43 1
44 0
45 1
46 1
47 2
48 1
49 2
50 1
51 1
52 0
53 1
54 1
55 1
56 1
57 0
58 1
59 0
60 1
61 1
62 1
63 1
64 2
65 1
66 1
67 1
68 1
69 1
70 0
71 2
72 1
73 0
74 1
75 0
76 1
77 2
78 1
79 2
80 1
81 1
82 1
83 1
84 0
85 0
86 0
87 1
88 0
89 0
90 1
91 0
92 2
93 1
94 1
95 1
96 1
97 2
98 1
99 0
100 0
101 0
102 3
103 0
104 2
105 0
106 0
107 0
108 1
109 1
110 0
111 1
112 1
113 1
114 1
115 2
116 1
117 0
118 2
119 1
120 1
121 2
122 0
123 3
124 1
125 2
126 1
127 1
128 2
129 1
130 1
131 0
132 0
133 0
134 1
135 0
136 1
137 0
138 2
139 2
140 2
141 1
142 2
143 1
144 1
145 1
146 1
147 0
148 1
149 0
150 1
151 1
152 1
153 1
154 2
155 1
156 1
157 0
158 2
159 2
160 1
161 1
162 1
163 1
164 1
165 0
166 1
167 1
168 2
169 2
170 1
171 2
172 1
173 0
174 1
175 0
176 1
177 1
178 1
179 0
180 1
181 1
182 1
183 1
184 1
185 1
186 1
187 1
188 1
189 2
190 1
191 1
192 1
193 1
194 1
195 1
196 2
197 1
198 0
199 1
200 1
201 1
202 1
203 1
204 1
205 0
206 1
207 2
208 0
209 1
210 0
211 1
212 2
213 2
214 1
215 1
216 0
217 1
218 1
219 1
220 0
221 0
222 0
223 0
224 1
225 1
226 2
227 1
228 0
229 1
230 2
231 1
232 0
233 1
234 2
235 2
236 1
237 0
238 0
239 0
240 0
241 1
242 1
243 0
244 0
245 1
246 1
247 2
248 1
249 1
250 2
251 1
252 2
253 1
254 1
255 0
256 1
257 1
258 2
259 0
260 1
261 1
262 1
263 1
264 1
265 2
266 2
267 3
268 1
269 2
270 2
271 3
272 1
273 1
274 1
275 1
276 1
277 3
278 0
279 1
280 1
281 1
282 0
283 2
284 3
285 0
286 0
287 0
288 2
289 1
290 2
291 1
292 2
293 1
294 1
295 1
296 1
297 2
298 2
299 0
300 1
301 1
302 1
303 2
304 1
305 2
306 1
307 1
308 0
309 1
310 1
311 1
312 3
313 1
314 1
315 1
316 2
317 1
318 1
319 1
320 0
321 1
322 1
323 1
324 1
325 2
326 0
327 1
328 0
329 0
330 0
331 1
332 1
333 1
334 0
335 2
336 1
337 1
338 1
339 1
340 1
341 0
342 3
343 1
344 2
345 0
346 1
347 0
348 1
349 1
350 1
351 2
352 1
353 1
354 1
355 1
356 0
357 2
358 3
359 1
360 1
361 1
362 2
363 1
364 1
365 0
366 2
367 1
368 0
369 2
370 1
371 2
372 0
373 2
374 1
375 1
376 0
377 0
378 1
379 0
380 0
381 2
382 2
383 2
384 1
385 2
386 1
387 2
388 1
389 1
390 2
391 0
392 1
393 2
394 2
395 2
396 1
397 2
398 1
399 1
400 2
401 4
402 1
403 1
404 1
405 0
406 1
407 1
408 1
409 0
410 2
411 2
412 2
413 1
414 1
415 1
416 1
417 1
418 0
419 2
420 2
421 1
422 1
423 1
424 0
425 2
426 0
427 2
428 1
429 2
430 1
431 1
432 1
433 1
434 1
435 0
436 1
437 1
438 1
439 2
440 1
441 1
442 1
443 1
444 2
445 0
446 1
447 1
448 1
449 1
450 1
451 1
452 1
453 1
454 1
455 2
456 1
457 1
458 1
459 3
460 0
461 1
462 1
463 1
464 1
465 1
466 1
467 1
468 1
469 2
470 0
471 1
472 1
473 0
474 1
475 0
476 1
477 1
478 2
479 1
480 2
481 1
482 1
483 0
484 2
485 1
486 1
487 2
488 0
489 1
490 1
491 0
492 1
493 1
494 1
495 1
496 1
497 1
498 2
499 1
500 3
501 2
502 1
503 1
504 1
505 2
506 1
507 2
508 1
509 1
510 1
511 3
512 1
513 1
514 2
515 1
516 1
517 1
518 2
519 1
520 2
521 0
522 1
523 1
524 2
525 2
526 1
527 2
528 3
529 2
530 2
531 1
532 2
533 1
534 2
535 1
536 0
537 0
538 0
539 1
540 2
541 1
542 1
543 1
544 1
545 2
546 1
547 1
548 1
549 3
550 1
551 1
552 3
553 1
554 2
555 1
556 1
557 0
558 1
559 0
560 1
561 1
562 1
563 1
564 1
565 1
566 1
567 1
568 0
569 0
570 1
571 2
572 2
573 2
574 1
575 3
576 1
577 2
578 0
579 1
580 1
581 1
582 0
583 1
584 1
585 0
586 1
587 1
588 1
589 3
590 1
591 1
592 1
593 1
594 2
595 1
596 1
597 0
598 1
599 1
600 2
601 1
602 1
603 1
604 1
605 1
606 1
607 1
608 1
609 2
610 1
611 2
612 2
613 1
614 1
615 2
616 1
617 0
618 1
619 1
620 1
621 1
622 2
623 1
624 1
625 0
626 1
627 2
628 0
629 0
630 0
631 2
632 0
633 2
634 2
635 1
636 2
637 1
638 0
639 1
640 1
641 2
642 0
643 0
644 0
645 0
646 2
647 1
648 2
649 2
650 0
651 0
652 1
653 0
654 1
655 1
656 2
657 1
658 0
659 2
660 1
661 2
662 1
663 1
664 1
665 1
666 1
667 2
668 1
669 0
670 3
671 1
672 1
673 0
674 1
675 1
676 1
677 1
678 2
679 2
680 1
681 2
682 2
683 0
684 1
685 1
686 1
687 0
688 2
689 1
690 1
691 0
692 1
693 0
694 2
695 1
696 1
697 2
698 0
699 1
700 2
701 1
702 1
703 1
704 1
705 1
706 1
707 1
708 2
709 1
710 1
711 1
712 1
713 2
714 1
715 0
716 0
717 1
718 1
719 1
720 1
721 0
722 1
723 1
724 1
725 0
726 0
727 2
728 1
729 2
730 1
731 2
732 0
733 0
734 1
735 1
736 2
737 2
738 1
739 1
740 2
741 1
742 1
743 1
744 1
745 0
746 2
747 1
748 1
749 1
750 0
751 1
752 0
753 2
754 1
755 0
756 0
757 1
758 1
759 1
760 2
761 1
762 0
763 0
764 1
765 1
766 0
767 0
768 1
769 1
770 0
771 0
772 1
773 1
774 3
775 0
776 1
777 0
778 1
779 0
780 1
781 2
782 0
783 1
784 0
785 1
786 1
787 1
788 1
789 0
790 1
791 0
792 1
793 2
794 1
795 1
796 1
797 1
798 1
799 1
800 1
801 1
802 0
803 1
804 1
805 1
806 1
807 0
808 1
809 0
810 2
811 1
812 0
813 1
814 0
815 0
816 1
817 2
818 2
819 3
820 1
821 1
822 2
823 2
824 1
825 1
826 1
827 1
828 0
829 1
830 1
831 0
832 2
833 3
834 1
835 2
836 1
837 0
838 1
839 1
840 2
841 1
842 1
843 0
844 0
845 1
846 1
847 0
848 1
849 2
850 1
851 1
852 1
853 1
854 1
855 1
856 0
857 1
858 0
859 1
860 1
861 1
862 2
863 0
864 1
865 1
866 1
867 1
868 1
869 0
870 1
871 2
872 1
873 0
874 2
875 2
876 1
877 1
878 1
879 2
880 2
881 1
882 2
883 2
884 2
885 0
886 0
887 0
888 0
889 0
890 0
891 3
892 0
893 1
894 1
895 1
896 0
897 1
898 2
899 1
900 0
901 1
902 2
903 1
904 2
905 1
906 1
907 1
908 1
909 1
910 1
911 1
912 1
913 2
914 0
915 1
916 2
917 1
918 1
919 0
920 2
921 1
922 1
923 1
924 1
925 2
926 2
927 1
928 0
929 2
930 1
931 2
932 3
933 2
934 0
935 1
936 1
937 2
938 1
939 3
940 0
941 0
942 2
943 2
944 0
945 0
946 1
947 1
948 2
949 1
950 1
951 1
952 1
953 2
954 0
955 4
956 2
957 1
958 1
959 0
960 1
961 1
962 3
963 2
964 3
965 3
966 1
967 1
968 1
969 1
970 1
971 3
972 1
973 1
974 1
975 1
976 0
977 1
978 0
979 1
980 1
981 1
982 2
983 2
984 1
985 1
986 2
987 0
988 1
989 1
990 2
991 1
992 2
993 1
994 1
995 1
996 1
997 0
998 0
999 1
1000 0
1001 0
1002 0
1003 1
1004 1
1005 0
1006 0
1007 1
1008 0
1009 2
1010 2
1011 1
1012 1
1013 1
1014 1
1015 0
1016 0
1017 2
1018 0
1019 1
1020 0
1021 1
1022 0
1023 0
1024 1
1025 1
1026 0
1027 2
1028 1
1029 1
1030 2
1031 1
1032 1
1033 1
1034 1
1035 0
1036 1
1037 1
1038 1
1039 1
1040 1
1041 0
1042 1
1043 1
1044 1
1045 1
1046 1
1047 0
1048 2
1049 1
1050 1
1051 1
1052 2
1053 0
1054 0
1055 0
1056 0
1057 1
1058 1
1059 0
1060 1
1061 1
1062 1
1063 0
1064 1
1065 0
1066 1
1067 1
1068 2
1069 0
1070 0
1071 2
1072 1
1073 1
1074 0
1075 1
1076 1
1077 1
1078 1
1079 3
1080 0
1081 0
1082 0
1083 1
1084 2
1085 1
1086 1
1087 1
1088 1
1089 1
1090 3
1091 2
1092 3
1093 1
1094 1
1095 1
1096 0
1097 1
1098 1
1099 0
1100 1
1101 1
1102 1
1103 1
1104 0
1105 1
1106 0
1107 1
1108 1
1109 1
1110 1
1111 2
1112 1
1113 0
1114 1
1115 3
1116 1
1117 2
1118 2
1119 1
1120 1
1121 0
1122 2
1123 0
1124 0
1125 2
1126 1
1127 1
1128 1
1129 1
1130 1
1131 0
1132 1
1133 1
1134 1
1135 0
1136 0
1137 0
1138 2
1139 1
1140 1
1141 0
1142 0
1143 1
1144 1
1145 1
1146 1
1147 1
1148 0
1149 1
1150 2
1151 2
1152 1
1153 2
1154 1
1155 1
1156 1
1157 2
1158 1
1159 2
1160 3
1161 1
1162 2
1163 1
1164 2
1165 2
1166 1
1167 0
1168 1
1169 2
1170 1
1171 1
1172 1
1173 0
1174 1
1175 3
1176 1
1177 1
1178 1
1179 1
1180 2
1181 1
1182 2
1183 1
1184 0
1185 2
1186 1
1187 1
1188 2
1189 1
1190 0
1191 1
1192 1
1193 1
1194 1
1195 1
1196 2
1197 1
1198 2
1199 1
1200 1
1201 3
1202 2
1203 0
1204 1
1205 1
1206 1
1207 2
1208 1
1209 2
1210 0
1211 2
1212 2
1213 1
1214 1
1215 1
1216 1
1217 0
1218 1
1219 1
1220 1
1221 1
1222 1
1223 1
1224 2
1225 1
1226 1
1227 1
1228 1
1229 0
1230 1
1231 0
1232 2
1233 1
1234 1
1235 1
1236 1
1237 1
1238 1
1239 1
1240 2
1241 1
1242 1
1243 1
1244 2
1245 2
1246 2
1247 1
1248 1
1249 3
1250 1
1251 0
1252 3
1253 0
1254 2
1255 0
1256 1
1257 1
1258 1
1259 1
1260 0
1261 1
1262 0
1263 1
1264 1
1265 1
1266 1
1267 0
1268 1
1269 2
1270 1
1271 3
1272 0
1273 1
1274 1
1275 1
1276 1
1277 2
1278 2
1279 2
1280 1
1281 2
1282 2
1283 1
1284 1
1285 3
1286 4
1287 3
1288 1
1289 2
1290 0
1291 0
1292 2
1293 0
1294 0
1295 1
1296 1
1297 1
1298 1
1299 1
1300 1
1301 0
1302 0
1303 1
1304 1
1305 1
1306 1
1307 0
1308 1
1309 1
1310 1
1311 1
1312 1
1313 1
1314 0
1315 0
1316 2
1317 1
1318 2
1319 2
1320 0
1321 2
1322 2
1323 0
1324 0
1325 0
1326 0
1327 0
1328 1
1329 2
1330 2
1331 4
1332 2
1333 2
1334 1
1335 0
1336 0
1337 0
1338 0
1339 0
1340 1
1341 0
1342 0
1343 0
1344 0
1345 0
1346 0
1347 1
1348 2
1349 2
1350 1
1351 1
1352 1
1353 1
1354 0
1355 0
1356 0
1357 0
1358 1
1359 1
1360 1
1361 1
1362 1
1363 2
1364 1
1365 1
1366 1
1367 1
1368 1
1369 1
1370 3
1371 1
1372 1
1373 0
1374 1
1375 1
1376 2
1377 1
1378 1
1379 2
1380 1
1381 1
1382 1
1383 0
1384 1
1385 1
1386 1
1387 1
1388 0
1389 1
1390 1
1391 2
1392 0
1393 1
1394 1
1395 1
1396 1
1397 1
1398 2
1399 1
1400 1
1401 1
1402 2
1403 1
1404 1
1405 2
1406 1
1407 1
1408 0
1409 0
1410 0
1411 1
1412 1
1413 1
1414 1
1415 2
1416 1
1417 1
1418 0
1419 1
1420 1
1421 0
1422 2
1423 1
1424 2
1425 1
1426 1
1427 0
1428 2
1429 1
1430 2
1431 2
1432 1
1433 2
1434 3
1435 2
1436 2
1437 2
1438 2
1439 1
1440 2
1441 2
1442 1
1443 3
1444 1
1445 1
1446 2
1447 1
1448 0
1449 1
1450 0
1451 2
1452 1
1453 2
1454 1
1455 1
1456 1
1457 1
1458 0
1459 1
1460 2
1461 1
1462 1
1463 2
1464 0
1465 2
1466 2
1467 2
1468 1
1469 1
1470 1
1471 1
1472 1
1473 1
1474 1
1475 0
1476 1
1477 2
1478 1
1479 1
1480 2
1481 1
1482 1
1483 0
1484 1
1485 1
1486 0
1487 2
1488 1
1489 1
1490 2
1491 2
1492 1
1493 0
1494 1
1495 1
1496 1
1497 1
1498 2
1499 1
1500 1
1501 1
1502 0
1503 3
1504 1
1505 2
1506 0
1507 1
1508 1
1509 1
1510 1
1511 1
1512 1
1513 1
1514 0
1515 2
1516 1
1517 1
1518 1
1519 2
1520 2
1521 2
1522 1
1523 2
1524 2
1525 2
1526 2
1527 2
1528 1
1529 2
1530 3
1531 1
1532 3
1533 2
1534 2
1535 1
1536 2
1537 1
1538 1
1539 0
1540 0
1541 1
1542 1
1543 1
1544 0
1545 0
1546 1
1547 1
1548 1
1549 1
1550 2
1551 1
1552 0
1553 1
1554 2
1555 1
1556 1
1557 0
1558 2
1559 0
1560 1
1561 2
1562 1
1563 1
1564 1
1565 1
1566 0
1567 1
1568 2
1569 2
1570 0
1571 1
1572 1
1573 0
1574 0
1575 1
1576 1
1577 1
1578 1
1579 1
1580 1
1581 2
1582 2
1583 2
1584 1
1585 0
1586 1
1587 1
1588 1
1589 1
1590 2
1591 1
1592 2
1593 2
1594 1
1595 1
1596 1
1597 5
1598 1
1599 2
1600 1
1601 4
1602 0
1603 2
1604 1
1605 2
1606 1
1607 1
1608 3
1609 2
1610 4
1611 2
1612 1
1613 3
1614 3
1615 4
1616 4
1617 4
1618 5
1619 4
1620 3
1621 4
1622 2
1623 3
1624 2
1625 3
1626 1
1627 1
1628 1
1629 1
1630 1
1631 1
1632 3
1633 0
1634 2
1635 2
1636 3
1637 2
1638 3
1639 3
1640 2
1641 2
1642 2
1643 2
1644 2
1645 3
1646 2
1647 3
1648 2
1649 3
1650 4
1651 2
1652 3
1653 2
1654 3
1655 1
1656 2
1657 1
1658 2
1659 1
1660 2
1661 3
1662 2
1663 3
1664 2
1665 2
1666 2
1667 4
1668 4
1669 2
1670 2
1671 2
1672 2
1673 5
1674 2
1675 1
1676 2
1677 1
1678 3
1679 2
1680 1
1681 2
1682 2
1683 3
1684 1
1685 2
1686 1
1687 0
1688 0
1689 1
1690 1
1691 2
1692 1
1693 0
1694 1
1695 1
1696 1
1697 1
1698 1
1699 1
1700 1
1701 1
1702 1
1703 1
1704 0
1705 2
1706 1
1707 1
1708 0
1709 1
1710 2
1711 3
1712 2
1713 1
1714 1
1715 2
1716 2
1717 1
1718 1
1719 1
1720 2
1721 1
1722 1
1723 0
1724 1
1725 1
1726 1
1727 1
1728 1
1729 2
1730 2
1731 0
1732 1
1733 0
1734 2
1735 2
1736 1
1737 1
1738 1
1739 3
1740 1
1741 2
1742 1
1743 2
1744 1
1745 1
1746 1
1747 1
1748 2
1749 1
1750 1
1751 1
1752 0
1753 1
1754 1
1755 1
1756 0
1757 1
1758 1
1759 1
1760 2
1761 2
1762 2
1763 1
1764 0
1765 1
1766 0
1767 1
1768 1
1769 1
1770 2
1771 2
1772 2
1773 0
1774 1
1775 2
1776 0
1777 1
1778 1
1779 1
1780 1
1781 2
1782 3
1783 0
1784 2
1785 2
1786 1
1787 1
1788 2
1789 2
1790 2
1791 1
1792 1
1793 2
1794 1
1795 0
1796 2
1797 1
1798 1
1799 0
1800 1
1801 1
1802 0
1803 1
1804 1
1805 1
1806 1
1807 1
1808 1
1809 1
1810 2
1811 0
1812 1
1813 1
1814 1
1815 0
1816 2
1817 0
1818 1
1819 1
1820 1
1821 0
1822 1
1823 2
1824 1
1825 0
1826 2
1827 1
1828 1
1829 2
1830 1
1831 0
1832 0
1833 0
1834 0
1835 0
1836 0
1837 1
1838 1
1839 1
1840 0
1841 1
1842 2
1843 2
1844 0
1845 1
1846 0
1847 2
1848 2
1849 1
1850 2
1851 1
1852 1
1853 1
1854 3
1855 0
1856 2
1857 2
1858 1
1859 2
1860 1
1861 0
1862 2
1863 2
1864 1
1865 2
1866 1
1867 0
1868 1
1869 1
1870 1
1871 0
1872 1
1873 2
1874 0
1875 0
1876 2
1877 1
1878 1
1879 2
1880 2
1881 1
1882 1
1883 0
1884 0
1885 2
1886 1
1887 3
1888 1
1889 2
1890 1
1891 1
1892 1
1893 1
1894 1
1895 2
1896 1
1897 1
1898 2
1899 1
1900 3
1901 4
1902 2
1903 0
1904 0
1905 2
1906 1
1907 0
1908 1
1909 2
1910 1
1911 0
1912 3
1913 1
1914 2
1915 2
1916 3
1917 2
1918 0
1919 3
1920 0
1921 2
1922 2
1923 2
1924 2
1925 2
1926 2
1927 1
1928 1
1929 2
1930 1
1931 2
1932 1
1933 1
1934 0
1935 1
1936 1
1937 1
1938 0
1939 1
1940 2
1941 1
1942 1
1943 3
1944 3
1945 1
1946 2
1947 2
1948 0
1949 1
1950 1
1951 2
1952 4
1953 2
1954 1
1955 0
1956 3
1957 3
1958 2
1959 2
1960 0
1961 3
1962 1
1963 3
1964 3
1965 4
1966 0
1967 1
1968 2
1969 2
1970 2
1971 3
1972 3
1973 1
1974 2
1975 2
1976 2
1977 1
1978 2
1979 1
1980 1
1981 1
1982 0
1983 1
1984 1
1985 1
1986 1
1987 1
1988 1
1989 2
1990 1
1991 1
1992 1
1993 1
1994 0
1995 1
1996 2
1997 1
1998 0
1999 2
