0 2
1 1
2 1
3 0
4 1
5 1
6 0
7 2
8 1
9 2
10 3
11 1
12 1
13 1
14 1
15 3
16 1
17 1
18 1
19 2
20 2
21 0
22 3
23 1
24 1
25 1
26 2
27 1
28 2
29 2
30 1
31 1
32 2
33 2
34 1
35 1
36 0
37 1
38 1
39 1
40 1
41 2
42 1
43 1
44 2
45 1
46 1
47 2
48 1
49 1
50 2
51 2
52 1
53 1
54 1
55 1
56 2
57 1
58 1
59 1
60 1
61 1
62 2
63 1
64 2
65 2
66 2
67 1
68 0
69 2
70 1
71 2
72 2
73 2
74 1
75 1
76 1
77 1
78 2
79 1
80 1
81 1
82 2
83 2
84 2
85 2
86 2
87 1
88 2
89 3
90 1
91 2
92 3
93 1
94 2
95 1
96 0
97 1
98 1
99 1
100 1
101 2
102 1
103 1
104 1
105 1
106 1
107 1
108 1
109 2
110 1
111 1
112 2
113 2
114 1
115 1
116 0
117 1
118 2
119 1
120 1
121 2
122 1
123 1
124 1
125 2
126 2
127 0
128 1
129 1
130 2
131 2
132 1
133 2
134 2
135 3
136 1
137 1
138 1
139 1
140 3
141 2
142 1
143 1
144 1
145 2
146 1
147 1
148 1
149 2
150 1
151 0
152 0
153 1
154 1
155 1
156 1
157 3
158 1
159 1
160 2
161 1
162 1
163 1
164 1
165 2
166 1
167 1
168 1
169 1
170 1
171 1
172 2
173 1
174 1
175 1
176 0
177 1
178 1
179 1
180 1
181 1
182 1
183 1
184 1
185 2
186 2
187 2
188 1
189 1
190 2
191 3
192 1
193 3
194 4
195 4
196 0
197 3
198 3
199 2
200 3
201 1
202 0
203 3
204 1
205 2
206 3
207 3
208 2
209 2
210 4
211 3
212 2
213 1
214 1
215 2
216 1
217 1
218 1
219 2
220 1
221 3
222 2
223 2
224 2
225 3
226 0
227 2
228 2
229 2
230 2
231 1
232 2
233 2
234 2
235 2
236 1
237 1
238 1
239 1
240 2
241 1
242 1
243 1
244 1
245 1
246 1
247 1
248 0
249 1
250 1
251 2
252 2
253 2
254 1
255 2
256 2
257 2
258 1
259 1
260 2
261 1
262 1
263 1
264 1
265 1
266 2
267 2
268 3
269 2
270 3
271 2
272 2
273 1
274 2
275 2
276 1
277 2
278 2
279 2
280 2
281 1
282 2
283 2
284 2
285 2
286 1
287 0
288 2
289 2
290 2
291 1
292 1
293 2
294 2
295 1
296 1
297 2
298 1
299 1
300 2
301 2
302 1
303 1
304 1
305 1
306 1
307 2
308 3
309 1
310 3
311 2
312 2
313 3
314 2
315 0
316 1
317 1
318 2
319 2
320 1
321 2
322 1
323 3
324 0
325 2
326 3
327 1
328 1
329 1
330 1
331 1
332 1
333 2
334 2
335 2
336 1
337 1
338 1
339 2
340 1
341 2
342 1
343 1
344 2
345 1
346 1
347 1
348 1
349 2
350 2
351 2
352 1
353 1
354 1
355 1
356 1
357 1
358 1
359 1
360 1
361 2
362 1
363 1
364 1
365 1
366 1
367 1
368 1
369 2
370 1
371 1
372 1
373 0
374 1
375 1
376 1
377 0
378 1
379 1
380 1
381 1
382 1
383 2
384 1
385 1
386 1
387 1
388 1
389 1
390 2
391 1
392 1
393 1
394 1
395 1
396 2
397 1
398 2
399 1
400 1
401 1
402 1
403 2
404 1
405 1
406 1
407 1
408 2
409 2
410 3
411 4
412 1
413 3
414 2
415 2
416 1
417 1
418 2
419 2
420 1
421 3
422 2
423 0
424 1
425 2
426 1
427 1
428 1
429 1
430 3
431 1
432 1
433 2
434 2
435 1
436 2
437 0
438 2
439 1
440 1
441 2
442 2
443 1
444 1
445 2
446 0
447 2
448 2
449 0
450 0
451 2
452 3
453 2
454 1
455 2
456 1
457 2
458 1
459 1
460 1
461 2
462 3
463 0
464 1
465 2
466 0
467 2
468 1
469 2
470 0
471 1
472 1
473 1
474 3
475 2
476 2
477 2
478 0
479 0
480 1
481 1
482 2
483 2
484 3
485 1
486 1
487 2
488 3
489 2
490 2
491 1
492 2
493 2
494 2
495 1
496 2
497 1
498 0
499 0
500 0
501 1
502 0
503 1
504 1
505 1
506 3
507 0
508 2
509 2
510 1
511 2
512 0
513 1
514 1
515 1
516 0
517 1
518 2
519 2
520 1
521 2
522 1
523 2
524 2
525 3
526 3
527 2
528 3
529 1
530 2
531 3
532 1
533 1
534 1
535 0
536 3
537 3
538 1
539 2
540 2
541 2
542 2
543 0
544 2
545 2
546 1
547 2
548 1
549 2
550 3
551 1
552 0
553 3
554 2
555 2
556 2
557 2
558 1
559 1
560 2
561 2
562 1
563 1
564 1
565 1
566 2
567 1
568 3
569 1
570 1
571 1
572 1
573 2
574 2
575 1
576 2
577 2
578 2
579 1
580 1
581 1
582 1
583 2
584 2
585 0
586 1
587 1
588 1
589 1
590 2
591 1
592 1
593 0
594 1
595 1
596 1
597 1
598 1
599 2
600 2
601 1
602 2
603 2
604 3
605 1
606 2
607 2
608 2
609 1
610 1
611 2
612 2
613 3
614 3
615 2
616 2
617 1
618 3
619 2
620 2
621 2
622 1
623 0
624 1
625 1
626 2
627 1
628 2
629 1
630 3
631 2
632 0
633 1
634 1
635 1
636 2
637 2
638 2
639 1
640 2
641 1
642 3
643 2
644 3
645 1
646 0
647 0
648 1
649 1
650 3
651 1
652 0
653 2
654 1
655 1
656 1
657 1
658 2
659 2
660 2
661 3
662 3
663 1
664 1
665 1
666 2
667 0
668 3
669 0
670 0
671 0
672 1
673 1
674 2
675 2
676 2
677 1
678 0
679 1
680 1
681 0
682 1
683 0
684 2
685 1
686 1
687 1
688 2
689 1
690 2
691 1
692 0
693 2
694 2
695 2
696 1
697 1
698 1
699 1
700 1
701 2
702 1
703 1
704 2
705 2
706 1
707 2
708 2
709 1
710 2
711 2
712 3
713 1
714 2
715 0
716 2
717 2
718 3
719 3
720 0
721 2
722 3
723 1
724 0
725 2
726 2
727 1
728 2
729 3
730 0
731 3
732 0
733 2
734 1
735 1
736 2
737 1
738 2
739 0
740 1
741 4
742 1
743 1
744 3
745 2
746 2
747 1
748 1
749 1
750 1
751 2
752 2
753 2
754 1
755 1
756 1
757 1
758 1
759 2
760 1
761 1
762 1
763 1
764 1
765 1
766 2
767 1
768 1
769 0
770 0
771 2
772 1
773 2
774 1
775 2
776 3
777 2
778 1
779 2
780 1
781 2
782 2
783 2
784 2
785 2
786 1
787 3
788 2
789 3
790 1
791 1
792 2
793 1
794 3
795 2
796 0
797 2
798 2
799 2
800 1
801 1
802 1
803 2
804 1
805 1
806 1
807 1
808 2
809 1
810 3
811 1
812 1
813 1
814 1
815 0
816 1
817 3
818 3
819 1
820 1
821 2
822 2
823 2
824 0
825 1
826 0
827 1
828 0
829 1
830 1
831 1
832 1
833 2
834 1
835 2
836 1
837 2
838 3
839 1
840 3
841 2
842 3
843 3
844 1
845 1
846 2
847 1
848 0
849 0
850 0
851 1
852 1
853 1
854 0
855 1
856 0
857 1
858 0
859 2
860 0
861 1
862 1
863 0
864 2
865 2
866 0
867 0
868 0
869 1
870 0
871 1
872 0
873 1
874 1
875 0
876 0
877 0
878 1
879 1
880 0
881 0
882 0
883 2
884 1
885 2
886 1
887 0
888 1
889 1
890 1
891 0
892 0
893 0
894 1
895 0
896 1
897 2
898 1
899 1
900 0
901 0
902 1
903 0
904 1
905 2
906 2
907 1
908 1
909 0
910 2
911 1
912 1
913 2
914 0
915 1
916 1
917 0
918 2
919 0
920 1
921 1
922 1
923 0
924 1
925 0
926 1
927 1
928 1
929 1
930 0
931 1
932 0
933 1
934 1
935 1
936 0
937 3
938 2
939 2
940 1
941 1
942 2
943 3
944 2
945 1
946 3
947 1
948 2
949 0
950 2
951 1
952 1
953 2
954 2
955 1
956 1
957 1
958 1
959 0
960 0
961 1
962 0
963 0
964 1
965 1
966 0
967 0
968 1
969 1
970 2
971 2
972 1
973 1
974 2
975 1
976 1
977 1
978 1
979 0
980 2
981 1
982 1
983 2
984 2
985 2
986 2
987 1
988 2
989 2
990 2
991 2
992 2
993 1
994 1
995 1
996 2
997 2
998 1
999 2
1000 2
1001 3
1002 1
1003 1
1004 2
1005 2
1006 2
1007 0
1008 1
1009 1
1010 1
1011 0
1012 0
1013 1
1014 1
1015 1
1016 2
1017 1
1018 0
1019 1
1020 2
1021 1
1022 1
1023 1
1024 0
1025 1
1026 1
1027 1
1028 1
1029 0
1030 1
1031 1
1032 1
1033 0
1034 0
1035 0
1036 1
1037 2
1038 0
1039 1
1040 1
1041 2
1042 2
1043 1
1044 1
1045 1
1046 1
1047 0
1048 1
1049 2
1050 1
1051 0
1052 1
1053 2
1054 1
1055 1
1056 0
1057 0
1058 0
1059 3
1060 2
1061 0
1062 0
1063 1
1064 0
1065 2
1066 1
1067 1
1068 1
1069 1
1070 1
1071 1
1072 0
1073 1
1074 1
1075 1
1076 1
1077 3
1078 2
1079 1
1080 2
1081 2
1082 0
1083 1
1084 0
1085 1
1086 1
1087 1
1088 1
1089 0
1090 2
1091 0
1092 1
1093 1
1094 1
1095 1
1096 0
1097 1
1098 1
1099 2
1100 1
1101 0
1102 0
1103 1
1104 0
1105 0
1106 1
1107 0
1108 1
1109 0
1110 1
1111 0
1112 1
1113 1
1114 1
1115 0
1116 2
1117 1
1118 1
1119 1
1120 1
1121 1
1122 0
1123 1
1124 1
1125 2
1126 1
1127 0
1128 1
1129 2
1130 1
1131 1
1132 1
1133 0
1134 2
1135 1
1136 2
1137 2
1138 2
1139 2
1140 2
1141 2
1142 1
1143 2
1144 1
1145 2
1146 3
1147 2
1148 1
1149 1
1150 1
1151 2
1152 3
1153 2
1154 1
1155 3
1156 2
1157 0
1158 0
1159 1
1160 0
1161 0
1162 0
1163 3
1164 1
1165 1
1166 0
1167 0
1168 1
1169 1
1170 1
1171 1
1172 2
1173 2
1174 1
1175 2
1176 2
1177 0
1178 1
1179 1
1180 0
1181 2
1182 1
1183 0
1184 1
1185 0
1186 1
1187 0
1188 0
1189 1
1190 2
1191 2
1192 2
1193 0
1194 1
1195 0
1196 1
1197 1
1198 1
1199 0
1200 1
1201 1
1202 0
1203 1
1204 0
1205 1
1206 2
1207 2
1208 2
1209 1
1210 1
1211 2
1212 1
1213 1
1214 0
1215 2
1216 1
1217 2
1218 2
1219 1
1220 3
1221 2
1222 2
1223 1
1224 2
1225 2
1226 2
1227 2
1228 1
1229 1
1230 1
1231 1
1232 1
1233 1
1234 1
1235 2
1236 0
1237 0
1238 1
1239 1
1240 2
1241 1
1242 0
1243 1
1244 1
1245 2
1246 0
1247 2
1248 1
1249 3
1250 2
1251 1
1252 3
1253 3
1254 0
1255 1
1256 3
1257 0
1258 1
1259 1
1260 1
1261 0
1262 2
1263 2
1264 2
1265 1
1266 2
1267 1
1268 2
1269 2
1270 1
1271 1
1272 1
1273 1
1274 1
1275 1
1276 1
1277 0
1278 0
1279 1
1280 0
1281 1
1282 2
1283 1
1284 1
1285 1
1286 1
1287 1
1288 1
1289 2
1290 3
1291 3
1292 2
1293 0
1294 1
1295 1
1296 1
1297 2
1298 1
1299 0
1300 2
1301 0
1302 2
1303 0
1304 2
1305 1
1306 1
1307 0
1308 2
1309 2
1310 1
1311 0
1312 1
1313 0
1314 1
1315 2
1316 1
1317 2
1318 1
1319 2
1320 1
1321 1
1322 0
1323 1
1324 0
1325 2
1326 1
1327 1
1328 2
1329 1
1330 1
1331 2
1332 0
1333 0
1334 2
1335 1
1336 1
1337 1
1338 1
1339 1
1340 2
1341 0
1342 1
1343 1
1344 1
1345 3
1346 1
1347 0
1348 2
1349 1
1350 3
1351 1
1352 3
1353 1
1354 1
1355 2
1356 1
1357 2
1358 1
1359 2
1360 1
1361 1
1362 1
1363 1
1364 2
1365 1
1366 1
1367 1
1368 1
1369 0
1370 2
1371 0
1372 3
1373 2
1374 0
1375 1
1376 1
1377 2
1378 1
1379 1
1380 3
1381 0
1382 3
1383 1
1384 0
1385 2
1386 0
1387 0
1388 1
1389 1
1390 1
1391 1
1392 0
1393 1
1394 1
1395 3
1396 2
1397 1
1398 0
1399 1
1400 3
1401 0
1402 1
1403 1
1404 1
1405 1
1406 1
1407 1
1408 1
1409 2
1410 2
1411 1
1412 0
1413 1
1414 0
1415 0
1416 1
1417 1
1418 3
1419 1
1420 1
1421 0
1422 3
1423 1
1424 0
1425 1
1426 1
1427 0
1428 1
1429 1
1430 2
1431 1
1432 1
1433 1
1434 2
1435 1
1436 1
1437 2
1438 3
1439 1
1440 0
1441 1
1442 1
1443 1
1444 2
1445 2
1446 2
1447 0
1448 0
1449 0
1450 0
1451 1
1452 1
1453 0
1454 1
1455 1
1456 1
1457 0
1458 1
1459 3
1460 1
1461 2
1462 1
1463 1
1464 0
1465 1
1466 1
1467 1
1468 1
1469 0
1470 1
1471 1
1472 1
1473 1
1474 1
1475 0
1476 1
1477 0
1478 1
1479 1
1480 1
1481 2
1482 0
1483 1
1484 1
1485 1
1486 1
1487 0
1488 0
1489 1
1490 0
1491 2
1492 1
1493 2
1494 3
1495 2
1496 2
1497 2
1498 2
1499 2
1500 1
1501 4
1502 3
1503 3
1504 1
1505 1
1506 0
1507 1
1508 2
1509 1
1510 2
1511 1
1512 0
1513 1
1514 2
1515 2
1516 2
1517 0
1518 0
1519 0
1520 0
1521 3
1522 1
1523 2
1524 2
1525 1
1526 1
1527 2
1528 3
1529 2
1530 1
1531 3
1532 2
1533 2
1534 0
1535 2
1536 1
1537 2
1538 3
1539 2
1540 1
1541 1
1542 1
1543 1
1544 2
1545 2
1546 4
1547 1
1548 2
1549 2
1550 2
1551 1
1552 1
1553 1
1554 2
1555 2
1556 2
1557 2
1558 1
1559 2
1560 3
1561 2
1562 0
1563 2
1564 3
1565 2
1566 2
1567 2
1568 2
1569 2
1570 3
1571 2
1572 2
1573 1
1574 1
1575 1
1576 1
1577 0
1578 3
1579 2
1580 0
1581 2
1582 1
1583 2
1584 1
1585 2
1586 1
1587 1
1588 3
1589 1
1590 1
1591 2
1592 1
1593 1
1594 2
1595 2
1596 2
1597 1
1598 0
1599 1
1600 1
1601 0
1602 0
1603 2
1604 2
1605 1
1606 1
1607 1
1608 1
1609 1
1610 2
1611 1
1612 0
1613 0
1614 1
1615 1
1616 1
1617 0
1618 2
1619 1
1620 2
1621 2
1622 1
1623 2
1624 2
1625 1
1626 2
1627 2
1628 0
1629 1
1630 2
1631 1
1632 0
1633 0
1634 1
1635 1
1636 1
1637 1
1638 0
1639 1
1640 1
1641 1
1642 0
1643 1
1644 0
1645 1
1646 1
1647 1
1648 2
1649 1
1650 0
1651 1
1652 1
1653 1
1654 1
1655 1
1656 0
1657 1
1658 1
1659 1
1660 1
1661 0
1662 2
1663 3
1664 1
1665 0
1666 1
1667 0
1668 3
1669 0
1670 0
1671 1
1672 0
1673 1
1674 1
1675 0
1676 2
1677 0
1678 2
1679 0
1680 1
1681 1
1682 1
1683 1
1684 1
1685 1
1686 2
1687 1
1688 1
1689 1
1690 0
1691 1
1692 1
1693 0
1694 0
1695 2
1696 0
1697 1
1698 0
1699 1
1700 1
1701 1
1702 1
1703 2
1704 0
1705 1
1706 1
1707 0
1708 1
1709 2
1710 0
1711 1
1712 1
1713 0
1714 1
1715 3
1716 1
1717 0
1718 0
1719 0
1720 1
1721 2
1722 0
1723 1
1724 0
1725 2
1726 0
1727 1
1728 1
1729 0
1730 2
1731 1
1732 1
1733 1
1734 0
1735 1
1736 1
1737 2
1738 1
1739 1
1740 1
1741 0
1742 1
1743 0
1744 1
1745 1
1746 1
1747 1
1748 1
1749 2
1750 1
1751 1
1752 1
1753 3
1754 0
1755 1
1756 1
1757 1
1758 1
1759 1
1760 1
1761 1
1762 2
1763 1
1764 1
1765 1
1766 1
1767 1
1768 1
1769 1
1770 0
1771 1
1772 1
1773 1
1774 1
1775 1
1776 1
1777 0
1778 1
1779 1
1780 2
1781 1
1782 0
1783 1
1784 0
1785 1
1786 1
1787 1
1788 0
1789 1
1790 3
1791 2
1792 0
1793 0
1794 1
1795 1
1796 1
1797 0
1798 1
1799 1
1800 1
1801 2
1802 1
1803 0
1804 1
1805 1
1806 1
1807 1
1808 1
1809 0
1810 0
1811 1
1812 0
1813 0
1814 2
1815 1
1816 3
1817 1
1818 1
1819 1
1820 1
1821 2
1822 1
1823 0
1824 1
1825 1
1826 2
1827 0
1828 1
1829 3
1830 0
1831 0
1832 2
1833 1
1834 1
1835 1
1836 1
1837 1
1838 2
1839 2
1840 1
1841 1
1842 1
1843 0
1844 1
1845 0
1846 1
1847 1
1848 2
1849 1
1850 1
1851 1
1852 1
1853 1
1854 0
1855 0
1856 1
1857 0
1858 1
1859 1
1860 2
1861 0
1862 3
1863 1
1864 2
1865 1
1866 1
1867 0
1868 0
1869 1
1870 2
1871 0
1872 1
1873 2
1874 1
1875 1
1876 1
1877 1
1878 1
1879 1
1880 1
1881 1
1882 1
1883 0
1884 1
1885 1
1886 0
1887 2
1888 1
1889 1
1890 1
1891 1
1892 1
1893 0
1894 1
1895 1
1896 0
1897 1
1898 2
1899 1
1900 1
1901 1
1902 1
1903 0
1904 1
1905 1
1906 2
1907 0
1908 0
1909 0
1910 0
1911 0
1912 1
1913 0
1914 1
1915 1
1916 0
1917 0
1918 1
1919 1
1920 0
1921 1
1922 1
1923 1
1924 1
1925 1
1926 0
1927 0
1928 0
1929 0
1930 0
1931 0
1932 1
1933 0
1934 0
1935 1
1936 1
1937 1
1938 1
1939 0
1940 0
1941 2
1942 0
1943 1
1944 0
1945 1
1946 3
1947 0
1948 1
1949 1
1950 1
1951 0
1952 1
1953 0
1954 2
1955 1
1956 2
1957 1
1958 0
1959 2
1960 1
1961 0
1962 1
1963 0
1964 0
1965 1
1966 1
1967 1
1968 2
1969 0
1970 0
1971 0
1972 0
1973 1
1974 2
1975 0
1976 0
1977 2
1978 1
1979 0
1980 0
1981 0
1982 0
1983 2
1984 0
1985 1
1986 2
1987 1
1988 1
1989 0
1990 0
1991 0
1992 0
1993 2
1994 1
1995 0
1996 1
1997 2
1998 2
1999 1
