0 0
1 0
2 0
3 0
4 0
5 0
6 0
7 0
8 0
9 0
10 0
11 0
12 0
13 0
14 0
15 0
16 0
17 0
18 0
19 0
20 0
21 0
22 0
23 0
24 0
25 0
26 0
27 0
28 0
29 0
30 0
31 0
32 0
33 0
34 0
35 0
36 0
37 0
38 0
39 0
40 0
41 0
42 0
43 0
44 0
45 0
46 0
47 0
48 0
49 0
50 0
51 0
52 0
53 0
54 0
55 0
56 0
57 0
58 0
59 0
60 0
61 0
62 0
63 0
64 0
65 0
66 0
67 0
68 0
69 0
70 0
71 0
72 0
73 0
74 0
75 0
76 0
77 0
78 0
79 0
80 0
81 0
82 0
83 0
84 0
85 0
86 0
87 0
88 0
89 0
90 1
91 0
92 0
93 0
94 0
95 0
96 0
97 0
98 0
99 0
100 1
101 0
102 0
103 0
104 0
105 0
106 0
107 0
108 0
109 0
110 0
111 0
112 0
113 0
114 0
115 0
116 0
117 0
118 0
119 0
120 0
121 0
122 0
123 0
124 0
125 0
126 0
127 0
128 1
129 0
130 0
131 0
132 0
133 0
134 0
135 0
136 0
137 0
138 0
139 0
140 0
141 0
142 0
143 0
144 0
145 0
146 0
147 0
148 0
149 0
150 0
151 0
152 0
153 0
154 0
155 0
156 0
157 0
158 0
159 0
160 0
161 0
162 0
163 0
164 0
165 0
166 0
167 0
168 0
169 0
170 0
171 0
172 0
173 0
174 0
175 0
176 0
177 0
178 0
179 0
180 0
181 0
182 0
183 0
184 0
185 0
186 0
187 0
188 0
189 0
190 0
191 0
192 0
193 0
194 0
195 0
196 0
197 0
198 0
199 0
200 0
201 0
202 0
203 0
204 0
205 0
206 0
207 0
208 0
209 0
210 0
211 0
212 0
213 0
214 0
215 0
216 0
217 0
218 0
219 0
220 0
221 0
222 0
223 0
224 0
225 0
226 0
227 0
228 0
229 0
230 0
231 0
232 0
233 0
234 0
235 0
236 0
237 0
238 0
239 0
240 0
241 0
242 0
243 0
244 0
245 0
246 0
247 0
248 0
249 0
250 0
251 0
252 0
253 0
254 0
255 0
256 0
257 0
258 0
259 0
260 0
261 0
262 0
263 0
264 0
265 0
266 0
267 0
268 0
269 0
270 0
271 2
272 1
273 0
274 0
275 0
276 0
277 0
278 0
279 0
280 0
281 0
282 0
283 0
284 0
285 0
286 0
287 0
288 0
289 0
290 0
291 0
292 0
293 0
294 0
295 0
296 0
297 0
298 0
299 0
300 0
301 0
302 0
303 0
304 0
305 0
306 0
307 0
308 0
309 0
310 0
311 0
312 0
313 0
314 0
315 0
316 0
317 0
318 0
319 0
320 0
321 0
322 0
323 0
324 0
325 0
326 0
327 0
328 0
329 0
330 0
331 0
332 0
333 0
334 0
335 0
336 1
337 0
338 1
339 0
340 1
341 1
342 1
343 3
344 1
345 2
346 2
347 2
348 1
349 1
350 1
351 1
352 1
353 1
354 1
355 1
356 2
357 1
358 1
359 2
360 1
361 1
362 2
363 3
364 1
365 1
366 1
367 2
368 3
369 2
370 3
371 2
372 3
373 3
374 1
375 2
376 2
377 2
378 1
379 1
380 2
381 2
382 2
383 3
384 2
385 1
386 2
387 2
388 1
389 1
390 1
391 1
392 1
393 1
394 2
395 1
396 1
397 2
398 1
399 2
400 4
401 1
402 2
403 3
404 3
405 3
406 3
407 3
408 1
409 3
410 2
411 2
412 3
413 1
414 3
415 1
416 2
417 0
418 2
419 2
420 2
421 1
422 1
423 2
424 1
425 4
426 2
427 2
428 1
429 1
430 1
431 0
432 1
433 2
434 1
435 1
436 1
437 1
438 2
439 1
440 2
441 1
442 5
443 2
444 2
445 3
446 3
447 1
448 2
449 3
450 2
451 2
452 2
453 4
454 2
455 2
456 3
457 1
458 1
459 1
460 2
461 1
462 1
463 2
464 3
465 3
466 1
467 3
468 1
469 1
470 1
471 0
472 3
473 2
474 4
475 3
476 3
477 2
478 1
479 2
480 1
481 3
482 3
483 1
484 1
485 0
486 0
487 2
488 1
489 1
490 1
491 1
492 2
493 1
494 1
495 2
496 2
497 1
498 1
499 1
500 1
501 2
502 0
503 1
504 1
505 1
506 1
507 1
508 0
509 0
510 0
511 1
512 1
513 1
514 1
515 1
516 1
517 1
518 1
519 1
520 0
521 0
522 0
523 2
524 0
525 0
526 0
527 0
528 0
529 0
530 2
531 2
532 1
533 1
534 2
535 2
536 1
537 2
538 2
539 2
540 1
541 1
542 1
543 1
544 2
545 2
546 2
547 1
548 2
549 2
550 2
551 1
552 2
553 1
554 1
555 1
556 2
557 2
558 1
559 2
560 1
561 2
562 1
563 1
564 1
565 1
566 1
567 1
568 2
569 2
570 1
571 2
572 1
573 0
574 1
575 1
576 1
577 1
578 1
579 2
580 2
581 2
582 1
583 1
584 1
585 1
586 2
587 2
588 2
589 2
590 2
591 0
592 1
593 1
594 2
595 1
596 1
597 1
598 1
599 2
600 2
601 0
602 2
603 2
604 2
605 2
606 1
607 2
608 2
609 1
610 2
611 2
612 2
613 2
614 1
615 1
616 2
617 1
618 2
619 1
620 2
621 1
622 1
623 1
624 2
625 2
626 2
627 2
628 1
629 2
630 2
631 2
632 2
633 2
634 1
635 1
636 2
637 2
638 1
639 2
640 0
641 1
642 1
643 1
644 2
645 2
646 1
647 2
648 1
649 0
650 1
651 1
652 1
653 1
654 1
655 1
656 2
657 1
658 2
659 1
660 2
661 1
662 1
663 1
664 2
665 1
666 1
667 2
668 1
669 0
670 1
671 1
672 1
673 0
674 1
675 2
676 1
677 0
678 0
679 2
680 1
681 1
682 1
683 1
684 1
685 1
686 1
687 2
688 1
689 2
690 2
691 1
692 1
693 1
694 2
695 1
696 1
697 1
698 1
699 1
700 2
701 1
702 1
703 1
704 2
705 2
706 2
707 0
708 2
709 2
710 2
711 2
712 2
713 1
714 1
715 2
716 1
717 2
718 1
719 1
720 1
721 0
722 1
723 2
724 1
725 2
726 2
727 1
728 1
729 2
730 1
731 1
732 1
733 1
734 2
735 2
736 2
737 1
738 2
739 1
740 2
741 2
742 2
743 1
744 2
745 1
746 2
747 0
748 1
749 2
750 2
751 1
752 1
753 2
754 1
755 2
756 1
757 2
758 2
759 1
760 2
761 2
762 2
763 2
764 1
765 2
766 1
767 2
768 2
769 2
770 2
771 2
772 1
773 1
774 1
775 1
776 2
777 2
778 2
779 0
780 2
781 1
782 2
783 2
784 2
785 1
786 2
787 2
788 1
789 2
790 2
791 2
792 1
793 1
794 1
795 1
796 1
797 1
798 2
799 1
800 1
801 1
802 2
803 1
804 1
805 2
806 2
807 2
808 2
809 0
810 2
811 2
812 1
813 1
814 2
815 1
816 1
817 1
818 2
819 2
820 1
821 1
822 2
823 1
824 1
825 2
826 2
827 2
828 2
829 2
830 1
831 2
832 1
833 1
834 2
835 2
836 2
837 2
838 2
839 2
840 1
841 2
842 1
843 2
844 1
845 2
846 1
847 1
848 2
849 2
850 1
851 2
852 2
853 2
854 2
855 1
856 1
857 1
858 1
859 1
860 2
861 2
862 2
863 2
864 1
865 2
866 2
867 2
868 1
869 1
870 1
871 2
872 1
873 1
874 2
875 2
876 2
877 2
878 1
879 3
880 2
881 2
882 2
883 3
884 2
885 1
886 2
887 2
888 1
889 1
890 1
891 2
892 2
893 1
894 2
895 2
896 2
897 1
898 2
899 1
900 1
901 1
902 2
903 1
904 0
905 2
906 1
907 1
908 2
909 1
910 2
911 2
912 2
913 1
914 2
915 2
916 2
917 2
918 0
919 1
920 2
921 1
922 2
923 2
924 2
925 2
926 1
927 1
928 2
929 2
930 2
931 2
932 3
933 2
934 2
935 2
936 2
937 1
938 2
939 3
940 2
941 2
942 2
943 2
944 2
945 2
946 2
947 2
948 3
949 2
950 2
951 0
952 2
953 2
954 1
955 3
956 1
957 1
958 2
959 1
960 3
961 3
962 1
963 0
964 2
965 2
966 1
967 2
968 2
969 1
970 2
971 3
972 3
973 2
974 1
975 1
976 2
977 3
978 4
979 2
980 3
981 3
982 3
983 2
984 4
985 4
986 3
987 2
988 2
989 3
990 3
991 2
992 3
993 3
994 4
995 3
996 1
997 3
998 0
999 3
1000 2
1001 3
1002 3
1003 2
1004 3
1005 2
1006 4
1007 2
1008 2
1009 3
1010 2
1011 4
1012 3
1013 2
1014 3
1015 2
1016 3
1017 2
1018 2
1019 3
1020 4
1021 3
1022 1
1023 2
1024 3
1025 1
1026 0
1027 4
1028 3
1029 4
1030 2
1031 3
1032 3
1033 4
1034 3
1035 1
1036 4
1037 3
1038 2
1039 3
1040 3
1041 3
1042 2
1043 3
1044 4
1045 4
1046 3
1047 3
1048 5
1049 3
1050 3
1051 2
1052 4
1053 4
1054 3
1055 3
1056 3
1057 6
1058 3
1059 4
1060 3
1061 2
1062 3
1063 3
1064 2
1065 3
1066 2
1067 2
1068 3
1069 4
1070 5
1071 1
1072 3
1073 1
1074 4
1075 3
1076 3
1077 3
1078 3
1079 2
1080 4
1081 2
1082 4
1083 3
1084 3
1085 3
1086 2
1087 3
1088 3
1089 2
1090 3
1091 3
1092 4
1093 3
1094 2
1095 4
1096 3
1097 3
1098 3
1099 2
1100 3
1101 3
1102 2
1103 3
1104 2
1105 2
1106 3
1107 3
1108 2
1109 1
1110 3
1111 3
1112 3
1113 3
1114 2
1115 3
1116 2
1117 3
1118 3
1119 4
1120 4
1121 2
1122 2
1123 4
1124 3
1125 3
1126 2
1127 3
1128 1
1129 3
1130 3
1131 1
1132 2
1133 3
1134 3
1135 3
1136 2
1137 3
1138 3
1139 3
1140 3
1141 4
1142 4
1143 4
1144 3
1145 4
1146 2
1147 4
1148 2
1149 1
1150 2
1151 3
1152 4
1153 4
1154 2
1155 3
1156 3
1157 2
1158 4
1159 3
1160 3
1161 2
1162 2
1163 1
1164 3
1165 3
1166 3
1167 3
1168 3
1169 3
1170 3
1171 3
1172 3
1173 3
1174 2
1175 2
1176 3
1177 3
1178 2
1179 5
1180 2
1181 1
1182 3
1183 4
1184 3
1185 3
1186 3
1187 4
1188 3
1189 2
1190 2
1191 3
1192 2
1193 3
1194 4
1195 4
1196 3
1197 2
1198 3
1199 2
1200 1
1201 4
1202 4
1203 2
1204 3
1205 2
1206 2
1207 2
1208 3
1209 4
1210 3
1211 3
1212 4
1213 3
1214 3
1215 3
1216 3
1217 4
1218 4
1219 4
1220 2
1221 1
1222 2
1223 1
1224 5
1225 3
1226 6
1227 1
1228 2
1229 2
1230 6
1231 3
1232 2
1233 2
1234 3
1235 1
1236 5
1237 2
1238 4
1239 4
1240 5
1241 3
1242 1
1243 2
1244 4
1245 2
1246 4
1247 2
1248 2
1249 3
1250 3
1251 1
1252 3
1253 4
1254 3
1255 4
1256 2
1257 3
1258 4
1259 2
1260 3
1261 3
1262 2
1263 3
1264 2
1265 2
1266 3
1267 4
1268 2
1269 3
1270 3
1271 4
1272 4
1273 2
1274 3
1275 4
1276 2
1277 2
1278 4
1279 3
1280 3
1281 3
1282 2
1283 3
1284 2
1285 3
1286 3
1287 3
1288 3
1289 4
1290 5
1291 2
1292 4
1293 1
1294 3
1295 1
1296 2
1297 2
1298 2
1299 2
1300 4
1301 3
1302 3
1303 3
1304 2
1305 3
1306 2
1307 3
1308 3
1309 4
1310 2
1311 2
1312 2
1313 3
1314 2
1315 3
1316 3
1317 2
1318 2
1319 2
1320 4
1321 4
1322 3
1323 3
1324 3
1325 2
1326 4
1327 3
1328 3
1329 3
1330 4
1331 3
1332 2
1333 4
1334 3
1335 3
1336 4
1337 3
1338 3
1339 4
1340 3
1341 3
1342 2
1343 3
1344 4
1345 2
1346 4
1347 3
1348 3
1349 3
1350 3
1351 3
1352 3
1353 3
1354 4
1355 2
1356 3
1357 3
1358 3
1359 3
1360 3
1361 4
1362 5
1363 2
1364 2
1365 3
1366 3
1367 2
1368 3
1369 3
1370 3
1371 2
1372 3
1373 3
1374 1
1375 3
1376 3
1377 3
1378 3
1379 3
1380 4
1381 2
1382 2
1383 4
1384 3
1385 4
1386 3
1387 4
1388 3
1389 3
1390 3
1391 3
1392 4
1393 3
1394 4
1395 4
1396 3
1397 2
1398 4
1399 3
1400 4
1401 3
1402 1
1403 2
1404 4
1405 2
1406 4
1407 4
1408 3
1409 3
1410 3
1411 3
1412 2
1413 4
1414 4
1415 3
1416 4
1417 4
1418 4
1419 3
1420 3
1421 2
1422 4
1423 3
1424 3
1425 4
1426 4
1427 4
1428 4
1429 4
1430 4
1431 4
1432 5
1433 5
1434 4
1435 3
1436 1
1437 3
1438 3
1439 3
1440 4
1441 3
1442 4
1443 2
1444 3
1445 4
1446 4
1447 4
1448 4
1449 3
1450 2
1451 3
1452 2
1453 2
1454 3
1455 2
1456 4
1457 3
1458 4
1459 4
1460 2
1461 2
1462 3
1463 4
1464 3
1465 3
1466 4
1467 3
1468 3
1469 4
1470 3
1471 2
1472 2
1473 3
1474 3
1475 3
1476 4
1477 4
1478 2
1479 4
1480 3
1481 2
1482 2
1483 2
1484 3
1485 4
1486 3
1487 5
1488 4
1489 2
1490 4
1491 3
1492 3
1493 3
1494 2
1495 3
1496 3
1497 3
1498 4
1499 5
1500 3
1501 3
1502 2
1503 3
1504 4
1505 2
1506 2
1507 4
1508 4
1509 1
1510 1
1511 4
1512 3
1513 2
1514 3
1515 4
1516 1
1517 4
1518 4
1519 5
1520 3
1521 3
1522 4
1523 4
1524 3
1525 3
1526 3
1527 4
1528 4
1529 4
1530 3
1531 2
1532 3
1533 5
1534 4
1535 3
1536 4
1537 2
1538 4
1539 2
1540 3
1541 4
1542 3
1543 2
1544 3
1545 3
1546 3
1547 3
1548 3
1549 4
1550 3
1551 3
1552 1
1553 3
1554 3
1555 4
1556 5
1557 3
1558 4
1559 3
1560 3
1561 4
1562 2
1563 4
1564 3
1565 4
1566 3
1567 3
1568 4
1569 3
1570 5
1571 3
1572 3
1573 2
1574 3
1575 3
1576 1
1577 2
1578 3
1579 4
1580 3
1581 3
1582 4
1583 3
1584 2
1585 2
1586 3
1587 2
1588 3
1589 4
1590 5
1591 4
1592 2
1593 4
1594 4
1595 3
1596 3
1597 2
1598 3
1599 4
1600 3
1601 3
1602 4
1603 4
1604 5
1605 4
1606 2
1607 5
1608 3
1609 3
1610 4
1611 3
1612 3
1613 1
1614 3
1615 4
1616 3
1617 4
1618 2
1619 2
1620 3
1621 3
1622 1
1623 4
1624 3
1625 2
1626 2
1627 4
1628 3
1629 3
1630 4
1631 3
1632 3
1633 2
1634 3
1635 3
1636 2
1637 5
1638 3
1639 1
1640 4
1641 1
1642 3
1643 3
1644 3
1645 3
1646 3
1647 4
1648 3
1649 3
1650 3
1651 3
1652 3
1653 3
1654 5
1655 1
1656 3
1657 3
1658 4
1659 2
1660 4
1661 3
1662 2
1663 4
1664 3
1665 4
1666 2
1667 3
1668 2
1669 3
1670 2
1671 3
1672 3
1673 3
1674 1
1675 3
1676 3
1677 1
1678 3
1679 3
1680 3
1681 4
1682 4
1683 4
1684 3
1685 3
1686 2
1687 3
1688 2
1689 2
1690 3
1691 2
1692 2
1693 4
1694 4
1695 3
1696 4
1697 2
1698 3
1699 2
1700 4
1701 2
1702 3
1703 4
1704 4
1705 4
1706 3
1707 3
1708 2
1709 1
1710 3
1711 2
1712 3
1713 4
1714 2
1715 3
1716 2
1717 1
1718 3
1719 4
1720 2
1721 7
1722 3
1723 3
1724 4
1725 5
1726 5
1727 3
1728 2
1729 4
1730 4
1731 4
1732 4
1733 3
1734 3
1735 3
1736 5
1737 4
1738 4
1739 2
1740 3
1741 3
1742 3
1743 4
1744 3
1745 3
1746 6
1747 3
1748 4
1749 3
1750 2
1751 5
1752 2
1753 2
1754 4
1755 3
1756 2
1757 3
1758 4
1759 4
1760 4
1761 3
1762 3
1763 3
1764 3
1765 2
1766 4
1767 4
1768 4
1769 1
1770 5
1771 3
1772 3
1773 3
1774 3
1775 3
1776 3
1777 5
1778 5
1779 3
1780 2
1781 2
1782 2
1783 3
1784 3
1785 3
1786 4
1787 3
1788 4
1789 3
1790 2
1791 4
1792 3
1793 4
1794 4
1795 2
1796 1
1797 2
1798 3
1799 3
1800 4
1801 5
1802 4
1803 3
1804 4
1805 4
1806 3
1807 5
1808 4
1809 2
1810 3
1811 4
1812 2
1813 2
1814 3
1815 2
1816 4
1817 3
1818 1
1819 3
1820 2
1821 4
1822 3
1823 1
1824 2
1825 3
1826 2
1827 3
1828 3
1829 3
1830 2
1831 3
1832 3
1833 3
1834 3
1835 2
1836 3
1837 4
1838 4
1839 3
1840 3
1841 3
1842 3
1843 4
1844 4
1845 3
1846 1
1847 1
1848 4
1849 3
1850 3
1851 4
1852 3
1853 3
1854 2
1855 3
1856 3
1857 3
1858 4
1859 3
1860 2
1861 3
1862 4
1863 3
1864 3
1865 3
1866 2
1867 3
1868 2
1869 4
1870 3
1871 3
1872 3
1873 3
1874 3
1875 3
1876 3
1877 3
1878 6
1879 2
1880 5
1881 5
1882 3
1883 4
1884 4
1885 3
1886 3
1887 2
1888 2
1889 3
1890 3
1891 3
1892 3
1893 3
1894 5
1895 4
1896 4
1897 4
1898 5
1899 2
1900 3
1901 3
1902 3
1903 3
1904 4
1905 5
1906 4
1907 4
1908 2
1909 3
1910 3
1911 1
1912 3
1913 4
1914 4
1915 3
1916 3
1917 2
1918 4
1919 3
1920 2
1921 6
1922 3
1923 3
1924 4
1925 4
1926 3
1927 4
1928 4
1929 2
1930 4
1931 3
1932 2
1933 3
1934 3
1935 4
1936 3
1937 3
1938 3
1939 1
1940 3
1941 3
1942 3
1943 1
1944 4
1945 3
1946 1
1947 3
1948 3
1949 2
1950 2
1951 4
1952 3
1953 2
1954 3
1955 1
1956 4
1957 4
1958 1
1959 1
1960 3
1961 5
1962 2
1963 2
1964 2
1965 4
1966 4
1967 3
1968 4
1969 2
1970 4
1971 4
1972 4
1973 3
1974 4
1975 2
1976 3
1977 3
1978 3
1979 2
1980 2
1981 4
1982 4
1983 2
1984 3
1985 2
1986 4
1987 3
1988 3
1989 5
1990 5
1991 3
1992 2
1993 4
1994 3
1995 4
1996 2
1997 5
1998 1
1999 5
