0 0
1 0
2 0
3 0
4 0
5 0
6 0
7 0
8 0
9 0
10 0
11 0
12 0
13 1
14 0
15 0
16 0
17 0
18 1
19 2
20 0
21 0
22 0
23 0
24 0
25 0
26 0
27 0
28 0
29 0
30 1
31 0
32 0
33 0
34 0
35 0
36 0
37 0
38 0
39 0
40 0
41 0
42 0
43 0
44 0
45 0
46 1
47 1
48 1
49 2
50 0
51 0
52 0
53 0
54 0
55 0
56 0
57 0
58 0
59 0
60 0
61 0
62 0
63 0
64 0
65 0
66 0
67 0
68 0
69 0
70 0
71 0
72 0
73 0
74 0
75 0
76 0
77 0
78 0
79 0
80 0
81 0
82 0
83 0
84 0
85 0
86 0
87 0
88 0
89 0
90 0
91 0
92 0
93 0
94 0
95 0
96 0
97 0
98 0
99 0
100 0
101 0
102 0
103 0
104 0
105 0
106 0
107 0
108 0
109 0
110 0
111 0
112 0
113 0
114 0
115 0
116 0
117 0
118 0
119 0
120 0
121 0
122 0
123 0
124 0
125 0
126 0
127 0
128 0
129 0
130 0
131 0
132 0
133 0
134 0
135 0
136 0
137 0
138 0
139 0
140 0
141 0
142 0
143 0
144 0
145 0
146 0
147 0
148 0
149 0
150 0
151 0
152 0
153 0
154 0
155 0
156 0
157 0
158 0
159 0
160 0
161 0
162 0
163 0
164 0
165 0
166 0
167 0
168 0
169 0
170 0
171 0
172 0
173 0
174 0
175 0
176 0
177 0
178 0
179 0
180 0
181 0
182 0
183 0
184 0
185 0
186 1
187 0
188 0
189 0
190 0
191 0
192 0
193 0
194 0
195 0
196 0
197 0
198 0
199 0
200 0
201 0
202 0
203 0
204 0
205 0
206 0
207 0
208 0
209 0
210 0
211 0
212 0
213 0
214 0
215 0
216 0
217 0
218 0
219 0
220 0
221 0
222 1
223 0
224 0
225 1
226 1
227 0
228 1
229 0
230 0
231 0
232 1
233 2
234 1
235 0
236 1
237 0
238 1
239 2
240 0
241 0
242 0
243 1
244 1
245 1
246 0
247 2
248 1
249 1
250 1
251 1
252 2
253 1
254 1
255 1
256 1
257 1
258 1
259 0
260 0
261 0
262 2
263 2
264 1
265 1
266 2
267 0
268 0
269 1
270 1
271 1
272 0
273 0
274 1
275 0
276 0
277 1
278 1
279 1
280 1
281 0
282 0
283 0
284 0
285 1
286 2
287 1
288 1
289 0
290 2
291 1
292 1
293 2
294 1
295 2
296 0
297 2
298 1
299 1
300 2
301 2
302 1
303 2
304 3
305 1
306 3
307 3
308 2
309 2
310 1
311 1
312 2
313 1
314 1
315 2
316 1
317 1
318 2
319 0
320 0
321 2
322 0
323 3
324 0
325 0
326 0
327 3
328 1
329 3
330 0
331 0
332 0
333 0
334 0
335 1
336 1
337 1
338 1
339 0
340 1
341 1
342 1
343 1
344 1
345 1
346 2
347 1
348 1
349 1
350 1
351 0
352 1
353 0
354 0
355 1
356 1
357 0
358 1
359 1
360 2
361 1
362 1
363 1
364 1
365 1
366 1
367 2
368 2
369 2
370 1
371 1
372 3
373 1
374 0
375 1
376 1
377 1
378 2
379 0
380 0
381 0
382 0
383 0
384 0
385 0
386 0
387 1
388 0
389 1
390 1
391 1
392 1
393 2
394 1
395 0
396 1
397 1
398 1
399 1
400 0
401 1
402 1
403 1
404 1
405 2
406 0
407 1
408 1
409 1
410 1
411 2
412 0
413 0
414 2
415 2
416 1
417 0
418 1
419 1
420 1
421 1
422 2
423 2
424 1
425 1
426 1
427 2
428 1
429 2
430 0
431 2
432 1
433 0
434 0
435 0
436 1
437 2
438 0
439 0
440 0
441 0
442 0
443 0
444 0
445 0
446 0
447 0
448 0
449 0
450 0
451 0
452 0
453 0
454 0
455 0
456 0
457 2
458 0
459 2
460 3
461 2
462 3
463 2
464 3
465 2
466 1
467 1
468 1
469 1
470 3
471 0
472 1
473 0
474 2
475 2
476 2
477 1
478 2
479 2
480 0
481 1
482 0
483 1
484 2
485 2
486 1
487 2
488 2
489 3
490 2
491 2
492 0
493 2
494 1
495 2
496 2
497 1
498 0
499 2
500 0
501 0
502 0
503 0
504 0
505 0
506 1
507 0
508 1
509 1
510 1
511 0
512 2
513 1
514 0
515 0
516 0
517 0
518 1
519 3
520 3
521 0
522 0
523 0
524 1
525 3
526 1
527 2
528 2
529 1
530 2
531 1
532 0
533 2
534 1
535 2
536 2
537 0
538 1
539 2
540 3
541 0
542 2
543 1
544 0
545 2
546 0
547 0
548 1
549 0
550 2
551 1
552 2
553 2
554 1
555 0
556 2
557 2
558 2
559 1
560 1
561 3
562 2
563 1
564 0
565 1
566 2
567 0
568 1
569 2
570 0
571 1
572 0
573 1
574 1
575 1
576 2
577 0
578 1
579 1
580 2
581 3
582 0
583 1
584 1
585 0
586 1
587 2
588 1
589 0
590 2
591 1
592 0
593 1
594 1
595 1
596 1
597 2
598 2
599 2
600 0
601 1
602 1
603 2
604 1
605 1
606 0
607 0
608 1
609 0
610 2
611 2
612 1
613 3
614 2
615 2
616 1
617 1
618 1
619 0
620 1
621 2
622 2
623 1
624 1
625 2
626 0
627 0
628 1
629 0
630 0
631 0
632 0
633 0
634 1
635 1
636 0
637 0
638 0
639 1
640 1
641 0
642 0
643 1
644 0
645 1
646 0
647 0
648 0
649 1
650 2
651 0
652 0
653 1
654 0
655 0
656 1
657 0
658 0
659 0
660 0
661 1
662 1
663 1
664 0
665 0
666 1
667 0
668 0
669 0
670 0
671 1
672 0
673 1
674 0
675 0
676 0
677 0
678 0
679 0
680 0
681 0
682 0
683 0
684 0
685 0
686 0
687 0
688 0
689 0
690 0
691 0
692 0
693 0
694 0
695 2
696 0
697 1
698 0
699 1
700 1
701 0
702 0
703 1
704 1
705 2
706 2
707 0
708 0
709 0
710 2
711 0
712 0
713 2
714 2
715 2
716 2
717 0
718 1
719 1
720 1
721 2
722 1
723 2
724 2
725 0
726 0
727 2
728 2
729 2
730 2
731 1
732 1
733 2
734 0
735 1
736 1
737 2
738 2
739 2
740 2
741 2
742 2
743 1
744 1
745 1
746 2
747 1
748 1
749 2
750 1
751 3
752 1
753 2
754 2
755 1
756 1
757 0
758 0
759 1
760 0
761 1
762 0
763 0
764 1
765 1
766 1
767 0
768 0
769 0
770 0
771 0
772 2
773 3
774 2
775 2
776 2
777 0
778 1
779 0
780 2
781 1
782 1
783 2
784 1
785 2
786 2
787 1
788 2
789 1
790 1
791 2
792 2
793 2
794 1
795 1
796 1
797 1
798 2
799 2
800 1
801 0
802 1
803 1
804 3
805 0
806 2
807 1
808 0
809 0
810 1
811 0
812 0
813 0
814 0
815 0
816 0
817 3
818 1
819 0
820 1
821 0
822 0
823 0
824 0
825 0
826 0
827 0
828 0
829 0
830 0
831 0
832 0
833 0
834 0
835 0
836 0
837 0
838 2
839 2
840 0
841 3
842 0
843 2
844 1
845 0
846 1
847 1
848 0
849 0
850 0
851 0
852 0
853 0
854 0
855 0
856 0
857 1
858 2
859 1
860 0
861 1
862 0
863 0
864 0
865 1
866 1
867 0
868 1
869 0
870 2
871 0
872 0
873 0
874 0
875 1
876 0
877 2
878 0
879 0
880 0
881 1
882 0
883 0
884 0
885 0
886 1
887 1
888 2
889 0
890 1
891 1
892 0
893 0
894 1
895 0
896 0
897 4
898 2
899 0
900 0
901 1
902 2
903 2
904 0
905 1
906 0
907 0
908 1
909 0
910 0
911 0
912 0
913 0
914 1
915 0
916 0
917 0
918 2
919 1
920 0
921 1
922 2
923 0
924 1
925 1
926 0
927 0
928 1
929 1
930 1
931 0
932 0
933 0
934 1
935 0
936 0
937 1
938 1
939 1
940 0
941 2
942 0
943 0
944 0
945 0
946 0
947 0
948 0
949 0
950 0
951 0
952 0
953 1
954 1
955 0
956 0
957 0
958 0
959 0
960 0
961 0
962 0
963 0
964 0
965 0
966 0
967 0
968 0
969 1
970 0
971 1
972 1
973 1
974 0
975 0
976 0
977 0
978 0
979 0
980 0
981 1
982 2
983 1
984 0
985 2
986 2
987 0
988 0
989 0
990 1
991 1
992 1
993 1
994 1
995 0
996 1
997 2
998 1
999 1
1000 1
1001 1
1002 2
1003 2
1004 1
1005 0
1006 0
1007 0
1008 0
1009 0
1010 0
1011 0
1012 0
1013 0
1014 0
1015 0
1016 0
1017 0
1018 0
1019 0
1020 0
1021 0
1022 0
1023 0
1024 0
1025 0
1026 0
1027 0
1028 1
1029 0
1030 1
1031 1
1032 2
1033 1
1034 1
1035 0
1036 1
1037 1
1038 1
1039 0
1040 0
1041 1
1042 1
1043 0
1044 2
1045 0
1046 0
1047 0
1048 0
1049 0
1050 0
1051 0
1052 0
1053 0
1054 0
1055 0
1056 0
1057 0
1058 1
1059 1
1060 2
1061 2
1062 2
1063 0
1064 0
1065 0
1066 0
1067 2
1068 3
1069 2
1070 2
1071 0
1072 0
1073 1
1074 1
1075 2
1076 0
1077 0
1078 0
1079 0
1080 0
1081 0
1082 0
1083 0
1084 0
1085 0
1086 0
1087 2
1088 1
1089 0
1090 1
1091 0
1092 0
1093 1
1094 0
1095 2
1096 0
1097 0
1098 1
1099 1
1100 2
1101 0
1102 0
1103 0
1104 0
1105 1
1106 1
1107 0
1108 1
1109 0
1110 1
1111 1
1112 1
1113 1
1114 1
1115 0
1116 1
1117 1
1118 1
1119 1
1120 1
1121 1
1122 2
1123 1
1124 0
1125 2
1126 2
1127 1
1128 0
1129 2
1130 1
1131 0
1132 1
1133 0
1134 2
1135 2
1136 1
1137 0
1138 2
1139 2
1140 1
1141 1
1142 1
1143 1
1144 1
1145 1
1146 0
1147 0
1148 0
1149 1
1150 2
1151 0
1152 1
1153 1
1154 1
1155 1
1156 0
1157 2
1158 0
1159 0
1160 2
1161 1
1162 1
1163 0
1164 0
1165 0
1166 0
1167 0
1168 0
1169 0
1170 0
1171 0
1172 0
1173 0
1174 1
1175 1
1176 0
1177 0
1178 2
1179 2
1180 1
1181 1
1182 1
1183 1
1184 0
1185 1
1186 0
1187 0
1188 0
1189 0
1190 1
1191 1
1192 0
1193 1
1194 1
1195 0
1196 0
1197 0
1198 0
1199 0
1200 0
1201 0
1202 0
1203 0
1204 0
1205 1
1206 0
1207 1
1208 0
1209 1
1210 1
1211 1
1212 1
1213 0
1214 0
1215 0
1216 0
1217 0
1218 0
1219 2
1220 2
1221 0
1222 2
1223 0
1224 2
1225 0
1226 2
1227 1
1228 2
1229 1
1230 0
1231 0
1232 0
1233 0
1234 1
1235 2
1236 0
1237 0
1238 0
1239 0
1240 0
1241 1
1242 1
1243 1
1244 1
1245 0
1246 0
1247 0
1248 0
1249 0
1250 0
1251 0
1252 2
1253 0
1254 0
1255 0
1256 0
1257 0
1258 0
1259 0
1260 0
1261 0
1262 0
1263 0
1264 0
1265 0
1266 0
1267 0
1268 0
1269 0
1270 0
1271 1
1272 1
1273 0
1274 0
1275 0
1276 0
1277 0
1278 0
1279 0
1280 0
1281 1
1282 2
1283 3
1284 0
1285 1
1286 3
1287 1
1288 2
1289 0
1290 1
1291 0
1292 1
1293 2
1294 0
1295 0
1296 0
1297 0
1298 1
1299 1
1300 1
1301 2
1302 0
1303 1
1304 2
1305 1
1306 2
1307 1
1308 1
1309 3
1310 0
1311 1
1312 1
1313 2
1314 1
1315 1
1316 1
1317 1
1318 1
1319 2
1320 1
1321 0
1322 0
1323 0
1324 2
1325 0
1326 0
1327 1
1328 0
1329 0
1330 1
1331 0
1332 0
1333 0
1334 1
1335 0
1336 0
1337 1
1338 2
1339 0
1340 4
1341 0
1342 1
1343 1
1344 0
1345 0
1346 0
1347 0
1348 0
1349 0
1350 0
1351 0
1352 1
1353 1
1354 0
1355 1
1356 0
1357 0
1358 0
1359 0
1360 0
1361 0
1362 0
1363 0
1364 0
1365 0
1366 0
1367 0
1368 1
1369 0
1370 0
1371 0
1372 0
1373 2
1374 1
1375 0
1376 0
1377 3
1378 0
1379 3
1380 1
1381 2
1382 1
1383 1
1384 1
1385 2
1386 0
1387 1
1388 0
1389 0
1390 0
1391 0
1392 1
1393 1
1394 0
1395 1
1396 1
1397 0
1398 0
1399 0
1400 0
1401 2
1402 1
1403 0
1404 1
1405 1
1406 1
1407 0
1408 0
1409 0
1410 1
1411 0
1412 0
1413 2
1414 0
1415 1
1416 1
1417 1
1418 0
1419 0
1420 1
1421 1
1422 1
1423 3
1424 1
1425 1
1426 0
1427 0
1428 0
1429 4
1430 0
1431 0
1432 0
1433 0
1434 1
1435 1
1436 3
1437 1
1438 1
1439 0
1440 1
1441 1
1442 1
1443 1
1444 0
1445 0
1446 0
1447 0
1448 0
1449 0
1450 2
1451 0
1452 0
1453 1
1454 1
1455 0
1456 1
1457 2
1458 1
1459 1
1460 1
1461 1
1462 0
1463 2
1464 1
1465 1
1466 1
1467 0
1468 3
1469 2
1470 2
1471 0
1472 0
1473 1
1474 1
1475 1
1476 0
1477 1
1478 0
1479 0
1480 1
1481 2
1482 1
1483 1
1484 2
1485 3
1486 2
1487 1
1488 0
1489 2
1490 1
1491 1
1492 3
1493 0
1494 2
1495 0
1496 0
1497 0
1498 0
1499 1
1500 3
1501 0
1502 0
1503 0
1504 0
1505 2
1506 1
1507 1
1508 1
1509 0
1510 1
1511 1
1512 0
1513 1
1514 2
1515 1
1516 1
1517 1
1518 2
1519 3
1520 1
1521 1
1522 2
1523 1
1524 0
1525 1
1526 1
1527 2
1528 1
1529 1
1530 2
1531 2
1532 2
1533 0
1534 0
1535 0
1536 0
1537 1
1538 0
1539 0
1540 0
1541 1
1542 2
1543 1
1544 0
1545 1
1546 2
1547 1
1548 1
1549 1
1550 1
1551 0
1552 1
1553 0
1554 0
1555 0
1556 0
1557 0
1558 0
1559 0
1560 2
1561 3
1562 2
1563 0
1564 0
1565 0
1566 0
1567 0
1568 1
1569 1
1570 1
1571 2
1572 0
1573 0
1574 1
1575 0
1576 1
1577 0
1578 2
1579 1
1580 1
1581 1
1582 1
1583 1
1584 1
1585 1
1586 1
1587 0
1588 1
1589 1
1590 0
1591 1
1592 2
1593 0
1594 0
1595 0
1596 0
1597 0
1598 0
1599 0
1600 1
1601 2
1602 1
1603 2
1604 1
1605 0
1606 0
1607 0
1608 0
1609 0
1610 0
1611 0
1612 0
1613 0
1614 0
1615 0
1616 0
1617 0
1618 0
1619 0
1620 0
1621 0
1622 1
1623 1
1624 1
1625 1
1626 1
1627 0
1628 0
1629 0
1630 0
1631 0
1632 0
1633 0
1634 0
1635 1
1636 0
1637 0
1638 0
1639 0
1640 0
1641 0
1642 0
1643 0
1644 0
1645 0
1646 0
1647 0
1648 0
1649 0
1650 0
1651 0
1652 0
1653 0
1654 0
1655 0
1656 0
1657 0
1658 0
1659 0
1660 0
1661 0
1662 0
1663 0
1664 0
1665 0
1666 0
1667 0
1668 0
1669 0
1670 0
1671 0
1672 0
1673 0
1674 0
1675 0
1676 0
1677 0
1678 0
1679 0
1680 0
1681 0
1682 0
1683 0
1684 0
1685 0
1686 0
1687 0
1688 0
1689 0
1690 0
1691 0
1692 0
1693 0
1694 0
1695 0
1696 0
1697 0
1698 0
1699 0
1700 0
1701 0
1702 0
1703 0
1704 0
1705 0
1706 0
1707 0
1708 0
1709 0
1710 0
1711 0
1712 0
1713 0
1714 0
1715 0
1716 0
1717 0
1718 0
1719 0
1720 0
1721 0
1722 0
1723 0
1724 0
1725 0
1726 0
1727 0
1728 0
1729 0
1730 0
1731 0
1732 0
1733 0
1734 0
1735 0
1736 0
1737 0
1738 0
1739 0
1740 0
1741 0
1742 0
1743 0
1744 0
1745 0
1746 0
1747 0
1748 0
1749 0
1750 0
1751 0
1752 0
1753 0
1754 0
1755 0
1756 0
1757 0
1758 0
1759 0
1760 0
1761 0
1762 0
1763 0
1764 0
1765 0
1766 0
1767 0
1768 0
1769 0
1770 0
1771 0
1772 0
1773 0
1774 0
1775 0
1776 0
1777 0
1778 0
1779 0
1780 0
1781 0
1782 0
1783 0
1784 0
1785 0
1786 0
1787 0
1788 0
1789 0
1790 0
1791 0
1792 0
1793 0
1794 0
1795 0
1796 0
1797 0
1798 0
1799 0
1800 0
1801 0
1802 0
1803 0
1804 0
1805 0
1806 3
1807 3
1808 3
1809 2
1810 0
1811 0
1812 0
1813 1
1814 2
1815 2
1816 2
1817 1
1818 0
1819 0
1820 0
1821 1
1822 3
1823 2
1824 2
1825 2
1826 1
1827 1
1828 1
1829 0
1830 0
1831 0
1832 0
1833 0
1834 2
1835 4
1836 0
1837 3
1838 4
1839 3
1840 3
1841 3
1842 2
1843 4
1844 2
1845 3
1846 3
1847 3
1848 2
1849 5
1850 4
1851 2
1852 1
1853 0
1854 0
1855 0
1856 3
1857 3
1858 4
1859 3
1860 3
1861 3
1862 4
1863 3
1864 3
1865 3
1866 4
1867 2
1868 2
1869 4
1870 3
1871 4
1872 3
1873 2
1874 3
1875 3
1876 3
1877 4
1878 3
1879 4
1880 2
1881 4
1882 3
1883 3
1884 2
1885 4
1886 2
1887 0
1888 3
1889 3
1890 2
1891 3
1892 3
1893 1
1894 3
1895 2
1896 3
1897 2
1898 3
1899 3
1900 4
1901 3
1902 3
1903 4
1904 3
1905 2
1906 4
1907 4
1908 3
1909 4
1910 3
1911 3
1912 2
1913 3
1914 3
1915 3
1916 3
1917 3
1918 4
1919 4
1920 3
1921 5
1922 3
1923 3
1924 3
1925 3
1926 3
1927 2
1928 3
1929 3
1930 4
1931 2
1932 3
1933 3
1934 3
1935 3
1936 4
1937 3
1938 3
1939 3
1940 2
1941 4
1942 4
1943 3
1944 4
1945 5
1946 2
1947 3
1948 2
1949 4
1950 3
1951 4
1952 3
1953 4
1954 3
1955 4
1956 3
1957 3
1958 4
1959 2
1960 4
1961 4
1962 3
1963 3
1964 2
1965 3
1966 4
1967 2
1968 2
1969 2
1970 4
1971 3
1972 1
1973 3
1974 4
1975 3
1976 3
1977 2
1978 4
1979 4
1980 3
1981 3
1982 4
1983 3
1984 2
1985 3
1986 3
1987 4
1988 4
1989 4
1990 4
1991 3
1992 3
1993 3
1994 3
1995 4
1996 3
1997 3
1998 3
1999 3
