0 1
1 1
2 1
3 3
4 1
5 0
6 0
7 1
8 1
9 2
10 1
11 1
12 1
13 1
14 1
15 0
16 2
17 1
18 1
19 1
20 2
21 1
22 2
23 2
24 1
25 0
26 0
27 1
28 1
29 0
30 1
31 0
32 1
33 0
34 2
35 2
36 0
37 1
38 2
39 1
40 1
41 1
42 0
43 1
44 2
45 1
46 1
47 1
48 1
49 0
50 1
51 0
52 0
53 1
54 0
55 1
56 0
57 1
58 0
59 0
60 0
61 0
62 1
63 3
64 1
65 0
66 0
67 0
68 0
69 1
70 0
71 0
72 0
73 1
74 0
75 0
76 0
77 0
78 0
79 0
80 0
81 0
82 1
83 0
84 0
85 0
86 1
87 0
88 1
89 0
90 0
91 0
92 0
93 0
94 1
95 2
96 2
97 0
98 0
99 0
100 0
101 0
102 0
103 0
104 0
105 0
106 0
107 0
108 0
109 0
110 0
111 0
112 0
113 0
114 1
115 0
116 0
117 0
118 0
119 0
120 0
121 1
122 2
123 0
124 4
125 2
126 2
127 1
128 1
129 2
130 2
131 0
132 0
133 2
134 1
135 0
136 0
137 0
138 0
139 0
140 3
141 3
142 0
143 0
144 0
145 0
146 0
147 0
148 0
149 0
150 0
151 0
152 0
153 1
154 1
155 0
156 1
157 0
158 0
159 0
160 0
161 0
162 0
163 0
164 0
165 0
166 0
167 0
168 0
169 0
170 1
171 0
172 0
173 0
174 2
175 3
176 0
177 0
178 0
179 0
180 0
181 0
182 0
183 0
184 0
185 2
186 0
187 0
188 0
189 2
190 0
191 1
192 2
193 2
194 1
195 0
196 1
197 1
198 0
199 0
200 0
201 0
202 0
203 0
204 1
205 2
206 2
207 2
208 2
209 0
210 0
211 0
212 1
213 0
214 1
215 1
216 1
217 0
218 0
219 0
220 1
221 1
222 1
223 0
224 0
225 0
226 0
227 0
228 1
229 2
230 1
231 1
232 1
233 1
234 1
235 1
236 2
237 2
238 2
239 2
240 4
241 4
242 3
243 1
244 2
245 2
246 1
247 2
248 1
249 1
250 1
251 1
252 1
253 1
254 1
255 1
256 1
257 2
258 1
259 2
260 2
261 2
262 1
263 3
264 1
265 1
266 1
267 1
268 1
269 0
270 1
271 0
272 1
273 1
274 1
275 1
276 1
277 1
278 1
279 1
280 1
281 1
282 0
283 1
284 0
285 2
286 1
287 1
288 1
289 0
290 1
291 1
292 0
293 1
294 2
295 1
296 0
297 1
298 1
299 0
300 0
301 0
302 1
303 1
304 2
305 1
306 1
307 0
308 5
309 1
310 2
311 0
312 1
313 0
314 3
315 1
316 1
317 4
318 0
319 0
320 0
321 2
322 0
323 0
324 0
325 1
326 1
327 0
328 0
329 1
330 1
331 1
332 1
333 0
334 1
335 0
336 1
337 1
338 1
339 0
340 2
341 1
342 0
343 1
344 1
345 0
346 0
347 2
348 0
349 0
350 0
351 0
352 0
353 0
354 3
355 0
356 0
357 0
358 1
359 1
360 0
361 1
362 0
363 0
364 0
365 1
366 1
367 0
368 1
369 1
370 0
371 0
372 0
373 0
374 1
375 0
376 1
377 1
378 0
379 0
380 0
381 0
382 1
383 1
384 0
385 1
386 0
387 0
388 0
389 0
390 0
391 0
392 0
393 0
394 0
395 0
396 0
397 1
398 0
399 1
400 0
401 0
402 0
403 0
404 0
405 0
406 0
407 0
408 0
409 0
410 0
411 0
412 0
413 0
414 0
415 0
416 1
417 2
418 1
419 1
420 3
421 1
422 1
423 1
424 1
425 2
426 0
427 0
428 0
429 2
430 0
431 0
432 0
433 0
434 0
435 0
436 1
437 0
438 0
439 0
440 0
441 0
442 0
443 0
444 0
445 1
446 1
447 1
448 1
449 1
450 0
451 1
452 0
453 0
454 0
455 0
456 0
457 0
458 0
459 0
460 1
461 1
462 1
463 2
464 0
465 2
466 2
467 0
468 2
469 1
470 1
471 1
472 1
473 1
474 1
475 2
476 2
477 1
478 1
479 1
480 1
481 1
482 1
483 1
484 2
485 0
486 0
487 1
488 0
489 0
490 0
491 0
492 1
493 0
494 0
495 1
496 0
497 0
498 0
499 0
500 2
501 1
502 0
503 0
504 1
505 1
506 0
507 1
508 0
509 1
510 0
511 0
512 0
513 2
514 0
515 0
516 0
517 0
518 2
519 0
520 0
521 0
522 0
523 0
524 0
525 0
526 0
527 0
528 0
529 0
530 0
531 0
532 0
533 0
534 0
535 0
536 0
537 0
538 0
539 0
540 0
541 0
542 0
543 0
544 0
545 0
546 0
547 1
548 0
549 0
550 0
551 0
552 0
553 1
554 1
555 1
556 0
557 1
558 0
559 0
560 0
561 0
562 0
563 0
564 0
565 0
566 0
567 0
568 0
569 0
570 1
571 0
572 0
573 0
574 0
575 1
576 1
577 2
578 1
579 1
580 0
581 0
582 1
583 0
584 0
585 1
586 0
587 1
588 1
589 0
590 1
591 1
592 0
593 1
594 3
595 0
596 0
597 0
598 1
599 2
600 1
601 0
602 1
603 0
604 0
605 0
606 1
607 0
608 0
609 1
610 0
611 1
612 2
613 1
614 0
615 2
616 0
617 1
618 0
619 0
620 1
621 0
622 0
623 1
624 0
625 0
626 0
627 1
628 1
629 0
630 0
631 0
632 1
633 1
634 1
635 0
636 0
637 2
638 0
639 1
640 2
641 2
642 2
643 0
644 3
645 2
646 1
647 1
648 2
649 3
650 2
651 2
652 2
653 4
654 3
655 0
656 2
657 1
658 0
659 2
660 1
661 1
662 1
663 2
664 0
665 1
666 3
667 1
668 2
669 2
670 2
671 2
672 1
673 1
674 0
675 2
676 1
677 0
678 1
679 2
680 2
681 0
682 3
683 2
684 1
685 0
686 1
687 2
688 2
689 3
690 3
691 3
692 3
693 3
694 2
695 2
696 3
697 2
698 2
699 1
700 2
701 2
702 1
703 3
704 3
705 1
706 3
707 2
708 3
709 2
710 3
711 1
712 2
713 2
714 3
715 2
716 4
717 2
718 3
719 2
720 4
721 3
722 3
723 2
724 2
725 2
726 3
727 1
728 1
729 1
730 1
731 1
732 3
733 3
734 3
735 3
736 2
737 3
738 1
739 1
740 1
741 1
742 1
743 1
744 1
745 1
746 1
747 2
748 2
749 2
750 1
751 2
752 1
753 0
754 1
755 1
756 2
757 2
758 1
759 1
760 1
761 1
762 1
763 1
764 1
765 1
766 0
767 2
768 1
769 2
770 2
771 1
772 1
773 1
774 0
775 1
776 1
777 0
778 2
779 1
780 2
781 1
782 1
783 2
784 0
785 1
786 1
787 1
788 2
789 1
790 2
791 1
792 1
793 1
794 1
795 1
796 2
797 1
798 1
799 2
800 1
801 2
802 1
803 2
804 1
805 1
806 2
807 2
808 1
809 0
810 2
811 2
812 2
813 1
814 2
815 1
816 2
817 1
818 2
819 1
820 2
821 1
822 2
823 2
824 1
825 0
826 1
827 1
828 2
829 3
830 2
831 1
832 2
833 2
834 2
835 1
836 1
837 1
838 0
839 2
840 1
841 1
842 1
843 1
844 1
845 1
846 2
847 1
848 2
849 1
850 1
851 0
852 2
853 3
854 1
855 0
856 1
857 2
858 2
859 3
860 2
861 1
862 1
863 1
864 2
865 1
866 2
867 2
868 2
869 1
870 1
871 1
872 1
873 1
874 1
875 1
876 2
877 3
878 1
879 1
880 0
881 1
882 0
883 0
884 0
885 0
886 0
887 0
888 3
889 1
890 1
891 2
892 1
893 1
894 2
895 1
896 1
897 4
898 1
899 1
900 2
901 0
902 1
903 2
904 0
905 0
906 1
907 1
908 0
909 0
910 0
911 0
912 1
913 1
914 1
915 2
916 1
917 2
918 1
919 1
920 1
921 3
922 1
923 2
924 2
925 1
926 1
927 0
928 0
929 0
930 0
931 0
932 1
933 1
934 1
935 2
936 2
937 2
938 0
939 1
940 1
941 2
942 1
943 1
944 1
945 2
946 1
947 1
948 0
949 1
950 0
951 1
952 0
953 1
954 1
955 1
956 2
957 1
958 1
959 0
960 2
961 2
962 1
963 3
964 0
965 1
966 1
967 1
968 1
969 2
970 1
971 0
972 1
973 1
974 1
975 2
976 1
977 1
978 0
979 1
980 0
981 1
982 0
983 1
984 1
985 0
986 0
987 0
988 1
989 1
990 0
991 2
992 1
993 1
994 1
995 0
996 1
997 1
998 0
999 1
1000 0
1001 0
1002 1
1003 0
1004 0
1005 0
1006 0
1007 0
1008 1
1009 0
1010 0
1011 0
1012 0
1013 0
1014 0
1015 0
1016 0
1017 2
1018 1
1019 1
1020 2
1021 2
1022 2
1023 1
1024 2
1025 2
1026 1
1027 1
1028 1
1029 1
1030 1
1031 1
1032 2
1033 0
1034 1
1035 1
1036 1
1037 1
1038 1
1039 0
1040 1
1041 2
1042 1
1043 0
1044 1
1045 1
1046 3
1047 1
1048 0
1049 2
1050 3
1051 2
1052 3
1053 4
1054 0
1055 1
1056 0
1057 0
1058 0
1059 1
1060 1
1061 2
1062 2
1063 2
1064 1
1065 2
1066 1
1067 1
1068 1
1069 1
1070 1
1071 0
1072 0
1073 1
1074 2
1075 0
1076 1
1077 1
1078 2
1079 1
1080 1
1081 1
1082 1
1083 0
1084 1
1085 1
1086 0
1087 1
1088 1
1089 2
1090 1
1091 2
1092 4
1093 1
1094 2
1095 2
1096 2
1097 0
1098 1
1099 2
1100 1
1101 1
1102 1
1103 0
1104 1
1105 1
1106 3
1107 1
1108 2
1109 2
1110 2
1111 0
1112 1
1113 1
1114 1
1115 1
1116 2
1117 1
1118 1
1119 0
1120 3
1121 3
1122 2
1123 2
1124 1
1125 1
1126 1
1127 0
1128 2
1129 1
1130 3
1131 0
1132 2
1133 0
1134 3
1135 2
1136 2
1137 3
1138 3
1139 3
1140 3
1141 3
1142 2
1143 2
1144 0
1145 2
1146 3
1147 1
1148 2
1149 1
1150 0
1151 1
1152 2
1153 0
1154 0
1155 1
1156 0
1157 1
1158 2
1159 0
1160 0
1161 0
1162 3
1163 2
1164 2
1165 1
1166 3
1167 1
1168 2
1169 1
1170 2
1171 3
1172 2
1173 3
1174 0
1175 0
1176 1
1177 2
1178 2
1179 1
1180 1
1181 2
1182 0
1183 1
1184 0
1185 1
1186 1
1187 1
1188 1
1189 1
1190 0
1191 0
1192 0
1193 0
1194 0
1195 1
1196 1
1197 0
1198 0
1199 0
1200 1
1201 1
1202 0
1203 0
1204 0
1205 0
1206 0
1207 0
1208 0
1209 0
1210 0
1211 0
1212 0
1213 0
1214 0
1215 0
1216 0
1217 0
1218 0
1219 0
1220 1
1221 0
1222 0
1223 0
1224 0
1225 0
1226 0
1227 0
1228 0
1229 0
1230 0
1231 0
1232 0
1233 0
1234 0
1235 0
1236 0
1237 0
1238 0
1239 2
1240 0
1241 0
1242 0
1243 0
1244 0
1245 0
1246 0
1247 0
1248 0
1249 0
1250 0
1251 0
1252 0
1253 0
1254 0
1255 2
1256 0
1257 0
1258 1
1259 0
1260 1
1261 0
1262 0
1263 1
1264 0
1265 0
1266 0
1267 0
1268 1
1269 1
1270 0
1271 0
1272 0
1273 0
1274 1
1275 0
1276 0
1277 0
1278 0
1279 1
1280 0
1281 0
1282 1
1283 0
1284 0
1285 0
1286 0
1287 0
1288 0
1289 0
1290 0
1291 0
1292 0
1293 0
1294 0
1295 0
1296 0
1297 0
1298 0
1299 0
1300 0
1301 0
1302 0
1303 0
1304 0
1305 0
1306 0
1307 0
1308 0
1309 0
1310 1
1311 0
1312 0
1313 0
1314 0
1315 0
1316 0
1317 0
1318 0
1319 0
1320 0
1321 0
1322 0
1323 0
1324 0
1325 1
1326 0
1327 2
1328 1
1329 1
1330 0
1331 1
1332 0
1333 2
1334 1
1335 1
1336 1
1337 1
1338 1
1339 1
1340 1
1341 1
1342 0
1343 1
1344 1
1345 1
1346 2
1347 1
1348 2
1349 1
1350 1
1351 1
1352 2
1353 1
1354 0
1355 2
1356 3
1357 2
1358 2
1359 3
1360 2
1361 1
1362 3
1363 2
1364 3
1365 3
1366 2
1367 2
1368 3
1369 2
1370 3
1371 3
1372 2
1373 2
1374 2
1375 2
1376 1
1377 3
1378 3
1379 2
1380 0
1381 0
1382 1
1383 1
1384 1
1385 0
1386 1
1387 1
1388 0
1389 2
1390 2
1391 1
1392 1
1393 2
1394 2
1395 1
1396 2
1397 2
1398 1
1399 2
1400 2
1401 2
1402 2
1403 2
1404 0
1405 4
1406 1
1407 0
1408 0
1409 0
1410 0
1411 0
1412 1
1413 3
1414 2
1415 3
1416 4
1417 2
1418 2
1419 2
1420 2
1421 2
1422 3
1423 2
1424 1
1425 2
1426 2
1427 2
1428 1
1429 2
1430 2
1431 1
1432 2
1433 1
1434 2
1435 2
1436 1
1437 1
1438 2
1439 2
1440 3
1441 2
1442 1
1443 2
1444 3
1445 2
1446 0
1447 2
1448 2
1449 2
1450 1
1451 1
1452 3
1453 2
1454 1
1455 3
1456 1
1457 2
1458 2
1459 2
1460 2
1461 1
1462 1
1463 2
1464 2
1465 2
1466 3
1467 4
1468 2
1469 1
1470 1
1471 1
1472 1
1473 1
1474 2
1475 1
1476 1
1477 1
1478 3
1479 2
1480 2
1481 3
1482 2
1483 1
1484 1
1485 2
1486 0
1487 1
1488 1
1489 1
1490 1
1491 1
1492 1
1493 1
1494 2
1495 2
1496 2
1497 4
1498 3
1499 1
1500 1
1501 3
1502 2
1503 1
1504 2
1505 1
1506 1
1507 1
1508 1
1509 1
1510 1
1511 1
1512 1
1513 1
1514 1
1515 1
1516 2
1517 2
1518 1
1519 1
1520 1
1521 2
1522 1
1523 3
1524 1
1525 3
1526 2
1527 2
1528 2
1529 2
1530 2
1531 0
1532 5
1533 1
1534 1
1535 1
1536 2
1537 2
1538 2
1539 0
1540 1
1541 3
1542 1
1543 1
1544 1
1545 0
1546 2
1547 0
1548 2
1549 1
1550 2
1551 1
1552 3
1553 2
1554 3
1555 2
1556 0
1557 1
1558 2
1559 1
1560 1
1561 1
1562 1
1563 2
1564 2
1565 1
1566 1
1567 1
1568 0
1569 1
1570 1
1571 2
1572 2
1573 2
1574 1
1575 3
1576 3
1577 2
1578 3
1579 4
1580 2
1581 2
1582 3
1583 2
1584 2
1585 2
1586 2
1587 2
1588 3
1589 0
1590 1
1591 1
1592 1
1593 1
1594 2
1595 3
1596 1
1597 1
1598 2
1599 2
1600 2
1601 2
1602 3
1603 2
1604 3
1605 0
1606 1
1607 2
1608 0
1609 1
1610 1
1611 3
1612 1
1613 1
1614 2
1615 1
1616 1
1617 0
1618 3
1619 2
1620 1
1621 2
1622 1
1623 1
1624 1
1625 1
1626 0
1627 1
1628 3
1629 3
1630 4
1631 3
1632 1
1633 0
1634 0
1635 0
1636 0
1637 1
1638 2
1639 1
1640 0
1641 2
1642 3
1643 0
1644 0
1645 0
1646 3
1647 2
1648 3
1649 2
1650 0
1651 0
1652 0
1653 0
1654 3
1655 1
1656 0
1657 1
1658 0
1659 0
1660 0
1661 0
1662 2
1663 0
1664 3
1665 1
1666 3
1667 2
1668 1
1669 4
1670 1
1671 0
1672 3
1673 2
1674 2
1675 1
1676 2
1677 4
1678 1
1679 2
1680 2
1681 2
1682 2
1683 3
1684 1
1685 1
1686 2
1687 2
1688 2
1689 1
1690 0
1691 2
1692 3
1693 2
1694 2
1695 3
1696 2
1697 2
1698 2
1699 2
1700 2
1701 1
1702 2
1703 2
1704 2
1705 2
1706 2
1707 2
1708 3
1709 1
1710 2
1711 3
1712 1
1713 3
1714 1
1715 0
1716 1
1717 1
1718 1
1719 1
1720 2
1721 2
1722 1
1723 0
1724 1
1725 2
1726 1
1727 1
1728 1
1729 1
1730 2
1731 1
1732 2
1733 1
1734 1
1735 2
1736 2
1737 2
1738 3
1739 2
1740 0
1741 1
1742 0
1743 1
1744 1
1745 1
1746 0
1747 2
1748 2
1749 0
1750 1
1751 2
1752 2
1753 0
1754 2
1755 1
1756 1
1757 0
1758 1
1759 0
1760 0
1761 1
1762 1
1763 1
1764 1
1765 0
1766 2
1767 1
1768 1
1769 0
1770 1
1771 1
1772 1
1773 1
1774 3
1775 2
1776 2
1777 1
1778 1
1779 0
1780 1
1781 1
1782 0
1783 0
1784 3
1785 1
1786 4
1787 1
1788 2
1789 1
1790 1
1791 2
1792 0
1793 2
1794 0
1795 1
1796 0
1797 0
1798 1
1799 2
1800 1
1801 3
1802 3
1803 0
1804 3
1805 2
1806 1
1807 2
1808 2
1809 2
1810 1
1811 1
1812 2
1813 3
1814 2
1815 2
1816 1
1817 2
1818 1
1819 1
1820 2
1821 2
1822 2
1823 1
1824 3
1825 1
1826 2
1827 1
1828 2
1829 2
1830 2
1831 1
1832 1
1833 2
1834 0
1835 1
1836 2
1837 2
1838 2
1839 2
1840 2
1841 0
1842 1
1843 3
1844 2
1845 2
1846 0
1847 3
1848 1
1849 1
1850 1
1851 2
1852 1
1853 3
1854 1
1855 2
1856 1
1857 2
1858 1
1859 1
1860 1
1861 1
1862 3
1863 2
1864 2
1865 1
1866 2
1867 1
1868 1
1869 1
1870 1
1871 1
1872 1
1873 2
1874 2
1875 3
1876 2
1877 1
1878 1
1879 1
1880 1
1881 1
1882 1
1883 1
1884 2
1885 1
1886 2
1887 2
1888 2
1889 1
1890 3
1891 2
1892 0
1893 2
1894 2
1895 3
1896 3
1897 2
1898 2
1899 1
1900 3
1901 2
1902 1
1903 2
1904 2
1905 2
1906 1
1907 2
1908 4
1909 3
1910 3
1911 2
1912 2
1913 1
1914 1
1915 2
1916 0
1917 2
1918 1
1919 2
1920 2
1921 3
1922 1
1923 3
1924 3
1925 3
1926 3
1927 2
1928 1
1929 3
1930 2
1931 1
1932 3
1933 1
1934 3
1935 2
1936 2
1937 2
1938 2
1939 2
1940 1
1941 2
1942 1
1943 0
1944 0
1945 0
1946 0
1947 1
1948 0
1949 1
1950 1
1951 1
1952 3
1953 2
1954 3
1955 2
1956 1
1957 4
1958 0
1959 2
1960 3
1961 2
1962 2
1963 1
1964 2
1965 2
1966 2
1967 2
1968 2
1969 2
1970 1
1971 3
1972 1
1973 1
1974 0
1975 1
1976 1
1977 3
1978 2
1979 2
1980 2
1981 3
1982 3
1983 3
1984 3
1985 2
1986 2
1987 3
1988 2
1989 3
1990 3
1991 2
1992 3
1993 1
1994 2
1995 1
1996 3
1997 2
1998 1
1999 1
