0 0
1 0
2 0
3 0
4 0
5 1
6 0
7 0
8 0
9 1
10 1
11 0
12 0
13 0
14 0
15 0
16 0
17 0
18 0
19 0
20 0
21 0
22 0
23 0
24 0
25 1
26 1
27 0
28 0
29 1
30 1
31 0
32 0
33 0
34 1
35 0
36 0
37 0
38 1
39 0
40 0
41 1
42 0
43 0
44 0
45 0
46 1
47 0
48 1
49 0
50 0
51 0
52 0
53 0
54 0
55 0
56 0
57 0
58 1
59 0
60 1
61 1
62 1
63 0
64 1
65 0
66 0
67 0
68 0
69 0
70 0
71 0
72 0
73 1
74 1
75 0
76 1
77 0
78 0
79 0
80 0
81 0
82 0
83 0
84 0
85 1
86 0
87 0
88 0
89 0
90 0
91 1
92 0
93 0
94 0
95 1
96 0
97 0
98 0
99 0
100 0
101 0
102 0
103 0
104 0
105 0
106 1
107 1
108 0
109 0
110 0
111 0
112 0
113 0
114 0
115 0
116 1
117 0
118 1
119 0
120 0
121 0
122 0
123 0
124 0
125 0
126 0
127 0
128 0
129 0
130 0
131 0
132 0
133 0
134 0
135 0
136 0
137 0
138 0
139 0
140 0
141 0
142 0
143 0
144 0
145 0
146 0
147 1
148 0
149 0
150 0
151 0
152 0
153 0
154 1
155 0
156 0
157 0
158 0
159 1
160 1
161 0
162 0
163 0
164 0
165 0
166 1
167 0
168 0
169 0
170 1
171 0
172 0
173 0
174 0
175 0
176 0
177 1
178 0
179 0
180 0
181 0
182 0
183 0
184 0
185 0
186 0
187 0
188 0
189 0
190 0
191 0
192 0
193 0
194 0
195 0
196 0
197 0
198 0
199 0
200 0
201 0
202 0
203 0
204 0
205 0
206 0
207 0
208 0
209 0
210 0
211 0
212 0
213 0
214 0
215 0
216 0
217 0
218 0
219 0
220 0
221 0
222 1
223 0
224 0
225 0
226 0
227 0
228 1
229 0
230 0
231 0
232 0
233 0
234 0
235 0
236 0
237 0
238 0
239 1
240 0
241 0
242 0
243 0
244 0
245 0
246 0
247 0
248 0
249 0
250 0
251 0
252 0
253 0
254 0
255 0
256 0
257 0
258 0
259 0
260 0
261 0
262 0
263 0
264 0
265 0
266 0
267 0
268 0
269 0
270 0
271 0
272 0
273 0
274 0
275 0
276 0
277 0
278 0
279 0
280 0
281 0
282 0
283 0
284 0
285 0
286 0
287 0
288 0
289 0
290 0
291 0
292 0
293 0
294 0
295 0
296 0
297 0
298 0
299 0
300 0
301 0
302 0
303 0
304 0
305 0
306 0
307 0
308 0
309 0
310 0
311 0
312 0
313 0
314 0
315 0
316 0
317 0
318 0
319 0
320 0
321 0
322 0
323 0
324 0
325 0
326 0
327 1
328 0
329 0
330 0
331 0
332 0
333 0
334 0
335 0
336 0
337 0
338 0
339 0
340 0
341 0
342 0
343 0
344 0
345 0
346 0
347 0
348 0
349 0
350 0
351 1
352 0
353 0
354 0
355 0
356 0
357 0
358 0
359 0
360 0
361 0
362 0
363 0
364 0
365 0
366 0
367 0
368 0
369 0
370 0
371 0
372 0
373 0
374 0
375 0
376 0
377 0
378 0
379 0
380 0
381 0
382 0
383 0
384 0
385 0
386 0
387 0
388 0
389 0
390 0
391 0
392 0
393 0
394 0
395 0
396 0
397 0
398 0
399 0
400 1
401 1
402 1
403 1
404 1
405 0
406 1
407 0
408 0
409 0
410 0
411 1
412 0
413 0
414 1
415 1
416 0
417 0
418 0
419 0
420 0
421 0
422 0
423 0
424 0
425 0
426 0
427 0
428 0
429 0
430 0
431 0
432 1
433 1
434 0
435 1
436 0
437 0
438 0
439 0
440 1
441 0
442 0
443 0
444 0
445 1
446 1
447 1
448 1
449 0
450 0
451 1
452 0
453 0
454 0
455 0
456 1
457 1
458 0
459 1
460 1
461 0
462 1
463 1
464 0
465 0
466 0
467 0
468 0
469 1
470 0
471 1
472 0
473 0
474 0
475 0
476 0
477 0
478 1
479 0
480 0
481 0
482 0
483 0
484 0
485 0
486 0
487 0
488 0
489 0
490 0
491 0
492 0
493 1
494 0
495 0
496 0
497 0
498 0
499 0
500 0
501 0
502 0
503 0
504 1
505 1
506 1
507 1
508 0
509 0
510 1
511 1
512 1
513 0
514 0
515 1
516 1
517 0
518 0
519 0
520 0
521 0
522 0
523 0
524 0
525 0
526 1
527 0
528 0
529 0
530 0
531 0
532 0
533 0
534 0
535 0
536 0
537 0
538 1
539 1
540 0
541 1
542 1
543 0
544 0
545 1
546 0
547 0
548 0
549 0
550 0
551 0
552 0
553 0
554 0
555 0
556 0
557 0
558 1
559 0
560 1
561 1
562 1
563 0
564 0
565 0
566 1
567 0
568 0
569 0
570 0
571 0
572 0
573 0
574 0
575 0
576 0
577 0
578 0
579 0
580 0
581 0
582 0
583 0
584 0
585 1
586 0
587 1
588 1
589 1
590 1
591 1
592 1
593 1
594 0
595 0
596 0
597 1
598 1
599 1
600 1
601 1
602 0
603 0
604 1
605 0
606 1
607 1
608 0
609 0
610 1
611 0
612 0
613 0
614 0
615 0
616 0
617 0
618 0
619 0
620 0
621 0
622 0
623 0
624 0
625 0
626 0
627 1
628 0
629 0
630 0
631 0
632 1
633 0
634 1
635 0
636 1
637 1
638 0
639 1
640 0
641 0
642 1
643 0
644 0
645 1
646 0
647 0
648 0
649 0
650 1
651 0
652 0
653 0
654 0
655 0
656 1
657 0
658 0
659 0
660 0
661 1
662 0
663 1
664 0
665 0
666 0
667 0
668 1
669 0
670 0
671 0
672 0
673 0
674 0
675 0
676 0
677 0
678 1
679 1
680 1
681 0
682 1
683 0
684 1
685 1
686 0
687 0
688 0
689 1
690 0
691 0
692 0
693 0
694 0
695 1
696 1
697 0
698 0
699 0
700 0
701 0
702 0
703 0
704 1
705 0
706 0
707 0
708 1
709 1
710 0
711 0
712 0
713 0
714 0
715 0
716 1
717 1
718 0
719 0
720 0
721 0
722 1
723 0
724 0
725 0
726 0
727 1
728 0
729 1
730 1
731 1
732 1
733 0
734 0
735 0
736 0
737 0
738 0
739 0
740 0
741 0
742 0
743 0
744 0
745 0
746 0
747 0
748 0
749 0
750 0
751 0
752 0
753 0
754 0
755 0
756 0
757 1
758 0
759 0
760 1
761 0
762 0
763 0
764 1
765 0
766 1
767 1
768 0
769 1
770 1
771 0
772 1
773 0
774 1
775 1
776 0
777 1
778 1
779 1
780 1
781 1
782 0
783 0
784 1
785 0
786 0
787 1
788 1
789 1
790 1
791 1
792 1
793 0
794 1
795 1
796 1
797 0
798 1
799 1
800 1
801 1
802 1
803 1
804 1
805 1
806 1
807 0
808 1
809 1
810 1
811 1
812 1
813 1
814 1
815 1
816 1
817 0
818 0
819 1
820 0
821 0
822 1
823 1
824 1
825 1
826 0
827 1
828 1
829 0
830 1
831 1
832 1
833 1
834 1
835 1
836 0
837 1
838 1
839 1
840 1
841 1
842 1
843 0
844 1
845 1
846 1
847 1
848 0
849 1
850 1
851 1
852 0
853 1
854 1
855 1
856 1
857 1
858 1
859 1
860 1
861 1
862 1
863 1
864 1
865 1
866 1
867 1
868 1
869 1
870 1
871 0
872 1
873 0
874 1
875 1
876 1
877 1
878 1
879 1
880 1
881 1
882 1
883 1
884 1
885 1
886 1
887 0
888 1
889 1
890 1
891 1
892 1
893 1
894 1
895 1
896 1
897 1
898 1
899 1
900 1
901 1
902 1
903 1
904 1
905 1
906 1
907 1
908 0
909 1
910 1
911 1
912 1
913 1
914 1
915 1
916 1
917 1
918 1
919 1
920 1
921 1
922 1
923 1
924 1
925 1
926 1
927 1
928 1
929 1
930 1
931 1
932 1
933 0
934 1
935 1
936 0
937 1
938 0
939 1
940 1
941 1
942 1
943 1
944 1
945 1
946 1
947 1
948 1
949 1
950 1
951 1
952 1
953 1
954 1
955 1
956 1
957 1
958 1
959 1
960 1
961 1
962 0
963 1
964 1
965 1
966 1
967 1
968 1
969 1
970 1
971 1
972 1
973 1
974 1
975 0
976 1
977 1
978 1
979 1
980 0
981 1
982 1
983 1
984 1
985 1
986 0
987 0
988 0
989 0
990 1
991 0
992 1
993 1
994 1
995 0
996 0
997 1
998 1
999 1
1000 1
1001 1
1002 1
1003 0
1004 1
1005 1
1006 1
1007 1
1008 1
1009 1
1010 1
1011 1
1012 1
1013 1
1014 1
1015 1
1016 1
1017 0
1018 1
1019 1
1020 1
1021 1
1022 0
1023 1
1024 0
1025 0
1026 1
1027 1
1028 1
1029 1
1030 0
1031 1
1032 0
1033 1
1034 1
1035 0
1036 1
1037 1
1038 1
1039 1
1040 1
1041 1
1042 1
1043 1
1044 1
1045 1
1046 0
1047 1
1048 1
1049 0
1050 1
1051 1
1052 1
1053 1
1054 1
1055 1
1056 1
1057 1
1058 1
1059 1
1060 0
1061 1
1062 1
1063 1
1064 1
1065 1
1066 0
1067 1
1068 1
1069 1
1070 0
1071 1
1072 0
1073 1
1074 0
1075 1
1076 1
1077 1
1078 1
1079 1
1080 1
1081 0
1082 0
1083 1
1084 1
1085 1
1086 1
1087 1
1088 1
1089 1
1090 1
1091 0
1092 1
1093 1
1094 0
1095 0
1096 0
1097 1
1098 1
1099 1
1100 1
1101 0
1102 1
1103 1
1104 1
1105 1
1106 1
1107 1
1108 1
1109 1
1110 1
1111 1
1112 1
1113 0
1114 1
1115 1
1116 1
1117 1
1118 0
1119 0
1120 1
1121 1
1122 1
1123 1
1124 0
1125 0
1126 1
1127 1
1128 1
1129 1
1130 1
1131 0
1132 0
1133 1
1134 0
1135 1
1136 0
1137 0
1138 1
1139 0
1140 1
1141 1
1142 1
1143 0
1144 1
1145 0
1146 0
1147 1
1148 0
1149 0
1150 1
1151 1
1152 1
1153 1
1154 1
1155 1
1156 0
1157 1
1158 0
1159 1
1160 1
1161 0
1162 0
1163 1
1164 1
1165 1
1166 0
1167 0
1168 1
1169 1
1170 0
1171 1
1172 1
1173 0
1174 0
1175 0
1176 1
1177 1
1178 1
1179 0
1180 0
1181 0
1182 0
1183 0
1184 1
1185 1
1186 1
1187 1
1188 0
1189 1
1190 1
1191 0
1192 1
1193 1
1194 1
1195 1
1196 1
1197 1
1198 0
1199 1
1200 0
1201 0
1202 1
1203 1
1204 1
1205 0
1206 1
1207 1
1208 1
1209 1
1210 1
1211 0
1212 1
1213 1
1214 1
1215 1
1216 1
1217 1
1218 1
1219 1
1220 1
1221 0
1222 1
1223 1
1224 1
1225 0
1226 1
1227 1
1228 1
1229 1
1230 1
1231 0
1232 1
1233 1
1234 1
1235 1
1236 1
1237 1
1238 1
1239 1
1240 1
1241 1
1242 1
1243 0
1244 1
1245 1
1246 1
1247 1
1248 1
1249 1
1250 1
1251 0
1252 0
1253 1
1254 0
1255 0
1256 1
1257 1
1258 1
1259 0
1260 1
1261 0
1262 1
1263 0
1264 1
1265 1
1266 1
1267 1
1268 1
1269 1
1270 1
1271 1
1272 1
1273 1
1274 1
1275 1
1276 1
1277 0
1278 1
1279 1
1280 1
1281 1
1282 1
1283 1
1284 0
1285 1
1286 1
1287 0
1288 1
1289 1
1290 1
1291 1
1292 1
1293 1
1294 0
1295 1
1296 1
1297 1
1298 1
1299 0
1300 0
1301 1
1302 1
1303 0
1304 1
1305 0
1306 0
1307 1
1308 0
1309 1
1310 1
1311 0
1312 1
1313 1
1314 1
1315 1
1316 0
1317 1
1318 1
1319 1
1320 0
1321 1
1322 1
1323 1
1324 1
1325 1
1326 1
1327 1
1328 1
1329 1
1330 1
1331 1
1332 1
1333 1
1334 1
1335 1
1336 1
1337 0
1338 1
1339 1
1340 1
1341 1
1342 1
1343 1
1344 1
1345 1
1346 1
1347 1
1348 1
1349 1
1350 1
1351 1
1352 1
1353 1
1354 1
1355 1
1356 1
1357 1
1358 0
1359 0
1360 1
1361 1
1362 0
1363 0
1364 1
1365 1
1366 1
1367 1
1368 1
1369 1
1370 1
1371 0
1372 1
1373 0
1374 0
1375 1
1376 0
1377 1
1378 0
1379 0
1380 1
1381 1
1382 1
1383 1
1384 1
1385 1
1386 0
1387 1
1388 1
1389 1
1390 1
1391 0
1392 0
1393 0
1394 1
1395 1
1396 1
1397 1
1398 0
1399 0
1400 1
1401 1
1402 1
1403 1
1404 1
1405 1
1406 0
1407 0
1408 0
1409 1
1410 1
1411 0
1412 1
1413 1
1414 1
1415 0
1416 1
1417 1
1418 1
1419 1
1420 0
1421 1
1422 1
1423 1
1424 1
1425 1
1426 1
1427 1
1428 1
1429 1
1430 1
1431 1
1432 1
1433 1
1434 1
1435 0
1436 1
1437 1
1438 1
1439 1
1440 1
1441 1
1442 1
1443 0
1444 1
1445 1
1446 1
1447 1
1448 1
1449 0
1450 1
1451 1
1452 1
1453 1
1454 0
1455 0
1456 0
1457 1
1458 1
1459 1
1460 1
1461 1
1462 1
1463 1
1464 1
1465 1
1466 1
1467 0
1468 1
1469 0
1470 1
1471 1
1472 1
1473 1
1474 1
1475 0
1476 1
1477 1
1478 1
1479 1
1480 1
1481 1
1482 1
1483 1
1484 1
1485 1
1486 1
1487 0
1488 0
1489 0
1490 1
1491 1
1492 1
1493 1
1494 1
1495 0
1496 1
1497 1
1498 1
1499 1
1500 1
1501 1
1502 1
1503 1
1504 0
1505 1
1506 1
1507 1
1508 1
1509 1
1510 1
1511 1
1512 1
1513 1
1514 1
1515 1
1516 1
1517 1
1518 1
1519 1
1520 1
1521 1
1522 1
1523 1
1524 1
1525 1
1526 1
1527 0
1528 1
1529 1
1530 1
1531 1
1532 1
1533 1
1534 1
1535 0
1536 1
1537 0
1538 1
1539 1
1540 1
1541 1
1542 1
1543 1
1544 1
1545 1
1546 1
1547 1
1548 1
1549 1
1550 0
1551 0
1552 0
1553 1
1554 0
1555 0
1556 1
1557 1
1558 1
1559 1
1560 1
1561 1
1562 1
1563 1
1564 1
1565 1
1566 1
1567 1
1568 1
1569 1
1570 1
1571 1
1572 1
1573 1
1574 0
1575 1
1576 1
1577 1
1578 1
1579 1
1580 1
1581 1
1582 0
1583 0
1584 0
1585 0
1586 1
1587 1
1588 1
1589 1
1590 1
1591 0
1592 1
1593 1
1594 0
1595 0
1596 0
1597 1
1598 0
1599 1
1600 1
1601 1
1602 1
1603 1
1604 1
1605 1
1606 1
1607 1
1608 1
1609 0
1610 0
1611 1
1612 1
1613 1
1614 1
1615 0
1616 1
1617 1
1618 1
1619 1
1620 1
1621 1
1622 1
1623 1
1624 1
1625 1
1626 1
1627 1
1628 1
1629 1
1630 0
1631 0
1632 0
1633 1
1634 1
1635 1
1636 1
1637 1
1638 1
1639 1
1640 1
1641 1
1642 1
1643 0
1644 0
1645 1
1646 1
1647 1
1648 1
1649 1
1650 1
1651 0
1652 1
1653 1
1654 0
1655 1
1656 1
1657 1
1658 0
1659 1
1660 1
1661 1
1662 1
1663 0
1664 1
1665 1
1666 1
1667 0
1668 1
1669 1
1670 1
1671 1
1672 1
1673 0
1674 1
1675 0
1676 1
1677 0
1678 0
1679 1
1680 1
1681 1
1682 1
1683 1
1684 1
1685 1
1686 1
1687 1
1688 1
1689 1
1690 1
1691 1
1692 0
1693 1
1694 1
1695 1
1696 1
1697 1
1698 1
1699 1
1700 1
1701 1
1702 1
1703 1
1704 1
1705 1
1706 1
1707 1
1708 1
1709 0
1710 1
1711 1
1712 1
1713 1
1714 1
1715 1
1716 1
1717 1
1718 1
1719 1
1720 1
1721 1
1722 1
1723 1
1724 1
1725 1
1726 0
1727 1
1728 1
1729 0
1730 1
1731 1
1732 1
1733 1
1734 1
1735 1
1736 1
1737 1
1738 0
1739 0
1740 1
1741 1
1742 1
1743 1
1744 1
1745 1
1746 1
1747 1
1748 0
1749 1
1750 1
1751 1
1752 1
1753 1
1754 1
1755 1
1756 1
1757 1
1758 1
1759 1
1760 0
1761 1
1762 1
1763 1
1764 1
1765 1
1766 1
1767 1
1768 1
1769 1
1770 1
1771 1
1772 1
1773 1
1774 0
1775 1
1776 1
1777 1
1778 1
1779 1
1780 1
1781 1
1782 1
1783 1
1784 1
1785 1
1786 0
1787 0
1788 1
1789 1
1790 1
1791 1
1792 1
1793 1
1794 1
1795 1
1796 1
1797 1
1798 1
1799 1
1800 1
1801 1
1802 1
1803 1
1804 1
1805 1
1806 1
1807 1
1808 0
1809 1
1810 1
1811 1
1812 1
1813 1
1814 1
1815 1
1816 0
1817 1
1818 1
1819 1
1820 1
1821 0
1822 1
1823 0
1824 0
1825 1
1826 1
1827 1
1828 1
1829 1
1830 1
1831 0
1832 0
1833 0
1834 1
1835 1
1836 1
1837 0
1838 1
1839 0
1840 1
1841 0
1842 0
1843 1
1844 1
1845 1
1846 1
1847 1
1848 1
1849 1
1850 1
1851 1
1852 1
1853 0
1854 1
1855 1
1856 0
1857 1
1858 1
1859 1
1860 0
1861 1
1862 1
1863 1
1864 1
1865 1
1866 1
1867 1
1868 0
1869 0
1870 1
1871 1
1872 1
1873 1
1874 1
1875 0
1876 1
1877 1
1878 1
1879 1
1880 1
1881 1
1882 1
1883 1
1884 1
1885 1
1886 1
1887 1
1888 1
1889 1
1890 1
1891 1
1892 1
1893 1
1894 1
1895 1
1896 0
1897 1
1898 1
1899 1
1900 0
1901 0
1902 1
1903 1
1904 1
1905 1
1906 1
1907 1
1908 1
1909 0
1910 0
1911 1
1912 1
1913 1
1914 1
1915 1
1916 1
1917 1
1918 1
1919 1
1920 0
1921 1
1922 0
1923 1
1924 1
1925 1
1926 1
1927 0
1928 0
1929 0
1930 0
1931 0
1932 0
1933 1
1934 0
1935 1
1936 1
1937 1
1938 1
1939 0
1940 1
1941 1
1942 1
1943 0
1944 1
1945 1
1946 1
1947 1
1948 1
1949 1
1950 0
1951 0
1952 1
1953 1
1954 1
1955 1
1956 1
1957 0
1958 1
1959 1
1960 1
1961 1
1962 1
1963 1
1964 1
1965 1
1966 1
1967 1
1968 1
1969 1
1970 1
1971 0
1972 1
1973 0
1974 1
1975 1
1976 1
1977 1
1978 0
1979 1
1980 1
1981 1
1982 0
1983 1
1984 1
1985 1
1986 1
1987 1
1988 0
1989 0
1990 1
1991 1
1992 1
1993 1
1994 1
1995 1
1996 1
1997 1
1998 0
1999 0
