0 0
1 0
2 0
3 0
4 0
5 0
6 0
7 0
8 0
9 0
10 0
11 0
12 0
13 0
14 0
15 0
16 0
17 0
18 0
19 0
20 0
21 0
22 0
23 0
24 0
25 0
26 0
27 0
28 0
29 0
30 0
31 0
32 0
33 0
34 0
35 0
36 0
37 0
38 0
39 0
40 0
41 0
42 0
43 0
44 0
45 0
46 0
47 0
48 0
49 0
50 0
51 0
52 0
53 0
54 0
55 0
56 0
57 0
58 0
59 0
60 0
61 0
62 0
63 0
64 0
65 0
66 0
67 0
68 0
69 0
70 0
71 0
72 0
73 0
74 0
75 0
76 0
77 0
78 0
79 0
80 0
81 0
82 0
83 0
84 0
85 0
86 0
87 0
88 0
89 0
90 0
91 0
92 0
93 0
94 0
95 0
96 0
97 0
98 0
99 0
100 0
101 0
102 0
103 0
104 0
105 0
106 0
107 0
108 0
109 0
110 0
111 0
112 0
113 0
114 0
115 0
116 0
117 0
118 0
119 1
120 0
121 0
122 0
123 0
124 0
125 0
126 0
127 0
128 0
129 0
130 0
131 0
132 0
133 0
134 0
135 0
136 0
137 0
138 0
139 0
140 0
141 0
142 0
143 0
144 0
145 0
146 0
147 0
148 0
149 0
150 0
151 0
152 0
153 0
154 0
155 0
156 0
157 0
158 0
159 0
160 0
161 0
162 0
163 0
164 0
165 0
166 0
167 0
168 0
169 0
170 0
171 0
172 0
173 0
174 1
175 0
176 0
177 0
178 0
179 0
180 0
181 0
182 0
183 0
184 0
185 0
186 0
187 0
188 0
189 0
190 0
191 0
192 0
193 0
194 0
195 0
196 0
197 0
198 0
199 0
200 0
201 0
202 0
203 0
204 0
205 0
206 0
207 0
208 0
209 0
210 0
211 0
212 0
213 0
214 0
215 0
216 0
217 0
218 0
219 0
220 0
221 0
222 0
223 0
224 0
225 0
226 0
227 0
228 0
229 0
230 0
231 0
232 0
233 0
234 0
235 0
236 0
237 0
238 0
239 0
240 0
241 0
242 0
243 0
244 0
245 0
246 0
247 0
248 0
249 0
250 0
251 0
252 0
253 0
254 0
255 0
256 0
257 0
258 0
259 0
260 0
261 0
262 0
263 0
264 0
265 0
266 0
267 0
268 0
269 0
270 0
271 0
272 0
273 0
274 0
275 0
276 0
277 0
278 0
279 0
280 0
281 0
282 0
283 0
284 0
285 0
286 0
287 0
288 0
289 0
290 0
291 0
292 0
293 0
294 0
295 0
296 0
297 0
298 0
299 0
300 0
301 0
302 0
303 0
304 0
305 0
306 0
307 0
308 0
309 0
310 0
311 0
312 0
313 0
314 0
315 0
316 0
317 0
318 0
319 0
320 0
321 0
322 0
323 0
324 0
325 0
326 0
327 0
328 0
329 0
330 0
331 0
332 0
333 0
334 0
335 0
336 0
337 0
338 0
339 0
340 0
341 0
342 0
343 0
344 0
345 0
346 0
347 0
348 0
349 0
350 0
351 0
352 0
353 0
354 0
355 0
356 0
357 0
358 0
359 0
360 0
361 0
362 0
363 0
364 0
365 0
366 0
367 0
368 0
369 0
370 0
371 0
372 0
373 0
374 0
375 0
376 0
377 0
378 0
379 0
380 0
381 0
382 0
383 0
384 0
385 0
386 0
387 0
388 0
389 0
390 0
391 0
392 0
393 0
394 0
395 0
396 0
397 0
398 0
399 0
400 0
401 0
402 0
403 0
404 0
405 0
406 0
407 0
408 0
409 0
410 0
411 0
412 0
413 0
414 0
415 0
416 0
417 0
418 0
419 0
420 0
421 0
422 0
423 0
424 0
425 0
426 0
427 0
428 0
429 0
430 0
431 0
432 0
433 0
434 0
435 0
436 0
437 0
438 0
439 0
440 0
441 0
442 0
443 0
444 0
445 0
446 0
447 0
448 0
449 0
450 0
451 0
452 0
453 0
454 0
455 0
456 0
457 0
458 0
459 0
460 0
461 0
462 0
463 0
464 0
465 0
466 0
467 0
468 0
469 0
470 0
471 0
472 0
473 0
474 0
475 0
476 0
477 0
478 0
479 0
480 0
481 0
482 0
483 0
484 0
485 0
486 0
487 0
488 0
489 0
490 0
491 0
492 0
493 0
494 0
495 0
496 0
497 0
498 0
499 0
500 0
501 0
502 0
503 0
504 0
505 0
506 0
507 0
508 0
509 0
510 0
511 0
512 0
513 0
514 0
515 0
516 0
517 0
518 0
519 0
520 0
521 0
522 0
523 0
524 0
525 0
526 0
527 0
528 0
529 0
530 0
531 0
532 0
533 0
534 0
535 0
536 0
537 0
538 0
539 0
540 0
541 0
542 0
543 0
544 0
545 0
546 0
547 0
548 0
549 0
550 0
551 0
552 0
553 0
554 0
555 0
556 0
557 0
558 0
559 0
560 0
561 0
562 0
563 0
564 0
565 0
566 0
567 0
568 0
569 0
570 0
571 0
572 0
573 0
574 0
575 0
576 0
577 0
578 0
579 0
580 0
581 0
582 0
583 0
584 0
585 0
586 0
587 0
588 0
589 0
590 0
591 0
592 0
593 0
594 0
595 0
596 0
597 0
598 0
599 0
600 0
601 0
602 0
603 0
604 0
605 0
606 1
607 0
608 0
609 1
610 1
611 1
612 1
613 1
614 1
615 1
616 0
617 1
618 1
619 1
620 0
621 1
622 1
623 1
624 1
625 1
626 1
627 2
628 1
629 1
630 1
631 0
632 1
633 1
634 1
635 1
636 0
637 1
638 1
639 1
640 1
641 1
642 1
643 1
644 1
645 1
646 1
647 1
648 1
649 0
650 1
651 0
652 1
653 0
654 1
655 2
656 0
657 0
658 0
659 0
660 1
661 1
662 1
663 2
664 0
665 1
666 1
667 1
668 1
669 0
670 1
671 1
672 1
673 0
674 1
675 1
676 1
677 1
678 1
679 1
680 1
681 1
682 1
683 1
684 1
685 1
686 1
687 1
688 1
689 1
690 1
691 1
692 1
693 1
694 1
695 1
696 1
697 1
698 0
699 1
700 1
701 1
702 1
703 1
704 1
705 1
706 1
707 1
708 1
709 1
710 1
711 1
712 1
713 0
714 0
715 0
716 2
717 1
718 1
719 1
720 1
721 0
722 1
723 1
724 0
725 0
726 0
727 0
728 0
729 1
730 1
731 1
732 0
733 1
734 1
735 0
736 0
737 0
738 1
739 2
740 1
741 0
742 1
743 0
744 1
745 1
746 1
747 1
748 0
749 1
750 1
751 1
752 1
753 1
754 1
755 1
756 1
757 1
758 1
759 1
760 1
761 1
762 1
763 1
764 1
765 1
766 1
767 1
768 1
769 1
770 1
771 2
772 1
773 1
774 1
775 1
776 1
777 1
778 1
779 1
780 1
781 0
782 1
783 1
784 0
785 0
786 0
787 0
788 1
789 0
790 1
791 1
792 0
793 0
794 0
795 1
796 0
797 0
798 1
799 1
800 1
801 1
802 0
803 1
804 1
805 0
806 1
807 1
808 1
809 1
810 1
811 1
812 1
813 1
814 1
815 0
816 0
817 0
818 0
819 0
820 1
821 1
822 1
823 1
824 1
825 0
826 1
827 1
828 1
829 1
830 1
831 1
832 1
833 0
834 0
835 1
836 0
837 0
838 1
839 0
840 1
841 1
842 1
843 1
844 0
845 1
846 0
847 0
848 0
849 0
850 0
851 0
852 0
853 0
854 0
855 1
856 0
857 0
858 1
859 0
860 0
861 0
862 1
863 0
864 1
865 0
866 0
867 0
868 0
869 1
870 0
871 0
872 0
873 2
874 0
875 1
876 0
877 0
878 0
879 0
880 0
881 0
882 1
883 1
884 0
885 1
886 0
887 0
888 0
889 0
890 0
891 1
892 0
893 0
894 0
895 0
896 0
897 1
898 1
899 1
900 0
901 1
902 1
903 1
904 1
905 1
906 1
907 0
908 0
909 1
910 2
911 0
912 0
913 0
914 0
915 1
916 0
917 0
918 0
919 0
920 0
921 0
922 0
923 0
924 0
925 0
926 1
927 1
928 0
929 0
930 0
931 0
932 1
933 1
934 0
935 0
936 0
937 0
938 0
939 0
940 0
941 1
942 0
943 0
944 0
945 0
946 0
947 0
948 1
949 0
950 1
951 1
952 1
953 0
954 1
955 1
956 1
957 1
958 1
959 1
960 1
961 1
962 2
963 1
964 1
965 2
966 0
967 1
968 0
969 0
970 1
971 0
972 1
973 0
974 1
975 0
976 0
977 1
978 0
979 1
980 0
981 0
982 0
983 0
984 1
985 0
986 0
987 0
988 0
989 0
990 0
991 0
992 0
993 0
994 0
995 1
996 0
997 3
998 2
999 1
1000 0
1001 0
1002 0
1003 0
1004 0
1005 0
1006 0
1007 1
1008 2
1009 1
1010 1
1011 1
1012 0
1013 0
1014 1
1015 0
1016 0
1017 0
1018 0
1019 1
1020 1
1021 1
1022 1
1023 0
1024 0
1025 0
1026 0
1027 0
1028 0
1029 2
1030 0
1031 0
1032 1
1033 0
1034 0
1035 0
1036 0
1037 0
1038 0
1039 0
1040 2
1041 0
1042 0
1043 0
1044 1
1045 0
1046 0
1047 0
1048 0
1049 2
1050 1
1051 1
1052 1
1053 0
1054 1
1055 1
1056 0
1057 0
1058 0
1059 0
1060 1
1061 1
1062 1
1063 0
1064 0
1065 1
1066 1
1067 1
1068 0
1069 1
1070 2
1071 0
1072 1
1073 1
1074 0
1075 0
1076 1
1077 1
1078 0
1079 0
1080 0
1081 2
1082 0
1083 1
1084 1
1085 0
1086 1
1087 0
1088 0
1089 0
1090 0
1091 1
1092 1
1093 1
1094 1
1095 1
1096 1
1097 0
1098 2
1099 1
1100 1
1101 1
1102 1
1103 0
1104 2
1105 0
1106 0
1107 1
1108 1
1109 2
1110 1
1111 0
1112 0
1113 0
1114 0
1115 0
1116 0
1117 0
1118 0
1119 0
1120 1
1121 1
1122 0
1123 0
1124 0
1125 0
1126 0
1127 1
1128 0
1129 0
1130 1
1131 1
1132 1
1133 1
1134 0
1135 1
1136 0
1137 0
1138 2
1139 0
1140 1
1141 0
1142 2
1143 0
1144 2
1145 1
1146 0
1147 1
1148 0
1149 1
1150 1
1151 0
1152 0
1153 1
1154 1
1155 0
1156 0
1157 0
1158 0
1159 1
1160 1
1161 0
1162 0
1163 0
1164 2
1165 0
1166 0
1167 0
1168 1
1169 0
1170 0
1171 0
1172 0
1173 0
1174 1
1175 0
1176 0
1177 0
1178 0
1179 0
1180 0
1181 0
1182 0
1183 1
1184 0
1185 0
1186 1
1187 0
1188 0
1189 0
1190 1
1191 1
1192 0
1193 0
1194 0
1195 0
1196 1
1197 1
1198 1
1199 1
1200 1
1201 1
1202 1
1203 3
1204 1
1205 1
1206 0
1207 1
1208 1
1209 1
1210 1
1211 0
1212 0
1213 0
1214 1
1215 0
1216 0
1217 0
1218 0
1219 1
1220 1
1221 1
1222 1
1223 1
1224 2
1225 0
1226 2
1227 1
1228 1
1229 0
1230 1
1231 1
1232 0
1233 0
1234 1
1235 0
1236 1
1237 2
1238 1
1239 1
1240 1
1241 2
1242 1
1243 1
1244 0
1245 1
1246 1
1247 1
1248 1
1249 1
1250 1
1251 1
1252 1
1253 1
1254 1
1255 1
1256 1
1257 1
1258 1
1259 1
1260 1
1261 1
1262 1
1263 1
1264 1
1265 1
1266 0
1267 1
1268 1
1269 1
1270 1
1271 1
1272 1
1273 1
1274 2
1275 1
1276 1
1277 1
1278 1
1279 1
1280 1
1281 1
1282 1
1283 0
1284 1
1285 1
1286 1
1287 1
1288 1
1289 1
1290 1
1291 1
1292 1
1293 1
1294 1
1295 1
1296 1
1297 0
1298 0
1299 1
1300 1
1301 1
1302 0
1303 1
1304 1
1305 1
1306 1
1307 1
1308 1
1309 1
1310 1
1311 1
1312 1
1313 1
1314 1
1315 1
1316 1
1317 1
1318 1
1319 1
1320 2
1321 1
1322 0
1323 0
1324 0
1325 1
1326 2
1327 1
1328 1
1329 1
1330 0
1331 0
1332 0
1333 0
1334 1
1335 1
1336 1
1337 0
1338 0
1339 0
1340 0
1341 1
1342 1
1343 0
1344 1
1345 1
1346 1
1347 1
1348 1
1349 1
1350 1
1351 1
1352 0
1353 1
1354 1
1355 1
1356 1
1357 1
1358 0
1359 1
1360 1
1361 1
1362 0
1363 0
1364 0
1365 1
1366 1
1367 0
1368 0
1369 1
1370 1
1371 1
1372 1
1373 0
1374 1
1375 0
1376 0
1377 0
1378 1
1379 1
1380 1
1381 1
1382 1
1383 0
1384 2
1385 1
1386 1
1387 2
1388 1
1389 1
1390 2
1391 1
1392 2
1393 1
1394 1
1395 1
1396 0
1397 0
1398 1
1399 1
1400 1
1401 1
1402 2
1403 1
1404 0
1405 1
1406 0
1407 0
1408 0
1409 1
1410 0
1411 1
1412 1
1413 2
1414 2
1415 2
1416 1
1417 1
1418 0
1419 1
1420 1
1421 1
1422 1
1423 0
1424 2
1425 2
1426 1
1427 1
1428 2
1429 0
1430 0
1431 1
1432 0
1433 0
1434 0
1435 1
1436 1
1437 1
1438 0
1439 1
1440 1
1441 1
1442 1
1443 2
1444 1
1445 1
1446 1
1447 1
1448 1
1449 1
1450 1
1451 1
1452 1
1453 1
1454 1
1455 1
1456 0
1457 1
1458 1
1459 1
1460 2
1461 1
1462 1
1463 0
1464 0
1465 1
1466 0
1467 2
1468 1
1469 2
1470 1
1471 1
1472 1
1473 0
1474 1
1475 1
1476 1
1477 1
1478 1
1479 1
1480 1
1481 1
1482 1
1483 2
1484 2
1485 1
1486 1
1487 1
1488 1
1489 1
1490 1
1491 1
1492 1
1493 1
1494 2
1495 1
1496 0
1497 1
1498 1
1499 1
1500 1
1501 1
1502 1
1503 1
1504 0
1505 1
1506 0
1507 1
1508 0
1509 0
1510 0
1511 1
1512 1
1513 0
1514 1
1515 0
1516 1
1517 2
1518 1
1519 1
1520 1
1521 1
1522 0
1523 0
1524 1
1525 1
1526 1
1527 0
1528 1
1529 1
1530 1
1531 1
1532 1
1533 0
1534 1
1535 1
1536 1
1537 1
1538 1
1539 1
1540 1
1541 1
1542 1
1543 1
1544 1
1545 1
1546 0
1547 1
1548 1
1549 1
1550 1
1551 1
1552 0
1553 1
1554 0
1555 1
1556 0
1557 0
1558 1
1559 1
1560 1
1561 1
1562 1
1563 1
1564 1
1565 0
1566 0
1567 0
1568 0
1569 0
1570 0
1571 0
1572 0
1573 0
1574 0
1575 1
1576 1
1577 2
1578 1
1579 0
1580 1
1581 0
1582 1
1583 1
1584 1
1585 0
1586 0
1587 0
1588 1
1589 0
1590 0
1591 1
1592 1
1593 0
1594 0
1595 1
1596 2
1597 0
1598 0
1599 0
1600 1
1601 1
1602 1
1603 1
1604 0
1605 1
1606 1
1607 0
1608 2
1609 1
1610 3
1611 2
1612 0
1613 1
1614 0
1615 1
1616 0
1617 1
1618 1
1619 0
1620 0
1621 0
1622 0
1623 1
1624 0
1625 1
1626 1
1627 1
1628 1
1629 0
1630 0
1631 1
1632 1
1633 1
1634 0
1635 1
1636 0
1637 1
1638 1
1639 0
1640 0
1641 0
1642 1
1643 2
1644 0
1645 1
1646 1
1647 1
1648 0
1649 2
1650 2
1651 0
1652 1
1653 1
1654 0
1655 1
1656 1
1657 1
1658 1
1659 2
1660 1
1661 1
1662 1
1663 1
1664 1
1665 1
1666 1
1667 1
1668 1
1669 1
1670 1
1671 1
1672 2
1673 1
1674 1
1675 0
1676 1
1677 1
1678 0
1679 0
1680 0
1681 0
1682 1
1683 1
1684 0
1685 0
1686 0
1687 0
1688 2
1689 1
1690 1
1691 1
1692 1
1693 0
1694 1
1695 1
1696 1
1697 1
1698 0
1699 1
1700 1
1701 1
1702 1
1703 1
1704 0
1705 1
1706 1
1707 1
1708 0
1709 1
1710 1
1711 1
1712 1
1713 1
1714 1
1715 0
1716 1
1717 0
1718 1
1719 1
1720 1
1721 1
1722 1
1723 1
1724 1
1725 0
1726 1
1727 1
1728 0
1729 0
1730 2
1731 2
1732 0
1733 2
1734 1
1735 0
1736 2
1737 1
1738 1
1739 1
1740 1
1741 1
1742 1
1743 1
1744 2
1745 0
1746 0
1747 0
1748 0
1749 0
1750 0
1751 1
1752 0
1753 1
1754 1
1755 1
1756 0
1757 1
1758 1
1759 0
1760 1
1761 1
1762 0
1763 0
1764 1
1765 0
1766 1
1767 1
1768 0
1769 0
1770 1
1771 0
1772 1
1773 0
1774 0
1775 1
1776 0
1777 0
1778 1
1779 2
1780 2
1781 1
1782 1
1783 1
1784 1
1785 0
1786 0
1787 0
1788 0
1789 0
1790 0
1791 0
1792 0
1793 0
1794 1
1795 1
1796 0
1797 1
1798 1
1799 1
1800 2
1801 1
1802 1
1803 1
1804 0
1805 1
1806 2
1807 1
1808 1
1809 1
1810 1
1811 1
1812 0
1813 1
1814 0
1815 0
1816 0
1817 0
1818 1
1819 1
1820 1
1821 1
1822 1
1823 2
1824 1
1825 1
1826 1
1827 0
1828 1
1829 1
1830 1
1831 1
1832 0
1833 1
1834 0
1835 1
1836 0
1837 0
1838 0
1839 1
1840 1
1841 3
1842 1
1843 0
1844 1
1845 0
1846 0
1847 0
1848 0
1849 1
1850 1
1851 0
1852 0
1853 0
1854 1
1855 0
1856 2
1857 1
1858 1
1859 0
1860 0
1861 0
1862 1
1863 1
1864 1
1865 0
1866 0
1867 0
1868 0
1869 1
1870 1
1871 1
1872 2
1873 0
1874 2
1875 0
1876 0
1877 0
1878 0
1879 0
1880 0
1881 0
1882 1
1883 0
1884 0
1885 0
1886 0
1887 0
1888 0
1889 0
1890 0
1891 0
1892 0
1893 1
1894 1
1895 1
1896 1
1897 0
1898 0
1899 0
1900 0
1901 0
1902 0
1903 0
1904 0
1905 0
1906 1
1907 0
1908 0
1909 1
1910 1
1911 2
1912 2
1913 2
1914 1
1915 0
1916 1
1917 0
1918 2
1919 1
1920 1
1921 0
1922 0
1923 1
1924 1
1925 1
1926 1
1927 1
1928 1
1929 2
1930 0
1931 0
1932 0
1933 0
1934 0
1935 1
1936 1
1937 1
1938 0
1939 0
1940 1
1941 0
1942 1
1943 0
1944 0
1945 1
1946 0
1947 0
1948 1
1949 0
1950 0
1951 0
1952 0
1953 0
1954 0
1955 0
1956 0
1957 0
1958 0
1959 0
1960 0
1961 0
1962 0
1963 0
1964 0
1965 0
1966 0
1967 0
1968 0
1969 1
1970 1
1971 0
1972 0
1973 1
1974 0
1975 0
1976 0
1977 1
1978 0
1979 1
1980 0
1981 1
1982 0
1983 0
1984 0
1985 0
1986 1
1987 1
1988 1
1989 2
1990 0
1991 0
1992 1
1993 1
1994 1
1995 1
1996 0
1997 1
1998 0
1999 1
