0 1
1 0
2 1
3 1
4 1
5 1
6 1
7 1
8 1
9 1
10 0
11 1
12 1
13 1
14 0
15 1
16 0
17 0
18 1
19 0
20 1
21 1
22 1
23 0
24 0
25 0
26 0
27 0
28 0
29 0
30 0
31 1
32 2
33 1
34 0
35 0
36 0
37 0
38 0
39 0
40 1
41 0
42 0
43 0
44 0
45 0
46 0
47 0
48 0
49 0
50 1
51 1
52 0
53 1
54 0
55 0
56 0
57 0
58 0
59 0
60 1
61 1
62 0
63 1
64 1
65 1
66 1
67 1
68 1
69 1
70 0
71 2
72 1
73 1
74 1
75 0
76 0
77 0
78 0
79 0
80 0
81 0
82 0
83 0
84 0
85 0
86 0
87 0
88 0
89 0
90 0
91 0
92 0
93 1
94 1
95 1
96 1
97 1
98 0
99 0
100 1
101 1
102 1
103 1
104 1
105 0
106 0
107 1
108 0
109 0
110 0
111 0
112 0
113 0
114 0
115 0
116 0
117 0
118 0
119 1
120 1
121 1
122 2
123 1
124 1
125 1
126 0
127 0
128 0
129 1
130 1
131 1
132 0
133 0
134 0
135 0
136 0
137 0
138 0
139 0
140 0
141 0
142 0
143 0
144 0
145 0
146 0
147 0
148 0
149 0
150 0
151 0
152 0
153 0
154 0
155 0
156 0
157 0
158 0
159 0
160 0
161 1
162 1
163 1
164 1
165 1
166 0
167 0
168 0
169 0
170 0
171 0
172 0
173 0
174 1
175 1
176 1
177 1
178 1
179 0
180 0
181 0
182 0
183 0
184 0
185 0
186 0
187 0
188 0
189 0
190 0
191 1
192 1
193 1
194 1
195 1
196 1
197 1
198 1
199 1
200 1
201 0
202 1
203 1
204 1
205 0
206 1
207 1
208 1
209 1
210 1
211 1
212 1
213 0
214 1
215 1
216 1
217 2
218 1
219 1
220 2
221 1
222 1
223 1
224 1
225 1
226 2
227 0
228 1
229 1
230 0
231 0
232 0
233 0
234 1
235 2
236 1
237 0
238 0
239 1
240 0
241 0
242 0
243 1
244 1
245 0
246 0
247 0
248 0
249 1
250 0
251 0
252 0
253 0
254 1
255 0
256 0
257 1
258 1
259 1
260 0
261 1
262 1
263 2
264 0
265 0
266 2
267 0
268 0
269 0
270 0
271 0
272 0
273 0
274 0
275 0
276 1
277 1
278 1
279 1
280 1
281 1
282 1
283 1
284 2
285 2
286 1
287 2
288 0
289 0
290 0
291 0
292 1
293 0
294 0
295 0
296 0
297 0
298 0
299 0
300 0
301 0
302 0
303 0
304 0
305 0
306 0
307 0
308 0
309 1
310 0
311 0
312 0
313 0
314 0
315 0
316 1
317 0
318 0
319 1
320 1
321 1
322 0
323 0
324 2
325 1
326 1
327 1
328 0
329 1
330 1
331 0
332 0
333 2
334 1
335 1
336 1
337 1
338 1
339 0
340 1
341 0
342 0
343 0
344 0
345 0
346 1
347 0
348 1
349 0
350 1
351 1
352 1
353 1
354 1
355 1
356 1
357 1
358 1
359 0
360 2
361 1
362 0
363 0
364 0
365 1
366 1
367 1
368 1
369 1
370 1
371 0
372 0
373 0
374 0
375 0
376 1
377 0
378 1
379 1
380 1
381 0
382 0
383 1
384 0
385 0
386 0
387 0
388 0
389 0
390 0
391 0
392 0
393 0
394 0
395 0
396 0
397 0
398 0
399 0
400 0
401 0
402 0
403 0
404 0
405 0
406 0
407 0
408 0
409 0
410 0
411 1
412 0
413 0
414 0
415 0
416 0
417 0
418 0
419 0
420 0
421 0
422 0
423 0
424 1
425 0
426 0
427 0
428 0
429 0
430 0
431 0
432 0
433 0
434 1
435 1
436 1
437 1
438 0
439 1
440 1
441 0
442 1
443 0
444 1
445 2
446 0
447 0
448 0
449 0
450 0
451 1
452 2
453 1
454 0
455 1
456 1
457 1
458 0
459 0
460 0
461 0
462 0
463 0
464 0
465 0
466 0
467 1
468 0
469 0
470 0
471 0
472 0
473 0
474 0
475 0
476 0
477 0
478 0
479 0
480 0
481 0
482 0
483 0
484 0
485 0
486 0
487 0
488 0
489 0
490 0
491 0
492 0
493 0
494 0
495 0
496 0
497 0
498 0
499 0
500 0
501 0
502 0
503 0
504 1
505 1
506 1
507 0
508 0
509 1
510 0
511 0
512 2
513 0
514 2
515 0
516 0
517 0
518 0
519 0
520 0
521 0
522 0
523 0
524 0
525 0
526 0
527 0
528 1
529 0
530 0
531 0
532 1
533 1
534 1
535 1
536 1
537 1
538 2
539 1
540 2
541 0
542 1
543 1
544 1
545 1
546 1
547 0
548 1
549 1
550 0
551 0
552 0
553 0
554 0
555 1
556 1
557 1
558 1
559 1
560 1
561 1
562 1
563 1
564 1
565 1
566 1
567 1
568 1
569 1
570 1
571 1
572 1
573 1
574 1
575 1
576 0
577 2
578 1
579 1
580 0
581 0
582 1
583 1
584 1
585 1
586 1
587 1
588 1
589 1
590 1
591 1
592 1
593 1
594 0
595 1
596 1
597 1
598 1
599 1
600 1
601 1
602 1
603 1
604 0
605 0
606 0
607 0
608 1
609 0
610 1
611 0
612 0
613 1
614 1
615 1
616 1
617 1
618 1
619 0
620 1
621 0
622 1
623 1
624 1
625 1
626 0
627 0
628 1
629 1
630 1
631 2
632 1
633 1
634 1
635 1
636 1
637 1
638 1
639 1
640 1
641 1
642 0
643 1
644 1
645 1
646 1
647 1
648 1
649 0
650 1
651 1
652 0
653 1
654 1
655 1
656 1
657 1
658 1
659 1
660 1
661 1
662 1
663 1
664 1
665 0
666 0
667 0
668 1
669 0
670 0
671 0
672 0
673 0
674 0
675 0
676 0
677 0
678 0
679 1
680 1
681 1
682 1
683 1
684 0
685 1
686 1
687 1
688 1
689 1
690 1
691 1
692 1
693 2
694 1
695 1
696 1
697 1
698 2
699 1
700 1
701 1
702 1
703 2
704 1
705 1
706 1
707 1
708 1
709 1
710 1
711 2
712 1
713 1
714 1
715 0
716 1
717 1
718 0
719 2
720 1
721 1
722 2
723 0
724 1
725 1
726 1
727 1
728 2
729 1
730 1
731 2
732 1
733 1
734 1
735 1
736 1
737 1
738 0
739 1
740 1
741 1
742 2
743 1
744 1
745 0
746 0
747 0
748 1
749 0
750 1
751 1
752 1
753 1
754 1
755 1
756 1
757 1
758 1
759 1
760 1
761 1
762 1
763 2
764 2
765 0
766 0
767 1
768 0
769 1
770 1
771 1
772 1
773 1
774 0
775 1
776 1
777 1
778 1
779 2
780 1
781 1
782 1
783 1
784 0
785 0
786 0
787 0
788 0
789 0
790 0
791 2
792 1
793 0
794 1
795 1
796 0
797 0
798 1
799 1
800 1
801 1
802 0
803 1
804 0
805 1
806 1
807 1
808 1
809 1
810 1
811 1
812 1
813 1
814 2
815 0
816 0
817 0
818 0
819 0
820 1
821 0
822 0
823 0
824 0
825 0
826 0
827 0
828 0
829 1
830 0
831 0
832 0
833 1
834 0
835 1
836 2
837 1
838 1
839 1
840 1
841 1
842 1
843 1
844 3
845 2
846 0
847 2
848 1
849 1
850 2
851 2
852 1
853 1
854 1
855 1
856 1
857 1
858 2
859 2
860 2
861 1
862 0
863 2
864 2
865 2
866 2
867 1
868 1
869 0
870 1
871 1
872 1
873 1
874 1
875 2
876 2
877 1
878 1
879 2
880 1
881 1
882 1
883 1
884 1
885 1
886 0
887 2
888 1
889 0
890 1
891 1
892 1
893 1
894 2
895 1
896 0
897 1
898 1
899 1
900 1
901 1
902 1
903 1
904 1
905 1
906 1
907 1
908 1
909 1
910 0
911 0
912 1
913 0
914 0
915 1
916 1
917 0
918 0
919 0
920 0
921 0
922 0
923 0
924 1
925 2
926 1
927 1
928 1
929 2
930 1
931 1
932 1
933 1
934 0
935 1
936 0
937 0
938 1
939 0
940 0
941 0
942 0
943 1
944 0
945 0
946 1
947 3
948 1
949 1
950 1
951 1
952 1
953 1
954 1
955 0
956 1
957 1
958 1
959 2
960 1
961 1
962 0
963 1
964 1
965 1
966 1
967 1
968 1
969 2
970 1
971 2
972 1
973 1
974 2
975 2
976 1
977 2
978 1
979 1
980 1
981 2
982 0
983 1
984 0
985 0
986 0
987 0
988 0
989 0
990 0
991 1
992 2
993 0
994 2
995 1
996 1
997 1
998 1
999 1
1000 2
1001 1
1002 1
1003 1
1004 1
1005 1
1006 2
1007 1
1008 1
1009 1
1010 1
1011 1
1012 2
1013 0
1014 0
1015 0
1016 0
1017 0
1018 0
1019 0
1020 0
1021 0
1022 1
1023 0
1024 0
1025 0
1026 0
1027 1
1028 1
1029 0
1030 0
1031 0
1032 0
1033 0
1034 0
1035 0
1036 0
1037 1
1038 0
1039 0
1040 0
1041 0
1042 0
1043 0
1044 1
1045 0
1046 0
1047 1
1048 0
1049 0
1050 0
1051 0
1052 1
1053 0
1054 0
1055 1
1056 0
1057 0
1058 0
1059 0
1060 0
1061 0
1062 0
1063 1
1064 0
1065 0
1066 0
1067 0
1068 0
1069 1
1070 1
1071 0
1072 0
1073 0
1074 0
1075 0
1076 0
1077 0
1078 0
1079 0
1080 0
1081 0
1082 0
1083 0
1084 0
1085 0
1086 0
1087 0
1088 0
1089 0
1090 0
1091 0
1092 0
1093 0
1094 0
1095 0
1096 0
1097 0
1098 0
1099 0
1100 0
1101 1
1102 0
1103 1
1104 1
1105 1
1106 0
1107 0
1108 0
1109 0
1110 1
1111 0
1112 0
1113 0
1114 1
1115 1
1116 0
1117 0
1118 0
1119 0
1120 0
1121 0
1122 0
1123 0
1124 1
1125 0
1126 0
1127 0
1128 0
1129 1
1130 0
1131 0
1132 1
1133 0
1134 0
1135 0
1136 0
1137 1
1138 1
1139 0
1140 0
1141 0
1142 0
1143 0
1144 0
1145 0
1146 0
1147 0
1148 0
1149 0
1150 0
1151 0
1152 0
1153 0
1154 0
1155 0
1156 0
1157 0
1158 0
1159 0
1160 0
1161 0
1162 0
1163 1
1164 0
1165 1
1166 0
1167 2
1168 1
1169 0
1170 1
1171 0
1172 0
1173 0
1174 1
1175 0
1176 0
1177 1
1178 1
1179 0
1180 0
1181 0
1182 0
1183 0
1184 0
1185 0
1186 0
1187 0
1188 0
1189 0
1190 0
1191 0
1192 0
1193 0
1194 0
1195 0
1196 0
1197 0
1198 0
1199 0
1200 1
1201 0
1202 0
1203 0
1204 0
1205 0
1206 0
1207 1
1208 1
1209 1
1210 2
1211 1
1212 2
1213 2
1214 2
1215 0
1216 1
1217 1
1218 1
1219 1
1220 2
1221 2
1222 1
1223 1
1224 1
1225 1
1226 3
1227 1
1228 0
1229 1
1230 1
1231 1
1232 3
1233 1
1234 1
1235 0
1236 0
1237 0
1238 2
1239 0
1240 0
1241 0
1242 1
1243 1
1244 1
1245 1
1246 0
1247 1
1248 0
1249 1
1250 1
1251 1
1252 1
1253 1
1254 0
1255 1
1256 1
1257 2
1258 1
1259 1
1260 0
1261 0
1262 1
1263 1
1264 0
1265 1
1266 0
1267 1
1268 1
1269 2
1270 1
1271 1
1272 1
1273 2
1274 1
1275 1
1276 1
1277 0
1278 1
1279 1
1280 0
1281 0
1282 1
1283 0
1284 2
1285 1
1286 1
1287 0
1288 1
1289 0
1290 1
1291 1
1292 0
1293 1
1294 0
1295 0
1296 0
1297 1
1298 1
1299 1
1300 1
1301 3
1302 1
1303 0
1304 1
1305 1
1306 0
1307 1
1308 2
1309 1
1310 1
1311 2
1312 1
1313 2
1314 1
1315 0
1316 1
1317 0
1318 1
1319 0
1320 1
1321 1
1322 2
1323 3
1324 1
1325 1
1326 2
1327 1
1328 2
1329 1
1330 1
1331 2
1332 1
1333 1
1334 1
1335 1
1336 1
1337 1
1338 2
1339 1
1340 1
1341 1
1342 1
1343 0
1344 1
1345 2
1346 1
1347 0
1348 0
1349 1
1350 0
1351 1
1352 1
1353 0
1354 2
1355 2
1356 1
1357 0
1358 1
1359 2
1360 2
1361 1
1362 1
1363 1
1364 2
1365 1
1366 1
1367 1
1368 1
1369 1
1370 1
1371 2
1372 1
1373 1
1374 1
1375 1
1376 1
1377 1
1378 1
1379 0
1380 1
1381 1
1382 2
1383 1
1384 0
1385 2
1386 1
1387 1
1388 2
1389 1
1390 1
1391 1
1392 1
1393 1
1394 1
1395 1
1396 1
1397 1
1398 1
1399 1
1400 1
1401 1
1402 1
1403 1
1404 1
1405 2
1406 1
1407 1
1408 1
1409 1
1410 0
1411 0
1412 0
1413 0
1414 0
1415 1
1416 0
1417 0
1418 0
1419 0
1420 0
1421 0
1422 0
1423 0
1424 0
1425 0
1426 0
1427 1
1428 0
1429 1
1430 1
1431 1
1432 1
1433 2
1434 2
1435 1
1436 1
1437 2
1438 2
1439 1
1440 0
1441 1
1442 1
1443 1
1444 1
1445 3
1446 1
1447 0
1448 0
1449 1
1450 1
1451 1
1452 0
1453 1
1454 0
1455 0
1456 1
1457 0
1458 0
1459 1
1460 1
1461 0
1462 0
1463 2
1464 0
1465 0
1466 0
1467 0
1468 0
1469 0
1470 1
1471 1
1472 0
1473 0
1474 0
1475 1
1476 1
1477 2
1478 0
1479 1
1480 2
1481 1
1482 1
1483 1
1484 1
1485 0
1486 0
1487 0
1488 0
1489 1
1490 1
1491 1
1492 1
1493 1
1494 1
1495 0
1496 2
1497 0
1498 0
1499 1
1500 1
1501 1
1502 1
1503 1
1504 0
1505 0
1506 0
1507 1
1508 1
1509 2
1510 1
1511 1
1512 1
1513 2
1514 1
1515 0
1516 1
1517 1
1518 1
1519 1
1520 1
1521 1
1522 0
1523 1
1524 1
1525 1
1526 0
1527 1
1528 0
1529 0
1530 0
1531 1
1532 1
1533 0
1534 1
1535 0
1536 1
1537 0
1538 1
1539 1
1540 1
1541 1
1542 1
1543 1
1544 1
1545 1
1546 2
1547 0
1548 0
1549 0
1550 1
1551 1
1552 1
1553 1
1554 1
1555 1
1556 1
1557 0
1558 0
1559 1
1560 1
1561 0
1562 1
1563 2
1564 0
1565 2
1566 0
1567 0
1568 1
1569 0
1570 0
1571 0
1572 0
1573 0
1574 0
1575 1
1576 2
1577 1
1578 0
1579 0
1580 0
1581 0
1582 0
1583 0
1584 0
1585 0
1586 0
1587 0
1588 0
1589 0
1590 0
1591 0
1592 0
1593 0
1594 0
1595 0
1596 0
1597 0
1598 0
1599 0
1600 0
1601 0
1602 0
1603 0
1604 0
1605 1
1606 0
1607 0
1608 0
1609 0
1610 0
1611 0
1612 0
1613 0
1614 0
1615 0
1616 0
1617 0
1618 0
1619 0
1620 0
1621 0
1622 0
1623 0
1624 0
1625 0
1626 0
1627 0
1628 0
1629 0
1630 0
1631 1
1632 1
1633 0
1634 1
1635 1
1636 0
1637 0
1638 2
1639 0
1640 1
1641 0
1642 1
1643 1
1644 2
1645 2
1646 1
1647 2
1648 1
1649 1
1650 1
1651 1
1652 1
1653 2
1654 1
1655 1
1656 1
1657 1
1658 1
1659 1
1660 1
1661 1
1662 1
1663 1
1664 1
1665 1
1666 1
1667 2
1668 1
1669 1
1670 1
1671 1
1672 1
1673 2
1674 1
1675 1
1676 1
1677 1
1678 0
1679 1
1680 1
1681 1
1682 1
1683 1
1684 1
1685 1
1686 1
1687 2
1688 1
1689 1
1690 2
1691 2
1692 1
1693 1
1694 1
1695 1
1696 1
1697 2
1698 0
1699 1
1700 1
1701 1
1702 1
1703 2
1704 1
1705 1
1706 1
1707 1
1708 1
1709 1
1710 1
1711 1
1712 1
1713 1
1714 1
1715 1
1716 1
1717 0
1718 0
1719 1
1720 1
1721 1
1722 1
1723 1
1724 1
1725 1
1726 1
1727 1
1728 1
1729 1
1730 1
1731 1
1732 1
1733 1
1734 1
1735 1
1736 0
1737 1
1738 1
1739 1
1740 1
1741 1
1742 1
1743 0
1744 0
1745 1
1746 0
1747 1
1748 1
1749 1
1750 1
1751 1
1752 1
1753 1
1754 1
1755 1
1756 1
1757 1
1758 1
1759 1
1760 1
1761 1
1762 1
1763 1
1764 1
1765 1
1766 1
1767 2
1768 1
1769 1
1770 1
1771 1
1772 1
1773 2
1774 1
1775 1
1776 1
1777 1
1778 2
1779 1
1780 1
1781 1
1782 1
1783 1
1784 1
1785 1
1786 1
1787 1
1788 1
1789 1
1790 1
1791 0
1792 1
1793 1
1794 1
1795 1
1796 1
1797 2
1798 1
1799 1
1800 1
1801 1
1802 1
1803 1
1804 1
1805 1
1806 1
1807 1
1808 1
1809 1
1810 1
1811 1
1812 1
1813 1
1814 0
1815 1
1816 1
1817 1
1818 2
1819 0
1820 1
1821 1
1822 1
1823 0
1824 1
1825 1
1826 1
1827 1
1828 1
1829 1
1830 1
1831 1
1832 1
1833 1
1834 1
1835 1
1836 1
1837 1
1838 1
1839 0
1840 0
1841 1
1842 1
1843 1
1844 1
1845 1
1846 1
1847 1
1848 1
1849 1
1850 1
1851 1
1852 1
1853 1
1854 0
1855 1
1856 1
1857 1
1858 1
1859 1
1860 1
1861 1
1862 1
1863 2
1864 0
1865 0
1866 0
1867 0
1868 0
1869 0
1870 0
1871 0
1872 0
1873 0
1874 0
1875 0
1876 1
1877 0
1878 0
1879 1
1880 0
1881 1
1882 1
1883 0
1884 1
1885 2
1886 1
1887 1
1888 1
1889 1
1890 1
1891 2
1892 1
1893 1
1894 1
1895 1
1896 1
1897 1
1898 1
1899 1
1900 1
1901 1
1902 1
1903 1
1904 1
1905 1
1906 1
1907 1
1908 1
1909 0
1910 1
1911 1
1912 0
1913 1
1914 1
1915 1
1916 1
1917 2
1918 1
1919 1
1920 1
1921 1
1922 1
1923 1
1924 1
1925 1
1926 1
1927 1
1928 1
1929 1
1930 1
1931 1
1932 1
1933 0
1934 1
1935 1
1936 1
1937 1
1938 1
1939 1
1940 1
1941 1
1942 1
1943 1
1944 1
1945 1
1946 1
1947 1
1948 1
1949 1
1950 1
1951 1
1952 1
1953 1
1954 1
1955 2
1956 1
1957 1
1958 1
1959 1
1960 1
1961 1
1962 1
1963 1
1964 1
1965 1
1966 1
1967 0
1968 1
1969 2
1970 1
1971 2
1972 1
1973 1
1974 1
1975 1
1976 0
1977 1
1978 1
1979 2
1980 1
1981 1
1982 1
1983 0
1984 1
1985 1
1986 1
1987 1
1988 1
1989 1
1990 1
1991 1
1992 1
1993 1
1994 1
1995 1
1996 1
1997 1
1998 0
1999 1
