0 1
1 0
2 1
3 1
4 0
5 1
6 1
7 1
8 1
9 1
10 1
11 1
12 1
13 2
14 0
15 1
16 0
17 0
18 0
19 0
20 0
21 0
22 0
23 0
24 0
25 0
26 0
27 1
28 1
29 1
30 2
31 0
32 2
33 1
34 1
35 1
36 0
37 1
38 3
39 3
40 1
41 2
42 1
43 1
44 1
45 1
46 1
47 0
48 1
49 1
50 2
51 1
52 1
53 3
54 2
55 1
56 1
57 1
58 2
59 2
60 2
61 1
62 2
63 0
64 2
65 2
66 2
67 0
68 2
69 2
70 2
71 2
72 2
73 0
74 1
75 0
76 1
77 1
78 1
79 1
80 2
81 2
82 2
83 0
84 0
85 1
86 0
87 1
88 0
89 2
90 1
91 2
92 0
93 2
94 2
95 1
96 1
97 1
98 0
99 0
100 2
101 2
102 2
103 1
104 2
105 2
106 2
107 2
108 1
109 1
110 0
111 2
112 1
113 0
114 1
115 1
116 2
117 2
118 2
119 1
120 1
121 2
122 2
123 2
124 1
125 0
126 1
127 2
128 2
129 2
130 2
131 1
132 0
133 1
134 1
135 2
136 2
137 1
138 2
139 1
140 2
141 1
142 2
143 1
144 2
145 1
146 2
147 1
148 1
149 2
150 0
151 1
152 2
153 3
154 2
155 2
156 1
157 1
158 0
159 0
160 0
161 0
162 0
163 0
164 1
165 0
166 0
167 0
168 1
169 0
170 0
171 1
172 0
173 1
174 1
175 1
176 0
177 0
178 1
179 0
180 0
181 0
182 0
183 0
184 0
185 0
186 0
187 0
188 0
189 0
190 0
191 0
192 0
193 0
194 0
195 0
196 0
197 0
198 0
199 0
200 0
201 0
202 0
203 1
204 1
205 1
206 0
207 1
208 1
209 1
210 0
211 1
212 1
213 0
214 0
215 2
216 1
217 2
218 1
219 0
220 1
221 0
222 1
223 2
224 0
225 0
226 0
227 0
228 0
229 2
230 0
231 0
232 0
233 0
234 0
235 0
236 0
237 0
238 0
239 0
240 0
241 0
242 0
243 0
244 0
245 1
246 2
247 1
248 0
249 0
250 0
251 0
252 0
253 0
254 0
255 0
256 0
257 0
258 0
259 0
260 0
261 0
262 0
263 0
264 1
265 2
266 1
267 2
268 1
269 1
270 2
271 1
272 2
273 0
274 0
275 0
276 1
277 1
278 1
279 2
280 0
281 1
282 1
283 1
284 1
285 1
286 0
287 1
288 1
289 0
290 1
291 1
292 0
293 0
294 1
295 1
296 0
297 1
298 1
299 0
300 0
301 0
302 0
303 0
304 1
305 0
306 1
307 1
308 0
309 0
310 0
311 0
312 0
313 0
314 1
315 0
316 1
317 0
318 0
319 0
320 2
321 1
322 0
323 1
324 2
325 1
326 0
327 0
328 1
329 0
330 0
331 0
332 0
333 1
334 0
335 2
336 1
337 0
338 0
339 1
340 1
341 1
342 2
343 1
344 0
345 1
346 1
347 1
348 2
349 1
350 2
351 1
352 0
353 2
354 2
355 1
356 1
357 2
358 2
359 2
360 1
361 1
362 0
363 1
364 1
365 1
366 2
367 2
368 1
369 1
370 1
371 1
372 1
373 0
374 1
375 1
376 2
377 1
378 2
379 1
380 1
381 1
382 1
383 2
384 2
385 2
386 2
387 1
388 1
389 1
390 1
391 1
392 2
393 3
394 1
395 2
396 0
397 2
398 2
399 2
400 1
401 2
402 0
403 1
404 1
405 1
406 2
407 2
408 1
409 1
410 1
411 2
412 2
413 0
414 0
415 0
416 0
417 0
418 0
419 0
420 2
421 2
422 2
423 2
424 3
425 0
426 0
427 0
428 0
429 2
430 0
431 1
432 0
433 0
434 0
435 0
436 0
437 2
438 0
439 0
440 0
441 0
442 0
443 0
444 0
445 0
446 0
447 0
448 0
449 0
450 0
451 0
452 0
453 0
454 1
455 0
456 0
457 0
458 0
459 0
460 0
461 0
462 0
463 0
464 0
465 1
466 0
467 0
468 0
469 0
470 0
471 0
472 0
473 0
474 1
475 1
476 0
477 2
478 3
479 1
480 3
481 3
482 2
483 1
484 1
485 1
486 1
487 1
488 2
489 0
490 0
491 0
492 1
493 0
494 0
495 0
496 0
497 0
498 0
499 0
500 0
501 0
502 0
503 0
504 0
505 0
506 0
507 0
508 0
509 0
510 0
511 0
512 1
513 0
514 0
515 0
516 0
517 0
518 0
519 0
520 0
521 0
522 0
523 0
524 0
525 0
526 0
527 0
528 0
529 0
530 0
531 0
532 0
533 0
534 0
535 0
536 0
537 0
538 0
539 1
540 0
541 0
542 0
543 0
544 1
545 1
546 0
547 0
548 0
549 1
550 0
551 0
552 0
553 0
554 0
555 0
556 1
557 0
558 0
559 0
560 0
561 0
562 1
563 1
564 1
565 1
566 0
567 0
568 0
569 1
570 1
571 0
572 2
573 3
574 0
575 0
576 0
577 0
578 0
579 0
580 0
581 1
582 0
583 0
584 0
585 0
586 0
587 0
588 0
589 1
590 1
591 0
592 1
593 0
594 0
595 0
596 0
597 2
598 0
599 0
600 0
601 1
602 1
603 1
604 0
605 1
606 1
607 0
608 0
609 1
610 1
611 0
612 0
613 0
614 0
615 0
616 1
617 0
618 0
619 0
620 0
621 0
622 0
623 0
624 1
625 1
626 0
627 1
628 0
629 0
630 0
631 0
632 1
633 0
634 0
635 1
636 0
637 1
638 0
639 0
640 1
641 0
642 0
643 0
644 1
645 1
646 1
647 1
648 1
649 2
650 0
651 1
652 0
653 0
654 0
655 1
656 0
657 0
658 0
659 0
660 0
661 2
662 0
663 1
664 1
665 1
666 0
667 0
668 0
669 0
670 0
671 0
672 1
673 0
674 0
675 0
676 0
677 0
678 0
679 1
680 0
681 0
682 0
683 0
684 0
685 0
686 1
687 0
688 0
689 0
690 0
691 0
692 0
693 0
694 0
695 0
696 0
697 0
698 0
699 0
700 0
701 0
702 0
703 0
704 0
705 0
706 0
707 0
708 0
709 0
710 0
711 0
712 0
713 0
714 0
715 0
716 0
717 1
718 1
719 1
720 2
721 1
722 1
723 0
724 0
725 0
726 0
727 0
728 0
729 0
730 0
731 0
732 2
733 1
734 1
735 1
736 0
737 1
738 0
739 0
740 0
741 0
742 0
743 0
744 1
745 0
746 0
747 1
748 1
749 0
750 1
751 1
752 0
753 0
754 0
755 0
756 0
757 2
758 0
759 1
760 0
761 0
762 1
763 0
764 1
765 1
766 0
767 0
768 0
769 0
770 1
771 0
772 1
773 1
774 0
775 0
776 1
777 2
778 2
779 1
780 1
781 1
782 0
783 1
784 1
785 0
786 1
787 2
788 2
789 0
790 1
791 2
792 1
793 0
794 0
795 1
796 1
797 2
798 1
799 1
800 0
801 0
802 0
803 0
804 2
805 1
806 0
807 0
808 0
809 0
810 0
811 1
812 1
813 1
814 1
815 1
816 1
817 0
818 1
819 2
820 0
821 2
822 2
823 3
824 2
825 1
826 2
827 1
828 0
829 1
830 1
831 1
832 0
833 3
834 1
835 2
836 2
837 1
838 0
839 2
840 0
841 1
842 1
843 1
844 0
845 1
846 3
847 2
848 1
849 2
850 1
851 0
852 2
853 2
854 0
855 0
856 0
857 0
858 0
859 0
860 1
861 0
862 1
863 0
864 1
865 0
866 0
867 0
868 4
869 1
870 4
871 0
872 2
873 1
874 3
875 2
876 1
877 3
878 0
879 1
880 1
881 1
882 1
883 0
884 2
885 1
886 0
887 1
888 2
889 1
890 2
891 3
892 1
893 3
894 1
895 1
896 1
897 2
898 1
899 1
900 1
901 0
902 3
903 1
904 0
905 4
906 0
907 1
908 1
909 0
910 1
911 2
912 1
913 2
914 2
915 1
916 0
917 0
918 2
919 2
920 2
921 1
922 0
923 0
924 0
925 2
926 0
927 1
928 3
929 1
930 1
931 1
932 0
933 0
934 1
935 1
936 0
937 0
938 1
939 2
940 2
941 2
942 1
943 1
944 0
945 4
946 3
947 2
948 0
949 4
950 1
951 1
952 2
953 2
954 1
955 0
956 1
957 2
958 0
959 3
960 0
961 1
962 0
963 0
964 0
965 0
966 0
967 2
968 3
969 1
970 3
971 2
972 0
973 0
974 1
975 0
976 0
977 1
978 1
979 2
980 1
981 0
982 1
983 0
984 1
985 1
986 1
987 1
988 1
989 1
990 0
991 1
992 1
993 1
994 0
995 0
996 0
997 0
998 0
999 0
1000 0
1001 0
1002 1
1003 1
1004 0
1005 0
1006 1
1007 1
1008 0
1009 2
1010 1
1011 2
1012 2
1013 1
1014 1
1015 1
1016 0
1017 1
1018 1
1019 1
1020 2
1021 1
1022 1
1023 2
1024 0
1025 0
1026 1
1027 1
1028 0
1029 0
1030 0
1031 0
1032 1
1033 0
1034 1
1035 0
1036 1
1037 0
1038 0
1039 0
1040 1
1041 1
1042 2
1043 0
1044 3
1045 2
1046 0
1047 1
1048 0
1049 0
1050 0
1051 1
1052 1
1053 1
1054 0
1055 1
1056 1
1057 1
1058 1
1059 1
1060 1
1061 0
1062 0
1063 1
1064 0
1065 1
1066 0
1067 1
1068 1
1069 0
1070 2
1071 0
1072 0
1073 0
1074 1
1075 0
1076 1
1077 1
1078 0
1079 2
1080 0
1081 0
1082 0
1083 0
1084 0
1085 0
1086 0
1087 0
1088 0
1089 0
1090 0
1091 0
1092 0
1093 0
1094 0
1095 1
1096 1
1097 2
1098 2
1099 2
1100 1
1101 0
1102 1
1103 3
1104 2
1105 2
1106 3
1107 1
1108 1
1109 0
1110 0
1111 1
1112 1
1113 0
1114 0
1115 1
1116 0
1117 1
1118 0
1119 0
1120 0
1121 0
1122 1
1123 1
1124 2
1125 2
1126 2
1127 1
1128 1
1129 3
1130 2
1131 2
1132 1
1133 0
1134 2
1135 2
1136 1
1137 0
1138 2
1139 4
1140 2
1141 1
1142 2
1143 2
1144 2
1145 2
1146 2
1147 3
1148 3
1149 3
1150 1
1151 1
1152 1
1153 0
1154 1
1155 0
1156 0
1157 0
1158 2
1159 1
1160 0
1161 0
1162 0
1163 0
1164 0
1165 2
1166 1
1167 0
1168 1
1169 2
1170 1
1171 1
1172 1
1173 0
1174 0
1175 1
1176 2
1177 1
1178 1
1179 1
1180 0
1181 0
1182 1
1183 0
1184 2
1185 1
1186 0
1187 1
1188 1
1189 0
1190 1
1191 0
1192 2
1193 0
1194 0
1195 0
1196 0
1197 0
1198 0
1199 0
1200 0
1201 0
1202 0
1203 1
1204 0
1205 1
1206 2
1207 3
1208 2
1209 2
1210 2
1211 2
1212 4
1213 2
1214 0
1215 0
1216 2
1217 0
1218 0
1219 3
1220 4
1221 0
1222 0
1223 0
1224 0
1225 0
1226 2
1227 3
1228 3
1229 2
1230 2
1231 1
1232 2
1233 1
1234 1
1235 1
1236 2
1237 0
1238 1
1239 3
1240 2
1241 1
1242 2
1243 1
1244 2
1245 2
1246 2
1247 2
1248 2
1249 1
1250 1
1251 0
1252 2
1253 1
1254 0
1255 0
1256 3
1257 3
1258 1
1259 0
1260 0
1261 0
1262 0
1263 0
1264 0
1265 0
1266 3
1267 3
1268 4
1269 1
1270 0
1271 0
1272 0
1273 0
1274 0
1275 0
1276 2
1277 2
1278 3
1279 1
1280 2
1281 0
1282 1
1283 2
1284 0
1285 1
1286 2
1287 0
1288 0
1289 0
1290 0
1291 0
1292 1
1293 0
1294 1
1295 0
1296 1
1297 1
1298 0
1299 0
1300 0
1301 0
1302 0
1303 0
1304 0
1305 0
1306 0
1307 0
1308 0
1309 0
1310 0
1311 0
1312 0
1313 0
1314 2
1315 1
1316 0
1317 0
1318 0
1319 0
1320 1
1321 0
1322 1
1323 0
1324 1
1325 1
1326 0
1327 0
1328 0
1329 0
1330 0
1331 0
1332 0
1333 0
1334 0
1335 0
1336 0
1337 0
1338 0
1339 1
1340 1
1341 0
1342 0
1343 1
1344 1
1345 0
1346 0
1347 0
1348 0
1349 0
1350 0
1351 0
1352 0
1353 0
1354 0
1355 0
1356 0
1357 0
1358 0
1359 0
1360 0
1361 0
1362 2
1363 1
1364 1
1365 0
1366 1
1367 1
1368 1
1369 1
1370 0
1371 1
1372 0
1373 1
1374 1
1375 0
1376 0
1377 0
1378 0
1379 0
1380 0
1381 0
1382 2
1383 1
1384 0
1385 0
1386 1
1387 0
1388 0
1389 2
1390 0
1391 0
1392 0
1393 1
1394 0
1395 1
1396 2
1397 1
1398 1
1399 1
1400 1
1401 0
1402 0
1403 0
1404 1
1405 1
1406 1
1407 1
1408 0
1409 0
1410 1
1411 0
1412 1
1413 0
1414 1
1415 1
1416 1
1417 0
1418 1
1419 1
1420 0
1421 1
1422 1
1423 1
1424 1
1425 1
1426 1
1427 1
1428 1
1429 1
1430 0
1431 1
1432 1
1433 1
1434 0
1435 1
1436 1
1437 1
1438 1
1439 1
1440 1
1441 2
1442 0
1443 1
1444 0
1445 0
1446 0
1447 0
1448 0
1449 1
1450 1
1451 0
1452 1
1453 0
1454 0
1455 0
1456 0
1457 1
1458 0
1459 1
1460 1
1461 1
1462 1
1463 1
1464 2
1465 2
1466 0
1467 0
1468 0
1469 0
1470 1
1471 0
1472 0
1473 0
1474 0
1475 0
1476 0
1477 0
1478 0
1479 1
1480 0
1481 1
1482 1
1483 0
1484 1
1485 1
1486 1
1487 1
1488 1
1489 1
1490 1
1491 0
1492 0
1493 1
1494 1
1495 1
1496 1
1497 1
1498 2
1499 2
1500 0
1501 0
1502 0
1503 1
1504 1
1505 0
1506 0
1507 0
1508 0
1509 0
1510 1
1511 2
1512 1
1513 3
1514 0
1515 1
1516 0
1517 2
1518 3
1519 1
1520 1
1521 1
1522 1
1523 0
1524 1
1525 1
1526 0
1527 0
1528 0
1529 0
1530 1
1531 1
1532 0
1533 2
1534 0
1535 0
1536 0
1537 0
1538 0
1539 0
1540 0
1541 0
1542 0
1543 0
1544 0
1545 0
1546 0
1547 0
1548 0
1549 0
1550 0
1551 0
1552 0
1553 0
1554 0
1555 0
1556 0
1557 0
1558 0
1559 0
1560 0
1561 0
1562 0
1563 0
1564 1
1565 1
1566 0
1567 2
1568 1
1569 0
1570 0
1571 0
1572 0
1573 0
1574 0
1575 0
1576 0
1577 0
1578 1
1579 0
1580 0
1581 0
1582 0
1583 0
1584 0
1585 0
1586 0
1587 0
1588 0
1589 0
1590 0
1591 0
1592 0
1593 1
1594 0
1595 0
1596 0
1597 0
1598 0
1599 0
1600 0
1601 0
1602 0
1603 0
1604 0
1605 0
1606 0
1607 1
1608 1
1609 1
1610 1
1611 1
1612 1
1613 1
1614 1
1615 0
1616 0
1617 0
1618 0
1619 0
1620 0
1621 0
1622 0
1623 0
1624 1
1625 0
1626 1
1627 1
1628 1
1629 1
1630 0
1631 0
1632 0
1633 1
1634 0
1635 0
1636 0
1637 0
1638 0
1639 0
1640 0
1641 0
1642 1
1643 0
1644 1
1645 1
1646 1
1647 1
1648 0
1649 0
1650 0
1651 0
1652 0
1653 0
1654 0
1655 0
1656 0
1657 0
1658 0
1659 0
1660 0
1661 0
1662 0
1663 0
1664 0
1665 0
1666 0
1667 0
1668 0
1669 0
1670 0
1671 0
1672 0
1673 0
1674 0
1675 0
1676 1
1677 1
1678 1
1679 1
1680 0
1681 0
1682 1
1683 0
1684 0
1685 0
1686 1
1687 1
1688 0
1689 0
1690 0
1691 0
1692 0
1693 0
1694 0
1695 0
1696 0
1697 1
1698 0
1699 0
1700 0
1701 0
1702 0
1703 0
1704 0
1705 0
1706 0
1707 0
1708 0
1709 0
1710 0
1711 1
1712 1
1713 1
1714 1
1715 0
1716 0
1717 0
1718 0
1719 0
1720 0
1721 0
1722 0
1723 0
1724 0
1725 0
1726 0
1727 0
1728 0
1729 0
1730 0
1731 0
1732 0
1733 0
1734 0
1735 2
1736 1
1737 1
1738 4
1739 1
1740 0
1741 0
1742 1
1743 2
1744 0
1745 0
1746 0
1747 0
1748 0
1749 0
1750 0
1751 0
1752 0
1753 0
1754 0
1755 0
1756 0
1757 0
1758 0
1759 0
1760 1
1761 1
1762 4
1763 2
1764 0
1765 3
1766 1
1767 1
1768 3
1769 1
1770 3
1771 3
1772 3
1773 3
1774 2
1775 2
1776 3
1777 2
1778 1
1779 1
1780 1
1781 2
1782 2
1783 1
1784 2
1785 0
1786 2
1787 3
1788 2
1789 2
1790 2
1791 1
1792 1
1793 2
1794 1
1795 2
1796 2
1797 1
1798 0
1799 1
1800 1
1801 0
1802 0
1803 1
1804 2
1805 3
1806 1
1807 1
1808 2
1809 2
1810 2
1811 1
1812 1
1813 2
1814 3
1815 2
1816 2
1817 2
1818 1
1819 0
1820 1
1821 2
1822 0
1823 1
1824 1
1825 1
1826 1
1827 1
1828 3
1829 1
1830 3
1831 1
1832 4
1833 1
1834 0
1835 1
1836 1
1837 2
1838 0
1839 1
1840 2
1841 1
1842 2
1843 2
1844 2
1845 3
1846 1
1847 2
1848 2
1849 2
1850 1
1851 2
1852 1
1853 2
1854 1
1855 1
1856 1
1857 2
1858 1
1859 2
1860 2
1861 1
1862 0
1863 2
1864 3
1865 3
1866 2
1867 2
1868 1
1869 2
1870 2
1871 2
1872 2
1873 2
1874 2
1875 3
1876 2
1877 3
1878 1
1879 3
1880 2
1881 1
1882 2
1883 2
1884 2
1885 1
1886 2
1887 1
1888 3
1889 2
1890 2
1891 3
1892 2
1893 1
1894 2
1895 2
1896 2
1897 2
1898 4
1899 2
1900 1
1901 2
1902 2
1903 3
1904 3
1905 3
1906 2
1907 2
1908 3
1909 2
1910 1
1911 2
1912 1
1913 2
1914 2
1915 2
1916 3
1917 2
1918 1
1919 1
1920 0
1921 1
1922 1
1923 1
1924 3
1925 2
1926 2
1927 0
1928 2
1929 2
1930 1
1931 1
1932 1
1933 2
1934 3
1935 1
1936 1
1937 3
1938 2
1939 1
1940 2
1941 2
1942 3
1943 1
1944 3
1945 2
1946 1
1947 1
1948 3
1949 3
1950 2
1951 2
1952 2
1953 3
1954 2
1955 2
1956 2
1957 1
1958 2
1959 0
1960 2
1961 3
1962 1
1963 3
1964 2
1965 3
1966 2
1967 3
1968 3
1969 3
1970 1
1971 2
1972 2
1973 4
1974 3
1975 1
1976 1
1977 1
1978 0
1979 3
1980 4
1981 2
1982 2
1983 2
1984 1
1985 3
1986 3
1987 1
1988 2
1989 3
1990 1
1991 2
1992 1
1993 2
1994 1
1995 1
1996 2
1997 1
1998 3
1999 2
