0 2
1 0
2 0
3 0
4 1
5 0
6 0
7 0
8 0
9 0
10 0
11 0
12 0
13 0
14 0
15 0
16 0
17 0
18 0
19 0
20 0
21 0
22 0
23 0
24 0
25 0
26 0
27 1
28 0
29 0
30 0
31 0
32 0
33 0
34 0
35 0
36 0
37 0
38 0
39 0
40 0
41 0
42 0
43 0
44 0
45 0
46 0
47 1
48 0
49 0
50 0
51 0
52 0
53 0
54 0
55 0
56 0
57 0
58 0
59 0
60 0
61 0
62 0
63 0
64 0
65 0
66 0
67 0
68 0
69 0
70 0
71 0
72 0
73 0
74 0
75 0
76 0
77 0
78 0
79 0
80 0
81 0
82 0
83 0
84 0
85 0
86 0
87 0
88 0
89 0
90 0
91 0
92 0
93 0
94 0
95 0
96 0
97 0
98 0
99 0
100 0
101 0
102 0
103 0
104 0
105 0
106 0
107 0
108 0
109 0
110 0
111 0
112 0
113 0
114 0
115 0
116 0
117 0
118 0
119 0
120 0
121 0
122 0
123 0
124 0
125 0
126 0
127 0
128 0
129 0
130 0
131 0
132 0
133 0
134 0
135 0
136 0
137 0
138 0
139 0
140 0
141 0
142 0
143 0
144 0
145 0
146 0
147 0
148 0
149 0
150 0
151 0
152 0
153 0
154 0
155 0
156 0
157 0
158 0
159 0
160 0
161 0
162 0
163 0
164 0
165 0
166 0
167 0
168 0
169 0
170 0
171 0
172 0
173 0
174 0
175 0
176 0
177 0
178 0
179 0
180 0
181 0
182 0
183 0
184 0
185 0
186 0
187 0
188 0
189 0
190 0
191 0
192 0
193 0
194 0
195 0
196 0
197 0
198 0
199 0
200 0
201 0
202 0
203 0
204 0
205 0
206 0
207 0
208 0
209 0
210 0
211 0
212 0
213 0
214 0
215 0
216 0
217 0
218 0
219 0
220 0
221 0
222 0
223 0
224 0
225 1
226 1
227 0
228 1
229 0
230 0
231 1
232 0
233 0
234 1
235 0
236 1
237 0
238 0
239 2
240 1
241 0
242 0
243 1
244 1
245 0
246 1
247 0
248 0
249 1
250 0
251 1
252 1
253 0
254 0
255 1
256 1
257 1
258 1
259 0
260 0
261 1
262 1
263 1
264 1
265 1
266 0
267 1
268 1
269 0
270 1
271 1
272 1
273 1
274 1
275 0
276 0
277 1
278 1
279 0
280 0
281 0
282 0
283 0
284 1
285 1
286 1
287 1
288 0
289 0
290 1
291 1
292 0
293 1
294 0
295 1
296 0
297 1
298 1
299 0
300 1
301 1
302 0
303 1
304 0
305 0
306 1
307 1
308 1
309 0
310 1
311 0
312 0
313 1
314 1
315 0
316 0
317 1
318 1
319 0
320 1
321 0
322 0
323 0
324 1
325 0
326 1
327 1
328 0
329 0
330 1
331 0
332 1
333 2
334 0
335 1
336 0
337 0
338 0
339 0
340 1
341 0
342 0
343 1
344 0
345 0
346 1
347 0
348 0
349 1
350 0
351 1
352 1
353 1
354 1
355 0
356 1
357 0
358 0
359 0
360 1
361 0
362 1
363 0
364 0
365 1
366 0
367 0
368 1
369 1
370 1
371 1
372 0
373 1
374 1
375 1
376 1
377 1
378 0
379 0
380 0
381 1
382 0
383 1
384 0
385 1
386 0
387 0
388 0
389 0
390 0
391 1
392 0
393 1
394 1
395 0
396 0
397 0
398 1
399 0
400 0
401 0
402 0
403 1
404 0
405 1
406 0
407 1
408 0
409 0
410 0
411 0
412 0
413 1
414 1
415 0
416 1
417 1
418 0
419 0
420 0
421 0
422 0
423 0
424 0
425 1
426 0
427 0
428 0
429 0
430 0
431 0
432 0
433 0
434 0
435 0
436 0
437 0
438 1
439 0
440 0
441 0
442 1
443 0
444 1
445 0
446 1
447 1
448 0
449 0
450 1
451 1
452 0
453 1
454 0
455 0
456 0
457 0
458 1
459 0
460 0
461 1
462 2
463 0
464 0
465 0
466 1
467 0
468 1
469 1
470 0
471 0
472 0
473 1
474 0
475 2
476 1
477 2
478 1
479 0
480 0
481 1
482 0
483 0
484 1
485 0
486 1
487 1
488 0
489 1
490 0
491 1
492 0
493 1
494 1
495 0
496 1
497 0
498 1
499 1
500 1
501 2
502 0
503 1
504 1
505 2
506 0
507 1
508 1
509 1
510 1
511 1
512 1
513 0
514 0
515 0
516 1
517 1
518 0
519 0
520 0
521 1
522 0
523 0
524 0
525 1
526 0
527 0
528 1
529 0
530 0
531 1
532 1
533 1
534 1
535 1
536 0
537 1
538 1
539 0
540 0
541 0
542 0
543 0
544 0
545 1
546 1
547 1
548 1
549 0
550 1
551 0
552 0
553 0
554 1
555 0
556 2
557 0
558 0
559 0
560 0
561 1
562 1
563 1
564 0
565 0
566 0
567 1
568 0
569 0
570 1
571 1
572 0
573 1
574 0
575 0
576 0
577 0
578 0
579 0
580 1
581 0
582 1
583 0
584 1
585 0
586 0
587 0
588 1
589 0
590 1
591 0
592 0
593 1
594 0
595 0
596 1
597 0
598 0
599 0
600 1
601 0
602 0
603 0
604 1
605 0
606 0
607 1
608 1
609 1
610 0
611 0
612 0
613 0
614 1
615 1
616 1
617 1
618 1
619 1
620 1
621 0
622 1
623 0
624 0
625 0
626 0
627 0
628 0
629 1
630 1
631 0
632 1
633 0
634 0
635 0
636 1
637 1
638 0
639 0
640 1
641 0
642 0
643 2
644 0
645 1
646 0
647 2
648 0
649 1
650 0
651 1
652 0
653 0
654 0
655 0
656 1
657 1
658 0
659 0
660 1
661 1
662 0
663 1
664 0
665 0
666 0
667 0
668 0
669 0
670 0
671 0
672 1
673 0
674 0
675 1
676 1
677 1
678 1
679 0
680 0
681 1
682 1
683 0
684 1
685 0
686 1
687 0
688 1
689 0
690 0
691 1
692 0
693 0
694 1
695 0
696 1
697 1
698 0
699 0
700 2
701 0
702 0
703 0
704 0
705 0
706 1
707 0
708 0
709 0
710 0
711 0
712 0
713 1
714 0
715 1
716 1
717 1
718 0
719 1
720 0
721 1
722 1
723 1
724 1
725 0
726 0
727 1
728 0
729 1
730 1
731 1
732 0
733 0
734 0
735 0
736 1
737 0
738 0
739 0
740 0
741 0
742 1
743 0
744 2
745 0
746 0
747 1
748 1
749 0
750 1
751 0
752 0
753 0
754 0
755 0
756 0
757 0
758 1
759 0
760 1
761 0
762 2
763 0
764 0
765 0
766 0
767 0
768 1
769 0
770 1
771 0
772 0
773 0
774 0
775 1
776 0
777 0
778 0
779 0
780 0
781 0
782 0
783 2
784 1
785 0
786 0
787 1
788 1
789 0
790 0
791 1
792 1
793 0
794 0
795 1
796 0
797 0
798 0
799 0
800 0
801 1
802 1
803 0
804 1
805 0
806 0
807 0
808 0
809 0
810 0
811 0
812 1
813 1
814 0
815 0
816 0
817 0
818 0
819 0
820 0
821 0
822 0
823 0
824 0
825 0
826 0
827 1
828 0
829 0
830 0
831 0
832 0
833 0
834 0
835 1
836 1
837 1
838 0
839 0
840 0
841 1
842 0
843 0
844 0
845 0
846 0
847 1
848 1
849 1
850 0
851 0
852 1
853 1
854 0
855 1
856 0
857 1
858 0
859 0
860 1
861 0
862 1
863 1
864 0
865 0
866 1
867 1
868 1
869 0
870 0
871 1
872 1
873 0
874 0
875 1
876 1
877 1
878 0
879 0
880 0
881 0
882 0
883 0
884 0
885 1
886 0
887 1
888 0
889 0
890 1
891 1
892 0
893 0
894 1
895 0
896 0
897 0
898 1
899 0
900 1
901 0
902 0
903 0
904 0
905 1
906 1
907 1
908 0
909 0
910 1
911 0
912 2
913 0
914 1
915 1
916 1
917 0
918 1
919 0
920 0
921 0
922 1
923 1
924 0
925 0
926 0
927 1
928 0
929 0
930 0
931 1
932 0
933 0
934 0
935 1
936 1
937 1
938 0
939 0
940 0
941 0
942 0
943 0
944 0
945 0
946 1
947 1
948 1
949 1
950 0
951 0
952 1
953 0
954 0
955 1
956 0
957 0
958 1
959 0
960 1
961 1
962 0
963 1
964 1
965 1
966 0
967 1
968 0
969 0
970 1
971 1
972 0
973 1
974 0
975 0
976 1
977 0
978 0
979 0
980 0
981 0
982 0
983 0
984 0
985 1
986 0
987 0
988 0
989 0
990 0
991 0
992 0
993 0
994 1
995 1
996 0
997 0
998 1
999 0
1000 1
1001 1
1002 1
1003 1
1004 0
1005 0
1006 0
1007 0
1008 1
1009 1
1010 0
1011 0
1012 0
1013 0
1014 1
1015 0
1016 0
1017 0
1018 1
1019 1
1020 0
1021 0
1022 1
1023 0
1024 0
1025 0
1026 1
1027 0
1028 0
1029 0
1030 0
1031 1
1032 0
1033 0
1034 0
1035 0
1036 0
1037 1
1038 0
1039 0
1040 0
1041 0
1042 1
1043 1
1044 1
1045 0
1046 1
1047 0
1048 0
1049 1
1050 1
1051 2
1052 1
1053 0
1054 1
1055 1
1056 1
1057 0
1058 2
1059 1
1060 0
1061 1
1062 0
1063 0
1064 0
1065 1
1066 0
1067 2
1068 1
1069 1
1070 0
1071 1
1072 1
1073 0
1074 0
1075 1
1076 0
1077 0
1078 0
1079 0
1080 1
1081 0
1082 0
1083 0
1084 1
1085 0
1086 1
1087 0
1088 0
1089 1
1090 1
1091 1
1092 1
1093 0
1094 0
1095 0
1096 1
1097 1
1098 1
1099 0
1100 1
1101 1
1102 0
1103 0
1104 1
1105 0
1106 0
1107 0
1108 1
1109 1
1110 0
1111 0
1112 0
1113 0
1114 0
1115 1
1116 0
1117 0
1118 0
1119 0
1120 1
1121 0
1122 0
1123 0
1124 1
1125 2
1126 1
1127 0
1128 0
1129 0
1130 0
1131 0
1132 2
1133 0
1134 0
1135 0
1136 1
1137 1
1138 0
1139 0
1140 0
1141 0
1142 1
1143 0
1144 0
1145 1
1146 0
1147 1
1148 0
1149 0
1150 0
1151 0
1152 0
1153 0
1154 0
1155 0
1156 1
1157 0
1158 1
1159 1
1160 0
1161 0
1162 1
1163 1
1164 0
1165 0
1166 0
1167 1
1168 1
1169 0
1170 0
1171 1
1172 0
1173 1
1174 1
1175 0
1176 0
1177 1
1178 2
1179 0
1180 0
1181 1
1182 1
1183 2
1184 0
1185 1
1186 0
1187 2
1188 0
1189 0
1190 0
1191 0
1192 1
1193 0
1194 0
1195 0
1196 0
1197 0
1198 1
1199 0
1200 0
1201 0
1202 0
1203 1
1204 1
1205 0
1206 1
1207 1
1208 1
1209 1
1210 1
1211 0
1212 0
1213 0
1214 1
1215 0
1216 1
1217 0
1218 0
1219 1
1220 1
1221 0
1222 0
1223 1
1224 0
1225 0
1226 1
1227 0
1228 1
1229 0
1230 0
1231 1
1232 0
1233 0
1234 1
1235 0
1236 0
1237 1
1238 1
1239 0
1240 0
1241 0
1242 0
1243 0
1244 0
1245 0
1246 1
1247 1
1248 2
1249 1
1250 0
1251 0
1252 1
1253 0
1254 1
1255 0
1256 2
1257 0
1258 0
1259 1
1260 1
1261 0
1262 2
1263 0
1264 1
1265 0
1266 1
1267 0
1268 0
1269 0
1270 0
1271 1
1272 0
1273 1
1274 1
1275 1
1276 0
1277 1
1278 0
1279 0
1280 1
1281 0
1282 0
1283 0
1284 0
1285 0
1286 0
1287 0
1288 1
1289 0
1290 0
1291 0
1292 0
1293 1
1294 1
1295 1
1296 1
1297 0
1298 1
1299 0
1300 0
1301 1
1302 0
1303 1
1304 1
1305 0
1306 1
1307 0
1308 1
1309 0
1310 1
1311 0
1312 0
1313 0
1314 1
1315 0
1316 0
1317 0
1318 0
1319 0
1320 1
1321 0
1322 1
1323 0
1324 1
1325 0
1326 0
1327 0
1328 2
1329 0
1330 0
1331 0
1332 0
1333 0
1334 1
1335 0
1336 1
1337 0
1338 1
1339 0
1340 1
1341 0
1342 1
1343 1
1344 0
1345 1
1346 1
1347 0
1348 0
1349 1
1350 0
1351 0
1352 1
1353 0
1354 0
1355 1
1356 1
1357 1
1358 1
1359 1
1360 0
1361 0
1362 0
1363 0
1364 1
1365 1
1366 0
1367 1
1368 0
1369 1
1370 1
1371 0
1372 0
1373 0
1374 1
1375 0
1376 0
1377 1
1378 1
1379 1
1380 1
1381 1
1382 0
1383 0
1384 1
1385 0
1386 0
1387 0
1388 0
1389 0
1390 1
1391 1
1392 0
1393 1
1394 1
1395 0
1396 0
1397 1
1398 0
1399 0
1400 0
1401 0
1402 0
1403 0
1404 1
1405 1
1406 1
1407 1
1408 1
1409 0
1410 0
1411 0
1412 0
1413 0
1414 0
1415 1
1416 1
1417 1
1418 1
1419 1
1420 1
1421 0
1422 0
1423 0
1424 0
1425 1
1426 0
1427 1
1428 1
1429 2
1430 1
1431 0
1432 0
1433 1
1434 1
1435 0
1436 0
1437 1
1438 0
1439 0
1440 0
1441 0
1442 1
1443 0
1444 0
1445 1
1446 0
1447 1
1448 1
1449 1
1450 1
1451 1
1452 0
1453 1
1454 1
1455 1
1456 0
1457 1
1458 0
1459 1
1460 0
1461 0
1462 0
1463 0
1464 1
1465 0
1466 0
1467 0
1468 0
1469 1
1470 1
1471 0
1472 1
1473 1
1474 0
1475 0
1476 0
1477 1
1478 0
1479 1
1480 0
1481 0
1482 0
1483 1
1484 1
1485 0
1486 0
1487 0
1488 0
1489 0
1490 0
1491 0
1492 0
1493 1
1494 0
1495 0
1496 0
1497 1
1498 0
1499 0
1500 0
1501 0
1502 0
1503 0
1504 1
1505 0
1506 1
1507 1
1508 1
1509 1
1510 1
1511 0
1512 1
1513 1
1514 0
1515 1
1516 0
1517 0
1518 0
1519 1
1520 0
1521 1
1522 1
1523 0
1524 0
1525 0
1526 0
1527 0
1528 0
1529 0
1530 1
1531 0
1532 2
1533 1
1534 0
1535 1
1536 0
1537 1
1538 1
1539 0
1540 1
1541 1
1542 0
1543 0
1544 1
1545 0
1546 0
1547 0
1548 0
1549 1
1550 0
1551 1
1552 0
1553 0
1554 0
1555 0
1556 0
1557 0
1558 0
1559 0
1560 1
1561 0
1562 0
1563 0
1564 0
1565 0
1566 0
1567 0
1568 0
1569 0
1570 1
1571 1
1572 1
1573 1
1574 1
1575 0
1576 1
1577 1
1578 0
1579 1
1580 0
1581 0
1582 0
1583 0
1584 1
1585 1
1586 1
1587 1
1588 1
1589 1
1590 1
1591 1
1592 0
1593 1
1594 0
1595 0
1596 0
1597 0
1598 1
1599 0
1600 1
1601 1
1602 0
1603 2
1604 1
1605 0
1606 1
1607 0
1608 1
1609 0
1610 0
1611 1
1612 1
1613 0
1614 0
1615 0
1616 0
1617 1
1618 0
1619 1
1620 1
1621 1
1622 2
1623 1
1624 1
1625 1
1626 0
1627 0
1628 0
1629 1
1630 0
1631 1
1632 0
1633 0
1634 1
1635 0
1636 1
1637 0
1638 0
1639 0
1640 0
1641 1
1642 0
1643 0
1644 1
1645 0
1646 0
1647 0
1648 0
1649 0
1650 1
1651 0
1652 0
1653 0
1654 0
1655 0
1656 0
1657 1
1658 0
1659 1
1660 0
1661 0
1662 0
1663 0
1664 0
1665 0
1666 0
1667 0
1668 1
1669 0
1670 0
1671 1
1672 0
1673 0
1674 1
1675 0
1676 0
1677 0
1678 0
1679 1
1680 0
1681 0
1682 0
1683 0
1684 0
1685 0
1686 0
1687 0
1688 0
1689 0
1690 0
1691 0
1692 0
1693 0
1694 0
1695 0
1696 0
1697 0
1698 0
1699 0
1700 0
1701 0
1702 0
1703 0
1704 0
1705 0
1706 0
1707 0
1708 0
1709 0
1710 0
1711 0
1712 0
1713 0
1714 0
1715 0
1716 0
1717 1
1718 0
1719 0
1720 0
1721 0
1722 0
1723 0
1724 0
1725 0
1726 0
1727 0
1728 0
1729 0
1730 1
1731 0
1732 0
1733 0
1734 0
1735 0
1736 0
1737 0
1738 0
1739 0
1740 0
1741 0
1742 0
1743 0
1744 0
1745 0
1746 0
1747 1
1748 0
1749 0
1750 0
1751 0
1752 0
1753 1
1754 1
1755 2
1756 0
1757 0
1758 0
1759 1
1760 0
1761 1
1762 0
1763 0
1764 0
1765 1
1766 0
1767 1
1768 0
1769 0
1770 1
1771 1
1772 1
1773 1
1774 1
1775 1
1776 1
1777 0
1778 1
1779 0
1780 0
1781 1
1782 1
1783 0
1784 1
1785 0
1786 0
1787 0
1788 0
1789 0
1790 1
1791 1
1792 0
1793 0
1794 0
1795 1
1796 1
1797 0
1798 0
1799 1
1800 0
1801 2
1802 0
1803 0
1804 0
1805 0
1806 0
1807 0
1808 0
1809 0
1810 0
1811 1
1812 0
1813 0
1814 1
1815 0
1816 0
1817 1
1818 0
1819 1
1820 1
1821 0
1822 0
1823 1
1824 1
1825 0
1826 0
1827 1
1828 0
1829 0
1830 1
1831 1
1832 0
1833 1
1834 1
1835 0
1836 0
1837 1
1838 0
1839 1
1840 0
1841 1
1842 1
1843 1
1844 1
1845 1
1846 2
1847 1
1848 1
1849 0
1850 2
1851 0
1852 0
1853 1
1854 0
1855 1
1856 0
1857 1
1858 0
1859 1
1860 0
1861 0
1862 1
1863 1
1864 1
1865 1
1866 1
1867 1
1868 0
1869 1
1870 0
1871 0
1872 0
1873 0
1874 0
1875 0
1876 1
1877 0
1878 0
1879 0
1880 1
1881 0
1882 2
1883 0
1884 0
1885 1
1886 0
1887 0
1888 0
1889 0
1890 1
1891 1
1892 0
1893 2
1894 0
1895 1
1896 0
1897 0
1898 0
1899 0
1900 1
1901 0
1902 2
1903 0
1904 0
1905 1
1906 1
1907 0
1908 0
1909 0
1910 1
1911 1
1912 0
1913 1
1914 0
1915 0
1916 1
1917 0
1918 1
1919 1
1920 2
1921 0
1922 1
1923 1
1924 0
1925 1
1926 1
1927 0
1928 0
1929 0
1930 1
1931 0
1932 1
1933 0
1934 0
1935 0
1936 1
1937 1
1938 1
1939 0
1940 0
1941 0
1942 0
1943 0
1944 1
1945 0
1946 1
1947 0
1948 0
1949 1
1950 0
1951 0
1952 1
1953 0
1954 2
1955 1
1956 0
1957 1
1958 1
1959 1
1960 1
1961 0
1962 1
1963 0
1964 0
1965 0
1966 0
1967 0
1968 1
1969 1
1970 0
1971 1
1972 0
1973 0
1974 1
1975 0
1976 0
1977 0
1978 1
1979 0
1980 0
1981 0
1982 0
1983 0
1984 0
1985 0
1986 0
1987 0
1988 0
1989 0
1990 1
1991 0
1992 0
1993 0
1994 0
1995 1
1996 1
1997 1
1998 0
1999 0
