0 0
1 2
2 1
3 1
4 0
5 1
6 0
7 1
8 1
9 2
10 1
11 0
12 1
13 3
14 1
15 2
16 2
17 1
18 1
19 2
20 0
21 1
22 2
23 1
24 1
25 0
26 1
27 2
28 2
29 1
30 3
31 2
32 1
33 2
34 2
35 2
36 1
37 0
38 2
39 2
40 1
41 1
42 0
43 2
44 2
45 2
46 2
47 1
48 2
49 0
50 1
51 1
52 1
53 0
54 0
55 1
56 0
57 2
58 1
59 1
60 0
61 1
62 0
63 0
64 1
65 0
66 1
67 2
68 1
69 0
70 0
71 0
72 0
73 0
74 0
75 0
76 0
77 0
78 0
79 0
80 0
81 0
82 0
83 0
84 0
85 0
86 0
87 0
88 0
89 0
90 0
91 0
92 0
93 0
94 0
95 0
96 0
97 0
98 0
99 0
100 0
101 0
102 0
103 0
104 0
105 0
106 0
107 0
108 0
109 0
110 0
111 0
112 0
113 0
114 0
115 0
116 0
117 0
118 0
119 1
120 1
121 0
122 0
123 0
124 0
125 0
126 0
127 0
128 0
129 0
130 0
131 1
132 0
133 1
134 0
135 0
136 0
137 0
138 0
139 0
140 0
141 0
142 0
143 0
144 0
145 0
146 0
147 0
148 0
149 0
150 0
151 0
152 0
153 0
154 0
155 0
156 0
157 0
158 0
159 0
160 0
161 0
162 0
163 0
164 0
165 0
166 0
167 0
168 0
169 0
170 0
171 0
172 0
173 0
174 0
175 0
176 0
177 0
178 0
179 0
180 0
181 0
182 0
183 0
184 0
185 0
186 0
187 0
188 0
189 0
190 0
191 0
192 0
193 0
194 0
195 0
196 0
197 0
198 0
199 0
200 0
201 0
202 0
203 0
204 0
205 0
206 0
207 0
208 0
209 0
210 0
211 0
212 0
213 0
214 0
215 0
216 0
217 0
218 0
219 0
220 0
221 0
222 0
223 0
224 0
225 0
226 0
227 0
228 0
229 0
230 0
231 0
232 0
233 0
234 0
235 0
236 0
237 0
238 0
239 0
240 0
241 0
242 0
243 0
244 0
245 0
246 0
247 0
248 0
249 0
250 0
251 0
252 0
253 0
254 0
255 0
256 0
257 0
258 0
259 0
260 0
261 0
262 0
263 0
264 0
265 0
266 0
267 0
268 0
269 0
270 0
271 1
272 0
273 0
274 0
275 0
276 0
277 0
278 0
279 0
280 1
281 0
282 0
283 0
284 0
285 0
286 0
287 0
288 0
289 0
290 0
291 0
292 0
293 0
294 0
295 0
296 0
297 0
298 0
299 0
300 0
301 0
302 0
303 0
304 1
305 0
306 1
307 3
308 0
309 1
310 0
311 2
312 1
313 2
314 1
315 0
316 0
317 2
318 1
319 1
320 0
321 0
322 0
323 0
324 0
325 1
326 0
327 0
328 0
329 0
330 1
331 1
332 1
333 0
334 0
335 1
336 2
337 1
338 0
339 0
340 0
341 0
342 1
343 1
344 1
345 1
346 0
347 1
348 0
349 1
350 0
351 0
352 0
353 0
354 0
355 1
356 1
357 0
358 0
359 0
360 1
361 0
362 1
363 0
364 1
365 0
366 1
367 0
368 0
369 0
370 0
371 0
372 0
373 1
374 3
375 1
376 1
377 1
378 2
379 0
380 0
381 1
382 2
383 1
384 0
385 2
386 1
387 0
388 1
389 0
390 1
391 0
392 1
393 0
394 0
395 1
396 0
397 1
398 1
399 1
400 0
401 0
402 0
403 0
404 1
405 1
406 0
407 1
408 1
409 1
410 0
411 1
412 1
413 0
414 0
415 0
416 0
417 0
418 1
419 0
420 0
421 0
422 0
423 0
424 0
425 0
426 1
427 0
428 1
429 1
430 0
431 1
432 0
433 1
434 0
435 0
436 0
437 1
438 1
439 1
440 1
441 1
442 0
443 1
444 2
445 0
446 0
447 0
448 0
449 1
450 2
451 1
452 1
453 1
454 0
455 0
456 1
457 1
458 1
459 1
460 0
461 0
462 0
463 0
464 0
465 0
466 0
467 0
468 0
469 0
470 0
471 0
472 0
473 0
474 0
475 0
476 0
477 0
478 0
479 0
480 0
481 0
482 0
483 1
484 0
485 0
486 1
487 1
488 0
489 1
490 2
491 0
492 1
493 0
494 2
495 1
496 1
497 1
498 0
499 0
500 2
501 1
502 0
503 0
504 0
505 1
506 1
507 1
508 1
509 1
510 1
511 1
512 1
513 2
514 1
515 1
516 1
517 0
518 1
519 1
520 0
521 1
522 1
523 1
524 0
525 1
526 1
527 1
528 0
529 1
530 0
531 2
532 0
533 1
534 0
535 1
536 0
537 1
538 1
539 1
540 0
541 0
542 0
543 0
544 0
545 0
546 0
547 0
548 0
549 0
550 1
551 0
552 0
553 0
554 0
555 1
556 0
557 0
558 0
559 0
560 0
561 0
562 0
563 1
564 3
565 0
566 0
567 1
568 1
569 1
570 1
571 1
572 3
573 2
574 1
575 0
576 0
577 0
578 0
579 0
580 0
581 0
582 0
583 0
584 0
585 0
586 0
587 0
588 0
589 0
590 0
591 0
592 0
593 0
594 1
595 0
596 1
597 1
598 1
599 0
600 0
601 2
602 1
603 0
604 2
605 0
606 1
607 1
608 1
609 1
610 1
611 1
612 1
613 2
614 1
615 2
616 2
617 1
618 1
619 1
620 1
621 0
622 1
623 1
624 1
625 0
626 2
627 1
628 2
629 2
630 1
631 1
632 1
633 2
634 1
635 0
636 1
637 1
638 0
639 0
640 2
641 1
642 1
643 2
644 0
645 2
646 1
647 1
648 2
649 1
650 2
651 1
652 1
653 1
654 1
655 1
656 1
657 1
658 0
659 1
660 1
661 0
662 0
663 1
664 0
665 1
666 0
667 1
668 0
669 0
670 1
671 1
672 1
673 1
674 1
675 1
676 1
677 1
678 1
679 1
680 0
681 1
682 1
683 2
684 1
685 1
686 0
687 1
688 1
689 2
690 2
691 2
692 0
693 1
694 1
695 1
696 1
697 0
698 0
699 1
700 2
701 1
702 1
703 1
704 1
705 0
706 2
707 1
708 2
709 1
710 1
711 0
712 1
713 2
714 1
715 0
716 0
717 1
718 1
719 0
720 0
721 1
722 1
723 1
724 1
725 2
726 1
727 1
728 0
729 1
730 1
731 1
732 1
733 1
734 2
735 0
736 1
737 1
738 1
739 1
740 2
741 1
742 2
743 2
744 1
745 1
746 0
747 1
748 0
749 0
750 0
751 0
752 0
753 0
754 0
755 0
756 0
757 0
758 0
759 0
760 0
761 0
762 0
763 0
764 0
765 1
766 1
767 1
768 0
769 2
770 1
771 0
772 0
773 1
774 1
775 1
776 2
777 1
778 1
779 2
780 2
781 1
782 1
783 0
784 1
785 1
786 1
787 2
788 1
789 1
790 1
791 2
792 2
793 1
794 1
795 0
796 0
797 0
798 1
799 1
800 1
801 0
802 3
803 1
804 1
805 1
806 2
807 0
808 1
809 0
810 2
811 1
812 1
813 1
814 2
815 1
816 2
817 0
818 0
819 2
820 1
821 1
822 0
823 1
824 1
825 0
826 1
827 1
828 1
829 0
830 1
831 1
832 1
833 1
834 1
835 1
836 1
837 1
838 1
839 1
840 1
841 2
842 2
843 0
844 2
845 1
846 1
847 1
848 1
849 0
850 2
851 1
852 0
853 1
854 2
855 1
856 0
857 1
858 2
859 1
860 1
861 1
862 1
863 1
864 0
865 0
866 2
867 0
868 0
869 0
870 0
871 1
872 0
873 1
874 1
875 2
876 0
877 0
878 2
879 1
880 2
881 1
882 1
883 0
884 1
885 0
886 0
887 1
888 1
889 1
890 0
891 1
892 1
893 1
894 1
895 1
896 1
897 1
898 1
899 1
900 1
901 1
902 0
903 1
904 1
905 1
906 1
907 1
908 0
909 1
910 1
911 2
912 1
913 1
914 0
915 1
916 2
917 2
918 1
919 2
920 0
921 2
922 1
923 1
924 1
925 1
926 1
927 1
928 1
929 1
930 1
931 1
932 1
933 1
934 2
935 1
936 2
937 1
938 1
939 1
940 1
941 2
942 1
943 0
944 1
945 1
946 0
947 1
948 1
949 1
950 2
951 0
952 0
953 0
954 1
955 1
956 1
957 2
958 3
959 1
960 1
961 1
962 1
963 0
964 0
965 1
966 1
967 0
968 1
969 2
970 1
971 0
972 1
973 1
974 0
975 1
976 1
977 1
978 1
979 0
980 1
981 2
982 1
983 1
984 0
985 1
986 0
987 1
988 1
989 0
990 1
991 1
992 1
993 1
994 1
995 1
996 1
997 0
998 2
999 1
1000 1
1001 1
1002 1
1003 1
1004 1
1005 1
1006 1
1007 1
1008 0
1009 1
1010 1
1011 1
1012 1
1013 1
1014 2
1015 1
1016 0
1017 1
1018 0
1019 1
1020 1
1021 3
1022 1
1023 1
1024 1
1025 1
1026 1
1027 1
1028 1
1029 1
1030 2
1031 1
1032 1
1033 2
1034 2
1035 1
1036 1
1037 1
1038 0
1039 0
1040 1
1041 2
1042 1
1043 1
1044 1
1045 1
1046 2
1047 0
1048 2
1049 1
1050 1
1051 1
1052 1
1053 1
1054 2
1055 2
1056 1
1057 1
1058 2
1059 1
1060 1
1061 2
1062 2
1063 1
1064 2
1065 1
1066 1
1067 1
1068 1
1069 1
1070 1
1071 1
1072 1
1073 1
1074 2
1075 0
1076 2
1077 0
1078 1
1079 1
1080 1
1081 1
1082 1
1083 1
1084 0
1085 1
1086 1
1087 1
1088 2
1089 1
1090 1
1091 2
1092 2
1093 1
1094 1
1095 1
1096 1
1097 0
1098 1
1099 1
1100 1
1101 0
1102 1
1103 0
1104 1
1105 1
1106 1
1107 1
1108 1
1109 2
1110 2
1111 3
1112 1
1113 3
1114 1
1115 1
1116 3
1117 1
1118 1
1119 1
1120 2
1121 1
1122 1
1123 1
1124 1
1125 0
1126 1
1127 1
1128 2
1129 0
1130 1
1131 3
1132 0
1133 1
1134 3
1135 1
1136 0
1137 0
1138 0
1139 0
1140 0
1141 0
1142 0
1143 0
1144 0
1145 0
1146 0
1147 0
1148 0
1149 0
1150 0
1151 0
1152 1
1153 0
1154 3
1155 2
1156 3
1157 1
1158 0
1159 1
1160 0
1161 0
1162 0
1163 0
1164 1
1165 1
1166 1
1167 2
1168 1
1169 2
1170 2
1171 0
1172 0
1173 0
1174 0
1175 0
1176 1
1177 1
1178 0
1179 0
1180 0
1181 0
1182 0
1183 0
1184 0
1185 0
1186 0
1187 0
1188 2
1189 0
1190 0
1191 0
1192 0
1193 0
1194 0
1195 0
1196 1
1197 0
1198 0
1199 0
1200 0
1201 0
1202 0
1203 0
1204 0
1205 0
1206 0
1207 0
1208 0
1209 0
1210 0
1211 0
1212 0
1213 0
1214 0
1215 0
1216 0
1217 0
1218 0
1219 0
1220 1
1221 0
1222 0
1223 0
1224 0
1225 0
1226 0
1227 0
1228 0
1229 0
1230 0
1231 0
1232 0
1233 0
1234 1
1235 1
1236 0
1237 1
1238 2
1239 0
1240 1
1241 1
1242 1
1243 1
1244 1
1245 1
1246 2
1247 1
1248 1
1249 0
1250 1
1251 1
1252 2
1253 1
1254 1
1255 0
1256 1
1257 1
1258 0
1259 2
1260 1
1261 1
1262 1
1263 1
1264 0
1265 1
1266 0
1267 0
1268 0
1269 0
1270 0
1271 0
1272 0
1273 0
1274 1
1275 0
1276 2
1277 2
1278 0
1279 1
1280 1
1281 1
1282 3
1283 2
1284 1
1285 1
1286 2
1287 3
1288 0
1289 0
1290 1
1291 2
1292 1
1293 0
1294 2
1295 0
1296 0
1297 0
1298 1
1299 1
1300 0
1301 0
1302 0
1303 0
1304 2
1305 2
1306 2
1307 0
1308 0
1309 0
1310 0
1311 0
1312 0
1313 0
1314 1
1315 0
1316 0
1317 0
1318 0
1319 0
1320 0
1321 1
1322 1
1323 0
1324 0
1325 0
1326 0
1327 0
1328 0
1329 0
1330 1
1331 0
1332 0
1333 0
1334 2
1335 1
1336 0
1337 1
1338 2
1339 0
1340 2
1341 1
1342 0
1343 2
1344 2
1345 1
1346 1
1347 2
1348 1
1349 1
1350 2
1351 2
1352 1
1353 0
1354 1
1355 0
1356 1
1357 1
1358 2
1359 1
1360 1
1361 1
1362 0
1363 1
1364 0
1365 2
1366 3
1367 0
1368 3
1369 1
1370 1
1371 1
1372 0
1373 0
1374 0
1375 0
1376 0
1377 2
1378 0
1379 0
1380 1
1381 2
1382 1
1383 0
1384 1
1385 0
1386 0
1387 0
1388 0
1389 0
1390 0
1391 1
1392 2
1393 0
1394 3
1395 0
1396 0
1397 0
1398 0
1399 0
1400 0
1401 0
1402 3
1403 2
1404 2
1405 2
1406 2
1407 1
1408 2
1409 0
1410 1
1411 1
1412 0
1413 0
1414 1
1415 1
1416 0
1417 0
1418 4
1419 1
1420 1
1421 1
1422 0
1423 1
1424 1
1425 3
1426 1
1427 0
1428 0
1429 0
1430 1
1431 1
1432 0
1433 2
1434 1
1435 1
1436 0
1437 1
1438 1
1439 0
1440 2
1441 1
1442 0
1443 0
1444 0
1445 0
1446 0
1447 1
1448 0
1449 0
1450 0
1451 0
1452 0
1453 0
1454 0
1455 0
1456 0
1457 2
1458 2
1459 0
1460 2
1461 2
1462 1
1463 0
1464 2
1465 0
1466 0
1467 0
1468 0
1469 0
1470 0
1471 0
1472 0
1473 0
1474 0
1475 0
1476 0
1477 0
1478 2
1479 0
1480 0
1481 0
1482 0
1483 0
1484 0
1485 0
1486 0
1487 0
1488 0
1489 0
1490 0
1491 0
1492 0
1493 0
1494 0
1495 0
1496 0
1497 0
1498 0
1499 0
1500 0
1501 0
1502 0
1503 0
1504 0
1505 0
1506 0
1507 0
1508 0
1509 0
1510 0
1511 0
1512 0
1513 0
1514 0
1515 0
1516 1
1517 0
1518 0
1519 2
1520 0
1521 0
1522 0
1523 0
1524 0
1525 1
1526 0
1527 0
1528 0
1529 1
1530 0
1531 1
1532 0
1533 1
1534 1
1535 1
1536 0
1537 0
1538 0
1539 2
1540 0
1541 0
1542 1
1543 2
1544 0
1545 0
1546 0
1547 0
1548 1
1549 0
1550 2
1551 1
1552 0
1553 0
1554 0
1555 1
1556 0
1557 0
1558 0
1559 0
1560 0
1561 0
1562 0
1563 1
1564 1
1565 1
1566 0
1567 1
1568 0
1569 2
1570 1
1571 0
1572 0
1573 1
1574 0
1575 0
1576 0
1577 0
1578 0
1579 0
1580 0
1581 0
1582 1
1583 0
1584 0
1585 1
1586 0
1587 1
1588 1
1589 0
1590 0
1591 0
1592 0
1593 0
1594 0
1595 0
1596 0
1597 0
1598 1
1599 1
1600 2
1601 2
1602 0
1603 0
1604 2
1605 0
1606 0
1607 0
1608 1
1609 0
1610 0
1611 1
1612 3
1613 1
1614 0
1615 3
1616 0
1617 1
1618 0
1619 0
1620 0
1621 0
1622 0
1623 0
1624 0
1625 0
1626 0
1627 0
1628 0
1629 0
1630 0
1631 0
1632 1
1633 1
1634 0
1635 0
1636 0
1637 0
1638 0
1639 0
1640 0
1641 0
1642 0
1643 0
1644 0
1645 0
1646 0
1647 0
1648 0
1649 0
1650 0
1651 0
1652 0
1653 0
1654 0
1655 0
1656 0
1657 0
1658 0
1659 0
1660 0
1661 0
1662 0
1663 0
1664 0
1665 0
1666 0
1667 0
1668 0
1669 0
1670 0
1671 0
1672 0
1673 0
1674 2
1675 2
1676 1
1677 1
1678 0
1679 0
1680 0
1681 0
1682 0
1683 0
1684 0
1685 0
1686 0
1687 0
1688 0
1689 0
1690 1
1691 0
1692 2
1693 1
1694 1
1695 1
1696 1
1697 0
1698 0
1699 1
1700 1
1701 1
1702 0
1703 0
1704 0
1705 1
1706 0
1707 0
1708 2
1709 0
1710 0
1711 0
1712 0
1713 0
1714 0
1715 1
1716 2
1717 2
1718 2
1719 0
1720 0
1721 0
1722 1
1723 0
1724 2
1725 1
1726 1
1727 0
1728 0
1729 0
1730 0
1731 1
1732 1
1733 1
1734 1
1735 0
1736 0
1737 0
1738 1
1739 1
1740 0
1741 1
1742 0
1743 0
1744 0
1745 0
1746 2
1747 0
1748 1
1749 1
1750 0
1751 1
1752 0
1753 0
1754 1
1755 0
1756 0
1757 0
1758 0
1759 0
1760 0
1761 0
1762 0
1763 0
1764 0
1765 0
1766 0
1767 0
1768 0
1769 2
1770 2
1771 2
1772 1
1773 1
1774 1
1775 1
1776 1
1777 1
1778 2
1779 2
1780 2
1781 2
1782 0
1783 0
1784 1
1785 1
1786 1
1787 1
1788 1
1789 1
1790 2
1791 1
1792 1
1793 1
1794 0
1795 0
1796 1
1797 0
1798 0
1799 2
1800 2
1801 1
1802 0
1803 0
1804 0
1805 0
1806 1
1807 0
1808 0
1809 0
1810 0
1811 0
1812 1
1813 1
1814 1
1815 0
1816 0
1817 0
1818 0
1819 0
1820 1
1821 1
1822 0
1823 0
1824 0
1825 0
1826 0
1827 0
1828 1
1829 1
1830 2
1831 1
1832 1
1833 1
1834 0
1835 0
1836 1
1837 2
1838 1
1839 1
1840 1
1841 1
1842 3
1843 0
1844 2
1845 2
1846 1
1847 1
1848 4
1849 2
1850 3
1851 3
1852 2
1853 1
1854 1
1855 1
1856 2
1857 0
1858 1
1859 2
1860 1
1861 0
1862 0
1863 0
1864 0
1865 0
1866 0
1867 0
1868 0
1869 3
1870 2
1871 0
1872 1
1873 0
1874 1
1875 1
1876 2
1877 0
1878 1
1879 0
1880 1
1881 1
1882 1
1883 2
1884 1
1885 1
1886 1
1887 2
1888 1
1889 1
1890 1
1891 0
1892 1
1893 1
1894 0
1895 1
1896 0
1897 0
1898 1
1899 1
1900 1
1901 1
1902 0
1903 0
1904 0
1905 1
1906 0
1907 0
1908 0
1909 2
1910 0
1911 0
1912 0
1913 1
1914 1
1915 1
1916 0
1917 1
1918 1
1919 1
1920 0
1921 0
1922 1
1923 1
1924 0
1925 1
1926 1
1927 1
1928 2
1929 0
1930 1
1931 1
1932 0
1933 1
1934 0
1935 1
1936 2
1937 2
1938 0
1939 2
1940 2
1941 0
1942 0
1943 2
1944 2
1945 0
1946 1
1947 2
1948 1
1949 1
1950 1
1951 1
1952 1
1953 1
1954 1
1955 1
1956 1
1957 2
1958 1
1959 2
1960 1
1961 1
1962 1
1963 0
1964 1
1965 2
1966 1
1967 1
1968 1
1969 0
1970 0
1971 0
1972 0
1973 0
1974 0
1975 0
1976 0
1977 0
1978 0
1979 0
1980 0
1981 0
1982 0
1983 0
1984 0
1985 1
1986 1
1987 0
1988 0
1989 0
1990 0
1991 1
1992 1
1993 0
1994 0
1995 0
1996 2
1997 1
1998 0
1999 0
