0 2
1 2
2 1
3 2
4 2
5 0
6 2
7 1
8 1
9 2
10 2
11 1
12 2
13 2
14 1
15 1
16 0
17 2
18 2
19 2
20 2
21 2
22 1
23 2
24 2
25 2
26 2
27 3
28 2
29 1
30 2
31 2
32 1
33 3
34 2
35 3
36 2
37 2
38 1
39 2
40 1
41 1
42 2
43 2
44 2
45 2
46 2
47 1
48 2
49 1
50 1
51 2
52 2
53 1
54 3
55 2
56 3
57 2
58 1
59 2
60 1
61 2
62 1
63 2
64 2
65 2
66 2
67 1
68 1
69 3
70 2
71 0
72 3
73 3
74 2
75 2
76 2
77 2
78 2
79 1
80 3
81 2
82 3
83 1
84 2
85 2
86 1
87 1
88 2
89 2
90 2
91 1
92 2
93 2
94 1
95 3
96 2
97 2
98 2
99 2
100 1
101 2
102 1
103 2
104 2
105 1
106 0
107 2
108 1
109 2
110 1
111 2
112 2
113 2
114 1
115 2
116 3
117 2
118 2
119 1
120 3
121 2
122 3
123 1
124 1
125 3
126 3
127 2
128 0
129 2
130 1
131 3
132 2
133 2
134 1
135 2
136 3
137 0
138 3
139 2
140 2
141 1
142 2
143 2
144 2
145 2
146 2
147 1
148 2
149 1
150 2
151 0
152 2
153 2
154 3
155 1
156 1
157 2
158 2
159 2
160 2
161 2
162 2
163 3
164 2
165 2
166 1
167 1
168 1
169 1
170 3
171 3
172 2
173 2
174 3
175 2
176 4
177 3
178 1
179 2
180 2
181 1
182 2
183 3
184 1
185 2
186 2
187 4
188 2
189 2
190 2
191 2
192 2
193 2
194 2
195 2
196 1
197 2
198 2
199 2
200 2
201 2
202 2
203 2
204 1
205 1
206 2
207 2
208 2
209 2
210 2
211 2
212 2
213 2
214 1
215 3
216 2
217 2
218 1
219 2
220 1
221 2
222 2
223 1
224 2
225 2
226 2
227 2
228 2
229 2
230 2
231 3
232 2
233 1
234 2
235 2
236 2
237 1
238 3
239 2
240 1
241 2
242 1
243 1
244 3
245 2
246 2
247 2
248 2
249 1
250 1
251 2
252 2
253 2
254 2
255 3
256 2
257 2
258 2
259 2
260 3
261 2
262 3
263 2
264 2
265 2
266 3
267 2
268 2
269 1
270 1
271 2
272 2
273 1
274 1
275 1
276 1
277 1
278 2
279 1
280 3
281 1
282 2
283 3
284 3
285 2
286 2
287 2
288 2
289 3
290 2
291 0
292 1
293 2
294 2
295 2
296 1
297 2
298 3
299 1
300 2
301 2
302 1
303 2
304 2
305 2
306 1
307 3
308 1
309 2
310 2
311 2
312 3
313 1
314 1
315 3
316 2
317 3
318 2
319 1
320 2
321 2
322 2
323 2
324 3
325 3
326 2
327 2
328 1
329 2
330 2
331 2
332 2
333 0
334 2
335 2
336 1
337 2
338 2
339 1
340 1
341 2
342 3
343 1
344 0
345 1
346 1
347 2
348 2
349 1
350 1
351 1
352 1
353 3
354 2
355 2
356 3
357 2
358 2
359 1
360 2
361 3
362 1
363 2
364 3
365 2
366 2
367 1
368 2
369 2
370 2
371 1
372 2
373 1
374 2
375 1
376 2
377 1
378 2
379 2
380 2
381 2
382 1
383 2
384 3
385 0
386 2
387 2
388 2
389 2
390 2
391 3
392 2
393 2
394 3
395 1
396 1
397 2
398 3
399 2
400 3
401 1
402 2
403 1
404 4
405 1
406 1
407 3
408 2
409 2
410 2
411 2
412 1
413 2
414 2
415 2
416 2
417 3
418 2
419 2
420 2
421 2
422 1
423 1
424 2
425 1
426 2
427 1
428 2
429 2
430 2
431 2
432 2
433 1
434 1
435 2
436 3
437 2
438 1
439 2
440 3
441 2
442 2
443 3
444 2
445 2
446 2
447 2
448 3
449 2
450 2
451 2
452 2
453 2
454 1
455 3
456 2
457 1
458 3
459 2
460 1
461 2
462 1
463 3
464 2
465 3
466 1
467 1
468 2
469 2
470 1
471 2
472 3
473 1
474 2
475 1
476 1
477 0
478 2
479 2
480 2
481 2
482 2
483 2
484 3
485 1
486 3
487 0
488 3
489 2
490 2
491 2
492 2
493 3
494 1
495 2
496 1
497 2
498 2
499 3
500 2
501 2
502 2
503 2
504 1
505 0
506 2
507 2
508 2
509 2
510 1
511 2
512 2
513 3
514 2
515 2
516 2
517 1
518 2
519 2
520 1
521 1
522 2
523 2
524 3
525 1
526 2
527 1
528 1
529 1
530 2
531 1
532 3
533 1
534 2
535 2
536 2
537 2
538 3
539 2
540 2
541 1
542 2
543 2
544 1
545 2
546 2
547 2
548 2
549 2
550 2
551 2
552 2
553 3
554 2
555 2
556 1
557 3
558 2
559 3
560 2
561 2
562 1
563 2
564 1
565 2
566 2
567 1
568 1
569 2
570 2
571 2
572 2
573 2
574 1
575 3
576 2
577 1
578 2
579 1
580 2
581 2
582 1
583 1
584 2
585 2
586 2
587 2
588 2
589 2
590 2
591 2
592 2
593 2
594 3
595 1
596 1
597 1
598 3
599 2
600 2
601 2
602 2
603 2
604 2
605 2
606 2
607 2
608 3
609 2
610 2
611 1
612 3
613 1
614 4
615 2
616 2
617 2
618 2
619 2
620 2
621 1
622 2
623 1
624 2
625 1
626 2
627 1
628 2
629 3
630 2
631 1
632 2
633 1
634 2
635 1
636 2
637 2
638 2
639 1
640 1
641 2
642 2
643 3
644 2
645 2
646 2
647 3
648 1
649 2
650 1
651 1
652 2
653 2
654 3
655 2
656 2
657 3
658 2
659 2
660 2
661 2
662 2
663 2
664 2
665 2
666 0
667 2
668 2
669 1
670 1
671 2
672 2
673 2
674 2
675 3
676 1
677 2
678 2
679 1
680 2
681 3
682 2
683 1
684 3
685 2
686 2
687 1
688 3
689 1
690 2
691 2
692 1
693 2
694 2
695 1
696 1
697 3
698 2
699 3
700 2
701 3
702 1
703 0
704 3
705 2
706 2
707 2
708 2
709 0
710 1
711 1
712 2
713 3
714 2
715 2
716 2
717 1
718 2
719 3
720 3
721 2
722 2
723 1
724 3
725 1
726 1
727 2
728 2
729 2
730 2
731 1
732 3
733 3
734 1
735 2
736 2
737 1
738 2
739 1
740 2
741 3
742 3
743 1
744 1
745 2
746 2
747 3
748 2
749 1
750 3
751 2
752 2
753 3
754 1
755 3
756 2
757 2
758 2
759 1
760 2
761 1
762 1
763 2
764 2
765 2
766 2
767 1
768 2
769 2
770 2
771 2
772 1
773 3
774 1
775 3
776 2
777 2
778 1
779 2
780 4
781 2
782 1
783 2
784 3
785 2
786 2
787 1
788 2
789 1
790 2
791 1
792 3
793 1
794 2
795 2
796 0
797 1
798 1
799 2
800 1
801 1
802 2
803 1
804 3
805 0
806 1
807 2
808 3
809 1
810 1
811 2
812 1
813 0
814 1
815 2
816 2
817 3
818 3
819 3
820 2
821 3
822 1
823 1
824 1
825 2
826 3
827 0
828 2
829 0
830 2
831 2
832 0
833 2
834 3
835 2
836 2
837 1
838 1
839 2
840 2
841 1
842 2
843 1
844 2
845 2
846 1
847 1
848 2
849 1
850 2
851 1
852 2
853 1
854 1
855 2
856 2
857 1
858 2
859 2
860 1
861 2
862 1
863 1
864 3
865 1
866 2
867 2
868 1
869 1
870 2
871 1
872 1
873 1
874 1
875 1
876 2
877 2
878 1
879 1
880 2
881 2
882 3
883 2
884 2
885 2
886 2
887 1
888 2
889 2
890 2
891 1
892 1
893 2
894 3
895 1
896 0
897 2
898 1
899 3
900 3
901 3
902 2
903 3
904 1
905 2
906 1
907 2
908 2
909 2
910 3
911 2
912 1
913 3
914 2
915 1
916 1
917 1
918 1
919 2
920 2
921 2
922 1
923 1
924 2
925 2
926 1
927 2
928 2
929 3
930 3
931 3
932 3
933 3
934 3
935 3
936 3
937 4
938 3
939 1
940 3
941 4
942 3
943 3
944 3
945 2
946 2
947 2
948 3
949 2
950 3
951 2
952 2
953 1
954 2
955 1
956 2
957 2
958 1
959 2
960 1
961 0
962 1
963 1
964 1
965 2
966 3
967 1
968 0
969 1
970 2
971 1
972 2
973 2
974 1
975 3
976 2
977 1
978 1
979 2
980 3
981 3
982 2
983 2
984 2
985 1
986 2
987 2
988 2
989 1
990 2
991 3
992 1
993 1
994 1
995 2
996 2
997 2
998 2
999 2
1000 2
1001 1
1002 2
1003 1
1004 1
1005 2
1006 3
1007 2
1008 3
1009 1
1010 1
1011 0
1012 2
1013 2
1014 1
1015 2
1016 2
1017 2
1018 2
1019 2
1020 2
1021 3
1022 3
1023 2
1024 2
1025 2
1026 2
1027 2
1028 2
1029 1
1030 2
1031 2
1032 2
1033 1
1034 1
1035 0
1036 1
1037 1
1038 2
1039 1
1040 2
1041 1
1042 2
1043 1
1044 4
1045 2
1046 2
1047 2
1048 2
1049 2
1050 2
1051 1
1052 2
1053 1
1054 1
1055 2
1056 4
1057 2
1058 2
1059 2
1060 2
1061 2
1062 2
1063 2
1064 2
1065 1
1066 2
1067 2
1068 1
1069 2
1070 1
1071 2
1072 1
1073 1
1074 0
1075 2
1076 2
1077 3
1078 3
1079 3
1080 2
1081 3
1082 2
1083 2
1084 3
1085 2
1086 0
1087 1
1088 2
1089 2
1090 2
1091 1
1092 2
1093 2
1094 3
1095 1
1096 2
1097 2
1098 3
1099 2
1100 2
1101 1
1102 1
1103 3
1104 2
1105 1
1106 2
1107 1
1108 2
1109 1
1110 2
1111 2
1112 1
1113 2
1114 2
1115 2
1116 1
1117 1
1118 1
1119 2
1120 2
1121 2
1122 3
1123 1
1124 2
1125 1
1126 1
1127 2
1128 1
1129 3
1130 1
1131 2
1132 3
1133 3
1134 2
1135 1
1136 2
1137 2
1138 1
1139 1
1140 1
1141 1
1142 2
1143 1
1144 2
1145 2
1146 2
1147 3
1148 1
1149 2
1150 3
1151 2
1152 3
1153 1
1154 2
1155 1
1156 1
1157 3
1158 2
1159 0
1160 3
1161 1
1162 2
1163 1
1164 1
1165 1
1166 2
1167 0
1168 2
1169 3
1170 3
1171 1
1172 1
1173 1
1174 1
1175 2
1176 2
1177 1
1178 3
1179 0
1180 2
1181 1
1182 1
1183 1
1184 2
1185 1
1186 0
1187 0
1188 1
1189 1
1190 3
1191 3
1192 1
1193 2
1194 1
1195 1
1196 2
1197 2
1198 1
1199 2
1200 2
1201 1
1202 1
1203 0
1204 2
1205 1
1206 2
1207 3
1208 2
1209 3
1210 2
1211 2
1212 2
1213 3
1214 0
1215 2
1216 3
1217 2
1218 1
1219 2
1220 2
1221 3
1222 3
1223 2
1224 1
1225 2
1226 2
1227 1
1228 2
1229 2
1230 1
1231 2
1232 2
1233 2
1234 3
1235 2
1236 2
1237 2
1238 1
1239 2
1240 2
1241 2
1242 3
1243 1
1244 2
1245 1
1246 2
1247 1
1248 3
1249 1
1250 2
1251 1
1252 2
1253 2
1254 1
1255 3
1256 3
1257 2
1258 2
1259 2
1260 3
1261 2
1262 3
1263 2
1264 2
1265 3
1266 1
1267 2
1268 2
1269 2
1270 3
1271 1
1272 2
1273 3
1274 2
1275 2
1276 3
1277 3
1278 2
1279 3
1280 2
1281 2
1282 2
1283 1
1284 2
1285 1
1286 3
1287 2
1288 2
1289 0
1290 2
1291 2
1292 2
1293 3
1294 2
1295 2
1296 1
1297 2
1298 2
1299 2
1300 2
1301 2
1302 2
1303 1
1304 2
1305 2
1306 2
1307 1
1308 3
1309 2
1310 4
1311 2
1312 1
1313 2
1314 2
1315 3
1316 2
1317 2
1318 1
1319 2
1320 1
1321 0
1322 1
1323 2
1324 2
1325 1
1326 1
1327 2
1328 2
1329 2
1330 3
1331 3
1332 2
1333 2
1334 1
1335 2
1336 2
1337 1
1338 2
1339 2
1340 0
1341 2
1342 2
1343 2
1344 2
1345 1
1346 2
1347 0
1348 1
1349 2
1350 2
1351 2
1352 3
1353 0
1354 2
1355 1
1356 2
1357 2
1358 2
1359 2
1360 2
1361 1
1362 3
1363 1
1364 1
1365 3
1366 1
1367 1
1368 3
1369 2
1370 1
1371 2
1372 3
1373 2
1374 2
1375 1
1376 2
1377 2
1378 2
1379 1
1380 2
1381 2
1382 2
1383 2
1384 2
1385 2
1386 3
1387 1
1388 3
1389 2
1390 2
1391 2
1392 2
1393 1
1394 1
1395 2
1396 2
1397 1
1398 2
1399 2
1400 2
1401 1
1402 2
1403 2
1404 2
1405 3
1406 1
1407 2
1408 3
1409 3
1410 3
1411 4
1412 1
1413 3
1414 3
1415 3
1416 3
1417 2
1418 2
1419 2
1420 4
1421 1
1422 0
1423 3
1424 2
1425 3
1426 2
1427 2
1428 3
1429 4
1430 1
1431 3
1432 0
1433 1
1434 2
1435 2
1436 2
1437 3
1438 2
1439 3
1440 1
1441 2
1442 1
1443 1
1444 0
1445 1
1446 1
1447 1
1448 2
1449 3
1450 3
1451 3
1452 2
1453 1
1454 2
1455 1
1456 2
1457 2
1458 2
1459 2
1460 2
1461 0
1462 2
1463 2
1464 2
1465 2
1466 0
1467 2
1468 2
1469 1
1470 2
1471 2
1472 2
1473 1
1474 2
1475 1
1476 1
1477 2
1478 4
1479 2
1480 1
1481 2
1482 2
1483 3
1484 2
1485 2
1486 2
1487 3
1488 0
1489 1
1490 2
1491 4
1492 1
1493 2
1494 2
1495 4
1496 3
1497 2
1498 0
1499 2
1500 1
1501 2
1502 1
1503 2
1504 2
1505 2
1506 2
1507 1
1508 1
1509 2
1510 1
1511 2
1512 3
1513 2
1514 1
1515 2
1516 2
1517 2
1518 2
1519 1
1520 1
1521 2
1522 1
1523 2
1524 4
1525 2
1526 1
1527 2
1528 2
1529 2
1530 2
1531 2
1532 2
1533 2
1534 3
1535 1
1536 2
1537 2
1538 2
1539 1
1540 1
1541 3
1542 0
1543 2
1544 2
1545 0
1546 2
1547 2
1548 1
1549 3
1550 2
1551 3
1552 2
1553 1
1554 2
1555 2
1556 0
1557 2
1558 3
1559 2
1560 1
1561 3
1562 2
1563 2
1564 3
1565 2
1566 2
1567 1
1568 2
1569 2
1570 2
1571 3
1572 2
1573 4
1574 2
1575 2
1576 2
1577 2
1578 2
1579 1
1580 1
1581 1
1582 2
1583 3
1584 1
1585 2
1586 2
1587 1
1588 3
1589 1
1590 1
1591 1
1592 1
1593 1
1594 2
1595 2
1596 0
1597 1
1598 3
1599 1
1600 1
1601 3
1602 2
1603 3
1604 1
1605 1
1606 1
1607 2
1608 1
1609 2
1610 1
1611 3
1612 1
1613 1
1614 3
1615 2
1616 3
1617 2
1618 2
1619 2
1620 1
1621 2
1622 2
1623 1
1624 0
1625 1
1626 2
1627 2
1628 2
1629 3
1630 1
1631 2
1632 2
1633 1
1634 2
1635 2
1636 2
1637 0
1638 1
1639 3
1640 4
1641 2
1642 2
1643 2
1644 2
1645 2
1646 3
1647 2
1648 0
1649 1
1650 0
1651 2
1652 2
1653 2
1654 2
1655 2
1656 1
1657 2
1658 2
1659 2
1660 2
1661 1
1662 1
1663 1
1664 2
1665 3
1666 3
1667 2
1668 2
1669 1
1670 3
1671 1
1672 2
1673 2
1674 2
1675 1
1676 2
1677 1
1678 3
1679 2
1680 2
1681 1
1682 2
1683 1
1684 2
1685 1
1686 2
1687 2
1688 2
1689 2
1690 2
1691 2
1692 2
1693 3
1694 2
1695 1
1696 1
1697 2
1698 2
1699 2
1700 3
1701 2
1702 3
1703 1
1704 3
1705 1
1706 2
1707 1
1708 2
1709 1
1710 1
1711 2
1712 2
1713 2
1714 1
1715 1
1716 1
1717 2
1718 2
1719 1
1720 2
1721 2
1722 2
1723 2
1724 2
1725 3
1726 2
1727 2
1728 2
1729 2
1730 1
1731 2
1732 2
1733 1
1734 2
1735 1
1736 3
1737 3
1738 2
1739 1
1740 1
1741 1
1742 1
1743 2
1744 2
1745 2
1746 1
1747 2
1748 2
1749 2
1750 1
1751 2
1752 2
1753 1
1754 1
1755 2
1756 1
1757 1
1758 2
1759 0
1760 2
1761 3
1762 3
1763 2
1764 2
1765 1
1766 2
1767 1
1768 1
1769 2
1770 2
1771 3
1772 2
1773 2
1774 1
1775 2
1776 2
1777 0
1778 3
1779 1
1780 1
1781 2
1782 1
1783 3
1784 3
1785 2
1786 2
1787 2
1788 2
1789 1
1790 2
1791 1
1792 2
1793 0
1794 1
1795 2
1796 2
1797 3
1798 1
1799 3
1800 2
1801 0
1802 1
1803 1
1804 2
1805 2
1806 2
1807 2
1808 1
1809 3
1810 3
1811 3
1812 1
1813 2
1814 3
1815 3
1816 1
1817 2
1818 2
1819 1
1820 1
1821 1
1822 2
1823 1
1824 2
1825 1
1826 1
1827 2
1828 2
1829 1
1830 2
1831 1
1832 2
1833 1
1834 2
1835 2
1836 2
1837 2
1838 3
1839 2
1840 2
1841 2
1842 2
1843 2
1844 3
1845 1
1846 2
1847 2
1848 3
1849 2
1850 2
1851 2
1852 3
1853 2
1854 1
1855 2
1856 1
1857 1
1858 2
1859 1
1860 2
1861 2
1862 1
1863 2
1864 2
1865 2
1866 2
1867 2
1868 2
1869 1
1870 2
1871 3
1872 2
1873 2
1874 1
1875 2
1876 3
1877 1
1878 2
1879 2
1880 2
1881 2
1882 2
1883 2
1884 1
1885 1
1886 3
1887 2
1888 2
1889 2
1890 2
1891 2
1892 3
1893 2
1894 1
1895 2
1896 2
1897 2
1898 1
1899 2
1900 1
1901 3
1902 2
1903 2
1904 2
1905 2
1906 1
1907 2
1908 1
1909 2
1910 2
1911 2
1912 1
1913 0
1914 2
1915 3
1916 2
1917 2
1918 1
1919 3
1920 2
1921 2
1922 2
1923 2
1924 2
1925 1
1926 1
1927 2
1928 1
1929 1
1930 3
1931 1
1932 2
1933 2
1934 2
1935 3
1936 3
1937 2
1938 1
1939 2
1940 2
1941 0
1942 2
1943 1
1944 1
1945 2
1946 1
1947 2
1948 2
1949 2
1950 2
1951 1
1952 2
1953 3
1954 1
1955 1
1956 2
1957 2
1958 2
1959 2
1960 1
1961 2
1962 2
1963 1
1964 2
1965 2
1966 1
1967 2
1968 0
1969 2
1970 1
1971 2
1972 2
1973 1
1974 1
1975 1
1976 2
1977 2
1978 2
1979 2
1980 1
1981 3
1982 2
1983 1
1984 2
1985 2
1986 2
1987 3
1988 1
1989 2
1990 2
1991 2
1992 2
1993 2
1994 3
1995 1
1996 3
1997 3
1998 2
1999 2
