0 0
1 0
2 0
3 0
4 0
5 0
6 0
7 0
8 0
9 0
10 0
11 0
12 0
13 0
14 0
15 0
16 0
17 1
18 0
19 1
20 0
21 0
22 1
23 0
24 0
25 1
26 0
27 0
28 0
29 0
30 0
31 0
32 0
33 0
34 0
35 0
36 0
37 0
38 0
39 0
40 0
41 0
42 0
43 0
44 0
45 0
46 0
47 0
48 0
49 0
50 0
51 0
52 0
53 0
54 0
55 0
56 0
57 0
58 0
59 0
60 0
61 0
62 0
63 0
64 0
65 0
66 0
67 0
68 0
69 0
70 0
71 0
72 0
73 0
74 0
75 0
76 0
77 0
78 0
79 0
80 0
81 0
82 1
83 0
84 0
85 0
86 0
87 0
88 0
89 0
90 0
91 0
92 0
93 0
94 0
95 0
96 0
97 0
98 0
99 0
100 0
101 0
102 0
103 0
104 0
105 0
106 0
107 0
108 0
109 0
110 0
111 0
112 0
113 0
114 0
115 0
116 0
117 0
118 0
119 0
120 0
121 0
122 0
123 0
124 0
125 0
126 0
127 0
128 0
129 0
130 0
131 0
132 0
133 0
134 0
135 0
136 0
137 0
138 0
139 0
140 0
141 0
142 0
143 0
144 0
145 0
146 0
147 0
148 0
149 0
150 0
151 0
152 0
153 0
154 0
155 0
156 0
157 0
158 0
159 0
160 0
161 0
162 0
163 0
164 0
165 0
166 0
167 0
168 0
169 0
170 0
171 0
172 0
173 0
174 0
175 0
176 0
177 0
178 0
179 0
180 0
181 0
182 0
183 0
184 0
185 0
186 0
187 0
188 0
189 0
190 0
191 0
192 0
193 0
194 0
195 0
196 0
197 0
198 0
199 0
200 0
201 0
202 0
203 0
204 0
205 0
206 0
207 0
208 0
209 0
210 0
211 0
212 0
213 0
214 0
215 0
216 0
217 0
218 0
219 0
220 0
221 0
222 0
223 0
224 0
225 0
226 0
227 0
228 0
229 0
230 0
231 0
232 0
233 0
234 0
235 0
236 0
237 0
238 0
239 0
240 0
241 0
242 0
243 0
244 0
245 0
246 0
247 0
248 0
249 0
250 0
251 0
252 0
253 0
254 0
255 0
256 0
257 0
258 0
259 0
260 0
261 0
262 0
263 0
264 0
265 0
266 0
267 0
268 0
269 0
270 0
271 0
272 0
273 0
274 0
275 0
276 1
277 1
278 0
279 0
280 0
281 1
282 0
283 1
284 0
285 0
286 0
287 0
288 0
289 2
290 0
291 1
292 0
293 1
294 0
295 1
296 0
297 0
298 0
299 0
300 0
301 0
302 0
303 0
304 0
305 0
306 0
307 0
308 0
309 0
310 0
311 0
312 0
313 0
314 0
315 0
316 0
317 0
318 0
319 0
320 0
321 0
322 0
323 1
324 0
325 0
326 0
327 0
328 0
329 0
330 0
331 0
332 0
333 0
334 0
335 0
336 0
337 0
338 0
339 0
340 0
341 0
342 0
343 0
344 0
345 0
346 0
347 0
348 0
349 0
350 0
351 0
352 0
353 0
354 0
355 0
356 0
357 0
358 0
359 0
360 0
361 0
362 0
363 0
364 0
365 0
366 0
367 0
368 0
369 0
370 0
371 0
372 0
373 0
374 0
375 0
376 1
377 0
378 0
379 0
380 1
381 0
382 0
383 0
384 0
385 0
386 0
387 0
388 0
389 0
390 0
391 0
392 1
393 0
394 0
395 0
396 0
397 0
398 1
399 0
400 0
401 0
402 0
403 0
404 0
405 0
406 0
407 1
408 0
409 1
410 0
411 0
412 2
413 0
414 0
415 0
416 0
417 0
418 0
419 0
420 0
421 0
422 0
423 0
424 0
425 0
426 0
427 0
428 0
429 0
430 0
431 1
432 0
433 0
434 0
435 0
436 0
437 0
438 0
439 0
440 0
441 1
442 0
443 0
444 0
445 1
446 1
447 0
448 1
449 1
450 0
451 0
452 0
453 0
454 0
455 1
456 1
457 0
458 0
459 0
460 0
461 0
462 0
463 0
464 0
465 1
466 1
467 0
468 0
469 0
470 0
471 0
472 0
473 0
474 0
475 0
476 0
477 0
478 0
479 1
480 0
481 1
482 0
483 0
484 0
485 0
486 0
487 0
488 0
489 1
490 0
491 0
492 0
493 0
494 0
495 0
496 1
497 0
498 0
499 0
500 0
501 0
502 0
503 1
504 1
505 1
506 1
507 0
508 0
509 1
510 0
511 1
512 0
513 0
514 0
515 1
516 0
517 1
518 1
519 1
520 0
521 0
522 0
523 0
524 0
525 0
526 0
527 0
528 0
529 0
530 0
531 0
532 0
533 0
534 0
535 0
536 0
537 0
538 0
539 0
540 0
541 0
542 0
543 0
544 0
545 0
546 0
547 0
548 0
549 0
550 0
551 0
552 0
553 0
554 0
555 0
556 0
557 0
558 0
559 0
560 0
561 0
562 0
563 0
564 0
565 0
566 0
567 0
568 0
569 0
570 0
571 0
572 0
573 0
574 0
575 0
576 0
577 0
578 0
579 0
580 0
581 0
582 0
583 0
584 0
585 0
586 0
587 0
588 0
589 0
590 0
591 0
592 0
593 0
594 0
595 0
596 0
597 0
598 0
599 0
600 0
601 0
602 0
603 0
604 0
605 0
606 0
607 0
608 0
609 0
610 0
611 0
612 0
613 0
614 0
615 0
616 0
617 0
618 0
619 0
620 1
621 1
622 0
623 0
624 0
625 1
626 0
627 0
628 0
629 0
630 0
631 1
632 0
633 0
634 0
635 0
636 0
637 0
638 0
639 0
640 0
641 0
642 0
643 0
644 0
645 0
646 0
647 0
648 0
649 0
650 0
651 0
652 0
653 0
654 0
655 0
656 0
657 1
658 0
659 0
660 0
661 0
662 1
663 0
664 0
665 1
666 1
667 1
668 1
669 1
670 0
671 2
672 0
673 0
674 0
675 1
676 2
677 1
678 1
679 0
680 0
681 0
682 0
683 0
684 0
685 0
686 0
687 0
688 1
689 0
690 0
691 1
692 0
693 1
694 0
695 0
696 0
697 0
698 1
699 0
700 1
701 1
702 2
703 1
704 1
705 1
706 1
707 1
708 0
709 0
710 1
711 0
712 1
713 0
714 0
715 1
716 0
717 1
718 0
719 0
720 0
721 0
722 0
723 0
724 1
725 1
726 1
727 1
728 1
729 0
730 1
731 1
732 1
733 1
734 1
735 1
736 0
737 1
738 0
739 0
740 1
741 0
742 1
743 0
744 1
745 0
746 1
747 1
748 0
749 1
750 1
751 1
752 1
753 1
754 0
755 0
756 0
757 0
758 0
759 0
760 1
761 0
762 1
763 0
764 0
765 0
766 0
767 1
768 0
769 1
770 1
771 1
772 1
773 1
774 1
775 0
776 0
777 0
778 0
779 0
780 0
781 0
782 0
783 0
784 1
785 0
786 0
787 0
788 0
789 1
790 1
791 0
792 0
793 1
794 1
795 1
796 0
797 0
798 0
799 0
800 1
801 1
802 1
803 1
804 1
805 0
806 1
807 1
808 0
809 0
810 0
811 0
812 0
813 1
814 0
815 0
816 1
817 1
818 1
819 0
820 0
821 0
822 1
823 0
824 1
825 0
826 0
827 0
828 0
829 0
830 0
831 0
832 0
833 0
834 0
835 0
836 0
837 1
838 0
839 1
840 1
841 0
842 0
843 0
844 1
845 1
846 0
847 1
848 0
849 1
850 1
851 1
852 0
853 1
854 1
855 0
856 1
857 1
858 1
859 1
860 0
861 0
862 1
863 1
864 1
865 0
866 2
867 1
868 1
869 1
870 1
871 0
872 0
873 1
874 0
875 1
876 0
877 0
878 1
879 1
880 2
881 1
882 1
883 1
884 1
885 1
886 1
887 1
888 1
889 1
890 1
891 0
892 1
893 0
894 1
895 0
896 1
897 0
898 1
899 1
900 1
901 2
902 0
903 0
904 0
905 1
906 0
907 0
908 1
909 0
910 0
911 0
912 1
913 0
914 0
915 1
916 1
917 1
918 0
919 1
920 0
921 1
922 1
923 1
924 1
925 0
926 0
927 2
928 0
929 1
930 1
931 1
932 1
933 1
934 1
935 1
936 0
937 1
938 1
939 0
940 1
941 1
942 0
943 1
944 1
945 1
946 1
947 2
948 1
949 1
950 2
951 1
952 1
953 2
954 0
955 1
956 1
957 1
958 1
959 1
960 0
961 1
962 1
963 0
964 0
965 0
966 1
967 1
968 1
969 1
970 1
971 1
972 1
973 0
974 0
975 0
976 1
977 1
978 1
979 1
980 1
981 1
982 1
983 1
984 0
985 1
986 1
987 1
988 2
989 1
990 0
991 1
992 0
993 1
994 1
995 1
996 1
997 0
998 0
999 0
1000 1
1001 1
1002 2
1003 1
1004 1
1005 1
1006 1
1007 1
1008 1
1009 1
1010 1
1011 1
1012 1
1013 1
1014 0
1015 1
1016 1
1017 1
1018 2
1019 0
1020 1
1021 0
1022 2
1023 1
1024 1
1025 1
1026 2
1027 1
1028 1
1029 1
1030 1
1031 1
1032 1
1033 1
1034 2
1035 1
1036 1
1037 0
1038 1
1039 0
1040 1
1041 0
1042 0
1043 1
1044 0
1045 1
1046 1
1047 1
1048 2
1049 1
1050 0
1051 1
1052 1
1053 2
1054 1
1055 1
1056 1
1057 1
1058 1
1059 1
1060 1
1061 1
1062 1
1063 1
1064 2
1065 1
1066 1
1067 2
1068 1
1069 1
1070 0
1071 0
1072 1
1073 1
1074 1
1075 0
1076 0
1077 1
1078 1
1079 1
1080 1
1081 1
1082 1
1083 0
1084 0
1085 2
1086 1
1087 1
1088 0
1089 1
1090 0
1091 0
1092 1
1093 1
1094 0
1095 1
1096 0
1097 0
1098 1
1099 1
1100 1
1101 1
1102 1
1103 1
1104 0
1105 1
1106 1
1107 1
1108 0
1109 0
1110 1
1111 0
1112 1
1113 1
1114 0
1115 1
1116 1
1117 1
1118 1
1119 1
1120 1
1121 1
1122 1
1123 1
1124 2
1125 2
1126 0
1127 1
1128 2
1129 1
1130 1
1131 1
1132 1
1133 1
1134 1
1135 1
1136 1
1137 1
1138 2
1139 1
1140 0
1141 1
1142 1
1143 1
1144 1
1145 0
1146 1
1147 1
1148 2
1149 1
1150 1
1151 1
1152 2
1153 1
1154 1
1155 1
1156 1
1157 1
1158 0
1159 1
1160 0
1161 2
1162 1
1163 2
1164 0
1165 3
1166 1
1167 1
1168 0
1169 0
1170 1
1171 1
1172 1
1173 1
1174 1
1175 1
1176 0
1177 1
1178 1
1179 1
1180 1
1181 1
1182 1
1183 1
1184 1
1185 1
1186 1
1187 1
1188 1
1189 0
1190 1
1191 0
1192 0
1193 1
1194 1
1195 1
1196 1
1197 0
1198 1
1199 1
1200 1
1201 1
1202 1
1203 0
1204 0
1205 1
1206 1
1207 1
1208 1
1209 0
1210 1
1211 2
1212 1
1213 1
1214 2
1215 1
1216 0
1217 1
1218 1
1219 1
1220 2
1221 1
1222 1
1223 1
1224 1
1225 2
1226 1
1227 2
1228 1
1229 1
1230 1
1231 1
1232 1
1233 1
1234 1
1235 1
1236 1
1237 1
1238 2
1239 1
1240 0
1241 2
1242 1
1243 1
1244 0
1245 1
1246 1
1247 0
1248 2
1249 2
1250 1
1251 1
1252 1
1253 0
1254 1
1255 1
1256 2
1257 1
1258 0
1259 1
1260 1
1261 0
1262 1
1263 1
1264 1
1265 1
1266 1
1267 1
1268 0
1269 0
1270 0
1271 0
1272 0
1273 1
1274 0
1275 1
1276 1
1277 2
1278 1
1279 2
1280 1
1281 1
1282 1
1283 0
1284 1
1285 0
1286 1
1287 1
1288 0
1289 0
1290 1
1291 0
1292 1
1293 1
1294 1
1295 2
1296 1
1297 0
1298 1
1299 1
1300 1
1301 1
1302 0
1303 1
1304 1
1305 1
1306 1
1307 1
1308 2
1309 1
1310 1
1311 0
1312 0
1313 1
1314 1
1315 0
1316 0
1317 2
1318 2
1319 0
1320 1
1321 1
1322 1
1323 1
1324 1
1325 1
1326 1
1327 0
1328 1
1329 1
1330 1
1331 1
1332 1
1333 1
1334 1
1335 1
1336 2
1337 1
1338 1
1339 2
1340 0
1341 2
1342 1
1343 1
1344 1
1345 1
1346 0
1347 1
1348 1
1349 2
1350 0
1351 1
1352 0
1353 1
1354 1
1355 1
1356 1
1357 1
1358 1
1359 1
1360 1
1361 1
1362 1
1363 1
1364 0
1365 1
1366 1
1367 1
1368 1
1369 1
1370 1
1371 1
1372 0
1373 1
1374 1
1375 0
1376 1
1377 1
1378 1
1379 1
1380 0
1381 1
1382 1
1383 0
1384 1
1385 1
1386 0
1387 1
1388 1
1389 1
1390 2
1391 0
1392 0
1393 2
1394 1
1395 1
1396 0
1397 1
1398 2
1399 0
1400 1
1401 0
1402 1
1403 0
1404 1
1405 1
1406 1
1407 2
1408 1
1409 0
1410 1
1411 1
1412 0
1413 0
1414 1
1415 1
1416 2
1417 1
1418 1
1419 0
1420 1
1421 1
1422 1
1423 1
1424 2
1425 1
1426 1
1427 1
1428 1
1429 1
1430 0
1431 1
1432 1
1433 1
1434 1
1435 1
1436 1
1437 1
1438 1
1439 0
1440 1
1441 0
1442 1
1443 1
1444 1
1445 1
1446 2
1447 1
1448 0
1449 1
1450 0
1451 1
1452 1
1453 1
1454 1
1455 1
1456 2
1457 1
1458 1
1459 1
1460 0
1461 1
1462 1
1463 0
1464 2
1465 2
1466 1
1467 1
1468 0
1469 1
1470 0
1471 0
1472 1
1473 2
1474 1
1475 2
1476 1
1477 1
1478 1
1479 0
1480 1
1481 1
1482 1
1483 1
1484 1
1485 0
1486 0
1487 0
1488 0
1489 0
1490 1
1491 0
1492 1
1493 1
1494 0
1495 1
1496 0
1497 0
1498 0
1499 0
1500 2
1501 0
1502 1
1503 1
1504 1
1505 1
1506 1
1507 0
1508 1
1509 2
1510 0
1511 1
1512 1
1513 1
1514 1
1515 1
1516 0
1517 1
1518 1
1519 1
1520 1
1521 0
1522 2
1523 1
1524 1
1525 1
1526 0
1527 1
1528 1
1529 1
1530 1
1531 2
1532 1
1533 0
1534 1
1535 1
1536 1
1537 1
1538 1
1539 1
1540 2
1541 1
1542 1
1543 1
1544 1
1545 1
1546 1
1547 0
1548 1
1549 1
1550 0
1551 1
1552 1
1553 1
1554 1
1555 1
1556 1
1557 1
1558 1
1559 1
1560 0
1561 1
1562 1
1563 1
1564 1
1565 0
1566 1
1567 1
1568 2
1569 1
1570 1
1571 1
1572 1
1573 0
1574 1
1575 2
1576 1
1577 1
1578 1
1579 1
1580 0
1581 1
1582 2
1583 0
1584 1
1585 2
1586 1
1587 1
1588 1
1589 1
1590 1
1591 1
1592 1
1593 1
1594 2
1595 1
1596 0
1597 1
1598 0
1599 1
1600 1
1601 1
1602 0
1603 1
1604 2
1605 1
1606 0
1607 1
1608 1
1609 2
1610 1
1611 1
1612 1
1613 1
1614 1
1615 2
1616 1
1617 1
1618 1
1619 1
1620 0
1621 1
1622 2
1623 1
1624 1
1625 1
1626 1
1627 1
1628 1
1629 1
1630 1
1631 1
1632 2
1633 1
1634 1
1635 1
1636 1
1637 0
1638 1
1639 1
1640 1
1641 1
1642 1
1643 0
1644 0
1645 1
1646 1
1647 1
1648 1
1649 1
1650 1
1651 1
1652 1
1653 1
1654 2
1655 1
1656 0
1657 1
1658 1
1659 1
1660 1
1661 1
1662 1
1663 2
1664 1
1665 1
1666 1
1667 0
1668 1
1669 0
1670 0
1671 1
1672 0
1673 0
1674 1
1675 1
1676 1
1677 1
1678 1
1679 2
1680 1
1681 1
1682 1
1683 1
1684 1
1685 1
1686 1
1687 1
1688 1
1689 1
1690 0
1691 2
1692 1
1693 0
1694 1
1695 1
1696 0
1697 1
1698 1
1699 1
1700 1
1701 1
1702 1
1703 1
1704 1
1705 1
1706 1
1707 1
1708 0
1709 1
1710 2
1711 2
1712 1
1713 1
1714 0
1715 0
1716 1
1717 1
1718 1
1719 2
1720 2
1721 1
1722 1
1723 2
1724 1
1725 2
1726 0
1727 1
1728 2
1729 1
1730 1
1731 0
1732 1
1733 1
1734 1
1735 1
1736 1
1737 0
1738 0
1739 1
1740 1
1741 2
1742 0
1743 1
1744 1
1745 1
1746 1
1747 2
1748 1
1749 1
1750 1
1751 1
1752 1
1753 1
1754 1
1755 1
1756 0
1757 1
1758 1
1759 1
1760 1
1761 0
1762 0
1763 1
1764 1
1765 1
1766 1
1767 1
1768 1
1769 0
1770 0
1771 1
1772 1
1773 0
1774 1
1775 1
1776 1
1777 1
1778 1
1779 1
1780 1
1781 0
1782 1
1783 1
1784 1
1785 1
1786 1
1787 0
1788 1
1789 2
1790 1
1791 1
1792 1
1793 1
1794 1
1795 1
1796 1
1797 1
1798 1
1799 1
1800 1
1801 1
1802 2
1803 1
1804 1
1805 2
1806 2
1807 0
1808 1
1809 1
1810 1
1811 2
1812 1
1813 1
1814 1
1815 1
1816 2
1817 1
1818 1
1819 1
1820 1
1821 1
1822 2
1823 0
1824 1
1825 1
1826 1
1827 1
1828 1
1829 1
1830 1
1831 1
1832 1
1833 1
1834 1
1835 0
1836 1
1837 1
1838 1
1839 1
1840 1
1841 1
1842 1
1843 1
1844 1
1845 0
1846 1
1847 0
1848 1
1849 0
1850 1
1851 1
1852 1
1853 1
1854 1
1855 1
1856 1
1857 1
1858 1
1859 0
1860 0
1861 0
1862 0
1863 1
1864 1
1865 1
1866 1
1867 1
1868 0
1869 1
1870 0
1871 1
1872 1
1873 0
1874 0
1875 1
1876 1
1877 1
1878 0
1879 1
1880 1
1881 0
1882 1
1883 1
1884 1
1885 0
1886 1
1887 0
1888 1
1889 0
1890 1
1891 1
1892 0
1893 1
1894 1
1895 0
1896 0
1897 1
1898 1
1899 1
1900 1
1901 0
1902 1
1903 0
1904 0
1905 1
1906 1
1907 1
1908 1
1909 0
1910 1
1911 0
1912 0
1913 0
1914 0
1915 1
1916 0
1917 0
1918 1
1919 1
1920 1
1921 1
1922 1
1923 2
1924 1
1925 1
1926 1
1927 1
1928 1
1929 1
1930 1
1931 0
1932 1
1933 1
1934 1
1935 1
1936 1
1937 2
1938 1
1939 0
1940 1
1941 1
1942 1
1943 0
1944 1
1945 1
1946 1
1947 1
1948 1
1949 1
1950 1
1951 1
1952 1
1953 1
1954 1
1955 1
1956 1
1957 1
1958 1
1959 1
1960 1
1961 1
1962 1
1963 0
1964 1
1965 1
1966 1
1967 1
1968 1
1969 0
1970 1
1971 1
1972 1
1973 1
1974 1
1975 0
1976 1
1977 0
1978 0
1979 1
1980 1
1981 1
1982 1
1983 1
1984 1
1985 1
1986 0
1987 0
1988 1
1989 0
1990 1
1991 2
1992 0
1993 1
1994 1
1995 0
1996 0
1997 0
1998 1
1999 0
