0 0
1 0
2 0
3 1
4 1
5 1
6 1
7 1
8 2
9 0
10 1
11 2
12 1
13 0
14 0
15 0
16 0
17 1
18 0
19 0
20 0
21 0
22 0
23 0
24 0
25 0
26 0
27 0
28 0
29 0
30 0
31 0
32 2
33 0
34 0
35 0
36 0
37 1
38 1
39 1
40 0
41 1
42 1
43 1
44 1
45 0
46 2
47 2
48 1
49 0
50 1
51 1
52 1
53 1
54 0
55 1
56 0
57 2
58 1
59 1
60 1
61 0
62 1
63 0
64 1
65 1
66 1
67 0
68 1
69 1
70 0
71 1
72 0
73 2
74 2
75 1
76 1
77 0
78 1
79 0
80 1
81 1
82 1
83 1
84 1
85 1
86 1
87 1
88 0
89 1
90 1
91 1
92 0
93 0
94 1
95 2
96 1
97 0
98 2
99 1
100 1
101 0
102 1
103 1
104 0
105 1
106 1
107 1
108 0
109 1
110 1
111 1
112 0
113 1
114 0
115 0
116 1
117 1
118 2
119 1
120 1
121 1
122 0
123 0
124 2
125 1
126 1
127 0
128 1
129 0
130 2
131 2
132 0
133 0
134 2
135 1
136 1
137 0
138 1
139 0
140 0
141 0
142 0
143 0
144 0
145 1
146 0
147 2
148 0
149 0
150 1
151 1
152 1
153 1
154 0
155 0
156 1
157 0
158 1
159 1
160 2
161 2
162 1
163 0
164 0
165 0
166 3
167 1
168 0
169 1
170 1
171 0
172 0
173 0
174 0
175 0
176 0
177 2
178 0
179 0
180 0
181 1
182 1
183 2
184 1
185 0
186 0
187 2
188 3
189 2
190 1
191 1
192 0
193 2
194 0
195 0
196 1
197 4
198 1
199 1
200 1
201 2
202 1
203 0
204 1
205 1
206 0
207 1
208 1
209 0
210 2
211 0
212 0
213 2
214 1
215 3
216 1
217 0
218 4
219 0
220 0
221 0
222 1
223 0
224 0
225 3
226 0
227 2
228 3
229 0
230 1
231 0
232 0
233 0
234 0
235 0
236 0
237 0
238 1
239 3
240 0
241 1
242 2
243 1
244 2
245 2
246 2
247 0
248 0
249 3
250 1
251 2
252 1
253 0
254 2
255 1
256 1
257 1
258 0
259 1
260 0
261 2
262 1
263 0
264 1
265 0
266 1
267 0
268 0
269 0
270 1
271 0
272 0
273 0
274 0
275 1
276 1
277 0
278 0
279 2
280 0
281 2
282 1
283 2
284 1
285 0
286 0
287 1
288 2
289 0
290 0
291 0
292 1
293 1
294 0
295 0
296 3
297 2
298 1
299 2
300 2
301 2
302 2
303 0
304 1
305 0
306 2
307 1
308 1
309 2
310 1
311 1
312 0
313 0
314 0
315 0
316 1
317 1
318 2
319 1
320 2
321 1
322 1
323 0
324 0
325 0
326 0
327 1
328 1
329 0
330 1
331 2
332 2
333 1
334 2
335 1
336 1
337 2
338 2
339 2
340 0
341 0
342 2
343 1
344 2
345 1
346 2
347 2
348 0
349 2
350 1
351 1
352 0
353 0
354 0
355 0
356 2
357 2
358 2
359 2
360 0
361 0
362 0
363 2
364 0
365 0
366 1
367 2
368 2
369 0
370 1
371 2
372 0
373 1
374 4
375 2
376 2
377 3
378 3
379 3
380 1
381 0
382 0
383 3
384 1
385 2
386 0
387 0
388 0
389 1
390 0
391 0
392 0
393 1
394 1
395 0
396 1
397 1
398 2
399 0
400 1
401 2
402 2
403 2
404 1
405 0
406 1
407 0
408 1
409 2
410 1
411 0
412 1
413 1
414 2
415 1
416 0
417 0
418 0
419 0
420 0
421 0
422 0
423 0
424 0
425 0
426 0
427 0
428 1
429 0
430 1
431 0
432 1
433 0
434 0
435 0
436 0
437 0
438 0
439 0
440 0
441 1
442 0
443 1
444 1
445 0
446 0
447 1
448 0
449 0
450 0
451 0
452 2
453 0
454 0
455 0
456 0
457 0
458 2
459 0
460 0
461 0
462 0
463 0
464 0
465 0
466 0
467 0
468 0
469 0
470 2
471 0
472 0
473 0
474 0
475 0
476 0
477 0
478 0
479 0
480 0
481 0
482 0
483 0
484 0
485 0
486 0
487 0
488 0
489 0
490 0
491 0
492 1
493 0
494 0
495 0
496 0
497 1
498 2
499 0
500 0
501 0
502 1
503 2
504 1
505 0
506 0
507 0
508 1
509 0
510 0
511 0
512 0
513 0
514 0
515 0
516 0
517 0
518 0
519 0
520 0
521 0
522 0
523 0
524 0
525 0
526 0
527 0
528 0
529 0
530 1
531 2
532 2
533 1
534 1
535 0
536 0
537 0
538 0
539 0
540 2
541 1
542 2
543 0
544 0
545 1
546 0
547 0
548 0
549 0
550 1
551 2
552 1
553 0
554 1
555 2
556 1
557 1
558 1
559 2
560 0
561 1
562 1
563 1
564 0
565 1
566 1
567 1
568 1
569 2
570 2
571 0
572 2
573 0
574 0
575 0
576 1
577 1
578 1
579 1
580 1
581 0
582 0
583 0
584 0
585 0
586 1
587 0
588 0
589 0
590 0
591 0
592 1
593 0
594 0
595 0
596 1
597 1
598 0
599 1
600 2
601 0
602 0
603 1
604 0
605 0
606 2
607 0
608 0
609 0
610 0
611 1
612 0
613 0
614 1
615 0
616 1
617 0
618 0
619 0
620 0
621 0
622 0
623 0
624 0
625 0
626 0
627 0
628 1
629 0
630 0
631 0
632 0
633 0
634 0
635 0
636 2
637 0
638 1
639 1
640 1
641 1
642 1
643 1
644 1
645 1
646 0
647 0
648 2
649 1
650 1
651 0
652 1
653 0
654 0
655 0
656 0
657 0
658 0
659 0
660 1
661 1
662 2
663 1
664 1
665 2
666 0
667 0
668 3
669 1
670 0
671 0
672 2
673 1
674 1
675 1
676 1
677 0
678 1
679 0
680 0
681 2
682 1
683 2
684 0
685 1
686 1
687 1
688 0
689 0
690 2
691 0
692 0
693 1
694 2
695 1
696 0
697 1
698 0
699 1
700 1
701 1
702 1
703 0
704 0
705 1
706 0
707 1
708 0
709 2
710 1
711 1
712 1
713 1
714 2
715 1
716 1
717 2
718 1
719 1
720 1
721 1
722 1
723 1
724 0
725 0
726 0
727 1
728 1
729 1
730 2
731 2
732 2
733 0
734 0
735 0
736 0
737 1
738 0
739 0
740 0
741 0
742 0
743 0
744 0
745 0
746 0
747 1
748 1
749 1
750 1
751 1
752 1
753 1
754 1
755 1
756 0
757 2
758 1
759 2
760 0
761 3
762 2
763 2
764 1
765 1
766 2
767 0
768 0
769 0
770 0
771 1
772 0
773 0
774 1
775 0
776 1
777 0
778 0
779 1
780 0
781 1
782 2
783 1
784 0
785 0
786 0
787 1
788 1
789 1
790 0
791 1
792 0
793 0
794 0
795 0
796 0
797 2
798 0
799 0
800 0
801 0
802 0
803 0
804 1
805 0
806 0
807 2
808 1
809 1
810 1
811 1
812 1
813 0
814 0
815 0
816 0
817 0
818 0
819 0
820 1
821 0
822 1
823 1
824 1
825 0
826 1
827 1
828 1
829 1
830 2
831 1
832 1
833 1
834 0
835 0
836 0
837 0
838 2
839 0
840 0
841 2
842 0
843 1
844 0
845 0
846 0
847 0
848 0
849 0
850 1
851 1
852 0
853 1
854 0
855 0
856 0
857 0
858 0
859 0
860 0
861 0
862 0
863 0
864 0
865 0
866 2
867 1
868 1
869 1
870 2
871 0
872 0
873 0
874 0
875 1
876 0
877 1
878 0
879 0
880 1
881 1
882 2
883 0
884 0
885 0
886 0
887 4
888 0
889 0
890 0
891 3
892 0
893 1
894 0
895 0
896 0
897 0
898 0
899 1
900 2
901 2
902 2
903 1
904 0
905 1
906 0
907 1
908 1
909 1
910 1
911 2
912 1
913 1
914 1
915 1
916 0
917 1
918 1
919 1
920 2
921 1
922 0
923 1
924 1
925 1
926 1
927 1
928 2
929 2
930 1
931 1
932 2
933 1
934 1
935 1
936 1
937 1
938 1
939 1
940 0
941 0
942 1
943 1
944 1
945 1
946 1
947 1
948 1
949 1
950 2
951 1
952 0
953 2
954 1
955 1
956 0
957 0
958 0
959 1
960 1
961 2
962 0
963 1
964 1
965 0
966 1
967 1
968 1
969 0
970 2
971 1
972 1
973 1
974 1
975 0
976 1
977 1
978 0
979 2
980 1
981 0
982 1
983 2
984 1
985 2
986 1
987 0
988 1
989 2
990 1
991 1
992 0
993 1
994 1
995 1
996 1
997 1
998 1
999 0
1000 1
1001 1
1002 1
1003 1
1004 2
1005 1
1006 0
1007 0
1008 1
1009 2
1010 1
1011 1
1012 1
1013 2
1014 1
1015 3
1016 1
1017 1
1018 0
1019 1
1020 1
1021 1
1022 1
1023 1
1024 1
1025 2
1026 2
1027 3
1028 3
1029 2
1030 2
1031 2
1032 2
1033 1
1034 2
1035 2
1036 2
1037 2
1038 3
1039 2
1040 2
1041 4
1042 2
1043 1
1044 2
1045 2
1046 3
1047 2
1048 2
1049 3
1050 2
1051 1
1052 2
1053 3
1054 3
1055 3
1056 2
1057 3
1058 3
1059 3
1060 2
1061 3
1062 2
1063 2
1064 1
1065 2
1066 3
1067 2
1068 2
1069 3
1070 1
1071 2
1072 1
1073 1
1074 1
1075 1
1076 1
1077 1
1078 1
1079 0
1080 1
1081 0
1082 2
1083 1
1084 1
1085 1
1086 1
1087 1
1088 2
1089 1
1090 2
1091 2
1092 1
1093 1
1094 2
1095 2
1096 1
1097 1
1098 0
1099 1
1100 1
1101 1
1102 2
1103 1
1104 1
1105 1
1106 1
1107 2
1108 1
1109 2
1110 2
1111 1
1112 1
1113 1
1114 1
1115 0
1116 0
1117 1
1118 1
1119 0
1120 1
1121 1
1122 2
1123 2
1124 2
1125 1
1126 1
1127 1
1128 1
1129 1
1130 1
1131 1
1132 1
1133 1
1134 1
1135 1
1136 1
1137 1
1138 1
1139 2
1140 2
1141 1
1142 2
1143 3
1144 1
1145 2
1146 3
1147 2
1148 2
1149 2
1150 3
1151 2
1152 3
1153 2
1154 2
1155 2
1156 3
1157 2
1158 3
1159 3
1160 2
1161 3
1162 1
1163 3
1164 2
1165 3
1166 3
1167 3
1168 2
1169 3
1170 3
1171 2
1172 2
1173 2
1174 3
1175 2
1176 2
1177 3
1178 2
1179 1
1180 2
1181 0
1182 1
1183 2
1184 2
1185 2
1186 2
1187 2
1188 2
1189 3
1190 3
1191 2
1192 3
1193 3
1194 2
1195 3
1196 3
1197 3
1198 2
1199 3
1200 2
1201 3
1202 3
1203 2
1204 2
1205 2
1206 2
1207 3
1208 2
1209 2
1210 3
1211 2
1212 2
1213 3
1214 2
1215 2
1216 3
1217 3
1218 3
1219 1
1220 3
1221 3
1222 3
1223 1
1224 3
1225 3
1226 2
1227 3
1228 1
1229 2
1230 2
1231 2
1232 3
1233 4
1234 2
1235 3
1236 2
1237 2
1238 3
1239 2
1240 4
1241 3
1242 3
1243 3
1244 2
1245 3
1246 1
1247 3
1248 3
1249 3
1250 3
1251 2
1252 2
1253 1
1254 3
1255 2
1256 3
1257 2
1258 3
1259 1
1260 3
1261 1
1262 3
1263 3
1264 2
1265 2
1266 3
1267 2
1268 2
1269 2
1270 2
1271 1
1272 1
1273 2
1274 2
1275 3
1276 2
1277 3
1278 1
1279 3
1280 2
1281 2
1282 2
1283 2
1284 2
1285 3
1286 2
1287 2
1288 2
1289 1
1290 3
1291 3
1292 3
1293 2
1294 2
1295 2
1296 3
1297 2
1298 2
1299 2
1300 3
1301 2
1302 3
1303 2
1304 3
1305 2
1306 2
1307 3
1308 3
1309 3
1310 2
1311 1
1312 2
1313 2
1314 1
1315 2
1316 3
1317 1
1318 1
1319 2
1320 3
1321 2
1322 2
1323 2
1324 2
1325 2
1326 2
1327 1
1328 2
1329 2
1330 3
1331 2
1332 2
1333 1
1334 3
1335 1
1336 2
1337 3
1338 2
1339 1
1340 2
1341 2
1342 3
1343 3
1344 1
1345 2
1346 3
1347 1
1348 2
1349 2
1350 2
1351 2
1352 2
1353 2
1354 2
1355 2
1356 2
1357 3
1358 2
1359 2
1360 2
1361 2
1362 3
1363 1
1364 2
1365 2
1366 4
1367 2
1368 3
1369 2
1370 2
1371 3
1372 3
1373 2
1374 3
1375 3
1376 1
1377 3
1378 2
1379 2
1380 2
1381 1
1382 1
1383 2
1384 3
1385 2
1386 2
1387 2
1388 3
1389 3
1390 2
1391 2
1392 3
1393 2
1394 2
1395 2
1396 1
1397 3
1398 3
1399 2
1400 2
1401 3
1402 2
1403 2
1404 1
1405 2
1406 2
1407 2
1408 2
1409 2
1410 2
1411 2
1412 2
1413 3
1414 2
1415 3
1416 3
1417 1
1418 3
1419 1
1420 1
1421 2
1422 2
1423 2
1424 2
1425 1
1426 2
1427 4
1428 3
1429 2
1430 3
1431 2
1432 2
1433 3
1434 2
1435 1
1436 2
1437 2
1438 2
1439 3
1440 1
1441 2
1442 2
1443 2
1444 2
1445 1
1446 3
1447 3
1448 2
1449 2
1450 3
1451 2
1452 3
1453 2
1454 1
1455 2
1456 2
1457 2
1458 2
1459 2
1460 2
1461 3
1462 3
1463 2
1464 2
1465 2
1466 3
1467 2
1468 3
1469 1
1470 3
1471 3
1472 2
1473 1
1474 3
1475 2
1476 2
1477 2
1478 3
1479 2
1480 2
1481 2
1482 2
1483 2
1484 2
1485 2
1486 2
1487 3
1488 1
1489 1
1490 1
1491 1
1492 1
1493 1
1494 1
1495 1
1496 1
1497 2
1498 1
1499 1
1500 1
1501 1
1502 1
1503 1
1504 1
1505 1
1506 2
1507 1
1508 1
1509 1
1510 1
1511 1
1512 1
1513 1
1514 3
1515 1
1516 1
1517 2
1518 2
1519 3
1520 1
1521 1
1522 0
1523 1
1524 2
1525 1
1526 1
1527 3
1528 2
1529 2
1530 1
1531 1
1532 2
1533 3
1534 2
1535 3
1536 2
1537 2
1538 2
1539 1
1540 3
1541 2
1542 2
1543 2
1544 2
1545 3
1546 2
1547 1
1548 2
1549 1
1550 2
1551 1
1552 3
1553 2
1554 2
1555 3
1556 2
1557 1
1558 1
1559 1
1560 1
1561 1
1562 0
1563 2
1564 2
1565 2
1566 2
1567 2
1568 2
1569 2
1570 2
1571 3
1572 3
1573 2
1574 0
1575 1
1576 1
1577 3
1578 1
1579 2
1580 2
1581 3
1582 2
1583 2
1584 2
1585 2
1586 2
1587 3
1588 2
1589 2
1590 2
1591 1
1592 1
1593 3
1594 1
1595 2
1596 3
1597 1
1598 2
1599 3
1600 2
1601 3
1602 2
1603 2
1604 2
1605 3
1606 2
1607 2
1608 3
1609 2
1610 2
1611 3
1612 1
1613 2
1614 3
1615 2
1616 2
1617 2
1618 1
1619 2
1620 1
1621 3
1622 2
1623 1
1624 3
1625 2
1626 2
1627 2
1628 2
1629 3
1630 2
1631 3
1632 2
1633 3
1634 2
1635 2
1636 2
1637 3
1638 2
1639 3
1640 2
1641 3
1642 3
1643 1
1644 2
1645 2
1646 2
1647 2
1648 2
1649 3
1650 2
1651 2
1652 2
1653 2
1654 2
1655 2
1656 2
1657 3
1658 2
1659 2
1660 2
1661 3
1662 1
1663 1
1664 2
1665 3
1666 2
1667 2
1668 2
1669 2
1670 2
1671 2
1672 2
1673 3
1674 2
1675 3
1676 2
1677 2
1678 3
1679 1
1680 2
1681 1
1682 0
1683 2
1684 2
1685 2
1686 1
1687 3
1688 1
1689 2
1690 2
1691 2
1692 2
1693 2
1694 2
1695 3
1696 2
1697 2
1698 2
1699 1
1700 2
1701 2
1702 3
1703 2
1704 4
1705 1
1706 3
1707 3
1708 3
1709 3
1710 1
1711 2
1712 2
1713 3
1714 3
1715 2
1716 2
1717 2
1718 3
1719 2
1720 2
1721 3
1722 2
1723 1
1724 2
1725 3
1726 3
1727 2
1728 3
1729 2
1730 3
1731 1
1732 2
1733 2
1734 2
1735 3
1736 2
1737 2
1738 2
1739 2
1740 3
1741 2
1742 3
1743 3
1744 3
1745 2
1746 5
1747 3
1748 2
1749 2
1750 3
1751 2
1752 1
1753 1
1754 2
1755 2
1756 2
1757 1
1758 1
1759 3
1760 2
1761 4
1762 1
1763 3
1764 2
1765 2
1766 2
1767 2
1768 2
1769 2
1770 3
1771 3
1772 2
1773 2
1774 1
1775 2
1776 2
1777 2
1778 2
1779 1
1780 3
1781 2
1782 1
1783 2
1784 1
1785 3
1786 2
1787 1
1788 2
1789 3
1790 2
1791 3
1792 2
1793 2
1794 2
1795 2
1796 2
1797 2
1798 2
1799 3
1800 2
1801 2
1802 1
1803 3
1804 2
1805 2
1806 2
1807 2
1808 3
1809 2
1810 3
1811 2
1812 1
1813 2
1814 2
1815 1
1816 2
1817 2
1818 2
1819 2
1820 2
1821 3
1822 2
1823 2
1824 3
1825 1
1826 2
1827 3
1828 2
1829 2
1830 2
1831 2
1832 2
1833 1
1834 1
1835 1
1836 2
1837 1
1838 1
1839 1
1840 1
1841 3
1842 2
1843 3
1844 2
1845 2
1846 2
1847 1
1848 1
1849 2
1850 1
1851 1
1852 2
1853 3
1854 1
1855 2
1856 1
1857 1
1858 1
1859 1
1860 1
1861 2
1862 0
1863 0
1864 0
1865 1
1866 1
1867 0
1868 1
1869 1
1870 0
1871 1
1872 3
1873 1
1874 1
1875 1
1876 1
1877 1
1878 1
1879 1
1880 0
1881 1
1882 2
1883 2
1884 0
1885 1
1886 1
1887 1
1888 1
1889 2
1890 1
1891 1
1892 0
1893 1
1894 1
1895 2
1896 1
1897 0
1898 1
1899 1
1900 1
1901 2
1902 1
1903 1
1904 2
1905 2
1906 2
1907 1
1908 1
1909 1
1910 1
1911 2
1912 1
1913 0
1914 1
1915 1
1916 1
1917 2
1918 1
1919 1
1920 0
1921 1
1922 1
1923 1
1924 1
1925 1
1926 1
1927 1
1928 0
1929 0
1930 0
1931 1
1932 1
1933 1
1934 0
1935 0
1936 0
1937 0
1938 0
1939 0
1940 0
1941 0
1942 0
1943 0
1944 0
1945 1
1946 1
1947 0
1948 0
1949 0
1950 0
1951 0
1952 0
1953 0
1954 0
1955 0
1956 0
1957 0
1958 1
1959 0
1960 0
1961 0
1962 0
1963 0
1964 0
1965 0
1966 0
1967 1
1968 0
1969 0
1970 0
1971 1
1972 0
1973 0
1974 2
1975 1
1976 0
1977 0
1978 0
1979 1
1980 0
1981 0
1982 0
1983 0
1984 0
1985 0
1986 2
1987 1
1988 0
1989 0
1990 0
1991 0
1992 1
1993 2
1994 2
1995 2
1996 1
1997 3
1998 1
1999 2
