0 1
1 2
2 1
3 2
4 3
5 1
6 0
7 0
8 0
9 1
10 0
11 1
12 1
13 1
14 0
15 2
16 1
17 1
18 1
19 0
20 0
21 1
22 2
23 1
24 1
25 1
26 0
27 1
28 1
29 1
30 1
31 2
32 1
33 0
34 1
35 0
36 0
37 1
38 1
39 2
40 0
41 2
42 1
43 1
44 1
45 0
46 1
47 0
48 0
49 1
50 1
51 1
52 0
53 0
54 1
55 0
56 1
57 1
58 1
59 1
60 1
61 0
62 2
63 1
64 2
65 1
66 2
67 1
68 1
69 0
70 1
71 1
72 1
73 0
74 1
75 1
76 1
77 1
78 1
79 0
80 1
81 1
82 0
83 0
84 0
85 0
86 2
87 0
88 1
89 2
90 0
91 0
92 0
93 1
94 1
95 2
96 1
97 1
98 1
99 1
100 1
101 1
102 0
103 1
104 1
105 0
106 0
107 0
108 1
109 1
110 0
111 3
112 0
113 0
114 1
115 0
116 1
117 0
118 1
119 0
120 1
121 1
122 2
123 2
124 1
125 0
126 1
127 0
128 1
129 2
130 0
131 1
132 0
133 2
134 1
135 2
136 0
137 1
138 1
139 1
140 0
141 1
142 1
143 1
144 1
145 1
146 1
147 1
148 1
149 1
150 1
151 0
152 1
153 2
154 1
155 1
156 1
157 1
158 1
159 0
160 0
161 1
162 0
163 1
164 1
165 2
166 4
167 1
168 1
169 0
170 1
171 1
172 2
173 2
174 0
175 2
176 0
177 1
178 1
179 3
180 1
181 1
182 2
183 1
184 1
185 1
186 0
187 1
188 2
189 0
190 2
191 1
192 1
193 1
194 1
195 1
196 1
197 1
198 1
199 1
200 0
201 1
202 1
203 1
204 1
205 1
206 1
207 2
208 0
209 2
210 1
211 1
212 0
213 0
214 0
215 0
216 1
217 1
218 1
219 1
220 1
221 1
222 1
223 1
224 2
225 1
226 2
227 0
228 1
229 0
230 0
231 2
232 1
233 1
234 2
235 0
236 0
237 0
238 1
239 1
240 1
241 1
242 1
243 0
244 1
245 0
246 2
247 1
248 0
249 2
250 1
251 1
252 1
253 1
254 2
255 2
256 3
257 0
258 0
259 1
260 1
261 0
262 1
263 1
264 0
265 1
266 1
267 1
268 1
269 0
270 1
271 0
272 1
273 1
274 1
275 1
276 0
277 1
278 0
279 1
280 0
281 0
282 1
283 0
284 2
285 0
286 0
287 1
288 0
289 2
290 1
291 0
292 0
293 0
294 1
295 1
296 1
297 1
298 0
299 2
300 1
301 1
302 0
303 2
304 1
305 3
306 1
307 1
308 0
309 1
310 2
311 1
312 0
313 0
314 1
315 0
316 2
317 1
318 0
319 1
320 1
321 0
322 1
323 1
324 1
325 1
326 0
327 0
328 2
329 1
330 1
331 1
332 2
333 0
334 1
335 2
336 2
337 0
338 2
339 2
340 0
341 0
342 1
343 1
344 1
345 0
346 1
347 1
348 0
349 1
350 1
351 2
352 1
353 2
354 0
355 1
356 2
357 0
358 2
359 0
360 2
361 0
362 1
363 1
364 1
365 0
366 2
367 0
368 0
369 0
370 1
371 1
372 1
373 0
374 1
375 1
376 0
377 2
378 1
379 0
380 0
381 1
382 1
383 1
384 1
385 2
386 0
387 1
388 1
389 1
390 1
391 1
392 2
393 1
394 2
395 0
396 1
397 0
398 1
399 0
400 0
401 1
402 1
403 0
404 2
405 1
406 1
407 1
408 2
409 0
410 1
411 1
412 1
413 1
414 0
415 1
416 1
417 0
418 1
419 1
420 2
421 0
422 1
423 1
424 1
425 1
426 2
427 0
428 2
429 1
430 1
431 2
432 0
433 0
434 2
435 2
436 0
437 0
438 0
439 0
440 1
441 1
442 0
443 1
444 0
445 1
446 1
447 0
448 2
449 1
450 0
451 0
452 1
453 2
454 2
455 0
456 1
457 1
458 2
459 2
460 0
461 1
462 0
463 2
464 1
465 1
466 1
467 0
468 1
469 1
470 1
471 2
472 1
473 1
474 0
475 2
476 1
477 1
478 1
479 1
480 1
481 1
482 2
483 1
484 1
485 0
486 2
487 1
488 1
489 1
490 1
491 0
492 1
493 1
494 1
495 1
496 1
497 0
498 0
499 1
500 0
501 1
502 0
503 2
504 2
505 1
506 1
507 1
508 0
509 1
510 0
511 2
512 0
513 1
514 1
515 1
516 2
517 2
518 0
519 0
520 1
521 0
522 1
523 1
524 1
525 0
526 0
527 1
528 1
529 1
530 1
531 1
532 0
533 1
534 1
535 1
536 1
537 1
538 1
539 1
540 1
541 1
542 1
543 1
544 1
545 1
546 0
547 1
548 1
549 1
550 0
551 1
552 0
553 1
554 1
555 1
556 2
557 0
558 1
559 1
560 1
561 2
562 2
563 1
564 1
565 2
566 1
567 2
568 1
569 1
570 1
571 1
572 2
573 0
574 1
575 1
576 0
577 1
578 1
579 1
580 1
581 1
582 1
583 1
584 0
585 1
586 2
587 1
588 1
589 0
590 1
591 1
592 0
593 1
594 1
595 1
596 1
597 1
598 1
599 0
600 1
601 1
602 1
603 0
604 1
605 0
606 1
607 1
608 0
609 1
610 0
611 1
612 1
613 1
614 1
615 2
616 2
617 1
618 0
619 0
620 0
621 0
622 1
623 1
624 2
625 2
626 2
627 0
628 0
629 0
630 0
631 0
632 1
633 0
634 0
635 0
636 0
637 0
638 0
639 0
640 0
641 0
642 0
643 0
644 0
645 0
646 0
647 0
648 0
649 0
650 0
651 1
652 2
653 0
654 1
655 0
656 1
657 0
658 0
659 1
660 0
661 0
662 1
663 1
664 1
665 0
666 1
667 0
668 0
669 0
670 1
671 1
672 2
673 1
674 0
675 0
676 1
677 0
678 0
679 2
680 0
681 2
682 2
683 0
684 0
685 0
686 0
687 1
688 0
689 2
690 1
691 2
692 2
693 2
694 1
695 2
696 1
697 0
698 1
699 1
700 1
701 0
702 0
703 0
704 0
705 1
706 1
707 0
708 0
709 1
710 0
711 1
712 0
713 0
714 1
715 0
716 2
717 0
718 0
719 0
720 1
721 0
722 0
723 0
724 2
725 1
726 1
727 1
728 0
729 1
730 0
731 0
732 1
733 0
734 2
735 3
736 1
737 0
738 0
739 0
740 0
741 0
742 0
743 0
744 0
745 0
746 3
747 0
748 1
749 0
750 0
751 0
752 1
753 0
754 0
755 1
756 1
757 2
758 2
759 0
760 2
761 1
762 1
763 0
764 1
765 1
766 1
767 1
768 1
769 3
770 1
771 2
772 1
773 1
774 0
775 0
776 0
777 2
778 0
779 1
780 1
781 1
782 0
783 2
784 1
785 0
786 2
787 1
788 1
789 0
790 1
791 0
792 0
793 0
794 0
795 0
796 1
797 1
798 1
799 2
800 2
801 1
802 2
803 1
804 1
805 1
806 3
807 2
808 3
809 2
810 0
811 1
812 1
813 3
814 2
815 2
816 0
817 3
818 4
819 3
820 1
821 1
822 1
823 0
824 1
825 1
826 0
827 1
828 3
829 4
830 4
831 3
832 0
833 2
834 0
835 4
836 5
837 3
838 3
839 1
840 4
841 0
842 1
843 3
844 4
845 1
846 1
847 0
848 3
849 4
850 4
851 0
852 1
853 1
854 2
855 1
856 1
857 0
858 2
859 2
860 1
861 2
862 4
863 2
864 4
865 2
866 3
867 3
868 3
869 2
870 2
871 4
872 2
873 2
874 2
875 4
876 1
877 1
878 2
879 1
880 1
881 2
882 1
883 2
884 2
885 1
886 1
887 2
888 2
889 2
890 3
891 2
892 2
893 2
894 3
895 3
896 2
897 4
898 4
899 2
900 1
901 0
902 2
903 2
904 0
905 4
906 3
907 2
908 3
909 3
910 3
911 3
912 3
913 3
914 2
915 3
916 4
917 2
918 3
919 3
920 2
921 1
922 1
923 2
924 2
925 2
926 1
927 1
928 0
929 3
930 2
931 3
932 1
933 1
934 2
935 1
936 1
937 1
938 2
939 0
940 2
941 1
942 1
943 3
944 1
945 1
946 1
947 1
948 2
949 1
950 1
951 1
952 2
953 1
954 1
955 2
956 1
957 1
958 0
959 1
960 1
961 1
962 2
963 3
964 4
965 2
966 2
967 4
968 0
969 0
970 0
971 1
972 2
973 1
974 1
975 2
976 0
977 4
978 3
979 0
980 2
981 2
982 2
983 1
984 2
985 0
986 2
987 3
988 2
989 2
990 1
991 1
992 2
993 1
994 2
995 3
996 2
997 1
998 1
999 2
1000 2
1001 1
1002 1
1003 0
1004 1
1005 0
1006 1
1007 1
1008 1
1009 0
1010 3
1011 3
1012 3
1013 2
1014 1
1015 1
1016 2
1017 1
1018 3
1019 1
1020 1
1021 1
1022 0
1023 1
1024 1
1025 2
1026 0
1027 1
1028 2
1029 3
1030 2
1031 1
1032 2
1033 1
1034 2
1035 3
1036 0
1037 0
1038 1
1039 1
1040 1
1041 1
1042 0
1043 0
1044 3
1045 2
1046 1
1047 2
1048 1
1049 3
1050 3
1051 2
1052 2
1053 1
1054 1
1055 3
1056 1
1057 0
1058 1
1059 1
1060 1
1061 2
1062 3
1063 0
1064 2
1065 1
1066 2
1067 2
1068 3
1069 3
1070 2
1071 1
1072 2
1073 2
1074 4
1075 4
1076 3
1077 3
1078 4
1079 2
1080 2
1081 2
1082 1
1083 1
1084 1
1085 1
1086 1
1087 1
1088 1
1089 4
1090 1
1091 0
1092 1
1093 0
1094 0
1095 0
1096 3
1097 1
1098 2
1099 1
1100 2
1101 1
1102 0
1103 0
1104 2
1105 2
1106 0
1107 1
1108 1
1109 2
1110 0
1111 0
1112 1
1113 0
1114 1
1115 0
1116 0
1117 0
1118 1
1119 2
1120 1
1121 2
1122 3
1123 1
1124 1
1125 2
1126 1
1127 1
1128 2
1129 1
1130 3
1131 2
1132 1
1133 1
1134 2
1135 0
1136 1
1137 0
1138 0
1139 0
1140 0
1141 1
1142 0
1143 0
1144 0
1145 1
1146 2
1147 2
1148 2
1149 0
1150 0
1151 1
1152 1
1153 0
1154 0
1155 1
1156 1
1157 0
1158 0
1159 1
1160 0
1161 1
1162 0
1163 0
1164 0
1165 1
1166 1
1167 2
1168 1
1169 0
1170 1
1171 2
1172 0
1173 0
1174 0
1175 1
1176 2
1177 0
1178 2
1179 0
1180 0
1181 1
1182 0
1183 2
1184 1
1185 0
1186 2
1187 0
1188 0
1189 0
1190 1
1191 2
1192 1
1193 0
1194 0
1195 0
1196 0
1197 0
1198 0
1199 0
1200 1
1201 2
1202 0
1203 0
1204 0
1205 0
1206 2
1207 1
1208 0
1209 1
1210 1
1211 1
1212 1
1213 0
1214 1
1215 0
1216 1
1217 3
1218 2
1219 1
1220 0
1221 0
1222 0
1223 0
1224 1
1225 1
1226 0
1227 0
1228 0
1229 0
1230 0
1231 1
1232 2
1233 2
1234 1
1235 2
1236 2
1237 2
1238 2
1239 2
1240 1
1241 1
1242 0
1243 2
1244 1
1245 2
1246 2
1247 1
1248 1
1249 2
1250 0
1251 2
1252 1
1253 2
1254 1
1255 1
1256 2
1257 1
1258 2
1259 2
1260 1
1261 1
1262 3
1263 1
1264 2
1265 1
1266 1
1267 3
1268 1
1269 2
1270 2
1271 1
1272 2
1273 1
1274 3
1275 3
1276 1
1277 2
1278 2
1279 1
1280 2
1281 1
1282 3
1283 1
1284 2
1285 0
1286 0
1287 0
1288 2
1289 1
1290 0
1291 0
1292 0
1293 0
1294 0
1295 2
1296 2
1297 2
1298 1
1299 0
1300 1
1301 0
1302 0
1303 0
1304 0
1305 0
1306 0
1307 1
1308 0
1309 0
1310 0
1311 0
1312 0
1313 2
1314 1
1315 1
1316 0
1317 0
1318 1
1319 1
1320 0
1321 2
1322 2
1323 3
1324 1
1325 2
1326 2
1327 2
1328 0
1329 3
1330 3
1331 3
1332 2
1333 2
1334 2
1335 1
1336 2
1337 2
1338 3
1339 1
1340 1
1341 1
1342 0
1343 0
1344 3
1345 0
1346 0
1347 1
1348 0
1349 0
1350 0
1351 0
1352 1
1353 0
1354 0
1355 0
1356 0
1357 0
1358 0
1359 0
1360 0
1361 0
1362 0
1363 1
1364 1
1365 1
1366 1
1367 0
1368 0
1369 0
1370 2
1371 0
1372 1
1373 1
1374 0
1375 0
1376 0
1377 1
1378 0
1379 0
1380 3
1381 2
1382 0
1383 0
1384 0
1385 1
1386 0
1387 1
1388 1
1389 0
1390 1
1391 0
1392 1
1393 1
1394 0
1395 1
1396 0
1397 0
1398 1
1399 1
1400 0
1401 0
1402 0
1403 0
1404 0
1405 0
1406 0
1407 1
1408 0
1409 1
1410 0
1411 0
1412 2
1413 0
1414 1
1415 1
1416 1
1417 0
1418 1
1419 0
1420 0
1421 0
1422 1
1423 0
1424 2
1425 0
1426 0
1427 0
1428 0
1429 0
1430 0
1431 0
1432 0
1433 0
1434 1
1435 1
1436 0
1437 1
1438 0
1439 1
1440 1
1441 0
1442 0
1443 1
1444 0
1445 0
1446 0
1447 3
1448 0
1449 0
1450 0
1451 0
1452 0
1453 0
1454 0
1455 0
1456 2
1457 2
1458 1
1459 1
1460 2
1461 0
1462 0
1463 2
1464 0
1465 0
1466 1
1467 1
1468 0
1469 1
1470 0
1471 2
1472 1
1473 0
1474 0
1475 0
1476 1
1477 4
1478 0
1479 2
1480 2
1481 2
1482 2
1483 2
1484 2
1485 0
1486 4
1487 3
1488 1
1489 1
1490 2
1491 1
1492 1
1493 2
1494 1
1495 1
1496 0
1497 0
1498 1
1499 0
1500 0
1501 0
1502 1
1503 0
1504 2
1505 1
1506 0
1507 0
1508 1
1509 2
1510 1
1511 0
1512 1
1513 2
1514 1
1515 0
1516 0
1517 0
1518 0
1519 2
1520 2
1521 2
1522 0
1523 2
1524 0
1525 0
1526 3
1527 1
1528 1
1529 1
1530 1
1531 0
1532 0
1533 1
1534 1
1535 2
1536 1
1537 1
1538 0
1539 2
1540 1
1541 0
1542 1
1543 1
1544 1
1545 0
1546 0
1547 2
1548 1
1549 1
1550 1
1551 1
1552 1
1553 1
1554 2
1555 1
1556 2
1557 2
1558 0
1559 1
1560 1
1561 0
1562 1
1563 2
1564 0
1565 0
1566 2
1567 1
1568 1
1569 1
1570 0
1571 1
1572 1
1573 0
1574 1
1575 1
1576 2
1577 1
1578 1
1579 1
1580 1
1581 2
1582 3
1583 3
1584 2
1585 1
1586 4
1587 2
1588 2
1589 2
1590 2
1591 2
1592 2
1593 2
1594 3
1595 1
1596 1
1597 3
1598 3
1599 1
1600 1
1601 1
1602 0
1603 2
1604 3
1605 2
1606 1
1607 1
1608 4
1609 4
1610 1
1611 3
1612 3
1613 2
1614 2
1615 3
1616 1
1617 1
1618 1
1619 2
1620 2
1621 3
1622 3
1623 3
1624 1
1625 3
1626 3
1627 2
1628 5
1629 2
1630 2
1631 1
1632 2
1633 2
1634 6
1635 2
1636 2
1637 2
1638 2
1639 3
1640 1
1641 2
1642 2
1643 4
1644 2
1645 4
1646 4
1647 1
1648 2
1649 1
1650 2
1651 2
1652 1
1653 2
1654 2
1655 1
1656 3
1657 1
1658 1
1659 2
1660 2
1661 2
1662 2
1663 1
1664 3
1665 2
1666 3
1667 2
1668 2
1669 2
1670 0
1671 2
1672 3
1673 3
1674 1
1675 2
1676 1
1677 2
1678 3
1679 3
1680 2
1681 4
1682 2
1683 5
1684 0
1685 1
1686 2
1687 0
1688 0
1689 0
1690 0
1691 0
1692 0
1693 1
1694 2
1695 0
1696 0
1697 0
1698 0
1699 0
1700 0
1701 0
1702 1
1703 0
1704 2
1705 1
1706 1
1707 1
1708 1
1709 0
1710 0
1711 1
1712 1
1713 0
1714 2
1715 1
1716 0
1717 0
1718 1
1719 0
1720 0
1721 1
1722 0
1723 3
1724 0
1725 1
1726 1
1727 2
1728 1
1729 2
1730 1
1731 1
1732 1
1733 1
1734 2
1735 0
1736 2
1737 1
1738 1
1739 0
1740 0
1741 0
1742 2
1743 0
1744 2
1745 0
1746 1
1747 2
1748 0
1749 0
1750 0
1751 2
1752 1
1753 0
1754 0
1755 1
1756 1
1757 1
1758 1
1759 1
1760 1
1761 0
1762 1
1763 0
1764 0
1765 0
1766 2
1767 2
1768 0
1769 1
1770 1
1771 1
1772 1
1773 0
1774 2
1775 1
1776 0
1777 1
1778 1
1779 1
1780 1
1781 2
1782 0
1783 0
1784 0
1785 0
1786 1
1787 1
1788 2
1789 1
1790 1
1791 0
1792 0
1793 0
1794 0
1795 0
1796 0
1797 0
1798 0
1799 0
1800 0
1801 0
1802 0
1803 0
1804 1
1805 1
1806 2
1807 1
1808 2
1809 1
1810 0
1811 1
1812 1
1813 3
1814 0
1815 1
1816 4
1817 1
1818 1
1819 1
1820 2
1821 1
1822 4
1823 1
1824 2
1825 1
1826 3
1827 1
1828 1
1829 0
1830 1
1831 1
1832 0
1833 1
1834 1
1835 2
1836 2
1837 2
1838 2
1839 1
1840 1
1841 1
1842 0
1843 0
1844 1
1845 1
1846 1
1847 4
1848 3
1849 2
1850 0
1851 2
1852 1
1853 2
1854 1
1855 1
1856 1
1857 1
1858 1
1859 1
1860 1
1861 1
1862 1
1863 0
1864 0
1865 1
1866 2
1867 0
1868 0
1869 1
1870 2
1871 0
1872 1
1873 1
1874 1
1875 1
1876 1
1877 1
1878 1
1879 0
1880 1
1881 1
1882 1
1883 2
1884 1
1885 0
1886 1
1887 0
1888 1
1889 1
1890 2
1891 0
1892 1
1893 0
1894 0
1895 0
1896 0
1897 0
1898 0
1899 0
1900 1
1901 1
1902 0
1903 0
1904 1
1905 1
1906 1
1907 0
1908 2
1909 1
1910 1
1911 1
1912 0
1913 0
1914 1
1915 1
1916 1
1917 1
1918 1
1919 1
1920 1
1921 0
1922 4
1923 0
1924 0
1925 1
1926 1
1927 1
1928 1
1929 1
1930 1
1931 2
1932 0
1933 0
1934 1
1935 1
1936 1
1937 1
1938 2
1939 0
1940 0
1941 0
1942 2
1943 0
1944 2
1945 1
1946 1
1947 0
1948 1
1949 2
1950 0
1951 3
1952 2
1953 2
1954 2
1955 2
1956 1
1957 1
1958 1
1959 1
1960 1
1961 1
1962 2
1963 1
1964 2
1965 1
1966 1
1967 1
1968 2
1969 1
1970 2
1971 2
1972 2
1973 1
1974 1
1975 2
1976 1
1977 1
1978 0
1979 0
1980 0
1981 0
1982 0
1983 0
1984 0
1985 1
1986 1
1987 1
1988 3
1989 0
1990 0
1991 0
1992 0
1993 0
1994 0
1995 1
1996 1
1997 0
1998 1
1999 2
