#Res        AtomicFlx
 295.000      39.8433
 296.000      39.4533
 297.000      38.8400
 298.000      38.1836
 299.000      37.7061
 300.000      37.4428
 301.000      37.1499
 302.000      36.6026
 303.000      36.3890
 304.000      35.9650
 305.000      35.1825
 306.000      34.9053
 307.000      34.0259
 308.000      33.3434
 309.000      32.9150
 310.000      32.7146
 311.000      32.4885
 312.000      32.1932
 313.000      31.7543
 314.000      31.1362
 315.000      30.7929
 316.000      29.6827
 317.000      29.3344
 318.000      27.8354
 319.000      27.1350
 320.000      25.9973
 321.000      24.7126
 322.000      23.7840
 323.000      22.9122
 324.000      21.7989
 325.000      20.7667
 326.000      19.6357
 327.000      18.3198
 328.000      17.5601
 329.000      16.1408
 330.000      14.4613
 331.000      13.4893
 332.000      12.1907
 333.000      11.0816
 334.000       9.8437
 335.000       8.6757
 336.000       7.5640
 337.000       6.5770
 338.000       6.5072
 339.000       6.1624
 340.000       5.5399
 341.000       4.7863
 342.000       4.8779
 343.000       4.8449
 344.000       4.3302
 345.000       4.1990
 346.000       4.4159
 347.000       4.1681
 790.000      20.6958
 791.000      19.8183
 792.000      19.3177
 793.000      18.5536
 794.000      18.4217
 795.000      18.0798
 796.000      18.0581
 797.000      17.9482
 798.000      18.1727
 799.000      18.3380
 800.000      18.2195
 801.000      18.2679
 802.000      18.5180
 803.000      18.3648
 804.000      18.5490
 805.000      18.7345
 806.000      19.0159
 807.000      19.0383
 808.000      19.1688
 809.000      19.2091
 810.000      19.1207
 811.000      19.0667
 812.000      19.0684
 813.000      19.0441
 814.000      18.9898
 815.000      19.0795
 816.000      18.9006
 817.000      18.3053
 818.000      18.1027
 819.000      17.5994
 820.000      16.9847
 821.000      16.1865
 822.000      15.2325
 823.000      14.3290
 824.000      14.6413
 825.000      13.4103
 826.000      12.1868
 827.000      10.9818
 828.000      10.2193
 829.000       9.1412
 830.000       8.1944
 831.000       7.4956
 832.000       6.6802
 833.000       7.4752
 834.000       6.4895
 835.000       5.6546
 836.000       5.0262
 837.000       5.1365
 838.000       5.0019
 839.000       4.5022
 840.000       4.5159
 841.000       4.7340
 842.000       4.4150
