#Res        AtomicFlx
 295.000      42.0499
 296.000      41.6731
 297.000      41.0900
 298.000      40.4524
 299.000      39.9912
 300.000      39.7054
 301.000      39.3859
 302.000      38.7742
 303.000      38.4612
 304.000      37.9487
 305.000      37.0699
 306.000      36.7180
 307.000      35.7511
 308.000      34.9223
 309.000      34.3570
 310.000      34.0148
 311.000      33.6487
 312.000      33.2089
 313.000      32.6320
 314.000      31.8645
 315.000      31.3959
 316.000      30.1629
 317.000      29.7379
 318.000      28.1122
 319.000      27.3261
 320.000      26.0913
 321.000      24.6660
 322.000      23.6397
 323.000      22.6613
 324.000      21.4590
 325.000      20.3618
 326.000      19.1642
 327.000      17.7754
 328.000      16.9612
 329.000      15.5130
 330.000      13.8119
 331.000      12.8430
 332.000      11.5567
 333.000      10.4886
 334.000       9.2874
 335.000       8.2029
 336.000       7.1589
 337.000       6.3272
 338.000       6.2759
 339.000       5.9653
 340.000       5.3738
 341.000       4.6641
 342.000       4.7499
 343.000       4.7209
 344.000       4.2273
 345.000       4.0997
 346.000       4.3107
 347.000       4.0720
 790.000      20.5596
 791.000      19.6829
 792.000      19.1894
 793.000      18.3836
 794.000      18.2490
 795.000      17.8753
 796.000      17.8329
 797.000      17.6838
 798.000      17.8739
 799.000      17.9989
 800.000      17.8389
 801.000      17.8699
 802.000      18.1009
 803.000      17.9397
 804.000      18.1224
 805.000      18.2935
 806.000      18.5545
 807.000      18.5712
 808.000      18.7064
 809.000      18.7563
 810.000      18.6825
 811.000      18.6424
 812.000      18.6337
 813.000      18.6174
 814.000      18.5880
 815.000      18.7216
 816.000      18.5617
 817.000      17.9310
 818.000      17.7251
 819.000      17.2218
 820.000      16.6223
 821.000      15.8239
 822.000      14.9034
 823.000      14.0298
 824.000      14.3488
 825.000      13.1154
 826.000      11.9193
 827.000      10.7473
 828.000      10.0179
 829.000       8.9374
 830.000       7.9887
 831.000       7.2762
 832.000       6.4707
 833.000       7.2571
 834.000       6.3184
 835.000       5.5070
 836.000       4.8905
 837.000       4.9843
 838.000       4.8401
 839.000       4.3610
 840.000       4.3836
 841.000       4.5833
 842.000       4.2633
