#Frame   AVERAGE_00008 AVERAGE_00008[SD]
       1       17.4651            0.5293
       2       16.0741            0.5636
       3       14.6435            0.6097
       4       14.0906            0.6295
       5       13.1070            0.6679
       6       12.3524            0.6988
       7       12.1234            0.7038
       8       11.6749            0.7151
       9       12.1149            0.6857
      10       13.1097            0.6310
      11       14.0768            0.5804
      12       13.6697            0.5694
      13       12.4607            0.5872
      14       11.6471            0.5807
      15       10.9641            0.5675
      16       10.6435            0.5521
      17       10.7117            0.4955
      18       10.9800            0.4476
      19       10.5853            0.4380
      20       10.8281            0.3861
      21       10.7186            0.3475
      22       10.7563            0.2987
      23       10.8420            0.2548
      24       10.5226            0.2240
      25       10.4323            0.1920
      26       10.4050            0.1618
      27       10.7710            0.1451
      28       10.7338            0.1229
      29       10.2814            0.0967
      30        9.9091            0.0826
      31        9.7238            0.0563
      32        9.5787            0.0396
      33        9.3564            0.0341
      34        9.5466            0.0365
      35       10.2304            0.0411
      36       10.2582            0.0358
      37        8.4854            0.0275
      38        7.4469            0.0181
      39        6.2140            0.0126
      40        5.0201            0.0064
      41        4.1205            0.0059
      42        3.3747            0.0074
      43        2.7011            0.0144
      44        2.2424            0.0166
      45        2.0326            0.0189
      46        1.9005            0.0205
      47        1.7444            0.0203
      48        1.7157            0.0195
      49        1.7389            0.0201
      50        1.6245            0.0212
      51        1.5073            0.0205
      52        1.5687            0.0203
      53        1.6094            0.0211
      54        1.4888            0.0212
      55       19.6462            0.5130
      56       18.4528            0.5350
      57       17.4924            0.5547
      58       16.6030            0.5572
      59       16.1241            0.5566
      60       15.2908            0.5608
      61       14.7764            0.5414
      62       14.3788            0.5212
      63       14.1801            0.4980
      64       13.6193            0.4960
      65       13.4097            0.4777
      66       13.2659            0.4438
      67       12.9839            0.4210
      68       12.4419            0.3966
      69       12.2166            0.3721
      70       11.6996            0.3616
      71       11.7447            0.3330
      72       11.3954            0.3108
      73       11.3243            0.2796
      74       11.1845            0.2506
      75       11.4006            0.2257
      76       11.7079            0.1900
      77       12.9654            0.1575
      78       13.0393            0.1436
      79       12.0889            0.1491
      80       11.1508            0.1590
      81       10.7358            0.1521
      82       10.6021            0.1283
      83       10.1478            0.1086
      84       10.0658            0.0906
      85       10.2374            0.0760
      86        9.6058            0.0626
      87        9.0879            0.0468
      88        8.5867            0.0348
      89        7.5721            0.0278
      90        8.5180            0.0246
      91        7.3825            0.0159
      92        5.5729            0.0108
      93        4.6015            0.0033
      94        3.5716            0.0065
      95        2.7180            0.0139
      96        2.4615            0.0143
      97        2.2816            0.0132
      98        2.0571            0.0139
      99        2.0533            0.0149
     100        1.9388            0.0160
     101        1.7554            0.0161
     102        1.7597            0.0149
     103        1.7889            0.0147
     104        1.6583            0.0147
     105        1.5590            0.0137
     106        1.6331            0.0132
     107        1.6468            0.0136
     108        1.5223            0.0120
