#Res        AtomicFlx
 295.000      23.3824
 296.000      22.3072
 297.000      21.2172
 298.000      20.4060
 299.000      19.6842
 300.000      19.0133
 301.000      18.5106
 302.000      18.2351
 303.000      17.9225
 304.000      18.2488
 305.000      18.4373
 306.000      17.8954
 307.000      17.2737
 308.000      16.8166
 309.000      16.1985
 310.000      15.9721
 311.000      16.0224
 312.000      16.0156
 313.000      15.6291
 314.000      15.8001
 315.000      15.3158
 316.000      15.0383
 317.000      14.6679
 318.000      14.4106
 319.000      13.9395
 320.000      13.8361
 321.000      13.4926
 322.000      13.7929
 323.000      13.0276
 324.000      12.5646
 325.000      12.1603
 326.000      11.7723
 327.000      11.5693
 328.000      12.4929
 329.000      13.8978
 330.000      13.8175
 331.000      12.1640
 332.000      10.9805
 333.000       9.6690
 334.000       8.7018
 335.000       7.8173
 336.000       6.8741
 337.000       6.3761
 338.000       5.2908
 339.000       4.4188
 340.000       4.3527
 341.000       3.8198
 342.000       2.7179
 343.000       2.6216
 344.000       2.3943
 345.000       2.2134
 346.000       2.2805
 347.000       2.2365
 348.000       2.0269
 786.000      20.5405
 787.000      19.5912
 788.000      19.0039
 789.000      18.2645
 790.000      18.1625
 791.000      17.5647
 792.000      17.0144
 793.000      16.5696
 794.000      16.0732
 795.000      15.5181
 796.000      15.3937
 797.000      15.3189
 798.000      14.7782
 799.000      14.0637
 800.000      13.5534
 801.000      13.3395
 802.000      13.0795
 803.000      12.9011
 804.000      12.7754
 805.000      12.6560
 806.000      12.4401
 807.000      12.5493
 808.000      13.3465
 809.000      13.0864
 810.000      12.2050
 811.000      11.9474
 812.000      11.6019
 813.000      11.4673
 814.000      10.9419
 815.000      10.7890
 816.000      10.7944
 817.000      10.1723
 818.000       9.6695
 819.000       9.1556
 820.000       8.0572
 821.000       8.2836
 822.000       7.1674
 823.000       5.8507
 824.000       4.9453
 825.000       4.3443
 826.000       3.6938
 827.000       3.4393
 828.000       3.3234
 829.000       3.0278
 830.000       2.9968
 831.000       2.8872
 832.000       2.9516
 833.000       2.7169
 834.000       2.6942
 835.000       2.4688
 836.000       2.3565
 837.000       2.5022
 838.000       2.4188
 839.000       2.2117
