#Frame   AVERAGE_00008 AVERAGE_00008[SD]
       1       25.0099            6.4067
       2       23.9428            6.5706
       3       22.8477            6.7645
       4       22.0215            6.8822
       5       21.2782            7.0092
       6       20.5645            7.1069
       7       20.0082            7.1133
       8       19.6919            7.0374
       9       19.3402            7.0347
      10       19.6419            6.9312
      11       19.8178            6.7868
      12       19.2547            6.7276
      13       18.6089            6.6350
      14       18.1334            6.4241
      15       17.5068            6.2335
      16       17.2672            5.9767
      17       17.2970            5.7054
      18       17.2840            5.4110
      19       16.9163            5.4150
      20       17.0890            5.0473
      21       16.6093            4.8079
      22       16.3435            4.4232
      23       15.9750            4.0497
      24       15.7278            3.6936
      25       15.2659            3.3648
      26       15.1544            3.0054
      27       14.8194            2.7819
      28       15.1111            2.5186
      29       14.3863            2.2295
      30       13.9349            1.9233
      31       13.5372            1.6489
      32       13.1289            1.3795
      33       12.9347            1.3009
      34       13.8266            1.2764
      35       15.1678            1.2248
      36       15.0117            1.0361
      37       13.4153            1.0531
      38       12.2282            1.0139
      39       10.9692            1.0548
      40       10.0124            1.0951
      41        9.1244            1.1701
      42        8.1966            1.2637
      43        7.7023            1.3185
      44        6.7191            1.4625
      45        5.9282            1.5828
      46        5.9056            1.6557
      47        5.4813            1.7397
      48        4.4971            1.8221
      49        4.5003            1.9075
      50        4.1739            1.8107
      51        3.8373            1.6655
      52        3.9551            1.7118
      53        3.9762            1.7649
      54        3.6308            1.6370
      55       26.9397            7.6022
      56       26.1234            7.7315
      57       25.6440            7.8276
      58       24.9904            7.9034
      59       24.9252            7.9373
      60       24.3632            7.9568
      61       23.7856            7.9070
      62       23.2565            7.7988
      63       22.7307            7.7537
      64       22.2121            7.7737
      65       22.0172            7.6854
      66       21.7882            7.5163
      67       21.1110            7.3645
      68       20.2629            7.1999
      69       19.6600            7.0881
      70       19.3460            6.9774
      71       18.9130            6.7819
      72       18.5874            6.6199
      73       18.3877            6.5373
      74       18.1606            6.4258
      75       17.8622            6.3419
      76       17.7527            6.1312
      77       18.2658            5.8512
      78       17.8156            5.6574
      79       16.9543            5.6667
      80       16.4905            5.4360
      81       15.9858            5.2473
      82       15.6241            4.9865
      83       14.9164            4.7618
      84       14.5349            4.4860
      85       14.2870            4.1835
      86       13.5231            3.9839
      87       12.8128            3.7020
      88       12.0616            3.3940
      89       10.8432            3.2061
      90       10.8376            2.9464
      91        9.5701            2.7302
      92        8.3628            2.7929
      93        7.3504            2.6107
      94        6.6608            2.4676
      95        5.8974            2.3030
      96        5.5292            2.1855
      97        5.2489            2.0489
      98        4.6957            1.7547
      99        4.7459            1.7786
     100        4.5709            1.6702
     101        4.7658            1.7652
     102        4.3562            1.5894
     103        4.4150            1.6535
     104        4.0575            1.5242
     105        3.7651            1.3538
     106        4.0066            1.4423
     107        3.9297            1.4395
     108        3.5510            1.2758
