#Res        AtomicFlx
 295.000      21.6213
 296.000      20.6191
 297.000      19.4660
 298.000      18.5925
 299.000      17.9521
 300.000      17.2989
 301.000      16.9428
 302.000      16.7062
 303.000      16.6947
 304.000      17.0247
 305.000      17.6775
 306.000      17.5399
 307.000      16.7577
 308.000      16.3626
 309.000      15.8318
 310.000      15.7037
 311.000      15.7962
 312.000      15.9387
 313.000      15.6311
 314.000      16.0707
 315.000      15.9548
 316.000      16.3179
 317.000      16.0969
 318.000      16.1458
 319.000      16.2562
 320.000      16.4036
 321.000      16.8629
 322.000      17.1240
 323.000      16.6762
 324.000      16.8261
 325.000      16.8720
 326.000      16.8950
 327.000      17.1399
 328.000      17.4591
 329.000      17.6924
 330.000      17.4575
 331.000      16.6734
 332.000      16.0181
 333.000      15.3213
 334.000      14.7003
 335.000      14.0733
 336.000      13.4103
 337.000      12.3685
 338.000      12.3729
 339.000      12.2261
 340.000      11.1182
 341.000      10.8571
 342.000       9.9789
 343.000      10.1197
 344.000       9.8126
 345.000       8.8622
 346.000       8.7892
 347.000       9.0732
 348.000       8.4486
 786.000      41.9113
 787.000      41.2661
 788.000      40.8111
 789.000      40.2544
 790.000      40.0925
 791.000      39.6113
 792.000      39.1225
 793.000      38.3726
 794.000      37.8175
 795.000      37.4047
 796.000      37.0709
 797.000      36.5977
 798.000      35.8843
 799.000      34.9795
 800.000      34.2248
 801.000      33.7207
 802.000      33.0585
 803.000      32.6475
 804.000      32.3892
 805.000      32.1817
 806.000      31.7796
 807.000      31.3146
 808.000      30.9654
 809.000      30.4848
 810.000      29.7915
 811.000      29.0699
 812.000      28.5010
 813.000      28.0833
 814.000      27.3561
 815.000      26.8438
 816.000      26.3386
 817.000      25.5673
 818.000      24.5220
 819.000      23.3802
 820.000      21.8419
 821.000      20.7952
 822.000      19.4398
 823.000      18.0588
 824.000      16.9706
 825.000      15.9255
 826.000      14.7336
 827.000      13.4781
 828.000      12.3092
 829.000      11.0576
 830.000      10.5819
 831.000       9.4954
 832.000       9.5690
 833.000       8.5134
 834.000       8.8043
 835.000       8.7633
 836.000       7.6823
 837.000       7.5712
 838.000       8.1116
 839.000       7.4683
