#Res        AtomicFlx
 295.000      44.5893
 296.000      43.8012
 297.000      43.0752
 298.000      42.2620
 299.000      41.2195
 300.000      40.9919
 301.000      40.4166
 302.000      39.7903
 303.000      39.4080
 304.000      39.4779
 305.000      40.1429
 306.000      39.8896
 307.000      38.8273
 308.000      37.7957
 309.000      36.8630
 310.000      35.9456
 311.000      34.7071
 312.000      34.0803
 313.000      34.5386
 314.000      35.0660
 315.000      34.0237
 316.000      32.9155
 317.000      32.2049
 318.000      31.1485
 319.000      30.1542
 320.000      29.0924
 321.000      28.2955
 322.000      27.4986
 323.000      26.6445
 324.000      25.8610
 325.000      25.1811
 326.000      23.5589
 327.000      22.3721
 328.000      21.9510
 329.000      20.2385
 330.000      18.7254
 331.000      16.8805
 332.000      15.2060
 333.000      14.8425
 334.000      13.1242
 335.000      11.5589
 336.000      10.1401
 337.000       8.9841
 338.000       7.6579
 339.000       6.5683
 340.000       5.2274
 341.000       4.5041
 342.000       3.5359
 343.000       3.5051
 344.000       3.3428
 345.000       3.0328
 346.000       3.0317
 347.000       3.1051
 348.000       2.9068
 791.000      15.7476
 792.000      15.3187
 793.000      16.2576
 794.000      17.1895
 795.000      18.5485
 796.000      18.6301
 797.000      17.6906
 798.000      18.2642
 799.000      17.8494
 800.000      17.6660
 801.000      16.4872
 802.000      15.7983
 803.000      15.2561
 804.000      14.7479
 805.000      14.5759
 806.000      14.2267
 807.000      14.1451
 808.000      13.8637
 809.000      13.4567
 810.000      13.2222
 811.000      13.0444
 812.000      13.4857
 813.000      14.0392
 814.000      13.8906
 815.000      12.9322
 816.000      12.7411
 817.000      12.4578
 818.000      12.3513
 819.000      11.8548
 820.000      12.0345
 821.000      12.2421
 822.000      12.4785
 823.000      12.8181
 824.000      13.1091
 825.000      12.1279
 826.000      11.0406
 827.000       9.9058
 828.000       8.9013
 829.000       7.8968
 830.000       6.9145
 831.000       6.0802
 832.000       5.3701
 833.000       5.3353
 834.000       4.7126
 835.000       4.3809
 836.000       4.0436
 837.000       4.0512
 838.000       3.7036
 839.000       3.8390
 840.000       3.8215
 841.000       3.4585
 842.000       3.4604
 843.000       3.6708
 844.000       3.4843
