#Res        AtomicFlx
 295.000      37.5523
 296.000      37.1088
 297.000      36.3214
 298.000      35.6304
 299.000      35.0616
 300.000      34.6522
 301.000      34.2892
 302.000      33.9083
 303.000      33.6901
 304.000      33.2521
 305.000      32.1676
 306.000      31.2683
 307.000      30.1140
 308.000      29.3547
 309.000      29.0010
 310.000      29.9112
 311.000      30.9720
 312.000      31.1934
 313.000      30.1966
 314.000      30.3610
 315.000      31.1245
 316.000      32.3878
 317.000      32.9690
 318.000      32.5556
 319.000      32.5813
 320.000      31.7674
 321.000      30.5515
 322.000      30.3576
 323.000      29.5705
 324.000      28.0970
 325.000      27.3396
 326.000      26.6656
 327.000      24.9077
 328.000      23.2591
 329.000      21.4524
 330.000      19.6710
 331.000      17.8842
 332.000      16.0842
 333.000      14.3114
 334.000      12.5285
 335.000      11.0317
 336.000       9.9429
 337.000       9.0609
 338.000       8.2654
 339.000       8.1583
 340.000       7.4144
 341.000       6.9589
 342.000       7.1868
 343.000       7.0469
 344.000       6.2133
 345.000       6.1570
 346.000       6.5502
 347.000       6.0543
 785.000      34.0854
 786.000      33.3147
 787.000      32.5029
 788.000      31.9668
 789.000      32.0411
 790.000      32.0835
 791.000      31.9154
 792.000      31.8747
 793.000      31.9953
 794.000      31.9266
 795.000      31.5439
 796.000      31.1349
 797.000      30.5989
 798.000      30.4323
 799.000      30.4225
 800.000      30.1885
 801.000      29.9514
 802.000      29.7185
 803.000      29.6602
 804.000      29.1853
 805.000      28.6573
 806.000      27.7503
 807.000      27.3623
 808.000      26.6247
 809.000      25.5812
 810.000      24.4889
 811.000      23.8105
 812.000      22.7651
 813.000      21.7982
 814.000      20.7751
 815.000      20.2311
 816.000      19.1996
 817.000      18.0789
 818.000      17.0304
 819.000      16.4356
 820.000      14.8140
 821.000      14.5475
 822.000      13.1340
 823.000      13.3013
 824.000      12.1279
 825.000      10.4234
 826.000       9.5071
 827.000       8.6759
 828.000       8.4065
 829.000       8.4783
 830.000       7.8150
 831.000       7.2749
 832.000       7.6489
 833.000       7.2092
 834.000       6.5044
 835.000       6.6935
 836.000       7.0166
 837.000       6.3689
