#Frame   AVERAGE_00008 AVERAGE_00008[SD]
       1       34.2647            1.9058
       2       33.7936            1.9230
       3       32.9758            1.9436
       4       32.2537            1.9654
       5       31.6792            1.9720
       6       31.2734            1.9727
       7       30.9408            1.9591
       8       30.5817            1.9503
       9       30.4029            1.9302
      10       30.0353            1.8920
      11       29.0466            1.8464
      12       28.2468            1.7942
      13       27.2093            1.7396
      14       26.5256            1.7103
      15       26.2446            1.6809
      16       27.1183            1.7067
      17       28.1532            1.7305
      18       28.4050            1.7220
      19       27.4527            1.6965
      20       27.7223            1.6360
      21       28.5331            1.6096
      22       29.8663            1.5607
      23       30.5151            1.5176
      24       30.1967            1.4643
      25       30.2921            1.4232
      26       29.5210            1.4005
      27       28.3439            1.3829
      28       28.0633            1.4340
      29       27.2032            1.4847
      30       25.7250            1.5002
      31       25.1039            1.4250
      32       24.4400            1.4292
      33       22.8980            1.3122
      34       21.4680            1.2004
      35       19.9143            1.0752
      36       18.4041            0.9485
      37       16.8752            0.8391
      38       15.3440            0.7373
      39       13.8444            0.6575
      40       12.3782            0.5902
      41       11.1270            0.5601
      42       10.3031            0.5794
      43        9.5562            0.6253
      44        8.7739            0.6066
      45        8.6713            0.5999
      46        7.8916            0.5521
      47        7.4450            0.5476
      48        7.6922            0.5672
      49        7.5246            0.5416
      50        6.6620            0.4953
      51        6.6203            0.5033
      52        7.0205            0.5203
      53        6.4867            0.4779
      54       31.8271            4.1480
      55       31.0207            4.1933
      56       30.1786            4.2258
      57       29.6074            4.2484
      58       29.6876            4.2293
      59       29.7340            4.2275
      60       29.5472            4.2610
      61       29.5347            4.2736
      62       29.6785            4.2941
      63       29.6549            4.2863
      64       29.3668            4.1968
      65       29.0673            4.0781
      66       28.6530            3.9223
      67       28.5739            3.7802
      68       28.6946            3.6420
      69       28.5428            3.6082
      70       28.4452            3.4989
      71       28.3673            3.3652
      72       28.4760            3.2065
      73       28.1872            3.0089
      74       27.7751            2.8852
      75       27.0445            2.6800
      76       26.7933            2.5139
      77       26.2045            2.3245
      78       25.2624            2.1932
      79       24.2236            2.1209
      80       23.6042            2.0090
      81       22.6315            1.9162
      82       21.7590            1.7880
      83       20.8236            1.6560
      84       20.3073            1.5974
      85       19.3246            1.4984
      86       18.2471            1.3872
      87       17.2223            1.2888
      88       16.6305            1.1905
      89       15.0282            1.0719
      90       14.7255            0.9502
      91       13.3121            0.8427
      92       13.3750            0.7393
      93       12.2523            0.5904
      94       10.6597            0.6254
      95        9.7973            0.5472
      96        9.0432            0.5847
      97        8.7920            0.5730
      98        8.8732            0.5721
      99        8.1802            0.5238
     100        7.6103            0.4886
     101        8.0014            0.5141
     102        7.5379            0.4774
     103        6.7926            0.4229
     104        6.9851            0.4325
     105        7.3255            0.4561
     106        6.6393            0.4033
