#Res        AtomicFlx
 295.000      43.5813
 296.000      42.9633
 297.000      42.3513
 298.000      41.7253
 299.000      41.2683
 300.000      40.7135
 301.000      40.1279
 302.000      39.5414
 303.000      39.1910
 304.000      39.0507
 305.000      39.0904
 306.000      38.5086
 307.000      37.5842
 308.000      36.5345
 309.000      35.5120
 310.000      34.6213
 311.000      33.5630
 312.000      33.0047
 313.000      32.4035
 314.000      31.8894
 315.000      30.9230
 316.000      29.9207
 317.000      28.9139
 318.000      27.7616
 319.000      26.5463
 320.000      25.6070
 321.000      24.8005
 322.000      24.2560
 323.000      22.8642
 324.000      21.6232
 325.000      20.2934
 326.000      18.7799
 327.000      17.7620
 328.000      17.6711
 329.000      17.8814
 330.000      16.4720
 331.000      14.9368
 332.000      13.1062
 333.000      11.7731
 334.000      10.4828
 335.000       9.1554
 336.000       7.9205
 337.000       6.8027
 338.000       5.8034
 339.000       5.9383
 340.000       5.6115
 341.000       4.9976
 342.000       4.3087
 343.000       4.2951
 344.000       4.1701
 345.000       3.7323
 346.000       3.6400
 347.000       3.8864
 348.000       3.6507
 791.000      24.8496
 792.000      23.9719
 793.000      23.3199
 794.000      22.5658
 795.000      22.2461
 796.000      21.4552
 797.000      21.0271
 798.000      20.4304
 799.000      20.0337
 800.000      19.3473
 801.000      19.0380
 802.000      18.5821
 803.000      17.9865
 804.000      17.3052
 805.000      16.6631
 806.000      16.3954
 807.000      16.1671
 808.000      15.7555
 809.000      15.6537
 810.000      15.6495
 811.000      15.7624
 812.000      16.1783
 813.000      17.1753
 814.000      17.0841
 815.000      16.1690
 816.000      15.7562
 817.000      15.3803
 818.000      15.1865
 819.000      14.6455
 820.000      14.6957
 821.000      14.4377
 822.000      14.2107
 823.000      13.9775
 824.000      13.4587
 825.000      12.6294
 826.000      12.4814
 827.000      11.6329
 828.000      10.2338
 829.000       9.0669
 830.000       7.9933
 831.000       7.8537
 832.000       7.8451
 833.000       6.4876
 834.000       5.9103
 835.000       5.6857
 836.000       5.1475
 837.000       4.9574
 838.000       4.5213
 839.000       4.6368
 840.000       4.5396
 841.000       4.0894
 842.000       4.0840
 843.000       4.3204
 844.000       4.0806
