#Frame   AVERAGE_00008 AVERAGE_00008[SD]
       1       29.7194            9.5299
       2       28.8315            9.7220
       3       27.9559            9.9588
       4       27.4389           10.0235
       5       26.7714           10.2915
       6       26.2952           10.4880
       7       26.0581           10.5463
       8       25.7095           10.5433
       9       26.0189           10.4668
      10       26.4246           10.3569
      11       26.7237           10.1762
      12       25.9094           10.1889
      13       25.0781           10.2302
      14       24.4994           10.0047
      15       23.8410            9.8159
      16       23.3327            9.6308
      17       23.1162            9.2836
      18       22.8396            9.0278
      19       22.4433            9.2074
      20       22.3756            8.9177
      21       21.8814            8.6843
      22       21.8112            8.3052
      23       21.1106            8.0131
      24       20.5459            7.6055
      25       19.9788            7.1647
      26       19.4779            6.6883
      27       19.2734            6.2859
      28       19.1857            5.9822
      29       18.2878            5.6752
      30       17.6207            5.3820
      31       16.9825            4.9302
      32       16.3480            4.4741
      33       16.1235            4.2574
      34       15.6874            3.9916
      35       15.3717            3.7511
      36       14.7762            3.3506
      37       13.1540            3.1803
      38       12.0973            2.8284
      39       10.8987            2.6357
      40        9.6764            2.3907
      41        8.5715            2.1494
      42        7.5899            1.9197
      43        7.1562            1.8527
      44        6.5279            1.8345
      45        5.9406            1.9759
      46        5.7823            2.1541
      47        5.2281            1.9724
      48        4.9531            1.8135
      49        5.1070            1.9084
      50        4.9509            1.8997
      51        4.4135            1.6538
      52        4.3704            1.5929
      53        4.6218            1.7361
      54        4.2795            1.6072
      55       26.5560            6.0967
      56       25.6438            6.2064
      57       24.8533            6.3366
      58       24.1069            6.4240
      59       23.7177            6.5098
      60       23.1063            6.5639
      61       22.4146            6.5689
      62       21.7788            6.5220
      63       21.3484            6.4915
      64       20.7626            6.5862
      65       20.4341            6.5715
      66       19.9906            6.4955
      67       19.3566            6.3766
      68       18.7271            6.2118
      69       18.5031            6.0980
      70       18.0657            6.0002
      71       17.6357            5.8540
      72       17.3060            5.7067
      73       17.1580            5.5991
      74       17.0833            5.4338
      75       17.0690            5.3233
      76       17.2036            5.0672
      77       17.7127            4.7515
      78       17.9594            4.4148
      79       17.1086            4.3308
      80       16.3661            4.2227
      81       15.9552            3.9961
      82       15.6905            3.7492
      83       15.2349            3.5255
      84       15.0365            3.2899
      85       14.9967            3.0340
      86       14.4929            2.8675
      87       14.0326            2.6567
      88       13.2901            2.4681
      89       12.2677            2.3520
      90       12.0150            2.1876
      91       10.7390            2.1655
      92        9.7691            2.2193
      93        8.7750            2.3273
      94        7.7622            2.4151
      95        7.0774            2.4222
      96        6.6039            2.3940
      97        6.2432            2.1800
      98        5.6366            2.0507
      99        5.5821            2.2878
     100        5.5071            2.3317
     101        4.9785            2.1157
     102        4.8134            2.0221
     103        5.0263            2.1390
     104        4.8124            2.0784
     105        4.3015            1.8341
     106        4.3722            1.8460
     107        4.6223            1.9858
     108        4.2498            1.8271
