0 1
1 1
2 1
3 1
4 1
5 1
6 1
7 1
8 1
9 1
10 1
11 0
12 2
13 1
14 2
15 1
16 1
17 1
18 3
19 1
20 0
21 2
22 0
23 0
24 0
25 1
26 0
27 1
28 2
29 0
30 2
31 1
32 2
33 1
34 1
35 1
36 1
37 1
38 0
39 0
40 1
41 2
42 1
43 1
44 1
45 2
46 0
47 0
48 0
49 1
50 1
51 1
52 1
53 1
54 3
55 1
56 2
57 1
58 0
59 1
60 1
61 0
62 0
63 1
64 3
65 2
66 2
67 1
68 1
69 1
70 1
71 1
72 2
73 1
74 1
75 2
76 2
77 1
78 0
79 0
80 1
81 1
82 1
83 1
84 1
85 0
86 1
87 1
88 1
89 3
90 2
91 1
92 1
93 0
94 2
95 0
96 0
97 0
98 0
99 0
100 0
101 0
102 0
103 0
104 0
105 1
106 0
107 0
108 0
109 0
110 1
111 1
112 1
113 0
114 1
115 1
116 0
117 2
118 1
119 0
120 1
121 0
122 1
123 3
124 0
125 0
126 0
127 0
128 0
129 1
130 1
131 0
132 0
133 0
134 0
135 0
136 0
137 0
138 1
139 1
140 0
141 2
142 2
143 1
144 0
145 0
146 1
147 1
148 0
149 1
150 2
151 2
152 2
153 1
154 1
155 2
156 1
157 2
158 2
159 2
160 1
161 0
162 0
163 1
164 0
165 0
166 0
167 0
168 2
169 1
170 1
171 0
172 1
173 2
174 2
175 1
176 0
177 2
178 1
179 2
180 2
181 1
182 1
183 0
184 2
185 2
186 0
187 1
188 1
189 1
190 2
191 1
192 1
193 2
194 0
195 0
196 1
197 0
198 2
199 1
200 1
201 0
202 1
203 0
204 0
205 0
206 0
207 0
208 0
209 0
210 0
211 0
212 0
213 0
214 0
215 0
216 0
217 1
218 0
219 0
220 0
221 0
222 0
223 0
224 0
225 0
226 0
227 0
228 0
229 0
230 0
231 0
232 0
233 0
234 0
235 0
236 0
237 0
238 0
239 0
240 0
241 0
242 0
243 0
244 0
245 0
246 0
247 0
248 0
249 0
250 0
251 0
252 0
253 0
254 0
255 0
256 0
257 0
258 0
259 0
260 0
261 0
262 0
263 0
264 0
265 0
266 0
267 0
268 0
269 0
270 0
271 0
272 0
273 0
274 0
275 0
276 0
277 0
278 0
279 0
280 0
281 0
282 0
283 0
284 0
285 0
286 0
287 0
288 0
289 0
290 0
291 0
292 0
293 0
294 0
295 0
296 0
297 0
298 0
299 0
300 0
301 0
302 0
303 0
304 0
305 0
306 0
307 0
308 0
309 0
310 0
311 0
312 0
313 0
314 0
315 0
316 0
317 0
318 0
319 0
320 0
321 0
322 0
323 0
324 0
325 0
326 0
327 0
328 0
329 0
330 0
331 0
332 0
333 0
334 0
335 0
336 0
337 0
338 0
339 0
340 0
341 0
342 0
343 0
344 0
345 0
346 0
347 0
348 0
349 0
350 0
351 0
352 0
353 0
354 0
355 0
356 0
357 0
358 0
359 0
360 0
361 0
362 0
363 0
364 0
365 0
366 0
367 0
368 0
369 0
370 0
371 0
372 0
373 0
374 0
375 0
376 0
377 0
378 0
379 0
380 0
381 0
382 0
383 0
384 0
385 0
386 0
387 0
388 0
389 0
390 0
391 0
392 0
393 0
394 0
395 0
396 0
397 0
398 0
399 0
400 0
401 0
402 0
403 0
404 0
405 0
406 0
407 0
408 0
409 0
410 0
411 0
412 0
413 0
414 0
415 0
416 0
417 0
418 0
419 0
420 0
421 0
422 0
423 0
424 0
425 0
426 0
427 0
428 0
429 0
430 0
431 0
432 0
433 0
434 0
435 0
436 0
437 0
438 0
439 0
440 0
441 0
442 0
443 0
444 0
445 0
446 0
447 0
448 0
449 0
450 0
451 0
452 0
453 0
454 0
455 0
456 0
457 0
458 0
459 0
460 0
461 0
462 0
463 0
464 0
465 0
466 0
467 0
468 0
469 0
470 0
471 0
472 0
473 0
474 0
475 0
476 0
477 0
478 0
479 0
480 0
481 0
482 0
483 0
484 0
485 0
486 0
487 0
488 0
489 0
490 0
491 0
492 0
493 0
494 0
495 0
496 0
497 0
498 0
499 0
500 0
501 0
502 0
503 0
504 0
505 0
506 0
507 0
508 0
509 0
510 0
511 0
512 0
513 0
514 0
515 0
516 0
517 0
518 0
519 0
520 0
521 0
522 0
523 0
524 0
525 0
526 0
527 0
528 0
529 0
530 0
531 0
532 0
533 0
534 0
535 0
536 0
537 0
538 0
539 0
540 0
541 0
542 0
543 0
544 0
545 0
546 0
547 0
548 0
549 0
550 0
551 0
552 0
553 0
554 0
555 0
556 0
557 0
558 0
559 0
560 0
561 0
562 1
563 0
564 1
565 1
566 0
567 0
568 0
569 0
570 0
571 0
572 0
573 0
574 0
575 0
576 0
577 0
578 0
579 0
580 0
581 0
582 0
583 0
584 0
585 0
586 0
587 0
588 0
589 0
590 0
591 0
592 0
593 0
594 0
595 0
596 0
597 0
598 0
599 0
600 0
601 0
602 0
603 0
604 0
605 0
606 0
607 0
608 0
609 0
610 0
611 0
612 0
613 0
614 0
615 0
616 0
617 0
618 0
619 0
620 0
621 0
622 0
623 0
624 0
625 0
626 0
627 0
628 0
629 0
630 0
631 0
632 0
633 0
634 0
635 0
636 0
637 0
638 0
639 0
640 0
641 0
642 0
643 0
644 0
645 0
646 0
647 0
648 0
649 0
650 0
651 0
652 0
653 0
654 0
655 0
656 1
657 0
658 0
659 0
660 0
661 0
662 0
663 0
664 0
665 0
666 1
667 1
668 0
669 0
670 0
671 0
672 1
673 3
674 2
675 2
676 2
677 2
678 1
679 1
680 0
681 0
682 0
683 0
684 0
685 0
686 0
687 0
688 0
689 0
690 0
691 0
692 0
693 0
694 0
695 0
696 0
697 0
698 0
699 0
700 1
701 1
702 1
703 1
704 1
705 2
706 2
707 1
708 0
709 0
710 0
711 1
712 2
713 0
714 2
715 1
716 1
717 1
718 1
719 1
720 2
721 0
722 0
723 0
724 0
725 1
726 1
727 1
728 0
729 1
730 0
731 0
732 0
733 0
734 0
735 0
736 1
737 1
738 2
739 0
740 0
741 0
742 2
743 0
744 2
745 0
746 0
747 1
748 0
749 0
750 0
751 0
752 0
753 0
754 0
755 0
756 0
757 0
758 0
759 3
760 2
761 3
762 2
763 3
764 2
765 1
766 1
767 1
768 1
769 1
770 0
771 1
772 0
773 1
774 1
775 2
776 2
777 0
778 4
779 0
780 3
781 2
782 2
783 2
784 4
785 3
786 2
787 1
788 2
789 2
790 2
791 1
792 2
793 1
794 2
795 3
796 1
797 2
798 2
799 0
800 0
801 0
802 0
803 0
804 1
805 0
806 1
807 0
808 1
809 1
810 0
811 1
812 1
813 0
814 2
815 1
816 2
817 1
818 0
819 1
820 1
821 1
822 2
823 2
824 3
825 0
826 0
827 1
828 0
829 2
830 2
831 1
832 2
833 3
834 3
835 4
836 2
837 1
838 2
839 2
840 3
841 2
842 1
843 3
844 3
845 4
846 3
847 1
848 1
849 2
850 2
851 3
852 2
853 1
854 0
855 2
856 1
857 0
858 3
859 3
860 2
861 3
862 1
863 4
864 2
865 1
866 0
867 1
868 0
869 0
870 2
871 2
872 1
873 0
874 3
875 0
876 1
877 0
878 2
879 1
880 1
881 1
882 0
883 0
884 0
885 0
886 0
887 0
888 0
889 0
890 0
891 0
892 0
893 1
894 1
895 1
896 1
897 0
898 1
899 0
900 2
901 0
902 0
903 0
904 0
905 0
906 0
907 0
908 0
909 0
910 0
911 0
912 1
913 0
914 0
915 0
916 0
917 0
918 0
919 0
920 0
921 0
922 0
923 0
924 0
925 0
926 0
927 0
928 0
929 0
930 0
931 0
932 0
933 0
934 0
935 0
936 0
937 0
938 0
939 0
940 0
941 0
942 0
943 0
944 0
945 0
946 0
947 1
948 0
949 1
950 1
951 0
952 0
953 0
954 0
955 0
956 0
957 1
958 0
959 0
960 0
961 0
962 0
963 0
964 0
965 0
966 0
967 0
968 0
969 0
970 0
971 0
972 0
973 0
974 0
975 0
976 0
977 0
978 0
979 0
980 0
981 0
982 0
983 0
984 0
985 0
986 1
987 0
988 0
989 0
990 0
991 0
992 0
993 0
994 0
995 0
996 0
997 0
998 0
999 0
1000 0
1001 0
1002 0
1003 0
1004 1
1005 1
1006 0
1007 2
1008 0
1009 1
1010 1
1011 0
1012 0
1013 0
1014 0
1015 0
1016 0
1017 1
1018 0
1019 0
1020 0
1021 0
1022 2
1023 1
1024 1
1025 0
1026 0
1027 0
1028 2
1029 0
1030 0
1031 0
1032 1
1033 0
1034 0
1035 0
1036 1
1037 0
1038 0
1039 0
1040 0
1041 0
1042 0
1043 0
1044 1
1045 0
1046 0
1047 0
1048 0
1049 0
1050 0
1051 0
1052 0
1053 0
1054 0
1055 0
1056 0
1057 1
1058 2
1059 0
1060 1
1061 0
1062 1
1063 1
1064 2
1065 2
1066 1
1067 1
1068 2
1069 1
1070 3
1071 3
1072 2
1073 2
1074 2
1075 3
1076 2
1077 1
1078 1
1079 3
1080 2
1081 2
1082 1
1083 4
1084 0
1085 3
1086 1
1087 1
1088 3
1089 1
1090 0
1091 1
1092 1
1093 0
1094 0
1095 0
1096 0
1097 1
1098 0
1099 0
1100 2
1101 1
1102 1
1103 0
1104 0
1105 1
1106 1
1107 0
1108 2
1109 0
1110 2
1111 0
1112 0
1113 1
1114 1
1115 0
1116 0
1117 0
1118 0
1119 0
1120 0
1121 0
1122 1
1123 0
1124 0
1125 0
1126 0
1127 1
1128 0
1129 0
1130 1
1131 0
1132 0
1133 0
1134 1
1135 1
1136 0
1137 0
1138 0
1139 0
1140 0
1141 0
1142 0
1143 0
1144 0
1145 0
1146 2
1147 0
1148 0
1149 0
1150 0
1151 0
1152 1
1153 1
1154 0
1155 0
1156 0
1157 0
1158 0
1159 0
1160 0
1161 0
1162 0
1163 0
1164 0
1165 0
1166 0
1167 0
1168 0
1169 0
1170 0
1171 0
1172 0
1173 0
1174 0
1175 0
1176 0
1177 0
1178 0
1179 0
1180 0
1181 0
1182 0
1183 1
1184 1
1185 0
1186 0
1187 0
1188 0
1189 0
1190 0
1191 0
1192 0
1193 0
1194 0
1195 1
1196 0
1197 0
1198 1
1199 2
1200 1
1201 1
1202 0
1203 0
1204 3
1205 1
1206 1
1207 0
1208 1
1209 2
1210 2
1211 0
1212 0
1213 2
1214 2
1215 0
1216 0
1217 0
1218 0
1219 0
1220 0
1221 0
1222 0
1223 1
1224 0
1225 0
1226 0
1227 2
1228 0
1229 0
1230 0
1231 0
1232 2
1233 0
1234 1
1235 0
1236 0
1237 0
1238 0
1239 0
1240 0
1241 0
1242 1
1243 0
1244 0
1245 1
1246 0
1247 0
1248 0
1249 0
1250 0
1251 1
1252 0
1253 0
1254 0
1255 0
1256 0
1257 0
1258 0
1259 0
1260 0
1261 0
1262 0
1263 0
1264 0
1265 0
1266 0
1267 0
1268 0
1269 0
1270 0
1271 0
1272 0
1273 0
1274 0
1275 0
1276 0
1277 0
1278 0
1279 0
1280 0
1281 0
1282 0
1283 0
1284 0
1285 0
1286 0
1287 0
1288 0
1289 0
1290 0
1291 0
1292 0
1293 0
1294 0
1295 0
1296 0
1297 0
1298 0
1299 0
1300 0
1301 1
1302 0
1303 0
1304 0
1305 0
1306 0
1307 0
1308 0
1309 0
1310 0
1311 0
1312 0
1313 0
1314 0
1315 0
1316 0
1317 1
1318 1
1319 0
1320 0
1321 0
1322 1
1323 1
1324 1
1325 1
1326 1
1327 2
1328 2
1329 2
1330 1
1331 2
1332 3
1333 2
1334 2
1335 1
1336 2
1337 1
1338 2
1339 3
1340 2
1341 0
1342 2
1343 1
1344 1
1345 1
1346 0
1347 1
1348 0
1349 0
1350 0
1351 0
1352 0
1353 0
1354 1
1355 0
1356 0
1357 0
1358 0
1359 0
1360 0
1361 0
1362 0
1363 0
1364 0
1365 0
1366 0
1367 0
1368 0
1369 0
1370 0
1371 0
1372 0
1373 0
1374 0
1375 0
1376 0
1377 0
1378 0
1379 0
1380 0
1381 0
1382 0
1383 1
1384 0
1385 0
1386 0
1387 0
1388 0
1389 0
1390 0
1391 0
1392 0
1393 0
1394 0
1395 0
1396 0
1397 0
1398 0
1399 0
1400 0
1401 0
1402 0
1403 0
1404 0
1405 0
1406 0
1407 0
1408 0
1409 0
1410 1
1411 1
1412 0
1413 0
1414 0
1415 0
1416 0
1417 0
1418 0
1419 0
1420 0
1421 0
1422 0
1423 0
1424 0
1425 0
1426 0
1427 0
1428 0
1429 0
1430 0
1431 0
1432 0
1433 0
1434 0
1435 0
1436 0
1437 0
1438 0
1439 0
1440 0
1441 0
1442 0
1443 0
1444 0
1445 0
1446 0
1447 0
1448 0
1449 0
1450 0
1451 0
1452 0
1453 0
1454 0
1455 0
1456 0
1457 0
1458 0
1459 0
1460 0
1461 0
1462 0
1463 0
1464 0
1465 0
1466 0
1467 0
1468 0
1469 0
1470 0
1471 0
1472 0
1473 0
1474 0
1475 0
1476 0
1477 0
1478 0
1479 0
1480 0
1481 0
1482 0
1483 0
1484 0
1485 0
1486 0
1487 0
1488 0
1489 0
1490 1
1491 1
1492 3
1493 2
1494 2
1495 0
1496 3
1497 1
1498 1
1499 0
1500 2
1501 0
1502 0
1503 0
1504 1
1505 1
1506 2
1507 2
1508 0
1509 1
1510 3
1511 1
1512 1
1513 0
1514 0
1515 2
1516 2
1517 1
1518 0
1519 0
1520 0
1521 0
1522 3
1523 3
1524 3
1525 4
1526 1
1527 2
1528 3
1529 1
1530 0
1531 1
1532 1
1533 2
1534 1
1535 1
1536 2
1537 2
1538 2
1539 4
1540 2
1541 2
1542 1
1543 1
1544 3
1545 1
1546 2
1547 2
1548 3
1549 1
1550 3
1551 2
1552 2
1553 1
1554 2
1555 4
1556 4
1557 3
1558 3
1559 2
1560 3
1561 2
1562 2
1563 3
1564 2
1565 3
1566 1
1567 1
1568 3
1569 1
1570 1
1571 2
1572 3
1573 1
1574 4
1575 1
1576 1
1577 3
1578 2
1579 2
1580 2
1581 0
1582 0
1583 1
1584 0
1585 2
1586 2
1587 1
1588 3
1589 1
1590 1
1591 1
1592 2
1593 1
1594 0
1595 2
1596 3
1597 2
1598 3
1599 2
1600 2
1601 3
1602 2
1603 2
1604 2
1605 3
1606 3
1607 4
1608 1
1609 4
1610 2
1611 1
1612 2
1613 3
1614 3
1615 2
1616 2
1617 2
1618 2
1619 3
1620 2
1621 2
1622 2
1623 1
1624 4
1625 2
1626 1
1627 3
1628 1
1629 2
1630 3
1631 3
1632 3
1633 1
1634 3
1635 3
1636 0
1637 2
1638 2
1639 2
1640 4
1641 4
1642 3
1643 2
1644 3
1645 2
1646 2
1647 0
1648 3
1649 4
1650 3
1651 3
1652 3
1653 2
1654 2
1655 3
1656 3
1657 4
1658 0
1659 3
1660 3
1661 1
1662 2
1663 1
1664 3
1665 3
1666 2
1667 0
1668 3
1669 4
1670 2
1671 3
1672 1
1673 2
1674 3
1675 4
1676 4
1677 1
1678 2
1679 2
1680 1
1681 1
1682 2
1683 3
1684 4
1685 3
1686 2
1687 2
1688 3
1689 1
1690 2
1691 2
1692 3
1693 2
1694 2
1695 5
1696 2
1697 2
1698 3
1699 4
1700 1
1701 2
1702 2
1703 2
1704 2
1705 2
1706 2
1707 2
1708 1
1709 2
1710 2
1711 2
1712 1
1713 1
1714 3
1715 4
1716 1
1717 1
1718 2
1719 2
1720 3
1721 0
1722 1
1723 1
1724 3
1725 2
1726 2
1727 2
1728 2
1729 2
1730 1
1731 3
1732 1
1733 0
1734 1
1735 2
1736 2
1737 0
1738 2
1739 2
1740 2
1741 4
1742 2
1743 2
1744 2
1745 2
1746 1
1747 3
1748 2
1749 1
1750 2
1751 4
1752 1
1753 2
1754 2
1755 4
1756 3
1757 2
1758 2
1759 2
1760 3
1761 1
1762 1
1763 2
1764 3
1765 2
1766 1
1767 2
1768 1
1769 1
1770 2
1771 1
1772 3
1773 3
1774 5
1775 3
1776 2
1777 3
1778 3
1779 2
1780 4
1781 2
1782 2
1783 2
1784 2
1785 3
1786 2
1787 3
1788 3
1789 3
1790 2
1791 4
1792 4
1793 1
1794 0
1795 2
1796 2
1797 1
1798 2
1799 1
1800 1
1801 2
1802 3
1803 1
1804 3
1805 3
1806 3
1807 3
1808 2
1809 1
1810 3
1811 2
1812 2
1813 3
1814 3
1815 1
1816 3
1817 1
1818 3
1819 1
1820 1
1821 1
1822 2
1823 2
1824 1
1825 3
1826 3
1827 0
1828 1
1829 1
1830 1
1831 3
1832 0
1833 0
1834 0
1835 0
1836 1
1837 0
1838 0
1839 0
1840 0
1841 0
1842 0
1843 0
1844 0
1845 0
1846 0
1847 0
1848 0
1849 0
1850 0
1851 0
1852 0
1853 0
1854 0
1855 0
1856 0
1857 0
1858 0
1859 0
1860 0
1861 0
1862 0
1863 0
1864 0
1865 0
1866 0
1867 0
1868 0
1869 0
1870 0
1871 0
1872 0
1873 0
1874 0
1875 0
1876 0
1877 0
1878 0
1879 0
1880 0
1881 0
1882 0
1883 0
1884 0
1885 0
1886 0
1887 0
1888 0
1889 0
1890 0
1891 0
1892 0
1893 0
1894 0
1895 0
1896 0
1897 0
1898 0
1899 0
1900 0
1901 0
1902 0
1903 0
1904 0
1905 0
1906 0
1907 0
1908 0
1909 0
1910 0
1911 0
1912 0
1913 0
1914 0
1915 0
1916 0
1917 0
1918 0
1919 0
1920 0
1921 0
1922 0
1923 0
1924 0
1925 0
1926 0
1927 0
1928 0
1929 0
1930 0
1931 0
1932 0
1933 0
1934 0
1935 0
1936 0
1937 0
1938 0
1939 0
1940 0
1941 0
1942 0
1943 0
1944 0
1945 0
1946 0
1947 0
1948 0
1949 0
1950 0
1951 0
1952 0
1953 0
1954 0
1955 0
1956 0
1957 0
1958 0
1959 0
1960 0
1961 0
1962 0
1963 0
1964 0
1965 0
1966 0
1967 0
1968 0
1969 0
1970 0
1971 0
1972 0
1973 0
1974 0
1975 0
1976 0
1977 0
1978 0
1979 0
1980 0
1981 0
1982 0
1983 0
1984 0
1985 0
1986 0
1987 0
1988 0
1989 0
1990 0
1991 0
1992 0
1993 0
1994 0
1995 0
1996 0
1997 0
1998 0
1999 0
