0 3
1 0
2 0
3 0
4 3
5 1
6 1
7 1
8 2
9 0
10 1
11 1
12 1
13 1
14 1
15 3
16 1
17 3
18 3
19 1
20 3
21 3
22 1
23 1
24 2
25 2
26 2
27 1
28 3
29 2
30 2
31 3
32 1
33 2
34 2
35 2
36 2
37 3
38 1
39 1
40 2
41 2
42 1
43 1
44 1
45 2
46 3
47 1
48 2
49 2
50 0
51 0
52 2
53 1
54 2
55 0
56 1
57 2
58 3
59 1
60 0
61 2
62 1
63 2
64 1
65 2
66 2
67 2
68 2
69 1
70 1
71 1
72 2
73 1
74 1
75 0
76 1
77 1
78 2
79 0
80 2
81 0
82 1
83 2
84 1
85 2
86 2
87 2
88 1
89 2
90 1
91 1
92 0
93 1
94 2
95 3
96 1
97 3
98 2
99 2
100 2
101 3
102 2
103 2
104 2
105 1
106 1
107 1
108 2
109 2
110 2
111 4
112 2
113 0
114 1
115 0
116 3
117 2
118 3
119 1
120 3
121 1
122 3
123 3
124 2
125 3
126 1
127 1
128 3
129 1
130 0
131 1
132 0
133 2
134 2
135 1
136 2
137 2
138 2
139 3
140 2
141 3
142 2
143 2
144 2
145 1
146 3
147 1
148 1
149 2
150 2
151 2
152 1
153 2
154 2
155 1
156 2
157 1
158 0
159 2
160 1
161 1
162 1
163 1
164 0
165 1
166 1
167 0
168 1
169 2
170 2
171 3
172 2
173 2
174 0
175 1
176 0
177 0
178 0
179 1
180 2
181 1
182 1
183 1
184 0
185 0
186 1
187 1
188 1
189 0
190 1
191 0
192 1
193 1
194 0
195 0
196 1
197 2
198 2
199 2
200 0
201 1
202 1
203 1
204 0
205 0
206 1
207 2
208 2
209 1
210 0
211 0
212 0
213 0
214 1
215 1
216 0
217 3
218 1
219 0
220 1
221 1
222 2
223 1
224 1
225 2
226 3
227 2
228 1
229 1
230 1
231 1
232 1
233 3
234 1
235 1
236 0
237 0
238 2
239 1
240 0
241 0
242 3
243 1
244 1
245 3
246 1
247 1
248 1
249 0
250 2
251 2
252 3
253 1
254 1
255 1
256 2
257 3
258 1
259 2
260 0
261 0
262 0
263 0
264 0
265 0
266 2
267 1
268 2
269 2
270 1
271 2
272 2
273 1
274 1
275 1
276 2
277 2
278 0
279 3
280 2
281 0
282 0
283 0
284 0
285 0
286 0
287 2
288 1
289 4
290 4
291 2
292 4
293 4
294 0
295 3
296 2
297 2
298 2
299 2
300 3
301 2
302 1
303 2
304 2
305 2
306 2
307 2
308 1
309 3
310 3
311 1
312 1
313 5
314 1
315 0
316 1
317 0
318 0
319 1
320 0
321 1
322 0
323 2
324 0
325 1
326 2
327 0
328 2
329 1
330 1
331 2
332 1
333 2
334 0
335 0
336 0
337 0
338 0
339 0
340 0
341 0
342 0
343 1
344 3
345 1
346 0
347 1
348 1
349 1
350 1
351 1
352 0
353 1
354 1
355 1
356 1
357 1
358 1
359 1
360 1
361 2
362 2
363 0
364 0
365 0
366 0
367 1
368 1
369 0
370 0
371 0
372 1
373 1
374 1
375 1
376 0
377 1
378 1
379 2
380 0
381 1
382 0
383 3
384 0
385 0
386 0
387 0
388 1
389 2
390 0
391 0
392 1
393 1
394 1
395 2
396 1
397 2
398 1
399 1
400 0
401 0
402 0
403 2
404 0
405 0
406 1
407 0
408 1
409 1
410 1
411 0
412 1
413 2
414 2
415 1
416 2
417 0
418 1
419 0
420 2
421 1
422 1
423 1
424 1
425 0
426 0
427 2
428 2
429 0
430 3
431 1
432 1
433 1
434 1
435 1
436 4
437 3
438 1
439 1
440 1
441 1
442 0
443 3
444 1
445 1
446 1
447 1
448 1
449 1
450 1
451 2
452 3
453 3
454 4
455 2
456 1
457 2
458 2
459 2
460 1
461 1
462 0
463 1
464 1
465 2
466 0
467 1
468 0
469 1
470 1
471 1
472 2
473 0
474 0
475 0
476 1
477 1
478 0
479 1
480 1
481 1
482 1
483 1
484 1
485 1
486 1
487 1
488 0
489 1
490 2
491 1
492 0
493 1
494 1
495 1
496 0
497 1
498 1
499 1
500 1
501 1
502 2
503 1
504 3
505 1
506 1
507 1
508 2
509 2
510 1
511 1
512 1
513 1
514 1
515 0
516 1
517 2
518 1
519 0
520 2
521 2
522 1
523 2
524 2
525 1
526 1
527 1
528 2
529 2
530 1
531 1
532 0
533 3
534 1
535 2
536 2
537 1
538 2
539 1
540 1
541 1
542 1
543 0
544 1
545 2
546 1
547 0
548 1
549 0
550 0
551 0
552 1
553 1
554 1
555 1
556 1
557 2
558 1
559 2
560 1
561 1
562 2
563 2
564 1
565 1
566 0
567 1
568 0
569 2
570 0
571 1
572 0
573 1
574 2
575 2
576 1
577 2
578 2
579 1
580 0
581 2
582 1
583 1
584 2
585 1
586 3
587 2
588 1
589 1
590 1
591 1
592 0
593 0
594 1
595 1
596 0
597 1
598 0
599 0
600 0
601 0
602 0
603 0
604 0
605 0
606 0
607 0
608 0
609 0
610 0
611 4
612 3
613 1
614 2
615 1
616 4
617 2
618 3
619 4
620 2
621 2
622 2
623 3
624 3
625 3
626 4
627 4
628 3
629 3
630 3
631 3
632 2
633 2
634 2
635 2
636 3
637 3
638 4
639 3
640 3
641 3
642 3
643 3
644 2
645 2
646 2
647 3
648 1
649 0
650 1
651 1
652 1
653 0
654 1
655 1
656 1
657 1
658 1
659 1
660 1
661 1
662 0
663 1
664 0
665 1
666 1
667 1
668 1
669 1
670 1
671 2
672 0
673 2
674 1
675 1
676 1
677 2
678 1
679 1
680 1
681 1
682 1
683 2
684 1
685 3
686 2
687 2
688 2
689 2
690 1
691 2
692 2
693 2
694 1
695 0
696 0
697 0
698 0
699 0
700 1
701 0
702 1
703 2
704 1
705 0
706 1
707 1
708 0
709 0
710 0
711 0
712 0
713 0
714 0
715 0
716 1
717 2
718 1
719 0
720 0
721 0
722 0
723 0
724 0
725 2
726 2
727 0
728 2
729 1
730 1
731 0
732 1
733 0
734 0
735 0
736 0
737 0
738 0
739 0
740 0
741 0
742 1
743 0
744 0
745 0
746 1
747 0
748 1
749 0
750 0
751 0
752 0
753 0
754 0
755 0
756 1
757 0
758 0
759 1
760 0
761 1
762 1
763 0
764 2
765 1
766 1
767 0
768 0
769 1
770 0
771 1
772 1
773 0
774 1
775 1
776 0
777 0
778 0
779 0
780 0
781 0
782 0
783 0
784 0
785 0
786 0
787 0
788 0
789 0
790 1
791 2
792 0
793 0
794 0
795 0
796 0
797 0
798 0
799 0
800 0
801 0
802 0
803 0
804 0
805 0
806 0
807 0
808 0
809 0
810 0
811 0
812 0
813 0
814 0
815 0
816 0
817 0
818 0
819 0
820 0
821 0
822 0
823 0
824 0
825 0
826 0
827 0
828 0
829 0
830 0
831 0
832 0
833 0
834 0
835 0
836 0
837 0
838 0
839 0
840 0
841 0
842 0
843 0
844 0
845 0
846 0
847 0
848 0
849 0
850 0
851 0
852 0
853 0
854 0
855 0
856 0
857 0
858 0
859 0
860 0
861 0
862 0
863 0
864 0
865 0
866 0
867 0
868 0
869 0
870 0
871 0
872 0
873 2
874 0
875 0
876 0
877 0
878 0
879 0
880 0
881 0
882 0
883 1
884 1
885 0
886 1
887 1
888 1
889 1
890 1
891 1
892 0
893 0
894 0
895 0
896 1
897 1
898 0
899 1
900 2
901 0
902 0
903 1
904 2
905 1
906 1
907 2
908 2
909 2
910 1
911 2
912 2
913 1
914 2
915 1
916 2
917 2
918 2
919 2
920 2
921 2
922 2
923 2
924 2
925 2
926 1
927 1
928 2
929 2
930 2
931 2
932 1
933 1
934 1
935 2
936 1
937 2
938 2
939 2
940 2
941 2
942 1
943 2
944 2
945 1
946 0
947 2
948 1
949 1
950 3
951 2
952 1
953 0
954 0
955 0
956 0
957 0
958 2
959 1
960 2
961 2
962 0
963 0
964 1
965 1
966 0
967 2
968 2
969 1
970 2
971 1
972 1
973 1
974 2
975 1
976 2
977 1
978 1
979 1
980 1
981 2
982 0
983 2
984 2
985 2
986 1
987 1
988 0
989 2
990 0
991 0
992 2
993 1
994 1
995 1
996 0
997 2
998 1
999 2
1000 2
1001 2
1002 1
1003 2
1004 1
1005 1
1006 2
1007 2
1008 1
1009 1
1010 0
1011 0
1012 1
1013 1
1014 2
1015 2
1016 1
1017 0
1018 1
1019 0
1020 0
1021 2
1022 2
1023 0
1024 1
1025 1
1026 1
1027 1
1028 1
1029 0
1030 0
1031 1
1032 2
1033 1
1034 0
1035 1
1036 1
1037 1
1038 1
1039 1
1040 2
1041 1
1042 2
1043 1
1044 1
1045 1
1046 0
1047 1
1048 1
1049 2
1050 0
1051 2
1052 0
1053 1
1054 0
1055 0
1056 2
1057 1
1058 0
1059 0
1060 0
1061 0
1062 1
1063 0
1064 2
1065 1
1066 1
1067 1
1068 1
1069 1
1070 2
1071 0
1072 1
1073 0
1074 1
1075 1
1076 1
1077 2
1078 2
1079 1
1080 0
1081 2
1082 2
1083 1
1084 0
1085 1
1086 1
1087 2
1088 1
1089 2
1090 1
1091 1
1092 0
1093 0
1094 1
1095 0
1096 2
1097 1
1098 0
1099 0
1100 0
1101 1
1102 1
1103 1
1104 1
1105 0
1106 0
1107 0
1108 1
1109 1
1110 0
1111 0
1112 0
1113 0
1114 1
1115 1
1116 0
1117 0
1118 1
1119 2
1120 2
1121 1
1122 1
1123 2
1124 1
1125 0
1126 1
1127 1
1128 1
1129 0
1130 0
1131 1
1132 0
1133 2
1134 0
1135 2
1136 1
1137 1
1138 1
1139 0
1140 1
1141 1
1142 1
1143 2
1144 1
1145 0
1146 1
1147 1
1148 0
1149 0
1150 0
1151 2
1152 1
1153 1
1154 2
1155 1
1156 3
1157 1
1158 1
1159 2
1160 2
1161 3
1162 2
1163 3
1164 1
1165 2
1166 1
1167 1
1168 1
1169 2
1170 3
1171 1
1172 0
1173 0
1174 0
1175 2
1176 0
1177 0
1178 0
1179 1
1180 0
1181 0
1182 0
1183 0
1184 0
1185 1
1186 1
1187 1
1188 1
1189 1
1190 0
1191 1
1192 2
1193 0
1194 1
1195 1
1196 1
1197 1
1198 0
1199 1
1200 0
1201 1
1202 0
1203 0
1204 0
1205 0
1206 0
1207 0
1208 0
1209 1
1210 0
1211 0
1212 1
1213 2
1214 1
1215 0
1216 0
1217 0
1218 1
1219 2
1220 0
1221 1
1222 2
1223 1
1224 1
1225 0
1226 1
1227 1
1228 0
1229 0
1230 0
1231 2
1232 0
1233 1
1234 1
1235 0
1236 1
1237 1
1238 1
1239 1
1240 1
1241 0
1242 1
1243 1
1244 1
1245 1
1246 1
1247 1
1248 1
1249 0
1250 0
1251 1
1252 0
1253 0
1254 0
1255 0
1256 0
1257 1
1258 0
1259 0
1260 0
1261 0
1262 0
1263 0
1264 0
1265 0
1266 1
1267 2
1268 1
1269 1
1270 0
1271 0
1272 1
1273 0
1274 1
1275 1
1276 1
1277 1
1278 1
1279 1
1280 0
1281 1
1282 1
1283 0
1284 0
1285 0
1286 0
1287 0
1288 1
1289 1
1290 1
1291 1
1292 0
1293 1
1294 1
1295 1
1296 0
1297 0
1298 1
1299 1
1300 0
1301 0
1302 0
1303 1
1304 0
1305 0
1306 1
1307 0
1308 0
1309 0
1310 0
1311 0
1312 0
1313 0
1314 0
1315 0
1316 1
1317 0
1318 2
1319 0
1320 1
1321 1
1322 0
1323 0
1324 1
1325 0
1326 0
1327 0
1328 0
1329 0
1330 1
1331 0
1332 0
1333 1
1334 2
1335 1
1336 1
1337 1
1338 0
1339 0
1340 3
1341 0
1342 0
1343 0
1344 0
1345 1
1346 0
1347 0
1348 1
1349 1
1350 1
1351 0
1352 1
1353 0
1354 0
1355 0
1356 0
1357 0
1358 0
1359 1
1360 0
1361 0
1362 0
1363 1
1364 1
1365 1
1366 2
1367 2
1368 0
1369 2
1370 1
1371 0
1372 1
1373 1
1374 1
1375 1
1376 2
1377 1
1378 1
1379 1
1380 1
1381 1
1382 1
1383 1
1384 2
1385 1
1386 1
1387 1
1388 1
1389 1
1390 2
1391 1
1392 1
1393 1
1394 1
1395 1
1396 1
1397 0
1398 1
1399 1
1400 1
1401 1
1402 0
1403 0
1404 0
1405 2
1406 1
1407 1
1408 2
1409 0
1410 1
1411 1
1412 1
1413 2
1414 0
1415 1
1416 1
1417 1
1418 1
1419 1
1420 1
1421 1
1422 1
1423 0
1424 3
1425 0
1426 1
1427 0
1428 2
1429 3
1430 0
1431 0
1432 0
1433 0
1434 1
1435 0
1436 1
1437 0
1438 2
1439 1
1440 2
1441 1
1442 1
1443 2
1444 1
1445 1
1446 0
1447 1
1448 1
1449 1
1450 0
1451 1
1452 3
1453 1
1454 0
1455 1
1456 1
1457 1
1458 1
1459 2
1460 3
1461 3
1462 2
1463 1
1464 1
1465 1
1466 1
1467 0
1468 1
1469 1
1470 0
1471 3
1472 1
1473 0
1474 2
1475 1
1476 1
1477 1
1478 1
1479 1
1480 1
1481 1
1482 0
1483 1
1484 1
1485 3
1486 2
1487 0
1488 1
1489 1
1490 0
1491 4
1492 2
1493 1
1494 1
1495 0
1496 1
1497 4
1498 1
1499 2
1500 2
1501 1
1502 2
1503 2
1504 1
1505 1
1506 2
1507 1
1508 2
1509 2
1510 0
1511 2
1512 3
1513 2
1514 1
1515 1
1516 2
1517 1
1518 1
1519 0
1520 2
1521 1
1522 1
1523 1
1524 1
1525 1
1526 0
1527 1
1528 2
1529 1
1530 1
1531 1
1532 1
1533 1
1534 1
1535 1
1536 1
1537 0
1538 1
1539 2
1540 1
1541 0
1542 1
1543 1
1544 2
1545 0
1546 0
1547 1
1548 1
1549 0
1550 1
1551 0
1552 1
1553 1
1554 1
1555 1
1556 1
1557 1
1558 1
1559 0
1560 3
1561 1
1562 1
1563 1
1564 3
1565 1
1566 1
1567 2
1568 1
1569 1
1570 1
1571 1
1572 1
1573 1
1574 0
1575 0
1576 1
1577 1
1578 1
1579 1
1580 1
1581 0
1582 1
1583 1
1584 1
1585 1
1586 1
1587 0
1588 1
1589 2
1590 1
1591 0
1592 1
1593 1
1594 2
1595 1
1596 1
1597 1
1598 1
1599 1
1600 1
1601 1
1602 0
1603 2
1604 1
1605 1
1606 2
1607 2
1608 1
1609 2
1610 0
1611 1
1612 1
1613 1
1614 0
1615 1
1616 0
1617 0
1618 0
1619 1
1620 0
1621 0
1622 1
1623 2
1624 0
1625 2
1626 2
1627 1
1628 1
1629 1
1630 2
1631 2
1632 0
1633 1
1634 1
1635 1
1636 2
1637 1
1638 2
1639 1
1640 0
1641 0
1642 2
1643 1
1644 0
1645 1
1646 0
1647 1
1648 0
1649 1
1650 0
1651 0
1652 0
1653 0
1654 0
1655 1
1656 1
1657 1
1658 1
1659 0
1660 0
1661 0
1662 0
1663 0
1664 0
1665 0
1666 0
1667 0
1668 0
1669 0
1670 0
1671 2
1672 0
1673 0
1674 0
1675 1
1676 1
1677 1
1678 1
1679 1
1680 0
1681 1
1682 1
1683 0
1684 0
1685 1
1686 1
1687 2
1688 1
1689 1
1690 1
1691 1
1692 0
1693 1
1694 0
1695 1
1696 0
1697 0
1698 0
1699 1
1700 1
1701 1
1702 2
1703 0
1704 0
1705 1
1706 1
1707 0
1708 1
1709 2
1710 1
1711 2
1712 1
1713 1
1714 2
1715 1
1716 0
1717 1
1718 0
1719 1
1720 2
1721 2
1722 2
1723 0
1724 1
1725 1
1726 1
1727 0
1728 1
1729 1
1730 2
1731 0
1732 1
1733 1
1734 1
1735 0
1736 2
1737 1
1738 1
1739 1
1740 1
1741 1
1742 1
1743 1
1744 1
1745 1
1746 0
1747 1
1748 1
1749 1
1750 2
1751 1
1752 1
1753 1
1754 1
1755 1
1756 0
1757 0
1758 1
1759 1
1760 0
1761 1
1762 1
1763 1
1764 1
1765 1
1766 0
1767 1
1768 2
1769 1
1770 1
1771 0
1772 1
1773 2
1774 1
1775 1
1776 2
1777 2
1778 2
1779 2
1780 1
1781 1
1782 1
1783 1
1784 1
1785 2
1786 1
1787 1
1788 2
1789 0
1790 2
1791 1
1792 1
1793 1
1794 1
1795 1
1796 1
1797 2
1798 1
1799 1
1800 0
1801 0
1802 0
1803 0
1804 1
1805 2
1806 3
1807 2
1808 1
1809 3
1810 3
1811 0
1812 0
1813 2
1814 2
1815 0
1816 3
1817 1
1818 2
1819 2
1820 2
1821 1
1822 3
1823 2
1824 2
1825 2
1826 1
1827 2
1828 3
1829 1
1830 2
1831 2
1832 2
1833 1
1834 3
1835 1
1836 2
1837 2
1838 2
1839 1
1840 2
1841 1
1842 1
1843 2
1844 3
1845 0
1846 2
1847 2
1848 2
1849 2
1850 3
1851 3
1852 2
1853 2
1854 0
1855 1
1856 0
1857 2
1858 1
1859 1
1860 1
1861 2
1862 1
1863 0
1864 1
1865 0
1866 0
1867 0
1868 0
1869 0
1870 0
1871 0
1872 0
1873 0
1874 1
1875 0
1876 1
1877 2
1878 2
1879 2
1880 0
1881 1
1882 1
1883 2
1884 1
1885 1
1886 1
1887 1
1888 2
1889 1
1890 0
1891 2
1892 2
1893 1
1894 2
1895 2
1896 0
1897 2
1898 2
1899 2
1900 1
1901 0
1902 2
1903 2
1904 1
1905 2
1906 2
1907 0
1908 2
1909 2
1910 1
1911 1
1912 1
1913 0
1914 0
1915 2
1916 0
1917 0
1918 0
1919 0
1920 1
1921 0
1922 1
1923 1
1924 1
1925 1
1926 1
1927 1
1928 1
1929 1
1930 0
1931 0
1932 0
1933 0
1934 0
1935 1
1936 0
1937 1
1938 1
1939 1
1940 1
1941 1
1942 0
1943 0
1944 1
1945 2
1946 1
1947 1
1948 1
1949 0
1950 0
1951 0
1952 1
1953 0
1954 1
1955 1
1956 1
1957 1
1958 0
1959 1
1960 1
1961 1
1962 0
1963 1
1964 1
1965 0
1966 0
1967 4
1968 1
1969 1
1970 3
1971 1
1972 2
1973 0
1974 1
1975 1
1976 1
1977 1
1978 2
1979 0
1980 0
1981 0
1982 1
1983 1
1984 1
1985 0
1986 1
1987 1
1988 2
1989 0
1990 1
1991 1
1992 2
1993 1
1994 1
1995 2
1996 1
1997 1
1998 1
1999 0
