0 2
1 1
2 2
3 2
4 0
5 1
6 2
7 0
8 2
9 1
10 2
11 2
12 0
13 1
14 2
15 1
16 0
17 0
18 1
19 2
20 1
21 1
22 2
23 2
24 2
25 1
26 1
27 0
28 2
29 3
30 1
31 1
32 2
33 4
34 2
35 3
36 3
37 1
38 1
39 0
40 1
41 0
42 1
43 1
44 1
45 1
46 0
47 0
48 1
49 0
50 0
51 1
52 0
53 1
54 2
55 1
56 0
57 1
58 1
59 0
60 0
61 1
62 0
63 0
64 0
65 1
66 1
67 0
68 1
69 1
70 0
71 1
72 1
73 3
74 2
75 1
76 2
77 1
78 1
79 2
80 1
81 0
82 1
83 2
84 2
85 2
86 1
87 0
88 1
89 0
90 2
91 0
92 0
93 1
94 0
95 1
96 2
97 2
98 2
99 2
100 2
101 3
102 0
103 2
104 1
105 1
106 1
107 1
108 1
109 1
110 3
111 2
112 2
113 1
114 1
115 1
116 1
117 1
118 1
119 1
120 1
121 0
122 3
123 0
124 1
125 0
126 0
127 1
128 0
129 1
130 3
131 2
132 2
133 2
134 2
135 2
136 2
137 2
138 1
139 1
140 2
141 3
142 1
143 3
144 0
145 1
146 1
147 1
148 1
149 3
150 1
151 2
152 2
153 1
154 3
155 1
156 1
157 2
158 0
159 3
160 3
161 3
162 0
163 2
164 0
165 0
166 2
167 0
168 1
169 0
170 1
171 1
172 0
173 3
174 2
175 3
176 1
177 2
178 1
179 1
180 0
181 3
182 1
183 0
184 2
185 2
186 1
187 1
188 1
189 2
190 2
191 1
192 1
193 1
194 1
195 1
196 1
197 1
198 1
199 1
200 0
201 3
202 2
203 1
204 1
205 2
206 1
207 3
208 2
209 3
210 1
211 1
212 1
213 2
214 2
215 2
216 2
217 3
218 1
219 2
220 3
221 1
222 2
223 0
224 3
225 2
226 1
227 3
228 2
229 1
230 2
231 0
232 1
233 2
234 1
235 1
236 3
237 1
238 2
239 2
240 2
241 1
242 1
243 1
244 2
245 1
246 1
247 2
248 3
249 1
250 3
251 1
252 3
253 1
254 0
255 1
256 3
257 0
258 1
259 3
260 1
261 2
262 2
263 1
264 1
265 1
266 1
267 2
268 1
269 1
270 1
271 1
272 1
273 2
274 1
275 1
276 2
277 2
278 1
279 3
280 1
281 1
282 1
283 2
284 2
285 2
286 1
287 0
288 0
289 0
290 0
291 2
292 0
293 1
294 0
295 1
296 2
297 2
298 2
299 0
300 1
301 1
302 0
303 0
304 2
305 1
306 0
307 1
308 1
309 0
310 1
311 1
312 0
313 0
314 0
315 1
316 2
317 1
318 2
319 0
320 1
321 2
322 0
323 0
324 1
325 1
326 2
327 1
328 0
329 1
330 1
331 1
332 1
333 1
334 1
335 1
336 1
337 0
338 2
339 1
340 1
341 1
342 2
343 1
344 1
345 1
346 1
347 2
348 1
349 2
350 2
351 1
352 1
353 2
354 0
355 1
356 0
357 1
358 0
359 0
360 0
361 1
362 0
363 1
364 1
365 0
366 0
367 1
368 0
369 0
370 1
371 0
372 0
373 1
374 0
375 0
376 2
377 2
378 2
379 1
380 0
381 0
382 0
383 2
384 1
385 1
386 0
387 3
388 0
389 0
390 1
391 2
392 2
393 1
394 1
395 0
396 1
397 1
398 0
399 1
400 1
401 0
402 0
403 1
404 1
405 0
406 0
407 0
408 0
409 0
410 1
411 1
412 1
413 2
414 0
415 1
416 0
417 0
418 1
419 1
420 0
421 0
422 0
423 1
424 1
425 0
426 2
427 0
428 0
429 1
430 2
431 1
432 1
433 2
434 1
435 0
436 0
437 2
438 1
439 1
440 2
441 1
442 0
443 0
444 1
445 1
446 1
447 2
448 3
449 1
450 1
451 1
452 1
453 1
454 0
455 1
456 0
457 1
458 0
459 1
460 3
461 3
462 2
463 0
464 1
465 1
466 0
467 1
468 1
469 1
470 0
471 0
472 1
473 1
474 0
475 0
476 1
477 0
478 0
479 2
480 2
481 0
482 2
483 0
484 2
485 3
486 1
487 1
488 1
489 1
490 1
491 1
492 2
493 1
494 0
495 1
496 0
497 1
498 1
499 1
500 2
501 1
502 1
503 1
504 1
505 1
506 1
507 1
508 0
509 1
510 1
511 1
512 1
513 1
514 1
515 1
516 1
517 1
518 1
519 0
520 2
521 2
522 0
523 1
524 1
525 2
526 0
527 2
528 0
529 2
530 1
531 3
532 2
533 2
534 1
535 0
536 1
537 2
538 1
539 1
540 1
541 1
542 0
543 1
544 2
545 1
546 1
547 1
548 1
549 0
550 1
551 1
552 2
553 1
554 2
555 1
556 1
557 0
558 1
559 0
560 0
561 0
562 1
563 0
564 1
565 1
566 1
567 2
568 0
569 0
570 1
571 0
572 0
573 0
574 1
575 0
576 0
577 0
578 1
579 0
580 0
581 0
582 0
583 1
584 3
585 0
586 1
587 1
588 0
589 1
590 0
591 1
592 0
593 1
594 1
595 0
596 0
597 2
598 3
599 1
600 2
601 1
602 1
603 0
604 0
605 0
606 1
607 1
608 2
609 2
610 1
611 2
612 1
613 1
614 1
615 1
616 1
617 1
618 0
619 0
620 1
621 0
622 2
623 2
624 1
625 1
626 1
627 0
628 0
629 1
630 0
631 1
632 0
633 2
634 1
635 0
636 1
637 0
638 1
639 1
640 1
641 1
642 0
643 1
644 1
645 0
646 0
647 0
648 1
649 0
650 0
651 1
652 1
653 0
654 0
655 1
656 2
657 1
658 0
659 1
660 1
661 1
662 1
663 3
664 1
665 1
666 1
667 0
668 1
669 0
670 1
671 1
672 3
673 0
674 0
675 1
676 1
677 1
678 1
679 1
680 0
681 0
682 2
683 0
684 1
685 0
686 0
687 1
688 0
689 1
690 0
691 0
692 1
693 0
694 0
695 2
696 0
697 1
698 2
699 1
700 2
701 2
702 0
703 0
704 0
705 1
706 2
707 0
708 0
709 1
710 0
711 2
712 2
713 1
714 1
715 0
716 2
717 2
718 1
719 1
720 2
721 1
722 1
723 0
724 2
725 0
726 1
727 0
728 1
729 1
730 1
731 1
732 1
733 0
734 3
735 1
736 1
737 0
738 0
739 1
740 1
741 1
742 2
743 1
744 1
745 1
746 1
747 1
748 0
749 1
750 0
751 0
752 1
753 0
754 0
755 1
756 2
757 3
758 0
759 1
760 0
761 1
762 1
763 1
764 1
765 1
766 2
767 1
768 1
769 0
770 1
771 0
772 0
773 0
774 1
775 1
776 0
777 2
778 1
779 0
780 1
781 1
782 0
783 1
784 0
785 1
786 1
787 0
788 0
789 1
790 0
791 2
792 0
793 1
794 1
795 1
796 1
797 1
798 1
799 1
800 2
801 1
802 2
803 0
804 1
805 1
806 1
807 1
808 0
809 2
810 1
811 1
812 2
813 1
814 2
815 1
816 0
817 1
818 1
819 0
820 1
821 1
822 1
823 0
824 2
825 1
826 1
827 3
828 0
829 1
830 1
831 0
832 0
833 2
834 1
835 0
836 2
837 1
838 1
839 1
840 2
841 1
842 2
843 1
844 0
845 0
846 0
847 2
848 1
849 0
850 1
851 1
852 3
853 0
854 2
855 2
856 2
857 1
858 0
859 2
860 1
861 0
862 1
863 2
864 1
865 2
866 0
867 2
868 2
869 1
870 2
871 2
872 0
873 0
874 2
875 2
876 1
877 1
878 1
879 1
880 1
881 1
882 2
883 0
884 0
885 0
886 1
887 0
888 1
889 0
890 0
891 1
892 2
893 1
894 1
895 2
896 1
897 3
898 2
899 2
900 2
901 0
902 0
903 2
904 2
905 1
906 1
907 1
908 1
909 2
910 0
911 0
912 0
913 1
914 2
915 0
916 1
917 1
918 1
919 0
920 2
921 0
922 1
923 2
924 2
925 1
926 1
927 0
928 1
929 2
930 1
931 1
932 1
933 0
934 2
935 1
936 0
937 2
938 0
939 1
940 2
941 0
942 2
943 1
944 2
945 2
946 1
947 1
948 1
949 2
950 0
951 1
952 2
953 1
954 1
955 0
956 2
957 1
958 1
959 1
960 1
961 1
962 0
963 1
964 1
965 2
966 2
967 0
968 1
969 1
970 0
971 1
972 0
973 0
974 0
975 0
976 1
977 1
978 0
979 2
980 1
981 1
982 0
983 2
984 2
985 1
986 0
987 1
988 1
989 1
990 0
991 1
992 1
993 1
994 0
995 2
996 1
997 1
998 0
999 2
1000 1
1001 1
1002 1
1003 1
1004 1
1005 1
1006 1
1007 2
1008 1
1009 1
1010 1
1011 1
1012 1
1013 2
1014 1
1015 0
1016 3
1017 2
1018 2
1019 1
1020 2
1021 1
1022 1
1023 1
1024 1
1025 1
1026 1
1027 1
1028 1
1029 1
1030 0
1031 1
1032 2
1033 1
1034 0
1035 3
1036 0
1037 0
1038 0
1039 1
1040 0
1041 1
1042 0
1043 1
1044 1
1045 0
1046 1
1047 0
1048 0
1049 0
1050 1
1051 1
1052 0
1053 0
1054 1
1055 0
1056 0
1057 1
1058 2
1059 0
1060 0
1061 2
1062 0
1063 1
1064 0
1065 0
1066 1
1067 0
1068 1
1069 0
1070 1
1071 0
1072 0
1073 0
1074 0
1075 0
1076 1
1077 0
1078 1
1079 2
1080 1
1081 2
1082 0
1083 2
1084 1
1085 1
1086 1
1087 0
1088 0
1089 1
1090 3
1091 1
1092 1
1093 1
1094 2
1095 1
1096 1
1097 0
1098 2
1099 1
1100 1
1101 0
1102 1
1103 2
1104 0
1105 2
1106 0
1107 2
1108 1
1109 1
1110 0
1111 1
1112 2
1113 0
1114 0
1115 0
1116 0
1117 0
1118 1
1119 1
1120 0
1121 1
1122 0
1123 0
1124 0
1125 1
1126 1
1127 2
1128 1
1129 1
1130 1
1131 0
1132 0
1133 0
1134 1
1135 0
1136 1
1137 0
1138 2
1139 1
1140 0
1141 1
1142 1
1143 1
1144 0
1145 2
1146 1
1147 2
1148 1
1149 1
1150 0
1151 1
1152 1
1153 0
1154 1
1155 0
1156 1
1157 1
1158 1
1159 1
1160 0
1161 0
1162 0
1163 1
1164 1
1165 1
1166 0
1167 1
1168 1
1169 1
1170 1
1171 1
1172 1
1173 1
1174 1
1175 0
1176 2
1177 0
1178 0
1179 1
1180 1
1181 1
1182 0
1183 0
1184 1
1185 1
1186 1
1187 2
1188 2
1189 1
1190 1
1191 1
1192 2
1193 1
1194 2
1195 2
1196 1
1197 1
1198 1
1199 1
1200 1
1201 1
1202 1
1203 1
1204 1
1205 0
1206 3
1207 1
1208 1
1209 0
1210 1
1211 0
1212 1
1213 1
1214 1
1215 2
1216 1
1217 3
1218 1
1219 1
1220 0
1221 0
1222 1
1223 1
1224 3
1225 1
1226 1
1227 1
1228 2
1229 2
1230 2
1231 1
1232 1
1233 1
1234 1
1235 1
1236 0
1237 1
1238 2
1239 1
1240 0
1241 0
1242 1
1243 2
1244 1
1245 2
1246 1
1247 1
1248 2
1249 2
1250 0
1251 2
1252 2
1253 2
1254 0
1255 2
1256 1
1257 0
1258 1
1259 3
1260 1
1261 1
1262 2
1263 1
1264 2
1265 0
1266 3
1267 1
1268 1
1269 2
1270 1
1271 1
1272 1
1273 2
1274 1
1275 2
1276 2
1277 0
1278 1
1279 2
1280 1
1281 1
1282 0
1283 0
1284 0
1285 1
1286 1
1287 1
1288 2
1289 2
1290 1
1291 1
1292 1
1293 1
1294 2
1295 1
1296 1
1297 1
1298 0
1299 1
1300 2
1301 2
1302 3
1303 1
1304 2
1305 2
1306 2
1307 2
1308 2
1309 2
1310 2
1311 1
1312 2
1313 2
1314 1
1315 0
1316 1
1317 2
1318 0
1319 0
1320 0
1321 1
1322 0
1323 2
1324 0
1325 1
1326 1
1327 1
1328 1
1329 2
1330 0
1331 1
1332 2
1333 1
1334 0
1335 1
1336 0
1337 1
1338 0
1339 1
1340 1
1341 0
1342 0
1343 0
1344 0
1345 0
1346 1
1347 2
1348 1
1349 1
1350 2
1351 1
1352 2
1353 1
1354 1
1355 1
1356 2
1357 0
1358 1
1359 0
1360 1
1361 1
1362 1
1363 1
1364 0
1365 1
1366 1
1367 0
1368 0
1369 0
1370 0
1371 0
1372 0
1373 0
1374 0
1375 0
1376 0
1377 0
1378 1
1379 2
1380 1
1381 1
1382 1
1383 1
1384 0
1385 1
1386 0
1387 0
1388 0
1389 0
1390 1
1391 1
1392 2
1393 1
1394 1
1395 2
1396 1
1397 0
1398 0
1399 1
1400 0
1401 0
1402 0
1403 0
1404 0
1405 0
1406 1
1407 0
1408 0
1409 0
1410 0
1411 0
1412 0
1413 1
1414 1
1415 0
1416 0
1417 0
1418 0
1419 0
1420 0
1421 0
1422 1
1423 1
1424 0
1425 2
1426 1
1427 1
1428 1
1429 0
1430 1
1431 2
1432 2
1433 1
1434 1
1435 2
1436 2
1437 1
1438 0
1439 1
1440 0
1441 1
1442 1
1443 0
1444 1
1445 0
1446 1
1447 2
1448 1
1449 1
1450 1
1451 1
1452 1
1453 1
1454 1
1455 1
1456 1
1457 4
1458 1
1459 1
1460 1
1461 3
1462 2
1463 4
1464 2
1465 3
1466 3
1467 1
1468 2
1469 6
1470 4
1471 3
1472 4
1473 5
1474 4
1475 3
1476 1
1477 1
1478 2
1479 1
1480 1
1481 1
1482 1
1483 1
1484 0
1485 1
1486 1
1487 2
1488 2
1489 3
1490 2
1491 2
1492 2
1493 3
1494 1
1495 1
1496 1
1497 1
1498 2
1499 3
1500 2
1501 1
1502 2
1503 2
1504 1
1505 0
1506 2
1507 2
1508 2
1509 2
1510 1
1511 2
1512 2
1513 1
1514 2
1515 2
1516 1
1517 1
1518 3
1519 2
1520 2
1521 2
1522 1
1523 2
1524 1
1525 0
1526 0
1527 1
1528 1
1529 1
1530 0
1531 2
1532 2
1533 2
1534 2
1535 3
1536 2
1537 0
1538 1
1539 1
1540 1
1541 2
1542 1
1543 3
1544 3
1545 1
1546 2
1547 1
1548 1
1549 0
1550 0
1551 1
1552 0
1553 0
1554 1
1555 0
1556 0
1557 1
1558 1
1559 0
1560 2
1561 1
1562 1
1563 1
1564 1
1565 1
1566 2
1567 4
1568 0
1569 1
1570 2
1571 1
1572 2
1573 1
1574 2
1575 1
1576 0
1577 2
1578 1
1579 2
1580 2
1581 1
1582 2
1583 2
1584 1
1585 1
1586 2
1587 1
1588 2
1589 0
1590 1
1591 1
1592 2
1593 2
1594 2
1595 1
1596 1
1597 1
1598 1
1599 1
1600 0
1601 1
1602 0
1603 1
1604 0
1605 1
1606 0
1607 0
1608 0
1609 1
1610 0
1611 0
1612 1
1613 0
1614 1
1615 1
1616 1
1617 1
1618 1
1619 1
1620 2
1621 0
1622 0
1623 1
1624 1
1625 1
1626 0
1627 0
1628 0
1629 1
1630 0
1631 2
1632 0
1633 2
1634 1
1635 1
1636 2
1637 1
1638 1
1639 1
1640 2
1641 2
1642 1
1643 3
1644 0
1645 0
1646 0
1647 0
1648 1
1649 1
1650 2
1651 0
1652 1
1653 2
1654 1
1655 2
1656 2
1657 1
1658 2
1659 1
1660 2
1661 2
1662 2
1663 0
1664 1
1665 2
1666 3
1667 0
1668 1
1669 2
1670 1
1671 1
1672 2
1673 2
1674 0
1675 0
1676 2
1677 1
1678 1
1679 1
1680 1
1681 2
1682 2
1683 1
1684 1
1685 3
1686 1
1687 2
1688 2
1689 2
1690 1
1691 1
1692 1
1693 1
1694 1
1695 0
1696 1
1697 1
1698 2
1699 3
1700 2
1701 2
1702 1
1703 1
1704 1
1705 2
1706 1
1707 0
1708 1
1709 1
1710 0
1711 1
1712 1
1713 1
1714 2
1715 1
1716 1
1717 1
1718 0
1719 1
1720 0
1721 1
1722 1
1723 1
1724 1
1725 2
1726 3
1727 1
1728 2
1729 1
1730 1
1731 1
1732 2
1733 2
1734 0
1735 0
1736 1
1737 2
1738 0
1739 1
1740 1
1741 1
1742 3
1743 2
1744 1
1745 2
1746 2
1747 2
1748 2
1749 2
1750 3
1751 3
1752 2
1753 3
1754 2
1755 0
1756 2
1757 2
1758 3
1759 1
1760 2
1761 1
1762 2
1763 2
1764 1
1765 2
1766 2
1767 1
1768 1
1769 1
1770 0
1771 1
1772 0
1773 0
1774 1
1775 2
1776 0
1777 1
1778 0
1779 2
1780 0
1781 1
1782 2
1783 2
1784 2
1785 3
1786 3
1787 2
1788 1
1789 1
1790 0
1791 1
1792 1
1793 1
1794 1
1795 1
1796 1
1797 1
1798 1
1799 1
1800 1
1801 1
1802 0
1803 2
1804 3
1805 2
1806 2
1807 2
1808 1
1809 1
1810 1
1811 1
1812 1
1813 1
1814 1
1815 0
1816 1
1817 0
1818 0
1819 1
1820 0
1821 0
1822 2
1823 0
1824 1
1825 2
1826 0
1827 0
1828 0
1829 1
1830 2
1831 1
1832 0
1833 0
1834 0
1835 2
1836 0
1837 2
1838 1
1839 1
1840 0
1841 0
1842 0
1843 1
1844 1
1845 1
1846 1
1847 1
1848 3
1849 2
1850 2
1851 3
1852 2
1853 1
1854 1
1855 0
1856 1
1857 1
1858 1
1859 0
1860 1
1861 3
1862 0
1863 1
1864 1
1865 1
1866 1
1867 3
1868 0
1869 1
1870 1
1871 0
1872 1
1873 0
1874 1
1875 2
1876 2
1877 1
1878 1
1879 0
1880 1
1881 0
1882 1
1883 1
1884 1
1885 0
1886 2
1887 0
1888 0
1889 2
1890 1
1891 1
1892 1
1893 1
1894 2
1895 1
1896 1
1897 1
1898 1
1899 1
1900 1
1901 1
1902 0
1903 2
1904 0
1905 0
1906 2
1907 1
1908 1
1909 1
1910 0
1911 1
1912 0
1913 0
1914 0
1915 0
1916 1
1917 2
1918 1
1919 2
1920 1
1921 0
1922 0
1923 3
1924 2
1925 0
1926 1
1927 0
1928 0
1929 1
1930 0
1931 0
1932 0
1933 0
1934 0
1935 0
1936 1
1937 0
1938 0
1939 2
1940 0
1941 1
1942 1
1943 2
1944 2
1945 1
1946 2
1947 1
1948 0
1949 2
1950 3
1951 0
1952 0
1953 0
1954 1
1955 1
1956 0
1957 1
1958 2
1959 1
1960 2
1961 2
1962 2
1963 1
1964 1
1965 1
1966 2
1967 3
1968 3
1969 0
1970 1
1971 0
1972 0
1973 0
1974 2
1975 1
1976 2
1977 2
1978 1
1979 1
1980 1
1981 1
1982 2
1983 2
1984 1
1985 1
1986 3
1987 1
1988 1
1989 1
1990 1
1991 1
1992 1
1993 3
1994 1
1995 1
1996 2
1997 1
1998 2
1999 0
