0 0
1 0
2 0
3 0
4 0
5 0
6 0
7 0
8 0
9 0
10 0
11 0
12 0
13 0
14 0
15 0
16 0
17 0
18 0
19 0
20 0
21 0
22 0
23 0
24 0
25 0
26 0
27 0
28 0
29 0
30 0
31 0
32 0
33 0
34 0
35 0
36 0
37 0
38 0
39 0
40 0
41 0
42 0
43 0
44 0
45 0
46 0
47 0
48 0
49 0
50 0
51 0
52 2
53 0
54 0
55 0
56 0
57 0
58 0
59 0
60 2
61 3
62 2
63 2
64 2
65 2
66 2
67 2
68 3
69 2
70 1
71 2
72 0
73 2
74 2
75 0
76 0
77 0
78 0
79 0
80 0
81 0
82 0
83 0
84 0
85 0
86 0
87 0
88 0
89 0
90 0
91 0
92 0
93 0
94 0
95 0
96 0
97 0
98 0
99 0
100 0
101 0
102 0
103 0
104 0
105 0
106 0
107 0
108 0
109 0
110 0
111 0
112 0
113 0
114 0
115 0
116 0
117 0
118 0
119 0
120 1
121 1
122 1
123 2
124 0
125 0
126 0
127 1
128 1
129 2
130 1
131 1
132 1
133 1
134 2
135 1
136 2
137 1
138 0
139 1
140 0
141 1
142 1
143 3
144 2
145 1
146 1
147 0
148 2
149 2
150 1
151 2
152 1
153 2
154 0
155 0
156 3
157 0
158 0
159 0
160 0
161 0
162 0
163 0
164 0
165 0
166 0
167 0
168 0
169 0
170 0
171 0
172 0
173 0
174 0
175 0
176 0
177 0
178 0
179 0
180 0
181 0
182 0
183 0
184 0
185 0
186 0
187 0
188 0
189 0
190 0
191 0
192 0
193 0
194 0
195 0
196 0
197 0
198 0
199 0
200 0
201 0
202 1
203 1
204 0
205 0
206 0
207 0
208 0
209 0
210 0
211 0
212 0
213 0
214 0
215 0
216 0
217 0
218 0
219 0
220 0
221 0
222 0
223 0
224 0
225 0
226 0
227 0
228 0
229 0
230 0
231 0
232 0
233 0
234 0
235 0
236 0
237 0
238 0
239 0
240 0
241 0
242 0
243 0
244 0
245 0
246 0
247 0
248 0
249 0
250 0
251 0
252 0
253 0
254 0
255 0
256 0
257 0
258 0
259 0
260 0
261 0
262 0
263 0
264 0
265 0
266 0
267 0
268 0
269 0
270 0
271 0
272 0
273 0
274 0
275 0
276 0
277 0
278 0
279 0
280 0
281 0
282 0
283 0
284 0
285 0
286 0
287 0
288 0
289 0
290 0
291 0
292 0
293 0
294 0
295 0
296 0
297 0
298 0
299 0
300 0
301 0
302 0
303 0
304 0
305 0
306 0
307 0
308 0
309 0
310 0
311 0
312 0
313 0
314 0
315 0
316 0
317 0
318 0
319 0
320 0
321 0
322 0
323 0
324 0
325 0
326 0
327 0
328 0
329 0
330 0
331 0
332 0
333 0
334 0
335 0
336 0
337 0
338 0
339 0
340 0
341 0
342 0
343 0
344 0
345 0
346 0
347 0
348 0
349 0
350 0
351 0
352 0
353 0
354 0
355 0
356 0
357 0
358 0
359 0
360 0
361 0
362 0
363 0
364 0
365 0
366 0
367 0
368 0
369 0
370 0
371 0
372 0
373 0
374 0
375 0
376 0
377 0
378 0
379 0
380 0
381 0
382 0
383 0
384 0
385 0
386 0
387 0
388 0
389 0
390 0
391 0
392 0
393 0
394 0
395 0
396 1
397 2
398 0
399 0
400 0
401 0
402 0
403 1
404 1
405 1
406 1
407 1
408 1
409 0
410 0
411 1
412 1
413 1
414 1
415 1
416 1
417 2
418 1
419 1
420 2
421 1
422 0
423 2
424 1
425 1
426 2
427 0
428 1
429 2
430 3
431 2
432 0
433 0
434 0
435 0
436 0
437 0
438 0
439 0
440 0
441 0
442 0
443 0
444 0
445 0
446 0
447 0
448 0
449 0
450 0
451 0
452 2
453 2
454 1
455 1
456 2
457 0
458 0
459 0
460 2
461 2
462 2
463 0
464 0
465 2
466 2
467 1
468 0
469 2
470 1
471 1
472 1
473 1
474 1
475 0
476 2
477 0
478 1
479 0
480 1
481 1
482 0
483 0
484 1
485 2
486 3
487 2
488 0
489 1
490 1
491 2
492 0
493 1
494 1
495 0
496 2
497 1
498 1
499 0
500 0
501 1
502 2
503 3
504 2
505 1
506 1
507 1
508 1
509 0
510 0
511 1
512 2
513 0
514 1
515 2
516 1
517 1
518 2
519 1
520 1
521 1
522 3
523 1
524 1
525 1
526 2
527 1
528 2
529 2
530 1
531 2
532 0
533 3
534 1
535 1
536 0
537 1
538 1
539 2
540 1
541 1
542 1
543 1
544 1
545 2
546 1
547 1
548 1
549 1
550 1
551 1
552 1
553 0
554 1
555 0
556 0
557 1
558 1
559 1
560 2
561 1
562 1
563 1
564 0
565 1
566 1
567 1
568 1
569 0
570 1
571 1
572 0
573 1
574 1
575 1
576 2
577 2
578 0
579 1
580 1
581 0
582 0
583 0
584 2
585 1
586 0
587 1
588 2
589 0
590 0
591 1
592 1
593 1
594 0
595 0
596 1
597 0
598 1
599 1
600 0
601 0
602 1
603 0
604 0
605 0
606 1
607 0
608 1
609 0
610 1
611 1
612 0
613 3
614 1
615 2
616 1
617 2
618 1
619 3
620 1
621 3
622 0
623 3
624 0
625 2
626 1
627 2
628 3
629 1
630 1
631 0
632 1
633 1
634 2
635 0
636 2
637 1
638 2
639 1
640 0
641 1
642 1
643 1
644 1
645 1
646 0
647 1
648 2
649 0
650 0
651 1
652 0
653 1
654 1
655 1
656 1
657 1
658 0
659 1
660 0
661 0
662 1
663 0
664 0
665 1
666 1
667 0
668 1
669 0
670 2
671 0
672 1
673 1
674 1
675 2
676 1
677 0
678 1
679 1
680 0
681 1
682 0
683 1
684 1
685 1
686 0
687 0
688 1
689 0
690 1
691 1
692 0
693 1
694 0
695 1
696 2
697 2
698 1
699 1
700 2
701 0
702 0
703 0
704 0
705 0
706 0
707 0
708 0
709 0
710 0
711 0
712 0
713 0
714 1
715 0
716 1
717 3
718 1
719 0
720 2
721 0
722 0
723 0
724 0
725 0
726 1
727 0
728 0
729 0
730 1
731 1
732 0
733 0
734 0
735 1
736 0
737 0
738 0
739 1
740 0
741 0
742 0
743 0
744 0
745 0
746 0
747 1
748 1
749 2
750 1
751 0
752 0
753 2
754 0
755 0
756 0
757 0
758 2
759 0
760 0
761 0
762 0
763 0
764 0
765 0
766 0
767 0
768 0
769 0
770 0
771 1
772 0
773 1
774 0
775 1
776 2
777 1
778 1
779 1
780 2
781 1
782 1
783 1
784 1
785 1
786 1
787 2
788 1
789 1
790 1
791 0
792 1
793 1
794 0
795 2
796 1
797 1
798 1
799 0
800 1
801 1
802 2
803 1
804 1
805 1
806 2
807 1
808 0
809 0
810 2
811 1
812 2
813 0
814 0
815 0
816 1
817 0
818 1
819 1
820 1
821 0
822 1
823 1
824 0
825 0
826 1
827 1
828 1
829 1
830 1
831 1
832 1
833 2
834 2
835 2
836 0
837 0
838 2
839 1
840 2
841 0
842 1
843 0
844 0
845 0
846 0
847 1
848 2
849 0
850 1
851 0
852 1
853 2
854 1
855 1
856 1
857 0
858 0
859 1
860 2
861 1
862 1
863 1
864 1
865 1
866 1
867 0
868 1
869 2
870 1
871 1
872 1
873 1
874 1
875 0
876 1
877 1
878 1
879 1
880 1
881 1
882 1
883 2
884 1
885 0
886 2
887 1
888 2
889 1
890 1
891 2
892 2
893 1
894 2
895 0
896 0
897 0
898 1
899 1
900 0
901 0
902 1
903 1
904 1
905 1
906 1
907 1
908 0
909 1
910 1
911 1
912 0
913 1
914 1
915 1
916 2
917 0
918 1
919 1
920 0
921 0
922 1
923 1
924 0
925 1
926 1
927 1
928 0
929 1
930 1
931 0
932 1
933 0
934 1
935 1
936 1
937 1
938 1
939 0
940 1
941 1
942 1
943 0
944 1
945 0
946 1
947 2
948 2
949 0
950 1
951 0
952 0
953 2
954 2
955 2
956 2
957 1
958 1
959 1
960 1
961 1
962 2
963 1
964 1
965 1
966 1
967 0
968 2
969 2
970 0
971 1
972 0
973 2
974 2
975 1
976 2
977 0
978 1
979 1
980 1
981 1
982 1
983 0
984 1
985 0
986 1
987 0
988 0
989 0
990 1
991 1
992 1
993 0
994 1
995 2
996 0
997 2
998 0
999 2
1000 2
1001 1
1002 2
1003 2
1004 2
1005 2
1006 2
1007 0
1008 1
1009 0
1010 1
1011 0
1012 0
1013 1
1014 2
1015 2
1016 1
1017 2
1018 1
1019 2
1020 2
1021 2
1022 2
1023 0
1024 2
1025 1
1026 1
1027 1
1028 2
1029 1
1030 1
1031 1
1032 2
1033 2
1034 1
1035 2
1036 2
1037 2
1038 1
1039 0
1040 1
1041 1
1042 2
1043 3
1044 2
1045 1
1046 1
1047 0
1048 1
1049 1
1050 2
1051 2
1052 2
1053 1
1054 2
1055 2
1056 1
1057 2
1058 0
1059 1
1060 2
1061 1
1062 1
1063 1
1064 0
1065 2
1066 0
1067 1
1068 2
1069 1
1070 1
1071 1
1072 0
1073 2
1074 1
1075 1
1076 2
1077 2
1078 2
1079 2
1080 1
1081 2
1082 1
1083 1
1084 2
1085 1
1086 1
1087 1
1088 1
1089 1
1090 1
1091 1
1092 1
1093 4
1094 1
1095 1
1096 3
1097 0
1098 2
1099 1
1100 0
1101 0
1102 1
1103 0
1104 2
1105 1
1106 2
1107 1
1108 2
1109 1
1110 2
1111 2
1112 0
1113 2
1114 1
1115 2
1116 2
1117 1
1118 1
1119 1
1120 1
1121 0
1122 1
1123 1
1124 1
1125 2
1126 0
1127 0
1128 1
1129 1
1130 1
1131 2
1132 1
1133 1
1134 1
1135 1
1136 1
1137 2
1138 1
1139 1
1140 1
1141 0
1142 2
1143 1
1144 1
1145 1
1146 0
1147 2
1148 0
1149 3
1150 1
1151 0
1152 1
1153 1
1154 2
1155 1
1156 2
1157 1
1158 2
1159 2
1160 2
1161 2
1162 0
1163 0
1164 2
1165 1
1166 0
1167 2
1168 1
1169 1
1170 2
1171 0
1172 2
1173 0
1174 0
1175 1
1176 2
1177 2
1178 0
1179 0
1180 2
1181 1
1182 0
1183 2
1184 2
1185 0
1186 2
1187 0
1188 1
1189 1
1190 3
1191 2
1192 2
1193 2
1194 0
1195 1
1196 0
1197 0
1198 0
1199 1
1200 1
1201 1
1202 0
1203 1
1204 0
1205 1
1206 0
1207 0
1208 0
1209 1
1210 1
1211 2
1212 0
1213 0
1214 0
1215 1
1216 1
1217 1
1218 1
1219 1
1220 0
1221 1
1222 1
1223 0
1224 2
1225 0
1226 1
1227 1
1228 2
1229 0
1230 1
1231 0
1232 1
1233 1
1234 1
1235 0
1236 0
1237 0
1238 1
1239 1
1240 0
1241 1
1242 1
1243 0
1244 0
1245 1
1246 1
1247 1
1248 0
1249 0
1250 2
1251 1
1252 1
1253 1
1254 0
1255 1
1256 1
1257 1
1258 2
1259 1
1260 0
1261 1
1262 1
1263 0
1264 0
1265 0
1266 1
1267 0
1268 1
1269 0
1270 1
1271 1
1272 0
1273 0
1274 0
1275 1
1276 2
1277 0
1278 0
1279 0
1280 0
1281 0
1282 1
1283 0
1284 0
1285 0
1286 0
1287 0
1288 0
1289 0
1290 0
1291 0
1292 0
1293 0
1294 0
1295 0
1296 0
1297 0
1298 1
1299 0
1300 1
1301 0
1302 1
1303 2
1304 0
1305 1
1306 0
1307 1
1308 0
1309 1
1310 0
1311 0
1312 0
1313 0
1314 1
1315 0
1316 2
1317 0
1318 1
1319 1
1320 0
1321 0
1322 0
1323 1
1324 0
1325 0
1326 1
1327 2
1328 4
1329 2
1330 1
1331 1
1332 1
1333 1
1334 1
1335 1
1336 0
1337 1
1338 0
1339 0
1340 3
1341 1
1342 0
1343 1
1344 1
1345 2
1346 0
1347 1
1348 0
1349 1
1350 1
1351 1
1352 0
1353 1
1354 0
1355 1
1356 0
1357 0
1358 0
1359 1
1360 1
1361 0
1362 1
1363 1
1364 1
1365 1
1366 0
1367 0
1368 0
1369 1
1370 1
1371 0
1372 0
1373 1
1374 0
1375 0
1376 0
1377 2
1378 1
1379 2
1380 1
1381 0
1382 0
1383 0
1384 1
1385 0
1386 0
1387 1
1388 2
1389 2
1390 1
1391 0
1392 2
1393 3
1394 1
1395 1
1396 3
1397 2
1398 1
1399 1
1400 1
1401 0
1402 1
1403 0
1404 0
1405 0
1406 1
1407 0
1408 0
1409 1
1410 1
1411 1
1412 2
1413 1
1414 0
1415 1
1416 1
1417 0
1418 1
1419 1
1420 0
1421 0
1422 1
1423 0
1424 1
1425 1
1426 1
1427 1
1428 1
1429 1
1430 0
1431 0
1432 0
1433 1
1434 1
1435 1
1436 1
1437 2
1438 1
1439 1
1440 1
1441 1
1442 1
1443 0
1444 0
1445 2
1446 1
1447 2
1448 1
1449 0
1450 1
1451 1
1452 2
1453 1
1454 1
1455 0
1456 2
1457 1
1458 1
1459 1
1460 2
1461 1
1462 0
1463 2
1464 0
1465 1
1466 2
1467 1
1468 1
1469 2
1470 1
1471 1
1472 1
1473 1
1474 1
1475 2
1476 0
1477 2
1478 0
1479 0
1480 2
1481 0
1482 0
1483 1
1484 2
1485 2
1486 2
1487 0
1488 1
1489 2
1490 1
1491 1
1492 3
1493 2
1494 1
1495 1
1496 0
1497 0
1498 0
1499 1
1500 1
1501 1
1502 2
1503 2
1504 2
1505 1
1506 1
1507 2
1508 1
1509 0
1510 0
1511 0
1512 3
1513 0
1514 1
1515 1
1516 1
1517 0
1518 2
1519 2
1520 1
1521 1
1522 1
1523 1
1524 1
1525 1
1526 1
1527 1
1528 0
1529 2
1530 1
1531 1
1532 2
1533 2
1534 2
1535 2
1536 1
1537 2
1538 1
1539 2
1540 0
1541 1
1542 2
1543 1
1544 1
1545 1
1546 1
1547 0
1548 1
1549 1
1550 1
1551 1
1552 1
1553 1
1554 0
1555 2
1556 1
1557 1
1558 2
1559 1
1560 2
1561 1
1562 1
1563 2
1564 3
1565 1
1566 1
1567 1
1568 0
1569 1
1570 1
1571 2
1572 2
1573 1
1574 1
1575 0
1576 1
1577 0
1578 1
1579 2
1580 0
1581 2
1582 1
1583 1
1584 1
1585 2
1586 1
1587 1
1588 2
1589 0
1590 1
1591 1
1592 2
1593 1
1594 0
1595 1
1596 1
1597 1
1598 1
1599 1
1600 0
1601 1
1602 1
1603 2
1604 1
1605 0
1606 1
1607 1
1608 0
1609 1
1610 1
1611 0
1612 1
1613 1
1614 1
1615 2
1616 1
1617 1
1618 2
1619 1
1620 1
1621 2
1622 1
1623 0
1624 1
1625 1
1626 2
1627 2
1628 1
1629 1
1630 1
1631 1
1632 2
1633 1
1634 1
1635 2
1636 2
1637 2
1638 1
1639 1
1640 1
1641 1
1642 2
1643 1
1644 1
1645 1
1646 2
1647 2
1648 2
1649 1
1650 1
1651 1
1652 1
1653 2
1654 0
1655 1
1656 0
1657 1
1658 0
1659 2
1660 2
1661 0
1662 2
1663 1
1664 3
1665 0
1666 1
1667 1
1668 0
1669 1
1670 1
1671 2
1672 1
1673 0
1674 2
1675 1
1676 2
1677 2
1678 0
1679 1
1680 1
1681 1
1682 1
1683 1
1684 2
1685 1
1686 2
1687 2
1688 1
1689 1
1690 1
1691 2
1692 1
1693 1
1694 1
1695 1
1696 0
1697 2
1698 1
1699 1
1700 1
1701 1
1702 2
1703 1
1704 0
1705 1
1706 1
1707 0
1708 1
1709 1
1710 0
1711 1
1712 1
1713 1
1714 2
1715 2
1716 0
1717 0
1718 1
1719 1
1720 2
1721 1
1722 1
1723 1
1724 1
1725 1
1726 2
1727 2
1728 1
1729 1
1730 2
1731 1
1732 1
1733 2
1734 2
1735 1
1736 0
1737 0
1738 1
1739 1
1740 1
1741 1
1742 1
1743 0
1744 1
1745 1
1746 2
1747 1
1748 1
1749 1
1750 1
1751 1
1752 1
1753 0
1754 2
1755 1
1756 1
1757 1
1758 1
1759 0
1760 0
1761 1
1762 1
1763 1
1764 2
1765 2
1766 1
1767 1
1768 1
1769 0
1770 1
1771 1
1772 0
1773 0
1774 0
1775 1
1776 1
1777 1
1778 1
1779 1
1780 1
1781 1
1782 0
1783 1
1784 2
1785 1
1786 1
1787 1
1788 1
1789 0
1790 1
1791 0
1792 2
1793 2
1794 0
1795 1
1796 1
1797 1
1798 2
1799 1
1800 1
1801 3
1802 1
1803 2
1804 1
1805 1
1806 0
1807 0
1808 1
1809 1
1810 0
1811 1
1812 1
1813 1
1814 1
1815 1
1816 0
1817 1
1818 2
1819 1
1820 1
1821 0
1822 0
1823 0
1824 0
1825 0
1826 0
1827 0
1828 0
1829 0
1830 0
1831 0
1832 0
1833 0
1834 0
1835 0
1836 0
1837 0
1838 0
1839 0
1840 1
1841 1
1842 0
1843 1
1844 0
1845 1
1846 1
1847 1
1848 1
1849 1
1850 1
1851 1
1852 1
1853 1
1854 1
1855 1
1856 1
1857 1
1858 1
1859 1
1860 1
1861 1
1862 1
1863 1
1864 1
1865 1
1866 1
1867 1
1868 1
1869 1
1870 1
1871 1
1872 0
1873 1
1874 0
1875 1
1876 0
1877 1
1878 1
1879 0
1880 1
1881 0
1882 0
1883 1
1884 1
1885 1
1886 1
1887 0
1888 0
1889 1
1890 1
1891 0
1892 1
1893 1
1894 1
1895 0
1896 1
1897 3
1898 0
1899 1
1900 1
1901 1
1902 1
1903 1
1904 1
1905 0
1906 1
1907 1
1908 3
1909 2
1910 2
1911 2
1912 1
1913 0
1914 0
1915 1
1916 0
1917 1
1918 0
1919 3
1920 0
1921 2
1922 2
1923 1
1924 1
1925 0
1926 1
1927 0
1928 0
1929 2
1930 1
1931 1
1932 1
1933 0
1934 1
1935 1
1936 1
1937 0
1938 0
1939 0
1940 0
1941 1
1942 1
1943 0
1944 0
1945 0
1946 2
1947 2
1948 1
1949 1
1950 2
1951 0
1952 0
1953 1
1954 1
1955 0
1956 0
1957 0
1958 2
1959 0
1960 1
1961 0
1962 0
1963 0
1964 0
1965 0
1966 0
1967 0
1968 0
1969 0
1970 2
1971 0
1972 0
1973 0
1974 0
1975 0
1976 1
1977 1
1978 0
1979 0
1980 0
1981 0
1982 2
1983 1
1984 1
1985 2
1986 1
1987 0
1988 2
1989 1
1990 1
1991 1
1992 0
1993 1
1994 2
1995 0
1996 1
1997 2
1998 1
1999 0
