0 0
1 0
2 0
3 0
4 0
5 0
6 0
7 0
8 0
9 0
10 0
11 0
12 0
13 0
14 0
15 0
16 0
17 0
18 0
19 0
20 0
21 0
22 0
23 0
24 0
25 0
26 0
27 0
28 0
29 0
30 0
31 0
32 0
33 0
34 0
35 0
36 0
37 0
38 0
39 0
40 0
41 0
42 0
43 0
44 0
45 0
46 0
47 0
48 0
49 0
50 0
51 0
52 0
53 0
54 0
55 0
56 0
57 0
58 0
59 0
60 0
61 0
62 0
63 0
64 0
65 0
66 0
67 0
68 0
69 0
70 0
71 0
72 0
73 0
74 0
75 0
76 0
77 0
78 0
79 0
80 0
81 0
82 0
83 0
84 0
85 0
86 0
87 0
88 0
89 0
90 0
91 0
92 0
93 0
94 1
95 0
96 0
97 0
98 1
99 0
100 0
101 1
102 0
103 0
104 0
105 0
106 0
107 0
108 0
109 0
110 0
111 0
112 0
113 0
114 0
115 0
116 0
117 0
118 0
119 0
120 0
121 0
122 0
123 0
124 1
125 1
126 2
127 2
128 2
129 1
130 1
131 1
132 2
133 1
134 1
135 1
136 1
137 2
138 1
139 2
140 2
141 2
142 2
143 1
144 1
145 1
146 1
147 1
148 2
149 1
150 1
151 1
152 2
153 2
154 0
155 1
156 1
157 2
158 1
159 1
160 1
161 0
162 0
163 1
164 0
165 0
166 1
167 0
168 1
169 2
170 2
171 1
172 0
173 0
174 0
175 0
176 0
177 0
178 0
179 0
180 0
181 0
182 0
183 0
184 0
185 1
186 2
187 2
188 0
189 1
190 2
191 1
192 1
193 1
194 0
195 1
196 0
197 0
198 1
199 2
200 1
201 2
202 2
203 3
204 2
205 1
206 2
207 0
208 0
209 1
210 0
211 0
212 0
213 0
214 1
215 0
216 2
217 2
218 1
219 2
220 1
221 1
222 1
223 0
224 2
225 2
226 2
227 2
228 2
229 1
230 2
231 3
232 2
233 2
234 2
235 2
236 2
237 2
238 2
239 2
240 0
241 0
242 1
243 0
244 1
245 2
246 1
247 2
248 2
249 2
250 2
251 3
252 2
253 2
254 1
255 2
256 2
257 2
258 2
259 2
260 0
261 0
262 2
263 1
264 1
265 2
266 2
267 2
268 1
269 2
270 0
271 1
272 1
273 1
274 0
275 0
276 0
277 0
278 0
279 0
280 2
281 1
282 2
283 3
284 2
285 0
286 3
287 2
288 1
289 1
290 0
291 0
292 0
293 0
294 0
295 0
296 0
297 0
298 0
299 0
300 0
301 0
302 0
303 0
304 0
305 0
306 0
307 0
308 2
309 1
310 3
311 1
312 1
313 2
314 2
315 2
316 2
317 2
318 2
319 1
320 1
321 1
322 1
323 2
324 1
325 1
326 0
327 3
328 2
329 2
330 2
331 2
332 1
333 2
334 2
335 1
336 2
337 2
338 2
339 2
340 1
341 0
342 2
343 0
344 0
345 0
346 0
347 0
348 0
349 0
350 1
351 0
352 0
353 0
354 0
355 0
356 0
357 0
358 0
359 0
360 0
361 0
362 0
363 0
364 0
365 0
366 0
367 0
368 0
369 0
370 0
371 0
372 0
373 0
374 0
375 0
376 0
377 0
378 0
379 0
380 0
381 0
382 0
383 0
384 0
385 0
386 0
387 0
388 0
389 0
390 0
391 1
392 0
393 0
394 0
395 0
396 1
397 1
398 1
399 0
400 1
401 1
402 1
403 0
404 0
405 0
406 0
407 0
408 0
409 0
410 1
411 1
412 1
413 1
414 1
415 1
416 1
417 0
418 1
419 2
420 2
421 2
422 1
423 1
424 0
425 2
426 0
427 3
428 1
429 0
430 2
431 0
432 0
433 0
434 1
435 2
436 1
437 3
438 1
439 1
440 1
441 1
442 2
443 2
444 1
445 2
446 1
447 2
448 1
449 2
450 0
451 2
452 2
453 2
454 2
455 1
456 2
457 1
458 0
459 1
460 1
461 1
462 1
463 0
464 0
465 2
466 1
467 0
468 0
469 1
470 1
471 1
472 3
473 1
474 0
475 0
476 1
477 0
478 1
479 1
480 0
481 1
482 1
483 1
484 1
485 1
486 1
487 1
488 1
489 1
490 1
491 0
492 2
493 1
494 1
495 1
496 1
497 2
498 1
499 2
500 1
501 0
502 1
503 2
504 2
505 1
506 1
507 1
508 1
509 1
510 1
511 1
512 1
513 1
514 2
515 1
516 1
517 1
518 1
519 1
520 2
521 0
522 1
523 1
524 1
525 1
526 1
527 0
528 1
529 1
530 2
531 1
532 1
533 1
534 0
535 1
536 1
537 0
538 1
539 2
540 1
541 0
542 1
543 1
544 0
545 1
546 1
547 1
548 0
549 1
550 2
551 1
552 1
553 1
554 1
555 1
556 1
557 1
558 2
559 1
560 1
561 1
562 1
563 1
564 0
565 0
566 1
567 1
568 2
569 1
570 0
571 0
572 1
573 1
574 2
575 1
576 2
577 0
578 2
579 0
580 1
581 1
582 1
583 1
584 1
585 2
586 1
587 0
588 1
589 2
590 2
591 2
592 0
593 0
594 0
595 2
596 1
597 0
598 1
599 1
600 2
601 2
602 0
603 2
604 1
605 0
606 1
607 0
608 1
609 1
610 1
611 1
612 1
613 0
614 1
615 1
616 1
617 2
618 0
619 2
620 2
621 1
622 2
623 1
624 2
625 2
626 0
627 2
628 2
629 1
630 2
631 2
632 1
633 2
634 1
635 2
636 1
637 1
638 2
639 2
640 0
641 1
642 2
643 1
644 1
645 1
646 2
647 2
648 1
649 1
650 0
651 1
652 1
653 0
654 1
655 1
656 2
657 1
658 1
659 0
660 1
661 1
662 1
663 1
664 1
665 2
666 1
667 1
668 1
669 1
670 1
671 1
672 2
673 1
674 0
675 1
676 1
677 2
678 1
679 0
680 1
681 1
682 1
683 0
684 1
685 1
686 1
687 1
688 2
689 1
690 1
691 1
692 1
693 0
694 1
695 2
696 2
697 1
698 2
699 1
700 1
701 2
702 1
703 1
704 1
705 1
706 1
707 1
708 1
709 1
710 2
711 2
712 1
713 1
714 2
715 1
716 1
717 1
718 2
719 1
720 1
721 1
722 3
723 1
724 1
725 2
726 1
727 1
728 2
729 1
730 2
731 1
732 1
733 1
734 1
735 0
736 1
737 1
738 1
739 2
740 1
741 2
742 0
743 1
744 0
745 2
746 1
747 0
748 1
749 0
750 0
751 2
752 0
753 0
754 2
755 1
756 2
757 0
758 1
759 1
760 1
761 1
762 1
763 2
764 1
765 1
766 1
767 0
768 0
769 1
770 0
771 1
772 0
773 0
774 0
775 0
776 0
777 0
778 0
779 0
780 0
781 0
782 0
783 0
784 0
785 0
786 0
787 0
788 0
789 0
790 0
791 0
792 0
793 0
794 0
795 0
796 0
797 1
798 1
799 1
800 1
801 0
802 2
803 2
804 1
805 1
806 2
807 1
808 0
809 1
810 1
811 1
812 1
813 2
814 1
815 1
816 1
817 1
818 0
819 1
820 0
821 1
822 1
823 1
824 2
825 1
826 1
827 0
828 1
829 0
830 0
831 0
832 0
833 1
834 1
835 1
836 1
837 1
838 0
839 0
840 0
841 2
842 0
843 0
844 1
845 1
846 0
847 0
848 0
849 0
850 0
851 0
852 0
853 0
854 0
855 0
856 0
857 0
858 0
859 0
860 0
861 0
862 0
863 0
864 0
865 0
866 0
867 1
868 1
869 1
870 1
871 0
872 1
873 1
874 1
875 1
876 1
877 1
878 0
879 1
880 1
881 1
882 0
883 1
884 1
885 2
886 1
887 2
888 0
889 1
890 0
891 1
892 1
893 1
894 1
895 1
896 2
897 1
898 1
899 1
900 0
901 1
902 1
903 1
904 1
905 1
906 1
907 1
908 1
909 1
910 0
911 1
912 1
913 1
914 1
915 1
916 1
917 1
918 1
919 1
920 1
921 1
922 1
923 1
924 0
925 0
926 1
927 1
928 0
929 2
930 1
931 1
932 2
933 2
934 1
935 1
936 1
937 1
938 0
939 2
940 1
941 1
942 0
943 0
944 1
945 1
946 1
947 1
948 1
949 0
950 1
951 2
952 1
953 2
954 0
955 1
956 1
957 1
958 0
959 1
960 1
961 1
962 1
963 1
964 1
965 1
966 1
967 0
968 0
969 1
970 1
971 2
972 1
973 1
974 2
975 1
976 1
977 1
978 1
979 1
980 2
981 1
982 2
983 0
984 1
985 1
986 1
987 1
988 1
989 2
990 1
991 0
992 1
993 1
994 1
995 1
996 2
997 1
998 2
999 1
1000 0
1001 1
1002 2
1003 0
1004 1
1005 0
1006 2
1007 1
1008 2
1009 1
1010 1
1011 1
1012 1
1013 1
1014 1
1015 1
1016 1
1017 1
1018 1
1019 1
1020 1
1021 1
1022 1
1023 1
1024 1
1025 0
1026 1
1027 1
1028 1
1029 1
1030 1
1031 1
1032 1
1033 1
1034 1
1035 1
1036 1
1037 2
1038 1
1039 1
1040 1
1041 1
1042 1
1043 1
1044 0
1045 1
1046 1
1047 1
1048 1
1049 2
1050 1
1051 1
1052 1
1053 1
1054 1
1055 0
1056 1
1057 1
1058 1
1059 0
1060 2
1061 0
1062 2
1063 0
1064 0
1065 1
1066 2
1067 1
1068 2
1069 1
1070 1
1071 0
1072 0
1073 1
1074 0
1075 0
1076 0
1077 0
1078 0
1079 0
1080 1
1081 0
1082 0
1083 0
1084 0
1085 0
1086 0
1087 0
1088 0
1089 0
1090 0
1091 0
1092 0
1093 1
1094 2
1095 1
1096 0
1097 1
1098 0
1099 0
1100 0
1101 0
1102 0
1103 0
1104 1
1105 1
1106 1
1107 2
1108 2
1109 1
1110 1
1111 1
1112 0
1113 0
1114 0
1115 2
1116 1
1117 2
1118 1
1119 1
1120 0
1121 1
1122 1
1123 1
1124 1
1125 1
1126 1
1127 1
1128 2
1129 0
1130 1
1131 0
1132 0
1133 0
1134 0
1135 0
1136 0
1137 0
1138 1
1139 0
1140 1
1141 2
1142 1
1143 1
1144 2
1145 1
1146 0
1147 1
1148 1
1149 2
1150 1
1151 2
1152 1
1153 0
1154 2
1155 0
1156 1
1157 2
1158 2
1159 1
1160 1
1161 1
1162 1
1163 1
1164 1
1165 2
1166 2
1167 2
1168 1
1169 0
1170 2
1171 2
1172 1
1173 0
1174 1
1175 1
1176 2
1177 1
1178 2
1179 0
1180 1
1181 1
1182 1
1183 1
1184 0
1185 1
1186 1
1187 1
1188 0
1189 0
1190 0
1191 1
1192 2
1193 1
1194 0
1195 1
1196 1
1197 0
1198 1
1199 1
1200 1
1201 1
1202 0
1203 2
1204 1
1205 0
1206 0
1207 0
1208 0
1209 0
1210 1
1211 1
1212 1
1213 1
1214 2
1215 1
1216 0
1217 0
1218 0
1219 0
1220 0
1221 0
1222 0
1223 0
1224 0
1225 0
1226 0
1227 0
1228 0
1229 0
1230 0
1231 0
1232 0
1233 0
1234 0
1235 0
1236 0
1237 0
1238 0
1239 0
1240 0
1241 0
1242 0
1243 0
1244 0
1245 0
1246 0
1247 0
1248 0
1249 0
1250 0
1251 0
1252 0
1253 0
1254 0
1255 0
1256 1
1257 2
1258 2
1259 0
1260 0
1261 0
1262 0
1263 1
1264 2
1265 1
1266 1
1267 2
1268 3
1269 2
1270 0
1271 0
1272 0
1273 0
1274 2
1275 1
1276 0
1277 0
1278 1
1279 0
1280 0
1281 0
1282 0
1283 0
1284 0
1285 0
1286 0
1287 0
1288 0
1289 0
1290 0
1291 0
1292 0
1293 0
1294 0
1295 0
1296 1
1297 0
1298 0
1299 0
1300 0
1301 0
1302 0
1303 0
1304 0
1305 0
1306 0
1307 1
1308 1
1309 0
1310 1
1311 1
1312 2
1313 1
1314 0
1315 1
1316 1
1317 1
1318 1
1319 2
1320 1
1321 0
1322 1
1323 0
1324 0
1325 0
1326 0
1327 0
1328 0
1329 0
1330 0
1331 0
1332 0
1333 0
1334 0
1335 1
1336 0
1337 2
1338 0
1339 0
1340 0
1341 2
1342 1
1343 1
1344 1
1345 0
1346 0
1347 1
1348 1
1349 1
1350 2
1351 0
1352 1
1353 1
1354 1
1355 1
1356 1
1357 1
1358 1
1359 1
1360 0
1361 1
1362 1
1363 1
1364 1
1365 1
1366 0
1367 0
1368 1
1369 1
1370 1
1371 0
1372 1
1373 0
1374 1
1375 1
1376 1
1377 1
1378 1
1379 1
1380 1
1381 1
1382 1
1383 1
1384 1
1385 1
1386 1
1387 2
1388 1
1389 2
1390 2
1391 1
1392 0
1393 0
1394 2
1395 1
1396 2
1397 1
1398 2
1399 1
1400 1
1401 2
1402 1
1403 1
1404 2
1405 1
1406 1
1407 1
1408 1
1409 1
1410 1
1411 2
1412 2
1413 0
1414 0
1415 1
1416 1
1417 1
1418 0
1419 1
1420 2
1421 1
1422 1
1423 0
1424 2
1425 1
1426 2
1427 1
1428 1
1429 1
1430 1
1431 1
1432 1
1433 1
1434 1
1435 0
1436 1
1437 1
1438 0
1439 1
1440 1
1441 1
1442 1
1443 2
1444 0
1445 1
1446 0
1447 0
1448 0
1449 0
1450 0
1451 1
1452 0
1453 0
1454 0
1455 0
1456 0
1457 0
1458 0
1459 0
1460 0
1461 0
1462 0
1463 0
1464 0
1465 0
1466 0
1467 0
1468 0
1469 0
1470 0
1471 0
1472 0
1473 0
1474 0
1475 0
1476 0
1477 0
1478 0
1479 0
1480 0
1481 0
1482 0
1483 0
1484 0
1485 0
1486 0
1487 0
1488 0
1489 0
1490 0
1491 0
1492 0
1493 0
1494 0
1495 0
1496 0
1497 0
1498 0
1499 0
1500 0
1501 0
1502 0
1503 0
1504 0
1505 0
1506 0
1507 0
1508 0
1509 0
1510 0
1511 0
1512 0
1513 0
1514 0
1515 0
1516 0
1517 0
1518 0
1519 0
1520 0
1521 0
1522 0
1523 0
1524 0
1525 0
1526 0
1527 0
1528 0
1529 0
1530 0
1531 0
1532 0
1533 0
1534 0
1535 0
1536 0
1537 0
1538 0
1539 0
1540 0
1541 0
1542 0
1543 0
1544 1
1545 0
1546 0
1547 0
1548 0
1549 0
1550 0
1551 0
1552 0
1553 0
1554 0
1555 0
1556 0
1557 0
1558 0
1559 0
1560 0
1561 0
1562 0
1563 0
1564 0
1565 0
1566 0
1567 0
1568 0
1569 0
1570 0
1571 0
1572 0
1573 0
1574 0
1575 0
1576 0
1577 0
1578 0
1579 0
1580 0
1581 0
1582 0
1583 0
1584 0
1585 0
1586 0
1587 0
1588 0
1589 0
1590 0
1591 0
1592 0
1593 0
1594 0
1595 0
1596 0
1597 0
1598 0
1599 0
1600 0
1601 0
1602 0
1603 0
1604 0
1605 0
1606 0
1607 0
1608 0
1609 0
1610 0
1611 0
1612 0
1613 0
1614 0
1615 0
1616 0
1617 0
1618 0
1619 0
1620 0
1621 0
1622 0
1623 0
1624 0
1625 0
1626 0
1627 0
1628 0
1629 0
1630 0
1631 0
1632 0
1633 0
1634 0
1635 0
1636 0
1637 0
1638 0
1639 0
1640 0
1641 0
1642 0
1643 0
1644 0
1645 0
1646 0
1647 0
1648 0
1649 0
1650 0
1651 0
1652 0
1653 0
1654 0
1655 0
1656 0
1657 0
1658 0
1659 0
1660 0
1661 0
1662 0
1663 0
1664 0
1665 0
1666 0
1667 0
1668 0
1669 0
1670 0
1671 0
1672 0
1673 0
1674 0
1675 0
1676 0
1677 0
1678 0
1679 0
1680 0
1681 0
1682 0
1683 0
1684 0
1685 0
1686 0
1687 0
1688 0
1689 0
1690 0
1691 0
1692 0
1693 0
1694 0
1695 0
1696 0
1697 0
1698 0
1699 0
1700 0
1701 0
1702 0
1703 0
1704 0
1705 0
1706 0
1707 0
1708 0
1709 0
1710 0
1711 0
1712 0
1713 0
1714 0
1715 0
1716 0
1717 0
1718 0
1719 0
1720 0
1721 0
1722 0
1723 0
1724 0
1725 0
1726 0
1727 0
1728 0
1729 0
1730 0
1731 0
1732 0
1733 0
1734 0
1735 0
1736 0
1737 0
1738 0
1739 0
1740 0
1741 0
1742 0
1743 0
1744 0
1745 0
1746 0
1747 0
1748 0
1749 0
1750 0
1751 0
1752 0
1753 0
1754 0
1755 0
1756 0
1757 0
1758 0
1759 0
1760 0
1761 0
1762 0
1763 0
1764 0
1765 0
1766 0
1767 0
1768 0
1769 0
1770 0
1771 0
1772 0
1773 0
1774 0
1775 0
1776 0
1777 0
1778 0
1779 0
1780 0
1781 0
1782 0
1783 0
1784 0
1785 0
1786 0
1787 0
1788 0
1789 0
1790 0
1791 0
1792 0
1793 0
1794 0
1795 0
1796 0
1797 0
1798 0
1799 0
1800 0
1801 0
1802 0
1803 0
1804 0
1805 0
1806 0
1807 0
1808 0
1809 0
1810 0
1811 0
1812 0
1813 0
1814 0
1815 0
1816 0
1817 0
1818 0
1819 0
1820 0
1821 0
1822 0
1823 0
1824 0
1825 0
1826 0
1827 0
1828 0
1829 0
1830 0
1831 0
1832 0
1833 0
1834 0
1835 0
1836 0
1837 0
1838 0
1839 0
1840 0
1841 0
1842 0
1843 0
1844 0
1845 0
1846 0
1847 0
1848 0
1849 0
1850 0
1851 0
1852 0
1853 0
1854 0
1855 0
1856 0
1857 0
1858 0
1859 0
1860 0
1861 0
1862 0
1863 0
1864 0
1865 0
1866 0
1867 0
1868 0
1869 0
1870 0
1871 0
1872 0
1873 0
1874 0
1875 0
1876 0
1877 0
1878 0
1879 0
1880 0
1881 0
1882 0
1883 0
1884 0
1885 0
1886 0
1887 0
1888 0
1889 0
1890 0
1891 0
1892 0
1893 0
1894 0
1895 0
1896 0
1897 0
1898 0
1899 0
1900 0
1901 0
1902 0
1903 0
1904 0
1905 0
1906 0
1907 0
1908 0
1909 0
1910 0
1911 0
1912 0
1913 0
1914 0
1915 0
1916 0
1917 0
1918 0
1919 0
1920 0
1921 0
1922 0
1923 0
1924 0
1925 0
1926 0
1927 0
1928 0
1929 0
1930 0
1931 0
1932 0
1933 0
1934 0
1935 0
1936 0
1937 0
1938 0
1939 0
1940 0
1941 0
1942 0
1943 0
1944 0
1945 0
1946 0
1947 0
1948 0
1949 0
1950 0
1951 0
1952 0
1953 0
1954 0
1955 0
1956 0
1957 0
1958 0
1959 0
1960 0
1961 0
1962 0
1963 0
1964 0
1965 0
1966 0
1967 0
1968 0
1969 0
1970 0
1971 0
1972 0
1973 0
1974 0
1975 0
1976 0
1977 0
1978 0
1979 0
1980 0
1981 0
1982 0
1983 0
1984 0
1985 0
1986 0
1987 0
1988 0
1989 0
1990 0
1991 0
1992 0
1993 0
1994 0
1995 0
1996 0
1997 0
1998 0
1999 0
