0 1
1 2
2 2
3 1
4 0
5 2
6 2
7 1
8 1
9 1
10 1
11 2
12 1
13 2
14 1
15 1
16 1
17 2
18 1
19 2
20 2
21 1
22 2
23 2
24 1
25 1
26 1
27 2
28 2
29 2
30 2
31 1
32 1
33 3
34 2
35 1
36 1
37 2
38 1
39 1
40 1
41 0
42 3
43 2
44 2
45 2
46 2
47 1
48 1
49 3
50 1
51 0
52 1
53 1
54 0
55 1
56 2
57 2
58 1
59 1
60 0
61 1
62 1
63 0
64 1
65 1
66 1
67 1
68 2
69 0
70 1
71 1
72 1
73 0
74 1
75 1
76 1
77 1
78 0
79 2
80 1
81 3
82 2
83 2
84 1
85 0
86 1
87 1
88 1
89 2
90 1
91 1
92 1
93 1
94 1
95 3
96 2
97 1
98 1
99 1
100 2
101 1
102 1
103 1
104 1
105 2
106 2
107 1
108 2
109 1
110 1
111 2
112 2
113 2
114 2
115 1
116 1
117 1
118 1
119 0
120 1
121 1
122 2
123 1
124 1
125 1
126 1
127 2
128 1
129 2
130 2
131 2
132 3
133 1
134 1
135 2
136 1
137 2
138 1
139 2
140 2
141 2
142 0
143 1
144 1
145 1
146 1
147 1
148 2
149 1
150 2
151 2
152 2
153 1
154 1
155 1
156 1
157 1
158 1
159 3
160 1
161 1
162 1
163 0
164 1
165 1
166 3
167 2
168 1
169 1
170 1
171 0
172 2
173 2
174 2
175 2
176 2
177 3
178 2
179 1
180 0
181 1
182 1
183 3
184 1
185 2
186 3
187 0
188 1
189 1
190 1
191 2
192 2
193 0
194 0
195 1
196 1
197 1
198 0
199 2
200 1
201 2
202 1
203 2
204 1
205 2
206 1
207 2
208 1
209 2
210 2
211 1
212 1
213 1
214 1
215 2
216 1
217 2
218 2
219 0
220 2
221 1
222 1
223 1
224 1
225 1
226 1
227 1
228 1
229 1
230 3
231 1
232 1
233 2
234 2
235 1
236 0
237 1
238 0
239 1
240 0
241 1
242 2
243 1
244 1
245 1
246 1
247 1
248 1
249 2
250 2
251 0
252 0
253 2
254 2
255 1
256 1
257 1
258 2
259 1
260 2
261 0
262 2
263 1
264 2
265 1
266 1
267 1
268 0
269 1
270 1
271 2
272 1
273 1
274 2
275 1
276 2
277 2
278 1
279 1
280 2
281 1
282 1
283 2
284 2
285 3
286 3
287 2
288 2
289 1
290 1
291 2
292 2
293 1
294 1
295 1
296 4
297 2
298 1
299 1
300 2
301 2
302 1
303 1
304 0
305 1
306 1
307 1
308 1
309 3
310 1
311 2
312 1
313 1
314 2
315 3
316 1
317 1
318 3
319 2
320 1
321 3
322 1
323 2
324 2
325 3
326 1
327 2
328 2
329 1
330 2
331 2
332 2
333 1
334 1
335 1
336 1
337 1
338 1
339 2
340 1
341 2
342 2
343 1
344 2
345 2
346 2
347 2
348 1
349 0
350 0
351 1
352 2
353 2
354 3
355 2
356 1
357 1
358 1
359 3
360 1
361 1
362 1
363 2
364 1
365 2
366 1
367 1
368 1
369 2
370 1
371 2
372 1
373 1
374 2
375 1
376 2
377 2
378 1
379 2
380 2
381 1
382 3
383 1
384 1
385 2
386 1
387 1
388 1
389 1
390 1
391 1
392 1
393 2
394 1
395 1
396 2
397 2
398 2
399 1
400 1
401 1
402 2
403 2
404 2
405 2
406 2
407 2
408 1
409 0
410 1
411 1
412 3
413 2
414 1
415 0
416 1
417 1
418 1
419 0
420 3
421 2
422 1
423 1
424 1
425 1
426 2
427 1
428 0
429 1
430 1
431 2
432 2
433 2
434 1
435 2
436 2
437 2
438 1
439 0
440 2
441 1
442 1
443 2
444 2
445 1
446 2
447 1
448 1
449 1
450 1
451 0
452 1
453 2
454 2
455 1
456 1
457 1
458 3
459 1
460 1
461 1
462 0
463 0
464 1
465 0
466 2
467 2
468 2
469 1
470 3
471 1
472 1
473 1
474 1
475 1
476 2
477 1
478 1
479 1
480 1
481 1
482 1
483 2
484 3
485 1
486 2
487 1
488 2
489 0
490 2
491 2
492 1
493 1
494 1
495 1
496 1
497 2
498 1
499 1
500 2
501 1
502 2
503 1
504 1
505 3
506 2
507 2
508 1
509 1
510 2
511 0
512 1
513 1
514 0
515 2
516 2
517 1
518 2
519 1
520 2
521 2
522 1
523 1
524 1
525 2
526 1
527 2
528 2
529 2
530 2
531 1
532 1
533 0
534 2
535 1
536 1
537 2
538 1
539 1
540 1
541 2
542 1
543 2
544 0
545 1
546 2
547 1
548 0
549 1
550 1
551 0
552 1
553 1
554 2
555 1
556 1
557 0
558 1
559 1
560 2
561 2
562 1
563 0
564 1
565 1
566 2
567 1
568 1
569 2
570 3
571 1
572 1
573 0
574 1
575 3
576 1
577 1
578 2
579 1
580 1
581 1
582 1
583 0
584 1
585 0
586 2
587 2
588 1
589 0
590 0
591 2
592 1
593 1
594 1
595 1
596 1
597 0
598 2
599 1
600 1
601 1
602 3
603 2
604 1
605 1
606 1
607 2
608 3
609 2
610 2
611 1
612 1
613 2
614 1
615 1
616 0
617 1
618 2
619 1
620 0
621 2
622 1
623 1
624 1
625 1
626 1
627 0
628 1
629 0
630 1
631 1
632 1
633 2
634 0
635 0
636 1
637 1
638 1
639 2
640 1
641 1
642 1
643 2
644 2
645 1
646 0
647 1
648 1
649 2
650 2
651 2
652 1
653 1
654 1
655 1
656 1
657 1
658 1
659 1
660 1
661 1
662 1
663 1
664 2
665 1
666 1
667 1
668 2
669 1
670 2
671 1
672 2
673 2
674 0
675 1
676 2
677 2
678 1
679 1
680 1
681 3
682 3
683 1
684 1
685 1
686 0
687 2
688 1
689 2
690 1
691 0
692 0
693 1
694 1
695 1
696 2
697 0
698 2
699 1
700 0
701 2
702 1
703 0
704 2
705 1
706 0
707 2
708 1
709 1
710 1
711 0
712 0
713 0
714 1
715 1
716 0
717 1
718 1
719 1
720 2
721 1
722 0
723 1
724 1
725 1
726 2
727 1
728 1
729 1
730 2
731 1
732 1
733 1
734 0
735 1
736 1
737 0
738 1
739 1
740 0
741 1
742 1
743 1
744 1
745 1
746 1
747 1
748 1
749 2
750 1
751 1
752 2
753 1
754 1
755 1
756 1
757 2
758 1
759 1
760 2
761 1
762 1
763 1
764 1
765 1
766 1
767 1
768 2
769 1
770 1
771 2
772 2
773 1
774 1
775 2
776 2
777 2
778 2
779 1
780 2
781 1
782 2
783 1
784 1
785 1
786 1
787 1
788 1
789 1
790 1
791 1
792 2
793 1
794 1
795 2
796 1
797 1
798 2
799 1
800 1
801 2
802 1
803 1
804 0
805 1
806 1
807 1
808 1
809 3
810 2
811 1
812 1
813 2
814 1
815 1
816 0
817 1
818 1
819 2
820 1
821 2
822 2
823 1
824 1
825 1
826 0
827 2
828 2
829 2
830 1
831 2
832 0
833 1
834 2
835 1
836 1
837 2
838 1
839 2
840 2
841 1
842 2
843 1
844 2
845 1
846 2
847 3
848 0
849 3
850 2
851 2
852 2
853 1
854 1
855 1
856 1
857 1
858 0
859 0
860 0
861 0
862 0
863 2
864 1
865 0
866 0
867 0
868 0
869 0
870 0
871 1
872 0
873 2
874 1
875 1
876 2
877 1
878 2
879 0
880 1
881 3
882 1
883 2
884 2
885 1
886 1
887 1
888 1
889 1
890 1
891 0
892 2
893 0
894 0
895 2
896 1
897 1
898 1
899 1
900 1
901 0
902 1
903 1
904 0
905 0
906 0
907 0
908 1
909 1
910 1
911 0
912 1
913 1
914 1
915 1
916 1
917 1
918 1
919 1
920 3
921 1
922 1
923 1
924 1
925 0
926 1
927 1
928 1
929 0
930 1
931 1
932 2
933 2
934 2
935 2
936 1
937 1
938 2
939 1
940 0
941 1
942 2
943 1
944 2
945 1
946 1
947 1
948 2
949 0
950 1
951 0
952 0
953 0
954 2
955 1
956 0
957 1
958 2
959 1
960 1
961 0
962 1
963 0
964 1
965 2
966 2
967 2
968 2
969 1
970 1
971 1
972 2
973 2
974 2
975 1
976 1
977 2
978 1
979 2
980 0
981 1
982 1
983 1
984 0
985 0
986 0
987 1
988 0
989 1
990 2
991 2
992 1
993 2
994 1
995 0
996 2
997 1
998 2
999 2
1000 2
1001 1
1002 1
1003 2
1004 1
1005 2
1006 1
1007 2
1008 1
1009 2
1010 1
1011 1
1012 0
1013 0
1014 3
1015 1
1016 0
1017 2
1018 1
1019 1
1020 3
1021 1
1022 2
1023 1
1024 0
1025 1
1026 1
1027 2
1028 1
1029 1
1030 0
1031 2
1032 0
1033 2
1034 1
1035 3
1036 3
1037 1
1038 3
1039 2
1040 2
1041 0
1042 2
1043 1
1044 2
1045 2
1046 2
1047 1
1048 1
1049 2
1050 1
1051 0
1052 1
1053 1
1054 1
1055 1
1056 2
1057 1
1058 1
1059 1
1060 1
1061 0
1062 0
1063 1
1064 1
1065 0
1066 2
1067 2
1068 1
1069 1
1070 2
1071 1
1072 1
1073 1
1074 1
1075 0
1076 0
1077 1
1078 1
1079 1
1080 1
1081 1
1082 1
1083 1
1084 1
1085 1
1086 1
1087 1
1088 0
1089 1
1090 1
1091 2
1092 1
1093 1
1094 0
1095 0
1096 0
1097 1
1098 1
1099 1
1100 2
1101 1
1102 1
1103 1
1104 1
1105 1
1106 1
1107 2
1108 2
1109 2
1110 1
1111 2
1112 1
1113 2
1114 2
1115 1
1116 1
1117 1
1118 1
1119 2
1120 0
1121 1
1122 2
1123 1
1124 1
1125 4
1126 2
1127 3
1128 0
1129 1
1130 1
1131 1
1132 2
1133 1
1134 2
1135 1
1136 2
1137 1
1138 0
1139 0
1140 0
1141 1
1142 2
1143 2
1144 2
1145 3
1146 1
1147 3
1148 2
1149 1
1150 1
1151 2
1152 1
1153 2
1154 1
1155 1
1156 0
1157 1
1158 3
1159 0
1160 1
1161 3
1162 1
1163 2
1164 0
1165 0
1166 2
1167 0
1168 1
1169 0
1170 0
1171 0
1172 2
1173 1
1174 0
1175 2
1176 2
1177 2
1178 1
1179 2
1180 1
1181 0
1182 1
1183 1
1184 0
1185 1
1186 2
1187 2
1188 2
1189 1
1190 1
1191 1
1192 1
1193 2
1194 2
1195 1
1196 1
1197 1
1198 2
1199 1
1200 0
1201 0
1202 0
1203 0
1204 1
1205 0
1206 1
1207 1
1208 1
1209 1
1210 1
1211 0
1212 1
1213 1
1214 1
1215 1
1216 1
1217 1
1218 1
1219 1
1220 2
1221 0
1222 2
1223 0
1224 1
1225 1
1226 1
1227 1
1228 1
1229 2
1230 2
1231 2
1232 1
1233 2
1234 0
1235 1
1236 0
1237 0
1238 1
1239 1
1240 1
1241 2
1242 2
1243 2
1244 1
1245 2
1246 1
1247 2
1248 0
1249 1
1250 1
1251 0
1252 1
1253 2
1254 1
1255 1
1256 2
1257 1
1258 1
1259 1
1260 1
1261 1
1262 1
1263 1
1264 1
1265 2
1266 1
1267 1
1268 2
1269 1
1270 0
1271 0
1272 2
1273 1
1274 0
1275 0
1276 1
1277 1
1278 2
1279 2
1280 1
1281 0
1282 1
1283 0
1284 1
1285 1
1286 1
1287 1
1288 1
1289 2
1290 2
1291 2
1292 2
1293 0
1294 1
1295 2
1296 0
1297 2
1298 1
1299 0
1300 1
1301 2
1302 1
1303 1
1304 0
1305 1
1306 0
1307 1
1308 2
1309 1
1310 1
1311 1
1312 2
1313 2
1314 1
1315 1
1316 2
1317 1
1318 2
1319 1
1320 1
1321 1
1322 1
1323 2
1324 0
1325 2
1326 2
1327 1
1328 2
1329 1
1330 1
1331 1
1332 2
1333 1
1334 1
1335 2
1336 1
1337 1
1338 1
1339 1
1340 1
1341 2
1342 1
1343 0
1344 1
1345 0
1346 1
1347 1
1348 0
1349 2
1350 1
1351 1
1352 1
1353 2
1354 1
1355 1
1356 0
1357 1
1358 2
1359 2
1360 2
1361 1
1362 0
1363 1
1364 1
1365 1
1366 1
1367 1
1368 1
1369 1
1370 2
1371 0
1372 1
1373 1
1374 1
1375 3
1376 1
1377 1
1378 1
1379 0
1380 1
1381 1
1382 1
1383 3
1384 1
1385 1
1386 0
1387 0
1388 1
1389 1
1390 2
1391 3
1392 1
1393 2
1394 1
1395 1
1396 1
1397 0
1398 1
1399 0
1400 2
1401 1
1402 2
1403 0
1404 0
1405 1
1406 2
1407 2
1408 1
1409 0
1410 1
1411 1
1412 1
1413 1
1414 1
1415 2
1416 1
1417 1
1418 1
1419 1
1420 2
1421 1
1422 1
1423 0
1424 1
1425 1
1426 1
1427 1
1428 1
1429 2
1430 1
1431 2
1432 1
1433 2
1434 2
1435 0
1436 1
1437 1
1438 1
1439 1
1440 1
1441 2
1442 2
1443 1
1444 1
1445 0
1446 1
1447 2
1448 2
1449 1
1450 2
1451 2
1452 0
1453 2
1454 0
1455 0
1456 1
1457 0
1458 2
1459 3
1460 2
1461 1
1462 1
1463 1
1464 3
1465 0
1466 1
1467 1
1468 1
1469 1
1470 2
1471 2
1472 1
1473 2
1474 1
1475 2
1476 1
1477 2
1478 2
1479 2
1480 1
1481 1
1482 2
1483 1
1484 1
1485 1
1486 2
1487 1
1488 2
1489 3
1490 1
1491 2
1492 2
1493 2
1494 1
1495 2
1496 0
1497 1
1498 1
1499 1
1500 1
1501 0
1502 0
1503 1
1504 3
1505 0
1506 1
1507 1
1508 2
1509 1
1510 1
1511 0
1512 2
1513 3
1514 1
1515 0
1516 2
1517 1
1518 1
1519 0
1520 2
1521 1
1522 0
1523 1
1524 2
1525 1
1526 2
1527 1
1528 1
1529 2
1530 1
1531 0
1532 1
1533 2
1534 2
1535 2
1536 2
1537 0
1538 2
1539 1
1540 0
1541 1
1542 1
1543 1
1544 1
1545 0
1546 1
1547 1
1548 2
1549 0
1550 0
1551 0
1552 0
1553 0
1554 1
1555 2
1556 1
1557 2
1558 2
1559 3
1560 1
1561 0
1562 0
1563 0
1564 0
1565 0
1566 1
1567 0
1568 0
1569 0
1570 0
1571 1
1572 0
1573 1
1574 0
1575 1
1576 2
1577 0
1578 1
1579 2
1580 2
1581 0
1582 1
1583 1
1584 2
1585 0
1586 2
1587 0
1588 1
1589 1
1590 3
1591 3
1592 0
1593 0
1594 1
1595 1
1596 1
1597 0
1598 0
1599 0
1600 0
1601 0
1602 0
1603 0
1604 1
1605 0
1606 1
1607 1
1608 1
1609 1
1610 1
1611 1
1612 2
1613 0
1614 0
1615 0
1616 1
1617 2
1618 1
1619 0
1620 0
1621 1
1622 0
1623 0
1624 0
1625 0
1626 1
1627 1
1628 1
1629 1
1630 1
1631 0
1632 0
1633 2
1634 2
1635 1
1636 2
1637 0
1638 1
1639 0
1640 0
1641 0
1642 1
1643 0
1644 1
1645 0
1646 1
1647 3
1648 0
1649 0
1650 1
1651 1
1652 1
1653 2
1654 1
1655 1
1656 0
1657 1
1658 0
1659 0
1660 1
1661 1
1662 1
1663 0
1664 1
1665 0
1666 0
1667 1
1668 0
1669 1
1670 1
1671 0
1672 1
1673 1
1674 2
1675 1
1676 2
1677 1
1678 1
1679 2
1680 1
1681 1
1682 0
1683 1
1684 1
1685 1
1686 0
1687 0
1688 0
1689 0
1690 0
1691 1
1692 0
1693 0
1694 0
1695 0
1696 1
1697 0
1698 1
1699 1
1700 1
1701 1
1702 2
1703 1
1704 0
1705 0
1706 0
1707 0
1708 0
1709 1
1710 1
1711 1
1712 1
1713 0
1714 0
1715 1
1716 3
1717 2
1718 1
1719 1
1720 1
1721 1
1722 2
1723 1
1724 1
1725 0
1726 0
1727 0
1728 0
1729 0
1730 1
1731 0
1732 0
1733 0
1734 0
1735 0
1736 0
1737 1
1738 0
1739 0
1740 0
1741 0
1742 0
1743 0
1744 0
1745 0
1746 0
1747 0
1748 0
1749 0
1750 1
1751 0
1752 0
1753 0
1754 0
1755 0
1756 0
1757 0
1758 2
1759 2
1760 2
1761 2
1762 1
1763 1
1764 0
1765 2
1766 1
1767 0
1768 1
1769 1
1770 1
1771 1
1772 2
1773 2
1774 0
1775 1
1776 1
1777 2
1778 1
1779 1
1780 1
1781 2
1782 1
1783 1
1784 1
1785 1
1786 0
1787 1
1788 0
1789 1
1790 1
1791 1
1792 3
1793 2
1794 0
1795 4
1796 3
1797 2
1798 2
1799 2
1800 2
1801 2
1802 1
1803 3
1804 3
1805 0
1806 1
1807 4
1808 1
1809 2
1810 0
1811 0
1812 1
1813 2
1814 2
1815 2
1816 2
1817 1
1818 4
1819 3
1820 2
1821 0
1822 1
1823 0
1824 1
1825 1
1826 1
1827 0
1828 0
1829 2
1830 1
1831 0
1832 2
1833 0
1834 2
1835 2
1836 3
1837 1
1838 0
1839 1
1840 1
1841 3
1842 0
1843 1
1844 1
1845 1
1846 1
1847 0
1848 1
1849 0
1850 1
1851 1
1852 0
1853 0
1854 0
1855 1
1856 0
1857 0
1858 0
1859 0
1860 0
1861 0
1862 0
1863 2
1864 1
1865 0
1866 0
1867 1
1868 0
1869 1
1870 2
1871 0
1872 0
1873 1
1874 0
1875 0
1876 0
1877 0
1878 0
1879 0
1880 0
1881 0
1882 1
1883 0
1884 0
1885 1
1886 0
1887 1
1888 1
1889 1
1890 0
1891 0
1892 1
1893 1
1894 2
1895 0
1896 0
1897 0
1898 1
1899 2
1900 1
1901 0
1902 0
1903 2
1904 1
1905 1
1906 3
1907 1
1908 1
1909 1
1910 2
1911 1
1912 2
1913 0
1914 2
1915 0
1916 1
1917 1
1918 1
1919 1
1920 1
1921 0
1922 0
1923 1
1924 2
1925 0
1926 0
1927 0
1928 2
1929 1
1930 1
1931 2
1932 2
1933 0
1934 0
1935 1
1936 2
1937 2
1938 1
1939 3
1940 0
1941 2
1942 3
1943 1
1944 1
1945 1
1946 0
1947 1
1948 1
1949 2
1950 0
1951 1
1952 2
1953 0
1954 2
1955 2
1956 1
1957 1
1958 2
1959 2
1960 1
1961 2
1962 1
1963 2
1964 2
1965 3
1966 0
1967 0
1968 0
1969 1
1970 1
1971 2
1972 1
1973 1
1974 1
1975 1
1976 3
1977 1
1978 2
1979 3
1980 2
1981 2
1982 2
1983 1
1984 2
1985 1
1986 3
1987 1
1988 0
1989 0
1990 0
1991 2
1992 1
1993 1
1994 1
1995 2
1996 2
1997 2
1998 2
1999 0
