0 0
1 1
2 0
3 1
4 1
5 1
6 0
7 1
8 1
9 1
10 2
11 0
12 1
13 0
14 1
15 2
16 0
17 0
18 0
19 1
20 0
21 2
22 2
23 1
24 2
25 1
26 3
27 2
28 2
29 1
30 2
31 1
32 0
33 1
34 1
35 0
36 0
37 0
38 1
39 1
40 2
41 1
42 0
43 0
44 1
45 0
46 3
47 2
48 1
49 1
50 4
51 1
52 1
53 1
54 0
55 0
56 0
57 1
58 0
59 1
60 2
61 2
62 1
63 0
64 1
65 1
66 1
67 1
68 2
69 0
70 1
71 0
72 0
73 0
74 1
75 1
76 3
77 1
78 1
79 1
80 1
81 1
82 1
83 1
84 0
85 1
86 1
87 0
88 1
89 2
90 2
91 0
92 0
93 0
94 0
95 0
96 1
97 2
98 1
99 1
100 0
101 1
102 1
103 1
104 0
105 0
106 0
107 0
108 0
109 0
110 0
111 0
112 1
113 1
114 1
115 0
116 0
117 0
118 0
119 0
120 0
121 1
122 1
123 0
124 0
125 0
126 0
127 0
128 0
129 0
130 0
131 0
132 0
133 0
134 0
135 0
136 0
137 0
138 0
139 0
140 0
141 0
142 0
143 0
144 0
145 0
146 0
147 2
148 1
149 0
150 0
151 2
152 2
153 3
154 0
155 2
156 0
157 2
158 0
159 0
160 1
161 0
162 1
163 1
164 2
165 2
166 1
167 0
168 0
169 3
170 1
171 3
172 2
173 2
174 0
175 0
176 0
177 0
178 0
179 0
180 0
181 0
182 0
183 0
184 0
185 0
186 0
187 0
188 0
189 0
190 0
191 0
192 0
193 0
194 0
195 0
196 0
197 0
198 0
199 0
200 0
201 0
202 0
203 0
204 0
205 0
206 0
207 0
208 0
209 1
210 0
211 0
212 0
213 1
214 0
215 0
216 0
217 0
218 0
219 0
220 0
221 0
222 0
223 0
224 0
225 0
226 0
227 0
228 0
229 0
230 0
231 0
232 0
233 0
234 0
235 0
236 0
237 0
238 0
239 0
240 0
241 0
242 0
243 0
244 0
245 0
246 0
247 0
248 0
249 0
250 0
251 0
252 0
253 0
254 0
255 0
256 0
257 0
258 0
259 0
260 0
261 0
262 0
263 1
264 0
265 0
266 0
267 0
268 0
269 0
270 0
271 0
272 0
273 0
274 0
275 0
276 0
277 0
278 0
279 0
280 0
281 0
282 0
283 0
284 0
285 1
286 1
287 2
288 0
289 0
290 0
291 0
292 0
293 0
294 0
295 0
296 0
297 0
298 0
299 0
300 0
301 0
302 0
303 0
304 0
305 1
306 0
307 1
308 1
309 0
310 0
311 0
312 0
313 0
314 0
315 0
316 0
317 0
318 0
319 0
320 0
321 0
322 0
323 0
324 0
325 0
326 0
327 0
328 0
329 0
330 0
331 0
332 0
333 0
334 0
335 0
336 0
337 0
338 0
339 1
340 1
341 1
342 0
343 0
344 0
345 0
346 0
347 0
348 0
349 0
350 0
351 0
352 0
353 0
354 0
355 1
356 1
357 0
358 2
359 1
360 1
361 1
362 1
363 0
364 0
365 0
366 0
367 1
368 1
369 1
370 1
371 0
372 1
373 0
374 0
375 0
376 0
377 0
378 0
379 0
380 0
381 0
382 0
383 0
384 0
385 3
386 2
387 0
388 0
389 0
390 0
391 0
392 1
393 0
394 0
395 0
396 0
397 0
398 0
399 0
400 0
401 0
402 0
403 0
404 0
405 0
406 0
407 0
408 0
409 0
410 0
411 0
412 0
413 0
414 0
415 0
416 0
417 0
418 0
419 0
420 0
421 0
422 2
423 0
424 0
425 0
426 0
427 0
428 0
429 0
430 0
431 0
432 1
433 0
434 0
435 0
436 0
437 0
438 0
439 1
440 0
441 0
442 0
443 0
444 0
445 0
446 0
447 0
448 0
449 0
450 0
451 0
452 0
453 1
454 0
455 0
456 1
457 0
458 0
459 0
460 0
461 0
462 1
463 0
464 0
465 0
466 0
467 0
468 0
469 0
470 0
471 0
472 0
473 0
474 0
475 0
476 0
477 0
478 0
479 0
480 0
481 0
482 0
483 0
484 0
485 0
486 0
487 0
488 0
489 0
490 0
491 0
492 0
493 0
494 0
495 0
496 0
497 0
498 0
499 0
500 0
501 0
502 0
503 0
504 0
505 0
506 0
507 0
508 0
509 0
510 0
511 0
512 0
513 0
514 0
515 0
516 0
517 0
518 0
519 0
520 0
521 0
522 0
523 0
524 0
525 0
526 0
527 0
528 0
529 0
530 0
531 0
532 0
533 0
534 0
535 0
536 0
537 0
538 0
539 0
540 0
541 0
542 0
543 0
544 0
545 0
546 0
547 0
548 0
549 0
550 0
551 0
552 0
553 0
554 0
555 0
556 0
557 0
558 0
559 0
560 0
561 0
562 0
563 0
564 0
565 0
566 0
567 0
568 0
569 0
570 0
571 0
572 1
573 0
574 2
575 2
576 0
577 0
578 0
579 1
580 0
581 1
582 1
583 1
584 1
585 1
586 1
587 0
588 0
589 0
590 0
591 0
592 0
593 0
594 0
595 1
596 0
597 0
598 0
599 1
600 0
601 0
602 0
603 0
604 1
605 1
606 1
607 1
608 0
609 1
610 0
611 1
612 0
613 1
614 0
615 0
616 0
617 0
618 0
619 0
620 0
621 1
622 1
623 0
624 2
625 1
626 0
627 0
628 0
629 2
630 0
631 1
632 0
633 2
634 1
635 1
636 1
637 1
638 1
639 2
640 2
641 1
642 2
643 0
644 1
645 2
646 3
647 1
648 1
649 1
650 1
651 0
652 2
653 0
654 1
655 1
656 1
657 0
658 1
659 3
660 2
661 1
662 1
663 1
664 1
665 1
666 3
667 0
668 1
669 2
670 1
671 1
672 1
673 2
674 1
675 0
676 1
677 0
678 1
679 1
680 1
681 1
682 0
683 1
684 1
685 1
686 1
687 2
688 1
689 1
690 2
691 1
692 1
693 1
694 1
695 2
696 1
697 1
698 1
699 1
700 1
701 3
702 1
703 3
704 1
705 1
706 1
707 2
708 1
709 1
710 3
711 2
712 0
713 1
714 1
715 1
716 4
717 1
718 1
719 2
720 1
721 1
722 0
723 1
724 1
725 1
726 1
727 2
728 3
729 1
730 0
731 1
732 1
733 2
734 1
735 1
736 0
737 1
738 0
739 1
740 1
741 1
742 0
743 2
744 0
745 1
746 1
747 1
748 1
749 1
750 1
751 2
752 0
753 1
754 2
755 1
756 0
757 2
758 1
759 1
760 2
761 2
762 1
763 2
764 1
765 0
766 1
767 2
768 1
769 1
770 1
771 1
772 1
773 0
774 2
775 1
776 0
777 2
778 1
779 0
780 2
781 1
782 3
783 1
784 3
785 2
786 1
787 0
788 1
789 0
790 1
791 0
792 1
793 0
794 2
795 1
796 2
797 0
798 0
799 0
800 0
801 0
802 1
803 1
804 1
805 0
806 1
807 1
808 1
809 1
810 1
811 1
812 1
813 1
814 0
815 1
816 1
817 0
818 1
819 1
820 1
821 1
822 1
823 1
824 0
825 1
826 1
827 1
828 1
829 0
830 1
831 0
832 0
833 2
834 0
835 1
836 1
837 1
838 1
839 1
840 1
841 2
842 1
843 1
844 2
845 0
846 2
847 1
848 1
849 2
850 1
851 1
852 1
853 1
854 1
855 0
856 2
857 1
858 1
859 0
860 1
861 1
862 1
863 0
864 1
865 1
866 1
867 0
868 1
869 1
870 1
871 1
872 0
873 1
874 0
875 1
876 2
877 2
878 0
879 1
880 1
881 1
882 0
883 1
884 1
885 1
886 2
887 0
888 2
889 2
890 2
891 1
892 0
893 0
894 2
895 1
896 1
897 1
898 0
899 1
900 0
901 0
902 1
903 2
904 1
905 1
906 1
907 1
908 1
909 0
910 1
911 1
912 1
913 0
914 1
915 1
916 1
917 1
918 1
919 1
920 1
921 2
922 2
923 1
924 0
925 1
926 2
927 2
928 1
929 1
930 1
931 2
932 1
933 0
934 0
935 1
936 1
937 1
938 3
939 1
940 1
941 3
942 1
943 2
944 1
945 1
946 1
947 2
948 1
949 1
950 1
951 3
952 2
953 2
954 1
955 2
956 4
957 3
958 2
959 2
960 2
961 3
962 2
963 3
964 2
965 1
966 0
967 2
968 0
969 0
970 2
971 3
972 2
973 0
974 1
975 1
976 2
977 1
978 3
979 1
980 0
981 1
982 1
983 2
984 1
985 3
986 3
987 1
988 0
989 2
990 1
991 2
992 2
993 2
994 2
995 1
996 1
997 1
998 2
999 1
1000 1
1001 1
1002 1
1003 1
1004 2
1005 1
1006 1
1007 2
1008 2
1009 2
1010 4
1011 2
1012 3
1013 1
1014 2
1015 2
1016 3
1017 2
1018 1
1019 3
1020 1
1021 2
1022 2
1023 2
1024 3
1025 2
1026 2
1027 2
1028 1
1029 1
1030 1
1031 0
1032 1
1033 1
1034 1
1035 2
1036 3
1037 1
1038 4
1039 1
1040 1
1041 0
1042 1
1043 1
1044 1
1045 1
1046 1
1047 1
1048 1
1049 1
1050 2
1051 1
1052 1
1053 1
1054 1
1055 0
1056 2
1057 1
1058 1
1059 0
1060 1
1061 0
1062 2
1063 0
1064 1
1065 0
1066 0
1067 0
1068 2
1069 0
1070 1
1071 1
1072 1
1073 0
1074 0
1075 1
1076 1
1077 1
1078 0
1079 1
1080 2
1081 1
1082 1
1083 1
1084 1
1085 1
1086 0
1087 0
1088 1
1089 1
1090 2
1091 1
1092 0
1093 2
1094 1
1095 1
1096 1
1097 1
1098 1
1099 1
1100 0
1101 1
1102 0
1103 2
1104 1
1105 1
1106 1
1107 2
1108 1
1109 0
1110 0
1111 3
1112 1
1113 0
1114 1
1115 1
1116 1
1117 1
1118 0
1119 0
1120 1
1121 1
1122 0
1123 1
1124 0
1125 1
1126 1
1127 1
1128 1
1129 0
1130 1
1131 0
1132 2
1133 1
1134 1
1135 0
1136 0
1137 0
1138 2
1139 1
1140 1
1141 1
1142 0
1143 2
1144 2
1145 2
1146 1
1147 1
1148 1
1149 1
1150 1
1151 2
1152 0
1153 0
1154 1
1155 1
1156 1
1157 1
1158 3
1159 1
1160 0
1161 1
1162 1
1163 1
1164 3
1165 0
1166 3
1167 2
1168 1
1169 3
1170 1
1171 1
1172 1
1173 1
1174 1
1175 1
1176 1
1177 0
1178 1
1179 1
1180 1
1181 1
1182 1
1183 1
1184 1
1185 1
1186 1
1187 1
1188 1
1189 2
1190 1
1191 0
1192 1
1193 1
1194 1
1195 1
1196 1
1197 0
1198 1
1199 0
1200 1
1201 1
1202 1
1203 1
1204 1
1205 1
1206 1
1207 0
1208 1
1209 1
1210 0
1211 1
1212 2
1213 1
1214 2
1215 1
1216 1
1217 2
1218 0
1219 1
1220 1
1221 0
1222 2
1223 1
1224 1
1225 0
1226 1
1227 2
1228 0
1229 0
1230 1
1231 0
1232 0
1233 1
1234 0
1235 1
1236 1
1237 1
1238 1
1239 0
1240 2
1241 1
1242 0
1243 2
1244 1
1245 0
1246 1
1247 1
1248 1
1249 0
1250 1
1251 1
1252 1
1253 1
1254 3
1255 1
1256 1
1257 1
1258 1
1259 2
1260 0
1261 1
1262 1
1263 0
1264 0
1265 0
1266 1
1267 2
1268 1
1269 1
1270 1
1271 2
1272 1
1273 1
1274 1
1275 2
1276 1
1277 2
1278 1
1279 1
1280 2
1281 2
1282 1
1283 1
1284 1
1285 2
1286 2
1287 3
1288 0
1289 0
1290 1
1291 1
1292 1
1293 0
1294 0
1295 1
1296 1
1297 1
1298 0
1299 2
1300 0
1301 2
1302 1
1303 2
1304 0
1305 1
1306 1
1307 0
1308 0
1309 0
1310 1
1311 1
1312 1
1313 1
1314 1
1315 1
1316 0
1317 0
1318 1
1319 1
1320 2
1321 1
1322 1
1323 1
1324 2
1325 1
1326 1
1327 1
1328 0
1329 1
1330 0
1331 2
1332 0
1333 1
1334 1
1335 2
1336 0
1337 2
1338 1
1339 1
1340 0
1341 2
1342 1
1343 2
1344 0
1345 1
1346 0
1347 1
1348 1
1349 2
1350 2
1351 2
1352 1
1353 1
1354 0
1355 0
1356 0
1357 1
1358 1
1359 1
1360 1
1361 0
1362 0
1363 1
1364 2
1365 0
1366 1
1367 1
1368 1
1369 1
1370 0
1371 0
1372 1
1373 1
1374 1
1375 0
1376 1
1377 1
1378 2
1379 1
1380 1
1381 1
1382 1
1383 1
1384 1
1385 1
1386 2
1387 1
1388 1
1389 1
1390 2
1391 1
1392 4
1393 1
1394 1
1395 0
1396 3
1397 1
1398 1
1399 1
1400 1
1401 1
1402 2
1403 3
1404 1
1405 1
1406 1
1407 2
1408 2
1409 0
1410 1
1411 2
1412 1
1413 2
1414 1
1415 1
1416 2
1417 2
1418 1
1419 1
1420 0
1421 2
1422 1
1423 0
1424 2
1425 0
1426 0
1427 1
1428 2
1429 1
1430 2
1431 0
1432 1
1433 1
1434 3
1435 1
1436 2
1437 1
1438 0
1439 1
1440 0
1441 2
1442 1
1443 2
1444 0
1445 1
1446 1
1447 1
1448 0
1449 0
1450 1
1451 1
1452 1
1453 1
1454 1
1455 1
1456 1
1457 2
1458 1
1459 1
1460 1
1461 1
1462 1
1463 1
1464 1
1465 0
1466 1
1467 1
1468 0
1469 0
1470 1
1471 1
1472 1
1473 2
1474 1
1475 1
1476 3
1477 1
1478 1
1479 1
1480 1
1481 1
1482 2
1483 2
1484 2
1485 1
1486 2
1487 0
1488 2
1489 1
1490 0
1491 1
1492 0
1493 2
1494 2
1495 2
1496 1
1497 3
1498 2
1499 1
1500 1
1501 1
1502 1
1503 1
1504 1
1505 1
1506 1
1507 0
1508 0
1509 0
1510 0
1511 0
1512 1
1513 1
1514 0
1515 0
1516 0
1517 0
1518 0
1519 0
1520 0
1521 0
1522 0
1523 0
1524 2
1525 2
1526 2
1527 0
1528 0
1529 0
1530 1
1531 2
1532 2
1533 1
1534 0
1535 0
1536 0
1537 0
1538 0
1539 0
1540 0
1541 0
1542 0
1543 0
1544 0
1545 1
1546 0
1547 0
1548 0
1549 1
1550 0
1551 1
1552 1
1553 1
1554 0
1555 1
1556 2
1557 2
1558 1
1559 0
1560 0
1561 1
1562 1
1563 1
1564 0
1565 1
1566 0
1567 0
1568 1
1569 1
1570 1
1571 0
1572 1
1573 1
1574 1
1575 2
1576 2
1577 1
1578 1
1579 0
1580 1
1581 0
1582 1
1583 0
1584 0
1585 1
1586 1
1587 2
1588 2
1589 1
1590 1
1591 1
1592 1
1593 0
1594 0
1595 1
1596 1
1597 1
1598 1
1599 0
1600 1
1601 0
1602 0
1603 0
1604 1
1605 1
1606 1
1607 1
1608 1
1609 1
1610 2
1611 1
1612 0
1613 1
1614 1
1615 1
1616 0
1617 2
1618 1
1619 1
1620 1
1621 1
1622 0
1623 1
1624 0
1625 1
1626 1
1627 1
1628 1
1629 0
1630 1
1631 1
1632 0
1633 1
1634 1
1635 1
1636 1
1637 1
1638 1
1639 1
1640 1
1641 2
1642 0
1643 2
1644 1
1645 1
1646 1
1647 1
1648 0
1649 1
1650 0
1651 2
1652 2
1653 2
1654 0
1655 2
1656 0
1657 2
1658 1
1659 1
1660 0
1661 1
1662 0
1663 1
1664 1
1665 2
1666 0
1667 0
1668 1
1669 0
1670 0
1671 0
1672 1
1673 1
1674 0
1675 1
1676 1
1677 1
1678 1
1679 1
1680 1
1681 1
1682 1
1683 0
1684 1
1685 0
1686 1
1687 0
1688 2
1689 1
1690 1
1691 0
1692 1
1693 0
1694 1
1695 1
1696 2
1697 1
1698 0
1699 1
1700 1
1701 1
1702 1
1703 1
1704 1
1705 0
1706 1
1707 2
1708 1
1709 1
1710 1
1711 2
1712 1
1713 0
1714 0
1715 0
1716 0
1717 0
1718 0
1719 0
1720 0
1721 1
1722 1
1723 1
1724 1
1725 1
1726 2
1727 1
1728 2
1729 0
1730 0
1731 0
1732 2
1733 2
1734 2
1735 1
1736 1
1737 2
1738 1
1739 1
1740 2
1741 2
1742 0
1743 2
1744 1
1745 1
1746 1
1747 1
1748 0
1749 0
1750 0
1751 0
1752 0
1753 0
1754 0
1755 0
1756 1
1757 1
1758 0
1759 0
1760 0
1761 0
1762 0
1763 0
1764 0
1765 0
1766 0
1767 0
1768 1
1769 1
1770 0
1771 0
1772 0
1773 0
1774 0
1775 0
1776 0
1777 0
1778 0
1779 0
1780 0
1781 0
1782 0
1783 0
1784 0
1785 0
1786 0
1787 0
1788 0
1789 0
1790 0
1791 0
1792 0
1793 0
1794 0
1795 0
1796 0
1797 0
1798 0
1799 0
1800 0
1801 0
1802 0
1803 0
1804 0
1805 0
1806 0
1807 0
1808 0
1809 0
1810 0
1811 0
1812 0
1813 0
1814 0
1815 0
1816 0
1817 0
1818 0
1819 0
1820 2
1821 2
1822 1
1823 2
1824 0
1825 1
1826 1
1827 2
1828 1
1829 1
1830 1
1831 0
1832 2
1833 2
1834 2
1835 1
1836 1
1837 1
1838 0
1839 3
1840 1
1841 2
1842 1
1843 1
1844 0
1845 0
1846 1
1847 1
1848 1
1849 2
1850 2
1851 2
1852 2
1853 1
1854 1
1855 3
1856 2
1857 2
1858 2
1859 0
1860 0
1861 0
1862 0
1863 0
1864 0
1865 0
1866 0
1867 0
1868 0
1869 0
1870 0
1871 0
1872 0
1873 0
1874 0
1875 0
1876 0
1877 0
1878 0
1879 0
1880 0
1881 0
1882 0
1883 1
1884 1
1885 1
1886 1
1887 1
1888 1
1889 1
1890 1
1891 1
1892 0
1893 0
1894 1
1895 1
1896 0
1897 1
1898 0
1899 0
1900 0
1901 0
1902 0
1903 0
1904 1
1905 1
1906 1
1907 0
1908 1
1909 1
1910 1
1911 1
1912 0
1913 1
1914 1
1915 1
1916 1
1917 1
1918 0
1919 2
1920 2
1921 1
1922 1
1923 1
1924 1
1925 2
1926 0
1927 0
1928 0
1929 0
1930 0
1931 0
1932 1
1933 0
1934 0
1935 0
1936 1
1937 0
1938 0
1939 0
1940 0
1941 1
1942 1
1943 0
1944 1
1945 0
1946 1
1947 1
1948 0
1949 0
1950 1
1951 1
1952 1
1953 3
1954 2
1955 2
1956 2
1957 1
1958 3
1959 1
1960 2
1961 1
1962 0
1963 0
1964 0
1965 0
1966 0
1967 0
1968 1
1969 1
1970 0
1971 0
1972 0
1973 0
1974 0
1975 1
1976 0
1977 0
1978 0
1979 1
1980 0
1981 0
1982 0
1983 1
1984 0
1985 0
1986 0
1987 0
1988 1
1989 0
1990 0
1991 1
1992 1
1993 1
1994 1
1995 1
1996 1
1997 1
1998 1
1999 1
