0 1
1 0
2 1
3 1
4 2
5 1
6 1
7 2
8 0
9 1
10 2
11 2
12 2
13 1
14 1
15 2
16 1
17 0
18 0
19 0
20 0
21 1
22 1
23 0
24 1
25 1
26 1
27 1
28 0
29 0
30 1
31 0
32 1
33 2
34 1
35 0
36 1
37 1
38 1
39 0
40 0
41 0
42 1
43 1
44 1
45 1
46 0
47 0
48 1
49 2
50 2
51 2
52 0
53 0
54 0
55 0
56 1
57 1
58 0
59 2
60 0
61 0
62 2
63 1
64 2
65 1
66 2
67 1
68 0
69 2
70 2
71 3
72 1
73 2
74 1
75 2
76 1
77 0
78 1
79 1
80 0
81 1
82 3
83 2
84 3
85 2
86 1
87 0
88 0
89 1
90 2
91 2
92 2
93 1
94 1
95 1
96 0
97 3
98 2
99 0
100 2
101 0
102 2
103 1
104 0
105 1
106 1
107 1
108 1
109 2
110 1
111 1
112 0
113 1
114 0
115 0
116 0
117 0
118 0
119 0
120 0
121 0
122 0
123 0
124 1
125 1
126 1
127 0
128 1
129 1
130 0
131 0
132 0
133 0
134 0
135 0
136 1
137 2
138 0
139 1
140 0
141 1
142 0
143 0
144 1
145 1
146 2
147 1
148 1
149 2
150 1
151 0
152 3
153 2
154 0
155 0
156 0
157 0
158 0
159 0
160 0
161 0
162 0
163 2
164 0
165 2
166 1
167 2
168 1
169 0
170 0
171 0
172 0
173 0
174 0
175 1
176 1
177 1
178 0
179 0
180 1
181 1
182 1
183 1
184 1
185 1
186 1
187 1
188 2
189 2
190 0
191 1
192 1
193 0
194 1
195 1
196 1
197 0
198 0
199 0
200 0
201 0
202 0
203 0
204 0
205 0
206 0
207 0
208 0
209 0
210 0
211 0
212 0
213 0
214 0
215 0
216 0
217 0
218 0
219 0
220 0
221 1
222 0
223 1
224 1
225 2
226 1
227 0
228 1
229 1
230 0
231 1
232 1
233 1
234 1
235 1
236 1
237 1
238 1
239 1
240 1
241 1
242 0
243 0
244 0
245 1
246 1
247 1
248 1
249 0
250 0
251 0
252 2
253 2
254 1
255 2
256 0
257 0
258 0
259 0
260 0
261 0
262 1
263 0
264 0
265 1
266 0
267 1
268 2
269 1
270 0
271 2
272 1
273 1
274 0
275 0
276 0
277 0
278 0
279 1
280 0
281 1
282 1
283 1
284 2
285 1
286 2
287 2
288 2
289 2
290 2
291 1
292 0
293 0
294 0
295 0
296 0
297 0
298 1
299 1
300 2
301 1
302 2
303 1
304 1
305 0
306 1
307 1
308 1
309 1
310 0
311 1
312 0
313 0
314 0
315 2
316 1
317 1
318 1
319 1
320 1
321 1
322 1
323 0
324 2
325 1
326 1
327 0
328 0
329 0
330 0
331 1
332 0
333 1
334 1
335 0
336 1
337 0
338 0
339 1
340 0
341 0
342 2
343 0
344 0
345 0
346 0
347 2
348 2
349 0
350 0
351 1
352 1
353 1
354 1
355 2
356 1
357 1
358 0
359 0
360 0
361 0
362 0
363 1
364 1
365 2
366 1
367 3
368 0
369 0
370 0
371 0
372 0
373 1
374 0
375 0
376 0
377 0
378 0
379 2
380 0
381 0
382 0
383 1
384 3
385 1
386 1
387 2
388 1
389 1
390 2
391 2
392 0
393 0
394 0
395 1
396 2
397 3
398 0
399 0
400 0
401 1
402 0
403 0
404 0
405 0
406 0
407 1
408 0
409 0
410 0
411 0
412 0
413 0
414 1
415 1
416 0
417 1
418 0
419 1
420 1
421 1
422 2
423 1
424 0
425 2
426 0
427 1
428 0
429 1
430 1
431 1
432 1
433 1
434 0
435 1
436 2
437 1
438 2
439 1
440 2
441 0
442 0
443 0
444 0
445 1
446 3
447 0
448 0
449 0
450 1
451 0
452 0
453 1
454 0
455 0
456 1
457 0
458 0
459 3
460 1
461 2
462 3
463 0
464 0
465 1
466 1
467 1
468 1
469 2
470 0
471 1
472 2
473 2
474 0
475 1
476 0
477 0
478 0
479 0
480 0
481 1
482 2
483 2
484 2
485 2
486 2
487 2
488 1
489 1
490 0
491 0
492 2
493 1
494 3
495 2
496 2
497 1
498 0
499 1
500 1
501 0
502 1
503 0
504 0
505 0
506 2
507 2
508 1
509 1
510 2
511 1
512 2
513 0
514 0
515 0
516 0
517 0
518 0
519 0
520 0
521 0
522 0
523 0
524 0
525 0
526 0
527 0
528 0
529 0
530 0
531 0
532 0
533 0
534 0
535 0
536 0
537 3
538 0
539 0
540 0
541 0
542 0
543 0
544 0
545 0
546 0
547 0
548 1
549 0
550 1
551 0
552 0
553 0
554 0
555 0
556 0
557 0
558 0
559 0
560 0
561 0
562 0
563 0
564 0
565 0
566 0
567 0
568 0
569 0
570 0
571 0
572 0
573 0
574 0
575 0
576 0
577 0
578 0
579 0
580 0
581 0
582 0
583 0
584 0
585 0
586 0
587 0
588 0
589 0
590 0
591 0
592 0
593 0
594 0
595 0
596 0
597 0
598 0
599 0
600 0
601 0
602 0
603 0
604 0
605 0
606 0
607 0
608 0
609 0
610 0
611 0
612 0
613 0
614 0
615 0
616 0
617 2
618 0
619 0
620 1
621 0
622 0
623 1
624 0
625 0
626 0
627 0
628 0
629 0
630 1
631 3
632 0
633 0
634 0
635 0
636 1
637 0
638 0
639 0
640 1
641 0
642 0
643 1
644 1
645 1
646 0
647 1
648 1
649 2
650 2
651 1
652 2
653 1
654 1
655 2
656 2
657 2
658 1
659 2
660 3
661 1
662 1
663 0
664 2
665 0
666 0
667 0
668 0
669 0
670 1
671 1
672 1
673 2
674 0
675 3
676 0
677 0
678 0
679 0
680 0
681 0
682 2
683 0
684 1
685 2
686 0
687 0
688 2
689 1
690 0
691 3
692 0
693 0
694 0
695 0
696 0
697 0
698 0
699 3
700 0
701 0
702 0
703 0
704 0
705 0
706 0
707 0
708 0
709 0
710 1
711 0
712 0
713 0
714 0
715 0
716 0
717 0
718 0
719 0
720 0
721 0
722 1
723 0
724 0
725 0
726 1
727 1
728 0
729 0
730 1
731 0
732 0
733 0
734 0
735 0
736 0
737 0
738 0
739 0
740 0
741 0
742 0
743 0
744 0
745 0
746 0
747 0
748 0
749 0
750 0
751 0
752 0
753 1
754 0
755 1
756 0
757 0
758 0
759 0
760 0
761 0
762 0
763 1
764 0
765 0
766 0
767 0
768 0
769 0
770 0
771 0
772 0
773 0
774 0
775 0
776 1
777 0
778 0
779 1
780 0
781 1
782 1
783 1
784 0
785 1
786 1
787 2
788 1
789 3
790 0
791 0
792 0
793 0
794 0
795 1
796 1
797 2
798 1
799 1
800 0
801 0
802 2
803 1
804 2
805 2
806 0
807 0
808 0
809 0
810 0
811 0
812 0
813 1
814 0
815 0
816 1
817 3
818 0
819 0
820 0
821 0
822 0
823 0
824 0
825 0
826 0
827 0
828 0
829 0
830 0
831 0
832 0
833 0
834 0
835 0
836 0
837 0
838 0
839 0
840 0
841 0
842 0
843 2
844 2
845 0
846 1
847 1
848 1
849 0
850 2
851 1
852 1
853 1
854 3
855 2
856 3
857 2
858 1
859 2
860 1
861 1
862 0
863 1
864 1
865 1
866 2
867 1
868 0
869 0
870 1
871 0
872 2
873 3
874 3
875 0
876 0
877 0
878 0
879 0
880 0
881 0
882 0
883 2
884 2
885 1
886 0
887 2
888 1
889 0
890 0
891 0
892 0
893 0
894 0
895 1
896 1
897 1
898 2
899 2
900 1
901 1
902 3
903 2
904 2
905 1
906 1
907 3
908 3
909 2
910 2
911 1
912 0
913 0
914 0
915 0
916 0
917 0
918 1
919 0
920 1
921 1
922 1
923 2
924 0
925 0
926 0
927 0
928 0
929 1
930 1
931 0
932 1
933 1
934 1
935 0
936 1
937 0
938 0
939 0
940 2
941 0
942 0
943 0
944 0
945 0
946 0
947 0
948 0
949 1
950 0
951 0
952 0
953 0
954 0
955 0
956 0
957 0
958 0
959 0
960 0
961 0
962 0
963 0
964 0
965 0
966 0
967 0
968 0
969 2
970 2
971 0
972 0
973 1
974 1
975 0
976 0
977 0
978 1
979 2
980 0
981 0
982 0
983 1
984 2
985 1
986 2
987 1
988 1
989 0
990 1
991 2
992 0
993 3
994 1
995 0
996 0
997 0
998 0
999 0
1000 0
1001 1
1002 1
1003 1
1004 0
1005 1
1006 0
1007 2
1008 1
1009 0
1010 2
1011 1
1012 1
1013 1
1014 0
1015 3
1016 0
1017 0
1018 2
1019 2
1020 3
1021 1
1022 1
1023 3
1024 4
1025 3
1026 3
1027 3
1028 3
1029 3
1030 3
1031 2
1032 2
1033 3
1034 3
1035 2
1036 2
1037 3
1038 2
1039 2
1040 3
1041 3
1042 3
1043 3
1044 3
1045 3
1046 4
1047 3
1048 2
1049 2
1050 2
1051 3
1052 2
1053 0
1054 1
1055 1
1056 0
1057 1
1058 0
1059 1
1060 1
1061 1
1062 0
1063 1
1064 1
1065 0
1066 2
1067 1
1068 2
1069 0
1070 1
1071 2
1072 2
1073 2
1074 1
1075 2
1076 0
1077 0
1078 2
1079 2
1080 4
1081 3
1082 4
1083 1
1084 1
1085 2
1086 2
1087 3
1088 2
1089 0
1090 2
1091 3
1092 4
1093 3
1094 2
1095 1
1096 2
1097 1
1098 1
1099 0
1100 1
1101 2
1102 1
1103 0
1104 2
1105 3
1106 1
1107 0
1108 4
1109 1
1110 1
1111 1
1112 1
1113 1
1114 2
1115 2
1116 2
1117 3
1118 2
1119 1
1120 2
1121 1
1122 1
1123 3
1124 1
1125 1
1126 1
1127 1
1128 1
1129 1
1130 1
1131 1
1132 1
1133 0
1134 1
1135 1
1136 1
1137 1
1138 1
1139 1
1140 1
1141 1
1142 1
1143 1
1144 1
1145 1
1146 1
1147 1
1148 1
1149 1
1150 1
1151 1
1152 1
1153 1
1154 0
1155 1
1156 0
1157 1
1158 0
1159 1
1160 1
1161 2
1162 2
1163 0
1164 1
1165 1
1166 2
1167 3
1168 3
1169 2
1170 2
1171 2
1172 1
1173 3
1174 1
1175 2
1176 1
1177 0
1178 0
1179 1
1180 1
1181 0
1182 1
1183 1
1184 1
1185 1
1186 2
1187 0
1188 2
1189 2
1190 0
1191 1
1192 0
1193 0
1194 0
1195 0
1196 1
1197 0
1198 1
1199 0
1200 1
1201 1
1202 0
1203 1
1204 2
1205 0
1206 0
1207 0
1208 0
1209 0
1210 2
1211 3
1212 0
1213 0
1214 1
1215 0
1216 1
1217 3
1218 1
1219 1
1220 0
1221 1
1222 1
1223 2
1224 2
1225 0
1226 1
1227 0
1228 0
1229 0
1230 0
1231 0
1232 0
1233 0
1234 0
1235 2
1236 2
1237 0
1238 0
1239 0
1240 3
1241 1
1242 1
1243 0
1244 0
1245 0
1246 1
1247 2
1248 0
1249 0
1250 1
1251 1
1252 3
1253 2
1254 3
1255 3
1256 2
1257 2
1258 2
1259 0
1260 1
1261 3
1262 2
1263 1
1264 1
1265 2
1266 1
1267 0
1268 1
1269 2
1270 2
1271 0
1272 0
1273 0
1274 0
1275 0
1276 1
1277 1
1278 2
1279 1
1280 0
1281 0
1282 0
1283 0
1284 2
1285 2
1286 0
1287 1
1288 2
1289 3
1290 2
1291 0
1292 3
1293 1
1294 1
1295 2
1296 2
1297 2
1298 2
1299 1
1300 1
1301 0
1302 0
1303 0
1304 1
1305 1
1306 1
1307 0
1308 1
1309 1
1310 1
1311 0
1312 0
1313 0
1314 0
1315 0
1316 1
1317 1
1318 1
1319 0
1320 0
1321 0
1322 0
1323 0
1324 2
1325 1
1326 0
1327 1
1328 1
1329 0
1330 3
1331 3
1332 0
1333 1
1334 0
1335 1
1336 1
1337 3
1338 3
1339 2
1340 1
1341 3
1342 1
1343 2
1344 0
1345 2
1346 1
1347 1
1348 1
1349 1
1350 1
1351 1
1352 2
1353 1
1354 1
1355 0
1356 1
1357 1
1358 1
1359 3
1360 2
1361 2
1362 0
1363 2
1364 1
1365 1
1366 0
1367 0
1368 1
1369 0
1370 0
1371 1
1372 0
1373 0
1374 0
1375 0
1376 0
1377 0
1378 0
1379 0
1380 0
1381 0
1382 0
1383 0
1384 0
1385 0
1386 1
1387 3
1388 1
1389 2
1390 1
1391 1
1392 2
1393 0
1394 0
1395 0
1396 0
1397 0
1398 1
1399 2
1400 2
1401 2
1402 2
1403 0
1404 1
1405 1
1406 1
1407 1
1408 1
1409 1
1410 0
1411 1
1412 2
1413 1
1414 1
1415 0
1416 0
1417 1
1418 2
1419 1
1420 0
1421 1
1422 0
1423 1
1424 0
1425 0
1426 0
1427 0
1428 0
1429 0
1430 2
1431 0
1432 0
1433 0
1434 0
1435 0
1436 0
1437 0
1438 0
1439 0
1440 0
1441 1
1442 1
1443 0
1444 1
1445 1
1446 1
1447 1
1448 1
1449 0
1450 0
1451 0
1452 0
1453 0
1454 0
1455 0
1456 2
1457 0
1458 1
1459 1
1460 0
1461 0
1462 0
1463 2
1464 3
1465 0
1466 2
1467 1
1468 1
1469 1
1470 0
1471 0
1472 2
1473 2
1474 1
1475 2
1476 0
1477 0
1478 0
1479 0
1480 0
1481 1
1482 2
1483 0
1484 1
1485 0
1486 0
1487 0
1488 1
1489 1
1490 1
1491 0
1492 1
1493 0
1494 0
1495 0
1496 1
1497 2
1498 1
1499 0
1500 0
1501 0
1502 0
1503 0
1504 0
1505 0
1506 0
1507 0
1508 0
1509 0
1510 0
1511 0
1512 0
1513 0
1514 0
1515 1
1516 2
1517 0
1518 0
1519 0
1520 2
1521 2
1522 2
1523 1
1524 2
1525 1
1526 1
1527 3
1528 1
1529 1
1530 2
1531 3
1532 3
1533 1
1534 1
1535 1
1536 0
1537 1
1538 2
1539 2
1540 2
1541 0
1542 1
1543 0
1544 3
1545 0
1546 1
1547 0
1548 0
1549 1
1550 1
1551 0
1552 0
1553 2
1554 0
1555 1
1556 1
1557 0
1558 0
1559 1
1560 0
1561 1
1562 1
1563 1
1564 1
1565 0
1566 0
1567 1
1568 2
1569 0
1570 0
1571 0
1572 0
1573 1
1574 2
1575 1
1576 2
1577 1
1578 1
1579 5
1580 3
1581 2
1582 4
1583 1
1584 2
1585 3
1586 1
1587 2
1588 1
1589 1
1590 1
1591 1
1592 1
1593 1
1594 1
1595 0
1596 1
1597 3
1598 3
1599 3
1600 3
1601 2
1602 2
1603 1
1604 0
1605 1
1606 3
1607 1
1608 3
1609 2
1610 2
1611 3
1612 1
1613 2
1614 0
1615 0
1616 2
1617 0
1618 0
1619 0
1620 1
1621 1
1622 0
1623 0
1624 0
1625 0
1626 1
1627 0
1628 0
1629 0
1630 2
1631 1
1632 2
1633 1
1634 0
1635 0
1636 0
1637 0
1638 0
1639 0
1640 0
1641 0
1642 0
1643 0
1644 0
1645 0
1646 0
1647 0
1648 0
1649 0
1650 0
1651 0
1652 0
1653 0
1654 0
1655 1
1656 0
1657 1
1658 0
1659 0
1660 2
1661 2
1662 0
1663 0
1664 0
1665 0
1666 0
1667 0
1668 0
1669 0
1670 2
1671 3
1672 1
1673 1
1674 1
1675 1
1676 1
1677 2
1678 2
1679 3
1680 2
1681 3
1682 2
1683 3
1684 2
1685 2
1686 0
1687 4
1688 2
1689 3
1690 0
1691 3
1692 1
1693 2
1694 2
1695 3
1696 2
1697 2
1698 2
1699 2
1700 1
1701 2
1702 1
1703 0
1704 1
1705 1
1706 2
1707 2
1708 2
1709 1
1710 5
1711 0
1712 0
1713 1
1714 0
1715 1
1716 1
1717 1
1718 0
1719 0
1720 0
1721 2
1722 1
1723 1
1724 1
1725 0
1726 0
1727 1
1728 0
1729 0
1730 0
1731 1
1732 0
1733 0
1734 0
1735 2
1736 3
1737 1
1738 1
1739 1
1740 2
1741 1
1742 1
1743 1
1744 0
1745 2
1746 1
1747 3
1748 0
1749 2
1750 2
1751 2
1752 1
1753 2
1754 3
1755 2
1756 1
1757 1
1758 1
1759 3
1760 2
1761 2
1762 2
1763 4
1764 1
1765 0
1766 4
1767 4
1768 1
1769 2
1770 1
1771 1
1772 1
1773 2
1774 2
1775 1
1776 1
1777 1
1778 2
1779 2
1780 1
1781 4
1782 2
1783 1
1784 3
1785 2
1786 2
1787 0
1788 1
1789 1
1790 3
1791 3
1792 1
1793 1
1794 2
1795 2
1796 2
1797 1
1798 1
1799 1
1800 1
1801 2
1802 2
1803 2
1804 1
1805 2
1806 1
1807 2
1808 1
1809 1
1810 0
1811 1
1812 0
1813 0
1814 0
1815 0
1816 0
1817 0
1818 0
1819 0
1820 0
1821 0
1822 0
1823 2
1824 0
1825 0
1826 0
1827 0
1828 1
1829 1
1830 1
1831 0
1832 1
1833 3
1834 1
1835 3
1836 1
1837 1
1838 3
1839 2
1840 0
1841 0
1842 0
1843 0
1844 3
1845 1
1846 1
1847 2
1848 3
1849 1
1850 2
1851 1
1852 2
1853 2
1854 3
1855 0
1856 1
1857 1
1858 2
1859 2
1860 1
1861 2
1862 0
1863 0
1864 0
1865 3
1866 2
1867 4
1868 0
1869 0
1870 4
1871 2
1872 3
1873 2
1874 0
1875 1
1876 1
1877 1
1878 3
1879 0
1880 1
1881 3
1882 1
1883 0
1884 1
1885 1
1886 1
1887 4
1888 0
1889 0
1890 0
1891 1
1892 0
1893 0
1894 0
1895 1
1896 0
1897 1
1898 1
1899 0
1900 0
1901 0
1902 1
1903 1
1904 1
1905 1
1906 1
1907 1
1908 1
1909 1
1910 1
1911 1
1912 1
1913 1
1914 0
1915 1
1916 0
1917 2
1918 1
1919 1
1920 1
1921 1
1922 1
1923 1
1924 1
1925 1
1926 0
1927 1
1928 1
1929 1
1930 1
1931 0
1932 1
1933 1
1934 1
1935 1
1936 1
1937 1
1938 1
1939 1
1940 1
1941 0
1942 0
1943 0
1944 0
1945 1
1946 1
1947 1
1948 0
1949 1
1950 1
1951 1
1952 1
1953 1
1954 0
1955 0
1956 0
1957 0
1958 1
1959 1
1960 2
1961 1
1962 2
1963 3
1964 1
1965 1
1966 1
1967 3
1968 3
1969 1
1970 1
1971 1
1972 1
1973 0
1974 0
1975 0
1976 4
1977 0
1978 0
1979 1
1980 1
1981 1
1982 1
1983 0
1984 0
1985 1
1986 0
1987 0
1988 2
1989 0
1990 1
1991 0
1992 1
1993 4
1994 3
1995 1
1996 1
1997 0
1998 0
1999 1
