0 1
1 1
2 1
3 1
4 1
5 1
6 1
7 1
8 1
9 1
10 1
11 4
12 1
13 2
14 2
15 2
16 2
17 2
18 1
19 1
20 2
21 1
22 1
23 1
24 0
25 0
26 0
27 0
28 0
29 1
30 0
31 0
32 0
33 0
34 0
35 0
36 0
37 0
38 0
39 0
40 0
41 0
42 2
43 1
44 0
45 1
46 1
47 1
48 1
49 0
50 0
51 2
52 2
53 1
54 2
55 1
56 2
57 3
58 2
59 0
60 1
61 3
62 1
63 1
64 1
65 1
66 1
67 0
68 0
69 0
70 0
71 0
72 0
73 0
74 0
75 0
76 0
77 0
78 0
79 0
80 0
81 0
82 0
83 0
84 0
85 0
86 0
87 0
88 0
89 0
90 0
91 0
92 0
93 0
94 0
95 0
96 0
97 0
98 0
99 0
100 0
101 0
102 0
103 0
104 0
105 0
106 0
107 0
108 0
109 0
110 0
111 0
112 0
113 0
114 0
115 0
116 0
117 0
118 0
119 0
120 1
121 1
122 3
123 0
124 3
125 1
126 0
127 0
128 0
129 0
130 0
131 0
132 0
133 0
134 0
135 0
136 0
137 0
138 0
139 0
140 0
141 0
142 0
143 0
144 0
145 0
146 0
147 0
148 0
149 0
150 0
151 0
152 0
153 0
154 0
155 0
156 0
157 0
158 0
159 0
160 0
161 0
162 0
163 0
164 0
165 0
166 0
167 0
168 0
169 0
170 0
171 0
172 1
173 1
174 2
175 2
176 2
177 2
178 2
179 2
180 3
181 1
182 2
183 0
184 2
185 1
186 1
187 1
188 1
189 1
190 1
191 1
192 1
193 1
194 1
195 2
196 1
197 1
198 1
199 1
200 1
201 1
202 1
203 0
204 0
205 2
206 1
207 1
208 2
209 0
210 0
211 0
212 0
213 0
214 0
215 0
216 0
217 0
218 0
219 0
220 0
221 0
222 0
223 0
224 0
225 0
226 0
227 0
228 0
229 0
230 0
231 0
232 0
233 0
234 0
235 0
236 0
237 0
238 0
239 1
240 0
241 1
242 0
243 0
244 0
245 0
246 1
247 0
248 0
249 1
250 1
251 1
252 1
253 0
254 0
255 0
256 0
257 0
258 0
259 0
260 0
261 1
262 0
263 0
264 0
265 0
266 0
267 1
268 1
269 0
270 1
271 0
272 0
273 2
274 0
275 0
276 0
277 0
278 1
279 0
280 0
281 0
282 0
283 1
284 0
285 1
286 0
287 1
288 1
289 1
290 0
291 1
292 1
293 1
294 1
295 1
296 1
297 1
298 1
299 1
300 2
301 1
302 1
303 0
304 0
305 1
306 2
307 0
308 0
309 2
310 1
311 1
312 0
313 0
314 1
315 0
316 1
317 1
318 1
319 1
320 2
321 1
322 1
323 4
324 1
325 1
326 1
327 1
328 1
329 0
330 0
331 0
332 1
333 0
334 0
335 0
336 0
337 0
338 0
339 0
340 0
341 0
342 0
343 0
344 0
345 0
346 0
347 0
348 0
349 0
350 0
351 0
352 0
353 0
354 0
355 0
356 0
357 0
358 0
359 0
360 0
361 1
362 1
363 1
364 1
365 1
366 2
367 1
368 2
369 2
370 1
371 0
372 0
373 0
374 1
375 1
376 0
377 0
378 3
379 0
380 1
381 1
382 1
383 2
384 1
385 1
386 2
387 1
388 2
389 1
390 0
391 0
392 0
393 1
394 0
395 1
396 2
397 0
398 2
399 2
400 0
401 2
402 2
403 0
404 2
405 1
406 2
407 1
408 2
409 1
410 1
411 1
412 1
413 1
414 1
415 0
416 1
417 1
418 0
419 0
420 1
421 0
422 2
423 2
424 1
425 2
426 0
427 0
428 1
429 1
430 0
431 0
432 1
433 0
434 0
435 1
436 1
437 2
438 1
439 1
440 2
441 1
442 1
443 2
444 1
445 0
446 1
447 2
448 0
449 2
450 2
451 0
452 0
453 0
454 0
455 0
456 1
457 1
458 1
459 1
460 1
461 1
462 1
463 1
464 1
465 1
466 2
467 1
468 2
469 1
470 0
471 0
472 0
473 0
474 0
475 0
476 0
477 0
478 0
479 1
480 1
481 1
482 2
483 0
484 2
485 1
486 1
487 1
488 1
489 2
490 1
491 0
492 1
493 1
494 2
495 1
496 2
497 2
498 1
499 1
500 1
501 2
502 2
503 1
504 1
505 1
506 3
507 1
508 1
509 1
510 2
511 1
512 0
513 1
514 1
515 0
516 2
517 1
518 2
519 0
520 1
521 0
522 0
523 2
524 1
525 1
526 2
527 1
528 1
529 1
530 0
531 1
532 2
533 2
534 1
535 2
536 1
537 0
538 1
539 2
540 0
541 1
542 1
543 0
544 2
545 1
546 1
547 0
548 1
549 1
550 1
551 2
552 1
553 1
554 0
555 2
556 0
557 0
558 0
559 0
560 0
561 0
562 0
563 0
564 0
565 0
566 1
567 0
568 1
569 2
570 1
571 2
572 0
573 1
574 0
575 0
576 1
577 0
578 0
579 1
580 1
581 0
582 0
583 1
584 1
585 0
586 1
587 1
588 0
589 1
590 2
591 0
592 0
593 1
594 2
595 1
596 2
597 0
598 1
599 1
600 3
601 1
602 1
603 1
604 1
605 1
606 0
607 2
608 1
609 0
610 1
611 1
612 1
613 1
614 0
615 0
616 1
617 1
618 0
619 1
620 0
621 2
622 2
623 1
624 3
625 2
626 3
627 1
628 1
629 0
630 2
631 0
632 2
633 2
634 2
635 1
636 3
637 1
638 2
639 3
640 1
641 0
642 2
643 1
644 2
645 1
646 0
647 1
648 2
649 0
650 0
651 1
652 0
653 1
654 0
655 2
656 1
657 2
658 0
659 2
660 1
661 0
662 0
663 0
664 2
665 0
666 1
667 1
668 1
669 1
670 0
671 1
672 1
673 2
674 1
675 1
676 2
677 1
678 1
679 1
680 0
681 1
682 1
683 2
684 2
685 2
686 2
687 1
688 1
689 1
690 2
691 1
692 1
693 0
694 2
695 1
696 0
697 1
698 1
699 2
700 1
701 2
702 1
703 1
704 2
705 0
706 2
707 2
708 1
709 2
710 1
711 2
712 2
713 1
714 1
715 2
716 1
717 0
718 1
719 0
720 1
721 1
722 0
723 1
724 1
725 0
726 1
727 2
728 1
729 0
730 1
731 1
732 0
733 2
734 2
735 1
736 1
737 1
738 1
739 2
740 1
741 1
742 1
743 2
744 1
745 1
746 1
747 1
748 1
749 2
750 0
751 2
752 2
753 1
754 0
755 0
756 1
757 1
758 2
759 0
760 0
761 0
762 0
763 1
764 1
765 1
766 1
767 1
768 0
769 1
770 2
771 1
772 0
773 1
774 0
775 1
776 0
777 0
778 0
779 1
780 0
781 3
782 2
783 0
784 0
785 1
786 2
787 2
788 1
789 0
790 1
791 1
792 1
793 0
794 0
795 0
796 0
797 1
798 0
799 1
800 0
801 1
802 2
803 1
804 1
805 2
806 0
807 2
808 1
809 2
810 2
811 2
812 1
813 2
814 0
815 2
816 2
817 1
818 0
819 1
820 1
821 0
822 1
823 1
824 2
825 1
826 1
827 0
828 1
829 1
830 1
831 1
832 1
833 1
834 1
835 2
836 1
837 1
838 1
839 2
840 1
841 2
842 2
843 0
844 2
845 1
846 2
847 1
848 2
849 2
850 2
851 2
852 2
853 2
854 1
855 0
856 1
857 1
858 1
859 2
860 1
861 1
862 1
863 0
864 2
865 1
866 1
867 2
868 1
869 1
870 2
871 0
872 1
873 2
874 1
875 1
876 1
877 0
878 0
879 1
880 1
881 0
882 0
883 1
884 1
885 0
886 0
887 0
888 0
889 0
890 0
891 0
892 1
893 1
894 1
895 1
896 1
897 1
898 1
899 1
900 1
901 0
902 0
903 1
904 1
905 0
906 1
907 1
908 2
909 2
910 1
911 1
912 1
913 0
914 0
915 1
916 1
917 1
918 1
919 1
920 1
921 0
922 1
923 1
924 0
925 0
926 0
927 0
928 0
929 0
930 0
931 2
932 0
933 0
934 0
935 1
936 2
937 1
938 1
939 1
940 2
941 2
942 1
943 0
944 0
945 2
946 2
947 1
948 1
949 2
950 0
951 0
952 1
953 1
954 1
955 1
956 0
957 0
958 1
959 0
960 0
961 0
962 1
963 1
964 1
965 1
966 0
967 2
968 1
969 2
970 0
971 1
972 2
973 2
974 1
975 1
976 0
977 2
978 1
979 0
980 1
981 2
982 1
983 1
984 1
985 2
986 2
987 1
988 1
989 1
990 1
991 1
992 1
993 0
994 1
995 1
996 0
997 0
998 0
999 1
1000 0
1001 2
1002 0
1003 2
1004 1
1005 0
1006 1
1007 1
1008 0
1009 1
1010 2
1011 1
1012 1
1013 0
1014 1
1015 1
1016 1
1017 1
1018 1
1019 2
1020 1
1021 1
1022 1
1023 2
1024 1
1025 2
1026 0
1027 1
1028 1
1029 0
1030 1
1031 0
1032 1
1033 2
1034 1
1035 1
1036 2
1037 0
1038 0
1039 1
1040 1
1041 1
1042 1
1043 1
1044 0
1045 0
1046 1
1047 2
1048 1
1049 1
1050 2
1051 2
1052 1
1053 1
1054 0
1055 0
1056 1
1057 0
1058 0
1059 2
1060 1
1061 1
1062 1
1063 0
1064 0
1065 0
1066 1
1067 1
1068 3
1069 2
1070 1
1071 1
1072 1
1073 1
1074 1
1075 1
1076 2
1077 1
1078 0
1079 1
1080 1
1081 0
1082 2
1083 1
1084 0
1085 0
1086 1
1087 0
1088 1
1089 1
1090 1
1091 1
1092 0
1093 1
1094 1
1095 0
1096 1
1097 1
1098 1
1099 1
1100 1
1101 1
1102 0
1103 0
1104 0
1105 2
1106 1
1107 0
1108 1
1109 0
1110 1
1111 1
1112 0
1113 1
1114 1
1115 0
1116 1
1117 1
1118 2
1119 1
1120 1
1121 1
1122 1
1123 1
1124 1
1125 1
1126 2
1127 0
1128 1
1129 2
1130 1
1131 1
1132 1
1133 1
1134 0
1135 1
1136 1
1137 1
1138 1
1139 1
1140 2
1141 1
1142 1
1143 1
1144 1
1145 2
1146 0
1147 1
1148 2
1149 1
1150 2
1151 2
1152 1
1153 1
1154 1
1155 2
1156 1
1157 0
1158 1
1159 0
1160 1
1161 1
1162 1
1163 1
1164 1
1165 2
1166 1
1167 1
1168 1
1169 0
1170 1
1171 1
1172 1
1173 1
1174 1
1175 1
1176 1
1177 1
1178 1
1179 2
1180 0
1181 0
1182 1
1183 1
1184 1
1185 1
1186 1
1187 1
1188 1
1189 2
1190 1
1191 1
1192 1
1193 1
1194 0
1195 1
1196 0
1197 0
1198 1
1199 1
1200 2
1201 2
1202 0
1203 1
1204 1
1205 0
1206 1
1207 1
1208 0
1209 1
1210 1
1211 0
1212 0
1213 0
1214 1
1215 1
1216 1
1217 1
1218 1
1219 0
1220 0
1221 0
1222 0
1223 0
1224 0
1225 0
1226 0
1227 0
1228 0
1229 0
1230 1
1231 1
1232 1
1233 1
1234 1
1235 1
1236 1
1237 0
1238 1
1239 0
1240 1
1241 0
1242 1
1243 1
1244 2
1245 1
1246 0
1247 0
1248 0
1249 1
1250 1
1251 1
1252 1
1253 1
1254 1
1255 1
1256 1
1257 0
1258 1
1259 0
1260 0
1261 1
1262 0
1263 1
1264 1
1265 1
1266 2
1267 0
1268 1
1269 2
1270 2
1271 0
1272 1
1273 1
1274 2
1275 1
1276 1
1277 1
1278 1
1279 1
1280 2
1281 1
1282 0
1283 0
1284 0
1285 1
1286 1
1287 0
1288 1
1289 0
1290 1
1291 0
1292 0
1293 1
1294 2
1295 1
1296 0
1297 1
1298 2
1299 0
1300 0
1301 1
1302 0
1303 1
1304 1
1305 1
1306 2
1307 2
1308 0
1309 0
1310 2
1311 0
1312 0
1313 1
1314 1
1315 0
1316 0
1317 3
1318 1
1319 1
1320 1
1321 1
1322 1
1323 0
1324 1
1325 2
1326 0
1327 1
1328 0
1329 1
1330 1
1331 1
1332 0
1333 1
1334 1
1335 1
1336 0
1337 1
1338 1
1339 1
1340 1
1341 0
1342 0
1343 0
1344 0
1345 0
1346 0
1347 0
1348 0
1349 0
1350 0
1351 0
1352 0
1353 0
1354 0
1355 0
1356 0
1357 0
1358 0
1359 0
1360 0
1361 0
1362 0
1363 0
1364 0
1365 0
1366 0
1367 0
1368 0
1369 0
1370 0
1371 0
1372 1
1373 2
1374 1
1375 1
1376 0
1377 0
1378 0
1379 0
1380 0
1381 1
1382 1
1383 0
1384 1
1385 0
1386 2
1387 2
1388 1
1389 1
1390 0
1391 0
1392 0
1393 0
1394 0
1395 0
1396 2
1397 0
1398 0
1399 0
1400 0
1401 0
1402 0
1403 0
1404 0
1405 0
1406 0
1407 0
1408 1
1409 1
1410 1
1411 0
1412 0
1413 0
1414 1
1415 1
1416 2
1417 0
1418 2
1419 2
1420 3
1421 1
1422 2
1423 2
1424 1
1425 3
1426 1
1427 2
1428 2
1429 1
1430 3
1431 0
1432 1
1433 1
1434 1
1435 2
1436 2
1437 2
1438 1
1439 1
1440 1
1441 1
1442 1
1443 0
1444 0
1445 1
1446 2
1447 1
1448 2
1449 0
1450 2
1451 2
1452 1
1453 1
1454 0
1455 2
1456 1
1457 1
1458 0
1459 0
1460 0
1461 0
1462 0
1463 0
1464 0
1465 0
1466 0
1467 0
1468 1
1469 0
1470 1
1471 1
1472 1
1473 2
1474 1
1475 1
1476 1
1477 0
1478 1
1479 2
1480 1
1481 2
1482 2
1483 1
1484 1
1485 2
1486 2
1487 2
1488 2
1489 1
1490 1
1491 1
1492 0
1493 1
1494 1
1495 2
1496 1
1497 1
1498 0
1499 2
1500 3
1501 1
1502 2
1503 2
1504 1
1505 3
1506 2
1507 3
1508 2
1509 1
1510 2
1511 3
1512 1
1513 2
1514 1
1515 0
1516 2
1517 0
1518 1
1519 0
1520 1
1521 1
1522 0
1523 2
1524 1
1525 0
1526 0
1527 0
1528 2
1529 1
1530 1
1531 1
1532 1
1533 1
1534 0
1535 1
1536 0
1537 1
1538 0
1539 1
1540 1
1541 0
1542 0
1543 0
1544 0
1545 0
1546 0
1547 0
1548 0
1549 0
1550 0
1551 0
1552 0
1553 0
1554 0
1555 0
1556 0
1557 0
1558 0
1559 0
1560 0
1561 0
1562 0
1563 1
1564 3
1565 0
1566 3
1567 2
1568 0
1569 1
1570 3
1571 1
1572 2
1573 1
1574 0
1575 0
1576 1
1577 1
1578 1
1579 1
1580 0
1581 1
1582 1
1583 1
1584 0
1585 1
1586 0
1587 0
1588 1
1589 1
1590 2
1591 1
1592 1
1593 0
1594 0
1595 0
1596 0
1597 0
1598 0
1599 0
1600 0
1601 0
1602 0
1603 0
1604 0
1605 0
1606 0
1607 0
1608 0
1609 0
1610 3
1611 2
1612 3
1613 1
1614 1
1615 1
1616 1
1617 1
1618 2
1619 1
1620 3
1621 1
1622 2
1623 2
1624 2
1625 2
1626 1
1627 2
1628 1
1629 0
1630 3
1631 2
1632 2
1633 0
1634 1
1635 1
1636 0
1637 1
1638 0
1639 1
1640 1
1641 0
1642 0
1643 0
1644 2
1645 1
1646 0
1647 1
1648 1
1649 1
1650 0
1651 0
1652 1
1653 2
1654 1
1655 1
1656 0
1657 0
1658 0
1659 0
1660 0
1661 0
1662 0
1663 2
1664 2
1665 2
1666 1
1667 1
1668 0
1669 0
1670 0
1671 0
1672 0
1673 0
1674 0
1675 0
1676 0
1677 0
1678 1
1679 0
1680 1
1681 0
1682 1
1683 1
1684 1
1685 1
1686 2
1687 2
1688 1
1689 1
1690 1
1691 2
1692 1
1693 0
1694 0
1695 0
1696 1
1697 1
1698 1
1699 0
1700 1
1701 1
1702 0
1703 1
1704 3
1705 5
1706 3
1707 1
1708 0
1709 1
1710 1
1711 0
1712 1
1713 0
1714 1
1715 2
1716 2
1717 0
1718 3
1719 1
1720 0
1721 1
1722 2
1723 3
1724 2
1725 1
1726 2
1727 1
1728 1
1729 3
1730 1
1731 3
1732 0
1733 0
1734 0
1735 0
1736 0
1737 0
1738 0
1739 0
1740 1
1741 0
1742 0
1743 0
1744 0
1745 2
1746 0
1747 0
1748 0
1749 0
1750 1
1751 0
1752 0
1753 0
1754 0
1755 0
1756 1
1757 0
1758 0
1759 0
1760 0
1761 0
1762 0
1763 0
1764 0
1765 0
1766 1
1767 0
1768 0
1769 0
1770 1
1771 1
1772 1
1773 0
1774 0
1775 0
1776 0
1777 1
1778 1
1779 0
1780 0
1781 1
1782 0
1783 0
1784 0
1785 0
1786 0
1787 0
1788 0
1789 0
1790 0
1791 0
1792 0
1793 0
1794 0
1795 0
1796 0
1797 0
1798 0
1799 0
1800 0
1801 0
1802 0
1803 0
1804 0
1805 0
1806 0
1807 0
1808 0
1809 0
1810 0
1811 0
1812 0
1813 0
1814 0
1815 0
1816 0
1817 0
1818 0
1819 0
1820 0
1821 0
1822 0
1823 0
1824 0
1825 0
1826 0
1827 0
1828 0
1829 0
1830 0
1831 0
1832 0
1833 0
1834 0
1835 1
1836 0
1837 1
1838 3
1839 0
1840 0
1841 1
1842 1
1843 2
1844 0
1845 0
1846 0
1847 0
1848 0
1849 1
1850 3
1851 1
1852 3
1853 2
1854 0
1855 0
1856 0
1857 0
1858 1
1859 2
1860 1
1861 2
1862 1
1863 1
1864 1
1865 1
1866 1
1867 1
1868 1
1869 1
1870 0
1871 1
1872 0
1873 1
1874 0
1875 0
1876 0
1877 0
1878 0
1879 0
1880 0
1881 0
1882 0
1883 0
1884 0
1885 0
1886 0
1887 0
1888 0
1889 0
1890 0
1891 0
1892 0
1893 0
1894 0
1895 0
1896 0
1897 0
1898 0
1899 0
1900 1
1901 1
1902 1
1903 3
1904 2
1905 1
1906 0
1907 0
1908 2
1909 2
1910 0
1911 1
1912 2
1913 2
1914 1
1915 1
1916 1
1917 1
1918 1
1919 1
1920 1
1921 1
1922 0
1923 1
1924 1
1925 1
1926 1
1927 1
1928 1
1929 1
1930 1
1931 1
1932 2
1933 2
1934 2
1935 1
1936 0
1937 1
1938 0
1939 2
1940 0
1941 1
1942 1
1943 1
1944 1
1945 3
1946 1
1947 1
1948 1
1949 0
1950 1
1951 1
1952 1
1953 0
1954 1
1955 1
1956 1
1957 1
1958 1
1959 1
1960 1
1961 0
1962 0
1963 1
1964 1
1965 1
1966 2
1967 1
1968 1
1969 1
1970 1
1971 1
1972 1
1973 1
1974 0
1975 0
1976 1
1977 1
1978 0
1979 1
1980 0
1981 0
1982 0
1983 2
1984 0
1985 1
1986 0
1987 0
1988 0
1989 0
1990 0
1991 0
1992 3
1993 1
1994 0
1995 1
1996 0
1997 2
1998 2
1999 2
