0 1
1 2
2 1
3 1
4 1
5 1
6 1
7 0
8 0
9 0
10 0
11 0
12 0
13 0
14 0
15 0
16 3
17 0
18 0
19 0
20 0
21 0
22 0
23 0
24 2
25 0
26 1
27 2
28 1
29 1
30 0
31 1
32 0
33 1
34 1
35 2
36 2
37 2
38 0
39 0
40 0
41 0
42 0
43 0
44 0
45 0
46 0
47 0
48 0
49 0
50 0
51 0
52 0
53 0
54 0
55 0
56 0
57 0
58 0
59 0
60 0
61 0
62 0
63 0
64 0
65 0
66 0
67 0
68 0
69 0
70 0
71 0
72 0
73 0
74 0
75 0
76 0
77 0
78 0
79 0
80 0
81 0
82 0
83 0
84 0
85 0
86 0
87 0
88 0
89 0
90 0
91 0
92 0
93 0
94 0
95 0
96 0
97 0
98 0
99 0
100 0
101 0
102 0
103 0
104 0
105 0
106 0
107 0
108 0
109 0
110 0
111 0
112 0
113 0
114 0
115 0
116 0
117 0
118 0
119 0
120 0
121 0
122 0
123 0
124 0
125 0
126 0
127 0
128 0
129 0
130 0
131 0
132 0
133 0
134 0
135 0
136 0
137 0
138 0
139 0
140 0
141 0
142 0
143 0
144 0
145 0
146 0
147 0
148 0
149 0
150 0
151 0
152 0
153 0
154 0
155 0
156 0
157 0
158 0
159 0
160 0
161 0
162 0
163 0
164 0
165 2
166 1
167 0
168 0
169 3
170 3
171 0
172 3
173 2
174 0
175 0
176 0
177 3
178 2
179 2
180 3
181 2
182 3
183 2
184 1
185 1
186 2
187 2
188 2
189 0
190 1
191 3
192 3
193 3
194 2
195 2
196 3
197 0
198 1
199 0
200 0
201 1
202 2
203 2
204 2
205 1
206 0
207 0
208 0
209 0
210 1
211 0
212 1
213 1
214 0
215 0
216 0
217 0
218 0
219 1
220 0
221 1
222 0
223 1
224 1
225 1
226 0
227 1
228 0
229 0
230 0
231 0
232 0
233 0
234 0
235 0
236 0
237 0
238 0
239 0
240 0
241 0
242 0
243 0
244 0
245 0
246 0
247 2
248 0
249 0
250 0
251 0
252 0
253 0
254 1
255 0
256 0
257 0
258 0
259 0
260 0
261 0
262 0
263 1
264 0
265 0
266 0
267 0
268 0
269 0
270 0
271 0
272 0
273 1
274 1
275 1
276 0
277 2
278 1
279 1
280 3
281 0
282 0
283 0
284 1
285 2
286 1
287 1
288 0
289 3
290 0
291 0
292 0
293 1
294 1
295 1
296 2
297 1
298 1
299 1
300 0
301 2
302 1
303 0
304 1
305 1
306 2
307 2
308 1
309 1
310 1
311 0
312 1
313 0
314 2
315 1
316 1
317 1
318 0
319 1
320 0
321 0
322 1
323 1
324 3
325 1
326 1
327 2
328 1
329 2
330 0
331 2
332 2
333 3
334 1
335 1
336 2
337 2
338 1
339 2
340 2
341 2
342 0
343 2
344 3
345 0
346 2
347 1
348 1
349 1
350 1
351 2
352 1
353 1
354 3
355 0
356 2
357 1
358 1
359 2
360 2
361 1
362 2
363 2
364 2
365 2
366 2
367 2
368 0
369 1
370 2
371 2
372 0
373 2
374 2
375 0
376 1
377 1
378 1
379 1
380 1
381 2
382 1
383 2
384 2
385 2
386 1
387 2
388 1
389 2
390 1
391 1
392 2
393 3
394 2
395 1
396 2
397 2
398 2
399 2
400 1
401 2
402 2
403 2
404 2
405 2
406 2
407 2
408 2
409 0
410 2
411 2
412 2
413 2
414 1
415 3
416 2
417 3
418 2
419 1
420 2
421 2
422 1
423 3
424 2
425 3
426 2
427 3
428 1
429 2
430 3
431 2
432 2
433 2
434 1
435 2
436 2
437 2
438 1
439 2
440 1
441 2
442 2
443 1
444 2
445 1
446 2
447 0
448 1
449 0
450 1
451 2
452 1
453 1
454 1
455 2
456 2
457 1
458 1
459 1
460 2
461 1
462 1
463 1
464 0
465 2
466 0
467 1
468 2
469 1
470 1
471 2
472 1
473 2
474 0
475 0
476 0
477 0
478 0
479 0
480 1
481 0
482 1
483 0
484 2
485 1
486 1
487 0
488 0
489 0
490 0
491 0
492 0
493 0
494 0
495 1
496 1
497 0
498 0
499 0
500 0
501 0
502 2
503 0
504 0
505 1
506 0
507 1
508 3
509 1
510 3
511 1
512 0
513 0
514 2
515 0
516 0
517 1
518 2
519 1
520 1
521 1
522 0
523 1
524 1
525 1
526 0
527 0
528 0
529 0
530 0
531 0
532 0
533 0
534 0
535 0
536 0
537 0
538 0
539 0
540 0
541 0
542 0
543 0
544 0
545 2
546 0
547 0
548 2
549 1
550 0
551 0
552 1
553 1
554 0
555 2
556 0
557 0
558 0
559 0
560 0
561 2
562 2
563 0
564 1
565 1
566 1
567 0
568 2
569 2
570 1
571 1
572 0
573 1
574 1
575 1
576 1
577 1
578 2
579 1
580 1
581 1
582 2
583 1
584 2
585 3
586 1
587 2
588 1
589 2
590 0
591 0
592 1
593 0
594 0
595 0
596 1
597 2
598 0
599 1
600 2
601 2
602 2
603 1
604 1
605 2
606 2
607 2
608 3
609 2
610 2
611 1
612 0
613 1
614 1
615 1
616 0
617 0
618 0
619 0
620 0
621 0
622 0
623 0
624 0
625 0
626 1
627 1
628 0
629 0
630 0
631 0
632 0
633 0
634 0
635 0
636 1
637 0
638 0
639 0
640 1
641 0
642 0
643 2
644 0
645 0
646 1
647 0
648 0
649 0
650 0
651 0
652 0
653 0
654 0
655 0
656 0
657 0
658 0
659 0
660 0
661 0
662 0
663 0
664 1
665 0
666 0
667 1
668 0
669 0
670 0
671 0
672 0
673 0
674 0
675 0
676 0
677 0
678 0
679 0
680 0
681 0
682 1
683 0
684 1
685 0
686 0
687 1
688 0
689 0
690 1
691 1
692 0
693 1
694 0
695 0
696 0
697 0
698 0
699 0
700 0
701 0
702 0
703 0
704 0
705 0
706 0
707 0
708 0
709 0
710 0
711 0
712 0
713 0
714 0
715 1
716 0
717 0
718 0
719 0
720 0
721 0
722 0
723 0
724 0
725 1
726 0
727 0
728 0
729 1
730 1
731 1
732 1
733 0
734 0
735 0
736 0
737 1
738 0
739 0
740 0
741 0
742 0
743 0
744 1
745 1
746 0
747 1
748 0
749 0
750 0
751 0
752 0
753 0
754 0
755 0
756 0
757 0
758 0
759 0
760 0
761 0
762 0
763 0
764 0
765 0
766 0
767 0
768 1
769 1
770 0
771 0
772 0
773 0
774 0
775 0
776 0
777 0
778 0
779 0
780 0
781 1
782 0
783 1
784 0
785 0
786 0
787 0
788 0
789 0
790 0
791 0
792 0
793 0
794 0
795 0
796 0
797 0
798 0
799 0
800 0
801 0
802 0
803 0
804 0
805 0
806 1
807 0
808 1
809 2
810 0
811 0
812 0
813 1
814 0
815 0
816 0
817 0
818 0
819 0
820 0
821 0
822 0
823 0
824 0
825 0
826 1
827 0
828 0
829 0
830 0
831 0
832 0
833 0
834 0
835 0
836 0
837 1
838 0
839 0
840 0
841 0
842 0
843 0
844 0
845 0
846 0
847 1
848 1
849 0
850 1
851 0
852 0
853 0
854 0
855 1
856 0
857 0
858 0
859 0
860 0
861 0
862 1
863 0
864 0
865 0
866 0
867 0
868 0
869 0
870 0
871 0
872 0
873 0
874 0
875 0
876 0
877 1
878 0
879 0
880 1
881 0
882 1
883 0
884 0
885 1
886 1
887 1
888 0
889 0
890 0
891 0
892 0
893 0
894 0
895 2
896 1
897 0
898 1
899 0
900 0
901 1
902 0
903 0
904 0
905 0
906 1
907 0
908 0
909 0
910 0
911 0
912 0
913 0
914 0
915 0
916 0
917 1
918 0
919 0
920 0
921 0
922 0
923 0
924 0
925 0
926 0
927 0
928 0
929 0
930 0
931 0
932 1
933 0
934 0
935 0
936 0
937 0
938 1
939 0
940 0
941 0
942 0
943 0
944 1
945 0
946 0
947 0
948 1
949 0
950 0
951 0
952 0
953 0
954 0
955 0
956 0
957 1
958 0
959 0
960 0
961 0
962 0
963 0
964 0
965 0
966 1
967 1
968 0
969 2
970 0
971 0
972 0
973 0
974 0
975 0
976 0
977 0
978 0
979 0
980 0
981 0
982 0
983 2
984 0
985 0
986 0
987 0
988 0
989 0
990 0
991 0
992 1
993 0
994 1
995 0
996 0
997 0
998 1
999 0
1000 0
1001 0
1002 0
1003 0
1004 1
1005 1
1006 0
1007 0
1008 0
1009 0
1010 0
1011 0
1012 1
1013 0
1014 0
1015 0
1016 0
1017 0
1018 0
1019 0
1020 0
1021 0
1022 1
1023 0
1024 0
1025 0
1026 0
1027 0
1028 0
1029 1
1030 0
1031 1
1032 0
1033 0
1034 0
1035 1
1036 1
1037 0
1038 0
1039 0
1040 0
1041 0
1042 0
1043 2
1044 0
1045 0
1046 0
1047 0
1048 0
1049 2
1050 0
1051 0
1052 0
1053 1
1054 0
1055 0
1056 1
1057 2
1058 0
1059 1
1060 1
1061 0
1062 0
1063 0
1064 0
1065 0
1066 0
1067 0
1068 0
1069 0
1070 0
1071 0
1072 0
1073 1
1074 0
1075 0
1076 0
1077 2
1078 2
1079 1
1080 0
1081 2
1082 1
1083 2
1084 2
1085 1
1086 1
1087 1
1088 2
1089 2
1090 1
1091 1
1092 2
1093 1
1094 0
1095 1
1096 1
1097 1
1098 0
1099 1
1100 1
1101 1
1102 1
1103 0
1104 1
1105 1
1106 0
1107 0
1108 0
1109 0
1110 0
1111 0
1112 0
1113 0
1114 0
1115 0
1116 0
1117 0
1118 1
1119 0
1120 1
1121 0
1122 0
1123 0
1124 0
1125 0
1126 0
1127 0
1128 0
1129 1
1130 0
1131 0
1132 0
1133 0
1134 0
1135 0
1136 0
1137 0
1138 0
1139 0
1140 0
1141 0
1142 0
1143 0
1144 0
1145 0
1146 0
1147 0
1148 0
1149 0
1150 0
1151 0
1152 0
1153 0
1154 0
1155 0
1156 0
1157 0
1158 0
1159 1
1160 0
1161 0
1162 0
1163 0
1164 1
1165 0
1166 0
1167 0
1168 0
1169 0
1170 0
1171 0
1172 0
1173 0
1174 1
1175 0
1176 0
1177 0
1178 1
1179 0
1180 0
1181 0
1182 0
1183 0
1184 1
1185 0
1186 1
1187 1
1188 0
1189 1
1190 0
1191 0
1192 2
1193 0
1194 0
1195 0
1196 1
1197 0
1198 0
1199 0
1200 0
1201 1
1202 0
1203 0
1204 0
1205 0
1206 0
1207 0
1208 0
1209 0
1210 0
1211 0
1212 0
1213 0
1214 0
1215 1
1216 0
1217 0
1218 0
1219 0
1220 0
1221 0
1222 0
1223 0
1224 0
1225 0
1226 0
1227 1
1228 0
1229 0
1230 0
1231 0
1232 1
1233 0
1234 0
1235 0
1236 0
1237 0
1238 0
1239 0
1240 0
1241 0
1242 0
1243 0
1244 0
1245 0
1246 0
1247 0
1248 0
1249 0
1250 0
1251 0
1252 0
1253 0
1254 0
1255 0
1256 0
1257 0
1258 0
1259 0
1260 0
1261 0
1262 0
1263 0
1264 0
1265 0
1266 0
1267 0
1268 0
1269 0
1270 0
1271 0
1272 0
1273 0
1274 0
1275 0
1276 0
1277 0
1278 2
1279 1
1280 1
1281 2
1282 0
1283 0
1284 0
1285 2
1286 0
1287 2
1288 3
1289 2
1290 1
1291 2
1292 2
1293 2
1294 2
1295 1
1296 2
1297 2
1298 0
1299 0
1300 0
1301 0
1302 0
1303 0
1304 1
1305 2
1306 0
1307 1
1308 2
1309 1
1310 1
1311 0
1312 1
1313 1
1314 0
1315 0
1316 1
1317 1
1318 2
1319 2
1320 0
1321 2
1322 3
1323 3
1324 0
1325 2
1326 2
1327 1
1328 1
1329 3
1330 1
1331 1
1332 1
1333 1
1334 2
1335 3
1336 1
1337 2
1338 1
1339 0
1340 2
1341 1
1342 1
1343 1
1344 1
1345 1
1346 0
1347 2
1348 2
1349 1
1350 1
1351 2
1352 1
1353 1
1354 2
1355 1
1356 2
1357 1
1358 0
1359 2
1360 2
1361 2
1362 1
1363 1
1364 0
1365 0
1366 1
1367 3
1368 2
1369 0
1370 1
1371 1
1372 2
1373 1
1374 1
1375 1
1376 2
1377 1
1378 1
1379 2
1380 2
1381 0
1382 1
1383 1
1384 0
1385 1
1386 2
1387 1
1388 1
1389 2
1390 2
1391 1
1392 1
1393 0
1394 1
1395 2
1396 1
1397 0
1398 1
1399 1
1400 1
1401 1
1402 1
1403 2
1404 0
1405 0
1406 1
1407 2
1408 2
1409 1
1410 1
1411 1
1412 1
1413 1
1414 2
1415 1
1416 2
1417 2
1418 1
1419 1
1420 2
1421 1
1422 1
1423 1
1424 1
1425 1
1426 1
1427 2
1428 2
1429 3
1430 0
1431 1
1432 1
1433 0
1434 0
1435 1
1436 1
1437 1
1438 0
1439 0
1440 0
1441 1
1442 2
1443 1
1444 3
1445 2
1446 2
1447 1
1448 1
1449 0
1450 0
1451 0
1452 0
1453 0
1454 1
1455 0
1456 0
1457 0
1458 0
1459 0
1460 0
1461 0
1462 1
1463 1
1464 0
1465 1
1466 1
1467 1
1468 1
1469 1
1470 1
1471 2
1472 3
1473 1
1474 4
1475 0
1476 0
1477 0
1478 1
1479 1
1480 0
1481 1
1482 1
1483 1
1484 0
1485 0
1486 0
1487 1
1488 2
1489 0
1490 2
1491 1
1492 0
1493 1
1494 0
1495 1
1496 1
1497 1
1498 1
1499 1
1500 1
1501 1
1502 1
1503 1
1504 1
1505 2
1506 0
1507 0
1508 1
1509 0
1510 0
1511 0
1512 1
1513 0
1514 1
1515 2
1516 2
1517 1
1518 1
1519 3
1520 1
1521 3
1522 2
1523 0
1524 0
1525 0
1526 0
1527 0
1528 1
1529 0
1530 0
1531 0
1532 0
1533 0
1534 0
1535 0
1536 0
1537 1
1538 1
1539 0
1540 1
1541 0
1542 1
1543 0
1544 0
1545 0
1546 0
1547 0
1548 1
1549 0
1550 1
1551 0
1552 2
1553 0
1554 2
1555 0
1556 2
1557 0
1558 0
1559 1
1560 1
1561 0
1562 2
1563 0
1564 0
1565 0
1566 0
1567 1
1568 0
1569 0
1570 1
1571 1
1572 0
1573 1
1574 1
1575 0
1576 1
1577 0
1578 1
1579 0
1580 0
1581 0
1582 0
1583 0
1584 0
1585 1
1586 0
1587 0
1588 0
1589 0
1590 0
1591 0
1592 0
1593 0
1594 0
1595 0
1596 0
1597 1
1598 0
1599 0
1600 1
1601 0
1602 1
1603 0
1604 0
1605 1
1606 0
1607 0
1608 0
1609 0
1610 0
1611 0
1612 0
1613 0
1614 1
1615 0
1616 0
1617 0
1618 0
1619 0
1620 0
1621 0
1622 0
1623 0
1624 0
1625 0
1626 0
1627 0
1628 0
1629 2
1630 1
1631 2
1632 1
1633 1
1634 1
1635 0
1636 0
1637 0
1638 0
1639 0
1640 1
1641 0
1642 0
1643 0
1644 1
1645 2
1646 2
1647 1
1648 0
1649 0
1650 0
1651 0
1652 0
1653 2
1654 0
1655 1
1656 2
1657 0
1658 0
1659 0
1660 1
1661 2
1662 2
1663 1
1664 1
1665 1
1666 1
1667 1
1668 2
1669 1
1670 0
1671 0
1672 0
1673 0
1674 1
1675 3
1676 0
1677 1
1678 1
1679 0
1680 3
1681 1
1682 2
1683 0
1684 1
1685 1
1686 1
1687 1
1688 1
1689 1
1690 1
1691 1
1692 1
1693 0
1694 2
1695 2
1696 1
1697 1
1698 1
1699 1
1700 0
1701 1
1702 3
1703 1
1704 1
1705 1
1706 1
1707 1
1708 1
1709 1
1710 1
1711 1
1712 1
1713 1
1714 1
1715 1
1716 1
1717 0
1718 2
1719 2
1720 0
1721 1
1722 1
1723 1
1724 1
1725 1
1726 1
1727 0
1728 1
1729 1
1730 1
1731 1
1732 2
1733 1
1734 1
1735 2
1736 1
1737 1
1738 1
1739 1
1740 3
1741 1
1742 2
1743 2
1744 3
1745 2
1746 1
1747 1
1748 1
1749 1
1750 0
1751 1
1752 0
1753 1
1754 1
1755 1
1756 1
1757 1
1758 0
1759 2
1760 1
1761 1
1762 1
1763 1
1764 0
1765 1
1766 1
1767 1
1768 1
1769 1
1770 1
1771 1
1772 1
1773 1
1774 0
1775 0
1776 1
1777 1
1778 1
1779 1
1780 2
1781 1
1782 1
1783 1
1784 3
1785 1
1786 1
1787 0
1788 0
1789 0
1790 1
1791 1
1792 0
1793 1
1794 1
1795 2
1796 1
1797 1
1798 1
1799 1
1800 1
1801 0
1802 0
1803 1
1804 1
1805 0
1806 1
1807 0
1808 0
1809 1
1810 2
1811 2
1812 2
1813 1
1814 1
1815 1
1816 1
1817 1
1818 3
1819 1
1820 2
1821 3
1822 0
1823 1
1824 2
1825 0
1826 1
1827 1
1828 1
1829 0
1830 1
1831 1
1832 1
1833 1
1834 1
1835 1
1836 1
1837 1
1838 2
1839 1
1840 0
1841 0
1842 1
1843 1
1844 1
1845 1
1846 1
1847 1
1848 1
1849 1
1850 1
1851 1
1852 2
1853 0
1854 1
1855 0
1856 0
1857 1
1858 0
1859 0
1860 0
1861 0
1862 0
1863 0
1864 0
1865 0
1866 0
1867 0
1868 0
1869 0
1870 0
1871 0
1872 0
1873 0
1874 0
1875 0
1876 0
1877 0
1878 0
1879 0
1880 0
1881 1
1882 0
1883 0
1884 0
1885 0
1886 0
1887 0
1888 0
1889 1
1890 0
1891 0
1892 0
1893 0
1894 1
1895 0
1896 0
1897 0
1898 1
1899 0
1900 0
1901 0
1902 0
1903 0
1904 0
1905 0
1906 0
1907 0
1908 0
1909 0
1910 0
1911 0
1912 0
1913 0
1914 0
1915 0
1916 0
1917 0
1918 0
1919 0
1920 0
1921 0
1922 0
1923 0
1924 0
1925 0
1926 0
1927 0
1928 0
1929 0
1930 1
1931 1
1932 1
1933 2
1934 2
1935 2
1936 1
1937 0
1938 1
1939 1
1940 2
1941 0
1942 2
1943 1
1944 2
1945 1
1946 1
1947 2
1948 1
1949 1
1950 1
1951 1
1952 1
1953 1
1954 0
1955 1
1956 1
1957 3
1958 1
1959 2
1960 0
1961 2
1962 1
1963 2
1964 1
1965 1
1966 1
1967 2
1968 2
1969 0
1970 1
1971 1
1972 1
1973 2
1974 2
1975 1
1976 2
1977 1
1978 1
1979 1
1980 1
1981 2
1982 1
1983 1
1984 1
1985 1
1986 1
1987 1
1988 0
1989 1
1990 1
1991 1
1992 0
1993 1
1994 0
1995 1
1996 1
1997 1
1998 0
1999 2
