0 3
1 3
2 4
3 0
4 3
5 4
6 3
7 3
8 2
9 1
10 2
11 1
12 1
13 1
14 3
15 3
16 2
17 2
18 2
19 1
20 2
21 2
22 1
23 3
24 3
25 4
26 3
27 3
28 2
29 1
30 3
31 0
32 1
33 0
34 0
35 0
36 1
37 1
38 2
39 1
40 0
41 1
42 1
43 0
44 0
45 0
46 1
47 1
48 0
49 0
50 0
51 0
52 0
53 0
54 0
55 0
56 1
57 1
58 0
59 3
60 0
61 0
62 0
63 0
64 0
65 0
66 0
67 0
68 0
69 0
70 0
71 0
72 0
73 0
74 0
75 0
76 0
77 0
78 0
79 0
80 1
81 1
82 1
83 1
84 1
85 0
86 1
87 1
88 1
89 1
90 1
91 1
92 1
93 2
94 0
95 0
96 1
97 0
98 0
99 0
100 0
101 0
102 0
103 0
104 1
105 1
106 2
107 2
108 1
109 0
110 0
111 0
112 1
113 2
114 2
115 1
116 2
117 0
118 1
119 1
120 1
121 1
122 1
123 0
124 0
125 1
126 1
127 1
128 2
129 1
130 2
131 1
132 2
133 1
134 1
135 2
136 1
137 2
138 0
139 0
140 1
141 2
142 1
143 0
144 0
145 0
146 0
147 0
148 1
149 0
150 0
151 0
152 0
153 1
154 0
155 0
156 0
157 0
158 0
159 0
160 0
161 0
162 0
163 0
164 1
165 0
166 0
167 2
168 0
169 0
170 0
171 0
172 0
173 0
174 0
175 0
176 0
177 1
178 1
179 1
180 1
181 1
182 1
183 2
184 1
185 1
186 1
187 0
188 1
189 1
190 1
191 1
192 2
193 0
194 1
195 1
196 2
197 0
198 1
199 1
200 1
201 1
202 2
203 0
204 1
205 1
206 1
207 1
208 1
209 1
210 1
211 2
212 2
213 1
214 1
215 1
216 1
217 1
218 0
219 1
220 2
221 2
222 1
223 0
224 1
225 1
226 2
227 2
228 1
229 0
230 0
231 1
232 3
233 2
234 2
235 2
236 3
237 2
238 1
239 2
240 1
241 1
242 3
243 2
244 1
245 1
246 0
247 1
248 1
249 1
250 1
251 1
252 1
253 0
254 1
255 0
256 0
257 0
258 0
259 0
260 0
261 0
262 0
263 0
264 0
265 0
266 0
267 0
268 0
269 0
270 0
271 0
272 0
273 0
274 0
275 0
276 0
277 1
278 0
279 0
280 0
281 1
282 1
283 0
284 0
285 0
286 0
287 0
288 2
289 2
290 1
291 1
292 1
293 1
294 1
295 1
296 0
297 0
298 0
299 0
300 2
301 0
302 1
303 0
304 2
305 2
306 0
307 1
308 1
309 2
310 0
311 2
312 1
313 1
314 1
315 1
316 1
317 0
318 1
319 0
320 1
321 1
322 1
323 1
324 1
325 0
326 2
327 0
328 2
329 0
330 1
331 1
332 2
333 1
334 1
335 2
336 2
337 2
338 2
339 0
340 0
341 1
342 0
343 0
344 0
345 1
346 0
347 0
348 2
349 1
350 0
351 1
352 1
353 2
354 1
355 1
356 1
357 1
358 1
359 0
360 1
361 1
362 0
363 2
364 1
365 2
366 1
367 1
368 0
369 0
370 1
371 2
372 0
373 0
374 0
375 0
376 1
377 1
378 1
379 1
380 2
381 2
382 0
383 1
384 1
385 1
386 1
387 0
388 1
389 1
390 1
391 0
392 0
393 0
394 1
395 1
396 2
397 1
398 1
399 1
400 1
401 1
402 1
403 2
404 1
405 1
406 1
407 2
408 1
409 0
410 0
411 0
412 1
413 1
414 2
415 1
416 1
417 1
418 1
419 0
420 2
421 1
422 1
423 1
424 1
425 2
426 1
427 1
428 1
429 2
430 1
431 1
432 1
433 1
434 1
435 2
436 0
437 0
438 0
439 1
440 1
441 1
442 1
443 2
444 1
445 2
446 1
447 1
448 1
449 2
450 2
451 1
452 1
453 1
454 0
455 2
456 1
457 2
458 1
459 1
460 1
461 1
462 0
463 1
464 0
465 1
466 1
467 0
468 0
469 0
470 0
471 1
472 1
473 1
474 0
475 1
476 0
477 1
478 0
479 0
480 0
481 0
482 1
483 1
484 1
485 1
486 1
487 1
488 1
489 0
490 1
491 1
492 0
493 0
494 0
495 0
496 1
497 1
498 0
499 1
500 0
501 1
502 2
503 1
504 0
505 1
506 2
507 1
508 2
509 1
510 1
511 2
512 1
513 2
514 1
515 1
516 1
517 0
518 1
519 1
520 1
521 1
522 1
523 1
524 2
525 1
526 1
527 1
528 1
529 1
530 1
531 1
532 1
533 1
534 1
535 1
536 1
537 2
538 2
539 2
540 0
541 1
542 2
543 1
544 1
545 1
546 0
547 0
548 1
549 1
550 1
551 1
552 1
553 1
554 1
555 1
556 2
557 2
558 2
559 1
560 1
561 1
562 1
563 1
564 2
565 1
566 1
567 2
568 2
569 2
570 1
571 2
572 1
573 1
574 1
575 1
576 1
577 1
578 1
579 1
580 1
581 2
582 2
583 0
584 3
585 1
586 1
587 1
588 2
589 1
590 2
591 1
592 0
593 0
594 1
595 0
596 1
597 0
598 0
599 1
600 0
601 1
602 1
603 1
604 0
605 0
606 1
607 1
608 0
609 3
610 1
611 1
612 2
613 1
614 1
615 0
616 1
617 1
618 0
619 1
620 1
621 1
622 1
623 0
624 0
625 1
626 1
627 1
628 1
629 1
630 0
631 0
632 1
633 1
634 1
635 0
636 1
637 1
638 1
639 1
640 0
641 1
642 1
643 0
644 0
645 1
646 1
647 0
648 1
649 1
650 1
651 1
652 2
653 1
654 1
655 1
656 1
657 1
658 0
659 0
660 2
661 1
662 0
663 1
664 1
665 1
666 1
667 1
668 1
669 1
670 1
671 1
672 1
673 1
674 1
675 1
676 1
677 1
678 0
679 1
680 1
681 1
682 0
683 2
684 1
685 1
686 0
687 1
688 1
689 1
690 1
691 1
692 1
693 1
694 1
695 1
696 1
697 1
698 1
699 1
700 1
701 1
702 1
703 0
704 1
705 1
706 1
707 0
708 1
709 2
710 0
711 1
712 1
713 1
714 1
715 1
716 1
717 1
718 1
719 1
720 1
721 1
722 1
723 1
724 0
725 1
726 0
727 1
728 0
729 1
730 2
731 1
732 0
733 0
734 1
735 0
736 1
737 1
738 0
739 1
740 0
741 1
742 1
743 1
744 1
745 0
746 1
747 0
748 0
749 1
750 1
751 0
752 0
753 0
754 1
755 1
756 1
757 1
758 1
759 0
760 1
761 0
762 0
763 1
764 1
765 1
766 1
767 1
768 1
769 0
770 1
771 1
772 1
773 1
774 1
775 1
776 0
777 1
778 0
779 1
780 0
781 1
782 1
783 1
784 1
785 1
786 1
787 1
788 0
789 1
790 2
791 1
792 0
793 1
794 0
795 0
796 0
797 0
798 0
799 0
800 0
801 1
802 0
803 0
804 0
805 0
806 0
807 0
808 0
809 0
810 0
811 1
812 1
813 1
814 1
815 1
816 1
817 1
818 1
819 0
820 2
821 1
822 1
823 1
824 1
825 1
826 1
827 1
828 0
829 0
830 1
831 0
832 0
833 0
834 0
835 0
836 0
837 0
838 0
839 0
840 0
841 0
842 0
843 1
844 1
845 2
846 2
847 1
848 1
849 0
850 0
851 0
852 1
853 0
854 0
855 1
856 0
857 1
858 1
859 1
860 0
861 0
862 1
863 0
864 0
865 2
866 0
867 1
868 0
869 1
870 2
871 1
872 1
873 1
874 0
875 0
876 1
877 0
878 1
879 1
880 1
881 1
882 0
883 3
884 0
885 1
886 1
887 1
888 0
889 1
890 0
891 0
892 0
893 0
894 1
895 2
896 1
897 1
898 0
899 1
900 0
901 1
902 1
903 1
904 0
905 1
906 1
907 0
908 0
909 0
910 1
911 1
912 1
913 0
914 1
915 1
916 2
917 1
918 1
919 1
920 0
921 0
922 0
923 0
924 1
925 0
926 0
927 0
928 2
929 0
930 0
931 1
932 0
933 1
934 0
935 0
936 1
937 1
938 1
939 0
940 1
941 1
942 1
943 1
944 1
945 1
946 0
947 1
948 1
949 1
950 1
951 0
952 1
953 1
954 2
955 1
956 2
957 2
958 1
959 0
960 1
961 1
962 0
963 0
964 1
965 1
966 1
967 2
968 1
969 1
970 1
971 1
972 2
973 1
974 3
975 1
976 0
977 1
978 0
979 1
980 1
981 0
982 1
983 2
984 0
985 1
986 1
987 1
988 2
989 0
990 2
991 2
992 0
993 1
994 2
995 2
996 1
997 2
998 1
999 1
1000 0
1001 0
1002 2
1003 1
1004 2
1005 1
1006 1
1007 1
1008 2
1009 2
1010 2
1011 1
1012 0
1013 2
1014 1
1015 1
1016 2
1017 2
1018 1
1019 0
1020 0
1021 0
1022 0
1023 0
1024 2
1025 1
1026 1
1027 1
1028 1
1029 1
1030 1
1031 0
1032 1
1033 1
1034 1
1035 1
1036 0
1037 1
1038 1
1039 1
1040 1
1041 1
1042 1
1043 1
1044 0
1045 1
1046 1
1047 1
1048 1
1049 1
1050 1
1051 1
1052 1
1053 0
1054 0
1055 1
1056 1
1057 1
1058 1
1059 0
1060 1
1061 1
1062 3
1063 1
1064 1
1065 0
1066 0
1067 0
1068 0
1069 0
1070 0
1071 0
1072 1
1073 0
1074 0
1075 0
1076 0
1077 0
1078 0
1079 1
1080 2
1081 0
1082 1
1083 3
1084 1
1085 1
1086 1
1087 0
1088 0
1089 1
1090 1
1091 1
1092 1
1093 0
1094 0
1095 1
1096 1
1097 1
1098 1
1099 1
1100 0
1101 0
1102 1
1103 1
1104 1
1105 1
1106 0
1107 1
1108 1
1109 0
1110 1
1111 0
1112 0
1113 0
1114 0
1115 1
1116 1
1117 2
1118 0
1119 1
1120 1
1121 0
1122 0
1123 2
1124 0
1125 2
1126 1
1127 1
1128 1
1129 0
1130 1
1131 1
1132 1
1133 1
1134 1
1135 0
1136 1
1137 0
1138 2
1139 3
1140 3
1141 1
1142 2
1143 1
1144 2
1145 2
1146 1
1147 1
1148 1
1149 0
1150 1
1151 1
1152 0
1153 1
1154 1
1155 1
1156 1
1157 1
1158 1
1159 1
1160 1
1161 1
1162 0
1163 1
1164 1
1165 1
1166 1
1167 0
1168 1
1169 1
1170 1
1171 1
1172 0
1173 0
1174 0
1175 0
1176 0
1177 2
1178 1
1179 1
1180 1
1181 0
1182 0
1183 1
1184 1
1185 3
1186 1
1187 0
1188 0
1189 0
1190 0
1191 0
1192 0
1193 0
1194 0
1195 0
1196 0
1197 0
1198 1
1199 1
1200 1
1201 0
1202 1
1203 1
1204 0
1205 1
1206 1
1207 0
1208 0
1209 0
1210 1
1211 0
1212 1
1213 1
1214 1
1215 1
1216 2
1217 2
1218 1
1219 2
1220 2
1221 1
1222 2
1223 1
1224 1
1225 2
1226 1
1227 1
1228 0
1229 0
1230 1
1231 3
1232 1
1233 2
1234 0
1235 0
1236 1
1237 0
1238 1
1239 1
1240 2
1241 0
1242 0
1243 0
1244 0
1245 0
1246 0
1247 1
1248 0
1249 1
1250 1
1251 2
1252 0
1253 1
1254 0
1255 1
1256 0
1257 0
1258 1
1259 0
1260 1
1261 0
1262 0
1263 0
1264 0
1265 0
1266 0
1267 0
1268 0
1269 0
1270 0
1271 0
1272 1
1273 2
1274 1
1275 0
1276 0
1277 0
1278 2
1279 1
1280 2
1281 0
1282 2
1283 0
1284 1
1285 1
1286 1
1287 0
1288 0
1289 0
1290 0
1291 0
1292 0
1293 0
1294 0
1295 0
1296 0
1297 0
1298 2
1299 1
1300 2
1301 0
1302 0
1303 0
1304 0
1305 0
1306 0
1307 0
1308 0
1309 0
1310 2
1311 1
1312 2
1313 1
1314 0
1315 0
1316 0
1317 1
1318 0
1319 0
1320 0
1321 1
1322 0
1323 3
1324 2
1325 2
1326 2
1327 2
1328 1
1329 1
1330 0
1331 0
1332 2
1333 2
1334 1
1335 0
1336 3
1337 1
1338 3
1339 2
1340 0
1341 0
1342 1
1343 2
1344 3
1345 2
1346 2
1347 3
1348 0
1349 0
1350 0
1351 1
1352 0
1353 1
1354 1
1355 0
1356 0
1357 0
1358 0
1359 0
1360 0
1361 0
1362 0
1363 0
1364 0
1365 0
1366 0
1367 0
1368 0
1369 0
1370 0
1371 0
1372 1
1373 0
1374 0
1375 1
1376 0
1377 0
1378 1
1379 2
1380 1
1381 2
1382 1
1383 2
1384 2
1385 2
1386 1
1387 2
1388 1
1389 1
1390 1
1391 1
1392 1
1393 1
1394 1
1395 0
1396 2
1397 1
1398 1
1399 2
1400 0
1401 0
1402 0
1403 1
1404 1
1405 1
1406 1
1407 1
1408 0
1409 1
1410 1
1411 1
1412 1
1413 1
1414 1
1415 1
1416 1
1417 1
1418 1
1419 1
1420 0
1421 0
1422 0
1423 2
1424 0
1425 2
1426 0
1427 2
1428 1
1429 1
1430 1
1431 1
1432 1
1433 1
1434 1
1435 1
1436 0
1437 1
1438 1
1439 1
1440 1
1441 2
1442 0
1443 1
1444 0
1445 1
1446 0
1447 0
1448 0
1449 1
1450 1
1451 1
1452 0
1453 1
1454 0
1455 1
1456 1
1457 1
1458 1
1459 1
1460 0
1461 1
1462 0
1463 1
1464 1
1465 1
1466 1
1467 1
1468 0
1469 1
1470 1
1471 1
1472 1
1473 1
1474 1
1475 1
1476 0
1477 1
1478 0
1479 1
1480 0
1481 1
1482 1
1483 1
1484 1
1485 1
1486 2
1487 0
1488 1
1489 1
1490 1
1491 1
1492 1
1493 0
1494 1
1495 1
1496 2
1497 1
1498 2
1499 1
1500 1
1501 0
1502 1
1503 1
1504 1
1505 0
1506 1
1507 0
1508 1
1509 1
1510 1
1511 0
1512 0
1513 0
1514 0
1515 0
1516 0
1517 0
1518 0
1519 0
1520 0
1521 0
1522 0
1523 1
1524 0
1525 0
1526 0
1527 0
1528 0
1529 1
1530 1
1531 1
1532 0
1533 1
1534 0
1535 0
1536 0
1537 0
1538 0
1539 1
1540 0
1541 0
1542 0
1543 0
1544 0
1545 0
1546 0
1547 0
1548 1
1549 2
1550 2
1551 1
1552 0
1553 1
1554 0
1555 2
1556 0
1557 2
1558 2
1559 0
1560 0
1561 2
1562 0
1563 1
1564 1
1565 1
1566 0
1567 0
1568 0
1569 1
1570 0
1571 0
1572 1
1573 0
1574 1
1575 2
1576 1
1577 1
1578 0
1579 1
1580 1
1581 1
1582 0
1583 2
1584 1
1585 1
1586 1
1587 0
1588 0
1589 0
1590 0
1591 1
1592 1
1593 0
1594 1
1595 0
1596 1
1597 1
1598 0
1599 1
1600 1
1601 0
1602 0
1603 0
1604 0
1605 0
1606 1
1607 1
1608 1
1609 0
1610 1
1611 0
1612 0
1613 1
1614 1
1615 1
1616 2
1617 2
1618 2
1619 1
1620 1
1621 2
1622 1
1623 2
1624 1
1625 1
1626 0
1627 1
1628 2
1629 1
1630 0
1631 0
1632 2
1633 2
1634 1
1635 2
1636 1
1637 2
1638 2
1639 1
1640 1
1641 1
1642 1
1643 2
1644 1
1645 1
1646 1
1647 1
1648 2
1649 2
1650 1
1651 1
1652 1
1653 0
1654 2
1655 2
1656 2
1657 0
1658 1
1659 1
1660 1
1661 0
1662 0
1663 1
1664 1
1665 0
1666 0
1667 1
1668 2
1669 0
1670 1
1671 2
1672 1
1673 1
1674 0
1675 1
1676 1
1677 1
1678 0
1679 0
1680 2
1681 0
1682 1
1683 0
1684 2
1685 0
1686 1
1687 1
1688 0
1689 1
1690 1
1691 1
1692 1
1693 0
1694 0
1695 1
1696 1
1697 1
1698 2
1699 2
1700 1
1701 2
1702 2
1703 2
1704 1
1705 2
1706 1
1707 2
1708 1
1709 2
1710 1
1711 0
1712 0
1713 0
1714 0
1715 0
1716 0
1717 0
1718 0
1719 0
1720 0
1721 0
1722 0
1723 0
1724 1
1725 1
1726 1
1727 0
1728 1
1729 0
1730 0
1731 0
1732 1
1733 0
1734 0
1735 0
1736 0
1737 0
1738 0
1739 0
1740 0
1741 0
1742 0
1743 1
1744 1
1745 2
1746 2
1747 1
1748 1
1749 0
1750 1
1751 1
1752 2
1753 0
1754 0
1755 1
1756 0
1757 0
1758 0
1759 1
1760 0
1761 0
1762 0
1763 2
1764 1
1765 0
1766 0
1767 0
1768 0
1769 2
1770 2
1771 1
1772 0
1773 1
1774 1
1775 0
1776 1
1777 0
1778 1
1779 0
1780 0
1781 0
1782 0
1783 1
1784 1
1785 1
1786 1
1787 1
1788 1
1789 1
1790 0
1791 0
1792 0
1793 1
1794 1
1795 2
1796 1
1797 1
1798 1
1799 1
1800 0
1801 1
1802 0
1803 1
1804 1
1805 2
1806 1
1807 2
1808 2
1809 3
1810 2
1811 1
1812 1
1813 1
1814 0
1815 1
1816 1
1817 1
1818 0
1819 2
1820 0
1821 0
1822 1
1823 2
1824 1
1825 1
1826 1
1827 0
1828 0
1829 0
1830 0
1831 0
1832 1
1833 0
1834 0
1835 1
1836 1
1837 0
1838 0
1839 1
1840 1
1841 1
1842 0
1843 1
1844 1
1845 1
1846 1
1847 1
1848 1
1849 1
1850 0
1851 1
1852 1
1853 1
1854 2
1855 1
1856 1
1857 1
1858 0
1859 0
1860 0
1861 1
1862 0
1863 0
1864 2
1865 0
1866 0
1867 0
1868 1
1869 1
1870 1
1871 1
1872 2
1873 2
1874 2
1875 2
1876 1
1877 1
1878 0
1879 1
1880 1
1881 1
1882 0
1883 1
1884 1
1885 1
1886 0
1887 2
1888 1
1889 0
1890 1
1891 2
1892 1
1893 1
1894 2
1895 1
1896 2
1897 1
1898 1
1899 1
1900 1
1901 1
1902 0
1903 2
1904 1
1905 1
1906 1
1907 1
1908 2
1909 1
1910 0
1911 1
1912 2
1913 1
1914 2
1915 0
1916 1
1917 1
1918 2
1919 2
1920 1
1921 2
1922 0
1923 1
1924 1
1925 0
1926 2
1927 1
1928 0
1929 1
1930 0
1931 2
1932 0
1933 1
1934 1
1935 1
1936 0
1937 2
1938 0
1939 1
1940 0
1941 1
1942 1
1943 2
1944 1
1945 1
1946 1
1947 1
1948 2
1949 1
1950 1
1951 2
1952 1
1953 1
1954 2
1955 1
1956 1
1957 0
1958 2
1959 0
1960 2
1961 1
1962 1
1963 1
1964 2
1965 1
1966 1
1967 1
1968 1
1969 0
1970 1
1971 1
1972 2
1973 1
1974 1
1975 0
1976 2
1977 1
1978 1
1979 1
1980 2
1981 2
1982 2
1983 1
1984 1
1985 1
1986 2
1987 1
1988 1
1989 1
1990 1
1991 0
1992 1
1993 1
1994 1
1995 1
1996 1
1997 1
1998 1
1999 1
