0 0
1 0
2 1
3 0
4 0
5 0
6 0
7 0
8 0
9 0
10 0
11 0
12 1
13 0
14 1
15 0
16 0
17 0
18 0
19 0
20 0
21 0
22 1
23 0
24 0
25 0
26 0
27 0
28 0
29 0
30 0
31 0
32 0
33 1
34 0
35 0
36 0
37 0
38 1
39 2
40 1
41 0
42 0
43 0
44 1
45 1
46 0
47 0
48 0
49 0
50 0
51 0
52 0
53 0
54 0
55 0
56 0
57 1
58 0
59 0
60 0
61 0
62 0
63 0
64 1
65 1
66 1
67 0
68 1
69 2
70 0
71 1
72 0
73 1
74 1
75 1
76 1
77 0
78 1
79 1
80 1
81 1
82 0
83 1
84 1
85 1
86 1
87 1
88 2
89 1
90 1
91 0
92 1
93 1
94 1
95 1
96 1
97 1
98 1
99 1
100 2
101 1
102 1
103 1
104 1
105 1
106 1
107 1
108 1
109 1
110 1
111 0
112 1
113 0
114 1
115 1
116 1
117 1
118 1
119 1
120 1
121 1
122 1
123 0
124 1
125 1
126 0
127 0
128 0
129 0
130 0
131 0
132 0
133 0
134 1
135 0
136 0
137 0
138 0
139 0
140 0
141 0
142 0
143 0
144 0
145 0
146 0
147 0
148 0
149 0
150 0
151 0
152 0
153 0
154 0
155 0
156 0
157 0
158 0
159 0
160 0
161 0
162 0
163 0
164 0
165 0
166 0
167 0
168 0
169 0
170 0
171 0
172 0
173 0
174 0
175 0
176 0
177 0
178 0
179 0
180 0
181 0
182 0
183 0
184 0
185 0
186 0
187 0
188 0
189 1
190 0
191 0
192 0
193 0
194 0
195 0
196 0
197 0
198 0
199 0
200 0
201 0
202 0
203 0
204 1
205 0
206 0
207 0
208 0
209 0
210 0
211 0
212 0
213 0
214 0
215 0
216 0
217 0
218 1
219 0
220 0
221 0
222 0
223 0
224 0
225 0
226 0
227 1
228 0
229 0
230 0
231 1
232 0
233 0
234 0
235 0
236 0
237 0
238 0
239 0
240 0
241 0
242 0
243 0
244 0
245 0
246 0
247 0
248 0
249 0
250 0
251 0
252 0
253 0
254 0
255 0
256 0
257 0
258 0
259 0
260 0
261 0
262 0
263 0
264 0
265 0
266 0
267 0
268 0
269 0
270 0
271 1
272 0
273 0
274 0
275 0
276 1
277 1
278 1
279 0
280 0
281 0
282 0
283 0
284 0
285 0
286 0
287 0
288 0
289 0
290 1
291 0
292 0
293 1
294 0
295 2
296 1
297 1
298 2
299 1
300 1
301 1
302 1
303 2
304 3
305 2
306 2
307 1
308 1
309 0
310 0
311 0
312 1
313 0
314 0
315 0
316 0
317 0
318 0
319 0
320 0
321 0
322 0
323 0
324 0
325 0
326 1
327 0
328 0
329 0
330 0
331 0
332 0
333 2
334 1
335 2
336 2
337 2
338 1
339 1
340 1
341 0
342 2
343 1
344 2
345 1
346 1
347 1
348 1
349 2
350 1
351 1
352 0
353 2
354 1
355 0
356 0
357 2
358 1
359 0
360 0
361 3
362 2
363 0
364 0
365 0
366 0
367 0
368 0
369 0
370 0
371 0
372 0
373 2
374 3
375 1
376 3
377 2
378 3
379 2
380 0
381 1
382 1
383 0
384 1
385 2
386 1
387 2
388 1
389 0
390 0
391 0
392 0
393 0
394 0
395 0
396 0
397 0
398 0
399 1
400 0
401 0
402 0
403 0
404 0
405 0
406 0
407 2
408 1
409 1
410 2
411 1
412 2
413 2
414 0
415 0
416 0
417 0
418 0
419 0
420 0
421 0
422 0
423 1
424 0
425 0
426 0
427 0
428 0
429 0
430 0
431 0
432 0
433 0
434 0
435 1
436 1
437 0
438 1
439 0
440 0
441 0
442 0
443 1
444 0
445 0
446 0
447 0
448 0
449 1
450 0
451 0
452 0
453 0
454 0
455 1
456 0
457 0
458 1
459 1
460 0
461 0
462 0
463 0
464 0
465 1
466 0
467 1
468 1
469 0
470 1
471 0
472 0
473 0
474 0
475 0
476 0
477 0
478 0
479 0
480 0
481 1
482 0
483 0
484 0
485 0
486 0
487 0
488 0
489 0
490 0
491 0
492 0
493 0
494 0
495 0
496 0
497 0
498 0
499 0
500 0
501 0
502 0
503 0
504 0
505 0
506 0
507 0
508 1
509 0
510 0
511 1
512 0
513 0
514 1
515 0
516 0
517 0
518 0
519 1
520 0
521 0
522 0
523 0
524 0
525 1
526 0
527 0
528 0
529 0
530 0
531 0
532 0
533 0
534 0
535 0
536 0
537 1
538 0
539 0
540 0
541 0
542 2
543 0
544 0
545 0
546 0
547 0
548 0
549 0
550 0
551 0
552 0
553 0
554 0
555 0
556 0
557 1
558 1
559 1
560 1
561 2
562 1
563 1
564 2
565 3
566 1
567 1
568 1
569 2
570 2
571 2
572 2
573 1
574 2
575 1
576 1
577 2
578 2
579 2
580 1
581 3
582 0
583 0
584 1
585 1
586 0
587 0
588 0
589 0
590 0
591 0
592 0
593 1
594 0
595 0
596 0
597 0
598 0
599 0
600 0
601 0
602 2
603 1
604 0
605 0
606 1
607 0
608 0
609 0
610 0
611 0
612 0
613 0
614 0
615 0
616 0
617 1
618 0
619 0
620 0
621 0
622 0
623 0
624 0
625 0
626 0
627 0
628 0
629 1
630 0
631 0
632 0
633 0
634 0
635 0
636 0
637 0
638 0
639 0
640 0
641 0
642 0
643 0
644 0
645 0
646 0
647 1
648 0
649 0
650 0
651 0
652 0
653 0
654 0
655 0
656 0
657 0
658 0
659 0
660 0
661 0
662 0
663 0
664 0
665 0
666 0
667 0
668 0
669 0
670 0
671 0
672 0
673 0
674 0
675 0
676 0
677 0
678 0
679 0
680 0
681 0
682 0
683 0
684 0
685 0
686 0
687 0
688 0
689 0
690 0
691 0
692 0
693 0
694 0
695 0
696 0
697 0
698 0
699 0
700 0
701 0
702 0
703 0
704 0
705 0
706 0
707 0
708 0
709 0
710 1
711 0
712 1
713 0
714 1
715 0
716 0
717 0
718 2
719 2
720 1
721 1
722 1
723 2
724 2
725 2
726 2
727 2
728 2
729 0
730 2
731 2
732 1
733 2
734 2
735 0
736 4
737 1
738 2
739 1
740 2
741 1
742 0
743 1
744 2
745 2
746 2
747 1
748 2
749 0
750 1
751 1
752 2
753 2
754 1
755 1
756 2
757 1
758 2
759 2
760 0
761 1
762 4
763 2
764 2
765 1
766 2
767 2
768 2
769 2
770 3
771 0
772 0
773 1
774 0
775 1
776 0
777 0
778 0
779 0
780 0
781 1
782 2
783 0
784 1
785 1
786 1
787 2
788 1
789 1
790 3
791 3
792 1
793 2
794 1
795 1
796 1
797 1
798 1
799 0
800 0
801 0
802 1
803 1
804 1
805 0
806 0
807 0
808 1
809 0
810 0
811 0
812 0
813 0
814 0
815 0
816 1
817 1
818 1
819 2
820 0
821 0
822 0
823 0
824 0
825 1
826 2
827 1
828 1
829 0
830 1
831 0
832 1
833 1
834 2
835 2
836 1
837 2
838 1
839 0
840 0
841 0
842 0
843 0
844 0
845 0
846 0
847 1
848 1
849 0
850 0
851 0
852 0
853 0
854 0
855 0
856 0
857 0
858 0
859 0
860 0
861 0
862 0
863 0
864 0
865 0
866 0
867 0
868 0
869 0
870 0
871 0
872 0
873 0
874 1
875 1
876 1
877 0
878 0
879 0
880 0
881 0
882 0
883 0
884 0
885 1
886 1
887 0
888 0
889 2
890 1
891 0
892 0
893 3
894 0
895 0
896 1
897 0
898 1
899 1
900 2
901 0
902 1
903 0
904 1
905 0
906 1
907 0
908 1
909 1
910 0
911 1
912 2
913 0
914 2
915 0
916 2
917 0
918 1
919 1
920 1
921 3
922 2
923 1
924 1
925 0
926 0
927 0
928 0
929 1
930 0
931 1
932 0
933 0
934 0
935 0
936 0
937 0
938 0
939 0
940 1
941 1
942 1
943 0
944 1
945 0
946 2
947 0
948 0
949 1
950 0
951 0
952 1
953 0
954 0
955 2
956 0
957 2
958 0
959 0
960 0
961 0
962 0
963 0
964 0
965 0
966 0
967 2
968 1
969 1
970 0
971 0
972 0
973 0
974 1
975 1
976 0
977 0
978 0
979 0
980 0
981 1
982 0
983 0
984 0
985 0
986 0
987 0
988 1
989 0
990 0
991 0
992 0
993 0
994 0
995 0
996 0
997 0
998 0
999 0
1000 0
1001 0
1002 0
1003 0
1004 0
1005 1
1006 0
1007 1
1008 1
1009 0
1010 0
1011 2
1012 1
1013 0
1014 0
1015 0
1016 0
1017 0
1018 0
1019 1
1020 2
1021 1
1022 2
1023 0
1024 2
1025 1
1026 1
1027 1
1028 0
1029 1
1030 1
1031 1
1032 1
1033 0
1034 1
1035 0
1036 3
1037 1
1038 2
1039 1
1040 1
1041 0
1042 0
1043 0
1044 0
1045 2
1046 0
1047 0
1048 1
1049 0
1050 0
1051 0
1052 0
1053 1
1054 1
1055 0
1056 2
1057 0
1058 0
1059 1
1060 3
1061 0
1062 1
1063 0
1064 2
1065 1
1066 1
1067 0
1068 1
1069 0
1070 1
1071 1
1072 1
1073 0
1074 0
1075 0
1076 0
1077 0
1078 1
1079 0
1080 1
1081 2
1082 1
1083 1
1084 1
1085 1
1086 1
1087 1
1088 2
1089 0
1090 0
1091 0
1092 0
1093 1
1094 0
1095 0
1096 1
1097 0
1098 2
1099 1
1100 0
1101 0
1102 1
1103 0
1104 0
1105 0
1106 0
1107 1
1108 0
1109 0
1110 0
1111 0
1112 2
1113 1
1114 0
1115 0
1116 1
1117 1
1118 2
1119 0
1120 1
1121 0
1122 0
1123 0
1124 0
1125 0
1126 1
1127 1
1128 1
1129 0
1130 0
1131 1
1132 1
1133 0
1134 1
1135 1
1136 1
1137 0
1138 0
1139 1
1140 1
1141 0
1142 0
1143 1
1144 2
1145 0
1146 0
1147 3
1148 0
1149 0
1150 0
1151 0
1152 0
1153 0
1154 1
1155 1
1156 2
1157 2
1158 0
1159 1
1160 0
1161 0
1162 0
1163 1
1164 0
1165 0
1166 1
1167 0
1168 0
1169 0
1170 0
1171 0
1172 3
1173 0
1174 1
1175 0
1176 0
1177 0
1178 1
1179 0
1180 0
1181 2
1182 0
1183 0
1184 0
1185 0
1186 1
1187 0
1188 0
1189 0
1190 1
1191 0
1192 1
1193 1
1194 1
1195 2
1196 1
1197 1
1198 1
1199 1
1200 0
1201 0
1202 1
1203 1
1204 0
1205 1
1206 0
1207 0
1208 0
1209 0
1210 1
1211 0
1212 0
1213 2
1214 0
1215 1
1216 0
1217 0
1218 1
1219 2
1220 0
1221 1
1222 0
1223 1
1224 1
1225 0
1226 0
1227 0
1228 1
1229 1
1230 1
1231 0
1232 1
1233 0
1234 2
1235 1
1236 0
1237 0
1238 0
1239 1
1240 0
1241 0
1242 1
1243 0
1244 0
1245 0
1246 0
1247 0
1248 1
1249 0
1250 1
1251 0
1252 1
1253 0
1254 0
1255 0
1256 0
1257 0
1258 0
1259 1
1260 0
1261 1
1262 1
1263 0
1264 0
1265 1
1266 0
1267 1
1268 0
1269 0
1270 0
1271 0
1272 1
1273 0
1274 1
1275 0
1276 0
1277 0
1278 1
1279 0
1280 1
1281 1
1282 2
1283 1
1284 1
1285 0
1286 0
1287 1
1288 1
1289 0
1290 1
1291 2
1292 3
1293 2
1294 2
1295 2
1296 1
1297 1
1298 0
1299 1
1300 1
1301 0
1302 1
1303 0
1304 0
1305 0
1306 2
1307 1
1308 1
1309 1
1310 1
1311 2
1312 1
1313 1
1314 1
1315 1
1316 1
1317 1
1318 1
1319 0
1320 1
1321 1
1322 1
1323 1
1324 1
1325 1
1326 1
1327 1
1328 2
1329 1
1330 1
1331 0
1332 2
1333 2
1334 1
1335 1
1336 1
1337 1
1338 2
1339 0
1340 1
1341 2
1342 1
1343 0
1344 1
1345 0
1346 2
1347 1
1348 1
1349 1
1350 1
1351 0
1352 1
1353 1
1354 2
1355 0
1356 0
1357 2
1358 1
1359 0
1360 1
1361 1
1362 0
1363 1
1364 1
1365 1
1366 1
1367 0
1368 1
1369 0
1370 1
1371 1
1372 1
1373 1
1374 1
1375 1
1376 1
1377 1
1378 0
1379 0
1380 0
1381 0
1382 0
1383 1
1384 1
1385 1
1386 1
1387 1
1388 1
1389 1
1390 1
1391 1
1392 1
1393 1
1394 0
1395 0
1396 1
1397 0
1398 1
1399 1
1400 0
1401 1
1402 1
1403 1
1404 1
1405 1
1406 0
1407 1
1408 0
1409 0
1410 1
1411 0
1412 0
1413 0
1414 0
1415 0
1416 0
1417 0
1418 0
1419 0
1420 0
1421 0
1422 0
1423 0
1424 0
1425 1
1426 0
1427 1
1428 0
1429 0
1430 1
1431 2
1432 2
1433 1
1434 2
1435 0
1436 2
1437 1
1438 2
1439 2
1440 2
1441 3
1442 2
1443 3
1444 2
1445 1
1446 2
1447 2
1448 1
1449 1
1450 1
1451 1
1452 2
1453 1
1454 2
1455 2
1456 1
1457 2
1458 1
1459 2
1460 2
1461 1
1462 2
1463 1
1464 1
1465 0
1466 1
1467 2
1468 2
1469 3
1470 1
1471 1
1472 1
1473 1
1474 1
1475 2
1476 1
1477 1
1478 1
1479 2
1480 2
1481 2
1482 1
1483 0
1484 0
1485 0
1486 1
1487 2
1488 1
1489 0
1490 1
1491 0
1492 0
1493 2
1494 1
1495 1
1496 1
1497 1
1498 1
1499 1
1500 1
1501 2
1502 1
1503 1
1504 1
1505 0
1506 1
1507 1
1508 1
1509 1
1510 1
1511 0
1512 1
1513 1
1514 0
1515 1
1516 2
1517 1
1518 1
1519 2
1520 1
1521 1
1522 1
1523 0
1524 1
1525 2
1526 1
1527 1
1528 2
1529 2
1530 1
1531 1
1532 0
1533 0
1534 1
1535 0
1536 1
1537 1
1538 0
1539 1
1540 0
1541 0
1542 1
1543 1
1544 0
1545 1
1546 0
1547 0
1548 1
1549 0
1550 1
1551 1
1552 0
1553 1
1554 1
1555 0
1556 0
1557 1
1558 0
1559 0
1560 0
1561 0
1562 1
1563 1
1564 0
1565 0
1566 1
1567 0
1568 0
1569 0
1570 1
1571 0
1572 1
1573 1
1574 1
1575 0
1576 1
1577 0
1578 1
1579 0
1580 1
1581 0
1582 0
1583 1
1584 2
1585 1
1586 1
1587 1
1588 1
1589 1
1590 1
1591 1
1592 1
1593 1
1594 1
1595 1
1596 1
1597 2
1598 1
1599 1
1600 1
1601 0
1602 0
1603 1
1604 1
1605 1
1606 1
1607 2
1608 0
1609 1
1610 2
1611 1
1612 1
1613 1
1614 0
1615 0
1616 1
1617 1
1618 0
1619 1
1620 1
1621 1
1622 1
1623 1
1624 0
1625 1
1626 1
1627 3
1628 0
1629 1
1630 0
1631 1
1632 1
1633 1
1634 1
1635 0
1636 1
1637 1
1638 1
1639 0
1640 0
1641 0
1642 1
1643 1
1644 0
1645 1
1646 1
1647 1
1648 1
1649 0
1650 1
1651 0
1652 2
1653 1
1654 1
1655 1
1656 1
1657 1
1658 1
1659 1
1660 3
1661 0
1662 1
1663 1
1664 2
1665 0
1666 2
1667 1
1668 1
1669 1
1670 1
1671 1
1672 1
1673 1
1674 2
1675 1
1676 1
1677 1
1678 1
1679 1
1680 1
1681 1
1682 1
1683 1
1684 1
1685 1
1686 1
1687 1
1688 1
1689 2
1690 1
1691 1
1692 1
1693 1
1694 1
1695 1
1696 1
1697 1
1698 2
1699 2
1700 2
1701 0
1702 1
1703 2
1704 1
1705 2
1706 2
1707 2
1708 1
1709 0
1710 1
1711 0
1712 1
1713 2
1714 1
1715 0
1716 2
1717 1
1718 1
1719 1
1720 1
1721 1
1722 1
1723 1
1724 1
1725 1
1726 2
1727 1
1728 1
1729 1
1730 0
1731 1
1732 1
1733 0
1734 1
1735 1
1736 0
1737 1
1738 1
1739 1
1740 0
1741 0
1742 0
1743 0
1744 0
1745 1
1746 0
1747 1
1748 0
1749 1
1750 1
1751 0
1752 0
1753 1
1754 1
1755 1
1756 1
1757 2
1758 1
1759 2
1760 1
1761 1
1762 0
1763 2
1764 2
1765 1
1766 1
1767 2
1768 1
1769 1
1770 2
1771 2
1772 1
1773 3
1774 2
1775 1
1776 2
1777 2
1778 2
1779 2
1780 1
1781 2
1782 3
1783 2
1784 2
1785 1
1786 1
1787 1
1788 1
1789 2
1790 0
1791 1
1792 0
1793 1
1794 0
1795 1
1796 2
1797 1
1798 1
1799 1
1800 1
1801 1
1802 2
1803 0
1804 0
1805 0
1806 0
1807 0
1808 0
1809 0
1810 0
1811 0
1812 0
1813 0
1814 0
1815 0
1816 0
1817 0
1818 0
1819 1
1820 2
1821 1
1822 1
1823 2
1824 1
1825 2
1826 0
1827 0
1828 0
1829 0
1830 0
1831 0
1832 0
1833 0
1834 0
1835 0
1836 0
1837 0
1838 0
1839 0
1840 0
1841 0
1842 0
1843 0
1844 0
1845 0
1846 0
1847 0
1848 0
1849 0
1850 0
1851 0
1852 0
1853 0
1854 0
1855 0
1856 0
1857 0
1858 0
1859 0
1860 0
1861 0
1862 0
1863 0
1864 0
1865 0
1866 0
1867 0
1868 0
1869 0
1870 0
1871 0
1872 0
1873 0
1874 0
1875 0
1876 0
1877 0
1878 0
1879 0
1880 0
1881 0
1882 0
1883 0
1884 0
1885 0
1886 0
1887 0
1888 0
1889 1
1890 0
1891 0
1892 0
1893 0
1894 0
1895 0
1896 0
1897 0
1898 0
1899 0
1900 0
1901 0
1902 0
1903 0
1904 0
1905 0
1906 0
1907 0
1908 0
1909 0
1910 1
1911 0
1912 0
1913 2
1914 0
1915 0
1916 0
1917 1
1918 1
1919 0
1920 0
1921 0
1922 1
1923 0
1924 0
1925 0
1926 0
1927 0
1928 0
1929 0
1930 0
1931 0
1932 0
1933 0
1934 0
1935 0
1936 0
1937 0
1938 0
1939 0
1940 0
1941 0
1942 0
1943 0
1944 0
1945 0
1946 0
1947 2
1948 2
1949 2
1950 1
1951 1
1952 1
1953 0
1954 1
1955 1
1956 1
1957 0
1958 1
1959 0
1960 1
1961 1
1962 2
1963 1
1964 1
1965 1
1966 1
1967 2
1968 2
1969 1
1970 2
1971 2
1972 1
1973 3
1974 1
1975 1
1976 0
1977 1
1978 0
1979 1
1980 2
1981 0
1982 1
1983 1
1984 1
1985 1
1986 3
1987 2
1988 1
1989 1
1990 1
1991 1
1992 2
1993 1
1994 1
1995 2
1996 0
1997 2
1998 1
1999 1
