0 2
1 2
2 2
3 2
4 1
5 2
6 2
7 3
8 2
9 2
10 0
11 0
12 2
13 2
14 1
15 2
16 1
17 0
18 0
19 1
20 2
21 0
22 4
23 2
24 1
25 0
26 1
27 1
28 1
29 0
30 1
31 0
32 1
33 0
34 1
35 0
36 0
37 1
38 0
39 1
40 0
41 0
42 0
43 0
44 1
45 1
46 2
47 2
48 2
49 2
50 0
51 1
52 2
53 1
54 2
55 2
56 1
57 1
58 2
59 2
60 2
61 1
62 0
63 2
64 2
65 1
66 1
67 1
68 1
69 2
70 1
71 1
72 2
73 1
74 1
75 2
76 3
77 1
78 0
79 1
80 2
81 2
82 1
83 2
84 1
85 0
86 2
87 2
88 2
89 1
90 0
91 1
92 1
93 1
94 2
95 2
96 0
97 1
98 2
99 1
100 1
101 2
102 1
103 2
104 2
105 2
106 2
107 2
108 1
109 2
110 1
111 2
112 2
113 2
114 2
115 0
116 1
117 1
118 2
119 1
120 1
121 0
122 2
123 2
124 1
125 1
126 1
127 2
128 2
129 1
130 2
131 1
132 2
133 0
134 1
135 1
136 3
137 2
138 1
139 2
140 2
141 2
142 2
143 0
144 0
145 0
146 0
147 0
148 0
149 0
150 0
151 1
152 1
153 0
154 1
155 1
156 1
157 0
158 1
159 1
160 1
161 2
162 0
163 1
164 1
165 2
166 1
167 1
168 2
169 2
170 2
171 1
172 1
173 1
174 2
175 1
176 1
177 1
178 1
179 2
180 0
181 1
182 1
183 1
184 2
185 2
186 1
187 1
188 1
189 2
190 2
191 1
192 1
193 1
194 1
195 1
196 1
197 2
198 1
199 2
200 0
201 1
202 2
203 0
204 2
205 1
206 1
207 2
208 0
209 1
210 2
211 1
212 2
213 1
214 0
215 1
216 1
217 0
218 1
219 0
220 2
221 0
222 0
223 1
224 0
225 0
226 0
227 1
228 0
229 1
230 1
231 0
232 1
233 0
234 0
235 1
236 1
237 0
238 1
239 1
240 1
241 0
242 1
243 0
244 2
245 1
246 1
247 1
248 1
249 2
250 2
251 1
252 0
253 1
254 1
255 2
256 2
257 1
258 2
259 0
260 0
261 2
262 2
263 1
264 1
265 0
266 0
267 1
268 2
269 1
270 0
271 0
272 1
273 1
274 1
275 2
276 1
277 1
278 1
279 0
280 0
281 2
282 3
283 1
284 1
285 1
286 1
287 1
288 1
289 0
290 2
291 1
292 2
293 2
294 2
295 1
296 0
297 0
298 2
299 2
300 1
301 2
302 1
303 2
304 2
305 2
306 1
307 1
308 1
309 1
310 2
311 1
312 0
313 0
314 0
315 1
316 0
317 0
318 2
319 2
320 2
321 1
322 1
323 1
324 2
325 0
326 1
327 1
328 1
329 0
330 2
331 1
332 1
333 2
334 1
335 2
336 1
337 2
338 2
339 1
340 1
341 1
342 0
343 1
344 2
345 2
346 2
347 2
348 2
349 2
350 1
351 2
352 1
353 2
354 1
355 1
356 1
357 2
358 0
359 1
360 1
361 1
362 1
363 1
364 2
365 2
366 1
367 2
368 1
369 1
370 2
371 2
372 2
373 2
374 1
375 1
376 1
377 1
378 1
379 2
380 2
381 2
382 0
383 1
384 1
385 1
386 2
387 1
388 1
389 1
390 2
391 2
392 2
393 2
394 0
395 1
396 0
397 0
398 2
399 1
400 1
401 1
402 2
403 2
404 1
405 1
406 2
407 0
408 1
409 1
410 1
411 1
412 0
413 2
414 1
415 0
416 1
417 2
418 2
419 2
420 1
421 1
422 2
423 2
424 1
425 2
426 1
427 1
428 1
429 0
430 1
431 2
432 1
433 1
434 2
435 0
436 0
437 2
438 2
439 1
440 2
441 1
442 1
443 1
444 1
445 1
446 0
447 1
448 0
449 0
450 0
451 0
452 0
453 0
454 0
455 0
456 1
457 0
458 0
459 1
460 0
461 0
462 0
463 1
464 0
465 1
466 0
467 0
468 1
469 0
470 0
471 0
472 2
473 0
474 0
475 0
476 0
477 0
478 0
479 1
480 1
481 1
482 2
483 1
484 1
485 2
486 0
487 1
488 2
489 1
490 2
491 2
492 2
493 1
494 1
495 1
496 1
497 1
498 1
499 1
500 1
501 2
502 2
503 1
504 2
505 1
506 0
507 2
508 1
509 1
510 1
511 1
512 0
513 1
514 0
515 0
516 0
517 0
518 1
519 1
520 0
521 1
522 1
523 1
524 1
525 1
526 1
527 1
528 1
529 1
530 1
531 1
532 0
533 0
534 1
535 2
536 1
537 0
538 0
539 1
540 2
541 2
542 0
543 2
544 1
545 1
546 1
547 1
548 2
549 2
550 1
551 2
552 2
553 2
554 1
555 1
556 2
557 2
558 1
559 1
560 1
561 2
562 2
563 1
564 1
565 1
566 1
567 1
568 2
569 1
570 1
571 1
572 0
573 1
574 1
575 1
576 1
577 1
578 1
579 1
580 1
581 1
582 1
583 1
584 2
585 2
586 1
587 1
588 1
589 0
590 1
591 2
592 2
593 2
594 1
595 2
596 1
597 1
598 2
599 1
600 1
601 2
602 2
603 2
604 1
605 1
606 2
607 1
608 2
609 2
610 1
611 1
612 1
613 0
614 2
615 1
616 1
617 1
618 1
619 2
620 0
621 1
622 1
623 1
624 1
625 2
626 1
627 3
628 2
629 1
630 1
631 1
632 1
633 1
634 2
635 1
636 2
637 1
638 1
639 0
640 1
641 1
642 2
643 1
644 2
645 0
646 2
647 2
648 2
649 2
650 0
651 1
652 2
653 2
654 1
655 1
656 2
657 3
658 0
659 0
660 1
661 1
662 2
663 1
664 1
665 2
666 2
667 1
668 2
669 1
670 1
671 1
672 2
673 0
674 1
675 0
676 2
677 1
678 1
679 1
680 2
681 2
682 1
683 2
684 1
685 2
686 1
687 0
688 1
689 2
690 1
691 0
692 2
693 0
694 2
695 1
696 1
697 0
698 2
699 1
700 2
701 2
702 2
703 2
704 1
705 2
706 3
707 2
708 2
709 2
710 2
711 1
712 2
713 1
714 1
715 2
716 1
717 2
718 2
719 1
720 2
721 1
722 2
723 2
724 1
725 2
726 1
727 1
728 1
729 1
730 1
731 1
732 2
733 1
734 1
735 1
736 1
737 2
738 1
739 1
740 1
741 2
742 2
743 2
744 1
745 2
746 2
747 1
748 1
749 1
750 1
751 0
752 2
753 0
754 1
755 1
756 1
757 0
758 1
759 1
760 1
761 1
762 2
763 2
764 2
765 2
766 1
767 1
768 2
769 2
770 1
771 2
772 2
773 1
774 2
775 2
776 2
777 2
778 2
779 1
780 1
781 1
782 1
783 1
784 2
785 1
786 1
787 1
788 1
789 1
790 0
791 1
792 2
793 1
794 0
795 2
796 1
797 1
798 2
799 1
800 1
801 1
802 1
803 1
804 1
805 1
806 1
807 1
808 1
809 1
810 2
811 1
812 1
813 2
814 1
815 2
816 2
817 1
818 1
819 2
820 0
821 1
822 2
823 0
824 1
825 2
826 1
827 2
828 2
829 2
830 2
831 0
832 1
833 2
834 1
835 1
836 2
837 1
838 1
839 1
840 1
841 2
842 1
843 1
844 1
845 2
846 2
847 2
848 1
849 0
850 1
851 1
852 1
853 2
854 1
855 2
856 2
857 1
858 2
859 1
860 1
861 1
862 1
863 1
864 0
865 2
866 1
867 1
868 1
869 2
870 1
871 2
872 1
873 1
874 1
875 2
876 1
877 1
878 2
879 2
880 2
881 3
882 2
883 2
884 2
885 2
886 2
887 1
888 1
889 0
890 1
891 1
892 2
893 2
894 2
895 0
896 2
897 1
898 2
899 0
900 1
901 1
902 2
903 1
904 1
905 0
906 1
907 1
908 2
909 1
910 1
911 1
912 0
913 1
914 1
915 0
916 2
917 1
918 2
919 2
920 2
921 1
922 1
923 1
924 0
925 1
926 2
927 1
928 1
929 2
930 0
931 1
932 1
933 2
934 1
935 1
936 1
937 2
938 1
939 1
940 1
941 1
942 2
943 2
944 0
945 2
946 1
947 1
948 1
949 0
950 2
951 1
952 1
953 1
954 1
955 1
956 1
957 1
958 2
959 1
960 1
961 2
962 1
963 1
964 1
965 1
966 1
967 2
968 1
969 1
970 1
971 1
972 2
973 0
974 2
975 1
976 1
977 0
978 1
979 1
980 2
981 2
982 1
983 2
984 2
985 1
986 2
987 1
988 1
989 1
990 1
991 2
992 1
993 1
994 2
995 1
996 0
997 2
998 1
999 1
1000 1
1001 1
1002 1
1003 0
1004 2
1005 2
1006 2
1007 1
1008 2
1009 1
1010 1
1011 2
1012 1
1013 1
1014 2
1015 2
1016 1
1017 1
1018 2
1019 2
1020 1
1021 1
1022 1
1023 1
1024 1
1025 1
1026 1
1027 1
1028 1
1029 2
1030 2
1031 2
1032 1
1033 2
1034 1
1035 2
1036 1
1037 2
1038 2
1039 2
1040 2
1041 2
1042 1
1043 1
1044 1
1045 0
1046 1
1047 1
1048 1
1049 1
1050 2
1051 1
1052 2
1053 2
1054 2
1055 2
1056 1
1057 1
1058 1
1059 1
1060 1
1061 1
1062 0
1063 1
1064 1
1065 1
1066 1
1067 2
1068 0
1069 2
1070 2
1071 2
1072 1
1073 2
1074 0
1075 2
1076 2
1077 2
1078 1
1079 1
1080 1
1081 1
1082 2
1083 2
1084 1
1085 1
1086 1
1087 1
1088 1
1089 2
1090 1
1091 1
1092 1
1093 2
1094 1
1095 1
1096 2
1097 0
1098 1
1099 1
1100 1
1101 1
1102 0
1103 2
1104 1
1105 2
1106 2
1107 2
1108 1
1109 3
1110 1
1111 2
1112 1
1113 1
1114 1
1115 1
1116 1
1117 2
1118 2
1119 1
1120 1
1121 1
1122 2
1123 2
1124 2
1125 2
1126 1
1127 2
1128 0
1129 1
1130 2
1131 2
1132 2
1133 1
1134 1
1135 1
1136 0
1137 2
1138 1
1139 1
1140 2
1141 1
1142 1
1143 1
1144 0
1145 2
1146 2
1147 1
1148 1
1149 1
1150 2
1151 1
1152 2
1153 1
1154 1
1155 1
1156 1
1157 1
1158 0
1159 1
1160 1
1161 2
1162 1
1163 1
1164 1
1165 1
1166 1
1167 2
1168 1
1169 0
1170 2
1171 2
1172 1
1173 2
1174 2
1175 1
1176 2
1177 1
1178 1
1179 1
1180 0
1181 0
1182 2
1183 1
1184 1
1185 1
1186 1
1187 1
1188 1
1189 1
1190 1
1191 1
1192 1
1193 1
1194 1
1195 2
1196 3
1197 0
1198 2
1199 2
1200 2
1201 2
1202 2
1203 2
1204 1
1205 2
1206 2
1207 2
1208 1
1209 0
1210 1
1211 2
1212 1
1213 1
1214 1
1215 1
1216 2
1217 1
1218 1
1219 2
1220 2
1221 2
1222 1
1223 1
1224 1
1225 2
1226 2
1227 1
1228 2
1229 3
1230 1
1231 0
1232 1
1233 2
1234 2
1235 2
1236 2
1237 2
1238 1
1239 2
1240 2
1241 1
1242 2
1243 2
1244 2
1245 2
1246 1
1247 1
1248 1
1249 1
1250 1
1251 2
1252 1
1253 2
1254 2
1255 2
1256 1
1257 1
1258 0
1259 1
1260 2
1261 1
1262 2
1263 1
1264 2
1265 2
1266 2
1267 1
1268 2
1269 1
1270 1
1271 1
1272 1
1273 2
1274 2
1275 1
1276 1
1277 2
1278 1
1279 0
1280 1
1281 1
1282 1
1283 1
1284 2
1285 0
1286 1
1287 1
1288 2
1289 1
1290 0
1291 2
1292 1
1293 1
1294 1
1295 0
1296 1
1297 2
1298 2
1299 1
1300 1
1301 2
1302 1
1303 1
1304 1
1305 1
1306 2
1307 1
1308 2
1309 2
1310 2
1311 2
1312 1
1313 1
1314 1
1315 1
1316 2
1317 1
1318 1
1319 1
1320 1
1321 1
1322 1
1323 1
1324 2
1325 1
1326 1
1327 1
1328 1
1329 2
1330 2
1331 1
1332 2
1333 1
1334 1
1335 1
1336 2
1337 1
1338 2
1339 0
1340 2
1341 1
1342 2
1343 1
1344 1
1345 1
1346 2
1347 2
1348 1
1349 1
1350 1
1351 0
1352 1
1353 1
1354 1
1355 1
1356 1
1357 1
1358 2
1359 2
1360 1
1361 0
1362 0
1363 2
1364 1
1365 2
1366 1
1367 1
1368 2
1369 1
1370 1
1371 2
1372 0
1373 1
1374 1
1375 2
1376 1
1377 2
1378 0
1379 1
1380 0
1381 1
1382 1
1383 0
1384 2
1385 1
1386 1
1387 0
1388 2
1389 1
1390 1
1391 2
1392 0
1393 1
1394 2
1395 1
1396 1
1397 1
1398 1
1399 2
1400 0
1401 2
1402 1
1403 0
1404 1
1405 1
1406 1
1407 2
1408 1
1409 1
1410 1
1411 1
1412 1
1413 1
1414 2
1415 1
1416 1
1417 1
1418 0
1419 2
1420 2
1421 0
1422 0
1423 2
1424 1
1425 2
1426 1
1427 1
1428 1
1429 1
1430 2
1431 2
1432 1
1433 1
1434 1
1435 1
1436 1
1437 2
1438 1
1439 2
1440 1
1441 2
1442 2
1443 1
1444 2
1445 2
1446 1
1447 2
1448 1
1449 2
1450 1
1451 0
1452 0
1453 1
1454 1
1455 1
1456 1
1457 1
1458 1
1459 1
1460 0
1461 0
1462 2
1463 1
1464 1
1465 1
1466 1
1467 2
1468 0
1469 1
1470 2
1471 1
1472 2
1473 1
1474 1
1475 1
1476 1
1477 2
1478 2
1479 1
1480 2
1481 1
1482 2
1483 2
1484 2
1485 1
1486 1
1487 1
1488 0
1489 1
1490 1
1491 1
1492 1
1493 1
1494 1
1495 0
1496 1
1497 1
1498 1
1499 1
1500 1
1501 2
1502 2
1503 1
1504 1
1505 2
1506 2
1507 2
1508 2
1509 2
1510 1
1511 2
1512 2
1513 1
1514 1
1515 1
1516 1
1517 2
1518 2
1519 2
1520 2
1521 1
1522 1
1523 2
1524 1
1525 2
1526 0
1527 1
1528 2
1529 1
1530 1
1531 1
1532 1
1533 0
1534 1
1535 1
1536 1
1537 1
1538 2
1539 2
1540 2
1541 1
1542 1
1543 1
1544 1
1545 2
1546 2
1547 2
1548 2
1549 1
1550 1
1551 1
1552 2
1553 1
1554 0
1555 1
1556 1
1557 1
1558 2
1559 1
1560 1
1561 1
1562 1
1563 2
1564 1
1565 1
1566 1
1567 1
1568 1
1569 1
1570 1
1571 1
1572 0
1573 1
1574 2
1575 2
1576 2
1577 2
1578 0
1579 0
1580 1
1581 2
1582 1
1583 3
1584 1
1585 1
1586 1
1587 1
1588 2
1589 1
1590 0
1591 1
1592 1
1593 1
1594 0
1595 1
1596 1
1597 1
1598 2
1599 1
1600 2
1601 1
1602 1
1603 2
1604 2
1605 2
1606 1
1607 2
1608 2
1609 2
1610 2
1611 2
1612 1
1613 1
1614 2
1615 1
1616 1
1617 2
1618 1
1619 2
1620 2
1621 2
1622 1
1623 1
1624 1
1625 2
1626 1
1627 1
1628 1
1629 2
1630 1
1631 1
1632 2
1633 1
1634 1
1635 1
1636 2
1637 1
1638 2
1639 0
1640 2
1641 1
1642 1
1643 1
1644 1
1645 1
1646 1
1647 2
1648 1
1649 1
1650 2
1651 1
1652 0
1653 0
1654 1
1655 2
1656 1
1657 1
1658 1
1659 2
1660 2
1661 1
1662 1
1663 1
1664 1
1665 2
1666 2
1667 1
1668 2
1669 2
1670 0
1671 1
1672 1
1673 2
1674 2
1675 1
1676 2
1677 1
1678 3
1679 1
1680 1
1681 1
1682 0
1683 1
1684 1
1685 1
1686 1
1687 1
1688 2
1689 2
1690 1
1691 2
1692 0
1693 0
1694 1
1695 2
1696 0
1697 1
1698 1
1699 2
1700 1
1701 1
1702 1
1703 1
1704 2
1705 1
1706 1
1707 2
1708 1
1709 1
1710 1
1711 2
1712 2
1713 2
1714 1
1715 2
1716 1
1717 1
1718 1
1719 1
1720 0
1721 1
1722 2
1723 1
1724 1
1725 1
1726 2
1727 1
1728 1
1729 2
1730 0
1731 1
1732 1
1733 0
1734 2
1735 1
1736 0
1737 1
1738 1
1739 1
1740 0
1741 2
1742 2
1743 2
1744 2
1745 1
1746 2
1747 3
1748 1
1749 1
1750 1
1751 1
1752 2
1753 2
1754 1
1755 1
1756 0
1757 1
1758 1
1759 1
1760 2
1761 2
1762 2
1763 1
1764 2
1765 2
1766 2
1767 1
1768 1
1769 1
1770 1
1771 2
1772 1
1773 2
1774 1
1775 2
1776 1
1777 1
1778 1
1779 0
1780 2
1781 1
1782 2
1783 0
1784 1
1785 2
1786 1
1787 2
1788 1
1789 2
1790 1
1791 1
1792 0
1793 1
1794 2
1795 1
1796 2
1797 1
1798 1
1799 2
1800 2
1801 2
1802 0
1803 1
1804 2
1805 0
1806 2
1807 2
1808 0
1809 0
1810 2
1811 0
1812 2
1813 2
1814 0
1815 2
1816 1
1817 2
1818 1
1819 0
1820 1
1821 2
1822 1
1823 1
1824 0
1825 1
1826 1
1827 2
1828 1
1829 1
1830 2
1831 1
1832 2
1833 0
1834 1
1835 1
1836 2
1837 2
1838 2
1839 0
1840 1
1841 1
1842 1
1843 2
1844 1
1845 2
1846 2
1847 1
1848 1
1849 1
1850 0
1851 1
1852 0
1853 1
1854 0
1855 2
1856 2
1857 1
1858 1
1859 1
1860 2
1861 1
1862 1
1863 2
1864 1
1865 1
1866 1
1867 1
1868 1
1869 2
1870 0
1871 1
1872 0
1873 0
1874 1
1875 1
1876 1
1877 1
1878 1
1879 1
1880 1
1881 1
1882 1
1883 2
1884 2
1885 1
1886 1
1887 1
1888 2
1889 0
1890 2
1891 2
1892 1
1893 1
1894 1
1895 1
1896 2
1897 2
1898 1
1899 1
1900 1
1901 2
1902 1
1903 2
1904 2
1905 1
1906 2
1907 2
1908 2
1909 1
1910 1
1911 0
1912 0
1913 2
1914 1
1915 2
1916 2
1917 2
1918 2
1919 2
1920 2
1921 2
1922 1
1923 1
1924 1
1925 0
1926 2
1927 1
1928 2
1929 1
1930 1
1931 2
1932 1
1933 1
1934 1
1935 1
1936 1
1937 1
1938 1
1939 1
1940 1
1941 2
1942 2
1943 1
1944 0
1945 1
1946 2
1947 0
1948 2
1949 1
1950 2
1951 2
1952 1
1953 2
1954 1
1955 1
1956 2
1957 2
1958 2
1959 2
1960 1
1961 1
1962 2
1963 1
1964 2
1965 0
1966 1
1967 1
1968 2
1969 1
1970 1
1971 2
1972 1
1973 2
1974 1
1975 2
1976 2
1977 2
1978 1
1979 1
1980 1
1981 1
1982 1
1983 2
1984 1
1985 2
1986 1
1987 1
1988 1
1989 1
1990 1
1991 0
1992 0
1993 1
1994 2
1995 1
1996 2
1997 1
1998 1
1999 1
