0 2
1 0
2 1
3 1
4 3
5 2
6 1
7 1
8 1
9 1
10 1
11 2
12 2
13 1
14 2
15 1
16 1
17 2
18 1
19 3
20 1
21 2
22 1
23 1
24 0
25 2
26 1
27 2
28 2
29 1
30 2
31 1
32 1
33 1
34 0
35 1
36 1
37 2
38 2
39 1
40 0
41 2
42 3
43 2
44 3
45 1
46 1
47 2
48 1
49 2
50 1
51 1
52 0
53 1
54 0
55 0
56 2
57 1
58 1
59 1
60 2
61 2
62 3
63 0
64 1
65 1
66 2
67 2
68 1
69 2
70 2
71 1
72 2
73 1
74 2
75 1
76 1
77 1
78 1
79 0
80 1
81 2
82 1
83 1
84 2
85 2
86 1
87 1
88 1
89 0
90 2
91 1
92 2
93 1
94 3
95 2
96 1
97 1
98 1
99 1
100 2
101 2
102 2
103 2
104 1
105 1
106 1
107 1
108 2
109 1
110 2
111 2
112 1
113 1
114 2
115 2
116 1
117 2
118 1
119 1
120 1
121 0
122 1
123 2
124 1
125 1
126 1
127 2
128 2
129 2
130 1
131 3
132 1
133 1
134 0
135 1
136 1
137 2
138 0
139 2
140 1
141 3
142 0
143 1
144 1
145 1
146 1
147 1
148 1
149 1
150 1
151 2
152 0
153 1
154 1
155 1
156 1
157 2
158 1
159 1
160 1
161 1
162 1
163 1
164 1
165 2
166 2
167 3
168 0
169 2
170 1
171 1
172 0
173 2
174 1
175 2
176 1
177 2
178 1
179 2
180 1
181 1
182 1
183 2
184 1
185 1
186 1
187 3
188 0
189 1
190 1
191 1
192 1
193 3
194 1
195 1
196 1
197 1
198 1
199 2
200 1
201 1
202 1
203 2
204 1
205 0
206 1
207 0
208 2
209 1
210 1
211 2
212 2
213 2
214 1
215 1
216 1
217 1
218 1
219 1
220 1
221 1
222 2
223 1
224 1
225 2
226 2
227 1
228 1
229 1
230 1
231 1
232 1
233 2
234 2
235 1
236 2
237 1
238 0
239 1
240 0
241 3
242 0
243 1
244 2
245 2
246 2
247 3
248 1
249 2
250 1
251 2
252 0
253 1
254 1
255 1
256 0
257 2
258 2
259 1
260 0
261 2
262 3
263 2
264 2
265 1
266 2
267 1
268 1
269 1
270 1
271 2
272 1
273 0
274 1
275 2
276 1
277 1
278 1
279 2
280 0
281 1
282 1
283 1
284 1
285 2
286 2
287 1
288 1
289 1
290 1
291 2
292 1
293 2
294 3
295 1
296 1
297 0
298 1
299 1
300 1
301 1
302 2
303 0
304 1
305 1
306 1
307 2
308 1
309 2
310 2
311 1
312 1
313 1
314 0
315 3
316 1
317 2
318 1
319 1
320 1
321 0
322 2
323 2
324 1
325 2
326 0
327 1
328 1
329 1
330 1
331 1
332 0
333 1
334 2
335 1
336 1
337 1
338 1
339 2
340 1
341 1
342 0
343 1
344 1
345 1
346 1
347 1
348 1
349 1
350 1
351 0
352 1
353 0
354 1
355 0
356 1
357 2
358 0
359 1
360 1
361 1
362 1
363 1
364 1
365 1
366 0
367 0
368 1
369 1
370 1
371 1
372 1
373 1
374 1
375 1
376 0
377 1
378 1
379 1
380 1
381 1
382 1
383 1
384 1
385 2
386 1
387 1
388 0
389 1
390 0
391 0
392 1
393 1
394 2
395 1
396 1
397 1
398 1
399 1
400 2
401 2
402 2
403 1
404 1
405 0
406 0
407 0
408 1
409 0
410 0
411 1
412 1
413 1
414 1
415 1
416 1
417 1
418 1
419 0
420 1
421 0
422 1
423 1
424 1
425 1
426 1
427 1
428 1
429 1
430 1
431 1
432 1
433 1
434 2
435 1
436 0
437 1
438 1
439 1
440 2
441 1
442 0
443 1
444 1
445 1
446 1
447 1
448 1
449 1
450 2
451 1
452 3
453 1
454 0
455 2
456 2
457 2
458 3
459 1
460 2
461 2
462 1
463 1
464 2
465 2
466 2
467 3
468 1
469 1
470 1
471 1
472 1
473 1
474 2
475 1
476 3
477 1
478 2
479 2
480 1
481 1
482 1
483 1
484 2
485 1
486 1
487 0
488 1
489 1
490 2
491 0
492 1
493 0
494 1
495 0
496 0
497 1
498 0
499 2
500 3
501 0
502 2
503 2
504 1
505 2
506 0
507 1
508 1
509 2
510 2
511 1
512 1
513 2
514 1
515 2
516 1
517 2
518 2
519 1
520 1
521 1
522 0
523 1
524 1
525 1
526 0
527 1
528 1
529 1
530 0
531 2
532 1
533 1
534 1
535 1
536 1
537 1
538 2
539 1
540 1
541 1
542 2
543 1
544 1
545 1
546 1
547 0
548 0
549 0
550 2
551 2
552 0
553 0
554 1
555 1
556 0
557 2
558 2
559 2
560 1
561 1
562 1
563 2
564 2
565 3
566 1
567 1
568 1
569 1
570 1
571 2
572 1
573 1
574 1
575 2
576 2
577 1
578 2
579 2
580 2
581 2
582 1
583 2
584 2
585 1
586 0
587 0
588 1
589 1
590 2
591 0
592 1
593 1
594 1
595 1
596 2
597 1
598 1
599 2
600 3
601 1
602 2
603 1
604 2
605 1
606 1
607 1
608 0
609 2
610 1
611 2
612 0
613 1
614 1
615 2
616 3
617 1
618 0
619 0
620 1
621 1
622 1
623 2
624 2
625 1
626 1
627 4
628 0
629 1
630 1
631 1
632 1
633 1
634 3
635 3
636 2
637 1
638 0
639 1
640 0
641 1
642 3
643 2
644 1
645 2
646 2
647 2
648 1
649 2
650 1
651 2
652 2
653 1
654 1
655 2
656 2
657 1
658 1
659 2
660 1
661 1
662 1
663 1
664 3
665 1
666 3
667 1
668 1
669 0
670 0
671 1
672 1
673 1
674 3
675 2
676 2
677 2
678 1
679 2
680 1
681 1
682 2
683 2
684 3
685 1
686 2
687 1
688 1
689 2
690 0
691 2
692 2
693 1
694 0
695 2
696 3
697 2
698 1
699 1
700 0
701 2
702 1
703 1
704 0
705 1
706 1
707 1
708 1
709 0
710 3
711 1
712 0
713 1
714 1
715 0
716 1
717 0
718 2
719 1
720 1
721 1
722 1
723 1
724 2
725 2
726 2
727 0
728 1
729 2
730 2
731 0
732 1
733 0
734 1
735 1
736 2
737 1
738 1
739 2
740 1
741 1
742 2
743 2
744 2
745 0
746 1
747 1
748 3
749 1
750 1
751 0
752 2
753 1
754 1
755 1
756 1
757 1
758 1
759 0
760 2
761 1
762 0
763 1
764 1
765 1
766 2
767 1
768 1
769 1
770 2
771 1
772 2
773 1
774 1
775 0
776 0
777 1
778 2
779 1
780 2
781 1
782 2
783 1
784 2
785 2
786 2
787 2
788 1
789 1
790 0
791 0
792 1
793 1
794 2
795 3
796 1
797 1
798 2
799 1
800 1
801 2
802 2
803 1
804 2
805 2
806 1
807 1
808 2
809 1
810 1
811 0
812 1
813 1
814 3
815 2
816 1
817 2
818 1
819 2
820 1
821 1
822 3
823 2
824 0
825 1
826 0
827 1
828 0
829 1
830 3
831 1
832 1
833 2
834 2
835 0
836 2
837 1
838 2
839 1
840 1
841 1
842 1
843 1
844 0
845 2
846 1
847 1
848 1
849 1
850 1
851 1
852 0
853 0
854 2
855 2
856 0
857 1
858 1
859 2
860 2
861 0
862 1
863 1
864 2
865 1
866 2
867 1
868 1
869 0
870 2
871 1
872 1
873 1
874 1
875 1
876 0
877 0
878 3
879 2
880 1
881 2
882 2
883 2
884 1
885 1
886 2
887 1
888 2
889 0
890 1
891 1
892 3
893 1
894 1
895 2
896 1
897 2
898 1
899 1
900 1
901 0
902 1
903 1
904 0
905 2
906 1
907 1
908 2
909 1
910 2
911 0
912 2
913 1
914 2
915 2
916 1
917 2
918 1
919 1
920 1
921 1
922 1
923 2
924 2
925 2
926 2
927 0
928 3
929 1
930 2
931 3
932 1
933 2
934 1
935 2
936 2
937 0
938 1
939 2
940 1
941 1
942 1
943 1
944 2
945 1
946 2
947 1
948 2
949 1
950 1
951 2
952 2
953 2
954 2
955 1
956 1
957 1
958 0
959 1
960 2
961 1
962 1
963 1
964 0
965 3
966 2
967 1
968 1
969 2
970 1
971 0
972 1
973 1
974 1
975 3
976 1
977 1
978 1
979 0
980 1
981 1
982 1
983 0
984 2
985 1
986 0
987 1
988 1
989 1
990 1
991 0
992 1
993 2
994 2
995 1
996 2
997 1
998 1
999 0
1000 1
1001 1
1002 2
1003 2
1004 1
1005 0
1006 0
1007 0
1008 2
1009 2
1010 1
1011 1
1012 1
1013 2
1014 2
1015 1
1016 3
1017 1
1018 1
1019 1
1020 1
1021 0
1022 0
1023 0
1024 1
1025 3
1026 0
1027 2
1028 1
1029 1
1030 2
1031 1
1032 2
1033 1
1034 1
1035 1
1036 2
1037 1
1038 1
1039 1
1040 1
1041 1
1042 2
1043 1
1044 1
1045 1
1046 0
1047 2
1048 2
1049 1
1050 1
1051 1
1052 1
1053 1
1054 1
1055 1
1056 3
1057 0
1058 0
1059 3
1060 2
1061 1
1062 1
1063 2
1064 1
1065 1
1066 1
1067 2
1068 2
1069 0
1070 1
1071 1
1072 1
1073 0
1074 0
1075 2
1076 1
1077 1
1078 1
1079 1
1080 0
1081 1
1082 2
1083 0
1084 1
1085 2
1086 0
1087 2
1088 0
1089 1
1090 0
1091 1
1092 0
1093 2
1094 1
1095 3
1096 0
1097 1
1098 0
1099 2
1100 0
1101 1
1102 1
1103 2
1104 1
1105 2
1106 1
1107 1
1108 1
1109 0
1110 0
1111 2
1112 1
1113 2
1114 1
1115 2
1116 1
1117 0
1118 2
1119 3
1120 1
1121 1
1122 1
1123 1
1124 2
1125 0
1126 2
1127 1
1128 0
1129 1
1130 2
1131 1
1132 2
1133 0
1134 3
1135 0
1136 1
1137 1
1138 1
1139 1
1140 1
1141 2
1142 1
1143 2
1144 1
1145 2
1146 1
1147 2
1148 2
1149 2
1150 1
1151 1
1152 1
1153 1
1154 1
1155 1
1156 1
1157 2
1158 2
1159 2
1160 0
1161 1
1162 1
1163 1
1164 4
1165 1
1166 1
1167 2
1168 2
1169 1
1170 0
1171 1
1172 1
1173 2
1174 1
1175 1
1176 1
1177 1
1178 0
1179 2
1180 1
1181 0
1182 2
1183 1
1184 0
1185 2
1186 2
1187 2
1188 2
1189 2
1190 1
1191 1
1192 1
1193 2
1194 1
1195 3
1196 1
1197 2
1198 2
1199 0
1200 1
1201 1
1202 1
1203 1
1204 1
1205 1
1206 1
1207 1
1208 3
1209 0
1210 2
1211 2
1212 1
1213 2
1214 2
1215 1
1216 3
1217 2
1218 2
1219 0
1220 1
1221 0
1222 3
1223 1
1224 1
1225 1
1226 2
1227 2
1228 1
1229 2
1230 2
1231 4
1232 2
1233 1
1234 0
1235 1
1236 2
1237 1
1238 1
1239 2
1240 0
1241 1
1242 1
1243 1
1244 2
1245 1
1246 0
1247 2
1248 1
1249 0
1250 0
1251 1
1252 1
1253 1
1254 1
1255 1
1256 1
1257 1
1258 3
1259 1
1260 1
1261 0
1262 1
1263 1
1264 2
1265 2
1266 2
1267 3
1268 1
1269 1
1270 2
1271 2
1272 1
1273 3
1274 1
1275 0
1276 1
1277 2
1278 1
1279 0
1280 0
1281 1
1282 1
1283 3
1284 1
1285 0
1286 2
1287 2
1288 1
1289 0
1290 2
1291 1
1292 1
1293 1
1294 1
1295 1
1296 1
1297 1
1298 0
1299 2
1300 1
1301 2
1302 2
1303 1
1304 1
1305 2
1306 0
1307 1
1308 1
1309 1
1310 1
1311 1
1312 2
1313 2
1314 1
1315 2
1316 0
1317 1
1318 0
1319 1
1320 1
1321 1
1322 0
1323 1
1324 2
1325 2
1326 2
1327 2
1328 1
1329 1
1330 2
1331 2
1332 2
1333 1
1334 2
1335 2
1336 2
1337 1
1338 2
1339 1
1340 1
1341 0
1342 0
1343 2
1344 3
1345 2
1346 1
1347 0
1348 2
1349 1
1350 1
1351 1
1352 0
1353 2
1354 2
1355 1
1356 1
1357 1
1358 2
1359 1
1360 1
1361 1
1362 3
1363 2
1364 1
1365 0
1366 2
1367 2
1368 2
1369 2
1370 1
1371 2
1372 0
1373 2
1374 1
1375 2
1376 2
1377 1
1378 2
1379 3
1380 1
1381 1
1382 1
1383 2
1384 1
1385 1
1386 1
1387 0
1388 0
1389 0
1390 1
1391 0
1392 1
1393 2
1394 2
1395 3
1396 3
1397 2
1398 1
1399 1
1400 0
1401 1
1402 1
1403 1
1404 0
1405 3
1406 1
1407 1
1408 1
1409 0
1410 2
1411 3
1412 1
1413 0
1414 2
1415 1
1416 1
1417 0
1418 2
1419 2
1420 0
1421 2
1422 2
1423 1
1424 0
1425 0
1426 2
1427 2
1428 0
1429 2
1430 1
1431 1
1432 1
1433 1
1434 3
1435 2
1436 2
1437 2
1438 1
1439 1
1440 0
1441 2
1442 1
1443 2
1444 1
1445 0
1446 1
1447 1
1448 1
1449 1
1450 0
1451 1
1452 4
1453 1
1454 2
1455 1
1456 1
1457 3
1458 1
1459 2
1460 2
1461 1
1462 1
1463 1
1464 1
1465 2
1466 2
1467 1
1468 0
1469 1
1470 0
1471 1
1472 2
1473 1
1474 2
1475 0
1476 1
1477 1
1478 1
1479 1
1480 1
1481 0
1482 3
1483 1
1484 2
1485 1
1486 1
1487 2
1488 1
1489 2
1490 1
1491 1
1492 1
1493 3
1494 0
1495 2
1496 1
1497 2
1498 1
1499 2
1500 2
1501 1
1502 1
1503 4
1504 1
1505 2
1506 1
1507 2
1508 1
1509 2
1510 1
1511 1
1512 2
1513 2
1514 3
1515 2
1516 2
1517 2
1518 1
1519 0
1520 1
1521 1
1522 0
1523 1
1524 1
1525 2
1526 1
1527 1
1528 1
1529 1
1530 2
1531 2
1532 1
1533 1
1534 3
1535 1
1536 2
1537 1
1538 2
1539 0
1540 2
1541 0
1542 3
1543 1
1544 1
1545 0
1546 2
1547 2
1548 2
1549 1
1550 2
1551 0
1552 1
1553 2
1554 2
1555 3
1556 1
1557 1
1558 1
1559 1
1560 1
1561 2
1562 1
1563 1
1564 1
1565 0
1566 2
1567 1
1568 1
1569 1
1570 1
1571 1
1572 0
1573 1
1574 1
1575 1
1576 2
1577 2
1578 1
1579 2
1580 1
1581 0
1582 2
1583 2
1584 0
1585 0
1586 2
1587 1
1588 2
1589 1
1590 1
1591 1
1592 0
1593 1
1594 2
1595 3
1596 3
1597 0
1598 2
1599 1
1600 1
1601 1
1602 1
1603 1
1604 2
1605 1
1606 2
1607 2
1608 0
1609 2
1610 1
1611 1
1612 2
1613 2
1614 1
1615 2
1616 1
1617 2
1618 1
1619 0
1620 3
1621 1
1622 0
1623 2
1624 1
1625 1
1626 1
1627 1
1628 2
1629 1
1630 0
1631 1
1632 1
1633 1
1634 1
1635 1
1636 1
1637 1
1638 1
1639 2
1640 2
1641 1
1642 1
1643 1
1644 1
1645 1
1646 2
1647 1
1648 2
1649 1
1650 0
1651 2
1652 2
1653 3
1654 3
1655 1
1656 0
1657 2
1658 2
1659 2
1660 1
1661 2
1662 2
1663 3
1664 1
1665 1
1666 1
1667 1
1668 0
1669 0
1670 2
1671 0
1672 0
1673 1
1674 1
1675 0
1676 2
1677 1
1678 1
1679 2
1680 0
1681 1
1682 1
1683 1
1684 1
1685 1
1686 1
1687 2
1688 0
1689 1
1690 1
1691 1
1692 0
1693 1
1694 2
1695 0
1696 0
1697 1
1698 0
1699 1
1700 2
1701 1
1702 1
1703 2
1704 2
1705 1
1706 3
1707 1
1708 2
1709 1
1710 1
1711 1
1712 1
1713 0
1714 1
1715 1
1716 2
1717 1
1718 0
1719 2
1720 1
1721 1
1722 2
1723 0
1724 3
1725 0
1726 2
1727 2
1728 0
1729 2
1730 2
1731 0
1732 1
1733 2
1734 2
1735 2
1736 1
1737 0
1738 1
1739 1
1740 1
1741 1
1742 0
1743 1
1744 1
1745 1
1746 1
1747 1
1748 1
1749 2
1750 0
1751 1
1752 3
1753 0
1754 1
1755 2
1756 1
1757 1
1758 2
1759 1
1760 1
1761 0
1762 1
1763 2
1764 2
1765 0
1766 3
1767 2
1768 1
1769 1
1770 1
1771 1
1772 2
1773 1
1774 0
1775 1
1776 2
1777 0
1778 0
1779 1
1780 3
1781 1
1782 0
1783 1
1784 1
1785 1
1786 1
1787 1
1788 1
1789 1
1790 1
1791 1
1792 1
1793 1
1794 1
1795 2
1796 2
1797 1
1798 1
1799 0
1800 1
1801 1
1802 2
1803 1
1804 1
1805 2
1806 1
1807 2
1808 0
1809 2
1810 1
1811 2
1812 1
1813 0
1814 0
1815 1
1816 1
1817 1
1818 2
1819 2
1820 1
1821 1
1822 0
1823 0
1824 2
1825 1
1826 1
1827 2
1828 2
1829 1
1830 0
1831 1
1832 1
1833 1
1834 3
1835 2
1836 2
1837 1
1838 1
1839 1
1840 2
1841 2
1842 2
1843 3
1844 2
1845 1
1846 0
1847 1
1848 1
1849 0
1850 1
1851 1
1852 2
1853 1
1854 0
1855 1
1856 1
1857 1
1858 2
1859 1
1860 2
1861 1
1862 3
1863 2
1864 3
1865 3
1866 3
1867 3
1868 2
1869 3
1870 0
1871 1
1872 1
1873 0
1874 0
1875 0
1876 0
1877 1
1878 0
1879 0
1880 1
1881 1
1882 1
1883 2
1884 1
1885 1
1886 1
1887 1
1888 1
1889 1
1890 1
1891 1
1892 1
1893 1
1894 1
1895 1
1896 1
1897 1
1898 1
1899 1
1900 1
1901 1
1902 2
1903 1
1904 1
1905 1
1906 1
1907 1
1908 1
1909 1
1910 1
1911 1
1912 1
1913 1
1914 1
1915 0
1916 0
1917 1
1918 1
1919 1
1920 1
1921 1
1922 1
1923 2
1924 1
1925 2
1926 1
1927 1
1928 1
1929 1
1930 1
1931 1
1932 0
1933 0
1934 2
1935 1
1936 1
1937 0
1938 1
1939 1
1940 1
1941 1
1942 1
1943 1
1944 2
1945 1
1946 1
1947 1
1948 1
1949 1
1950 0
1951 0
1952 1
1953 1
1954 1
1955 1
1956 1
1957 1
1958 1
1959 1
1960 1
1961 1
1962 1
1963 0
1964 1
1965 2
1966 1
1967 1
1968 1
1969 1
1970 1
1971 1
1972 1
1973 1
1974 1
1975 1
1976 1
1977 1
1978 1
1979 1
1980 1
1981 0
1982 0
1983 2
1984 1
1985 1
1986 1
1987 1
1988 1
1989 1
1990 2
1991 1
1992 1
1993 1
1994 2
1995 1
1996 0
1997 1
1998 0
1999 0
