0 1
1 2
2 2
3 1
4 1
5 1
6 0
7 0
8 1
9 1
10 1
11 1
12 0
13 2
14 2
15 2
16 2
17 1
18 1
19 1
20 1
21 1
22 0
23 1
24 1
25 2
26 1
27 0
28 1
29 2
30 2
31 1
32 1
33 1
34 1
35 2
36 2
37 2
38 0
39 1
40 1
41 2
42 2
43 3
44 1
45 2
46 3
47 2
48 2
49 2
50 1
51 1
52 1
53 1
54 1
55 2
56 2
57 2
58 2
59 2
60 2
61 2
62 2
63 2
64 0
65 0
66 1
67 2
68 1
69 1
70 2
71 1
72 1
73 1
74 1
75 1
76 1
77 1
78 2
79 2
80 3
81 0
82 1
83 2
84 1
85 2
86 1
87 1
88 2
89 1
90 2
91 1
92 1
93 2
94 1
95 1
96 2
97 1
98 2
99 1
100 2
101 3
102 1
103 1
104 1
105 1
106 2
107 2
108 1
109 1
110 1
111 1
112 2
113 2
114 1
115 2
116 1
117 0
118 1
119 1
120 2
121 2
122 2
123 1
124 2
125 1
126 1
127 1
128 2
129 1
130 1
131 1
132 2
133 2
134 1
135 1
136 2
137 1
138 2
139 1
140 2
141 2
142 2
143 3
144 2
145 2
146 2
147 2
148 2
149 2
150 2
151 1
152 2
153 2
154 2
155 2
156 2
157 1
158 2
159 1
160 3
161 2
162 1
163 0
164 2
165 1
166 1
167 3
168 1
169 2
170 2
171 2
172 1
173 1
174 2
175 1
176 1
177 2
178 1
179 3
180 2
181 1
182 2
183 1
184 1
185 1
186 2
187 2
188 2
189 2
190 1
191 2
192 1
193 2
194 2
195 1
196 2
197 2
198 1
199 2
200 1
201 1
202 1
203 1
204 2
205 2
206 2
207 2
208 2
209 2
210 1
211 2
212 1
213 1
214 2
215 2
216 2
217 2
218 1
219 2
220 2
221 1
222 1
223 2
224 2
225 2
226 1
227 1
228 1
229 2
230 2
231 1
232 1
233 2
234 2
235 1
236 2
237 2
238 2
239 1
240 2
241 2
242 2
243 1
244 2
245 2
246 1
247 2
248 1
249 2
250 1
251 2
252 2
253 1
254 3
255 2
256 1
257 2
258 1
259 2
260 2
261 1
262 1
263 1
264 1
265 2
266 1
267 1
268 1
269 1
270 2
271 1
272 1
273 3
274 2
275 1
276 2
277 2
278 1
279 2
280 2
281 1
282 2
283 1
284 1
285 2
286 1
287 2
288 2
289 2
290 2
291 1
292 2
293 1
294 1
295 2
296 2
297 2
298 2
299 2
300 2
301 2
302 2
303 1
304 2
305 2
306 2
307 2
308 2
309 2
310 1
311 2
312 0
313 1
314 1
315 2
316 2
317 1
318 3
319 1
320 2
321 3
322 2
323 0
324 2
325 2
326 0
327 2
328 1
329 1
330 2
331 2
332 2
333 2
334 1
335 2
336 2
337 2
338 2
339 1
340 2
341 1
342 1
343 2
344 2
345 2
346 0
347 2
348 2
349 1
350 2
351 2
352 2
353 1
354 2
355 2
356 2
357 1
358 1
359 2
360 3
361 1
362 2
363 2
364 1
365 0
366 2
367 2
368 1
369 2
370 2
371 1
372 1
373 2
374 2
375 2
376 2
377 3
378 2
379 2
380 2
381 1
382 2
383 3
384 2
385 1
386 1
387 1
388 2
389 2
390 1
391 3
392 1
393 1
394 1
395 2
396 1
397 2
398 1
399 1
400 2
401 0
402 1
403 2
404 2
405 2
406 2
407 2
408 2
409 2
410 2
411 1
412 3
413 2
414 2
415 2
416 2
417 1
418 1
419 2
420 2
421 1
422 1
423 2
424 2
425 1
426 1
427 2
428 3
429 2
430 1
431 1
432 2
433 1
434 1
435 2
436 2
437 2
438 1
439 2
440 1
441 2
442 2
443 1
444 2
445 2
446 2
447 1
448 2
449 2
450 2
451 2
452 2
453 2
454 2
455 2
456 2
457 2
458 2
459 2
460 2
461 1
462 2
463 2
464 2
465 2
466 2
467 2
468 1
469 2
470 2
471 2
472 2
473 1
474 2
475 2
476 2
477 2
478 2
479 2
480 2
481 2
482 2
483 1
484 2
485 2
486 1
487 2
488 2
489 2
490 2
491 2
492 2
493 2
494 2
495 2
496 1
497 2
498 2
499 2
500 2
501 1
502 1
503 2
504 2
505 2
506 0
507 2
508 2
509 1
510 2
511 1
512 2
513 2
514 1
515 1
516 1
517 2
518 2
519 2
520 2
521 2
522 2
523 2
524 2
525 2
526 2
527 1
528 1
529 2
530 1
531 2
532 2
533 2
534 2
535 2
536 2
537 2
538 2
539 2
540 2
541 2
542 2
543 1
544 2
545 2
546 2
547 2
548 2
549 2
550 1
551 2
552 2
553 2
554 1
555 2
556 2
557 2
558 2
559 2
560 2
561 3
562 1
563 2
564 2
565 2
566 2
567 2
568 1
569 2
570 2
571 2
572 2
573 2
574 2
575 2
576 2
577 2
578 2
579 2
580 1
581 2
582 1
583 2
584 1
585 1
586 2
587 1
588 2
589 2
590 2
591 2
592 2
593 2
594 2
595 2
596 2
597 2
598 1
599 2
600 2
601 2
602 2
603 1
604 2
605 2
606 2
607 2
608 2
609 2
610 1
611 2
612 2
613 2
614 2
615 2
616 2
617 1
618 2
619 2
620 2
621 2
622 2
623 1
624 2
625 1
626 2
627 2
628 2
629 2
630 1
631 2
632 2
633 2
634 2
635 1
636 2
637 2
638 2
639 2
640 2
641 2
642 2
643 2
644 1
645 2
646 2
647 2
648 1
649 2
650 2
651 2
652 2
653 1
654 2
655 2
656 1
657 2
658 2
659 2
660 2
661 2
662 2
663 2
664 2
665 2
666 1
667 2
668 2
669 2
670 2
671 2
672 2
673 2
674 2
675 2
676 2
677 1
678 1
679 2
680 2
681 2
682 2
683 1
684 2
685 2
686 1
687 2
688 2
689 1
690 1
691 2
692 2
693 2
694 2
695 2
696 2
697 2
698 2
699 2
700 2
701 2
702 2
703 2
704 3
705 2
706 1
707 1
708 2
709 2
710 1
711 2
712 2
713 2
714 2
715 2
716 2
717 2
718 2
719 1
720 2
721 1
722 2
723 1
724 2
725 2
726 2
727 2
728 2
729 1
730 2
731 2
732 3
733 2
734 2
735 2
736 2
737 1
738 2
739 2
740 2
741 2
742 2
743 2
744 1
745 2
746 1
747 2
748 2
749 1
750 2
751 2
752 2
753 2
754 2
755 0
756 2
757 1
758 2
759 2
760 2
761 1
762 3
763 1
764 2
765 2
766 2
767 2
768 2
769 2
770 2
771 2
772 1
773 2
774 2
775 2
776 2
777 1
778 3
779 1
780 2
781 2
782 2
783 2
784 2
785 1
786 1
787 1
788 2
789 2
790 2
791 2
792 2
793 1
794 2
795 1
796 2
797 2
798 2
799 2
800 2
801 1
802 1
803 2
804 1
805 2
806 1
807 1
808 2
809 1
810 1
811 2
812 3
813 2
814 2
815 1
816 2
817 2
818 1
819 2
820 3
821 1
822 2
823 1
824 1
825 1
826 1
827 1
828 2
829 2
830 1
831 2
832 2
833 1
834 1
835 2
836 2
837 1
838 2
839 1
840 2
841 1
842 1
843 2
844 2
845 2
846 2
847 1
848 0
849 1
850 2
851 3
852 2
853 1
854 2
855 2
856 2
857 2
858 2
859 1
860 2
861 2
862 2
863 2
864 0
865 2
866 2
867 1
868 2
869 1
870 1
871 2
872 0
873 2
874 1
875 2
876 3
877 2
878 2
879 1
880 2
881 1
882 2
883 2
884 2
885 1
886 2
887 1
888 2
889 2
890 2
891 2
892 2
893 3
894 1
895 2
896 2
897 1
898 2
899 1
900 1
901 2
902 2
903 1
904 2
905 2
906 2
907 2
908 2
909 2
910 2
911 2
912 2
913 3
914 2
915 1
916 2
917 1
918 2
919 1
920 2
921 3
922 2
923 1
924 2
925 2
926 2
927 3
928 2
929 1
930 2
931 2
932 2
933 2
934 3
935 2
936 2
937 2
938 2
939 2
940 2
941 2
942 3
943 2
944 2
945 2
946 1
947 2
948 2
949 2
950 2
951 1
952 1
953 1
954 1
955 2
956 1
957 2
958 1
959 1
960 2
961 3
962 1
963 2
964 2
965 1
966 2
967 2
968 2
969 2
970 2
971 2
972 2
973 1
974 2
975 1
976 2
977 2
978 2
979 2
980 1
981 2
982 2
983 3
984 1
985 2
986 2
987 1
988 1
989 2
990 2
991 2
992 2
993 2
994 2
995 2
996 2
997 3
998 1
999 2
1000 1
1001 1
1002 2
1003 2
1004 2
1005 0
1006 3
1007 2
1008 2
1009 2
1010 1
1011 2
1012 2
1013 1
1014 2
1015 2
1016 1
1017 2
1018 2
1019 1
1020 2
1021 2
1022 2
1023 1
1024 2
1025 2
1026 2
1027 2
1028 2
1029 2
1030 1
1031 1
1032 1
1033 2
1034 2
1035 2
1036 2
1037 2
1038 1
1039 2
1040 3
1041 2
1042 2
1043 2
1044 2
1045 2
1046 2
1047 2
1048 1
1049 2
1050 2
1051 2
1052 2
1053 2
1054 1
1055 2
1056 2
1057 2
1058 2
1059 1
1060 2
1061 2
1062 2
1063 2
1064 2
1065 2
1066 2
1067 1
1068 2
1069 2
1070 1
1071 2
1072 2
1073 2
1074 1
1075 2
1076 2
1077 2
1078 1
1079 1
1080 3
1081 2
1082 2
1083 2
1084 1
1085 1
1086 2
1087 2
1088 1
1089 2
1090 2
1091 1
1092 2
1093 1
1094 2
1095 2
1096 2
1097 1
1098 2
1099 2
1100 3
1101 2
1102 2
1103 1
1104 1
1105 1
1106 2
1107 2
1108 2
1109 2
1110 2
1111 2
1112 2
1113 1
1114 2
1115 1
1116 1
1117 2
1118 1
1119 1
1120 1
1121 1
1122 1
1123 2
1124 1
1125 2
1126 2
1127 2
1128 1
1129 1
1130 2
1131 1
1132 1
1133 2
1134 2
1135 2
1136 2
1137 1
1138 2
1139 1
1140 2
1141 2
1142 2
1143 2
1144 2
1145 2
1146 2
1147 2
1148 2
1149 1
1150 2
1151 2
1152 1
1153 2
1154 1
1155 1
1156 1
1157 1
1158 2
1159 2
1160 1
1161 2
1162 2
1163 2
1164 2
1165 2
1166 2
1167 2
1168 2
1169 1
1170 2
1171 1
1172 2
1173 2
1174 2
1175 1
1176 2
1177 2
1178 2
1179 1
1180 2
1181 2
1182 2
1183 2
1184 2
1185 2
1186 2
1187 1
1188 3
1189 1
1190 2
1191 2
1192 2
1193 2
1194 1
1195 2
1196 1
1197 2
1198 2
1199 1
1200 1
1201 2
1202 2
1203 1
1204 1
1205 1
1206 2
1207 2
1208 2
1209 2
1210 2
1211 2
1212 2
1213 2
1214 1
1215 2
1216 2
1217 2
1218 2
1219 2
1220 1
1221 2
1222 1
1223 2
1224 2
1225 2
1226 2
1227 2
1228 1
1229 1
1230 1
1231 1
1232 2
1233 2
1234 3
1235 2
1236 1
1237 2
1238 1
1239 2
1240 2
1241 2
1242 2
1243 2
1244 2
1245 2
1246 2
1247 1
1248 1
1249 1
1250 2
1251 1
1252 1
1253 1
1254 2
1255 2
1256 2
1257 2
1258 2
1259 2
1260 1
1261 2
1262 1
1263 2
1264 1
1265 1
1266 2
1267 2
1268 1
1269 3
1270 0
1271 1
1272 2
1273 2
1274 1
1275 2
1276 1
1277 2
1278 2
1279 2
1280 2
1281 2
1282 2
1283 1
1284 2
1285 2
1286 2
1287 1
1288 1
1289 1
1290 1
1291 2
1292 2
1293 1
1294 1
1295 1
1296 1
1297 1
1298 2
1299 1
1300 1
1301 1
1302 2
1303 1
1304 2
1305 2
1306 2
1307 2
1308 2
1309 1
1310 2
1311 2
1312 1
1313 1
1314 2
1315 2
1316 2
1317 2
1318 3
1319 2
1320 1
1321 2
1322 2
1323 1
1324 2
1325 1
1326 1
1327 1
1328 1
1329 1
1330 2
1331 2
1332 1
1333 2
1334 2
1335 1
1336 2
1337 1
1338 1
1339 2
1340 1
1341 2
1342 1
1343 2
1344 1
1345 1
1346 1
1347 1
1348 1
1349 1
1350 2
1351 2
1352 1
1353 1
1354 1
1355 2
1356 1
1357 2
1358 1
1359 1
1360 2
1361 1
1362 2
1363 1
1364 1
1365 2
1366 2
1367 2
1368 2
1369 2
1370 2
1371 1
1372 2
1373 1
1374 2
1375 1
1376 1
1377 2
1378 2
1379 2
1380 2
1381 2
1382 2
1383 2
1384 2
1385 1
1386 2
1387 1
1388 2
1389 2
1390 1
1391 2
1392 0
1393 1
1394 1
1395 1
1396 1
1397 1
1398 0
1399 2
1400 2
1401 2
1402 1
1403 1
1404 1
1405 2
1406 2
1407 2
1408 1
1409 2
1410 1
1411 1
1412 0
1413 1
1414 0
1415 2
1416 1
1417 2
1418 2
1419 2
1420 2
1421 1
1422 2
1423 2
1424 2
1425 3
1426 1
1427 1
1428 1
1429 1
1430 1
1431 2
1432 1
1433 1
1434 2
1435 1
1436 1
1437 3
1438 1
1439 2
1440 2
1441 1
1442 1
1443 2
1444 1
1445 1
1446 1
1447 2
1448 1
1449 1
1450 2
1451 2
1452 2
1453 1
1454 2
1455 2
1456 2
1457 3
1458 1
1459 1
1460 2
1461 1
1462 1
1463 1
1464 2
1465 2
1466 1
1467 2
1468 2
1469 2
1470 2
1471 1
1472 2
1473 2
1474 1
1475 2
1476 1
1477 2
1478 2
1479 2
1480 2
1481 1
1482 3
1483 2
1484 2
1485 2
1486 2
1487 0
1488 2
1489 2
1490 1
1491 1
1492 2
1493 1
1494 2
1495 1
1496 2
1497 2
1498 2
1499 2
1500 1
1501 2
1502 2
1503 1
1504 2
1505 1
1506 1
1507 2
1508 2
1509 1
1510 2
1511 1
1512 2
1513 2
1514 1
1515 1
1516 2
1517 3
1518 2
1519 2
1520 2
1521 2
1522 2
1523 2
1524 2
1525 2
1526 2
1527 2
1528 2
1529 1
1530 2
1531 1
1532 3
1533 3
1534 2
1535 2
1536 3
1537 1
1538 1
1539 2
1540 2
1541 1
1542 2
1543 2
1544 2
1545 2
1546 2
1547 2
1548 2
1549 1
1550 1
1551 1
1552 1
1553 2
1554 2
1555 2
1556 2
1557 1
1558 2
1559 2
1560 1
1561 2
1562 1
1563 3
1564 2
1565 2
1566 2
1567 1
1568 2
1569 2
1570 2
1571 2
1572 2
1573 2
1574 1
1575 2
1576 1
1577 1
1578 1
1579 2
1580 2
1581 1
1582 2
1583 2
1584 2
1585 2
1586 2
1587 2
1588 2
1589 2
1590 1
1591 2
1592 2
1593 2
1594 2
1595 2
1596 2
1597 2
1598 1
1599 2
1600 2
1601 2
1602 1
1603 2
1604 2
1605 2
1606 2
1607 1
1608 2
1609 2
1610 1
1611 2
1612 2
1613 2
1614 2
1615 1
1616 1
1617 2
1618 1
1619 2
1620 2
1621 2
1622 2
1623 2
1624 2
1625 2
1626 1
1627 2
1628 2
1629 2
1630 2
1631 2
1632 2
1633 2
1634 2
1635 2
1636 2
1637 2
1638 1
1639 2
1640 1
1641 1
1642 2
1643 2
1644 1
1645 1
1646 1
1647 2
1648 1
1649 2
1650 2
1651 2
1652 1
1653 1
1654 2
1655 2
1656 2
1657 1
1658 1
1659 1
1660 2
1661 2
1662 2
1663 1
1664 0
1665 2
1666 2
1667 2
1668 2
1669 2
1670 1
1671 2
1672 2
1673 1
1674 1
1675 2
1676 2
1677 2
1678 1
1679 2
1680 2
1681 1
1682 1
1683 2
1684 2
1685 2
1686 1
1687 2
1688 2
1689 2
1690 2
1691 2
1692 1
1693 2
1694 2
1695 2
1696 2
1697 2
1698 2
1699 2
1700 3
1701 1
1702 2
1703 3
1704 2
1705 2
1706 2
1707 1
1708 1
1709 1
1710 1
1711 1
1712 2
1713 2
1714 2
1715 1
1716 2
1717 2
1718 1
1719 1
1720 2
1721 1
1722 2
1723 2
1724 1
1725 3
1726 2
1727 2
1728 1
1729 2
1730 2
1731 2
1732 1
1733 2
1734 2
1735 2
1736 2
1737 2
1738 1
1739 2
1740 1
1741 3
1742 2
1743 2
1744 1
1745 1
1746 1
1747 1
1748 2
1749 1
1750 1
1751 2
1752 2
1753 1
1754 2
1755 2
1756 1
1757 2
1758 1
1759 1
1760 2
1761 2
1762 1
1763 1
1764 2
1765 2
1766 2
1767 2
1768 2
1769 2
1770 3
1771 2
1772 1
1773 2
1774 2
1775 2
1776 1
1777 1
1778 1
1779 1
1780 1
1781 1
1782 2
1783 2
1784 2
1785 2
1786 2
1787 1
1788 2
1789 3
1790 1
1791 2
1792 2
1793 3
1794 2
1795 2
1796 1
1797 2
1798 2
1799 2
1800 3
1801 1
1802 2
1803 1
1804 2
1805 2
1806 1
1807 1
1808 2
1809 2
1810 1
1811 2
1812 1
1813 2
1814 2
1815 1
1816 2
1817 1
1818 2
1819 2
1820 1
1821 2
1822 2
1823 2
1824 2
1825 2
1826 2
1827 2
1828 1
1829 1
1830 2
1831 1
1832 2
1833 1
1834 1
1835 1
1836 1
1837 1
1838 2
1839 3
1840 1
1841 1
1842 1
1843 1
1844 1
1845 1
1846 2
1847 1
1848 1
1849 1
1850 1
1851 0
1852 1
1853 1
1854 2
1855 1
1856 1
1857 2
1858 1
1859 3
1860 2
1861 1
1862 1
1863 1
1864 2
1865 2
1866 2
1867 2
1868 2
1869 2
1870 3
1871 1
1872 2
1873 3
1874 2
1875 2
1876 2
1877 2
1878 3
1879 2
1880 4
1881 1
1882 1
1883 2
1884 1
1885 1
1886 0
1887 2
1888 1
1889 1
1890 2
1891 2
1892 1
1893 1
1894 1
1895 1
1896 1
1897 2
1898 1
1899 1
1900 1
1901 1
1902 1
1903 1
1904 1
1905 1
1906 1
1907 1
1908 1
1909 1
1910 1
1911 1
1912 2
1913 1
1914 1
1915 1
1916 0
1917 1
1918 1
1919 1
1920 1
1921 1
1922 1
1923 1
1924 0
1925 1
1926 1
1927 1
1928 1
1929 0
1930 2
1931 1
1932 3
1933 2
1934 1
1935 1
1936 1
1937 3
1938 1
1939 1
1940 1
1941 1
1942 0
1943 1
1944 3
1945 1
1946 2
1947 1
1948 1
1949 1
1950 1
1951 1
1952 1
1953 1
1954 3
1955 1
1956 1
1957 1
1958 1
1959 1
1960 0
1961 1
1962 1
1963 1
1964 0
1965 1
1966 0
1967 1
1968 1
1969 1
1970 1
1971 0
1972 1
1973 1
1974 1
1975 1
1976 1
1977 1
1978 1
1979 2
1980 1
1981 1
1982 1
1983 1
1984 0
1985 1
1986 0
1987 1
1988 0
1989 1
1990 1
1991 1
1992 2
1993 2
1994 2
1995 2
1996 1
1997 2
1998 2
1999 2
