0 1
1 2
2 0
3 1
4 3
5 0
6 1
7 0
8 1
9 1
10 2
11 1
12 1
13 2
14 2
15 1
16 2
17 2
18 1
19 1
20 0
21 1
22 2
23 1
24 1
25 0
26 1
27 1
28 1
29 0
30 1
31 1
32 1
33 1
34 1
35 2
36 2
37 1
38 1
39 1
40 1
41 0
42 1
43 0
44 2
45 1
46 0
47 0
48 0
49 2
50 2
51 1
52 1
53 1
54 2
55 1
56 1
57 2
58 1
59 0
60 0
61 0
62 1
63 1
64 1
65 1
66 1
67 1
68 1
69 1
70 1
71 0
72 2
73 0
74 0
75 0
76 0
77 0
78 1
79 0
80 1
81 1
82 1
83 0
84 0
85 1
86 1
87 1
88 1
89 3
90 1
91 1
92 2
93 2
94 0
95 1
96 3
97 1
98 1
99 2
100 0
101 1
102 0
103 0
104 0
105 1
106 1
107 0
108 0
109 1
110 2
111 2
112 1
113 0
114 1
115 1
116 0
117 2
118 1
119 1
120 1
121 0
122 0
123 1
124 3
125 0
126 1
127 3
128 1
129 1
130 2
131 1
132 2
133 0
134 3
135 3
136 3
137 0
138 0
139 1
140 1
141 1
142 1
143 1
144 1
145 2
146 1
147 2
148 2
149 1
150 1
151 2
152 1
153 1
154 2
155 2
156 1
157 2
158 1
159 2
160 1
161 4
162 4
163 4
164 4
165 4
166 1
167 2
168 3
169 1
170 3
171 0
172 1
173 1
174 1
175 1
176 1
177 1
178 1
179 1
180 1
181 1
182 0
183 2
184 1
185 1
186 0
187 1
188 1
189 2
190 0
191 0
192 1
193 1
194 1
195 0
196 1
197 1
198 1
199 1
200 1
201 2
202 0
203 1
204 1
205 1
206 0
207 0
208 0
209 2
210 0
211 2
212 1
213 3
214 2
215 3
216 3
217 1
218 3
219 1
220 2
221 2
222 1
223 0
224 2
225 2
226 2
227 2
228 2
229 2
230 1
231 2
232 1
233 2
234 1
235 1
236 1
237 3
238 0
239 2
240 1
241 0
242 1
243 1
244 2
245 1
246 1
247 0
248 1
249 0
250 1
251 1
252 1
253 1
254 3
255 1
256 1
257 2
258 2
259 2
260 2
261 0
262 0
263 2
264 3
265 2
266 2
267 0
268 2
269 2
270 2
271 2
272 2
273 2
274 1
275 2
276 1
277 1
278 3
279 2
280 2
281 2
282 3
283 2
284 1
285 2
286 2
287 2
288 3
289 3
290 2
291 1
292 4
293 2
294 1
295 4
296 1
297 3
298 2
299 3
300 4
301 3
302 3
303 3
304 3
305 3
306 3
307 4
308 3
309 4
310 3
311 2
312 3
313 5
314 3
315 0
316 3
317 2
318 3
319 1
320 2
321 1
322 2
323 1
324 1
325 2
326 2
327 2
328 1
329 2
330 2
331 2
332 2
333 1
334 1
335 1
336 2
337 2
338 1
339 1
340 1
341 1
342 2
343 2
344 1
345 1
346 2
347 1
348 1
349 1
350 1
351 2
352 1
353 1
354 1
355 1
356 2
357 1
358 0
359 1
360 2
361 2
362 2
363 1
364 2
365 1
366 1
367 3
368 2
369 2
370 2
371 1
372 2
373 3
374 1
375 3
376 2
377 2
378 2
379 2
380 3
381 2
382 3
383 1
384 2
385 3
386 2
387 2
388 1
389 1
390 2
391 2
392 2
393 3
394 2
395 2
396 2
397 2
398 2
399 1
400 2
401 2
402 1
403 1
404 0
405 2
406 1
407 2
408 3
409 1
410 2
411 3
412 2
413 2
414 2
415 1
416 2
417 3
418 3
419 2
420 3
421 2
422 2
423 2
424 1
425 2
426 1
427 4
428 4
429 3
430 4
431 3
432 3
433 2
434 0
435 2
436 2
437 2
438 1
439 1
440 2
441 2
442 1
443 1
444 1
445 2
446 2
447 2
448 1
449 2
450 2
451 2
452 4
453 2
454 2
455 1
456 2
457 2
458 2
459 3
460 2
461 1
462 2
463 2
464 3
465 1
466 1
467 1
468 5
469 4
470 4
471 1
472 1
473 4
474 3
475 5
476 4
477 4
478 4
479 3
480 3
481 4
482 3
483 2
484 3
485 3
486 2
487 5
488 5
489 5
490 3
491 3
492 1
493 2
494 1
495 2
496 1
497 3
498 2
499 1
500 3
501 3
502 4
503 3
504 0
505 4
506 2
507 4
508 4
509 3
510 4
511 5
512 4
513 3
514 3
515 2
516 4
517 2
518 3
519 3
520 5
521 5
522 3
523 2
524 3
525 2
526 3
527 2
528 4
529 3
530 3
531 4
532 4
533 3
534 3
535 1
536 5
537 3
538 4
539 2
540 3
541 2
542 2
543 1
544 4
545 2
546 5
547 3
548 4
549 4
550 2
551 4
552 2
553 2
554 2
555 0
556 2
557 3
558 2
559 1
560 2
561 2
562 2
563 2
564 1
565 1
566 4
567 3
568 0
569 2
570 3
571 2
572 3
573 2
574 2
575 2
576 2
577 2
578 1
579 0
580 3
581 2
582 4
583 1
584 1
585 1
586 2
587 2
588 2
589 3
590 1
591 3
592 1
593 2
594 2
595 2
596 1
597 2
598 2
599 0
600 2
601 2
602 2
603 3
604 1
605 5
606 2
607 3
608 3
609 2
610 4
611 3
612 2
613 2
614 3
615 3
616 4
617 4
618 3
619 2
620 1
621 3
622 3
623 5
624 3
625 5
626 4
627 5
628 2
629 2
630 4
631 2
632 1
633 1
634 4
635 2
636 2
637 2
638 3
639 0
640 4
641 3
642 1
643 3
644 1
645 2
646 4
647 3
648 3
649 2
650 3
651 2
652 2
653 2
654 1
655 1
656 2
657 3
658 2
659 5
660 2
661 3
662 4
663 3
664 4
665 2
666 2
667 4
668 3
669 3
670 3
671 3
672 4
673 2
674 4
675 5
676 3
677 3
678 2
679 2
680 3
681 4
682 4
683 1
684 4
685 3
686 3
687 3
688 3
689 3
690 4
691 2
692 4
693 4
694 4
695 0
696 2
697 2
698 3
699 2
700 1
701 1
702 2
703 2
704 5
705 3
706 3
707 3
708 4
709 3
710 1
711 2
712 5
713 3
714 3
715 3
716 3
717 3
718 2
719 2
720 4
721 4
722 3
723 4
724 3
725 3
726 4
727 4
728 4
729 3
730 3
731 4
732 4
733 2
734 4
735 4
736 2
737 4
738 3
739 3
740 2
741 2
742 3
743 4
744 3
745 3
746 4
747 3
748 3
749 3
750 4
751 3
752 4
753 5
754 4
755 4
756 2
757 4
758 3
759 2
760 2
761 3
762 3
763 3
764 3
765 3
766 4
767 3
768 3
769 4
770 3
771 5
772 4
773 2
774 2
775 1
776 5
777 2
778 4
779 2
780 2
781 4
782 4
783 5
784 4
785 4
786 4
787 3
788 3
789 3
790 4
791 3
792 4
793 3
794 3
795 5
796 5
797 3
798 4
799 2
800 3
801 3
802 3
803 5
804 5
805 3
806 2
807 1
808 2
809 1
810 2
811 2
812 2
813 2
814 1
815 3
816 3
817 3
818 2
819 2
820 4
821 2
822 1
823 2
824 2
825 1
826 3
827 4
828 3
829 4
830 4
831 3
832 5
833 3
834 4
835 3
836 2
837 3
838 3
839 3
840 4
841 3
842 6
843 3
844 4
845 3
846 3
847 4
848 3
849 3
850 3
851 4
852 4
853 3
854 3
855 3
856 3
857 3
858 3
859 4
860 4
861 4
862 3
863 4
864 2
865 4
866 4
867 3
868 3
869 2
870 4
871 2
872 4
873 4
874 2
875 4
876 3
877 4
878 4
879 3
880 3
881 2
882 3
883 3
884 4
885 3
886 3
887 2
888 3
889 1
890 5
891 3
892 3
893 2
894 3
895 3
896 2
897 4
898 3
899 3
900 4
901 3
902 3
903 3
904 3
905 4
906 3
907 4
908 4
909 1
910 5
911 3
912 3
913 4
914 2
915 1
916 3
917 3
918 4
919 3
920 5
921 5
922 4
923 3
924 5
925 5
926 4
927 3
928 2
929 4
930 3
931 4
932 2
933 3
934 4
935 2
936 2
937 3
938 1
939 3
940 3
941 2
942 4
943 4
944 5
945 4
946 4
947 2
948 3
949 4
950 4
951 2
952 4
953 1
954 4
955 1
956 2
957 2
958 1
959 5
960 3
961 3
962 3
963 2
964 3
965 4
966 3
967 5
968 5
969 4
970 3
971 3
972 3
973 3
974 3
975 4
976 3
977 3
978 3
979 4
980 2
981 3
982 3
983 2
984 4
985 5
986 5
987 5
988 3
989 4
990 3
991 3
992 3
993 3
994 2
995 1
996 3
997 4
998 3
999 3
1000 3
1001 4
1002 5
1003 3
1004 1
1005 2
1006 2
1007 2
1008 4
1009 4
1010 4
1011 3
1012 3
1013 4
1014 2
1015 4
1016 4
1017 4
1018 5
1019 3
1020 4
1021 3
1022 5
1023 4
1024 4
1025 5
1026 1
1027 4
1028 2
1029 3
1030 3
1031 2
1032 1
1033 2
1034 3
1035 3
1036 4
1037 5
1038 2
1039 4
1040 4
1041 4
1042 4
1043 4
1044 3
1045 3
1046 4
1047 4
1048 4
1049 4
1050 3
1051 3
1052 4
1053 4
1054 2
1055 3
1056 4
1057 2
1058 4
1059 3
1060 3
1061 3
1062 3
1063 5
1064 4
1065 2
1066 4
1067 4
1068 3
1069 4
1070 4
1071 3
1072 5
1073 2
1074 4
1075 4
1076 3
1077 3
1078 3
1079 4
1080 5
1081 3
1082 4
1083 4
1084 3
1085 3
1086 3
1087 4
1088 3
1089 4
1090 3
1091 2
1092 4
1093 4
1094 1
1095 4
1096 4
1097 1
1098 1
1099 2
1100 1
1101 2
1102 3
1103 3
1104 2
1105 3
1106 4
1107 5
1108 4
1109 4
1110 3
1111 2
1112 4
1113 3
1114 4
1115 4
1116 1
1117 2
1118 4
1119 4
1120 4
1121 4
1122 4
1123 4
1124 3
1125 4
1126 4
1127 3
1128 4
1129 1
1130 4
1131 3
1132 3
1133 3
1134 4
1135 2
1136 3
1137 3
1138 2
1139 3
1140 2
1141 2
1142 4
1143 4
1144 3
1145 3
1146 3
1147 3
1148 2
1149 4
1150 4
1151 3
1152 4
1153 3
1154 4
1155 3
1156 4
1157 3
1158 3
1159 4
1160 3
1161 5
1162 4
1163 3
1164 3
1165 4
1166 4
1167 4
1168 1
1169 3
1170 3
1171 3
1172 4
1173 3
1174 4
1175 3
1176 2
1177 4
1178 3
1179 3
1180 4
1181 4
1182 4
1183 2
1184 2
1185 4
1186 5
1187 4
1188 2
1189 3
1190 3
1191 3
1192 2
1193 3
1194 4
1195 1
1196 3
1197 2
1198 3
1199 2
1200 3
1201 2
1202 2
1203 4
1204 2
1205 3
1206 4
1207 3
1208 4
1209 3
1210 4
1211 4
1212 3
1213 3
1214 3
1215 2
1216 2
1217 5
1218 5
1219 4
1220 2
1221 3
1222 3
1223 4
1224 5
1225 2
1226 5
1227 4
1228 3
1229 5
1230 4
1231 4
1232 3
1233 3
1234 6
1235 3
1236 3
1237 4
1238 2
1239 2
1240 4
1241 4
1242 4
1243 5
1244 4
1245 3
1246 2
1247 3
1248 4
1249 3
1250 3
1251 3
1252 3
1253 3
1254 3
1255 4
1256 1
1257 4
1258 4
1259 4
1260 3
1261 3
1262 3
1263 2
1264 1
1265 2
1266 3
1267 2
1268 4
1269 3
1270 2
1271 4
1272 3
1273 1
1274 4
1275 3
1276 2
1277 3
1278 2
1279 3
1280 4
1281 3
1282 4
1283 4
1284 3
1285 3
1286 1
1287 5
1288 2
1289 4
1290 4
1291 4
1292 4
1293 4
1294 4
1295 3
1296 3
1297 2
1298 4
1299 3
1300 3
1301 2
1302 4
1303 5
1304 3
1305 3
1306 3
1307 2
1308 2
1309 5
1310 1
1311 1
1312 2
1313 4
1314 2
1315 3
1316 2
1317 3
1318 2
1319 5
1320 4
1321 4
1322 4
1323 3
1324 1
1325 3
1326 2
1327 3
1328 0
1329 1
1330 2
1331 2
1332 2
1333 2
1334 1
1335 2
1336 1
1337 2
1338 1
1339 0
1340 1
1341 1
1342 3
1343 1
1344 1
1345 2
1346 1
1347 3
1348 3
1349 3
1350 3
1351 2
1352 1
1353 2
1354 2
1355 2
1356 1
1357 1
1358 3
1359 2
1360 2
1361 1
1362 1
1363 2
1364 2
1365 1
1366 2
1367 4
1368 3
1369 2
1370 1
1371 4
1372 1
1373 1
1374 1
1375 2
1376 4
1377 3
1378 2
1379 1
1380 1
1381 1
1382 1
1383 2
1384 1
1385 1
1386 1
1387 2
1388 1
1389 2
1390 2
1391 5
1392 4
1393 4
1394 1
1395 2
1396 4
1397 4
1398 3
1399 1
1400 2
1401 2
1402 3
1403 4
1404 3
1405 3
1406 4
1407 2
1408 2
1409 5
1410 3
1411 3
1412 2
1413 2
1414 1
1415 2
1416 4
1417 3
1418 5
1419 2
1420 3
1421 4
1422 5
1423 3
1424 3
1425 3
1426 4
1427 3
1428 4
1429 5
1430 4
1431 3
1432 2
1433 2
1434 3
1435 2
1436 4
1437 5
1438 5
1439 2
1440 1
1441 2
1442 2
1443 2
1444 4
1445 3
1446 4
1447 3
1448 3
1449 3
1450 4
1451 4
1452 2
1453 4
1454 3
1455 3
1456 1
1457 3
1458 0
1459 3
1460 3
1461 2
1462 3
1463 4
1464 4
1465 3
1466 3
1467 4
1468 3
1469 4
1470 5
1471 4
1472 2
1473 2
1474 4
1475 2
1476 3
1477 2
1478 3
1479 4
1480 4
1481 4
1482 4
1483 3
1484 3
1485 2
1486 5
1487 4
1488 2
1489 1
1490 2
1491 4
1492 4
1493 3
1494 3
1495 3
1496 3
1497 1
1498 5
1499 5
1500 0
1501 2
1502 4
1503 3
1504 2
1505 4
1506 4
1507 4
1508 4
1509 3
1510 4
1511 2
1512 2
1513 2
1514 2
1515 2
1516 2
1517 2
1518 3
1519 3
1520 0
1521 1
1522 2
1523 3
1524 2
1525 4
1526 5
1527 4
1528 3
1529 4
1530 1
1531 3
1532 3
1533 1
1534 1
1535 2
1536 1
1537 0
1538 0
1539 1
1540 1
1541 1
1542 0
1543 1
1544 1
1545 1
1546 0
1547 0
1548 1
1549 1
1550 2
1551 4
1552 4
1553 3
1554 3
1555 4
1556 3
1557 0
1558 3
1559 4
1560 3
1561 3
1562 2
1563 4
1564 2
1565 3
1566 5
1567 4
1568 3
1569 4
1570 4
1571 3
1572 3
1573 4
1574 2
1575 2
1576 5
1577 3
1578 4
1579 4
1580 4
1581 5
1582 4
1583 4
1584 3
1585 3
1586 3
1587 3
1588 2
1589 5
1590 4
1591 3
1592 4
1593 3
1594 3
1595 2
1596 2
1597 3
1598 4
1599 4
1600 3
1601 3
1602 3
1603 2
1604 4
1605 2
1606 3
1607 4
1608 2
1609 4
1610 3
1611 5
1612 1
1613 4
1614 2
1615 3
1616 3
1617 1
1618 4
1619 4
1620 3
1621 3
1622 3
1623 3
1624 3
1625 3
1626 3
1627 3
1628 3
1629 3
1630 2
1631 3
1632 3
1633 5
1634 3
1635 4
1636 5
1637 4
1638 4
1639 3
1640 3
1641 3
1642 3
1643 2
1644 3
1645 2
1646 3
1647 3
1648 1
1649 4
1650 3
1651 2
1652 4
1653 4
1654 4
1655 4
1656 1
1657 4
1658 2
1659 3
1660 2
1661 2
1662 4
1663 3
1664 2
1665 2
1666 3
1667 3
1668 2
1669 2
1670 3
1671 1
1672 4
1673 3
1674 4
1675 3
1676 4
1677 4
1678 2
1679 3
1680 3
1681 4
1682 3
1683 4
1684 4
1685 4
1686 5
1687 1
1688 3
1689 2
1690 4
1691 2
1692 1
1693 4
1694 2
1695 2
1696 4
1697 2
1698 0
1699 4
1700 1
1701 4
1702 3
1703 5
1704 5
1705 0
1706 2
1707 3
1708 1
1709 1
1710 2
1711 4
1712 3
1713 2
1714 3
1715 3
1716 3
1717 4
1718 4
1719 3
1720 3
1721 4
1722 4
1723 3
1724 3
1725 5
1726 4
1727 3
1728 5
1729 2
1730 1
1731 2
1732 4
1733 3
1734 4
1735 2
1736 4
1737 4
1738 4
1739 4
1740 3
1741 4
1742 3
1743 3
1744 2
1745 2
1746 3
1747 4
1748 4
1749 3
1750 4
1751 4
1752 4
1753 4
1754 4
1755 4
1756 2
1757 3
1758 4
1759 4
1760 5
1761 3
1762 2
1763 1
1764 1
1765 2
1766 3
1767 1
1768 2
1769 4
1770 2
1771 3
1772 3
1773 0
1774 3
1775 2
1776 2
1777 4
1778 2
1779 5
1780 3
1781 5
1782 3
1783 3
1784 3
1785 2
1786 3
1787 5
1788 3
1789 5
1790 2
1791 3
1792 5
1793 4
1794 3
1795 2
1796 3
1797 4
1798 2
1799 4
1800 3
1801 3
1802 4
1803 2
1804 1
1805 2
1806 2
1807 4
1808 3
1809 2
1810 3
1811 2
1812 5
1813 2
1814 3
1815 3
1816 2
1817 2
1818 5
1819 3
1820 3
1821 1
1822 3
1823 4
1824 4
1825 2
1826 2
1827 4
1828 2
1829 5
1830 3
1831 1
1832 2
1833 2
1834 2
1835 3
1836 3
1837 3
1838 3
1839 4
1840 2
1841 4
1842 2
1843 3
1844 1
1845 4
1846 4
1847 3
1848 3
1849 2
1850 2
1851 3
1852 1
1853 3
1854 4
1855 2
1856 2
1857 1
1858 2
1859 3
1860 2
1861 1
1862 2
1863 1
1864 1
1865 1
1866 2
1867 1
1868 2
1869 2
1870 3
1871 2
1872 1
1873 1
1874 2
1875 1
1876 2
1877 3
1878 2
1879 3
1880 2
1881 3
1882 3
1883 3
1884 2
1885 3
1886 1
1887 2
1888 1
1889 2
1890 2
1891 1
1892 2
1893 1
1894 1
1895 3
1896 0
1897 2
1898 3
1899 2
1900 3
1901 2
1902 3
1903 2
1904 2
1905 2
1906 2
1907 0
1908 2
1909 2
1910 2
1911 2
1912 2
1913 3
1914 3
1915 1
1916 3
1917 2
1918 3
1919 5
1920 2
1921 2
1922 2
1923 3
1924 1
1925 2
1926 0
1927 3
1928 1
1929 1
1930 2
1931 4
1932 2
1933 1
1934 3
1935 2
1936 3
1937 2
1938 1
1939 3
1940 1
1941 2
1942 1
1943 3
1944 2
1945 4
1946 2
1947 3
1948 2
1949 3
1950 2
1951 3
1952 3
1953 2
1954 1
1955 2
1956 2
1957 3
1958 2
1959 3
1960 3
1961 2
1962 4
1963 2
1964 2
1965 1
1966 3
1967 2
1968 1
1969 2
1970 1
1971 5
1972 4
1973 4
1974 2
1975 1
1976 1
1977 2
1978 3
1979 3
1980 3
1981 3
1982 2
1983 3
1984 0
1985 3
1986 2
1987 2
1988 3
1989 3
1990 3
1991 3
1992 3
1993 2
1994 2
1995 1
1996 2
1997 1
1998 2
1999 3
