0 0
1 0
2 0
3 0
4 0
5 0
6 0
7 0
8 0
9 0
10 0
11 0
12 0
13 0
14 0
15 0
16 0
17 0
18 0
19 0
20 0
21 0
22 0
23 0
24 0
25 0
26 0
27 0
28 0
29 0
30 0
31 0
32 0
33 0
34 0
35 1
36 2
37 1
38 1
39 0
40 1
41 1
42 2
43 1
44 1
45 0
46 1
47 1
48 1
49 1
50 0
51 0
52 0
53 0
54 0
55 1
56 1
57 1
58 1
59 1
60 2
61 1
62 2
63 1
64 1
65 1
66 1
67 1
68 0
69 1
70 1
71 0
72 1
73 0
74 0
75 1
76 2
77 0
78 0
79 0
80 0
81 1
82 0
83 1
84 0
85 1
86 0
87 0
88 0
89 0
90 1
91 0
92 1
93 0
94 0
95 0
96 0
97 0
98 2
99 0
100 0
101 0
102 0
103 1
104 1
105 1
106 0
107 0
108 1
109 1
110 2
111 1
112 1
113 1
114 2
115 1
116 1
117 0
118 0
119 1
120 1
121 0
122 0
123 0
124 0
125 1
126 1
127 1
128 0
129 2
130 0
131 1
132 1
133 1
134 1
135 2
136 0
137 1
138 1
139 1
140 1
141 1
142 0
143 1
144 1
145 1
146 1
147 0
148 1
149 1
150 2
151 1
152 1
153 0
154 0
155 1
156 1
157 1
158 1
159 1
160 0
161 1
162 1
163 0
164 0
165 1
166 0
167 1
168 0
169 1
170 1
171 1
172 1
173 1
174 1
175 1
176 1
177 3
178 2
179 2
180 1
181 2
182 1
183 1
184 1
185 1
186 0
187 1
188 1
189 1
190 1
191 1
192 0
193 0
194 0
195 0
196 1
197 1
198 2
199 1
200 1
201 2
202 1
203 1
204 1
205 0
206 1
207 0
208 0
209 2
210 1
211 1
212 1
213 1
214 1
215 1
216 1
217 1
218 1
219 1
220 0
221 1
222 1
223 1
224 0
225 1
226 1
227 1
228 1
229 0
230 1
231 0
232 0
233 0
234 0
235 0
236 0
237 0
238 0
239 0
240 0
241 0
242 0
243 0
244 0
245 0
246 0
247 0
248 0
249 0
250 0
251 0
252 0
253 0
254 0
255 0
256 0
257 0
258 0
259 0
260 0
261 0
262 0
263 0
264 0
265 0
266 0
267 0
268 0
269 0
270 0
271 0
272 0
273 0
274 0
275 0
276 0
277 0
278 0
279 0
280 0
281 0
282 0
283 0
284 0
285 0
286 0
287 0
288 0
289 0
290 0
291 0
292 0
293 0
294 0
295 0
296 0
297 0
298 0
299 0
300 0
301 0
302 0
303 0
304 0
305 0
306 0
307 0
308 0
309 0
310 0
311 0
312 0
313 0
314 0
315 0
316 0
317 0
318 0
319 0
320 0
321 0
322 0
323 0
324 0
325 0
326 0
327 0
328 0
329 0
330 0
331 0
332 0
333 0
334 0
335 0
336 0
337 0
338 0
339 0
340 0
341 0
342 0
343 0
344 0
345 0
346 0
347 0
348 0
349 0
350 0
351 0
352 0
353 0
354 0
355 0
356 0
357 0
358 0
359 0
360 0
361 0
362 0
363 0
364 0
365 0
366 0
367 0
368 0
369 0
370 0
371 0
372 0
373 0
374 0
375 0
376 0
377 0
378 0
379 0
380 0
381 0
382 0
383 0
384 0
385 0
386 0
387 0
388 0
389 0
390 0
391 0
392 0
393 0
394 0
395 0
396 0
397 0
398 0
399 0
400 0
401 0
402 0
403 0
404 0
405 0
406 0
407 0
408 0
409 0
410 0
411 0
412 0
413 0
414 0
415 0
416 0
417 1
418 2
419 1
420 2
421 2
422 2
423 2
424 2
425 2
426 1
427 2
428 1
429 2
430 2
431 1
432 1
433 2
434 1
435 1
436 2
437 1
438 2
439 2
440 1
441 2
442 2
443 2
444 2
445 1
446 1
447 0
448 1
449 0
450 3
451 2
452 1
453 3
454 2
455 2
456 2
457 1
458 0
459 3
460 1
461 2
462 1
463 3
464 2
465 2
466 0
467 0
468 0
469 0
470 0
471 0
472 0
473 1
474 1
475 1
476 2
477 2
478 2
479 2
480 1
481 2
482 1
483 2
484 2
485 2
486 3
487 2
488 3
489 2
490 1
491 2
492 2
493 3
494 2
495 3
496 2
497 2
498 2
499 2
500 3
501 2
502 2
503 2
504 2
505 2
506 2
507 3
508 2
509 0
510 1
511 1
512 2
513 2
514 3
515 1
516 2
517 2
518 2
519 2
520 3
521 2
522 1
523 2
524 2
525 2
526 2
527 3
528 2
529 2
530 4
531 2
532 1
533 2
534 3
535 2
536 2
537 2
538 2
539 3
540 1
541 2
542 2
543 2
544 1
545 3
546 1
547 2
548 2
549 2
550 2
551 2
552 1
553 2
554 2
555 3
556 1
557 2
558 3
559 1
560 2
561 2
562 1
563 2
564 2
565 2
566 2
567 1
568 2
569 2
570 1
571 2
572 2
573 1
574 2
575 3
576 2
577 2
578 1
579 2
580 1
581 1
582 2
583 2
584 2
585 2
586 2
587 2
588 2
589 2
590 2
591 3
592 2
593 2
594 1
595 2
596 2
597 3
598 2
599 2
600 2
601 2
602 2
603 3
604 2
605 2
606 2
607 2
608 2
609 3
610 1
611 3
612 2
613 2
614 3
615 2
616 1
617 2
618 0
619 0
620 0
621 0
622 2
623 1
624 2
625 2
626 1
627 2
628 1
629 2
630 2
631 1
632 2
633 2
634 1
635 1
636 2
637 2
638 2
639 1
640 2
641 1
642 2
643 2
644 2
645 2
646 2
647 2
648 2
649 3
650 2
651 2
652 2
653 2
654 1
655 2
656 2
657 1
658 2
659 2
660 3
661 2
662 2
663 2
664 2
665 2
666 2
667 2
668 2
669 2
670 2
671 2
672 2
673 2
674 2
675 2
676 1
677 1
678 2
679 2
680 1
681 2
682 2
683 2
684 1
685 2
686 2
687 2
688 2
689 3
690 2
691 2
692 1
693 2
694 3
695 2
696 1
697 2
698 2
699 0
700 1
701 2
702 3
703 2
704 1
705 2
706 1
707 1
708 2
709 2
710 1
711 2
712 2
713 2
714 3
715 2
716 1
717 2
718 2
719 2
720 2
721 1
722 2
723 3
724 2
725 2
726 2
727 2
728 1
729 3
730 2
731 1
732 1
733 2
734 2
735 2
736 1
737 2
738 1
739 2
740 1
741 2
742 2
743 1
744 1
745 3
746 1
747 2
748 2
749 2
750 2
751 2
752 0
753 2
754 2
755 1
756 2
757 2
758 2
759 2
760 1
761 2
762 2
763 2
764 2
765 1
766 2
767 1
768 2
769 0
770 2
771 2
772 2
773 2
774 2
775 1
776 2
777 2
778 2
779 1
780 2
781 1
782 1
783 1
784 2
785 1
786 2
787 2
788 3
789 2
790 2
791 3
792 2
793 2
794 1
795 2
796 3
797 1
798 2
799 2
800 2
801 2
802 1
803 1
804 2
805 2
806 1
807 2
808 3
809 2
810 2
811 1
812 1
813 2
814 2
815 3
816 1
817 1
818 0
819 1
820 2
821 2
822 1
823 1
824 1
825 0
826 1
827 1
828 2
829 1
830 1
831 1
832 1
833 1
834 1
835 1
836 1
837 1
838 1
839 1
840 1
841 1
842 1
843 2
844 2
845 1
846 1
847 1
848 2
849 2
850 1
851 1
852 1
853 1
854 1
855 1
856 2
857 1
858 2
859 2
860 0
861 0
862 1
863 1
864 2
865 2
866 3
867 2
868 2
869 2
870 2
871 3
872 2
873 2
874 1
875 3
876 1
877 2
878 1
879 3
880 1
881 3
882 2
883 1
884 2
885 2
886 3
887 2
888 2
889 1
890 2
891 2
892 2
893 2
894 1
895 2
896 2
897 2
898 1
899 3
900 0
901 3
902 0
903 2
904 3
905 3
906 2
907 2
908 1
909 3
910 2
911 2
912 1
913 1
914 1
915 1
916 1
917 2
918 3
919 1
920 2
921 1
922 1
923 2
924 2
925 0
926 2
927 2
928 2
929 2
930 1
931 2
932 2
933 2
934 1
935 2
936 0
937 3
938 2
939 1
940 1
941 1
942 2
943 1
944 2
945 2
946 1
947 2
948 0
949 2
950 2
951 2
952 2
953 1
954 2
955 1
956 2
957 1
958 1
959 2
960 1
961 0
962 1
963 1
964 1
965 1
966 2
967 0
968 2
969 2
970 1
971 3
972 2
973 2
974 2
975 1
976 2
977 2
978 2
979 2
980 2
981 1
982 1
983 1
984 1
985 1
986 2
987 1
988 2
989 1
990 1
991 1
992 1
993 1
994 1
995 1
996 0
997 1
998 3
999 1
1000 1
1001 1
1002 1
1003 0
1004 2
1005 3
1006 2
1007 1
1008 1
1009 1
1010 1
1011 1
1012 1
1013 1
1014 1
1015 1
1016 2
1017 1
1018 2
1019 2
1020 1
1021 2
1022 2
1023 1
1024 1
1025 0
1026 0
1027 2
1028 2
1029 1
1030 1
1031 1
1032 2
1033 2
1034 0
1035 1
1036 2
1037 2
1038 3
1039 1
1040 2
1041 1
1042 2
1043 1
1044 2
1045 2
1046 1
1047 0
1048 0
1049 2
1050 2
1051 1
1052 1
1053 2
1054 1
1055 2
1056 2
1057 0
1058 3
1059 1
1060 2
1061 1
1062 2
1063 2
1064 3
1065 3
1066 0
1067 0
1068 1
1069 0
1070 0
1071 0
1072 0
1073 0
1074 0
1075 0
1076 0
1077 0
1078 0
1079 0
1080 0
1081 0
1082 0
1083 0
1084 0
1085 0
1086 0
1087 0
1088 0
1089 0
1090 1
1091 0
1092 0
1093 0
1094 0
1095 0
1096 0
1097 0
1098 0
1099 0
1100 0
1101 0
1102 1
1103 2
1104 1
1105 0
1106 0
1107 1
1108 1
1109 0
1110 1
1111 1
1112 1
1113 1
1114 0
1115 1
1116 2
1117 0
1118 0
1119 2
1120 0
1121 0
1122 1
1123 2
1124 0
1125 1
1126 1
1127 2
1128 2
1129 3
1130 2
1131 3
1132 2
1133 2
1134 2
1135 2
1136 1
1137 0
1138 2
1139 2
1140 2
1141 2
1142 2
1143 2
1144 0
1145 1
1146 0
1147 1
1148 2
1149 3
1150 2
1151 1
1152 2
1153 2
1154 2
1155 2
1156 2
1157 1
1158 2
1159 2
1160 2
1161 2
1162 1
1163 1
1164 1
1165 2
1166 1
1167 3
1168 1
1169 1
1170 0
1171 1
1172 1
1173 1
1174 2
1175 0
1176 1
1177 3
1178 2
1179 3
1180 2
1181 1
1182 2
1183 0
1184 1
1185 1
1186 1
1187 2
1188 2
1189 1
1190 1
1191 2
1192 2
1193 1
1194 0
1195 0
1196 1
1197 2
1198 1
1199 1
1200 2
1201 2
1202 2
1203 2
1204 2
1205 2
1206 2
1207 2
1208 2
1209 1
1210 2
1211 3
1212 2
1213 2
1214 0
1215 2
1216 2
1217 1
1218 1
1219 2
1220 2
1221 2
1222 3
1223 1
1224 1
1225 1
1226 3
1227 2
1228 2
1229 1
1230 3
1231 2
1232 3
1233 1
1234 3
1235 1
1236 2
1237 1
1238 2
1239 1
1240 0
1241 2
1242 2
1243 2
1244 2
1245 2
1246 1
1247 2
1248 2
1249 1
1250 1
1251 2
1252 2
1253 2
1254 1
1255 2
1256 2
1257 3
1258 3
1259 3
1260 2
1261 2
1262 2
1263 3
1264 1
1265 1
1266 3
1267 2
1268 1
1269 2
1270 2
1271 3
1272 2
1273 1
1274 2
1275 1
1276 2
1277 2
1278 3
1279 2
1280 1
1281 2
1282 2
1283 2
1284 1
1285 1
1286 2
1287 2
1288 3
1289 2
1290 2
1291 2
1292 2
1293 2
1294 2
1295 2
1296 3
1297 3
1298 2
1299 3
1300 2
1301 2
1302 2
1303 2
1304 3
1305 2
1306 2
1307 2
1308 2
1309 0
1310 2
1311 2
1312 2
1313 1
1314 2
1315 2
1316 2
1317 2
1318 2
1319 2
1320 2
1321 2
1322 2
1323 1
1324 0
1325 0
1326 2
1327 1
1328 1
1329 2
1330 1
1331 1
1332 0
1333 1
1334 1
1335 1
1336 1
1337 1
1338 2
1339 1
1340 3
1341 1
1342 2
1343 1
1344 1
1345 2
1346 2
1347 2
1348 2
1349 2
1350 1
1351 2
1352 2
1353 2
1354 3
1355 3
1356 1
1357 1
1358 3
1359 2
1360 2
1361 2
1362 3
1363 2
1364 2
1365 3
1366 2
1367 2
1368 2
1369 2
1370 2
1371 2
1372 1
1373 2
1374 2
1375 2
1376 1
1377 2
1378 2
1379 2
1380 1
1381 2
1382 1
1383 2
1384 2
1385 2
1386 2
1387 1
1388 2
1389 2
1390 2
1391 1
1392 1
1393 1
1394 2
1395 1
1396 3
1397 2
1398 3
1399 1
1400 3
1401 1
1402 1
1403 1
1404 2
1405 2
1406 2
1407 2
1408 2
1409 1
1410 1
1411 2
1412 2
1413 3
1414 3
1415 3
1416 3
1417 3
1418 2
1419 2
1420 2
1421 2
1422 1
1423 1
1424 2
1425 1
1426 2
1427 1
1428 3
1429 2
1430 2
1431 2
1432 3
1433 0
1434 2
1435 2
1436 1
1437 3
1438 0
1439 0
1440 2
1441 3
1442 0
1443 2
1444 1
1445 1
1446 3
1447 1
1448 2
1449 2
1450 2
1451 0
1452 0
1453 0
1454 2
1455 2
1456 2
1457 1
1458 2
1459 2
1460 1
1461 3
1462 2
1463 2
1464 1
1465 0
1466 2
1467 2
1468 1
1469 1
1470 4
1471 1
1472 1
1473 1
1474 2
1475 2
1476 2
1477 2
1478 2
1479 2
1480 1
1481 2
1482 1
1483 2
1484 2
1485 1
1486 3
1487 2
1488 2
1489 2
1490 2
1491 2
1492 2
1493 2
1494 1
1495 1
1496 4
1497 2
1498 2
1499 2
1500 1
1501 2
1502 2
1503 1
1504 2
1505 2
1506 1
1507 1
1508 2
1509 2
1510 1
1511 3
1512 2
1513 2
1514 2
1515 2
1516 2
1517 2
1518 2
1519 2
1520 3
1521 2
1522 2
1523 2
1524 2
1525 2
1526 1
1527 1
1528 3
1529 2
1530 1
1531 2
1532 2
1533 2
1534 2
1535 2
1536 2
1537 2
1538 1
1539 2
1540 3
1541 1
1542 0
1543 1
1544 2
1545 1
1546 1
1547 1
1548 1
1549 2
1550 1
1551 2
1552 2
1553 1
1554 2
1555 1
1556 1
1557 2
1558 3
1559 2
1560 1
1561 0
1562 1
1563 0
1564 0
1565 0
1566 1
1567 0
1568 0
1569 0
1570 1
1571 0
1572 1
1573 0
1574 0
1575 1
1576 2
1577 1
1578 2
1579 1
1580 1
1581 2
1582 2
1583 1
1584 1
1585 1
1586 1
1587 1
1588 1
1589 1
1590 1
1591 1
1592 1
1593 1
1594 1
1595 1
1596 1
1597 1
1598 1
1599 1
1600 2
1601 1
1602 1
1603 1
1604 4
1605 1
1606 1
1607 1
1608 2
1609 3
1610 2
1611 1
1612 1
1613 1
1614 1
1615 0
1616 2
1617 2
1618 2
1619 2
1620 4
1621 1
1622 1
1623 0
1624 1
1625 1
1626 0
1627 1
1628 1
1629 2
1630 0
1631 0
1632 0
1633 2
1634 2
1635 1
1636 2
1637 2
1638 1
1639 1
1640 1
1641 1
1642 1
1643 1
1644 2
1645 1
1646 0
1647 1
1648 1
1649 1
1650 2
1651 1
1652 1
1653 2
1654 1
1655 1
1656 1
1657 2
1658 1
1659 2
1660 2
1661 1
1662 2
1663 2
1664 2
1665 1
1666 2
1667 2
1668 1
1669 2
1670 2
1671 1
1672 0
1673 1
1674 1
1675 0
1676 0
1677 0
1678 0
1679 1
1680 1
1681 1
1682 0
1683 0
1684 1
1685 1
1686 0
1687 1
1688 0
1689 1
1690 1
1691 1
1692 1
1693 0
1694 1
1695 1
1696 1
1697 2
1698 1
1699 2
1700 0
1701 2
1702 1
1703 0
1704 0
1705 1
1706 0
1707 2
1708 3
1709 2
1710 2
1711 2
1712 1
1713 2
1714 3
1715 2
1716 2
1717 2
1718 1
1719 2
1720 2
1721 3
1722 2
1723 3
1724 2
1725 2
1726 2
1727 3
1728 1
1729 2
1730 3
1731 1
1732 2
1733 2
1734 1
1735 1
1736 2
1737 2
1738 3
1739 1
1740 2
1741 2
1742 2
1743 1
1744 2
1745 3
1746 2
1747 1
1748 2
1749 2
1750 2
1751 3
1752 1
1753 2
1754 2
1755 1
1756 2
1757 1
1758 1
1759 2
1760 2
1761 2
1762 2
1763 3
1764 1
1765 3
1766 3
1767 2
1768 3
1769 3
1770 2
1771 2
1772 2
1773 2
1774 2
1775 2
1776 2
1777 2
1778 1
1779 2
1780 3
1781 2
1782 3
1783 2
1784 2
1785 2
1786 2
1787 1
1788 2
1789 2
1790 1
1791 2
1792 3
1793 2
1794 1
1795 1
1796 2
1797 3
1798 3
1799 3
1800 1
1801 2
1802 2
1803 2
1804 2
1805 2
1806 3
1807 2
1808 2
1809 2
1810 2
1811 3
1812 3
1813 2
1814 2
1815 2
1816 2
1817 2
1818 3
1819 2
1820 2
1821 1
1822 2
1823 2
1824 3
1825 1
1826 3
1827 3
1828 2
1829 2
1830 0
1831 3
1832 1
1833 0
1834 0
1835 1
1836 2
1837 2
1838 2
1839 2
1840 2
1841 2
1842 1
1843 0
1844 0
1845 1
1846 2
1847 3
1848 3
1849 1
1850 2
1851 1
1852 2
1853 0
1854 2
1855 3
1856 3
1857 2
1858 2
1859 3
1860 2
1861 2
1862 1
1863 3
1864 4
1865 2
1866 3
1867 1
1868 2
1869 2
1870 2
1871 2
1872 2
1873 1
1874 1
1875 3
1876 1
1877 2
1878 4
1879 2
1880 2
1881 2
1882 2
1883 0
1884 2
1885 2
1886 1
1887 1
1888 2
1889 1
1890 1
1891 1
1892 2
1893 1
1894 1
1895 0
1896 2
1897 2
1898 1
1899 2
1900 1
1901 1
1902 1
1903 1
1904 1
1905 2
1906 1
1907 0
1908 1
1909 1
1910 2
1911 2
1912 2
1913 3
1914 2
1915 2
1916 4
1917 2
1918 2
1919 2
1920 2
1921 1
1922 2
1923 1
1924 2
1925 1
1926 2
1927 2
1928 1
1929 3
1930 2
1931 1
1932 2
1933 2
1934 2
1935 2
1936 1
1937 1
1938 2
1939 2
1940 1
1941 1
1942 2
1943 2
1944 1
1945 2
1946 2
1947 1
1948 2
1949 2
1950 3
1951 3
1952 2
1953 2
1954 2
1955 2
1956 2
1957 2
1958 2
1959 3
1960 2
1961 2
1962 1
1963 2
1964 2
1965 3
1966 2
1967 1
1968 2
1969 3
1970 1
1971 2
1972 3
1973 1
1974 2
1975 2
1976 2
1977 2
1978 2
1979 2
1980 2
1981 2
1982 3
1983 2
1984 2
1985 3
1986 1
1987 1
1988 1
1989 2
1990 1
1991 2
1992 2
1993 2
1994 2
1995 1
1996 3
1997 2
1998 2
1999 3
